wildfire/work/fuelmodels/1747/aspect.asc
ncols        417
nrows        333
xllcorner    186660.000000000000
yllcorner    465170.000000000000
cellsize     5.000000000000
NODATA_value   -999
[rows 228 to 246 of 333, columns 168 to 209 of 417]
273.916656494140625 105.52555084228515625 145.303802490234375 227.1210174560546875 133.6359710693359375 122.22092437744140625 104.03617095947265625 117.05713653564453125 149.4693756103515625 133.8870391845703125 111.8786163330078125 95.70928192138671875 183.0130767822265625 153.4342498779296875 182.4196014404296875 176.423431396484375 166.7589569091796875 134.9996795654296875 286.927093505859375 290.28228759765625 281.65924072265625 279.5823974609375 340.344207763671875 17.950366973876953125 62.7012481689453125 88.87709808349609375 92.203704833984375 161.5559234619140625 90.00107574462890625 90.97176361083984375 138.18017578125 185.906951904296875 120.32344818115234375 105.422210693359375 73.70543670654296875 72.2692718505859375 66.30560302734375 47.453807830810546875 66.20871734619140625 100.84050750732421875 184.9693603515625 173.8406829833984375
291.3695068359375 115.09612274169921875 154.4391326904296875 211.6081390380859375 123.2315826416015625 133.1521453857421875 133.007537841796875 119.70654296875 135.8183135986328125 129.0255584716796875 129.609222412109375 239.0408172607421875 79.3792572021484375 71.56488037109375 69.7745513916015625 93.36684417724609375 269.997528076171875 291.03436279296875 269.99884033203125 274.474090576171875 301.607940673828125 205.8670654296875 210.8088531494140625 156.5214385986328125 139.32452392578125 148.7364349365234375 154.5377960205078125 141.3387908935546875 138.72998046875 133.408172607421875 64.97975921630859375 337.83306884765625 39.92119598388671875 66.9910125732421875 93.50324249267578125 89.11820220947265625 85.73163604736328125 95.64777374267578125 106.2939605712890625 110.095306396484375 142.126190185546875 157.6246795654296875
175.4614715576171875 129.28875732421875 181.9749298095703125 164.42724609375 144.52685546875 148.600341796875 138.179779052734375 117.47399139404296875 102.77130126953125 100.1462860107421875 98.13423919677734375 307.873931884765625 31.293039321899414062 20.323484420776367188 30.617671966552734375 8.1309576034545898438 336.03729248046875 345.7337646484375 249.7728424072265625 246.6998748779296875 194.035797119140625 140.9742584228515625 202.4158477783203125 171.54425048828125 131.819183349609375 155.55560302734375 201.03729248046875 182.862518310546875 91.12248992919921875 332.650421142578125 349.01885986328125 5.9066929817199707031 31.866086959838867188 79.9387054443359375 114.179046630859375 125.53759765625 118.0505523681640625 125.8032379150390625 119.47601318359375 63.13809967041015625 357.877227783203125 358.68701171875
126.3629302978515625 138.4160003662109375 186.169891357421875 149.24322509765625 146.3810272216796875 175.6007080078125 110.55678558349609375 73.393218994140625 86.3473052978515625 79.3294525146484375 342.180908203125 329.03570556640625 26.564989089965820312 43.314838409423828125 69.9029541015625 129.8022308349609375 222.2735595703125 242.528961181640625 14.420805931091308594 284.4202880859375 214.6963958740234375 94.80750274658203125 198.4353485107421875 187.650482177734375 116.19948577880859375 75.140838623046875 290.322418212890625 305.309600830078125 13.670220375061035156 344.85797119140625 344.578125 76.18483734130859375 132.33709716796875 109.8664398193359375 94.96929931640625 89.39656829833984375 77.4207611083984375 75.0177764892578125 25.640775680541992188 354.986175537109375 358.26275634765625 44.999897003173828125
115.53000640869140625 100.34912872314453125 183.0152587890625 106.88643646240234375 103.061279296875 239.9303741455078125 146.560211181640625 146.560211181640625 99.56607818603515625 76.606475830078125 302.691650390625 338.4979248046875 357.64599609375 36.869693756103515625 58.600803375244140625 78.3118133544921875 216.02734375 221.6331787109375 199.0921630859375 220.3140106201171875 169.54815673828125 147.527801513671875 156.799530029296875 153.4258575439453125 348.689239501953125 8.3439178466796875 338.781890869140625 316.68426513671875 146.312957763671875 177.8796844482421875 164.7436981201171875 128.580657958984375 133.6032562255859375 34.216339111328125 38.867809295654296875 26.564775466918945312 27.838094711303710938 42.273529052734375 17.10301971435546875 336.03729248046875 57.5280303955078125 89.99979400634765625
139.5734100341796875 106.23230743408203125 124.51061248779296875 89.1939239501953125 66.55742645263671875 321.9107666015625 43.210968017578125 13.568880081176757812 35.3940277099609375 22.12676239013671875 313.697540283203125 318.7421875 356.477996826171875 58.600482940673828125 44.3636474609375 26.966045379638671875 35.537380218505859375 164.05462646484375 192.8741607666015625 195.690460205078125 169.8241119384765625 234.088226318359375 314.998291015625 11.612215042114257812 338.83819580078125 19.798086166381835938 150.945465087890625 190.22259521484375 197.24072265625 78.6966094970703125 42.141201019287109375 45.0006103515625 356.7591552734375 344.961517333984375 38.9911041259765625 41.889312744140625 43.667888641357421875 64.4860076904296875 53.8579864501953125 26.56561279296875 78.3100738525390625 61.164234161376953125
146.7240753173828125 140.63983154296875 158.4288177490234375 178.6020965576171875 71.0754547119140625 344.60394287109375 343.378448486328125 12.413657188415527344 38.443023681640625 8.1308116912841796875 322.351806640625 300.749053955078125 133.6974639892578125 104.87512969970703125 67.03558349609375 87.3362274169921875 108.4346923828125 102.5288238525390625 340.5596923828125 336.15814208984375 343.392181396484375 315.98724365234375 296.562530517578125 100.0124359130859375 201.0374908447265625 123.0236968994140625 117.03139495849609375 266.984893798828125 307.2772216796875 349.991973876953125 5.0138230323791503906 11.309485435485839844 0.54535502195358276367 355.3651123046875 89.49265289306640625 77.68015289306640625 40.91339874267578125 59.035953521728515625 48.7086944580078125 40.462528228759765625 60.94525146484375 42.206577301025390625
125.03618621826171875 138.8138427734375 166.6097412109375 276.953857421875 49.39936065673828125 316.78955078125 293.458404541015625 19.573032379150390625 38.118564605712890625 5.2813138961791992188 324.63641357421875 126.2548065185546875 123.07025146484375 120.6493682861328125 60.94415283203125 75.8538360595703125 69.829071044921875 346.3282470703125 343.30035400390625 298.73834228515625 311.187347412109375 185.438079833984375 179.4738311767578125 178.5308380126953125 192.6804351806640625 169.991912841796875 353.33282470703125 334.0740966796875 329.795562744140625 348.231475830078125 14.744207382202148438 24.1440582275390625 40.235260009765625 67.61944580078125 67.479034423828125 31.56856536865234375 22.442188262939453125 70.57736968994140625 77.7684783935546875 86.09896087646484375 92.28974151611328125 98.97003173828125
134.4791107177734375 167.535125732421875 222.66259765625 257.4703369140625 337.624267578125 320.44000244140625 309.4716796875 352.08203125 28.657182693481445312 21.938457489013671875 3.8879168033599853516 23.907548904418945312 35.909793853759765625 25.64127349853515625 25.7700042724609375 44.301586151123046875 41.325405120849609375 55.00823974609375 152.1030731201171875 206.9674530029296875 181.63525390625 151.2193756103515625 168.3098602294921875 226.9748687744140625 280.22210693359375 311.632965087890625 315.817901611328125 312.87823486328125 333.923248291015625 118.61212921142578125 153.4339599609375 92.48999786376953125 36.572650909423828125 24.103061676025390625 24.677032470703125 37.8751220703125 82.79465484619140625 78.0481719970703125 48.36595916748046875 39.805477142333984375 47.95086669921875 76.7600860595703125
149.96209716796875 178.531219482421875 233.9721221923828125 250.30084228515625 297.428436279296875 315.954315185546875 316.06988525390625 330.254913330078125 59.26424407958984375 25.20147705078125 5.0539989471435546875 9.8057489395141601562 31.970777511596679688 50.599578857421875 79.75615692138671875 123.1107025146484375 106.797760009765625 103.19011688232421875 137.8627471923828125 185.5281829833984375 196.6052398681640625 139.3991546630859375 329.619781494140625 313.9381103515625 303.485565185546875 290.82073974609375 275.388275146484375 224.998626708984375 185.7922515869140625 139.97039794921875 327.99359130859375 51.339275360107421875 90.0041656494140625 0.021860223263502120972 51.58150482177734375 58.840362548828125 58.30910491943359375 28.495021820068359375 19.653581619262695312 29.805128097534179688 45.674076080322265625 64.1421661376953125
139.2046356201171875 183.094268798828125 243.1126708984375 239.9720458984375 267.396484375 290.193572998046875 331.92669677734375 4.085052490234375 13.135511398315429688 357.51019287109375 4.537685394287109375 22.781734466552734375 68.1260223388671875 89.67914581298828125 105.17897796630859375 131.1339874267578125 132.825042724609375 87.57976531982421875 38.77358245849609375 18.435451507568359375 318.17852783203125 8.1295003890991210938 232.5931396484375 240.7796478271484375 237.0943603515625 246.41229248046875 260.3619384765625 309.805755615234375 318.093963623046875 343.216461181640625 347.379364013671875 29.218835830688476562 71.56488037109375 153.8528900146484375 190.954071044921875 76.42664337158203125 63.00392913818359375 101.91519927978515625 161.56512451171875 141.0877532958984375 97.7396697998046875 81.77262115478515625
153.2163543701171875 174.237274169921875 237.6188507080078125 257.618316650390625 273.779754638671875 277.192626953125 329.26397705078125 9.372463226318359375 0.00062448251992464065552 330.592376708984375 37.873416900634765625 86.55220794677734375 93.6678009033203125 91.3701171875 94.08499908447265625 84.55942535400390625 52.430999755859375 348.975128173828125 25.017017364501953125 40.7324371337890625 317.600372314453125 66.80376434326171875 113.19907379150390625 229.5133056640625 247.9311676025390625 286.605712890625 315.666107177734375 354.52197265625 316.245849609375 326.975250244140625 93.81346893310546875 137.81439208984375 133.001373291015625 143.53082275390625 224.9994659423828125 191.821533203125 115.44073486328125 100.7988739013671875 114.82868194580078125 144.963287353515625 119.931243896484375 85.91329193115234375
177.7690887451171875 145.6202239990234375 262.4427490234375 271.957275390625 272.2020263671875 254.309234619140625 227.6932830810546875 154.707305908203125 166.701202392578125 213.1115875244140625 146.559661865234375 98.3244171142578125 75.43402862548828125 70.34613800048828125 41.98761749267578125 25.780361175537109375 44.999408721923828125 134.9996795654296875 137.2450408935546875 112.61934661865234375 291.797698974609375 17.354528427124023438 29.475755691528320312 333.434173583984375 293.343597412109375 287.410888671875 299.743377685546875 101.30970001220703125 247.0657501220703125 221.632415771484375 123.0561981201171875 147.862396240234375 160.3188629150390625 157.9056396484375 209.62322998046875 195.945068359375 118.14165496826171875 87.6718292236328125 70.016693115234375 86.18601226806640625 78.9061431884765625 351.527191162109375
196.29437255859375 190.840118408203125 268.11688232421875 252.4459075927734375 215.055328369140625 201.76470947265625 199.1261138916015625 176.9373626708984375 188.1302490234375 237.0503997802734375 249.7728424072265625 42.39878082275390625 49.76399993896484375 60.610813140869140625 41.784709930419921875 64.69858551025390625 94.8989410400390625 134.9996795654296875 152.417144775390625 143.74078369140625 304.381622314453125 334.653564453125 7.9572091102600097656 352.02923583984375 315 262.673248291015625 234.8189544677734375 96.95401763916015625 281.309600830078125 140.52716064453125 114.40151214599609375 134.9996795654296875 321.3458251953125 79.77759552001953125 270.853973388671875 295.4256591796875 54.9504852294921875 78.690032958984375 88.7269744873046875 79.23712158203125 51.11516571044921875 6.8426885604858398438
165.4650421142578125 196.6068267822265625 241.6065521240234375 224.0902557373046875 197.9956817626953125 209.357330322265625 227.6627197265625 236.1428070068359375 283.239593505859375 293.586212158203125 323.296417236328125 84.28949737548828125 109.79821014404296875 93.763763427734375 97.85323333740234375 104.13318634033203125 93.330963134765625 69.07553863525390625 358.151885986328125 347.799224853515625 329.036163330078125 310.985809326171875 17.020219802856445312 40.59708404541015625 228.8144989013671875 239.0353546142578125 243.19891357421875 296.56610107421875 315.001007080078125 76.69898223876953125 65.60573577880859375 358.830047607421875 347.399322509765625 18.08359527587890625 343.3541259765625 344.166748046875 42.851318359375 67.54256439208984375 73.20154571533203125 81.55257415771484375 48.271087646484375 8.1303014755249023438
169.2153167724609375 184.820587158203125 218.4717559814453125 218.757568359375 251.564453125 300.322418212890625 286.89312744140625 275.71014404296875 265.07196044921875 263.499755859375 173.0462799072265625 128.59527587890625 148.56927490234375 107.1617889404296875 110.22481536865234375 112.3281097412109375 86.24074554443359375 0.62924879789352416992 352.21551513671875 26.83403778076171875 329.0350341796875 282.8468017578125 107.59264373779296875 128.2910614013671875 261.02593994140625 291.371185302734375 262.56878662109375 241.2605438232421875 242.3548431396484375 16.698802947998046875 33.111843109130859375 355.485321044921875 342.7578125 7.0831971168518066406 3.5033421516418457031 51.7085723876953125 102.40692138671875 107.495452880859375 125.32144927978515625 150.81939697265625 314.999267578125 339.566497802734375
178.0904998779296875 186.75347900390625 227.1365203857421875 248.473968505859375 255.2339630126953125 241.7622833251953125 250.200469970703125 256.65020751953125 235.9537200927734375 229.25347900390625 184.39794921875 43.210926055908203125 14.036669731140136719 76.2506103515625 96.3396453857421875 112.7508392333984375 103.20066070556640625 292.456787109375 331.388702392578125 46.070953369140625 54.4631805419921875 205.9742431640625 153.431976318359375 39.806911468505859375 237.524658203125 210.963653564453125 232.65045166015625 197.2407379150390625 203.31671142578125 235.7825775146484375 38.662914276123046875 16.925960540771484375 250.203399658203125 204.4461669921875 81.86795806884765625 64.1786346435546875 105.86547088623046875 129.5183563232421875 137.93524169921875 250.90679931640625 306.6328125 313.804595947265625
115.557952880859375 226.5479583740234375 276.2764892578125 275.94061279296875 244.01287841796875 238.5428924560546875 265.913665771484375 269.4429931640625 281.82110595703125 293.805999755859375 261.8692626953125 274.70672607421875 61.99108123779296875 86.24796295166015625 88.8651275634765625 93.4332733154296875 99.78298187255859375 218.882659912109375 226.1923065185546875 319.53662109375 0 198.434906005859375 232.81396484375 153.4258575439453125 94.685302734375 199.23095703125 245.4709320068359375 262.8699951171875 273.179840087890625 255.6300811767578125 196.188995361328125 136.8477325439453125 188.13140869140625 202.519683837890625 182.2906036376953125 35.53730010986328125 0 158.868194580078125 265.60205078125 321.80084228515625 343.071990966796875 335.448333740234375
115.71016693115234375 245.8960418701171875 268.375701904296875 265.9615478515625 269.181365966796875 271.493988037109375 275.096832275390625 296.79071044921875 303.110076904296875 338.49755859375 22.694406509399414062 203.4578094482421875 161.8337249755859375 112.24913787841796875 102.90724945068359375 100.8396148681640625 110.94229888916015625 162.4731903076171875 186.5314483642578125 0 0 224.9994659423828125 224.9994659423828125 190.4912567138671875 136.060028076171875 261.871612548828125 282.7239990234375 309.288970947265625 345.1903076171875 308.558441162109375 284.040740966796875 116.5653228759765625 161.20050048828125 195.17181396484375 213.6895599365234375 159.70343017578125 0 0 0 343.85516357421875 354.805328369140625 5.3010983467102050781
