wildfire/work/fuelmodels/1747/aspect.asc
ncols        417
nrows        333
xllcorner    186660.000000000000
yllcorner    465170.000000000000
cellsize     5.000000000000
NODATA_value   -999
[rows 247 to 265 of 333, columns 0 to 41 of 417]
0 249.101715087890625 260.228546142578125 250.381805419921875 221.79052734375 195.80230712890625 170.3616180419921875 170.6439361572265625 154.267333984375 146.7681121826171875 157.8332366943359375 169.3232421875 185.1939697265625 171.938323974609375 154.010528564453125 153.0936126708984375 160.676422119140625 162.942352294921875 170.079742431640625 164.1479339599609375 168.365814208984375 181.48321533203125 173.875244140625 178.1065216064453125 158.7819671630859375 135.5254364013671875 130.4708099365234375 154.3438873291015625 162.645965576171875 147.5284423828125 155.4971771240234375 154.6216888427734375 134.9996795654296875 131.5762176513671875 148.8769073486328125 137.626220703125 122.7883758544921875 119.70307159423828125 101.87592315673828125 94.87354278564453125 96.16245269775390625 89.15100860595703125
0 245.176116943359375 243.4344482421875 231.8548431396484375 204.8477630615234375 175.6010894775390625 165.4825439453125 159.2411346435546875 150.4033050537109375 148.1338348388671875 149.0362548828125 154.41552734375 177.0430450439453125 183.7147064208984375 176.3856353759765625 156.1457977294921875 154.112884521484375 151.8313140869140625 156.4050445556640625 166.383148193359375 176.240875244140625 170.216583251953125 161.56451416015625 183.4064788818359375 175.2917938232421875 152.067230224609375 144.68841552734375 122.73419952392578125 134.4925384521484375 152.64984130859375 153.7676544189453125 149.7962799072265625 138.720703125 137.747650146484375 150.1352081298828125 150.332794189453125 132.709625244140625 124.19196319580078125 110.46230316162109375 104.72154998779296875 108.281402587890625 107.9929656982421875
0 238.714111328125 228.983978271484375 218.9525604248046875 196.820709228515625 171.0800323486328125 163.95050048828125 152.2197723388671875 152.7955780029296875 164.01312255859375 156.392913818359375 137.3375091552734375 151.326171875 178.4838409423828125 181.99151611328125 172.6135406494140625 161.3809967041015625 153.024169921875 157.3478546142578125 159.9048919677734375 178.8304901123046875 167.4268951416015625 156.249755859375 178.314849853515625 172.5998382568359375 162.4924774169921875 165.3793487548828125 139.4744110107421875 127.11618804931640625 145.6536712646484375 153.969879150390625 146.48895263671875 146.7170562744140625 142.7645263671875 141.66082763671875 158.06976318359375 142.6836090087890625 140.02874755859375 122.391265869140625 114.63824462890625 120.00992584228515625 118.6295928955078125
0 246.800933837890625 236.2144927978515625 217.92047119140625 192.2818450927734375 177.724212646484375 173.761322021484375 150.8472137451171875 151.3296051025390625 172.80584716796875 169.2156524658203125 160.221221923828125 157.8583221435546875 159.9729766845703125 171.490814208984375 175.8333587646484375 159.84197998046875 154.8315277099609375 164.6962890625 164.3573760986328125 181.35711669921875 179.6832122802734375 163.810211181640625 173.4026031494140625 166.6391448974609375 166.7229766845703125 173.509246826171875 147.390869140625 139.2791290283203125 146.802001953125 156.870208740234375 154.855072021484375 149.9874267578125 145.4252166748046875 137.986572265625 155.3532867431640625 125.27165985107421875 133.821990966796875 136.608551025390625 121.03047943115234375 117.080657958984375 115.709503173828125
0 229.2733917236328125 221.9145355224609375 195.4879150390625 177.2008819580078125 177.813812255859375 198.434478759765625 146.821319580078125 140.64007568359375 179.0802764892578125 162.34967041015625 161.56494140625 181.9971160888671875 164.414886474609375 170.5372772216796875 172.14654541015625 152.4638214111328125 143.6307220458984375 145.57342529296875 167.924163818359375 192.7886199951171875 184.222076416015625 167.671844482421875 177.0746307373046875 149.3996124267578125 168.6006317138671875 182.405517578125 152.2812652587890625 157.18994140625 146.2341461181640625 149.812774658203125 166.2635345458984375 115.94164276123046875 110.50090789794921875 123.157928466796875 142.4326629638671875 119.5214080810546875 123.3561553955078125 128.8704681396484375 119.1004180908203125 114.075469970703125 114.74897003173828125
0 226.5476226806640625 214.732635498046875 180.7485198974609375 180.8361358642578125 181.9552459716796875 197.9867706298828125 164.1126861572265625 144.9183349609375 179.45379638671875 170.0243377685546875 161.791351318359375 184.16607666015625 167.004730224609375 181.4681243896484375 184.7635040283203125 149.2494049072265625 118.7396087646484375 101.45412445068359375 131.532135009765625 237.651947021484375 158.9627532958984375 155.5556793212890625 176.760040283203125 135.3096923828125 164.8399810791015625 186.7091522216796875 147.853668212890625 162.003631591796875 144.2353973388671875 151.3016510009765625 191.14874267578125 168.6892852783203125 94.4840087890625 80.7880706787109375 112.3192138671875 116.0489044189453125 122.03299713134765625 121.28252410888671875 114.31204986572265625 114.3251953125 109.98250579833984375
0 198.82110595703125 208.5249481201171875 185.4891204833984375 186.73822021484375 187.3306121826171875 180.3251953125 175.128387451171875 165.863677978515625 175.3043212890625 178.043487548828125 178.3994598388671875 173.7366485595703125 165.5955963134765625 184.1266937255859375 191.1949920654296875 176.59320068359375 159.622772216796875 101.0932769775390625 89.11820220947265625 207.4085540771484375 148.649993896484375 136.1011962890625 160.9306182861328125 134.6207427978515625 154.7674713134765625 187.373321533203125 136.41387939453125 145.0596771240234375 130.33270263671875 141.5196990966796875 186.253448486328125 194.74285888671875 158.1137542724609375 137.516143798828125 125.85208892822265625 108.43434906005859375 111.4851531982421875 121.87935638427734375 117.4949493408203125 118.76019287109375 112.216888427734375
0 189.710235595703125 210.0560150146484375 203.8798065185546875 197.5129547119140625 185.658905029296875 173.00579833984375 178.5725860595703125 183.33990478515625 180.7913970947265625 172.303253173828125 175.08917236328125 176.3476409912109375 176.7523345947265625 187.913299560546875 192.619232177734375 185.4116973876953125 189.6370391845703125 155.070770263671875 149.145050048828125 174.0255126953125 164.218841552734375 148.41180419921875 145.1864471435546875 150.2549285888671875 168.4950408935546875 167.1252288818359375 158.4809417724609375 164.8582305908203125 144.766693115234375 140.97430419921875 167.398773193359375 187.0730438232421875 179.9995880126953125 144.727294921875 129.288818359375 96.81751251220703125 94.32015228271484375 102.183135986328125 106.14447784423828125 111.34234619140625 119.95389556884765625
0 194.6494140625 203.1117706298828125 208.1946563720703125 201.88525390625 180.1873321533203125 177.3366851806640625 181.343963623046875 188.7456817626953125 182.2902679443359375 163.14105224609375 164.30169677734375 181.3320770263671875 193.8146820068359375 198.9699249267578125 198.8455963134765625 187.34075927734375 184.5284881591796875 163.6636810302734375 160.8760528564453125 168.4391326904296875 163.2436676025390625 161.972076416015625 141.4344940185546875 155.2033233642578125 172.839111328125 164.20751953125 159.082855224609375 165.832275390625 161.7321319580078125 171.5852203369140625 164.1041717529296875 170.815826416015625 185.6478271484375 157.3566436767578125 160.5038604736328125 133.8385009765625 116.877777099609375 112.305755615234375 105.8025665283203125 107.6078338623046875 118.67331695556640625
0 193.522552490234375 191.0456695556640625 198.8179473876953125 202.0013580322265625 194.334991455078125 189.355072021484375 181.609527587890625 179.5988311767578125 178.2208099365234375 166.1005096435546875 163.0720977783203125 186.4637603759765625 191.9228515625 190.750762939453125 191.2440643310546875 183.44677734375 177.86541748046875 170.9095611572265625 173.2057342529296875 172.98291015625 171.7970123291015625 171.527984619140625 147.786376953125 148.0257415771484375 165.164520263671875 168.8044281005859375 157.4019927978515625 157.263580322265625 166.7181396484375 180.498077392578125 170.2349700927734375 166.966278076171875 183.2487945556640625 165.7838134765625 166.394989013671875 149.2935333251953125 131.067047119140625 133.09014892578125 123.52996826171875 123.61321258544921875 129.76568603515625
0 191.88824462890625 201.90252685546875 183.0124969482421875 206.2922515869140625 223.5733795166015625 199.3734588623046875 174.5451812744140625 168.407379150390625 170.0146331787109375 174.77154541015625 174.3690643310546875 179.0348968505859375 173.8295135498046875 186.6772308349609375 184.057098388671875 178.8717803955078125 187.586334228515625 179.9995880126953125 176.7340850830078125 177.4787750244140625 177.8383331298828125 178.35235595703125 166.8447723388671875 157.003875732421875 160.1144256591796875 169.925018310546875 158.43951416015625 152.5251007080078125 163.326904296875 177.349334716796875 175.1728515625 169.1467742919921875 178.7541961669921875 170.4330902099609375 162.473907470703125 147.8475494384765625 132.184234619140625 130.6004486083984375 125.0828857421875 124.78876495361328125 135.40325927734375
0 182.4565277099609375 201.46380615234375 197.9867706298828125 188.4840240478515625 209.9311065673828125 197.3534088134765625 183.9803314208984375 165.3108367919921875 152.744476318359375 171.0073089599609375 173.1955108642578125 173.8528900146484375 171.393157958984375 174.7339324951171875 167.998504638671875 179.9242706298828125 201.2501220703125 190.91790771484375 177.3003692626953125 181.9039154052734375 180.8249053955078125 181.9995880126953125 179.209320068359375 168.4296417236328125 166.8904571533203125 166.6817779541015625 160.7220916748046875 155.455780029296875 159.06488037109375 164.3319091796875 173.5299530029296875 178.5453643798828125 173.462677001953125 177.922637939453125 172.3392333984375 152.20916748046875 142.56524658203125 137.0745086669921875 129.4464263916015625 118.071868896484375 114.4435272216796875
0 165.83282470703125 199.5364227294921875 211.020050048828125 176.6097564697265625 181.5819091796875 201.3700103759765625 195.8318328857421875 173.7994384765625 157.9633941650390625 167.1396636962890625 164.5386199951171875 170.6155548095703125 173.1685791015625 153.2663116455078125 156.58673095703125 191.2079010009765625 208.2077789306640625 189.4047393798828125 183.0124359130859375 190.52349853515625 190.81011962890625 185.96429443359375 183.8625335693359375 180.4270782470703125 174.7578582763671875 165.1729736328125 164.9948577880859375 167.210540771484375 156.8010406494140625 158.1987152099609375 171.384002685546875 176.3189544677734375 175.7020263671875 176.55224609375 182.862030029296875 156.0771331787109375 136.19342041015625 142.7498016357421875 145.428314208984375 139.52447509765625 140.3552398681640625
0 135.5352630615234375 187.9352264404296875 203.05072021484375 181.23358154296875 173.7541351318359375 193.825531005859375 198.5161895751953125 179.00927734375 163.9503936767578125 172.4501190185546875 163.6998748779296875 161.312591552734375 155.09881591796875 144.584136962890625 150.3669586181640625 214.237152099609375 201.179534912109375 174.9400787353515625 187.5339508056640625 196.490570068359375 195.566375732421875 200.611236572265625 195.3569488525390625 184.781890869140625 186.5538330078125 170.1741790771484375 161.9723968505859375 173.0611419677734375 157.8516998291015625 160.38214111328125 181.581787109375 174.2509307861328125 177.61376953125 178.3392791748046875 179.9995880126953125 161.01202392578125 140.5272216796875 141.594329833984375 148.543182373046875 149.1575775146484375 148.297882080078125
0 151.738525390625 160.016326904296875 186.1984100341796875 197.727447509765625 185.527130126953125 164.18798828125 194.6562957763671875 185.806304931640625 160.402587890625 172.706329345703125 178.391387939453125 161.6392822265625 145.03668212890625 150.716644287109375 177.4687652587890625 204.6104583740234375 176.6657562255859375 152.119781494140625 179.5305023193359375 196.12261962890625 200.103179931640625 214.9119110107421875 211.632568359375 185.194091796875 194.6705474853515625 182.9557037353515625 162.503631591796875 168.4463348388671875 157.5871124267578125 156.8859710693359375 184.59967041015625 181.28643798828125 176.9149017333984375 177.4549560546875 167.5244598388671875 162.816131591796875 147.671875 140.7510223388671875 147.2884368896484375 149.490081787109375 138.74261474609375
0 167.18475341796875 152.7441558837890625 173.305328369140625 198.9350738525390625 194.5940093994140625 155.3857574462890625 168.9338836669921875 185.085845947265625 158.17108154296875 159.943511962890625 174.6147613525390625 158.0864715576171875 149.1357421875 164.5237274169921875 189.22161865234375 183.7623291015625 168.1710968017578125 151.13916015625 169.5138092041015625 200.7011566162109375 208.5084991455078125 218.1666259765625 217.550140380859375 206.233612060546875 194.0355682373046875 185.542266845703125 173.095916748046875 168.801513671875 161.5645294189453125 161.5650787353515625 184.7899627685546875 187.2134552001953125 176.6332244873046875 166.907806396484375 160.5412750244140625 156.193878173828125 141.9526824951171875 145.38818359375 153.434722900390625 152.4180450439453125 143.6728515625
0 173.9781951904296875 163.4566497802734375 159.774658203125 184.610321044921875 195.532989501953125 174.5221099853515625 150.355377197265625 172.3036651611328125 163.9635162353515625 149.557220458984375 153.129852294921875 148.6963348388671875 151.875946044921875 171.3322906494140625 182.3155975341796875 174.162353515625 167.4438323974609375 159.2488250732421875 171.8230133056640625 201.8609619140625 215.2567901611328125 224.22393798828125 233.4434661865234375 235.733123779296875 191.9372711181640625 176.3249053955078125 179.53021240234375 173.1761016845703125 163.0717315673828125 168.5862274169921875 194.264404296875 189.5197296142578125 174.494232177734375 167.637115478515625 169.9907379150390625 146.30938720703125 132.7625732421875 146.3093719482421875 153.7409210205078125 157.8586273193359375 145.6598663330078125
0 173.732513427734375 166.6902008056640625 157.9884185791015625 170.0956268310546875 188.1295013427734375 180.835968017578125 158.64678955078125 153.329132080078125 155.7117462158203125 145.7037200927734375 141.9857330322265625 141.0024566650390625 146.1962890625 164.4017486572265625 170.0139923095703125 165.922607421875 165.5788421630859375 165.0127716064453125 172.9439849853515625 205.4970855712890625 227.8278961181640625 235.7095794677734375 246.8680572509765625 245.6399078369140625 191.83306884765625 165.4852447509765625 178.90875244140625 177.1932525634765625 161.0025634765625 172.7103271484375 197.26141357421875 190.1912078857421875 178.8908233642578125 180.443817138671875 173.386016845703125 154.6867828369140625 133.53057861328125 133.246368408203125 140.97430419921875 151.77105712890625 158.0087432861328125
0 173.8840789794921875 161.77410888671875 155.5558319091796875 164.12860107421875 173.1567535400390625 176.289459228515625 169.6948089599609375 157.8216400146484375 151.9365997314453125 133.2872467041015625 120.12883758544921875 122.48874664306640625 134.9995269775390625 146.3967132568359375 154.08502197265625 149.871826171875 153.515594482421875 167.573577880859375 169.4606781005859375 229.83843994140625 244.2179718017578125 241.1408233642578125 244.9979248046875 240.3805999755859375 206.24530029296875 169.1593017578125 173.803375244140625 177.9226531982421875 165.82708740234375 176.307891845703125 200.7084197998046875 196.5173187255859375 183.135986328125 181.0807342529296875 169.7887420654296875 161.810821533203125 143.880279541015625 131.9871978759765625 139.636138916015625 144.1623992919921875 143.3441009521484375
