wildfire/work/fuelmodels/1747/aspect.asc
ncols        417
nrows        333
xllcorner    186660.000000000000
yllcorner    465170.000000000000
cellsize     5.000000000000
NODATA_value   -999
[rows 0 to 18 of 333, columns 42 to 83 of 417]
0 0 0 0 0 0 0 0 0 0 0 0 0 0 0 0 0 0 0 0 0 0 0 0 0 0 0 0 0 0 0 0 0 0 0 0 0 0 0 0 0 0
194.9466705322265625 202.2209320068359375 195.727752685546875 186.165313720703125 192.39068603515625 202.235504150390625 197.7406463623046875 182.9564666748046875 187.925506591796875 200.1650543212890625 199.179656982421875 201.2786407470703125 193.1541290283203125 180.9143218994140625 177.4547882080078125 193.0226287841796875 206.0219268798828125 200.438507080078125 194.58258056640625 179.9994964599609375 217.7699432373046875 234.55560302734375 218.055267333984375 165.897369384765625 176.8520965576171875 163.4737548828125 159.443572998046875 167.69378662109375 224.7437591552734375 264.147430419921875 290.413177490234375 3.8132920265197753906 19.721513748168945312 321.449005126953125 335.7138671875 33.2026824951171875 32.72408294677734375 29.223394393920898438 21.01566314697265625 337.0601806640625 313.39727783203125 324.322906494140625
203.1438751220703125 200.4959564208984375 195.671478271484375 191.800537109375 195.154510498046875 191.671295166015625 201.223480224609375 200.5712432861328125 188.5144195556640625 186.6729736328125 182.4955596923828125 194.4447174072265625 199.365692138671875 189.5103607177734375 187.0279693603515625 194.7289276123046875 205.4598236083984375 203.0229644775390625 188.11444091796875 175.453338623046875 191.706756591796875 205.928741455078125 196.9329833984375 177.1761322021484375 171.4305267333984375 173.5312652587890625 155.9702301025390625 129.193206787109375 259.918731689453125 247.278167724609375 201.4786834716796875 183.052459716796875 193.8882293701171875 205.67889404296875 207.544647216796875 154.0373382568359375 150.875152587890625 343.5386962890625 4.8583993911743164062 5.5275082588195800781 5.021610260009765625 9.605865478515625
0.89502227306365966797 358.190521240234375 281.3134765625 189.89361572265625 203.47210693359375 194.082733154296875 210.5232391357421875 205.7025299072265625 189.778717041015625 185.90911865234375 166.4596405029296875 205.4827728271484375 214.37127685546875 195.70269775390625 194.81353759765625 191.818084716796875 196.80633544921875 208.008697509765625 190.2758331298828125 170.98583984375 181.1819000244140625 193.6580047607421875 198.60174560546875 187.83624267578125 181.3653411865234375 206.470947265625 238.5515899658203125 82.09278106689453125 209.2518768310546875 210.249786376953125 191.97332763671875 187.113983154296875 189.0238494873046875 187.0807647705078125 190.6137847900390625 181.5533447265625 179.172637939453125 193.60198974609375 190.0227203369140625 183.4623260498046875 164.3665618896484375 162.6805419921875
18.434421539306640625 14.0355682373046875 25.941982269287109375 27.570056915283203125 351.026885986328125 239.7415313720703125 208.609954833984375 198.9139404296875 193.384735107421875 186.4971160888671875 173.8239288330078125 199.928070068359375 195.2783050537109375 195.0900115966796875 208.612823486328125 196.3997344970703125 186.7388458251953125 208.4190673828125 193.1732177734375 173.86737060546875 187.4679718017578125 192.4746246337890625 205.0901641845703125 194.707916259765625 182.709136962890625 201.987060546875 200.229705810546875 177.0750885009765625 180.2588348388671875 191.909271240234375 189.706695556640625 188.08184814453125 185.3863677978515625 183.65869140625 189.5457611083984375 188.5844573974609375 182.5724945068359375 185.3019866943359375 188.2094573974609375 190.277923583984375 175.278717041015625 168.1207427978515625
18.019796371459960938 19.178281784057617188 80.5383758544921875 103.24117279052734375 56.311901092529296875 46.73595428466796875 18.434686660766601562 321.0078125 224.2552490234375 173.92724609375 167.5562591552734375 198.6288909912109375 180.9504852294921875 206.9570465087890625 216.9176483154296875 195.1395263671875 178.067962646484375 193.71905517578125 192.715301513671875 188.03668212890625 191.967559814453125 194.2930755615234375 202.903839111328125 192.8992919921875 177.1287384033203125 191.1137237548828125 190.7271270751953125 186.9501953125 191.496612548828125 189.5082550048828125 187.2438201904296875 186.35479736328125 185.740478515625 185.868499755859375 189.25396728515625 192.32598876953125 184.7073974609375 181.824066162109375 188.579254150390625 189.0977935791015625 178.3514862060546875 169.925262451171875
59.380931854248046875 46.908000946044921875 30.068208694458007812 14.349366188049316406 10.751354217529296875 23.428863525390625 14.0355682373046875 4.6345958709716796875 357.51007080078125 17.987539291381835938 17.801813125610351562 8.7812299728393554688 1.1017236709594726562 248.3334808349609375 207.7219696044921875 189.520477294921875 180.5487060546875 184.2429351806640625 194.8604278564453125 198.5506591796875 191.1665496826171875 199.8299102783203125 205.5362091064453125 191.2018890380859375 179.7044677734375 182.7302703857421875 188.5921478271484375 198.5181427001953125 198.01336669921875 190.19940185546875 186.478729248046875 185.271331787109375 189.85906982421875 189.36053466796875 188.0079193115234375 190.135955810546875 184.446929931640625 184.67828369140625 187.4245452880859375 185.09796142578125 183.175445556640625 174.466949462890625
70.97409820556640625 55.783447265625 352.873992919921875 13.495999336242675781 27.408008575439453125 13.840472221374511719 4.213672637939453125 12.723994255065917969 3.8145010471343994141 24.445095062255859375 54.864994049072265625 37.873382568359375 356.34759521484375 6.2156424522399902344 6.1797223091125488281 7.6789159774780273438 4.6986432075500488281 334.5367431640625 201.4595184326171875 201.8010101318359375 190.88873291015625 208.930328369140625 201.1535797119140625 186.138916015625 185.0087127685546875 187.032470703125 191.1690673828125 190.0274810791015625 188.662628173828125 188.1782989501953125 187.250335693359375 187.08984375 191.0735321044921875 188.935577392578125 188.270965576171875 185.9524078369140625 182.95391845703125 187.66241455078125 185.9442138671875 183.030914306640625 185.351104736328125 178.389007568359375
28.0445404052734375 10.922695159912109375 5.0797457695007324219 33.99633026123046875 42.708835601806640625 355.100341796875 347.733642578125 21.161191940307617188 13.861557960510253906 2.891445159912109375 13.477629661560058594 17.41796875 357.878387451171875 337.61895751953125 304.69427490234375 60.9456634521484375 44.999897003173828125 14.743613243103027344 22.135351181030273438 355.33221435546875 344.35736083984375 233.996734619140625 190.992034912109375 181.664093017578125 187.5995941162109375 197.861114501953125 191.881683349609375 182.2817230224609375 186.629852294921875 188.49700927734375 189.6838531494140625 189.6969146728515625 190.570343017578125 188.8641815185546875 188.3242950439453125 184.37554931640625 183.76361083984375 188.40716552734375 186.637237548828125 184.186370849609375 183.9355621337890625 178.4853515625
22.166370391845703125 356.3905029296875 11.003624916076660156 22.70606231689453125 12.188457489013671875 7.6338376998901367188 16.927700042724609375 37.406223297119140625 24.444646835327148438 332.649200439453125 12.264586448669433594 36.1799163818359375 13.861224174499511719 12.874716758728027344 356.18475341796875 16.821348190307617188 21.037517547607421875 5.9052019119262695312 71.564544677734375 19.798582077026367188 325.124420166015625 41.820037841796875 23.198612213134765625 3.8878595829010009766 4.3986582756042480469 248.9015045166015625 180.9017333984375 172.6584625244140625 193.8145751953125 190.6758270263671875 191.09674072265625 186.6455535888671875 188.57525634765625 189.8724822998046875 186.8506927490234375 186.12420654296875 187.9660491943359375 187.9853515625 187.8561553955078125 187.460113525390625 182.131439208984375 177.46856689453125
200.798370361328125 217.5281219482421875 205.34588623046875 32.318927764892578125 11.976078987121582031 5.5829720497131347656 18.666830062866210938 21.175457000732421875 6.6663389205932617188 356.185028076171875 13.240632057189941406 46.7901611328125 30.963865280151367188 34.874599456787109375 358.82977294921875 0.93903613090515136719 29.054744720458984375 20.43218994140625 22.1089935302734375 6.9114089012145996094 356.98626708984375 42.511707305908203125 7.5941009521484375 6.3398213386535644531 47.29095458984375 0.0012142767664045095444 31.551664352416992188 10.124540328979492188 354.471588134765625 6.0090517997741699219 176.496124267578125 166.9444580078125 189.9455413818359375 193.019195556640625 186.791595458984375 189.49725341796875 189.520721435546875 186.867645263671875 190.568084716796875 192.5041656494140625 182.375946044921875 176.4232635498046875
16.065441131591796875 61.143970489501953125 189.3232269287109375 207.4392547607421875 188.1292266845703125 251.563507080078125 31.372552871704101562 25.395692825317382812 3.0585076808929443359 6.0541529655456542969 12.579108238220214844 20.806987762451171875 29.054586410522460938 23.961719512939453125 354.2890625 30.9633636474609375 57.264484405517578125 17.353750228881835938 8.4706792831420898438 14.74413299560546875 11.65947723388671875 0 9.566287994384765625 21.801233291625976562 46.684917449951171875 23.198787689208984375 327.529449462890625 21.037012100219726562 21.500062942504882812 7.3521051406860351562 19.057672500610351562 17.048959732055664062 8.3439178466796875 9.782573699951171875 1.5074548721313476562 359.997589111328125 185.042449951171875 193.3547821044921875 196.630340576171875 199.642669677734375 185.32781982421875 173.5626373291015625
13.476592063903808594 15.148322105407714844 19.42710113525390625 38.5583343505859375 197.74432373046875 194.0356597900390625 188.7901763916015625 265.46136474609375 338.05035400390625 13.392513275146484375 28.300912857055664062 28.300775527954101562 19.686975479125976562 6.7096529006958007812 8.4891386032104492188 18.758676528930664062 20.942508697509765625 20.323261260986328125 355.60003662109375 19.2905120849609375 11.310115814208984375 339.773956298828125 32.274852752685546875 44.999897003173828125 29.407262802124023438 0.72537666559219360352 352.45025634765625 13.840472221374511719 15.801410675048828125 344.98126220703125 21.251071929931640625 55.3050079345703125 42.95482635498046875 8.3657369613647460938 0.97103846073150634766 13.570303916931152344 14.399855613708496094 2.0902776718139648438 4.5539379119873046875 334.535675048828125 200.3756561279296875 142.495391845703125
12.154160499572753906 12.772255897521972656 22.247554779052734375 22.349481582641601562 0.90283852815628051758 5.2934603691101074219 5.1239485740661621094 346.351043701171875 351.75909423828125 6.0269112586975097656 26.939500808715820312 56.14276885986328125 214.992034912109375 343.81048583984375 8.3660984039306640625 14.995021820068359375 13.650414466857910156 12.327683448791503906 4.9696812629699707031 11.504755973815917969 15.255167961120605469 15.460832595825195312 81.02683258056640625 95.1939697265625 355.23626708984375 344.5380859375 0.00047514736070297658443 29.744701385498046875 20.55539703369140625 346.184295654296875 0 21.9908294677734375 18.072206497192382812 355.731353759765625 351.4686279296875 40.914897918701171875 43.4519805908203125 5.5992593765258789062 3.6213996410369873047 3.1548111438751220703 2.1749243736267089844 5.1943211555480957031
13.593990325927734375 15.230406761169433594 35.373226165771484375 25.5289306640625 359.823638916015625 8.7805194854736328125 13.878530502319335938 344.053802490234375 345.327880859375 11.500193595886230469 50.912189483642578125 73.80666351318359375 280.812835693359375 318.190155029296875 352.623260498046875 23.02791595458984375 22.0205078125 24.774976730346679688 11.7251739501953125 8.6427469253540039062 18.692850112915039062 21.551675796508789062 27.407369613647460938 13.151160240173339844 350.180023193359375 4.39878082275390625 33.689849853515625 50.709499359130859375 37.874729156494140625 303.688232421875 304.213897705078125 22.890314102172851562 24.677122116088867188 5.3149256706237792969 9.9264545440673828125 14.743273735046386719 10.358915328979492188 12.600118637084960938 11.309906005859375 307.872406005859375 21.803621292114257812 75.96390533447265625
18.5810089111328125 17.77637481689453125 37.01061248779296875 25.991668701171875 14.179178237915039062 66.27301025390625 46.31375885009765625 322.7427978515625 312.144012451171875 47.419361114501953125 66.801239013671875 42.881107330322265625 359.518585205078125 334.3138427734375 352.619415283203125 21.513872146606445312 4.3797593116760253906 21.288791656494140625 46.16509246826171875 123.68978118896484375 44.985324859619140625 22.456872940063476562 18.7260284423828125 0.00013660392141900956631 356.226806640625 16.699167251586914062 27.504377365112304688 9.1963405609130859375 2.9108874797821044922 12.7244415283203125 22.37801361083984375 191.3082122802734375 96.3458251953125 6.3404436111450195312 27.349073410034179688 7.4309844970703125 14.036425590515136719 46.43228912353515625 9.4625949859619140625 356.72857666015625 26.029417037963867188 18.434541702270507812
19.461400985717773438 16.8701171875 35.45865631103515625 18.867746353149414062 35.390995025634765625 58.076786041259765625 326.37689208984375 352.43609619140625 14.114998817443847656 71.4419403076171875 41.957073211669921875 20.41363525390625 8.9770679473876953125 3.1010196208953857422 7.3679757118225097656 356.72589111328125 354.3892822265625 36.4030914306640625 55.213848114013671875 21.490842819213867188 348.49835205078125 31.414073944091796875 67.71453094482421875 299.166961669921875 352.997711181640625 34.64093780517578125 16.959962844848632812 4.7899231910705566406 359.028045654296875 20.037195205688476562 21.997343063354492188 0.89536368846893310547 3.8140382766723632812 7.9266338348388671875 13.133543014526367188 6.3406033515930175781 40.91495513916015625 58.627086639404296875 331.92755126953125 4.3973236083984375 33.689884185791015625 4.3992094993591308594
16.859472274780273438 16.568492889404296875 31.73596954345703125 13.728610992431640625 20.70794677734375 19.330350875854492188 335.02801513671875 7.8876600265502929688 37.156513214111328125 5.1021451950073242188 14.964486122131347656 28.643167495727539062 23.1123199462890625 10.864071846008300781 3.0380833148956298828 353.053192138671875 355.26788330078125 29.347393035888671875 38.2498016357421875 14.672957420349121094 0.12108888477087020874 19.341539382934570312 27.307952880859375 346.415008544921875 357.39666748046875 41.794689178466796875 55.007900238037109375 133.2100677490234375 218.1562347412109375 82.47681427001953125 30.964221954345703125 356.12054443359375 11.142573356628417969 15.172768592834472656 10.904911041259765625 10.4519195556640625 20.95571136474609375 21.69519805908203125 1.5481859445571899414 12.379735946655273438 45.00064849853515625 30.963685989379882812
17.473850250244140625 17.296173095703125 17.951168060302734375 7.1283483505249023438 12.099992752075195312 16.741947174072265625 350.205963134765625 19.105287551879882812 27.260633468627929688 6.0366311073303222656 19.012613296508789062 22.681131362915039062 20.544507980346679688 357.15533447265625 351.67352294921875 0.25101381540298461914 1.9518632888793945312 15.727396011352539062 30.830516815185546875 18.94866180419921875 5.6028385162353515625 18.40578460693359375 23.026548385620117188 15.998284339904785156 1.2031328678131103516 12.295231819152832031 20.282484054565429688 21.640100479125976562 32.735164642333984375 72.5524749755859375 323.972137451171875 3.990268707275390625 103.570709228515625 134.9996795654296875 0.0021857721731066703796 3.2400031089782714844 11.310083389282226562 8.2526292800903320312 7.5945115089416503906 14.620890617370605469 19.653924942016601562 11.745367050170898438
