wildfire/work/fuelmodels/1747/aspect.asc
ncols        417
nrows        333
xllcorner    186660.000000000000
yllcorner    465170.000000000000
cellsize     5.000000000000
NODATA_value   -999
[rows 285 to 303 of 333, columns 168 to 209 of 417]
137.9619903564453125 266.904083251953125 273.878021240234375 264.67974853515625 244.5106658935546875 240.0044708251953125 219.05230712890625 238.4639434814453125 251.045196533203125 222.537078857421875 184.5234527587890625 194.0359344482421875 205.633819580078125 195.865264892578125 198.66400146484375 207.6033782958984375 193.1278533935546875 183.726165771484375 204.727020263671875 248.255615234375 253.712188720703125 222.7620086669921875 185.0631103515625 212.674774169921875 219.2888946533203125 237.6887664794921875 238.5565338134765625 263.32464599609375 277.97601318359375 280.8677978515625 279.2452392578125 266.561614990234375 253.1411285400390625 235.554718017578125 223.0901641845703125 207.228240966796875 210.7296142578125 215.161773681640625 222.3161468505859375 219.1432952880859375 199.3737335205078125 202.530731201171875
219.8039703369140625 280.8837890625 277.6568603515625 278.829315185546875 274.72735595703125 264.172698974609375 269.99853515625 282.827972412109375 273.9569091796875 222.397369384765625 154.6110992431640625 183.0934295654296875 213.6103668212890625 201.3703460693359375 220.9139404296875 230.4199676513671875 204.192474365234375 220.8017425537109375 250.2528228759765625 264.45416259765625 262.665130615234375 248.6292266845703125 192.2645721435546875 236.5924530029296875 262.266021728515625 277.0826416015625 279.027099609375 284.5340576171875 282.7952880859375 278.65679931640625 283.068572998046875 276.27362060546875 228.3659820556640625 221.1656646728515625 227.7255859375 216.1474456787109375 206.433441162109375 235.304412841796875 261.661865234375 278.52899169921875 180.8307037353515625 198.94635009765625
249.362213134765625 280.05426025390625 279.129669189453125 275.84844970703125 278.864349365234375 275.987823486328125 248.19915771484375 231.7528076171875 241.4699249267578125 178.531036376953125 132.825042724609375 204.4439544677734375 231.1468505859375 232.495819091796875 251.9870758056640625 242.5523681640625 218.2895050048828125 241.6992340087890625 238.0917816162109375 240.541046142578125 239.90753173828125 236.745086669921875 271.123779296875 300.378448486328125 282.28753662109375 287.51019287109375 290.291168212890625 284.3968505859375 273.012451171875 269.999542236328125 272.34637451171875 256.607421875 170.9803619384765625 216.869415283203125 224.9994659423828125 225.7686614990234375 244.5579071044921875 275.091400146484375 280.490753173828125 59.038677215576171875 118.6873321533203125 195.642303466796875
279.07080078125 293.120147705078125 285.5411376953125 254.49462890625 253.1621246337890625 257.57379150390625 155.555328369140625 197.8494415283203125 217.6259613037109375 196.3477935791015625 153.4349517822265625 278.12799072265625 273.50189208984375 258.958099365234375 251.0947265625 242.6756744384765625 241.4398193359375 249.8198394775390625 249.3036956787109375 257.38714599609375 255.962738037109375 252.4734954833984375 258.689453125 274.763153076171875 269.01702880859375 266.60211181640625 275.419952392578125 281.604248046875 282.605133056640625 287.446685791015625 286.025390625 257.57464599609375 90.90798187255859375 237.8477783203125 246.4763031005859375 259.508087158203125 290.22442626953125 284.89080810546875 237.820587158203125 174.135406494140625 159.0202789306640625 171.7592010498046875
289.18804931640625 272.584564208984375 235.8848876953125 226.68408203125 245.259796142578125 216.78045654296875 138.2513427734375 244.025177001953125 257.61883544921875 245.6464996337890625 255.9631500244140625 289.17791748046875 290.0936279296875 268.95751953125 261.6068115234375 274.236358642578125 300.3238525390625 304.82391357421875 292.45611572265625 286.9266357421875 274.288055419921875 243.2452545166015625 235.850006103515625 241.090606689453125 257.6190185546875 273.7579345703125 284.035308837890625 280.233551025390625 255.2794189453125 262.494598388671875 260.837615966796875 251.5649261474609375 19.98226165771484375 348.340087890625 271.8272705078125 249.4212646484375 243.3539276123046875 218.0463714599609375 189.175567626953125 197.536895751953125 167.236724853515625 163.1414337158203125
252.8541259765625 236.3099517822265625 228.2246551513671875 256.398773193359375 253.20709228515625 219.8056182861328125 273.01287841796875 306.118896484375 308.129425048828125 299.520660400390625 297.438873291015625 324.832611083984375 345.190643310546875 333.059906005859375 284.183685302734375 266.668670654296875 273.456451416015625 293.7496337890625 273.651763916015625 269.72271728515625 279.810791015625 290.479156494140625 277.764068603515625 277.288116455078125 287.08251953125 288.124114990234375 286.8526611328125 302.73394775390625 254.643829345703125 251.3596649169921875 225.8813934326171875 214.80767822265625 197.3185272216796875 239.2796478271484375 269.99859619140625 246.88153076171875 232.576690673828125 205.3236846923828125 184.0278778076171875 192.96392822265625 177.238372802734375 175.6790313720703125
250.655029296875 259.9918212890625 291.8787841796875 301.93768310546875 309.804443359375 325.006866455078125 322.124420166015625 321.735321044921875 333.23858642578125 322.873504638671875 313.677337646484375 331.089691162109375 355.340911865234375 353.945037841796875 337.455780029296875 290.0126953125 270.743011474609375 245.280975341796875 264.446441650390625 278.19561767578125 297.692840576171875 326.0601806640625 328.72564697265625 304.65423583984375 278.701507568359375 263.227294921875 250.61883544921875 207.6460113525390625 273.0125732421875 264.6365966796875 230.46331787109375 229.4403839111328125 220.332489013671875 250.0955657958984375 255.629425048828125 246.1610260009765625 239.5653228759765625 219.55938720703125 191.30987548828125 162.7790374755859375 186.0496978759765625 205.874359130859375
301.404083251953125 303.833984375 307.54876708984375 300.096435546875 303.15667724609375 320.15069580078125 322.495025634765625 328.315338134765625 346.28179931640625 342.0660400390625 337.23419189453125 348.352508544921875 2.4900419712066650391 341.56427001953125 335.22393798828125 317.081878662109375 307.009735107421875 328.27557373046875 305.6068115234375 286.870758056640625 275.58685302734375 257.074127197265625 217.1475067138671875 219.4002227783203125 222.645965576171875 222.012786865234375 219.1433563232421875 207.220947265625 223.33905029296875 208.3254547119140625 197.4466094970703125 213.0232696533203125 207.381072998046875 233.12933349609375 236.83319091796875 212.0053863525390625 204.6103973388671875 202.8216094970703125 199.1027679443359375 153.97003173828125 211.428466796875 223.1113739013671875
266.267913818359375 268.86492919921875 276.612945556640625 278.022064208984375 277.549102783203125 286.63043212890625 299.21051025390625 313.651336669921875 333.324493408203125 342.916412353515625 350.030792236328125 6.087818145751953125 16.343191146850585938 340.709197998046875 329.419891357421875 328.60931396484375 306.63336181640625 312.64605712890625 287.2086181640625 261.090179443359375 225.530487060546875 204.200775146484375 184.5204925537109375 198.9038543701171875 211.929962158203125 198.567047119140625 220.235870361328125 226.4437255859375 228.6587677001953125 200.1700286865234375 208.0720672607421875 226.6596832275390625 217.63653564453125 228.9134979248046875 218.1727294921875 206.8959503173828125 177.2729949951171875 191.6254425048828125 197.5146942138671875 185.1938323974609375 200.7902069091796875 215.45489501953125
231.765869140625 239.3420257568359375 236.3095703125 241.38897705078125 245.91241455078125 253.8986053466796875 271.709228515625 284.912628173828125 285.5535888671875 222.1364288330078125 185.825408935546875 243.4337615966796875 16.858396530151367188 344.2479248046875 300.96337890625 311.5316162109375 296.99456787109375 216.7015533447265625 231.7878570556640625 243.1126708984375 206.8007659912109375 194.9582977294921875 201.4465179443359375 236.5908355712890625 236.069610595703125 215.2476806640625 256.746826171875 250.9739532470703125 240.60028076171875 239.2366180419921875 264.47210693359375 241.55670166015625 211.949432373046875 215.4552001953125 221.2036590576171875 226.87738037109375 159.701324462890625 192.03057861328125 215.53729248046875 232.7995758056640625 258.895599365234375 279.22930908203125
256.459716796875 245.0182342529296875 222.4299774169921875 224.0282440185546875 231.7484893798828125 247.7135467529296875 262.39349365234375 264.28887939453125 225.0004425048828125 176.8196563720703125 179.2145843505859375 225.80657958984375 218.3665771484375 153.4360504150390625 221.0273590087890625 230.90545654296875 176.1847381591796875 204.7165985107421875 246.139312744140625 238.13385009765625 190.88531494140625 178.3395843505859375 210.9630889892578125 243.7112274169921875 268.91864013671875 291.59417724609375 277.47509765625 251.9159088134765625 224.666290283203125 213.817626953125 208.66937255859375 191.5801544189453125 200.1822662353515625 225.2964019775390625 232.5584869384765625 224.999237060546875 200.3753814697265625 207.6461181640625 249.6758880615234375 282.43878173828125 302.1778564453125 310.332305908203125
259.038360595703125 218.529144287109375 218.9901885986328125 237.8184051513671875 248.760833740234375 256.3067626953125 254.28076171875 239.6202392578125 203.3440093994140625 210.17376708984375 303.689910888671875 295.71099853515625 201.500091552734375 171.8704681396484375 243.0342559814453125 227.5625152587890625 190.7116241455078125 246.595947265625 249.0575103759765625 222.580078125 194.533843994140625 169.9922027587890625 237.6187744140625 251.408538818359375 232.7398223876953125 224.9994659423828125 234.5824127197265625 215.4004058837890625 215.2927398681640625 215.3107452392578125 203.7131805419921875 190.32928466796875 235.5729217529296875 260.462799072265625 228.4229583740234375 235.5509796142578125 245.771728515625 170.754364013671875 217.30352783203125 252.6125335693359375 272.92449951171875 293.197906494140625
276.037078857421875 282.994354248046875 287.03741455078125 276.21502685546875 268.349517822265625 262.184326171875 243.0536041259765625 229.642608642578125 224.0282440185546875 239.696044921875 246.5937652587890625 147.72344970703125 159.2269287109375 210.4257965087890625 247.165557861328125 261.868408203125 274.185211181640625 262.09295654296875 249.34088134765625 245.9237213134765625 227.04376220703125 255.9631500244140625 247.62005615234375 223.237060546875 205.0161590576171875 218.35101318359375 220.4859771728515625 203.6135101318359375 208.5534820556640625 204.1175384521484375 210.8047943115234375 226.0047760009765625 253.1128387451171875 246.9690704345703125 226.3964385986328125 257.904937744140625 238.5830078125 205.9421539306640625 296.56451416015625 290.998046875 275.1253662109375 283.39239501953125
313.845855712890625 322.179962158203125 323.129638671875 311.681427001953125 290.414398193359375 287.27093505859375 294.733428955078125 286.997802734375 274.920166015625 251.564453125 230.2897796630859375 177.7067413330078125 69.2280426025390625 271.97314453125 236.888214111328125 227.8617706298828125 246.5705108642578125 265.313201904296875 252.9786529541015625 250.3448333740234375 280.783935546875 273.57763671875 160.709381103515625 198.9239044189453125 248.7899932861328125 263.65924072265625 236.8023529052734375 217.3584442138671875 218.47906494140625 209.054168701171875 211.4637451171875 229.8754425048828125 257.534393310546875 263.060882568359375 244.691314697265625 239.49346923828125 222.3455963134765625 240.501922607421875 276.902862548828125 298.177642822265625 281.6729736328125 276.7452392578125
334.2618408203125 330.207427978515625 336.1358642578125 337.0599365234375 322.311431884765625 314.999481201171875 317.28985595703125 315.42694091796875 307.234405517578125 332.699798583984375 288.43341064453125 222.2725830078125 146.3074798583984375 246.8023529052734375 230.7133026123046875 225.987457275390625 218.245574951171875 222.85198974609375 221.7590789794921875 264.0521240234375 294.324676513671875 48.011104583740234375 77.47357940673828125 318.06561279296875 299.826416015625 274.4664306640625 210.4257965087890625 235.668487548828125 266.25634765625 293.368865966796875 243.43524169921875 260.753204345703125 269.852783203125 257.8282470703125 217.0298614501953125 213.465057373046875 242.6217193603515625 268.474761962890625 263.867431640625 249.8053131103515625 250.1366729736328125 253.34893798828125
334.847503662109375 330.17230224609375 336.0972900390625 344.668182373046875 337.18133544921875 327.4346923828125 323.488037109375 319.084869384765625 308.25360107421875 5.0126481056213378906 65.85300445556640625 175.3631744384765625 167.469940185546875 215.7535858154296875 206.5667572021484375 232.8514556884765625 237.5272216796875 235.783233642578125 241.29302978515625 262.92626953125 244.1797332763671875 138.503082275390625 193.6691131591796875 249.589111328125 240.85870361328125 216.027252197265625 206.8619384765625 245.0945587158203125 260.719573974609375 275.10186767578125 337.9312744140625 299.423004150390625 278.833953857421875 255.529510498046875 279.462371826171875 288.758056640625 278.85723876953125 279.299713134765625 277.2056884765625 262.17047119140625 248.817962646484375 246.9904022216796875
314.244964599609375 311.986297607421875 314.9990234375 337.248382568359375 332.434417724609375 323.651763916015625 338.7125244140625 339.043701171875 274.969207763671875 158.1993560791015625 120.65032196044921875 139.57269287109375 165.9620819091796875 219.0950927734375 213.1118316650390625 220.234832763671875 251.5636444091796875 271.547271728515625 277.81494140625 271.660308837890625 247.2499237060546875 114.4432373046875 230.439117431640625 230.9467315673828125 225.724853515625 246.1391143798828125 289.22955322265625 295.973876953125 280.85577392578125 277.124420166015625 292.863800048828125 290.555389404296875 278.8409423828125 281.545166015625 302.318817138671875 299.577362060546875 255.69049072265625 254.9244384765625 251.1036376953125 249.1270904541015625 268.483856201171875 273.288787841796875
248.480743408203125 250.398468017578125 247.619110107421875 242.714874267578125 274.2139892578125 281.489044189453125 243.4387359619140625 150.3488616943359375 196.0484161376953125 172.2358856201171875 123.3111419677734375 45.006137847900390625 4.7628769874572753906 14.02849578857421875 258.690032958984375 241.9271697998046875 234.090057373046875 232.9071502685546875 244.0464935302734375 262.50341796875 275.19305419921875 102.09467315673828125 194.74163818359375 183.813873291015625 230.43994140625 261.8692626953125 273.256195068359375 273.238525390625 277.32550048828125 288.05364990234375 290.360931396484375 282.79132080078125 275.904998779296875 276.841461181640625 289.146881103515625 340.51324462890625 286.72735595703125 276.26678466796875 276.157989501953125 267.2724609375 264.361785888671875 257.73492431640625
247.95758056640625 247.2662353515625 243.0829620361328125 250.9838104248046875 264.1925048828125 254.6488800048828125 185.9052886962890625 90.00063323974609375 260.536773681640625 175.6031951904296875 158.95941162109375 304.99407958984375 13.391341209411621094 15.942884445190429688 319.39776611328125 338.628509521484375 316.78948974609375 266.761444091796875 228.0123443603515625 235.0966949462890625 194.743072509765625 146.0698089599609375 183.23870849609375 183.917999267578125 270.346160888671875 286.15655517578125 293.343231201171875 267.397216796875 267.95404052734375 278.672332763671875 292.495635986328125 296.564544677734375 295.42681884765625 282.48779296875 294.8223876953125 340.252166748046875 330.103912353515625 305.9801025390625 285.086334228515625 289.34075927734375 285.305938720703125 258.9063720703125
