wildfire/work/fuelmodels/1747/slope.asc
ncols        417
nrows        333
xllcorner    186660.000000000000
yllcorner    465170.000000000000
cellsize     5.000000000000
NODATA_value   -999
[rows 72 to 89 of 333, columns 280 to 319 of 417]
4.6624999046325683594 6.3597817420959472656 5.9736652374267578125 4.2556934356689453125 4.1151866912841796875 5.3342509269714355469 6.1594572067260742188 5.732692718505859375 5.9417433738708496094 6.4449224472045898438 7.5201764106750488281 7.9363493919372558594 6.6127777099609375 5.3266963958740234375 5.2189955711364746094 5.9763746261596679688 5.3947505950927734375 5.5078649520874023438 7.4927258491516113281 7.5300631523132324219 6.8452649116516113281 6.9408521652221679688 5.8559765815734863281 5.0078396797180175781 4.3549885749816894531 3.8415482044219970703 4.7060179710388183594 6.0227808952331542969 4.6616463661193847656 3.9218204021453857422 5.8113780021667480469 4.5984368324279785156 2.3689172267913818359 2.4331669807434082031 2.5337572097778320312 2.2325987815856933594 3.1916041374206542969 4.9451098442077636719 3.9706919193267822266 2.0740256309509277344
6.7681212425231933594 5.4883413314819335938 4.9189472198486328125 3.5416250228881835938 5.2890977859497070312 6.9321646690368652344 7.725681304931640625 7.5654535293579101562 7.0230450630187988281 5.8763017654418945312 4.5340189933776855469 4.5583291053771972656 5.1685237884521484375 5.0180845260620117188 3.1763710975646972656 3.5154266357421875 5.0619001388549804688 6.6625199317932128906 8.3729276657104492188 8.9149732589721679688 7.9915866851806640625 8.6678829193115234375 8.8067340850830078125 7.5646581649780273438 5.6221647262573242188 4.4494409561157226562 3.9041485786437988281 4.7689390182495117188 5.24623870849609375 6.5482339859008789062 7.0013613700866699219 5.9571247100830078125 4.7986555099487304688 3.863437652587890625 2.6086878776550292969 1.8011591434478759766 2.4196004867553710938 4.2242422103881835938 3.5813343524932861328 3.9382636547088623047
8.3910694122314453125 8.2199230194091796875 6.15801239013671875 5.3091793060302734375 5.7371592521667480469 5.9746861457824707031 5.2159056663513183594 5.3263268470764160156 5.8473844528198242188 5.9045319557189941406 5.6902890205383300781 4.700313568115234375 4.6066517829895019531 5.812137603759765625 5.963287353515625 5.0188803672790527344 4.8153314590454101562 6.7356710433959960938 6.9449105262756347656 8.1042814254760742188 7.887451171875 8.2381277084350585938 9.1228275299072265625 8.3208131790161132812 6.5923018455505371094 5.4608440399169921875 5.6498804092407226562 6.7725739479064941406 6.9662017822265625 6.8899402618408203125 6.2709116935729980469 5.3195056915283203125 4.1121149063110351562 4.1684365272521972656 4.736019134521484375 4.4534058570861816406 3.7748343944549560547 4.1167674064636230469 3.980350494384765625 3.1093010902404785156
6.9612307548522949219 7.3405971527099609375 6.8313617706298828125 6.8598194122314453125 5.3065948486328125 4.8869633674621582031 5.4411454200744628906 6.7411222457885742188 7.9303689002990722656 8.19957733154296875 7.7384572029113769531 6.4791722297668457031 5.048450469970703125 4.9034533500671386719 6.1633844375610351562 5.8339252471923828125 5.4474458694458007812 7.4395222663879394531 6.8213596343994140625 6.8940243721008300781 7.1444749832153320312 7.1229472160339355469 7.6385550498962402344 7.7332587242126464844 7.3433942794799804688 6.4179654121398925781 5.2804322242736816406 5.3191294670104980469 4.5464611053466796875 2.8763704299926757812 1.761393427848815918 3.1422984600067138672 3.1812880039215087891 4.5035400390625 6.100124359130859375 7.207088470458984375 7.4484090805053710938 6.5966558456420898438 4.0455307960510253906 2.7447168827056884766
4.74518585205078125 5.2370200157165527344 6.4367275238037109375 5.7389154434204101562 4.0727739334106445312 4.6892647743225097656 6.6800165176391601562 7.0424160957336425781 6.8651714324951171875 6.3787364959716796875 5.5884828567504882812 4.6454916000366210938 4.4293270111083984375 3.3097577095031738281 2.7905602455139160156 3.7752411365509033203 5.7286510467529296875 6.7038817405700683594 4.8187851905822753906 3.9386496543884277344 4.3837456703186035156 5.1492819786071777344 7.0138444900512695312 8.2496051788330078125 7.388553619384765625 8.1988210678100585938 9.1904420852661132812 9.0124483108520507812 8.1363477706909179688 7.4933195114135742188 7.140132904052734375 6.7143831253051757812 6.5109744071960449219 6.2163748741149902344 7.2417593002319335938 8.3563594818115234375 8.5502500534057617188 9.132678985595703125 10.086161613464355469 11.029623031616210938
3.1128675937652587891 4.0113043785095214844 4.8778796195983886719 5.5747838020324707031 6.8089847564697265625 8.0525350570678710938 7.8987073898315429688 5.8204579353332519531 5.0205006599426269531 4.9050898551940917969 6.4393157958984375 5.5382437705993652344 4.3559184074401855469 3.7662718296051025391 3.7209379673004150391 4.389499664306640625 4.4129967689514160156 3.7489120960235595703 2.9650087356567382812 3.0184018611907958984 4.5503506660461425781 5.2551698684692382812 4.7759079933166503906 6.1690273284912109375 6.0991420745849609375 8.1851949691772460938 10.4662017822265625 11.572798728942871094 10.358755111694335938 8.405029296875 8.0648956298828125 7.6741137504577636719 6.2949433326721191406 6.4092659950256347656 7.2967214584350585938 5.6849770545959472656 4.0327701568603515625 5.6533489227294921875 8.4286251068115234375 10.231320381164550781
3.4667949676513671875 3.198719024658203125 2.6843564510345458984 4.2928934097290039062 5.2512369155883789062 5.3602628707885742188 5.1528906822204589844 4.4443306922912597656 4.7893056869506835938 4.5844874382019042969 5.1495676040649414062 6.3736052513122558594 7.249591827392578125 8.8076152801513671875 8.4236383438110351562 6.9646883010864257812 3.7148165702819824219 2.3301551342010498047 3.4031074047088623047 4.7051420211791992188 6.0484323501586914062 5.4450330734252929688 4.5233216285705566406 5.6804399490356445312 5.5909132957458496094 5.938266754150390625 6.0444440841674804688 5.5578432083129882812 5.113037109375 5.1817808151245117188 6.4372072219848632812 7.8765282630920410156 8.7028875350952148438 9.0071392059326171875 6.7845120429992675781 4.7050595283508300781 3.9941699504852294922 6.6410007476806640625 6.6069250106811523438 4.6948466300964355469
5.4349398612976074219 4.2241387367248535156 4.5993323326110839844 5.4613189697265625 1.9221113920211791992 1.5275336503982543945 3.2251589298248291016 2.9784607887268066406 1.0822893381118774414 2.3861141204833984375 2.7343528270721435547 4.8905596733093261719 7.4494142532348632812 7.9362192153930664062 7.9454398155212402344 8.4790592193603515625 9.6193599700927734375 6.4253277778625488281 6.6961736679077148438 8.0284776687622070312 7.6579561233520507812 6.1357274055480957031 4.8449759483337402344 5.3834171295166015625 5.148193359375 5.1645212173461914062 5.287860870361328125 3.5106589794158935547 3.7348911762237548828 5.4327340126037597656 6.7431488037109375 7.1035490036010742188 8.0665607452392578125 8.2446746826171875 7.9221844673156738281 7.9359006881713867188 5.9687895774841308594 9.5939168930053710938 7.1576209068298339844 4.2834734916687011719
6.1787729263305664062 5.3111438751220703125 4.76575469970703125 5.9592647552490234375 3.8161025047302246094 2.7373225688934326172 4.5428009033203125 6.4828267097473144531 4.0732655525207519531 2.6032412052154541016 2.2486400604248046875 2.7905662059783935547 5.5953202247619628906 3.4691100120544433594 3.91860198974609375 5.8957428932189941406 9.2458600997924804688 9.37621307373046875 10.234639167785644531 10.378324508666992188 9.0644197463989257812 8.7547941207885742188 7.1075110435485839844 6.6237330436706542969 5.5932602882385253906 3.9442892074584960938 5.626216888427734375 5.5704374313354492188 4.8137664794921875 3.6984577178955078125 4.0349063873291015625 4.5790867805480957031 4.5494713783264160156 4.4553442001342773438 4.7550444602966308594 8.3284444808959960938 8.7894687652587890625 9.477809906005859375 5.250858306884765625 3.9828784465789794922
6.5037064552307128906 6.3573307991027832031 5.2253565788269042969 5.4752969741821289062 5.0751352310180664062 4.0447621345520019531 3.5633535385131835938 6.1083574295043945312 6.0387716293334960938 4.4170022010803222656 3.7473125457763671875 4.1429314613342285156 3.9370968341827392578 0.61780297756195068359 1.1472165584564208984 2.7441399097442626953 2.7352726459503173828 4.6987009048461914062 7.462192535400390625 6.7876868247985839844 5.633014678955078125 7.7459802627563476562 8.2999372482299804688 9.4763393402099609375 10.120758056640625 7.286396026611328125 6.7667217254638671875 5.8687844276428222656 6.2668318748474121094 5.0922822952270507812 4.59580230712890625 4.2030568122863769531 2.4845700263977050781 2.4864037036895751953 2.4536461830139160156 4.95479583740234375 6.8466382026672363281 5.95180511474609375 4.8756976127624511719 6.0982303619384765625
5.4341082572937011719 6.2654633522033691406 4.4033761024475097656 4.8573517799377441406 3.510089874267578125 1.7739937305450439453 1.1068040132522583008 3.8797287940979003906 6.2625555992126464844 5.4474406242370605469 5.3277420997619628906 6.7655215263366699219 6.4980597496032714844 5.0604085922241210938 3.8515291213989257812 4.1415886878967285156 3.3600740432739257812 3.4618399143218994141 3.9875724315643310547 3.6051106452941894531 2.2244501113891601562 3.0016005039215087891 6.4254689216613769531 8.8174066543579101562 10.887410163879394531 10.784818649291992188 6.5807843208312988281 7.10501861572265625 8.0440664291381835938 8.2213945388793945312 6.4748091697692871094 4.78296661376953125 4.4084143638610839844 6.4261746406555175781 6.846935272216796875 5.0388441085815429688 2.2907581329345703125 2.3534862995147705078 2.8274519443511962891 4.7360239028930664062
3.5620987415313720703 6.8821468353271484375 4.3535890579223632812 5.0922827720642089844 2.8573374748229980469 0.7455393671989440918 0.85615909099578857422 2.1670649051666259766 3.2747509479522705078 4.595699310302734375 4.7051458358764648438 4.9816946983337402344 5.0373430252075195312 4.5746808052062988281 4.31505584716796875 4.2631511688232421875 3.7971043586730957031 5.2200503349304199219 4.8760046958923339844 6.1953792572021484375 7.0811786651611328125 4.1352486610412597656 2.4095337390899658203 3.0879349708557128906 3.7158958911895751953 8.5675477981567382812 9.34981536865234375 10.960290908813476562 9.7319612503051757812 11.079168319702148438 10.899670600891113281 8.8828592300415039062 8.7527704238891601562 8.7947587966918945312 6.1897726058959960938 5.3277349472045898438 5.665363311767578125 7.9560790061950683594 8.7532854080200195312 7.1634263992309570312
1.2244656085968017578 6.5394153594970703125 4.9525532722473144531 4.677623748779296875 4.1508646011352539062 3.9940288066864013672 3.5713086128234863281 2.8082635402679443359 1.6961345672607421875 2.7885756492614746094 5.1035637855529785156 3.9875724315643310547 3.7022812366485595703 4.4331912994384765625 3.9799757003784179688 3.711551666259765625 3.8300888538360595703 2.5293614864349365234 4.316925048828125 4.8803582191467285156 6.7514748573303222656 6.7649273872375488281 5.9322414398193359375 5.8191537857055664062 2.787837982177734375 1.7159931659698486328 7.2073683738708496094 8.2824859619140625 6.7967853546142578125 8.6229000091552734375 11.916501045227050781 13.358705520629882812 11.745259284973144531 9.897121429443359375 9.0818052291870117188 10.327885627746582031 11.656863212585449219 13.768973350524902344 14.033000946044921875 11.54898834228515625
1.8159923553466796875 5.1555347442626953125 4.7520761489868164062 3.7559137344360351562 3.4363372325897216797 2.2223732471466064453 3.1949169635772705078 3.4666438102722167969 2.1191492080688476562 1.3233957290649414062 3.8745377063751220703 4.2359662055969238281 2.5203344821929931641 3.0813734531402587891 3.0036332607269287109 3.3433241844177246094 4.9267292022705078125 1.4601227045059204102 2.8672304153442382812 4.6264495849609375 5.2300844192504882812 5.6719350814819335938 4.8762278556823730469 5.9447011947631835938 5.3726482391357421875 4.3041539192199707031 5.888477325439453125 5.1835179328918457031 1.6766202449798583984 3.3928384780883789062 4.5164041519165039062 6.6976594924926757812 8.2923936843872070312 8.8806133270263671875 10.033102989196777344 12.344483375549316406 13.461922645568847656 12.746922492980957031 10.890316009521484375 12.656924247741699219
3.2162065505981445312 3.4864063262939453125 3.5371906757354736328 2.6065452098846435547 2.9120266437530517578 1.7309598922729492188 1.307994842529296875 3.1990349292755126953 2.7929253578186035156 0.87775886058807373047 1.9383544921875 4.2069029808044433594 2.5411114692687988281 1.522547602653503418 3.7256808280944824219 4.2332091331481933594 4.7520751953125 4.3680515289306640625 3.7294721603393554688 4.9444169998168945312 5.260532379150390625 5.5345783233642578125 4.2674226760864257812 4.1079421043395996094 4.423492431640625 5.7212572097778320312 7.44139862060546875 9.8251171112060546875 9.4101924896240234375 10.152817726135253906 11.141732215881347656 5.7725324630737304688 2.9643256664276123047 3.4320635795593261719 3.9966723918914794922 3.2741675376892089844 2.8946034908294677734 5.2057323455810546875 5.3034691810607910156 6.9448337554931640625
4.0512666702270507812 3.1269679069519042969 3.3296949863433837891 3.1640779972076416016 2.3950259685516357422 1.7842339277267456055 1.0305421352386474609 3.4730570316314697266 3.0222561359405517578 0.85969936847686767578 1.468073725700378418 3.9127867221832275391 2.43543243408203125 1.7088963985443115234 3.8478474617004394531 5.1343770027160644531 6.4776072502136230469 5.6184096336364746094 2.6633574962615966797 3.2999837398529052734 4.74741363525390625 6.1803350448608398438 4.5277919769287109375 3.5871148109436035156 3.0183923244476318359 3.9733684062957763672 5.2666802406311035156 6.9714059829711914062 8.2432851791381835938 9.9242467880249023438 13.2152099609375 12.013385772705078125 9.4578037261962890625 8.9042644500732421875 9.7024126052856445312 9.2650632858276367188 8.6832742691040039062 9.1602306365966796875 8.0859584808349609375 6.1489892005920410156
3.3906073570251464844 1.9593851566314697266 3.7408316135406494141 4.4711537361145019531 1.8942605257034301758 0.71149003505706787109 2.2714676856994628906 2.8424324989318847656 2.9239709377288818359 3.0735030174255371094 2.2378180027008056641 2.9446530342102050781 3.3327443599700927734 2.5774867534637451172 3.0163817405700683594 3.4711613655090332031 2.7650771141052246094 2.7681782245635986328 2.9472229480743408203 2.1127023696899414062 2.9636394977569580078 5.9784789085388183594 5.4174909591674804688 3.642726898193359375 3.3205771446228027344 3.3371205329895019531 2.9874215126037597656 2.4484891891479492188 1.0989965200424194336 2.0423247814178466797 6.0191545486450195312 8.3371095657348632812 7.2697863578796386719 5.5316967964172363281 7.6540255546569824219 8.4799509048461914062 7.9204349517822265625 10.0860595703125 11.456871986389160156 10.946423530578613281
1.8684549331665039062 0.99098730087280273438 2.5647075176239013672 3.8974022865295410156 3.5949828624725341797 2.2155337333679199219 3.2498190402984619141 3.1229240894317626953 1.9017316102981567383 3.1301991939544677734 3.3650200366973876953 3.3910605907440185547 3.6312122344970703125 2.7180430889129638672 2.4445600509643554688 2.9711399078369140625 2.0701112747192382812 1.3172488212585449219 3.1878113746643066406 2.1990528106689453125 2.4227399826049804688 6.1497507095336914062 6.7249989509582519531 2.6362595558166503906 2.4352269172668457031 3.8457405567169189453 3.9936392307281494141 2.5696117877960205078 0.78778910636901855469 2.3398988246917724609 2.77400970458984375 2.6769976615905761719 4.8036904335021972656 3.2092938423156738281 4.2593703269958496094 6.0170807838439941406 5.8417949676513671875 6.2570376396179199219 5.9763741493225097656 7.3442296981811523438
