wildfire/work/fuelmodels/1747/slope.asc
ncols        417
nrows        333
xllcorner    186660.000000000000
yllcorner    465170.000000000000
cellsize     5.000000000000
NODATA_value   -999
[rows 198 to 215 of 333, columns 320 to 359 of 417]
0.55661034584045410156 0.61453354358673095703 1.5619504451751708984 1.4804072380065917969 1.7429040670394897461 2.8251214027404785156 3.3569049835205078125 2.4085209369659423828 1.3681472539901733398 1.7336107492446899414 1.2094886302947998047 1.9624494314193725586 2.4906735420227050781 1.0270955562591552734 2.4519751071929931641 5.6320314407348632812 3.0259048938751220703 2.6287631988525390625 2.5209710597991943359 0.55571502447128295898 0.97605049610137939453 7.2659754753112792969 11.293295860290527344 5.4885311126708984375 0.5031407475471496582 1.763997197151184082 1.8945268392562866211 0.32758623361587524414 1.7192608118057250977 3.209125518798828125 1.5936845541000366211 3.6805346012115478516 5.7462887763977050781 4.0836834907531738281 2.8116672039031982422 3.7048757076263427734 8.0509252548217773438 4.5491118431091308594 4.0706501007080078125 2.1457257270812988281
0.99457097053527832031 0.22946400940418243408 1.0591429471969604492 2.515529632568359375 2.1126868724822998047 2.6841533184051513672 3.4165496826171875 1.8496695756912231445 1.4909950494766235352 1.9697054624557495117 0.86849862337112426758 1.6874227523803710938 2.9396657943725585938 1.9038752317428588867 2.0045595169067382812 5.976192474365234375 4.5072054862976074219 1.1529422998428344727 1.7862293720245361328 2.7739939689636230469 2.6540122032165527344 0 3.2201395034790039062 5.8909578323364257812 5.4723520278930664062 1.4708135128021240234 1.3498953580856323242 0.44660368561744689941 1.0934453010559082031 3.1180653572082519531 1.489640355110168457 1.7570669651031494141 5.2576642036437988281 7.4140682220458984375 6.0768971443176269531 5.2735700607299804688 6.242298126220703125 2.2098116874694824219 2.3799767494201660156 0.49499776959419250488
1.7943956851959228516 1.7691354751586914062 2.3465976715087890625 1.8234982490539550781 2.1635744571685791016 1.7613967657089233398 3.8490045070648193359 2.9446332454681396484 2.0246241092681884766 1.4405740499496459961 0.20377039909362792969 0.90049558877944946289 2.4397988319396972656 2.9377846717834472656 5.3419022560119628906 7.0700778961181640625 3.6075735092163085938 0.34418833255767822266 1.3079954385757446289 2.6179487705230712891 5.3767676353454589844 9.511669158935546875 5.6136636734008789062 7.0952725410461425781 6.3028540611267089844 0 1.3502594232559204102 0.76428884267807006836 0.69782632589340209961 3.5987710952758789062 3.5054814815521240234 2.2155272960662841797 1.4666932821273803711 8.9807176589965820312 9.5250682830810546875 2.8652911186218261719 2.0629987716674804688 2.6758565902709960938 1.5748152732849121094 1.5304968357086181641
1.3423831462860107422 1.3977941274642944336 1.0836803913116455078 1.9676291942596435547 3.5154168605804443359 2.2676448822021484375 2.8509371280670166016 4.0772147178649902344 2.3678088188171386719 1.6653952598571777344 1.1476281881332397461 1.192625880241394043 1.7599570751190185547 5.0992040634155273438 8.3493442535400390625 5.5341081619262695312 2.2362182140350341797 1.1651858091354370117 1.700589299201965332 2.4279127120971679688 7.3877844810485839844 8.167469024658203125 1.1136314868927001953 1.8389675617218017578 3.2287452220916748047 5.1222958564758300781 1.7183587551116943359 0.65598696470260620117 1.237630009651184082 4.7657418251037597656 3.528308868408203125 1.2538491487503051758 1.0186623334884643555 6.7660679817199707031 10.260869979858398438 6.1030077934265136719 2.2993502616882324219 1.2290410995483398438 1.7362661361694335938 2.7061002254486083984
0.6178436279296875 0.58067715167999267578 0.35576307773590087891 0.91836851835250854492 3.8320803642272949219 4.7346301078796386719 3.1361598968505859375 5.8176932334899902344 4.1337976455688476562 2.8086214065551757812 1.4189814329147338867 1.0504696369171142578 0.47726833820343017578 5.8693089485168457031 8.512683868408203125 4.5396680831909179688 1.0576697587966918945 2.3759613037109375 3.5324749946594238281 3.8172450065612792969 4.7444338798522949219 7.2532324790954589844 5.377429962158203125 4.2421245574951171875 5.818706512451171875 5.55004119873046875 3.5448918342590332031 2.4780497550964355469 2.8154377937316894531 6.6530866622924804688 4.7711133956909179688 0.61782735586166381836 0.30016297101974487305 5.0124034881591796875 6.5120019912719726562 5.9439172744750976562 4.9250779151916503906 2.6950757503509521484 2.2452886104583740234 2.7126522064208984375
0.43278351426124572754 0.063628926873207092285 0.33823305368423461914 0.13501156866550445557 1.3737004995346069336 5.553417205810546875 6.0538434982299804688 7.01757049560546875 2.9239776134490966797 2.684177398681640625 0.40250644087791442871 0.34272724390029907227 0.18553748726844787598 3.873394012451171875 6.7991490364074707031 7.9090647697448730469 5.396968841552734375 2.2362213134765625 1.046619415283203125 3.6584942340850830078 2.9869196414947509766 4.9280476570129394531 3.6895649433135986328 2.877086639404296875 5.0419287681579589844 5.7585291862487792969 5.7781076431274414062 3.8833775520324707031 2.1037986278533935547 7.7812552452087402344 6.8972735404968261719 2.3063905239105224609 2.4520227909088134766 4.3577876091003417969 3.5724532604217529297 4.2350969314575195312 4.505649566650390625 2.93207550048828125 3.9875583648681640625 3.3312153816223144531
2.0452697277069091797 0.98016381263732910156 0.47727319598197937012 0.54184126853942871094 0.79803907871246337891 4.4092497825622558594 7.5874991416931152344 4.7150101661682128906 1.0672078132629394531 2.0204222202301025391 0.27371421456336975098 0.40501511096954345703 0.49397045373916625977 1.912392735481262207 2.2180657386779785156 6.2570104598999023438 8.5338430404663085938 8.2463655471801757812 8.1276569366455078125 4.6567277908325195312 2.9654955863952636719 3.2574105262756347656 1.1581845283508300781 1.642178654670715332 3.0036375522613525391 3.1583070755004882812 3.6572630405426025391 2.3996930122375488281 1.2631022930145263672 8.5700464248657226562 8.1042947769165039062 1.2277977466583251953 2.1203632354736328125 2.4331314563751220703 1.3861742019653320312 3.4853787422180175781 3.7262041568756103516 2.0482833385467529297 3.5303323268890380859 4.5159382820129394531
3.1848022937774658203 2.0386242866516113281 1.5978186130523681641 1.665406346321105957 1.2006726264953613281 1.8843911886215209961 0 0 0 0.28815290331840515137 0.64897423982620239258 1.0186752080917358398 1.2703064680099487305 2.0294280052185058594 2.4662022590637207031 4.5785369873046875 7.2229533195495605469 7.4795122146606445312 5.5571126937866210938 3.8332726955413818359 3.9166398048400878906 3.467205047607421875 0.70291107892990112305 0.78263747692108154297 2.3748879432678222656 3.7209453582763671875 4.1995759010314941406 1.9676209688186645508 1.0111957788467407227 7.6857333183288574219 8.4198551177978515625 3.0715389251708984375 1.6544327735900878906 1.4289164543151855469 1.3506790399551391602 2.9733555316925048828 3.3284547328948974609 1.6013028621673583984 1.6547685861587524414 2.6911251544952392578
2.7549879550933837891 1.0695869922637939453 0.43280136585235595703 1.7671188116073608398 1.9417270421981811523 0.84005922079086303711 0.58672410249710083008 0 0 0 0 2.7500185966491699219 1.7221555709838867188 1.5092198848724365234 0.25656950473785400391 1.4300007820129394531 2.9752161502838134766 2.2567286491394042969 3.7120840549468994141 4.1473240852355957031 3.9940402507781982422 4.387760162353515625 2.6471788883209228516 1.3412506580352783203 2.8369152545928955078 4.5428342819213867188 3.722293853759765625 2.7088983058929443359 2.3952350616455078125 5.1183590888977050781 5.6735410690307617188 6.0703806877136230469 3.8479785919189453125 1.9302241802215576172 2.7327191829681396484 4.0482916831970214844 4.0969715118408203125 2.2916300296783447266 1.679026484489440918 2.6032717227935791016
3.4946341514587402344 2.1191372871398925781 0.72000110149383544922 1.6378505229949951172 2.6661839485168457031 1.4639256000518798828 0.80495840311050415039 1.0504497289657592773 1.9518953561782836914 3.2130951881408691406 2.5706102848052978516 3.2210781574249267578 1.8356366157531738281 2.6890435218811035156 1.0695784091949462891 1.0808923244476318359 2.5815987586975097656 2.9279634952545166016 4.4057726860046386719 3.1863570213317871094 2.6154613494873046875 4.3837270736694335938 3.0780899524688720703 0.96615320444107055664 2.8672280311584472656 3.95401763916015625 3.2199809551239013672 3.5265839099884033203 4.3577508926391601562 3.5154070854187011719 1.8619477748870849609 4.2755727767944335938 3.4456009864807128906 2.1633310317993164062 3.1691966056823730469 4.8839831352233886719 4.2070159912109375 1.909945368766784668 1.1529676914215087891 1.4514244794845581055
3.7001166343688964844 3.9851419925689697266 1.9924203157424926758 1.4003278017044067383 2.5016100406646728516 2.4618821144104003906 2.7674350738525390625 1.8145726919174194336 2.2063989639282226562 4.4386758804321289062 3.4255983829498291016 3.0746607780456542969 2.9746909141540527344 2.8395760059356689453 1.9604256153106689453 0.37109008431434631348 1.852947235107421875 2.4304649829864501953 4.731121063232421875 3.2075655460357666016 2.1654353141784667969 4.3680467605590820312 2.8486843109130859375 1.6874712705612182617 2.5853052139282226562 2.1336815357208251953 4.4084420204162597656 4.58797454833984375 3.8803608417510986328 3.2907719612121582031 2.79491424560546875 3.5565760135650634766 2.0871546268463134766 2.63185882568359375 3.5427567958831787109 3.2185542583465576172 4.9906110763549804688 5.119068145751953125 1.9320908784866333008 0.68020993471145629883
2.4030609130859375 3.3205657005310058594 2.2836797237396240234 1.2116003036499023438 1.5799722671508789062 0.80495840311050415039 2.2495005130767822266 1.7785344123840332031 0.95453405380249023438 3.3593058586120605469 4.4586348533630371094 2.9711632728576660156 3.2745959758758544922 3.7256808280944824219 2.1988229751586914062 1.5748494863510131836 1.1245042085647583008 2.4628911018371582031 5.0667672157287597656 3.9115123748779296875 2.8804047107696533203 3.3393945693969726562 1.9679063558578491211 1.7827950716018676758 1.8835391998291015625 1.3685245513916015625 4.90201568603515625 4.6559858322143554688 3.0404019355773925781 3.2784547805786132812 3.0749745368957519531 3.0858278274536132812 2.8961625099182128906 3.5611069202423095703 3.5393364429473876953 3.0772480964660644531 3.5404613018035888672 4.3176388740539550781 3.8479785919189453125 1.9984818696975708008
2.80826568603515625 3.2723023891448974609 2.9458570480346679688 1.3378620147705078125 1.4680886268615722656 1.1836926937103271484 1.3260478973388671875 1.6378297805786132812 0.79546761512756347656 1.9534201622009277344 4.5506997108459472656 3.7121350765228271484 2.0203981399536132812 2.8652691841125488281 3.0749900341033935547 1.9123580455780029297 1.1943358182907104492 2.5835433006286621094 5.0595965385437011719 3.9128034114837646484 2.3742547035217285156 2.3759393692016601562 1.6063321828842163086 1.940722346305847168 2.6570959091186523438 2.5498480796813964844 4.2154154777526855469 3.2389256954193115234 3.7262148857116699219 3.6980307102203369141 2.1374330520629882812 2.7884047031402587891 2.0951454639434814453 2.6758716106414794922 2.9774229526519775391 3.0601274967193603516 3.5507528781890869141 2.561767578125 3.3977448940277099609 3.0931520462036132812
2.5187022686004638672 2.8395938873291015625 3.9627063274383544922 1.9969849586486816406 0.92766839265823364258 1.8773784637451171875 1.6223213672637939453 1.7008918523788452148 1.6304221153259277344 1.4690991640090942383 3.314182281494140625 3.7868981361389160156 2.1189017295837402344 3.2838442325592041016 3.7843625545501708984 2.1028339862823486328 3.0911848545074462891 4.1414828300476074219 4.1667509078979492188 3.5066289901733398438 1.5936996936798095703 2.5607578754425048828 1.7553349733352661133 1.5799738168716430664 2.7923636436462402344 2.9460065364837646484 3.6611495018005371094 2.4906837940216064453 3.5204322338104248047 4.0335087776184082031 2.7068300247192382812 3.9534993171691894531 2.9811751842498779297 2.3560786247253417969 2.6905477046966552734 4.2102351188659667969 3.8301174640655517578 1.9802005290985107422 3.3083596229553222656 3.4094557762145996094
2.5531842708587646484 1.8795046806335449219 3.8293304443359375 2.9733734130859375 0.44547170400619506836 1.1298921108245849609 1.2841880321502685547 0.58409714698791503906 1.2667275667190551758 2.301540374755859375 3.5812067985534667969 3.4875953197479248047 2.967540740966796875 3.8983178138732910156 3.5983824729919433594 1.9518414735794067383 3.2901401519775390625 3.6165881156921386719 2.9600288867950439453 2.5991361141204833984 1.0957731008529663086 2.5586075782775878906 2.273006439208984375 1.394877314567565918 3.6295480728149414062 3.3152613639831542969 2.2763738632202148438 2.5058665275573730469 2.3465912342071533203 3.9423472881317138672 2.98400115966796875 3.3719475269317626953 4.4929118156433105469 2.023410797119140625 2.1513528823852539062 4.4358949661254882812 3.726654052734375 1.9789454936981201172 3.3558585643768310547 4.1030063629150390625
3.7184526920318603516 2.5551960468292236328 3.0728516578674316406 3.6552228927612304688 1.0989918708801269531 0.75901019573211669922 1.7887651920318603516 0.8370037078857421875 1.083703160285949707 3.9565627574920654297 4.5444936752319335938 3.0859706401824951172 2.9980459213256835938 3.6527154445648193359 2.6479330062866210938 2.0642344951629638672 2.9239628314971923828 3.7847523689270019531 3.1014995574951171875 1.6934312582015991211 1.4132814407348632812 2.2810370922088623047 1.8364809751510620117 2.1763904094696044922 4.6729102134704589844 2.5072653293609619141 1.0934418439865112305 2.4756102561950683594 1.8641204833984375 4.4316797256469726562 3.7837584018707275391 2.7173168659210205078 3.8237833976745605469 1.7614127397537231445 2.6557424068450927734 3.7461953163146972656 3.288913726806640625 2.4528264999389648438 2.8258697986602783203 3.5399076938629150391
3.0714888572692871094 3.2012245655059814453 2.4398043155670166016 3.7623932361602783203 2.3342630863189697266 0.75634479522705078125 2.1488082408905029297 2.0571229457855224609 1.7599649429321289062 4.4634962081909179688 4.2712202072143554688 1.0576587915420532227 2.4612436294555664062 3.4163014888763427734 2.1635406017303466797 2.3257935047149658203 3.0728321075439453125 2.7038938999176025391 2.9161951541900634766 2.2710101604461669922 1.9438335895538330078 2.2495453357696533203 1.2825803756713867188 2.965488433837890625 4.0802197456359863281 2.0371425151824951172 1.7159886360168457031 2.1551327705383300781 2.4003055095672607422 4.8789725303649902344 3.8467812538146972656 2.6768276691436767578 3.3727011680603027344 2.2768082618713378906 2.8672268390655517578 2.3646221160888671875 3.3528122901916503906 3.6517307758331298828 2.6462392807006835938 2.5741472244262695312
2.4756209850311279297 3.0352621078491210938 1.9123407602310180664 3.0352728366851806641 3.4944868087768554688 0.6442978978157043457 1.4818173646926879883 3.6980638504028320312 1.6946197748184204102 2.8053772449493408203 4.0415410995483398438 2.9731814861297607422 3.4137690067291259766 4.2727379798889160156 1.9931594133377075195 2.7085270881652832031 3.0670754909515380859 1.6739217042922973633 2.6768181324005126953 3.3178389072418212891 2.5259432792663574219 1.7221877574920654297 2.1229541301727294922 3.9688944816589355469 2.3405625820159912109 1.1841334104537963867 2.762134552001953125 2.3055028915405273438 1.9789384603500366211 4.3461289405822753906 4.3168840408325195312 3.2909266948699951172 3.5564322471618652344 3.5914707183837890625 2.7113285064697265625 1.686549067497253418 5.0335407257080078125 4.2541422843933105469 1.3457877635955810547 2.5617456436157226562
