wildfire/work/fuelmodels/1747/slope.asc
ncols        417
nrows        333
xllcorner    186660.000000000000
yllcorner    465170.000000000000
cellsize     5.000000000000
NODATA_value   -999
[rows 162 to 179 of 333, columns 200 to 239 of 417]
2.277496337890625 2.3160002231597900391 1.3107252120971679688 2.3629100322723388672 2.0120906829833984375 0.63397657871246337891 2.2843620777130126953 2.0045602321624755859 2.0371115207672119141 2.4087009429931640625 2.2337079048156738281 1.8551605939865112305 1.9417513608932495117 1.9727770090103149414 4.0094141960144042969 4.4548716545104980469 2.5925631523132324219 2.9196372032165527344 3.0588231086730957031 3.8395774364471435547 3.4719109535217285156 2.2810027599334716797 4.7791523933410644531 4.3421258926391601562 2.4643437862396240234 2.4103827476501464844 2.4651582241058349609 1.8824568986892700195 1.4128842353820800781 1.9221242666244506836 1.1738094091415405273 3.3141789436340332031 3.0853524208068847656 2.2533409595489501953 3.2075324058532714844 0.8684647679328918457 2.5443046092987060547 2.9906547069549560547 3.0616431236267089844 3.0772693157196044922
2.4246454238891601562 2.6241474151611328125 1.5324571132659912109 2.5456864833831787109 2.4596033096313476562 1.6654092073440551758 2.1341547966003417969 2.6410534381866455078 2.045299530029296875 0.7961108088493347168 2.8188421726226806641 2.9021270275115966797 2.2452440261840820312 3.3132674694061279297 4.372570037841796875 4.0128221511840820312 2.7506153583526611328 2.8326568603515625 2.8095264434814453125 2.6379783153533935547 3.6890459060668945312 3.8341588973999023438 5.2451710700988769531 4.9672031402587890625 2.3534679412841796875 1.6310117244720458984 1.8159673213958740234 1.2826099395751953125 1.0127351284027099609 2.1237168312072753906 2.4864141941070556641 3.3492243289947509766 2.5059001445770263672 2.9472131729125976562 3.3432736396789550781 1.2073857784271240234 2.8183543682098388672 4.0751399993896484375 4.2283306121826171875 4.2001729011535644531
2.0912787914276123047 3.1229267120361328125 2.117931365966796875 1.6838808059692382812 1.0533710718154907227 1.4405231475830078125 1.8846253156661987305 2.6841692924499511719 1.8717062473297119141 2.3299133777618408203 3.5035824775695800781 2.9272503852844238281 2.6479249000549316406 3.9576137065887451172 3.3578121662139892578 3.440296173095703125 3.0472416877746582031 1.9155126810073852539 1.9352257251739501953 2.4387567043304443359 4.5782003402709960938 4.400249481201171875 4.7351837158203125 4.6526570320129394531 1.4405714273452758789 0.73804843425750732422 1.7918702363967895508 1.7842411994934082031 2.5678534507751464844 2.8450908660888671875 3.7537488937377929688 4.3726801872253417969 3.9134361743927001953 4.4512338638305664062 2.7716231346130371094 1.2115888595581054688 3.9661319255828857422 5.418212890625 4.973480224609375 4.0403919219970703125
1.9676527976989746094 3.8875391483306884766 2.2863113880157470703 0.92934453487396240234 1.3199595212936401367 1.7570693492889404297 2.6677258014678955078 2.0679116249084472656 2.9120173454284667969 2.7542526721954345703 2.4395916461944580078 2.3609976768493652344 3.0780994892120361328 3.3655073642730712891 2.0482501983642578125 3.1499845981597900391 2.5538434982299804688 0.76961052417755126953 1.6937510967254638672 3.2414126396179199219 4.41217803955078125 3.4983813762664794922 4.4098234176635742188 4.4539628028869628906 2.1265265941619873047 1.8179655075073242188 2.9643237590789794922 2.7367627620697021484 2.8408143520355224609 2.8166775703430175781 3.7918972969055175781 3.5858352184295654297 2.9746687412261962891 4.0403909683227539062 3.4202678203582763672 4.8252658843994140625 6.718418121337890625 5.1571149826049804688 2.313831329345703125 2.2289905548095703125
3.4842488765716552734 3.827304840087890625 2.5466799736022949219 2.9377751350402832031 3.1288862228393554688 2.4575300216674804688 3.2815136909484863281 2.3983676433563232422 2.0063395500183105469 3.3280434608459472656 1.2873322963714599609 2.0211532115936279297 3.4572923183441162109 2.6941583156585693359 1.0186774730682373047 4.4551992416381835938 4.6377444267272949219 0.79737716913223266602 2.0571253299713134766 3.5938680171966552734 3.1873290538787841797 3.5993547439575195312 4.5400452613830566406 4.9003243446350097656 3.0894024372100830078 2.2043402194976806641 2.9485757350921630859 1.9778944253921508789 1.5195811986923217773 1.3118900060653686523 3.0036153793334960938 3.8875489234924316406 3.2746167182922363281 3.6842391490936279297 3.4619495868682861328 3.8511023521423339844 3.3910651206970214844 1.5593323707580566406 4.3374524116516113281 6.2258315086364746094
3.3761143684387207031 2.3848602771759033203 2.4706773757934570312 2.3160002231597900391 0.73460429906845092773 0.70433628559112548828 2.7666966915130615234 1.6790137290954589844 1.3978151082992553711 3.1366918087005615234 2.5706102848052978516 2.4942963123321533203 3.47055816650390625 2.4354815483093261719 2.0452823638916015625 2.4831213951110839844 4.5420236587524414062 2.6433291435241699219 3.58585357666015625 3.3965725898742675781 2.2549197673797607422 3.8901770114898681641 4.3056659698486328125 5.1480741500854492188 3.2061467170715332031 1.7507492303848266602 3.2722923755645751953 1.5978010892868041992 0.70650315284729003906 1.6720854043960571289 3.6864249706268310547 4.1451482772827148438 3.0103552341461181641 1.5911111831665039062 1.3999662399291992188 3.8897609710693359375 5.9831290245056152344 6.0902523994445800781 5.6479382514953613281 3.1180803775787353516
3.3141598701477050781 2.3483171463012695312 2.5193307399749755859 2.4780659675598144531 0.3197771608829498291 0.54187548160552978516 2.4387567043304443359 2.4009048938751220703 2.4053719043731689453 2.8568329811096191406 3.0382428169250488281 2.4546406269073486328 2.5283534526824951172 2.4445908069610595703 2.7143068313598632812 3.6895649433135986328 2.0689070224761962891 4.1023831367492675781 3.890148162841796875 1.9697054624557495117 1.7405798435211181641 3.9436748027801513672 3.7746837139129638672 4.4982409477233886719 3.2192060947418212891 1.3091868162155151367 2.6154613494873046875 2.6055727005004882812 1.4317606687545776367 3.3696560859680175781 3.7741749286651611328 1.5088990926742553711 3.1494998931884765625 4.375308990478515625 4.7218155860900878906 4.3489360809326171875 3.5404789447784423828 1.8145977258682250977 1.5354772806167602539 4.8811984062194824219
3.6879220008850097656 2.2750296592712402344 2.0796406269073486328 2.6282048225402832031 0.56921541690826416016 1.449004054069519043 2.06081390380859375 2.1971685886383056641 2.8122084140777587891 2.2596528530120849609 2.744152069091796875 2.0502061843872070312 2.1447851657867431641 2.6616539955139160156 2.4544787406921386719 0.78264832496643066406 0.62998694181442260742 2.717479705810546875 4.4147191047668457031 3.5444705486297607422 2.9239654541015625 4.5201168060302734375 3.1712403297424316406 4.5862145423889160156 4.2665014266967773438 1.6088942289352416992 1.2667171955108642578 2.7373018264770507812 2.3118345737457275391 2.7825531959533691406 4.474315643310546875 5.1695094108581542969 4.7379560470581054688 3.5406076908111572266 1.1099816560745239258 1.5118845701217651367 4.1018075942993164062 3.6611444950103759766 3.4094929695129394531 3.3683476448059082031
4.45157623291015625 2.6287631988525390625 1.7963843345642089844 2.7659716606140136719 0.89147508144378662109 1.2116098403930664062 0.81494313478469848633 1.7570750713348388672 2.9353454113006591797 2.2034215927124023438 2.6966054439544677734 2.6769976615905761719 2.6231782436370849609 2.6392920017242431641 2.2269220352172851562 2.1028749942779541016 1.8365105390548706055 1.7289217710494995117 3.0985620021820068359 3.2847712039947509766 3.5724332332611083984 4.6728920936584472656 2.74411773681640625 5.6233162879943847656 4.8762583732604980469 0.67120128870010375977 0.41487023234367370605 2.2925214767456054688 3.5869493484497070312 3.6343708038330078125 4.2014651298522949219 3.5563998222351074219 2.3197004795074462891 4.175571441650390625 3.2691745758056640625 3.2999553680419921875 3.9575905799865722656 1.3666576147079467773 1.3423981666564941406 2.9554576873779296875
3.8703703880310058594 3.2790904045104980469 2.6722800731658935547 3.2691895961761474609 1.831249237060546875 1.5390964746475219727 1.5420435667037963867 2.1127097606658935547 3.6609902381896972656 2.8466715812683105469 2.0934696197509765625 3.0789515972137451172 2.5960741043090820312 2.4385433197021484375 1.9755560159683227539 1.1370066404342651367 1.8738958835601806641 1.7221775054931640625 3.5187213420867919922 4.4101471900939941406 3.8336391448974609375 4.1138334274291992188 2.8459687232971191406 5.6241273880004882812 3.8166396617889404297 3.0951428413391113281 3.4126093387603759766 3.5547423362731933594 3.6344227790832519531 1.4377703666687011719 0.79546082019805908203 3.1687095165252685547 4.4198389053344726562 4.342071533203125 1.4538630247116088867 1.1699608564376831055 2.4395916461944580078 2.5443193912506103516 2.565898895263671875 2.8165595531463623047
2.9977467060089111328 1.8795182704925537109 2.4780480861663818359 2.7674407958984375 1.3897963762283325195 1.2408918142318725586 1.0280653238296508789 0.58672410249710083008 3.0550475120544433594 4.1132068634033203125 1.8665316104888916016 2.4503483772277832031 2.9554460048675537109 2.6379849910736083984 2.2944629192352294922 2.5138943195343017578 3.8161270618438720703 3.3190736770629882812 3.7747199535369873047 3.8832559585571289062 3.0591189861297607422 3.8008437156677246094 2.3996777534484863281 4.1581282615661621094 4.2839150428771972656 2.4497303962707519531 0.67499423027038574219 1.5511884689331054688 4.396953582763671875 2.8080692291259765625 1.7799499034881591797 3.1540143489837646484 3.0853018760681152344 3.0957574844360351562 2.9161677360534667969 2.3063483238220214844 2.8438532352447509766 3.4195475578308105469 2.9305298328399658203 2.3708341121673583984
2.1960361003875732422 0.95718055963516235352 2.6395335197448730469 2.3742547035217285156 0.92326849699020385742 1.7244982719421386719 1.512538909912109375 0.893192291259765625 1.4427181482315063477 4.4443540573120117188 3.28844451904296875 2.1028339862823486328 3.0964272022247314453 3.2538630962371826172 2.5607471466064453125 2.3984036445617675781 2.3620886802673339844 1.8982968330383300781 3.4143643379211425781 3.3251204490661621094 2.1633138656616210938 3.2746105194091796875 2.7863831520080566406 2.3334102630615234375 2.5852944850921630859 1.8070285320281982422 1.8212760686874389648 2.9624454975128173828 4.1552233695983886719 1.4388333559036254883 0.66895818710327148438 2.2298882007598876953 2.7225005626678466797 3.0277409553527832031 3.8424708843231201172 4.6352982521057128906 4.0524129867553710938 2.9073398113250732422 3.059154510498046875 3.6968233585357666016
1.0359386205673217773 1.2667379379272460938 2.7269818782806396484 2.6328449249267578125 1.4046791791915893555 2.5466628074645996094 1.7133311033248901367 0.29339149594306945801 1.8838341236114501953 4.1712298393249511719 4.4386229515075683594 1.9367592334747314453 2.1663639545440673828 2.8231704235076904297 3.334712982177734375 2.770351409912109375 1.8673512935638427734 2.7408573627471923828 4.3093132972717285156 2.8672037124633789062 1.972777247428894043 2.4385733604431152344 2.3926866054534912109 2.2362244129180908203 2.5853204727172851562 2.469234466552734375 1.5936861038208007812 2.5617456436157226562 2.9078233242034912109 2.1485400199890136719 1.8910589218139648438 1.7547602653503417969 2.7234392166137695312 2.9485986232757568359 3.0168998241424560547 4.093181610107421875 4.5941638946533203125 3.3862924575805664062 1.6421701908111572266 2.9327802658081054688
2.1331610679626464844 1.2522366046905517578 2.7225215435028076172 2.6965823173522949219 2.2495210170745849609 2.8740777969360351562 2.1353163719177246094 2.5892446041107177734 2.40851593017578125 2.4447638988494873047 4.0313744544982910156 2.5259385108947753906 2.0932021141052246094 2.43480682373046875 4.0389089584350585938 3.6875181198120117188 2.5769126415252685547 3.5710561275482177734 2.8735857009887695312 2.2640769481658935547 2.2461588382720947266 1.861954808235168457 2.0987513065338134766 2.4760172367095947266 2.336238861083984375 2.8080675601959228516 2.6278061866760253906 3.1229374408721923828 3.4678156375885009766 2.2350878715515136719 1.5978128910064697266 1.1113932132720947266 2.6728525161743164062 4.0103096961975097656 2.7113318443298339844 1.9059851169586181641 2.9654955863952636719 4.9955339431762695312 2.9446444511413574219 1.4261127710342407227
1.6012870073318481445 2.1670522689819335938 3.3882272243499755859 3.1495370864868164062 2.6410570144653320312 2.83263397216796875 2.9600493907928466797 2.8709473609924316406 1.809042811393737793 1.561951756477355957 3.8457436561584472656 4.5361185073852539062 3.9242486953735351562 3.9166843891143798828 4.1295599937438964844 2.6905817985534667969 1.7932738065719604492 2.9239716529846191406 2.18497467041015625 2.5835452079772949219 3.213047027587890625 2.9711165428161621094 3.3766806125640869141 2.8568100929260253906 1.6556563377380371094 2.1530160903930664062 3.3028762340545654297 3.4094557762145996094 3.4759714603424072266 4.0393199920654296875 1.1031266450881958008 1.8843959569931030273 2.1633067131042480469 2.3205714225769042969 3.4094557762145996094 2.4179444313049316406 1.3861541748046875 2.8401284217834472656 2.9306993484497070312 1.802281498908996582
1.6437014341354370117 2.0740358829498291016 3.6440901756286621094 3.3678836822509765625 2.7485685348510742188 2.4476375579833984375 2.9869163036346435547 3.5135550498962402344 4.2870960235595703125 5.1221499443054199219 5.4411921501159667969 5.3714838027954101562 4.1049671173095703125 3.5762753486633300781 1.7887772321701049805 1.207416534423828125 2.4279794692993164062 3.2943115234375 2.8571751117706298828 2.2289893627166748047 2.3962907791137695312 2.3541216850280761719 3.4202578067779541016 2.5815958976745605469 2.7562580108642578125 2.1551120281219482422 2.5181214809417724609 3.4841983318328857422 3.9134235382080078125 5.5658373832702636719 4.2531948089599609375 2.9119989871978759766 1.5354264974594116211 0.89656341075897216797 2.1932649612426757812 2.2736728191375732422 2.0519740581512451172 1.5305321216583251953 1.6799501180648803711 1.5920960903167724609
0.25656044483184814453 1.6223261356353759766 3.7331025600433349609 4.1527986526489257812 3.6852064132690429688 3.2456042766571044922 3.9125432968139648438 3.7209501266479492188 3.5927438735961914062 4.3167891502380371094 3.7748284339904785156 2.5451035499572753906 2.6661920547485351562 2.9187891483306884766 3.2834150791168212891 2.5072796344757080078 1.7599649429321289062 1.5978186130523681641 2.2810213565826416016 1.980202794075012207 0.77681195735931396484 2.0854620933532714844 3.3744699954986572266 2.7601470947265625 2.9752187728881835938 2.0796315670013427734 0.66896277666091918945 1.5278432369232177734 2.8210015296936035156 4.0234971046447753906 5.4183320999145507812 4.1527986526489257812 3.1089870929718017578 2.4298646450042724609 1.2869437932968139648 1.5748152732849121094 2.0688817501068115234 3.0899024009704589844 2.9031605720520019531 2.0204033851623535156
2.6301195621490478516 2.9003503322601318359 4.7120003700256347656 5.0046062469482421875 3.8974070549011230469 3.1990349292755126953 3.4730556011199951172 2.2774753570556640625 2.1635406017303466797 1.8510432243347167969 1.1669015884399414062 1.7567722797393798828 3.0893697738647460938 3.8102331161499023438 2.6479146480560302734 2.2969267368316650391 1.9863009452819824219 1.9099574089050292969 2.2098565101623535156 1.5018000602722167969 0.99913895130157470703 1.8795382976531982422 2.3197128772735595703 0.74011033773422241211 3.1153132915496826172 3.4497106075286865234 0.78007173538208007812 1.2743037939071655273 1.7748731374740600586 1.2282043695449829102 2.2810397148132324219 2.9779608249664306641 3.1041231155395507812 2.7408483028411865234 2.9008972644805908203 2.2280483245849609375 1.4600846767425537109 1.282595515251159668 2.6557381153106689453 3.2036125659942626953
