wildfire/work/fuelmodels/1747/slope.asc
ncols        417
nrows        333
xllcorner    186660.000000000000
yllcorner    465170.000000000000
cellsize     5.000000000000
NODATA_value   -999
[rows 54 to 71 of 333, columns 80 to 119 of 417]
1.7910348176956176758 1.6696648597717285156 2.5357449054718017578 3.6673254966735839844 3.9931185245513916016 4.0204858779907226562 3.7425792217254638672 4.8954982757568359375 5.2462382316589355469 3.2004456520080566406 3.1219518184661865234 2.9196276664733886719 0.86847454309463500977 3.1269679069519042969 1.6129442453384399414 0.40748941898345947266 1.5667829513549804688 3.9759268760681152344 3.3478455543518066406 2.4955282211303710938 2.9881155490875244141 3.0682375431060791016 2.8160119056701660156 5.0618958473205566406 4.5008344650268554688 0.87545341253280639648 1.4875965118408203125 2.4550926685333251953 3.2588295936584472656 3.1167845726013183594 2.4886119365692138672 1.1811389923095703125 0.78779697418212890625 0.92764174938201904297 1.6556563377380371094 3.8166322708129882812 4.501911163330078125 3.3782436847686767578 1.8003293275833129883 1.5667724609375
3.0442545413970947266 2.4618821144104003906 2.5148992538452148438 3.7591283321380615234 3.9757490158081054688 4.2433428764343261719 3.9759182929992675781 4.24941253662109375 3.874546051025390625 0.7961108088493347168 0.90561687946319580078 1.9643050432205200195 2.9914865493774414062 2.3048412799835205078 0.70291107892990112305 1.6424963474273681641 3.1036283969879150391 3.2436110973358154297 2.713016510009765625 3.3083827495574951172 2.9926729202270507812 3.7512094974517822266 2.9772446155548095703 4.2041420936584472656 6.823108673095703125 2.7550146579742431641 3.0184018611907958984 2.7230527400970458984 2.5058526992797851562 1.6223328113555908203 1.0883437395095825195 1.5288627147674560547 1.3813869953155517578 1.9260272979736328125 3.5621080398559570312 5.53299713134765625 4.63440704345703125 3.8269181251525878906 3.9166729450225830078 2.9752218723297119141
1.4666885137557983398 2.5607578754425048828 3.171875 3.8635628223419189453 3.5158414840698242188 3.8542971611022949219 3.3636925220489501953 3.9231343269348144531 3.7349083423614501953 2.0134088993072509766 1.5278766155242919922 1.6498225927352905273 1.4831390380859375 1.3517894744873046875 1.3890837430953979492 1.7245261669158935547 3.9432766437530517578 4.2048583030700683594 2.4700419902801513672 2.8369138240814208984 2.1932969093322753906 2.6699721813201904297 0.71148681640625 1.3091762065887451172 5.4897971153259277344 5.0663585662841796875 3.3031802177429199219 2.1203520298004150391 1.2826164960861206055 1.3141937255859375 1.1836926937103271484 0.94442266225814819336 1.2392760515213012695 2.8354640007019042969 5.1174683570861816406 4.973480224609375 2.4030098915100097656 2.4937183856964111328 4.040283203125 3.3334925174713134766
0.60789990425109863281 1.4957232475280761719 3.7381482124328613281 3.5740137100219726562 3.3937401771545410156 3.9733710289001464844 3.0457513332366943359 2.5451145172119140625 1.2762634754180908203 1.2734979391098022461 1.8846162557601928711 2.3258090019226074219 2.8179454803466796875 2.114582061767578125 1.5824999809265136719 1.6288545131683349609 2.5155475139617919922 4.0568699836730957031 3.1806218624114990234 3.1687247753143310547 2.3772499561309814453 2.0718402862548828125 2.4162638187408447266 1.713360905647277832 2.3485431671142578125 3.3401126861572265625 2.093212127685546875 1.9449002742767333984 1.1529422998428344727 0.95721042156219482422 0.82544595003128051758 0.57624894380569458008 2.0679135322570800781 4.7069549560546875 4.8654589653015136719 1.5038346052169799805 1.3828752040863037109 2.2326166629791259766 1.0147156715393066406 2.5769126415252685547
2.9408721923828125 3.874561309814453125 5.3351335525512695312 5.1473379135131835938 4.971160888671875 4.1665248870849609375 2.845478057861328125 1.9325840473175048828 1.2805948257446289062 1.6421504020690917969 1.3872483968734741211 1.3049203157424926758 1.8389822244644165039 2.3334217071533203125 1.8584226369857788086 0.84004729986190795898 2.0371167659759521484 3.4426541328430175781 2.6115789413452148438 2.8073647022247314453 2.7327141761779785156 1.6223261356353759766 2.0203981399536132812 1.5901982784271240234 0.7179018855094909668 2.1018793582916259766 2.4331314563751220703 2.2589521408081054688 1.1955831050872802734 0.60033982992172241211 0.98839384317398071289 1.2244707345962524414 2.639308929443359375 6.6697735786437988281 3.9324839115142822266 1.8011661767959594727 3.4210116863250732422 3.2431027889251708984 1.7440503835678100586 2.1400601863861083984
3.3618352413177490234 4.7596907615661621094 6.2589292526245117188 6.3429989814758300781 5.2159142494201660156 3.2588474750518798828 3.4103629589080810547 2.5229430198669433594 1.7553684711456298828 1.3707644939422607422 1.2826346158981323242 1.1564724445343017578 0.67124962806701660156 1.1357120275497436523 0.98280179500579833984 1.158211827278137207 2.3560597896575927734 3.2463824748992919922 2.2748026847839355469 1.9237079620361328125 2.2070591449737548828 1.8098160028457641602 2.2153005599975585938 2.2774515151977539062 0.70650315284729003906 1.2376332283020019531 2.5155196189880371094 2.7740297317504882812 1.5642169713973999023 0.51307463645935058594 1.0538400411605834961 2.0385830402374267578 3.3433115482330322266 6.595966339111328125 4.467655181884765625 4.2003016471862792969 5.1272220611572265625 3.9050588607788085938 2.9031569957733154297 2.2305791378021240234
2.5449156761169433594 4.3176350593566894531 4.9720749855041503906 3.6771013736724853516 2.5751368999481201172 3.1154661178588867188 3.3894011974334716797 2.3299670219421386719 2.2533867359161376953 1.381402134895324707 0.99097013473510742188 1.0437198877334594727 0.62756699323654174805 0.38314396142959594727 0.60455071926116943359 1.2376143932342529297 2.3793542385101318359 3.1490232944488525391 2.7885637283325195312 2.2290148735046386719 2.0740339756011962891 1.9817079305648803711 2.5753157138824462891 2.4651510715484619141 1.3766055107116699219 1.6129349470138549805 1.998003840446472168 2.3848810195922851562 2.5419516563415527344 1.6970430612564086914 1.9617102146148681641 3.4195261001586914062 4.745685577392578125 6.5408582687377929688 5.3168745040893554688 3.8609752655029296875 2.7650883197784423828 1.476324915885925293 1.5921201705932617188 2.6433787345886230469
3.9015767574310302734 5.9538736343383789062 4.5891146659851074219 2.6208705902099609375 1.9326175451278686523 2.2748026847839355469 1.6223213672637939453 0.7903620600700378418 1.2869473695755004883 1.3956307172775268555 1.6865485906600952148 1.7121307849884033203 1.409290313720703125 1.0494948625564575195 0.69784516096115112305 1.0836646556854248047 1.8900099992752075195 2.4331417083740234375 2.4463961124420166016 2.3334434032440185547 1.8665829896926879883 1.3725616931915283203 2.0519618988037109375 2.2696995735168457031 1.7394356727600097656 1.3766459226608276367 2.1153326034545898438 1.9088971614837646484 1.9788970947265625 2.5615432262420654297 4.1828279495239257812 4.8585972785949707031 5.5776457786560058594 6.25872039794921875 4.3299059867858886719 3.4508657455444335938 2.9196159839630126953 3.1502785682678222656 2.6524972915649414062 1.2885214090347290039
5.8027834892272949219 5.75713348388671875 4.0223374366760253906 3.0349140167236328125 2.1088609695434570312 1.2671369314193725586 0.93580585718154907227 1.8109660148620605469 2.4196012020111083984 2.1229963302612304688 2.1341481208801269531 2.1088609695434570312 1.9642831087112426758 1.8600400686264038086 1.8551297187805175781 0.8537762761116027832 1.4903266429901123047 2.3644137382507324219 1.9260405302047729492 2.4387812614440917969 2.1642713546752929688 1.7831062078475952148 2.4841837882995605469 2.4643721580505371094 1.9155347347259521484 1.4831609725952148438 2.0701298713684082031 2.0091211795806884766 1.3684929609298706055 2.2079896926879882812 3.4997107982635498047 3.4730489253997802734 5.1466469764709472656 4.438098907470703125 2.831050872802734375 3.6805224418640136719 3.2629766464233398438 3.0884294509887695312 4.5526614189147949219 2.2905352115631103516
5.4755005836486816406 3.4054703712463378906 2.3398904800415039062 1.3666644096374511719 1.6424623727798461914 2.2210114002227783203 2.4294137954711914062 2.3225674629211425781 1.8137667179107666016 1.9781566858291625977 2.1222472190856933594 1.7286597490310668945 1.1154701709747314453 1.3107252120971679688 2.6402676105499267578 2.4070124626159667969 2.4385433197021484375 3.1016371250152587891 2.3240771293640136719 2.3301787376403808594 2.4583928585052490234 1.9617136716842651367 1.7510294914245605469 1.2474009990692138672 1.2743026018142700195 0.84245795011520385742 1.4977852106094360352 2.2434782981872558594 1.3427430391311645508 1.5301969051361083984 1.9924137592315673828 3.5790803432464599609 6.3029108047485351562 5.7586202621459960938 6.2950239181518554688 6.7510957717895507812 4.6569871902465820312 2.7505965232849121094 3.9230804443359375 3.2637736797332763672
4.9817090034484863281 3.6551816463470458984 3.4165716171264648438 2.8408281803131103516 2.7820007801055908203 1.9534145593643188477 0.27184906601905822754 0.8777764439582824707 0.55658948421478271484 1.2618979215621948242 0.7903620600700378418 1.4680677652359008789 1.2798562049865722656 0.48567849397659301758 1.8433488607406616211 2.7776532173156738281 3.3121907711029052734 3.9423527717590332031 2.7195372581481933594 1.6547387838363647461 1.858679652214050293 2.9568190574645996094 1.7980855703353881836 0.25652131438255310059 1.421831965446472168 0.95509839057922363281 0.91117280721664428711 1.437450408935546875 1.1888175010681152344 0.80117768049240112305 2.0564088821411132812 3.9184823036193847656 6.3256096839904785156 7.3127684593200683594 6.236515045166015625 5.2505707740783691406 3.9941623210906982422 4.6108117103576660156 4.1697702407836914062 3.1413099765777587891
4.2490477561950683594 4.3270573616027832031 3.9692647457122802734 3.4875402450561523438 2.4331417083740234375 3.1758773326873779297 1.898797154426574707 2.0725715160369873047 2.2625091075897216797 1.9141583442687988281 1.3103147745132446289 0.69857263565063476562 1.6593214273452758789 1.3707419633865356445 1.4064741134643554688 1.1285462379455566406 2.5017848014831542969 3.53820037841796875 3.0879511833190917969 1.2806165218353271484 1.5446387529373168945 3.5875413417816162109 2.2008912563323974609 0.83700740337371826172 1.6424788236618041992 0.74281525611877441406 0.80559206008911132812 0.98846650123596191406 1.1529891490936279297 1.0591561794281005859 2.8593165874481201172 4.8182864189147949219 6.4096527099609375 8.3948202133178710938 4.9230542182922363281 2.9057500362396240234 3.6947576999664306641 5.7515287399291992188 5.0344452857971191406 3.7067651748657226562
3.4672145843505859375 3.4005632400512695312 1.5911426544189453125 1.32416534423828125 1.9221065044403076172 3.2637798786163330078 3.6969656944274902344 3.0027835369110107422 1.8011606931686401367 1.8532253503799438477 3.0007495880126953125 3.3636479377746582031 3.1877944469451904297 2.2362368106842041016 1.7089128494262695312 1.9448744058609008789 2.9787771701812744141 2.7776598930358886719 3.3443787097930908203 1.6437249183654785156 1.5590076446533203125 2.8326220512390136719 2.5259585380554199219 2.3231880664825439453 1.9466862678527832031 2.5466876029968261719 2.9738383293151855469 2.6790561676025390625 2.9265623092651367188 4.2868890762329101562 6.1873564720153808594 7.853977203369140625 8.5094404220581054688 8.9260702133178710938 6.9230318069458007812 6.2721166610717773438 5.4130144119262695312 6.313114166259765625 5.9510779380798339844 3.7372040748596191406
3.6805107593536376953 2.7763969898223876953 1.8967062234878540039 1.8354277610778808594 1.8644031286239624023 1.6378264427185058594 1.2554676532745361328 1.4207780361175537109 1.8835630416870117188 2.2153191566467285156 3.1890730857849121094 3.84839630126953125 3.680816650390625 2.8116986751556396484 1.8452892303466796875 2.2984464168548583984 3.6703629493713378906 3.4496846199035644531 3.4992678165435791016 2.8975765705108642578 2.4627125263214111328 2.4310793876647949219 2.3225674629211425781 3.2331490516662597656 3.3874938488006591797 2.8372759819030761719 2.5213329792022705078 2.9655025005340576172 3.8114321231842041016 4.6965346336364746094 5.8149213790893554688 6.9519915580749511719 7.167476654052734375 7.2233123779296875 6.3714137077331542969 4.8357090950012207031 2.9906208515167236328 4.9543433189392089844 6.38819122314453125 4.1648464202880859375
3.5303323268890380859 2.789478302001953125 2.3842146396636962891 1.710373997688293457 1.4289737939834594727 1.831566929817199707 2.4185659885406494141 2.5853343009948730469 2.3258304595947265625 2.17638397216796875 1.932606816291809082 1.6213859319686889648 2.4385313987731933594 2.1506824493408203125 1.7648482322692871094 1.9755795001983642578 3.4367737770080566406 3.7196917533874511719 3.4048945903778076172 3.0867903232574462891 2.4774219989776611328 2.1747584342956542969 2.1763904094696044922 2.1150722503662109375 2.2969050407409667969 2.0386054515838623047 1.5716291666030883789 1.377013087272644043 1.9112795591354370117 2.8777971267700195312 3.7960791587829589844 5.7247958183288574219 6.7472820281982421875 6.2390899658203125 5.0299487113952636719 3.3802640438079833984 1.1383852958679199219 3.8114187717437744141 4.7242751121520996094 3.4678189754486083984
2.8509547710418701172 3.1812672615051269531 2.4245812892913818359 2.0452525615692138672 1.8089964389801025391 2.3799765110015869141 2.5868716239929199219 2.1124370098114013672 1.2893165349960327148 0.83523291349411010742 0.5031407475471496582 0.88463830947875976562 1.4800766706466674805 1.4967486858367919922 1.5088555812835693359 1.7440717220306396484 3.1687021255493164062 2.9934720993041992188 2.5018134117126464844 3.2999789714813232422 2.4329233169555664062 1.57549285888671875 1.0534049272537231445 0.51797300577163696289 1.3766257762908935547 1.9778897762298583984 1.825693964958190918 1.7997325658798217773 2.5154955387115478516 3.7752413749694824219 4.7711405754089355469 6.8792204856872558594 7.9830446243286132812 7.3272624015808105469 5.6050596237182617188 4.0832791328430175781 2.5939443111419677734 4.5756649971008300781 4.0399084091186523438 2.9935312271118164062
2.0842368602752685547 2.9583120346069335938 1.191380620002746582 1.6913237571716308594 0.52668750286102294922 0.74484837055206298828 0.73802429437637329102 1.3483941555023193359 0.41853490471839904785 0.58064919710159301758 0.55568999052047729492 0.91114395856857299805 0.70075738430023193359 0.92932540178298950195 1.0270955562591552734 1.7510100603103637695 3.2722802162170410156 2.2549197673797607422 1.585097193717956543 3.6382875442504882812 2.8846290111541748047 2.0383729934692382812 1.0167076587677001953 0.92768841981887817383 0.54188257455825805664 1.3592761754989624023 1.9326175451278686523 2.3054907321929931641 2.9194769859313964844 4.0664491653442382812 5.7955822944641113281 7.7503790855407714844 8.3389339447021484375 7.4267759323120117188 5.1035723686218261719 2.8326280117034912109 1.9091624021530151367 4.2041187286376953125 5.1304636001586914062 3.3965752124786376953
3.3083786964416503906 1.9367607831954956055 1.7524533271789550781 1.3977626562118530273 0.38314396142959594727 0.62513643503189086914 1.0261158943176269531 1.3872483968734741211 0.95507335662841796875 1.1673010587692260742 1.4817703962326049805 0.73799717426300048828 0.84901982545852661133 1.2631206512451171875 1.4031842947006225586 1.8079125881195068359 2.9513428211212158203 1.4597699642181396484 1.1733931303024291992 4.5152792930603027344 3.5706167221069335938 0.94926702976226806641 1.2477988004684448242 0.68098014593124389648 1.015232086181640625 0.93148088455200195312 2.7175133228302001953 3.64068603515625 4.0158638954162597656 5.1571149826049804688 6.55898284912109375 8.2986202239990234375 9.4820833206176757812 7.4638080596923828125 2.7441430091857910156 2.14479827880859375 1.3141967058181762695 1.528515934944152832 5.4774346351623535156 3.9620559215545654297
