wildfire/work/fuelmodels/1695/ahn1.asc
ncols        189
nrows        165
xllcorner    197375.000000000000
yllcorner    448190.000000000000
cellsize     5.000000000000
NODATA_value   -999
[rows 95 to 113 of 165, columns 42 to 83 of 189]
86.029998779296875 86.0500030517578125 85.839996337890625 85.6399993896484375 85.6399993896484375 85.68000030517578125 85.8000030517578125 85.839996337890625 86.25 86.6999969482421875 86.40000152587890625 86.81999969482421875 87.089996337890625 87.470001220703125 87.910003662109375 88.40000152587890625 88.220001220703125 88.4199981689453125 88.9499969482421875 89.160003662109375 89.65000152587890625 90.06999969482421875 90.8300018310546875 91.970001220703125 92.660003662109375 93.79000091552734375 94.90000152587890625 95.1100006103515625 95.5500030517578125 95.56999969482421875 95.55999755859375 95.529998779296875 95.4199981689453125 95.12000274658203125 94.68000030517578125 94.160003662109375 93.76000213623046875 93.12000274658203125 92.04000091552734375 91.12000274658203125 90.089996337890625 89.26000213623046875
85.98000335693359375 85.9199981689453125 85.529998779296875 85.4499969482421875 85.470001220703125 85.5 85.48999786376953125 85.84999847412109375 85.84999847412109375 86.44000244140625 86.529998779296875 86.779998779296875 86.79000091552734375 87.4499969482421875 87.75 88.089996337890625 88.5500030517578125 88.26000213623046875 88.51000213623046875 88.8899993896484375 89.44000244140625 89.98999786376953125 90.62000274658203125 91.5500030517578125 92.45999908447265625 93.3300018310546875 94.18000030517578125 94.839996337890625 94.65000152587890625 94.51999664306640625 95.18000030517578125 95.1399993896484375 94.98000335693359375 94.660003662109375 94.26000213623046875 93.75 93.23999786376953125 92.279998779296875 91.6999969482421875 90.9199981689453125 89.8000030517578125 88.98999786376953125
85.9499969482421875 85.839996337890625 85.529998779296875 85.410003662109375 85.44000244140625 85.40000152587890625 85.3000030517578125 85.660003662109375 85.65000152587890625 85.779998779296875 86.1999969482421875 86.48999786376953125 86.75 86.8600006103515625 87.48000335693359375 87.970001220703125 88.6699981689453125 88.34999847412109375 88.37999725341796875 88.8000030517578125 89.26999664306640625 89.59999847412109375 90.01000213623046875 90.81999969482421875 91.660003662109375 92.37999725341796875 93.1100006103515625 94.339996337890625 94.48000335693359375 94.5 94.68000030517578125 94.70999908447265625 94.44000244140625 94.029998779296875 93.54000091552734375 93.26999664306640625 92.6699981689453125 91.95999908447265625 91.26000213623046875 90.37999725341796875 89.44000244140625 88.65000152587890625
85.839996337890625 85.51000213623046875 85.54000091552734375 85.589996337890625 85.3899993896484375 85.3300018310546875 85.3000030517578125 85.37999725341796875 85.51000213623046875 85.73000335693359375 86.1699981689453125 86.26999664306640625 86.5800018310546875 86.8600006103515625 87.3899993896484375 87.8899993896484375 88.04000091552734375 87.9199981689453125 88.01000213623046875 88.4199981689453125 88.70999908447265625 89.19000244140625 89.48999786376953125 90.23999786376953125 90.910003662109375 91.59999847412109375 92.26999664306640625 93.1999969482421875 93.55999755859375 93.87000274658203125 93.98000335693359375 93.73000335693359375 93.76999664306640625 93.3300018310546875 92.69000244140625 92.4499969482421875 91.779998779296875 91.20999908447265625 90.5800018310546875 89.73000335693359375 88.970001220703125 88.220001220703125
85.68000030517578125 85.5800018310546875 85.56999969482421875 85.4499969482421875 85.31999969482421875 85.12000274658203125 85.0800018310546875 85.220001220703125 85.23999786376953125 85.6100006103515625 85.76999664306640625 86.05999755859375 86.470001220703125 86.55999755859375 86.87000274658203125 87.55999755859375 87.84999847412109375 87.56999969482421875 87.84999847412109375 88 88.470001220703125 88.94000244140625 89.01999664306640625 89.470001220703125 90.06999969482421875 90.73000335693359375 91.26000213623046875 91.98999786376953125 92.37000274658203125 92.6999969482421875 92.839996337890625 93.01999664306640625 92.87000274658203125 92.470001220703125 91.779998779296875 91.6399993896484375 90.8300018310546875 90.4499969482421875 89.70999908447265625 89.04000091552734375 88.31999969482421875 87.48000335693359375
85.720001220703125 85.68000030517578125 85.56999969482421875 85.3600006103515625 85.3000030517578125 85.05999755859375 84.94000244140625 85.0500030517578125 85.06999969482421875 85.23999786376953125 85.43000030517578125 85.69000244140625 85.910003662109375 86.3899993896484375 86.660003662109375 87.12999725341796875 87.839996337890625 87.37000274658203125 87.720001220703125 87.779998779296875 88.18000030517578125 88.4499969482421875 88.62000274658203125 88.910003662109375 89.09999847412109375 89.69000244140625 90.220001220703125 90.6100006103515625 91.05999755859375 91.6399993896484375 91.970001220703125 91.910003662109375 92.01999664306640625 91.5 90.79000091552734375 90.589996337890625 90.04000091552734375 89.40000152587890625 88.95999908447265625 88.26000213623046875 87.43000030517578125 86.65000152587890625
85.75 85.70999908447265625 85.59999847412109375 85.3000030517578125 85.26000213623046875 84.94000244140625 84.81999969482421875 84.660003662109375 84.68000030517578125 85.01000213623046875 85.05999755859375 85.3600006103515625 85.6699981689453125 86.26000213623046875 86.51000213623046875 86.80999755859375 86.970001220703125 87.160003662109375 87.279998779296875 87.51999664306640625 87.59999847412109375 87.98999786376953125 88.3000030517578125 88.30999755859375 88.5 88.660003662109375 89.220001220703125 89.5500030517578125 90 90.410003662109375 90.56999969482421875 90.95999908447265625 90.8000030517578125 90.339996337890625 89.94000244140625 89.5800018310546875 89.15000152587890625 88.3300018310546875 87.8600006103515625 87.04000091552734375 86.34999847412109375 85.62999725341796875
85.8899993896484375 85.69000244140625 85.470001220703125 85.30999755859375 84.94000244140625 84.80999755859375 84.73000335693359375 84.5800018310546875 84.6399993896484375 84.56999969482421875 84.84999847412109375 85.0800018310546875 85.37000274658203125 85.6399993896484375 85.779998779296875 86.34999847412109375 86.48999786376953125 86.81999969482421875 87.01000213623046875 87.1100006103515625 87.18000030517578125 87.37999725341796875 87.660003662109375 88.01999664306640625 87.9499969482421875 88.0500030517578125 88.40000152587890625 88.69000244140625 88.95999908447265625 89.05999755859375 89.43000030517578125 89.68000030517578125 89.51000213623046875 89.26999664306640625 88.48000335693359375 88.5500030517578125 88.029998779296875 87.3600006103515625 86.720001220703125 86.029998779296875 85.279998779296875 84.75
85.62000274658203125 85.6100006103515625 85.5800018310546875 85.23999786376953125 84.90000152587890625 84.98000335693359375 84.5500030517578125 84.43000030517578125 84.3899993896484375 84.45999908447265625 84.5500030517578125 84.84999847412109375 84.8899993896484375 85.18000030517578125 85.76000213623046875 86.29000091552734375 86.3000030517578125 86.45999908447265625 86.6699981689453125 86.70999908447265625 87.06999969482421875 86.970001220703125 87.15000152587890625 87.55999755859375 87.8300018310546875 87.54000091552734375 87.720001220703125 87.589996337890625 87.73999786376953125 87.75 87.76000213623046875 88.19000244140625 88.12999725341796875 88.01000213623046875 87.23999786376953125 87.48000335693359375 87.089996337890625 86.45999908447265625 85.8899993896484375 84.87000274658203125 84.44000244140625 83.529998779296875
85.6100006103515625 85.26999664306640625 85.3300018310546875 85.26000213623046875 85.1999969482421875 85.029998779296875 84.51999664306640625 84.3600006103515625 84.23000335693359375 84.26000213623046875 84.31999969482421875 84.51999664306640625 84.8000030517578125 85.160003662109375 85.34999847412109375 86.029998779296875 85.98000335693359375 85.95999908447265625 86.18000030517578125 86.279998779296875 86.839996337890625 86.660003662109375 86.4199981689453125 86.65000152587890625 87.05999755859375 86.87000274658203125 86.90000152587890625 86.59999847412109375 86.76000213623046875 86.90000152587890625 87.01999664306640625 87 86.970001220703125 86.8300018310546875 86.01000213623046875 86.0500030517578125 85.70999908447265625 85.220001220703125 84.51000213623046875 83.90000152587890625 83.19000244140625 82.87999725341796875
85.5 85.1999969482421875 85.20999908447265625 85.1399993896484375 84.93000030517578125 84.55999755859375 84.3300018310546875 84.23999786376953125 84.04000091552734375 83.9499969482421875 83.9499969482421875 84 84.40000152587890625 84.720001220703125 85.12000274658203125 84.910003662109375 85.51000213623046875 85.76000213623046875 85.84999847412109375 86.1100006103515625 86.1699981689453125 86.1699981689453125 86.1999969482421875 86.01000213623046875 86.339996337890625 86.12000274658203125 86.40000152587890625 86.31999969482421875 85.98999786376953125 85.81999969482421875 85.6699981689453125 85.79000091552734375 85.589996337890625 85.44000244140625 84.81999969482421875 84.65000152587890625 84.45999908447265625 84.09999847412109375 83.4199981689453125 82.79000091552734375 82.31999969482421875 81.51000213623046875
85.3600006103515625 85.25 85.26999664306640625 85.0500030517578125 84.76999664306640625 84.5500030517578125 84.29000091552734375 84.089996337890625 83.94000244140625 83.98000335693359375 83.76999664306640625 83.69000244140625 83.76000213623046875 84.220001220703125 84.26999664306640625 84.56999969482421875 84.80999755859375 85.20999908447265625 85.5 85.660003662109375 85.81999969482421875 86.09999847412109375 86.1699981689453125 85.839996337890625 85.55999755859375 85.73000335693359375 85.6100006103515625 85.62000274658203125 85.3300018310546875 85.04000091552734375 84.81999969482421875 84.75 84.48000335693359375 84.20999908447265625 83.839996337890625 83.529998779296875 83.220001220703125 82.90000152587890625 82.589996337890625 81.87000274658203125 81.1999969482421875 80.5800018310546875
85.18000030517578125 85.1399993896484375 85.01000213623046875 84.81999969482421875 84.5800018310546875 84.40000152587890625 84.160003662109375 84.029998779296875 83.8600006103515625 83.62999725341796875 83.3600006103515625 83.3600006103515625 83.59999847412109375 83.65000152587890625 83.87000274658203125 84.1399993896484375 84.6999969482421875 85.05999755859375 85.26000213623046875 85.5800018310546875 85.62999725341796875 85.68000030517578125 85.6399993896484375 85.6699981689453125 85.23999786376953125 85.01999664306640625 84.81999969482421875 84.720001220703125 84.55999755859375 84.5 83.98999786376953125 83.73999786376953125 83.5 83.279998779296875 83.12000274658203125 82.779998779296875 82.31999969482421875 82.01000213623046875 81.5500030517578125 81.01000213623046875 80.470001220703125 79.9199981689453125
84.8300018310546875 85.01000213623046875 85.1999969482421875 85.12999725341796875 84.470001220703125 84.29000091552734375 84.01000213623046875 83.79000091552734375 83.5500030517578125 83.30999755859375 83.18000030517578125 83.160003662109375 83.29000091552734375 83.31999969482421875 83.5 83.779998779296875 84.34999847412109375 84.59999847412109375 84.90000152587890625 85.0500030517578125 85.23000335693359375 85.25 85.37000274658203125 85.3300018310546875 85.1999969482421875 84.79000091552734375 84.410003662109375 84.26000213623046875 84.1100006103515625 83.779998779296875 83.48999786376953125 83.15000152587890625 82.6999969482421875 82.3600006103515625 82.220001220703125 82.089996337890625 81.51000213623046875 80.94000244140625 80.62000274658203125 80.23999786376953125 79.73999786376953125 79.48000335693359375
84.80999755859375 84.93000030517578125 84.94000244140625 84.76999664306640625 84.5500030517578125 84.29000091552734375 84.06999969482421875 83.6399993896484375 83.26000213623046875 83.089996337890625 83.05999755859375 83.05999755859375 82.8899993896484375 82.98999786376953125 83.23000335693359375 83.3000030517578125 83.6999969482421875 84.06999969482421875 84.40000152587890625 84.68000030517578125 84.94000244140625 84.9499969482421875 85.04000091552734375 85.089996337890625 84.81999969482421875 84.69000244140625 84.1699981689453125 83.84999847412109375 83.6399993896484375 83.34999847412109375 83.220001220703125 82.69000244140625 82.29000091552734375 81.93000030517578125 81.720001220703125 81.76000213623046875 81 80.44000244140625 80.05999755859375 79.6999969482421875 79.3300018310546875 78.79000091552734375
84.30999755859375 84.43000030517578125 84.69000244140625 84.62999725341796875 84.3300018310546875 84.12000274658203125 83.80999755859375 83.51000213623046875 83.26999664306640625 82.98999786376953125 83.06999969482421875 82.75 82.660003662109375 82.6999969482421875 82.75 82.8899993896484375 83.23999786376953125 83.45999908447265625 83.8899993896484375 84.19000244140625 84.31999969482421875 84.54000091552734375 84.6699981689453125 84.80999755859375 84.589996337890625 84.37000274658203125 84.029998779296875 83.62000274658203125 83.410003662109375 83.1999969482421875 82.87000274658203125 82.6100006103515625 82.01999664306640625 81.6699981689453125 81.51000213623046875 81.279998779296875 80.410003662109375 80.089996337890625 79.5800018310546875 79.06999969482421875 78.70999908447265625 78.279998779296875
84.089996337890625 84.23999786376953125 84.37999725341796875 84.4499969482421875 84.37000274658203125 84.089996337890625 83.76999664306640625 83.339996337890625 83.48000335693359375 82.87999725341796875 82.839996337890625 82.51000213623046875 82.62000274658203125 82.339996337890625 82.29000091552734375 82.3300018310546875 82.6100006103515625 82.8600006103515625 83.18000030517578125 83.3899993896484375 83.68000030517578125 84.15000152587890625 84.51000213623046875 84.4499969482421875 84.30999755859375 84.12999725341796875 83.93000030517578125 83.3300018310546875 83.029998779296875 82.76000213623046875 82.529998779296875 81.970001220703125 81.6100006103515625 81.3000030517578125 80.87999725341796875 80.6399993896484375 80.0800018310546875 79.56999969482421875 79 78.529998779296875 78.20999908447265625 77.80999755859375
83.69000244140625 83.79000091552734375 84.0800018310546875 84.25 84.23999786376953125 84.160003662109375 83.84999847412109375 83.43000030517578125 83.089996337890625 82.9199981689453125 82.6399993896484375 82.3600006103515625 82.160003662109375 82.01000213623046875 81.87999725341796875 81.84999847412109375 82.06999969482421875 82.19000244140625 82.62000274658203125 82.87000274658203125 83.31999969482421875 83.720001220703125 83.970001220703125 84.0500030517578125 83.8600006103515625 83.6399993896484375 83.45999908447265625 83.44000244140625 82.9499969482421875 82.44000244140625 82.0500030517578125 81.9499969482421875 81.48000335693359375 80.910003662109375 80.529998779296875 80 79.56999969482421875 79.1999969482421875 78.69000244140625 78.37000274658203125 78.09999847412109375 77.4499969482421875
83.40000152587890625 83.37000274658203125 84.04000091552734375 83.95999908447265625 83.81999969482421875 83.95999908447265625 83.81999969482421875 83.3899993896484375 83.029998779296875 82.69000244140625 82.44000244140625 82.160003662109375 81.9499969482421875 81.76999664306640625 81.68000030517578125 81.62000274658203125 81.69000244140625 81.98000335693359375 82.1100006103515625 82.44000244140625 82.70999908447265625 83.01000213623046875 83.1699981689453125 83.43000030517578125 83.34999847412109375 83.05999755859375 82.9499969482421875 82.48000335693359375 82.3899993896484375 82.31999969482421875 81.5500030517578125 81.339996337890625 81.220001220703125 80.720001220703125 80.279998779296875 79.839996337890625 79.0800018310546875 78.8899993896484375 78.4199981689453125 78.04000091552734375 77.54000091552734375 77.29000091552734375
