wildfire/work/fuelmodels/1695/ahn1.asc
ncols        189
nrows        165
xllcorner    197375.000000000000
yllcorner    448190.000000000000
cellsize     5.000000000000
NODATA_value   -999
[rows 0 to 18 of 165, columns 84 to 125 of 189]
65.15000152587890625 67.0500030517578125 68.70999908447265625 70.19000244140625 71.43000030517578125 72.4199981689453125 73.5800018310546875 74.720001220703125 76.26999664306640625 77.589996337890625 78.87000274658203125 79.8300018310546875 80.5500030517578125 80.8300018310546875 80.910003662109375 80.65000152587890625 80.1999969482421875 79.44000244140625 78.34999847412109375 76.98999786376953125 75.279998779296875 73.62999725341796875 70.9499969482421875 69.410003662109375 68.01999664306640625 67.1999969482421875 66.79000091552734375 66.70999908447265625 66.44000244140625 65.37000274658203125 63.450000762939453125 62.279998779296875 60.56999969482421875 59.340000152587890625 58.6100006103515625 58.720001220703125 58.6100006103515625 59.130001068115234375 59.04000091552734375 59.06999969482421875 59.369998931884765625 59.1699981689453125
64.01999664306640625 65.839996337890625 67.43000030517578125 69.01999664306640625 70.06999969482421875 71.3000030517578125 72.160003662109375 73.79000091552734375 74.94000244140625 76.470001220703125 77.5 78.8600006103515625 79.68000030517578125 80.1999969482421875 80.48000335693359375 80.5 80.1100006103515625 79.660003662109375 79.0800018310546875 78.18000030517578125 76.73000335693359375 74.95999908447265625 72.59999847412109375 70.8000030517578125 68.660003662109375 67.18000030517578125 66.339996337890625 65.65000152587890625 65.1999969482421875 64.37000274658203125 63.229999542236328125 62.95999908447265625 60.5 60.09999847412109375 59.4199981689453125 58.75 58.34999847412109375 58.8899993896484375 59.009998321533203125 58.869998931884765625 58.54000091552734375 58.54000091552734375
62.880001068115234375 64.4199981689453125 66.30999755859375 67.6999969482421875 68.8600006103515625 69.839996337890625 70.76000213623046875 72.1999969482421875 73.48999786376953125 74.839996337890625 76.29000091552734375 77.529998779296875 78.69000244140625 79.43000030517578125 79.839996337890625 79.9199981689453125 79.720001220703125 79.62999725341796875 79.279998779296875 78.6699981689453125 77.5 75.68000030517578125 73.8000030517578125 71.87000274658203125 69.62000274658203125 67.90000152587890625 66.8899993896484375 65.90000152587890625 65.31999969482421875 64.3899993896484375 63.700000762939453125 62.6699981689453125 61.979999542236328125 61.04000091552734375 60.04000091552734375 59.119998931884765625 58.619998931884765625 58.659999847412109375 58.5800018310546875 58.520000457763671875 58.34999847412109375 58.1699981689453125
61.34999847412109375 62.560001373291015625 64.26000213623046875 65.9199981689453125 67.30999755859375 67.73000335693359375 69.34999847412109375 70.48999786376953125 71.84999847412109375 73.29000091552734375 74.70999908447265625 76.26999664306640625 77.23000335693359375 78.160003662109375 78.9199981689453125 79.25 79.410003662109375 79.31999969482421875 79.19000244140625 78.80999755859375 78.0800018310546875 76.76000213623046875 75.1999969482421875 73 71.37999725341796875 69.6999969482421875 68.1399993896484375 67.26000213623046875 66.3600006103515625 65.8899993896484375 64.089996337890625 63.720001220703125 62.259998321533203125 61.06999969482421875 60.880001068115234375 60.04000091552734375 58.65000152587890625 58.65000152587890625 58.3600006103515625 58.220001220703125 58.029998779296875 57.34999847412109375
59.770000457763671875 61.220001220703125 62.8899993896484375 64.25 65.45999908447265625 66.34999847412109375 67.87999725341796875 69.3899993896484375 70.589996337890625 71.8300018310546875 73.01000213623046875 74.62000274658203125 75.84999847412109375 76.73000335693359375 77.6999969482421875 78.25 78.529998779296875 78.68000030517578125 78.6399993896484375 78.69000244140625 78.5800018310546875 77.76000213623046875 76.43000030517578125 74.9199981689453125 72.9199981689453125 71.40000152587890625 69.970001220703125 68.779998779296875 67.98999786376953125 67.4499969482421875 66.51999664306640625 64.94000244140625 64.910003662109375 61.70999908447265625 61.119998931884765625 60.369998931884765625 59.56999969482421875 58.40000152587890625 57.970001220703125 57.93000030517578125 57.689998626708984375 56.90000152587890625
58.529998779296875 60.009998321533203125 61.40000152587890625 62.34999847412109375 63.490001678466796875 65.12000274658203125 66.589996337890625 67.779998779296875 68.94000244140625 70.15000152587890625 71.339996337890625 72.54000091552734375 74.0500030517578125 75.470001220703125 76.3300018310546875 77.20999908447265625 77.48000335693359375 77.69000244140625 77.98999786376953125 78.37999725341796875 78.45999908447265625 78.1100006103515625 77.18000030517578125 76.01999664306640625 74.62000274658203125 73.220001220703125 71.75 71 70.05999755859375 69.18000030517578125 68.1999969482421875 66.48999786376953125 65.55999755859375 63.759998321533203125 61.70999908447265625 59.8600006103515625 59.56999969482421875 59.56999969482421875 57.56999969482421875 57.380001068115234375 56.450000762939453125 56.3600006103515625
57.5 58.619998931884765625 59.720001220703125 60.689998626708984375 62.18000030517578125 63.720001220703125 64.8300018310546875 66.04000091552734375 67.40000152587890625 68.81999969482421875 69.910003662109375 70.90000152587890625 72.05999755859375 73.5 74.75 75.69000244140625 76.25 76.68000030517578125 77.160003662109375 77.6699981689453125 77.95999908447265625 77.970001220703125 77.6699981689453125 76.9199981689453125 75.8899993896484375 74.720001220703125 73.5 72.45999908447265625 71.45999908447265625 70.37000274658203125 69.26000213623046875 67.8600006103515625 66.9199981689453125 64.73999786376953125 63.880001068115234375 61.04000091552734375 59.04000091552734375 58.970001220703125 57.770000457763671875 57.509998321533203125 56.09999847412109375 56.450000762939453125
56.590000152587890625 57.59999847412109375 58.560001373291015625 59.65000152587890625 60.79000091552734375 61.81999969482421875 63.259998321533203125 64.529998779296875 65.73000335693359375 66.87000274658203125 68.37000274658203125 69.3899993896484375 70.25 71.25 72.20999908447265625 73.51999664306640625 74.44000244140625 75.3600006103515625 76.1100006103515625 76.8600006103515625 77.23000335693359375 77.43000030517578125 77.54000091552734375 77.1100006103515625 76.43000030517578125 75.56999969482421875 74.279998779296875 73.220001220703125 72.09999847412109375 70.98000335693359375 69.87999725341796875 68.68000030517578125 67.40000152587890625 66.09999847412109375 63.450000762939453125 61.630001068115234375 59.770000457763671875 57.84999847412109375 57.34999847412109375 55.990001678466796875 55.799999237060546875 56.1699981689453125
56.18000030517578125 57.0800018310546875 57.659999847412109375 57.93000030517578125 58.810001373291015625 59.909999847412109375 61.229999542236328125 62.689998626708984375 63.299999237060546875 64.3300018310546875 66.18000030517578125 67.470001220703125 68.54000091552734375 69.62000274658203125 70.69000244140625 71.80999755859375 72.55999755859375 73.6399993896484375 74.62000274658203125 75.55999755859375 76.20999908447265625 76.90000152587890625 77.09999847412109375 76.87999725341796875 76.26000213623046875 75.62000274658203125 74.6699981689453125 73.6399993896484375 72.529998779296875 71.26999664306640625 70.160003662109375 68.8600006103515625 67.73999786376953125 66.26000213623046875 64.3000030517578125 62.8600006103515625 60.779998779296875 59.31999969482421875 58.029998779296875 55.759998321533203125 55.6399993896484375 55.68000030517578125
56.119998931884765625 56.09999847412109375 56.45999908447265625 56.369998931884765625 57.20999908447265625 58.29000091552734375 59.279998779296875 60.6699981689453125 61.990001678466796875 62.970001220703125 64.23000335693359375 65.30999755859375 66.20999908447265625 67.37999725341796875 68.48999786376953125 69.62999725341796875 70.75 71.75 72.84999847412109375 73.94000244140625 74.8300018310546875 75.56999969482421875 76.089996337890625 76.04000091552734375 75.87000274658203125 75.37000274658203125 74.56999969482421875 73.55999755859375 72.51999664306640625 71.48999786376953125 70.43000030517578125 69.26000213623046875 68.089996337890625 66.95999908447265625 65.37000274658203125 63.43000030517578125 61.81999969482421875 60.15000152587890625 58.770000457763671875 56.020000457763671875 55.59999847412109375 55.240001678466796875
55.8899993896484375 55.939998626708984375 55.8300018310546875 55.630001068115234375 55.880001068115234375 56.549999237060546875 57.450000762939453125 58.799999237060546875 59.970001220703125 60.700000762939453125 61.75 62.75 63.90000152587890625 65.20999908447265625 66.220001220703125 67.5 68.73999786376953125 69.76000213623046875 70.9499969482421875 71.98000335693359375 73.089996337890625 74.1699981689453125 74.9199981689453125 75.30999755859375 75.29000091552734375 74.84999847412109375 74.12999725341796875 73.31999969482421875 72.51000213623046875 71.6100006103515625 70.69000244140625 69.73999786376953125 68.90000152587890625 67.95999908447265625 66.6100006103515625 64.9499969482421875 63.06999969482421875 61.380001068115234375 59.189998626708984375 56.4199981689453125 55.43000030517578125 55.130001068115234375
55.840000152587890625 55.740001678466796875 55.59999847412109375 55.40000152587890625 55.220001220703125 55.130001068115234375 55.770000457763671875 56.93000030517578125 57.770000457763671875 58.409999847412109375 59.619998931884765625 60.880001068115234375 62.159999847412109375 63.1100006103515625 64.29000091552734375 65.73999786376953125 66.94000244140625 68.31999969482421875 69.59999847412109375 70.87000274658203125 72.01000213623046875 72.970001220703125 73.73999786376953125 74.26999664306640625 74.54000091552734375 74.1100006103515625 73.48000335693359375 73.04000091552734375 72.5 71.76000213623046875 71.1399993896484375 70.62000274658203125 69.3899993896484375 68.30999755859375 67.3000030517578125 65.62000274658203125 63.70999908447265625 61.729999542236328125 59.6399993896484375 58.060001373291015625 56.04000091552734375 55.060001373291015625
55.909999847412109375 55.770000457763671875 55.6399993896484375 55.45999908447265625 55.380001068115234375 55.009998321533203125 54.759998321533203125 55.0800018310546875 56.04000091552734375 56.880001068115234375 57.869998931884765625 59.04000091552734375 61.1699981689453125 61.939998626708984375 62.950000762939453125 63.869998931884765625 65.04000091552734375 66.18000030517578125 67.56999969482421875 68.56999969482421875 69.51000213623046875 70.589996337890625 71.5 72.56999969482421875 72.84999847412109375 73.089996337890625 72.8300018310546875 72.5 72.1399993896484375 71.70999908447265625 71.06999969482421875 70.37999725341796875 69.5500030517578125 68.59999847412109375 67.59999847412109375 65.839996337890625 64.529998779296875 62.31999969482421875 60.119998931884765625 58.04000091552734375 56.380001068115234375 54.8600006103515625
56.130001068115234375 55.4199981689453125 55.720001220703125 55.6699981689453125 55.509998321533203125 55.340000152587890625 54.84999847412109375 54.470001220703125 54.3300018310546875 54.8600006103515625 55.68000030517578125 56.759998321533203125 58.15000152587890625 59.119998931884765625 60.31999969482421875 61.259998321533203125 62.310001373291015625 63.450000762939453125 64.56999969482421875 65.910003662109375 67.87000274658203125 68.80999755859375 69.54000091552734375 70.73000335693359375 71.70999908447265625 72.12000274658203125 72.01999664306640625 71.73999786376953125 71.48999786376953125 71.23999786376953125 70.8899993896484375 70.37000274658203125 69.69000244140625 68.73000335693359375 67.87999725341796875 66.470001220703125 64.98999786376953125 63.0800018310546875 60.6699981689453125 58.340000152587890625 56.549999237060546875 54.8600006103515625
55.90000152587890625 55.4199981689453125 55.3300018310546875 55.770000457763671875 55.6399993896484375 55.479999542236328125 55.04000091552734375 54.689998626708984375 54.130001068115234375 53.56999969482421875 54.29000091552734375 55.659999847412109375 56.54000091552734375 57.759998321533203125 58.729999542236328125 59.4199981689453125 60.6699981689453125 61.31999969482421875 62.54000091552734375 63.740001678466796875 65.73999786376953125 67.19000244140625 67.56999969482421875 68.75 69.76000213623046875 70.5800018310546875 70.660003662109375 70.589996337890625 70.589996337890625 70.6699981689453125 70.529998779296875 70.3000030517578125 69.70999908447265625 69.089996337890625 68.0500030517578125 67 65.19000244140625 63.340000152587890625 61.060001373291015625 58.759998321533203125 56.880001068115234375 55.31999969482421875
55.259998321533203125 55.25 54.970001220703125 54.8899993896484375 55.189998626708984375 55.34999847412109375 55.159999847412109375 54.869998931884765625 54.59999847412109375 53.84999847412109375 53.20999908447265625 53.29000091552734375 54.630001068115234375 55.509998321533203125 56.549999237060546875 57.759998321533203125 58.779998779296875 59.95999908447265625 60.509998321533203125 61.56999969482421875 63.189998626708984375 64.43000030517578125 65.779998779296875 66.54000091552734375 67.410003662109375 68.660003662109375 69.160003662109375 69.23000335693359375 69.45999908447265625 69.90000152587890625 70.12999725341796875 69.95999908447265625 69.62000274658203125 69.06999969482421875 68.0500030517578125 67.04000091552734375 65.5800018310546875 63.6399993896484375 61.509998321533203125 58.990001678466796875 56.939998626708984375 55.310001373291015625
54.439998626708984375 54.409999847412109375 54.409999847412109375 54.299999237060546875 54.43000030517578125 54.630001068115234375 54.8300018310546875 54.90000152587890625 54.59999847412109375 54.6100006103515625 53.700000762939453125 52.880001068115234375 53.340000152587890625 54.189998626708984375 54.939998626708984375 55.700000762939453125 56.5 57.470001220703125 58.5 59.779998779296875 61.200000762939453125 62.630001068115234375 63.779998779296875 64.84999847412109375 65.8300018310546875 66.59999847412109375 67.31999969482421875 67.8000030517578125 68.54000091552734375 69.15000152587890625 69.51000213623046875 69.5500030517578125 69.44000244140625 69.0800018310546875 68.31999969482421875 67.01000213623046875 65.87000274658203125 63.90000152587890625 61.520000457763671875 59.29000091552734375 57.06999969482421875 55.31999969482421875
54.1100006103515625 53.9199981689453125 53.810001373291015625 53.779998779296875 53.81999969482421875 53.779998779296875 53.8899993896484375 54.509998321533203125 54.409999847412109375 54.729999542236328125 54.18000030517578125 53.090000152587890625 52.409999847412109375 53.25 54.06999969482421875 55.18000030517578125 55.45999908447265625 55.93000030517578125 56.70999908447265625 58 58.779998779296875 59.909999847412109375 61.34999847412109375 62.5800018310546875 63.659999847412109375 64.68000030517578125 65.410003662109375 66.220001220703125 67.12000274658203125 68.05999755859375 68.75 68.87999725341796875 69.089996337890625 69.01999664306640625 68.48999786376953125 67.68000030517578125 66.3600006103515625 64.5800018310546875 62.20999908447265625 59.6399993896484375 57.380001068115234375 55.439998626708984375
55.06999969482421875 54.549999237060546875 54.029998779296875 53.590000152587890625 53.240001678466796875 53.43000030517578125 53.34999847412109375 53.380001068115234375 53.880001068115234375 54.1100006103515625 54.20999908447265625 53.54000091552734375 52.840000152587890625 52.270000457763671875 53 54.049999237060546875 54.409999847412109375 54.939998626708984375 55.520000457763671875 56.18000030517578125 57.279998779296875 58.470001220703125 59.560001373291015625 60.79000091552734375 61.970001220703125 62.93000030517578125 63.759998321533203125 64.8899993896484375 66.20999908447265625 67.23000335693359375 68.01999664306640625 68.26999664306640625 68.62999725341796875 68.59999847412109375 68.26000213623046875 67.80999755859375 66.839996337890625 65.12999725341796875 63.060001373291015625 60.759998321533203125 57.560001373291015625 55.939998626708984375
