wildfire/work/fuelmodels/1695/ahn1.asc
ncols        189
nrows        165
xllcorner    197375.000000000000
yllcorner    448190.000000000000
cellsize     5.000000000000
NODATA_value   -999
[rows 19 to 37 of 165, columns 0 to 41 of 189]
83.55999755859375 85.31999969482421875 87.12000274658203125 88.339996337890625 89.93000030517578125 90.98999786376953125 91.5800018310546875 91.75 91.5800018310546875 91.01000213623046875 90.65000152587890625 90.20999908447265625 89.6999969482421875 89.05999755859375 87.81999969482421875 86.1100006103515625 84.25 82.1100006103515625 80.54000091552734375 79.12000274658203125 77.87000274658203125 76.5800018310546875 74.65000152587890625 73.3600006103515625 72.43000030517578125 71.089996337890625 70.20999908447265625 69.4199981689453125 68.80999755859375 68.12000274658203125 67.59999847412109375 67.220001220703125 66.55999755859375 66.1699981689453125 66.01999664306640625 65.6699981689453125 65.56999969482421875 65.06999969482421875 64.79000091552734375 64.4199981689453125 64.26000213623046875 63.8899993896484375
83.720001220703125 84.4499969482421875 86.589996337890625 88.3899993896484375 89.87000274658203125 91.04000091552734375 91.70999908447265625 91.87999725341796875 91.84999847412109375 91.25 90.87000274658203125 90.3000030517578125 89.8000030517578125 89.089996337890625 87.5500030517578125 85.54000091552734375 83.720001220703125 81.55999755859375 79.75 78.0500030517578125 76.31999969482421875 75.12999725341796875 74.06999969482421875 73.05999755859375 72.1999969482421875 71.470001220703125 70.68000030517578125 69.95999908447265625 69.1699981689453125 68.54000091552734375 67.910003662109375 67.43000030517578125 66.98000335693359375 66.4499969482421875 66.5800018310546875 66.19000244140625 65.6699981689453125 65.43000030517578125 65.29000091552734375 65.0500030517578125 64.73999786376953125 64.26999664306640625
83.279998779296875 84.529998779296875 85.90000152587890625 87.589996337890625 88.79000091552734375 90.76000213623046875 91.5500030517578125 91.970001220703125 91.93000030517578125 91.40000152587890625 90.98000335693359375 90.62999725341796875 89.87999725341796875 88.970001220703125 87.23999786376953125 85.1999969482421875 83.26999664306640625 81.1100006103515625 78.8300018310546875 77.79000091552734375 75.6699981689453125 74.84999847412109375 74.18000030517578125 73.55999755859375 72.9499969482421875 72.3000030517578125 71.470001220703125 70.5500030517578125 69.779998779296875 68.98000335693359375 68.40000152587890625 67.65000152587890625 67.1999969482421875 67 66.8600006103515625 66.51999664306640625 66.06999969482421875 65.94000244140625 65.84999847412109375 65.4199981689453125 65 64.3899993896484375
83.3600006103515625 84.1699981689453125 85.5800018310546875 86.76000213623046875 88.01000213623046875 90.4499969482421875 91.43000030517578125 91.90000152587890625 92 91.5 90.98000335693359375 90.51000213623046875 89.5500030517578125 88.48000335693359375 86.04000091552734375 84.5500030517578125 82.48000335693359375 79.9499969482421875 78.18000030517578125 76.81999969482421875 76.5500030517578125 75.62000274658203125 75.04000091552734375 74.779998779296875 74.37000274658203125 73.48999786376953125 72.54000091552734375 71.779998779296875 70.6699981689453125 69.62999725341796875 68.75 68.09999847412109375 67.4499969482421875 67.589996337890625 67.470001220703125 67.0800018310546875 66.9199981689453125 66.44000244140625 66.1399993896484375 65.37000274658203125 65.01000213623046875 64.529998779296875
83.98999786376953125 84.31999969482421875 85.62000274658203125 86.55999755859375 87.8300018310546875 89.4199981689453125 90.9499969482421875 91.70999908447265625 91.73000335693359375 91.37000274658203125 91.029998779296875 89.95999908447265625 88.5 86.3899993896484375 84.79000091552734375 83.37999725341796875 81.34999847412109375 79.73999786376953125 78.3300018310546875 78.6399993896484375 78.05999755859375 77.48999786376953125 77.26000213623046875 76.5 75.75 75.160003662109375 74.160003662109375 72.720001220703125 71.54000091552734375 70.23000335693359375 69.339996337890625 68.6699981689453125 68.3300018310546875 68.12999725341796875 67.87000274658203125 67.87999725341796875 67.1999969482421875 66.94000244140625 66.26999664306640625 65.73000335693359375 65.3899993896484375 65.15000152587890625
84.62999725341796875 84.76000213623046875 85.37999725341796875 86.12999725341796875 87.23999786376953125 89.1399993896484375 90.589996337890625 91.470001220703125 91.5500030517578125 90.9199981689453125 89.8300018310546875 88.6999969482421875 86.79000091552734375 85.410003662109375 83.8300018310546875 81.76999664306640625 80.23000335693359375 79.48000335693359375 79.8300018310546875 79.79000091552734375 79.76000213623046875 79.4199981689453125 79.1699981689453125 78.62000274658203125 77.87000274658203125 76.80999755859375 75.31999969482421875 74.01999664306640625 72.62000274658203125 71.55999755859375 70.54000091552734375 69.65000152587890625 69.220001220703125 68.8000030517578125 68.44000244140625 68.01999664306640625 67.87999725341796875 67.25 66.589996337890625 66.0500030517578125 65.70999908447265625 66.1699981689453125
85.839996337890625 85.18000030517578125 85.5500030517578125 86.0500030517578125 87.0500030517578125 87.660003662109375 90.01999664306640625 91.05999755859375 91.09999847412109375 90.1999969482421875 89.20999908447265625 86.95999908447265625 85.6100006103515625 83.98000335693359375 82.70999908447265625 82.220001220703125 81.98000335693359375 81.40000152587890625 81.73999786376953125 82.1100006103515625 82.470001220703125 81.44000244140625 80.73999786376953125 80.29000091552734375 79.56999969482421875 78.12999725341796875 76.95999908447265625 75.8000030517578125 74.25 73.12999725341796875 71.3300018310546875 70.29000091552734375 69.779998779296875 69.56999969482421875 69.04000091552734375 68.95999908447265625 68.279998779296875 67.37999725341796875 67.0500030517578125 66.45999908447265625 66.37000274658203125 67.15000152587890625
87.45999908447265625 87.20999908447265625 86.48000335693359375 86.5800018310546875 86.80999755859375 88.3600006103515625 88.839996337890625 89.94000244140625 89.3000030517578125 88.90000152587890625 87.55999755859375 86.65000152587890625 84.59999847412109375 84.220001220703125 83.5500030517578125 83.3300018310546875 83.3000030517578125 83.410003662109375 84 83.98999786376953125 83.62000274658203125 83.23999786376953125 82.40000152587890625 81.62000274658203125 80.76999664306640625 79.910003662109375 77.70999908447265625 76.56999969482421875 74.76000213623046875 73.51999664306640625 72.34999847412109375 71.37000274658203125 70.9499969482421875 70.51999664306640625 69.76999664306640625 69.69000244140625 68.93000030517578125 68.29000091552734375 67.80999755859375 67.3600006103515625 67.339996337890625 68.12000274658203125
89.31999969482421875 88.220001220703125 87.51000213623046875 87.26999664306640625 87.160003662109375 88.05999755859375 88.73000335693359375 89.18000030517578125 88.910003662109375 88.01000213623046875 86.9199981689453125 86.30999755859375 85.65000152587890625 84.9499969482421875 85.15000152587890625 85.470001220703125 85.4199981689453125 85.6999969482421875 85.51999664306640625 85.56999969482421875 85.1399993896484375 84.6699981689453125 84.029998779296875 83.1399993896484375 81.76999664306640625 79.9499969482421875 78.4499969482421875 76.98000335693359375 75.70999908447265625 74.5500030517578125 73.660003662109375 72.839996337890625 72.12999725341796875 71.51000213623046875 70.62000274658203125 70.3899993896484375 70.3000030517578125 69.8300018310546875 69.0500030517578125 68.23999786376953125 68.5500030517578125 69.43000030517578125
90.43000030517578125 89.68000030517578125 89.3300018310546875 88.970001220703125 88.65000152587890625 88.529998779296875 88.54000091552734375 89.160003662109375 88.73999786376953125 87.9199981689453125 87.5 87.529998779296875 87.720001220703125 87.75 87.51000213623046875 86.84999847412109375 86.8899993896484375 87.0500030517578125 87.09999847412109375 86.93000030517578125 86.25 85.48000335693359375 84.84999847412109375 83.6100006103515625 82.04000091552734375 80.6999969482421875 79.44000244140625 78.04000091552734375 76.76999664306640625 75.529998779296875 74.65000152587890625 74.26000213623046875 73.3000030517578125 72.40000152587890625 71.5500030517578125 71.87999725341796875 71.68000030517578125 71.220001220703125 70.37000274658203125 70.30999755859375 70.51000213623046875 71.20999908447265625
91.84999847412109375 91.0500030517578125 90.37000274658203125 90.1100006103515625 89.68000030517578125 89.720001220703125 89.4499969482421875 89.51999664306640625 88.8899993896484375 88.62000274658203125 88.410003662109375 88.43000030517578125 88.44000244140625 88.3300018310546875 88.51999664306640625 88.65000152587890625 88.75 88.68000030517578125 88.5500030517578125 88.06999969482421875 87.06999969482421875 86.26999664306640625 85.1100006103515625 84.09999847412109375 82.93000030517578125 81.95999908447265625 80.3000030517578125 79.23000335693359375 77.87000274658203125 76.12999725341796875 75.529998779296875 74.970001220703125 74.029998779296875 72.87000274658203125 72.76999664306640625 73.0500030517578125 73.339996337890625 72.90000152587890625 72.75 72.68000030517578125 72.44000244140625 73.12999725341796875
92.81999969482421875 91.98000335693359375 91.3000030517578125 90.70999908447265625 90.6999969482421875 90.68000030517578125 90.410003662109375 90.029998779296875 89.589996337890625 89.51999664306640625 89.79000091552734375 89.6999969482421875 89.98000335693359375 89.98999786376953125 90.220001220703125 90.5 90.31999969482421875 90 89.31999969482421875 88.8000030517578125 88.089996337890625 87.01000213623046875 85.73000335693359375 84.720001220703125 83.81999969482421875 82.45999908447265625 80.70999908447265625 79.68000030517578125 77.98000335693359375 76.90000152587890625 76.1399993896484375 74.98999786376953125 74.06999969482421875 73.8899993896484375 74.1399993896484375 74.54000091552734375 75.12999725341796875 74.779998779296875 74.8300018310546875 74.62999725341796875 74.6100006103515625 74.84999847412109375
93.3899993896484375 92.62999725341796875 91.65000152587890625 91.55999755859375 91.6399993896484375 91.410003662109375 90.94000244140625 90.69000244140625 90.54000091552734375 90.5800018310546875 90.84999847412109375 91.23000335693359375 91.95999908447265625 92.01999664306640625 91.76999664306640625 91.51999664306640625 91.43000030517578125 90.84999847412109375 90.34999847412109375 89.68000030517578125 88.9199981689453125 87.8600006103515625 86.5800018310546875 85.31999969482421875 84.37999725341796875 82.8899993896484375 81.01999664306640625 79.51999664306640625 78.69000244140625 78.12000274658203125 76.68000030517578125 75.70999908447265625 75.720001220703125 75.68000030517578125 75.95999908447265625 76.26000213623046875 76.529998779296875 76.65000152587890625 76.5 76.5800018310546875 76.51999664306640625 76.59999847412109375
93.6399993896484375 93.05999755859375 92.6999969482421875 92.5800018310546875 92.19000244140625 92.01999664306640625 91.8000030517578125 91.65000152587890625 91.8300018310546875 92.23999786376953125 92.5500030517578125 92.55999755859375 92.660003662109375 92.910003662109375 93.09999847412109375 92.87000274658203125 92.43000030517578125 91.80999755859375 90.98999786376953125 90.12000274658203125 89.37999725341796875 88.1999969482421875 86.73999786376953125 86.0500030517578125 84.5800018310546875 82.93000030517578125 81.68000030517578125 80.80999755859375 79.3600006103515625 78.18000030517578125 77.43000030517578125 77.4499969482421875 76.98000335693359375 76.8600006103515625 77.55999755859375 77.95999908447265625 78.26999664306640625 78.37999725341796875 78.470001220703125 78.44000244140625 78.470001220703125 78.1699981689453125
93.98000335693359375 93.30999755859375 93.3899993896484375 93.15000152587890625 93.30999755859375 93.12999725341796875 92.970001220703125 92.76000213623046875 92.94000244140625 93.15000152587890625 93.3600006103515625 93.48999786376953125 93.76999664306640625 93.56999969482421875 93.59999847412109375 93.339996337890625 92.94000244140625 92.160003662109375 91.6699981689453125 90.4199981689453125 89.62999725341796875 88.8899993896484375 87.660003662109375 86.25 85.06999969482421875 83.8000030517578125 82.51000213623046875 81.0800018310546875 79.65000152587890625 79.05999755859375 79 78.9499969482421875 79.04000091552734375 79.04000091552734375 79.45999908447265625 79.93000030517578125 80.15000152587890625 80.09999847412109375 80.09999847412109375 80.25 79.8300018310546875 79.26000213623046875
94.26999664306640625 93.80999755859375 94.26000213623046875 94.3000030517578125 94.30999755859375 94.18000030517578125 94.01000213623046875 94.01999664306640625 94.01000213623046875 94.37999725341796875 94.529998779296875 94.51000213623046875 94.339996337890625 94.19000244140625 94.18000030517578125 93.79000091552734375 93.40000152587890625 92.48999786376953125 92.029998779296875 90.84999847412109375 90.12000274658203125 89.23000335693359375 88.04000091552734375 86.98000335693359375 85.4199981689453125 84.31999969482421875 82.9199981689453125 81.6699981689453125 80.279998779296875 80.26000213623046875 80.6999969482421875 80.65000152587890625 80.55999755859375 80.80999755859375 81.220001220703125 81.589996337890625 81.76000213623046875 81.81999969482421875 81.5500030517578125 81.06999969482421875 80.69000244140625 80.26000213623046875
95.43000030517578125 95.37000274658203125 96.01000213623046875 95.95999908447265625 95.8899993896484375 95.40000152587890625 95.06999969482421875 95.220001220703125 95.3899993896484375 95.470001220703125 95.69000244140625 95.23999786376953125 94.90000152587890625 94.76000213623046875 94.30999755859375 94.1100006103515625 93.55999755859375 93.19000244140625 92.3899993896484375 91.37999725341796875 90.59999847412109375 89.529998779296875 88.779998779296875 87.73000335693359375 86.1999969482421875 85.05999755859375 83.26000213623046875 82.40000152587890625 81.70999908447265625 82.15000152587890625 82.12999725341796875 82.65000152587890625 82.8000030517578125 82.73000335693359375 83.029998779296875 83.23000335693359375 82.9199981689453125 82.6699981689453125 82.339996337890625 81.98000335693359375 81.48999786376953125 81.05999755859375
96.62999725341796875 96.970001220703125 97.26999664306640625 97.3899993896484375 97.15000152587890625 96.69000244140625 96.45999908447265625 96.40000152587890625 96.3000030517578125 96.26999664306640625 96.1399993896484375 95.75 95.470001220703125 94.8300018310546875 94.43000030517578125 94.09999847412109375 93.80999755859375 93.44000244140625 92.8300018310546875 91.95999908447265625 90.779998779296875 90.12000274658203125 89.3899993896484375 88.34999847412109375 86.62999725341796875 84.8899993896484375 84.1699981689453125 83.54000091552734375 83.279998779296875 83.69000244140625 83.98000335693359375 84.37000274658203125 84.51999664306640625 84.45999908447265625 84.40000152587890625 84.06999969482421875 84.1100006103515625 83.79000091552734375 83.1999969482421875 82.55999755859375 81.98000335693359375 81.3899993896484375
98.23999786376953125 98.48999786376953125 98.80999755859375 99.01000213623046875 98.68000030517578125 97.98999786376953125 97.62999725341796875 97.37000274658203125 97.12000274658203125 96.910003662109375 96.5500030517578125 96.30999755859375 95.75 95.279998779296875 94.68000030517578125 94.48000335693359375 94.12999725341796875 93.84999847412109375 93.29000091552734375 92.44000244140625 91.6999969482421875 91.19000244140625 89.9199981689453125 88.56999969482421875 86.45999908447265625 85.87000274658203125 86.12999725341796875 85.30999755859375 85.51999664306640625 85.4199981689453125 85.279998779296875 85.80999755859375 86.029998779296875 85.70999908447265625 85.5500030517578125 85.3899993896484375 84.76999664306640625 84.40000152587890625 83.73000335693359375 83.029998779296875 82.76000213623046875 82.26999664306640625
