wildfire/work/fuelmodels/1695/ahn1.asc
ncols        189
nrows        165
xllcorner    197375.000000000000
yllcorner    448190.000000000000
cellsize     5.000000000000
NODATA_value   -999
[rows 95 to 113 of 165, columns 126 to 167 of 189]
75.04000091552734375 74.37999725341796875 73.18000030517578125 72.31999969482421875 71.51000213623046875 70.76999664306640625 69.76999664306640625 69.06999969482421875 68.3600006103515625 67.5 67.01999664306640625 65.80999755859375 65.160003662109375 64.51999664306640625 63.689998626708984375 63.060001373291015625 62.450000762939453125 61.6699981689453125 60.950000762939453125 60.3899993896484375 59.759998321533203125 59.43000030517578125 59.020000457763671875 58.240001678466796875 57.490001678466796875 56.84999847412109375 56.06999969482421875 55.470001220703125 54.9199981689453125 54.490001678466796875 54.119998931884765625 53.759998321533203125 53.439998626708984375 53.049999237060546875 52.65000152587890625 52.310001373291015625 52.020000457763671875 51.68000030517578125 51.34999847412109375 51.119998931884765625 50.90000152587890625 50.59999847412109375
75.20999908447265625 74.26999664306640625 73.3899993896484375 72.51000213623046875 71.51999664306640625 70.80999755859375 70.04000091552734375 69.05999755859375 68.1699981689453125 67.45999908447265625 66.59999847412109375 65.93000030517578125 65.04000091552734375 64.37000274658203125 63.56999969482421875 62.950000762939453125 62.279998779296875 61.560001373291015625 61.029998779296875 60.529998779296875 59.880001068115234375 59.450000762939453125 58.939998626708984375 58.31999969482421875 57.70999908447265625 57.1100006103515625 56.31999969482421875 55.799999237060546875 55.240001678466796875 54.779998779296875 54.340000152587890625 54.1699981689453125 53.740001678466796875 53.340000152587890625 52.990001678466796875 52.56999969482421875 52.31999969482421875 51.970001220703125 51.689998626708984375 51.450000762939453125 51.009998321533203125 50.990001678466796875
75.26000213623046875 74.220001220703125 73.3600006103515625 72.660003662109375 71.6699981689453125 70.779998779296875 69.98000335693359375 69.0800018310546875 68.15000152587890625 67.37999725341796875 66.6699981689453125 65.79000091552734375 64.98000335693359375 64.1999969482421875 63.40000152587890625 62.799999237060546875 62.15000152587890625 61.56999969482421875 61 60.630001068115234375 59.979999542236328125 59.479999542236328125 59.130001068115234375 58.470001220703125 57.810001373291015625 57.090000152587890625 56.560001373291015625 56.06999969482421875 55.5800018310546875 55.1699981689453125 54.840000152587890625 54.470001220703125 54.1100006103515625 53.65000152587890625 53.369998931884765625 52.95999908447265625 52.509998321533203125 52.31999969482421875 51.990001678466796875 51.729999542236328125 51.43000030517578125 51.1699981689453125
75.339996337890625 74.29000091552734375 73.34999847412109375 72.529998779296875 71.589996337890625 70.779998779296875 69.80999755859375 69.220001220703125 68.44000244140625 67.3600006103515625 66.80999755859375 65.93000030517578125 64.720001220703125 64.06999969482421875 63.200000762939453125 62.79000091552734375 62.18000030517578125 61.68000030517578125 61.119998931884765625 60.70999908447265625 60.159999847412109375 59.659999847412109375 59.29000091552734375 58.689998626708984375 58.130001068115234375 57.490001678466796875 56.869998931884765625 56.279998779296875 55.909999847412109375 55.529998779296875 55.060001373291015625 54.759998321533203125 54.479999542236328125 54.020000457763671875 53.5800018310546875 53.20999908447265625 52.810001373291015625 52.529998779296875 52.1699981689453125 51.950000762939453125 51.659999847412109375 51.3899993896484375
75.1100006103515625 74.19000244140625 73.1999969482421875 72.410003662109375 71.62000274658203125 70.73999786376953125 70.04000091552734375 69.25 68.3300018310546875 67.40000152587890625 66.68000030517578125 65.87000274658203125 64.94000244140625 64.089996337890625 63.270000457763671875 62.630001068115234375 62.380001068115234375 61.8600006103515625 61.479999542236328125 61.020000457763671875 60.450000762939453125 59.880001068115234375 59.3899993896484375 58.779998779296875 58.3300018310546875 57.81999969482421875 57.020000457763671875 56.529998779296875 55.8300018310546875 55.729999542236328125 55.189998626708984375 54.93000030517578125 54.54000091552734375 54.279998779296875 53.880001068115234375 53.380001068115234375 53 52.779998779296875 52.45999908447265625 52.1100006103515625 51.8899993896484375 51.520000457763671875
74.8899993896484375 73.910003662109375 72.970001220703125 72.15000152587890625 71.30999755859375 70.5500030517578125 69.8300018310546875 69.23999786376953125 68.43000030517578125 67.6100006103515625 67.01000213623046875 65.93000030517578125 65.1699981689453125 64.25 63.68000030517578125 62.970001220703125 62.68000030517578125 62.259998321533203125 61.950000762939453125 61.34999847412109375 60.6699981689453125 60.18000030517578125 59.509998321533203125 58.939998626708984375 58.18000030517578125 57.93000030517578125 57.270000457763671875 56.619998931884765625 56.0800018310546875 55.79000091552734375 55.299999237060546875 55.04000091552734375 54.56999969482421875 54.310001373291015625 53.979999542236328125 53.6100006103515625 53.220001220703125 52.979999542236328125 52.6399993896484375 52.3600006103515625 52.15000152587890625 51.759998321533203125
74.5500030517578125 73.45999908447265625 72.68000030517578125 71.8899993896484375 71.25 70.470001220703125 69.720001220703125 69.12000274658203125 68.44000244140625 67.79000091552734375 67.029998779296875 66.30999755859375 65.43000030517578125 64.56999969482421875 64.15000152587890625 63.56999969482421875 63.279998779296875 62.869998931884765625 62.4199981689453125 61.939998626708984375 61.229999542236328125 60.56999969482421875 59.939998626708984375 59.0800018310546875 58.439998626708984375 58.020000457763671875 57.560001373291015625 56.93000030517578125 56.279998779296875 55.720001220703125 55.40000152587890625 55.0800018310546875 54.6100006103515625 54.3600006103515625 54.06999969482421875 53.740001678466796875 53.409999847412109375 53.1399993896484375 52.8899993896484375 52.509998321533203125 52.31999969482421875 51.979999542236328125
74.23000335693359375 73.25 72.25 71.660003662109375 70.87000274658203125 70.34999847412109375 69.6699981689453125 69 68.5 67.87000274658203125 67.26999664306640625 66.6699981689453125 65.59999847412109375 65.06999969482421875 64.65000152587890625 64.18000030517578125 64.06999969482421875 63.6100006103515625 62.990001678466796875 62.490001678466796875 61.810001373291015625 61.240001678466796875 60.1399993896484375 59.279998779296875 58.560001373291015625 58.06999969482421875 57.56999969482421875 57.06999969482421875 56.520000457763671875 55.8899993896484375 55.3899993896484375 55.029998779296875 54.619998931884765625 54.470001220703125 54.200000762939453125 53.81999969482421875 53.549999237060546875 53.270000457763671875 52.979999542236328125 52.779998779296875 52.479999542236328125 52.229999542236328125
74.160003662109375 73.01000213623046875 72.25 71.43000030517578125 70.8000030517578125 70.20999908447265625 69.62000274658203125 68.93000030517578125 68.40000152587890625 67.8899993896484375 67.15000152587890625 66.69000244140625 66.19000244140625 65.5500030517578125 65.220001220703125 64.87999725341796875 64.62000274658203125 64.18000030517578125 63.529998779296875 62.9199981689453125 62.130001068115234375 61.340000152587890625 60.56999969482421875 59.6699981689453125 58.810001373291015625 58.3600006103515625 57.659999847412109375 57.090000152587890625 56.700000762939453125 56.029998779296875 55.5800018310546875 55.0800018310546875 54.8600006103515625 54.509998321533203125 54.25 53.93000030517578125 53.79000091552734375 53.470001220703125 53.15000152587890625 53.0800018310546875 52.880001068115234375 52.700000762939453125
73.6699981689453125 72.87000274658203125 71.910003662109375 71.23000335693359375 70.5500030517578125 69.910003662109375 69.37000274658203125 68.81999969482421875 68.25 67.76999664306640625 67.3300018310546875 66.839996337890625 66.54000091552734375 66.12999725341796875 65.75 65.44000244140625 65.0500030517578125 64.8600006103515625 64.1699981689453125 63.299999237060546875 62.299999237060546875 61.56999969482421875 60.740001678466796875 59.840000152587890625 58.990001678466796875 58.43000030517578125 57.6699981689453125 57.15000152587890625 56.68000030517578125 56.1699981689453125 55.8300018310546875 55.279998779296875 54.95999908447265625 54.59999847412109375 54.450000762939453125 54.20999908447265625 53.9199981689453125 53.869998931884765625 53.509998321533203125 53.369998931884765625 53.200000762939453125 52.95999908447265625
73.160003662109375 72.45999908447265625 71.70999908447265625 70.93000030517578125 70.26000213623046875 69.660003662109375 69.18000030517578125 68.5500030517578125 68.0500030517578125 67.6399993896484375 67.12999725341796875 66.93000030517578125 66.84999847412109375 66.6100006103515625 66.06999969482421875 65.9199981689453125 65.59999847412109375 65.1699981689453125 64.5800018310546875 63.75 62.65000152587890625 61.779998779296875 60.8899993896484375 59.880001068115234375 59.119998931884765625 58.54000091552734375 57.8899993896484375 57.31999969482421875 56.689998626708984375 56.310001373291015625 55.840000152587890625 55.3899993896484375 55.09999847412109375 54.869998931884765625 54.740001678466796875 54.490001678466796875 54.340000152587890625 54.090000152587890625 53.93000030517578125 53.84999847412109375 53.68000030517578125 53.59999847412109375
72.410003662109375 72.12999725341796875 71.62000274658203125 70.48999786376953125 69.80999755859375 69.26999664306640625 68.70999908447265625 68.1999969482421875 67.80999755859375 67.48000335693359375 67.15000152587890625 67.01999664306640625 67.029998779296875 66.70999908447265625 66.45999908447265625 66.279998779296875 65.94000244140625 65.29000091552734375 64.62000274658203125 63.6699981689453125 62.880001068115234375 61.8899993896484375 61.020000457763671875 60.1100006103515625 59.229999542236328125 58.689998626708984375 57.979999542236328125 57.340000152587890625 56.8300018310546875 56.3899993896484375 56.06999969482421875 55.700000762939453125 55.31999969482421875 55.15000152587890625 54.909999847412109375 54.729999542236328125 54.65000152587890625 54.590000152587890625 54.470001220703125 54.259998321533203125 54.310001373291015625 54.1399993896484375
72.0500030517578125 71.6100006103515625 71.06999969482421875 70.1399993896484375 69.51000213623046875 69.0500030517578125 68.4499969482421875 68.01000213623046875 67.65000152587890625 67.30999755859375 67.12000274658203125 66.79000091552734375 66.79000091552734375 66.81999969482421875 66.51999664306640625 66.3300018310546875 65.970001220703125 65.4499969482421875 64.5800018310546875 63.6699981689453125 62.770000457763671875 61.779998779296875 61.009998321533203125 60.029998779296875 59.340000152587890625 58.79000091552734375 58.18000030517578125 57.470001220703125 56.8899993896484375 56.549999237060546875 56.229999542236328125 55.90000152587890625 55.6399993896484375 55.439998626708984375 55.310001373291015625 55.09999847412109375 55.020000457763671875 54.95999908447265625 54.939998626708984375 54.799999237060546875 54.95999908447265625 54.979999542236328125
71.62999725341796875 71.160003662109375 70.81999969482421875 69.87000274658203125 69.25 68.59999847412109375 68.160003662109375 67.84999847412109375 67.3300018310546875 66.93000030517578125 66.6999969482421875 66.56999969482421875 66.48999786376953125 66.4499969482421875 66.26000213623046875 66.3600006103515625 65.62999725341796875 65.160003662109375 64.26999664306640625 63.520000457763671875 62.5800018310546875 61.619998931884765625 60.909999847412109375 60.20999908447265625 59.40000152587890625 58.75 58.1399993896484375 57.5800018310546875 57.060001373291015625 56.740001678466796875 56.40000152587890625 56.119998931884765625 55.970001220703125 55.759998321533203125 55.590000152587890625 55.529998779296875 55.369998931884765625 55.20999908447265625 55.560001373291015625 55.54000091552734375 55.720001220703125 55.75
70.589996337890625 70.51999664306640625 70.12000274658203125 69.51000213623046875 69.05999755859375 68.26000213623046875 67.73999786376953125 67.470001220703125 67.1100006103515625 66.76999664306640625 66.45999908447265625 66.19000244140625 66.01999664306640625 65.98999786376953125 65.76999664306640625 65.56999969482421875 65.339996337890625 64.87000274658203125 63.840000152587890625 63.310001373291015625 62.3899993896484375 61.590000152587890625 60.799999237060546875 60.1699981689453125 59.3899993896484375 58.869998931884765625 58.25 57.79000091552734375 57.34999847412109375 56.970001220703125 56.6399993896484375 56.439998626708984375 56.299999237060546875 56.25 56.06999969482421875 56.04000091552734375 55.90000152587890625 55.990001678466796875 56.159999847412109375 56.240001678466796875 56.479999542236328125 56.6699981689453125
69.45999908447265625 69.4499969482421875 69.3600006103515625 68.84999847412109375 68.48000335693359375 67.8899993896484375 67.410003662109375 66.98000335693359375 66.6999969482421875 66.29000091552734375 66.25 65.910003662109375 65.6699981689453125 65.37999725341796875 65.220001220703125 64.970001220703125 64.6999969482421875 64.04000091552734375 63.43000030517578125 62.8600006103515625 62.130001068115234375 61.380001068115234375 60.729999542236328125 60.1699981689453125 59.270000457763671875 58.9199981689453125 58.450000762939453125 57.990001678466796875 57.590000152587890625 57.1399993896484375 56.909999847412109375 56.6699981689453125 56.6399993896484375 56.549999237060546875 56.409999847412109375 56.3600006103515625 56.479999542236328125 56.6399993896484375 56.740001678466796875 56.869998931884765625 57.340000152587890625 57.659999847412109375
68.43000030517578125 68.4499969482421875 68.51000213623046875 68.3600006103515625 67.93000030517578125 67.529998779296875 67.06999969482421875 66.62000274658203125 66.160003662109375 65.94000244140625 66.04000091552734375 65.65000152587890625 65.3899993896484375 65.12000274658203125 64.779998779296875 64.44000244140625 64.12000274658203125 63.65000152587890625 62.990001678466796875 62.520000457763671875 61.979999542236328125 61.31999969482421875 60.689998626708984375 60.04000091552734375 59.5800018310546875 59 58.5800018310546875 58.159999847412109375 57.740001678466796875 57.439998626708984375 57.259998321533203125 57.130001068115234375 56.909999847412109375 57 56.90000152587890625 56.8899993896484375 57.18000030517578125 57.20999908447265625 57.3899993896484375 57.720001220703125 57.990001678466796875 58.20999908447265625
67.3300018310546875 67.31999969482421875 67.62000274658203125 67.5800018310546875 67.12000274658203125 66.75 66.45999908447265625 66.1699981689453125 65.8000030517578125 65.48999786376953125 65.37999725341796875 65.25 64.98999786376953125 64.68000030517578125 64.410003662109375 64.01000213623046875 63.65000152587890625 63.200000762939453125 62.689998626708984375 62.1699981689453125 61.79000091552734375 61.1399993896484375 60.5800018310546875 60.06999969482421875 59.56999969482421875 58.979999542236328125 58.740001678466796875 58.520000457763671875 58.15000152587890625 57.770000457763671875 57.5800018310546875 57.3899993896484375 57.1699981689453125 57.1399993896484375 57.340000152587890625 57.5 57.6399993896484375 57.799999237060546875 58.25 58.3899993896484375 58.619998931884765625 58.909999847412109375
66.3300018310546875 66.37000274658203125 66.470001220703125 66.54000091552734375 66.54000091552734375 66.279998779296875 65.87000274658203125 65.6699981689453125 65.29000091552734375 65.1999969482421875 65.0500030517578125 64.779998779296875 64.660003662109375 64.410003662109375 64.160003662109375 63.79000091552734375 63.369998931884765625 62.970001220703125 62.470001220703125 61.970001220703125 61.549999237060546875 61.06999969482421875 60.549999237060546875 60.20999908447265625 59.6699981689453125 59.200000762939453125 58.8600006103515625 58.70999908447265625 58.310001373291015625 58.1399993896484375 57.990001678466796875 57.6699981689453125 57.6100006103515625 57.740001678466796875 57.84999847412109375 57.90000152587890625 58.090000152587890625 58.43000030517578125 58.700000762939453125 59.020000457763671875 59.470001220703125 59.810001373291015625
