wildfire/work/fuelmodels/1695/slope.asc
ncols        189
nrows        165
xllcorner    197375.000000000000
yllcorner    448190.000000000000
cellsize     5.000000000000
NODATA_value   -999
[rows 54 to 71 of 165, columns 82 to 122 of 189]
51.5064544677734375 45.70137786865234375 51.838695526123046875 65.13709259033203125 71.151611328125 80.09117889404296875 85.42462921142578125 86.662384033203125 93.56786346435546875 90.3854217529296875 82.2929840087890625 84.61767578125 85.473297119140625 76.9412384033203125 68.294036865234375 63.61566162109375 62.56494903564453125 64.4800567626953125 58.605152130126953125 54.30339813232421875 53.84983062744140625 48.11586761474609375 45.357341766357421875 49.468715667724609375 50.08477020263671875 42.271881103515625 37.828006744384765625 34.772739410400390625 33.2958526611328125 39.018047332763671875 41.612407684326171875 46.944591522216796875 57.993106842041015625 64.79174041748046875 65.7952728271484375 61.19441986083984375 54.377925872802734375 47.31650543212890625 33.215167999267578125 33.390178680419921875 49.42780303955078125
43.4585113525390625 40.114437103271484375 52.1578826904296875 70.37329864501953125 77.97075653076171875 81.73343658447265625 87.94065093994140625 89.868682861328125 90.77483367919921875 89.26220703125 83.73407745361328125 93.9660186767578125 90.4561004638671875 78.554962158203125 77.00032806396484375 71.966644287109375 66.0227508544921875 61.65061187744140625 58.0523681640625 51.050708770751953125 49.0241546630859375 43.83769989013671875 40.6583099365234375 40.84999847412109375 40.1800689697265625 35.3134307861328125 29.571649551391601562 33.866146087646484375 35.040374755859375 36.5812225341796875 48.51694488525390625 57.73114776611328125 70.04400634765625 73.8845672607421875 64.810638427734375 54.7390899658203125 36.901500701904296875 27.433502197265625 43.349620819091796875 61.7052001953125 66.8122406005859375
43.3220672607421875 44.995883941650390625 55.620983123779296875 73.79079437255859375 81.22859954833984375 81.966705322265625 86.43495941162109375 92.37896728515625 90.358245849609375 88.102783203125 86.45394134521484375 98.70421600341796875 99.293426513671875 92.13996124267578125 90.52970123291015625 84.03353118896484375 77.638427734375 67.759246826171875 60.393230438232421875 55.221057891845703125 54.873073577880859375 48.154766082763671875 44.310214996337890625 44.451171875 38.443164825439453125 32.58379364013671875 28.78403472900390625 39.128353118896484375 45.294158935546875 46.724456787109375 57.487545013427734375 64.40431976318359375 74.36450958251953125 68.88936614990234375 50.70125579833984375 39.40419769287109375 31.074525833129882812 49.332973480224609375 73.154083251953125 82.971435546875 81.6466064453125
43.1473236083984375 47.544155120849609375 60.60506439208984375 76.65660858154296875 82.81375885009765625 80.187652587890625 81.27178955078125 92.96895599365234375 95.8092041015625 94.02579498291015625 96.78204345703125 103.4666748046875 102.554290771484375 95.59381103515625 91.41712188720703125 88.74346160888671875 85.12744903564453125 75.22212982177734375 66.3162841796875 58.22446441650390625 56.331424713134765625 50.3338470458984375 43.28031158447265625 46.13210296630859375 40.8748931884765625 36.12267303466796875 43.223148345947265625 47.9730072021484375 48.60977935791015625 54.4005584716796875 59.269718170166015625 64.37506103515625 66.45043182373046875 53.666149139404296875 37.497379302978515625 30.083187103271484375 51.520664215087890625 80.4427490234375 93.363006591796875 91.86130523681640625 87.5199737548828125
44.985736846923828125 51.857685089111328125 65.7524566650390625 78.54750823974609375 83.65039825439453125 79.60713958740234375 80.592864990234375 90.06406402587890625 93.90926361083984375 94.2693023681640625 96.460784912109375 99.02227783203125 95.92736053466796875 90.224029541015625 84.34604644775390625 81.44055938720703125 77.34355926513671875 70.52033233642578125 67.2535552978515625 61.38320159912109375 58.462474822998046875 53.622753143310546875 48.308788299560546875 49.414455413818359375 44.899799346923828125 45.19614410400390625 52.170269012451171875 48.512115478515625 51.92877197265625 60.456562042236328125 56.7274322509765625 58.788822174072265625 54.1341400146484375 37.49478912353515625 32.062915802001953125 53.72486114501953125 86.9109039306640625 99.27742767333984375 92.37445068359375 79.46968841552734375 70.60047149658203125
46.42079925537109375 55.957874298095703125 67.4304046630859375 78.12284088134765625 82.73404693603515625 83.5444793701171875 88.4938812255859375 93.77153778076171875 97.40604400634765625 100.61548614501953125 100.06085968017578125 99.102386474609375 99.00025177001953125 96.1580047607421875 88.30144500732421875 84.96315765380859375 81.14752197265625 73.9006500244140625 65.96833038330078125 67.206298828125 65.97016143798828125 57.392826080322265625 57.64907073974609375 54.117214202880859375 51.53211212158203125 53.6345367431640625 54.6517181396484375 55.3090972900390625 62.22364044189453125 62.446834564208984375 50.97798919677734375 49.557849884033203125 41.140468597412109375 22.90192413330078125 43.106960296630859375 81.27164459228515625 102.258941650390625 95.017669677734375 77.8406219482421875 60.2820587158203125 51.9134674072265625
42.0691680908203125 58.0408935546875 71.39565277099609375 80.41336822509765625 81.88632965087890625 86.74642181396484375 97.7244720458984375 101.2701568603515625 101.4803466796875 105.591339111328125 108.82115936279296875 105.40889739990234375 96.34716033935546875 91.29361724853515625 85.80267333984375 83.5142974853515625 81.385101318359375 79.8185882568359375 71.483062744140625 72.49981689453125 73.48961639404296875 64.30040740966796875 64.02449798583984375 59.2490997314453125 60.397857666015625 62.476360321044921875 62.298648834228515625 65.0086517333984375 64.1880950927734375 52.90032958984375 39.175567626953125 32.03893280029296875 27.196926116943359375 29.998767852783203125 59.444580078125 86.58371734619140625 91.33229827880859375 76.7323760986328125 60.8387451171875 49.118133544921875 45.770046234130859375
45.643589019775390625 59.6688385009765625 72.384765625 79.5955657958984375 79.49869537353515625 78.8830718994140625 85.8819427490234375 93.19031524658203125 95.23152923583984375 98.4320068359375 100.13037872314453125 101.4383697509765625 98.10063934326171875 93.19622802734375 89.6402435302734375 85.49147796630859375 80.7674102783203125 81.31699371337890625 76.98531341552734375 79.17128753662109375 82.13219451904296875 73.52608489990234375 67.96407318115234375 65.56456756591796875 71.6259918212890625 72.9783935546875 64.4288330078125 61.766666412353515625 55.432018280029296875 39.0959014892578125 27.848722457885742188 17.424047470092773438 16.854461669921875 36.88608551025390625 69.2344207763671875 84.3641815185546875 78.8418426513671875 55.3981781005859375 46.150104522705078125 50.70871734619140625 49.3152008056640625
45.1287689208984375 52.421527862548828125 62.8863067626953125 70.226776123046875 69.91826629638671875 66.45856475830078125 66.949249267578125 76.63877105712890625 83.40129852294921875 87.95516204833984375 93.31926727294921875 93.33815765380859375 96.48525238037109375 95.8137969970703125 97.2598724365234375 93.76842498779296875 85.017547607421875 86.4968719482421875 81.11948394775390625 85.06882476806640625 89.6146392822265625 83.7379913330078125 77.5088043212890625 77.35630035400390625 81.18299102783203125 71.07106781005859375 56.574161529541015625 55.332302093505859375 46.061603546142578125 27.299274444580078125 17.10137176513671875 9.3526391983032226562 19.101480484008789062 49.114192962646484375 76.28199005126953125 82.2435302734375 67.89862060546875 39.20831298828125 36.517612457275390625 49.395824432373046875 47.090625762939453125
34.564983367919921875 43.08324432373046875 51.45320892333984375 59.83980560302734375 59.568332672119140625 58.450946807861328125 64.18732452392578125 68.18805694580078125 71.9337005615234375 79.24446868896484375 91.96845245361328125 91.9549407958984375 94.217193603515625 96.0238037109375 101.85990142822265625 102.4945220947265625 94.1026458740234375 92.6921234130859375 87.9928741455078125 96.01325225830078125 99.64171600341796875 90.77079010009765625 85.553436279296875 85.6637115478515625 78.17725372314453125 57.370357513427734375 51.435291290283203125 48.29633331298828125 30.041769027709960938 15.599968910217285156 12.720735549926757812 17.897256851196289062 37.05437469482421875 62.203784942626953125 78.4849090576171875 73.40595245361328125 43.54402923583984375 6.2373294830322265625 28.970975875854492188 46.9464263916015625 45.295009613037109375
27.13089752197265625 36.1527557373046875 42.863903045654296875 52.716007232666015625 55.0868072509765625 47.276615142822265625 55.930389404296875 65.63057708740234375 63.30599212646484375 71.46968841552734375 86.4167327880859375 91.360931396484375 95.60846710205078125 99.48093414306640625 106.612518310546875 108.816497802734375 104.35305023193359375 103.334442138671875 107.45584869384765625 114.6657867431640625 107.59503173828125 95.623382568359375 92.13226318359375 86.1147308349609375 65.66437530517578125 45.95742034912109375 43.216037750244140625 32.774261474609375 17.81589508056640625 18.14463043212890625 26.307636260986328125 40.527099609375 56.761653900146484375 64.9073638916015625 64.75940704345703125 48.9015350341796875 18.429265975952148438 24.130794525146484375 39.774066925048828125 46.372894287109375 43.213062286376953125
19.547931671142578125 26.116146087646484375 36.64662933349609375 43.086681365966796875 48.107852935791015625 46.64847564697265625 59.62014007568359375 64.931610107421875 59.264545440673828125 70.88530731201171875 84.9252471923828125 88.281890869140625 96.60526275634765625 106.01312255859375 115.60118865966796875 119.8424072265625 120.06507110595703125 120.8265533447265625 124.510986328125 121.29938507080078125 103.29051971435546875 92.42140960693359375 86.63750457763671875 71.7322845458984375 49.052539825439453125 32.52700042724609375 25.243589401245117188 25.930606842041015625 24.45291900634765625 31.688791275024414062 49.60341644287109375 61.679836273193359375 63.1398773193359375 53.781024932861328125 41.256214141845703125 23.815654754638671875 28.649562835693359375 40.837505340576171875 51.011199951171875 60.6044921875 70.27178955078125
18.007520675659179688 24.3770599365234375 34.267337799072265625 39.6771240234375 51.57818603515625 61.957408905029296875 62.932537078857421875 63.0988616943359375 64.17186737060546875 82.2183837890625 98.8345947265625 101.77459716796875 109.4637603759765625 120.7716217041015625 133.74371337890625 135.8877105712890625 132.006805419921875 127.51113128662109375 123.15705108642578125 113.1783447265625 92.4575653076171875 79.427001953125 70.35324859619140625 52.9245758056640625 32.155765533447265625 22.586330413818359375 21.075487136840820312 26.592103958129882812 38.729846954345703125 57.458072662353515625 69.6033172607421875 72.1282958984375 63.493274688720703125 41.91814422607421875 15.05800628662109375 15.77719879150390625 43.781925201416015625 63.868976593017578125 78.96625518798828125 88.41536712646484375 92.31156158447265625
24.840932846069335938 31.964979171752929688 40.429576873779296875 55.40293121337890625 70.4784393310546875 73.94164276123046875 75.63916015625 82.30054473876953125 90.56461334228515625 110.8198394775390625 124.93082427978515625 123.504180908203125 127.82738494873046875 137.9702911376953125 144.707489013671875 138.064483642578125 129.82177734375 122.15724945068359375 115.47670745849609375 104.55899810791015625 85.291107177734375 68.5547027587890625 55.296092987060546875 37.41294097900390625 23.569244384765625 26.509424209594726562 31.06011199951171875 45.4375152587890625 67.931365966796875 87.05905914306640625 88.6188201904296875 73.55072021484375 51.853565216064453125 34.111705780029296875 19.555265426635742188 29.277204513549804688 48.7972412109375 61.9691009521484375 75.29508209228515625 81.28392791748046875 81.9149322509765625
35.376468658447265625 46.2520294189453125 57.433685302734375 77.475067138671875 88.3432769775390625 87.02216339111328125 98.0521240234375 109.36865997314453125 122.41094207763671875 138.24627685546875 141.3298797607421875 130.90655517578125 131.2738800048828125 137.6243743896484375 138.572235107421875 132.96490478515625 123.684478759765625 116.34566497802734375 107.16329193115234375 91.20526885986328125 71.19489288330078125 52.571880340576171875 40.7730865478515625 28.045330047607421875 29.2947540283203125 40.441410064697265625 57.534633636474609375 82.594329833984375 94.7967376708984375 93.14760589599609375 78.60990142822265625 61.38520050048828125 50.444698333740234375 48.641544342041015625 45.63805389404296875 46.2127227783203125 55.0171661376953125 66.20391082763671875 69.81140899658203125 68.78177642822265625 63.115329742431640625
44.773586273193359375 60.7028961181640625 74.5273895263671875 93.86815643310546875 107.54510498046875 112.0970001220703125 125.79345703125 137.0468292236328125 144.583465576171875 148.9012603759765625 142.6054534912109375 130.8467254638671875 133.322174072265625 137.50726318359375 135.2706298828125 128.123046875 111.79982757568359375 102.3032379150390625 90.20392608642578125 70.99407196044921875 52.3723297119140625 41.35462188720703125 44.139347076416015625 48.967304229736328125 58.69940948486328125 77.84066009521484375 100.93181610107421875 114.0836944580078125 108.5832977294921875 97.78263092041015625 81.26739501953125 71.954986572265625 66.56740570068359375 65.7476348876953125 65.8500213623046875 67.13953399658203125 68.90880584716796875 72.474761962890625 65.049957275390625 56.92162322998046875 34.822345733642578125
62.592609405517578125 78.79637908935546875 90.23694610595703125 108.7991943359375 126.7605743408203125 133.0822601318359375 144.780364990234375 152.686279296875 150.866302490234375 144.735137939453125 133.4780120849609375 126.56240081787109375 134.5350189208984375 134.8550567626953125 123.94715118408203125 112.5646820068359375 91.3961944580078125 76.3483428955078125 65.57402801513671875 50.4508514404296875 56.318271636962890625 69.06577301025390625 70.5219879150390625 74.08252716064453125 103.619842529296875 126.711151123046875 135.35028076171875 128.9178924560546875 116.5976104736328125 109.42569732666015625 96.26883697509765625 80.09320831298828125 65.2313079833984375 73.25860595703125 76.4791107177734375 82.7555999755859375 82.4581298828125 69.49810028076171875 55.930500030517578125 43.44292449951171875 16.897003173828125
84.4027557373046875 95.70578765869140625 103.72457122802734375 121.41469573974609375 136.213653564453125 138.808990478515625 144.9443817138671875 151.108917236328125 146.4803314208984375 139.30682373046875 135.3465576171875 132.4093017578125 129.6623992919921875 116.0814971923828125 92.92855072021484375 74.82220458984375 58.648303985595703125 49.4373016357421875 65.8541717529296875 88.16970062255859375 103.44134521484375 113.4882354736328125 126.719635009765625 140.4951324462890625 145.2474365234375 132.2178955078125 120.2158966064453125 109.01979827880859375 96.79642486572265625 76.97020721435546875 65.78399658203125 66.973968505859375 70.68407440185546875 84.09407806396484375 85.84626007080078125 89.71730804443359375 88.672698974609375 65.7378387451171875 44.977352142333984375 32.9415435791015625 20.810594558715820312
