wildfire/work/fuelmodels/1695/slope.asc
ncols        189
nrows        165
xllcorner    197375.000000000000
yllcorner    448190.000000000000
cellsize     5.000000000000
NODATA_value   -999
[rows 144 to 161 of 165, columns 123 to 163 of 189]
51.259235382080078125 50.393878936767578125 49.392604827880859375 49.61727142333984375 52.733898162841796875 52.8990478515625 49.975032806396484375 51.596561431884765625 59.994537353515625 66.6342926025390625 69.35809326171875 75.41632080078125 79.29537200927734375 81.063079833984375 81.35683441162109375 85.299163818359375 91.42487335205078125 91.55208587646484375 92.12982177734375 89.54400634765625 82.82581329345703125 77.8574981689453125 73.10260009765625 66.74078369140625 60.542697906494140625 55.101558685302734375 55.398162841796875 58.871959686279296875 56.349445343017578125 58.59648895263671875 60.365108489990234375 47.531764984130859375 40.453853607177734375 43.717071533203125 50.55393218994140625 54.7322235107421875 52.815135955810546875 51.2154083251953125 48.316131591796875 41.84528350830078125 29.792776107788085938
47.89505767822265625 45.248958587646484375 44.627532958984375 45.688243865966796875 48.95696258544921875 49.347736358642578125 46.66283416748046875 48.25894927978515625 54.346035003662109375 58.524509429931640625 62.828643798828125 68.6667633056640625 69.89325714111328125 69.730743408203125 72.40547943115234375 68.784942626953125 73.68001556396484375 78.34185028076171875 76.48163604736328125 77.67914581298828125 74.81862640380859375 68.98779296875 63.073329925537109375 58.121059417724609375 49.960418701171875 57.11219024658203125 70.4332122802734375 72.38341522216796875 66.45326995849609375 56.715351104736328125 44.255184173583984375 30.405778884887695312 39.430469512939453125 52.6450042724609375 57.884914398193359375 58.828273773193359375 57.074176788330078125 54.27718353271484375 54.295318603515625 52.952251434326171875 47.432239532470703125
49.0564117431640625 43.6009368896484375 44.0503387451171875 41.814849853515625 45.950473785400390625 50.34175872802734375 46.962474822998046875 47.248119354248046875 51.726932525634765625 53.729511260986328125 57.4580078125 62.055667877197265625 61.83097076416015625 64.06642913818359375 68.21762847900390625 60.610912322998046875 61.626773834228515625 64.59510040283203125 66.001312255859375 69.862396240234375 68.78220367431640625 68.16632080078125 70.00836944580078125 68.954559326171875 63.541202545166015625 78.00042724609375 87.423492431640625 76.405731201171875 61.518497467041015625 39.1790313720703125 23.7679901123046875 37.639301300048828125 57.499835968017578125 64.65643310546875 62.049465179443359375 60.77899169921875 60.075550079345703125 55.045124053955078125 56.246250152587890625 57.800937652587890625 55.17201995849609375
51.77256011962890625 42.15572357177734375 42.515056610107421875 37.511260986328125 39.813518524169921875 48.349864959716796875 49.68270111083984375 50.833465576171875 50.9747161865234375 51.18141937255859375 54.73602294921875 58.953083038330078125 59.7087249755859375 61.539020538330078125 64.29827880859375 64.52204132080078125 63.986087799072265625 59.416439056396484375 64.0795440673828125 73.53472900390625 81.92421722412109375 90.62093353271484375 94.0049591064453125 90.51519012451171875 86.98065185546875 90.05893707275390625 81.16887664794921875 61.715602874755859375 39.719295501708984375 19.976940155029296875 36.713970184326171875 57.681682586669921875 70.23958587646484375 72.76415252685546875 68.493896484375 65.79482269287109375 67.64594268798828125 61.470287322998046875 59.546451568603515625 61.551792144775390625 55.81732940673828125
54.949123382568359375 52.571796417236328125 49.933452606201171875 43.69189453125 40.317813873291015625 43.94055938720703125 48.739757537841796875 52.349956512451171875 49.547611236572265625 49.40396881103515625 55.693141937255859375 58.907855987548828125 61.582675933837890625 63.433673858642578125 63.562801361083984375 69.487701416015625 73.86236572265625 72.37359619140625 82.43108367919921875 97.27745819091796875 107.61902618408203125 112.71703338623046875 108.00118255615234375 98.20928955078125 87.23500823974609375 73.59549713134765625 53.448272705078125 31.3892974853515625 28.88177490234375 50.366825103759765625 67.75513458251953125 77.48407745361328125 73.1764068603515625 68.80368804931640625 68.96720123291015625 65.999420166015625 67.053924560546875 60.0245819091796875 56.467266082763671875 63.959857940673828125 59.498165130615234375
43.82773590087890625 52.39853668212890625 51.88320159912109375 49.96802520751953125 49.365589141845703125 48.283740997314453125 50.953220367431640625 52.1924896240234375 50.380672454833984375 53.79618072509765625 60.6845550537109375 62.729213714599609375 71.34128570556640625 78.76047515869140625 78.59023284912109375 88.81386566162109375 98.0091094970703125 95.9020538330078125 107.39013671875 122.1665191650390625 123.75775909423828125 117.67252349853515625 101.26642608642578125 79.22100067138671875 53.3368377685546875 32.10045623779296875 30.604574203491210938 45.372676849365234375 68.90889739990234375 80.116455078125 79.83765411376953125 75.65566253662109375 59.35833740234375 50.886257171630859375 55.2722930908203125 60.554676055908203125 63.08461761474609375 59.53829193115234375 54.528697967529296875 63.13797760009765625 63.79929351806640625
30.992017745971679688 43.67278289794921875 46.874225616455078125 51.504543304443359375 55.67613983154296875 57.19976043701171875 59.7582855224609375 60.902393341064453125 63.786163330078125 68.3802490234375 73.67131805419921875 81.11181640625 96.31882476806640625 106.6736602783203125 109.33168792724609375 116.1829071044921875 117.82726287841796875 112.91754150390625 123.923614501953125 129.5020904541015625 115.116363525390625 96.863128662109375 66.8150787353515625 34.279598236083984375 31.794042587280273438 53.938381195068359375 76.66985321044921875 91.931243896484375 95.4856414794921875 86.90863037109375 73.85924530029296875 57.989818572998046875 41.925128936767578125 38.95203399658203125 43.51702880859375 53.16918182373046875 57.81615447998046875 57.80158233642578125 53.7295074462890625 58.524394989013671875 60.987773895263671875
28.542406082153320312 38.019153594970703125 40.75160980224609375 49.911785125732421875 56.32830047607421875 64.56667327880859375 74.26895904541015625 82.17282867431640625 84.46820831298828125 88.87538909912109375 98.76020050048828125 109.906982421875 122.912139892578125 127.7760162353515625 127.67264556884765625 127.14255523681640625 120.286712646484375 114.099029541015625 119.4221343994140625 107.18105316162109375 75.2704315185546875 48.33083343505859375 34.58880615234375 53.7421875 74.90654754638671875 92.3408203125 104.35593414306640625 107.14754486083984375 96.18918609619140625 79.18665313720703125 62.940685272216796875 45.299907684326171875 36.70084381103515625 37.181674957275390625 40.843540191650390625 46.386455535888671875 49.692478179931640625 49.049152374267578125 49.139301300048828125 55.0171661376953125 59.3092193603515625
32.314014434814453125 35.9026031494140625 39.4375152587890625 51.621875762939453125 60.63701629638671875 69.68042755126953125 83.74256134033203125 98.91889190673828125 97.671173095703125 103.98809814453125 114.477996826171875 123.68255615234375 134.902496337890625 134.792999267578125 128.1741943359375 120.16536712646484375 107.34818267822265625 94.11878204345703125 80.182647705078125 54.76197052001953125 41.91365814208984375 62.138607025146484375 85.785308837890625 102.03090667724609375 110.7558135986328125 110.55544281005859375 103.3062744140625 91.92197418212890625 78.1409759521484375 63.82532501220703125 48.948581695556640625 39.28692626953125 36.814983367919921875 37.47025299072265625 39.80590057373046875 42.49607086181640625 46.62746429443359375 44.949275970458984375 44.30445098876953125 50.549167633056640625 59.58315277099609375
33.34471893310546875 35.12062835693359375 37.98433685302734375 52.511898040771484375 66.21258544921875 72.9662017822265625 86.41851806640625 106.244659423828125 109.5885772705078125 111.78098297119140625 115.96637725830078125 121.5928955078125 125.06389617919921875 115.9280853271484375 102.4779815673828125 86.801422119140625 62.123912811279296875 37.006679534912109375 40.36260986328125 65.743896484375 89.566497802734375 110.01436614990234375 122.77169036865234375 128.3116912841796875 122.71306610107421875 109.101470947265625 92.69254302978515625 74.8572235107421875 62.42894744873046875 56.097660064697265625 45.250385284423828125 41.60518646240234375 40.908721923828125 39.6992034912109375 37.1552886962890625 39.44985198974609375 44.046627044677734375 42.819026947021484375 41.71270751953125 42.49500274658203125 53.28627777099609375
29.172786712646484375 36.22405242919921875 36.346771240234375 49.433750152587890625 65.74462890625 78.53143310546875 91.0334014892578125 104.49579620361328125 122.70379638671875 127.37889862060546875 117.01796722412109375 105.44651031494140625 92.2923126220703125 77.5756072998046875 64.34081268310546875 56.11553192138671875 59.304592132568359375 71.88410186767578125 86.0946197509765625 104.3759002685546875 124.3803863525390625 136.41632080078125 137.9938507080078125 125.74481964111328125 108.13863372802734375 94.79152679443359375 80.36667633056640625 66.8643798828125 60.504108428955078125 57.874248504638671875 49.17987060546875 46.41785430908203125 45.617351531982421875 43.672779083251953125 36.679378509521484375 39.0158538818359375 44.5341033935546875 43.17014312744140625 38.908138275146484375 33.52019500732421875 41.644031524658203125
24.354166030883789062 37.23394775390625 39.144443511962890625 45.737285614013671875 62.320117950439453125 82.68885040283203125 97.7164154052734375 107.95449066162109375 130.0039825439453125 141.9475860595703125 137.3494873046875 126.5269622802734375 109.374969482421875 98.5346832275390625 99.7167816162109375 104.2811126708984375 110.61962890625 115.479827880859375 123.278350830078125 134.7923583984375 138.5615386962890625 132.285064697265625 118.92594146728515625 103.7714996337890625 90.59764862060546875 77.02825927734375 66.0522308349609375 59.21270751953125 60.8075408935546875 61.72170257568359375 53.796138763427734375 50.1156768798828125 47.6918182373046875 45.71894073486328125 37.905376434326171875 35.39351654052734375 41.787464141845703125 43.427600860595703125 36.8468475341796875 31.53076171875 32.308933258056640625
20.850826263427734375 36.657192230224609375 44.241718292236328125 43.4402313232421875 55.179107666015625 73.02309417724609375 89.9428558349609375 110.72695159912109375 128.9725341796875 137.92010498046875 142.2101898193359375 143.4345703125 140.504638671875 137.2989654541015625 137.9070281982421875 139.4810943603515625 140.0411834716796875 140.017730712890625 142.9509735107421875 137.51519775390625 121.18138885498046875 103.0226593017578125 87.4192962646484375 78.5204925537109375 70.2165985107421875 64.96753692626953125 62.019145965576171875 57.171306610107421875 58.966426849365234375 60.729579925537109375 55.37774658203125 53.662075042724609375 48.734832763671875 44.287456512451171875 40.9608306884765625 36.70092010498046875 43.36611175537109375 42.000057220458984375 35.48372650146484375 35.106227874755859375 32.492198944091796875
19.227970123291015625 33.6353912353515625 48.37009429931640625 48.59542083740234375 53.607578277587890625 61.07660675048828125 70.675323486328125 100.1662139892578125 124.68866729736328125 131.7130584716796875 137.72650146484375 140.88775634765625 144.2946624755859375 147.1815185546875 147.5424346923828125 149.1604766845703125 146.168487548828125 137.3807220458984375 123.09633636474609375 103.14117431640625 84.29071807861328125 68.02176666259765625 58.1425933837890625 55.8888092041015625 55.992061614990234375 59.27649688720703125 59.294464111328125 59.748523712158203125 60.45877838134765625 56.249019622802734375 55.092845916748046875 56.730587005615234375 49.238147735595703125 44.243206024169921875 44.463626861572265625 44.074558258056640625 45.5113525390625 38.685779571533203125 38.384410858154296875 42.72232818603515625 42.452640533447265625
23.45685577392578125 31.145151138305664062 46.972930908203125 56.14241790771484375 58.833652496337890625 57.346492767333984375 60.582492828369140625 80.156982421875 107.02861785888671875 118.46544647216796875 124.81352996826171875 129.174560546875 131.7643585205078125 138.224700927734375 137.36700439453125 129.5447998046875 120.50311279296875 105.9106903076171875 84.4411773681640625 65.03043365478515625 52.7490081787109375 43.891368865966796875 39.2895965576171875 44.080539703369140625 51.116214752197265625 57.583621978759765625 59.118610382080078125 61.69709014892578125 63.685943603515625 54.29981231689453125 51.576122283935546875 59.213283538818359375 52.857059478759765625 46.156803131103515625 47.253055572509765625 51.262256622314453125 46.0574188232421875 37.991973876953125 46.49542999267578125 54.2301483154296875 56.30420684814453125
21.288234710693359375 26.08123779296875 38.9428253173828125 52.562831878662109375 62.71399688720703125 59.706089019775390625 62.36846923828125 69.56182861328125 80.03087615966796875 89.5489349365234375 98.52130126953125 105.829315185546875 104.20217132568359375 105.0054931640625 103.417572021484375 93.4176177978515625 84.5825347900390625 75.51779937744140625 66.48024749755859375 56.6892547607421875 46.59088897705078125 37.69269561767578125 31.906177520751953125 38.641262054443359375 45.94146728515625 53.43184661865234375 58.298076629638671875 60.83216094970703125 61.94193267822265625 56.464733123779296875 49.7166748046875 57.467052459716796875 58.71031951904296875 49.263721466064453125 49.90306854248046875 56.034961700439453125 49.506351470947265625 45.689586639404296875 58.129848480224609375 64.3524322509765625 66.599365234375
12.990602493286132812 12.479451179504394531 29.938760757446289062 43.987422943115234375 57.771331787109375 56.858154296875 60.180019378662109375 72.40543365478515625 73.72698974609375 70.31514739990234375 68.2090606689453125 68.7947235107421875 67.0358734130859375 63.89670562744140625 67.11483001708984375 64.68331146240234375 61.195011138916015625 60.295864105224609375 56.860294342041015625 55.247402191162109375 52.44228363037109375 42.638286590576171875 32.479412078857421875 34.787738800048828125 41.70127105712890625 48.1985931396484375 55.16075897216796875 62.39064788818359375 60.0293121337890625 54.93756866455078125 53.73418426513671875 60.253620147705078125 60.88803863525390625 53.005970001220703125 55.956119537353515625 59.777744293212890625 57.06606292724609375 59.89572906494140625 68.82433319091796875 72.42569732666015625 73.80792999267578125
15.851222038269042969 4.6832356452941894531 17.461156845092773438 32.421199798583984375 42.35079193115234375 47.963695526123046875 50.85999298095703125 65.08919525146484375 73.160003662109375 66.50572967529296875 60.07445526123046875 55.415248870849609375 49.388088226318359375 46.62062835693359375 53.33038330078125 55.321018218994140625 52.066226959228515625 52.61742401123046875 50.4619598388671875 47.373504638671875 48.29175567626953125 44.052402496337890625 37.38983917236328125 35.852519989013671875 41.019195556640625 44.790569305419921875 51.351467132568359375 63.759113311767578125 62.291751861572265625 56.6926116943359375 61.30428314208984375 64.74371337890625 60.429901123046875 60.71323394775390625 65.1533966064453125 68.3798370361328125 73.00902557373046875 76.70407867431640625 78.9272918701171875 76.9068756103515625 68.32342529296875
