wildfire/work/fuelmodels/1695/slope.asc
ncols        189
nrows        165
xllcorner    197375.000000000000
yllcorner    448190.000000000000
cellsize     5.000000000000
NODATA_value   -999
[rows 72 to 89 of 165, columns 41 to 81 of 189]
34.96905517578125 33.91522216796875 36.01317596435546875 32.123157501220703125 29.091062545776367188 21.90132904052734375 19.235071182250976562 24.499187469482421875 35.900760650634765625 42.98365020751953125 39.8372039794921875 37.335407257080078125 29.4226531982421875 18.397294998168945312 14.348005294799804688 18.465654373168945312 27.779367446899414062 41.91361236572265625 59.884601593017578125 73.49761962890625 85.7561187744140625 94.46826171875 95.804290771484375 95.7796478271484375 95.56113433837890625 91.4466094970703125 88.27707672119140625 90.84613037109375 94.4697113037109375 95.474517822265625 85.52518463134765625 68.24225616455078125 54.789478302001953125 43.406894683837890625 34.86463165283203125 34.3643798828125 36.591899871826171875 43.97463226318359375 63.59421539306640625 80.5247955322265625 89.42913055419921875
34.952823638916015625 37.299465179443359375 41.430950164794921875 36.9749603271484375 33.116382598876953125 29.566432952880859375 25.32338714599609375 27.193340301513671875 36.1116943359375 39.684978485107421875 37.043415069580078125 34.66944122314453125 26.527557373046875 14.397374153137207031 9.82366943359375 17.73232269287109375 27.000213623046875 38.2110137939453125 56.354862213134765625 71.06038665771484375 84.2355804443359375 90.80501556396484375 86.72537994384765625 95.68602752685546875 103.705413818359375 96.70611572265625 95.020538330078125 95.7169036865234375 97.48496246337890625 90.26596832275390625 71.84217071533203125 56.31244659423828125 45.6472015380859375 36.090557098388671875 32.08922576904296875 38.930511474609375 44.731136322021484375 57.071170806884765625 78.42668914794921875 94.0037841796875 99.203765869140625
32.38922119140625 28.477327346801757812 34.341304779052734375 38.23255157470703125 37.816158294677734375 36.85138702392578125 32.765209197998046875 30.2481231689453125 31.419935226440429688 35.801441192626953125 35.81383514404296875 29.656171798706054688 23.119340896606445312 10.356874465942382812 8.2157611846923828125 19.461381912231445312 33.106922149658203125 39.290973663330078125 48.4852294921875 62.654781341552734375 81.7471771240234375 103.66806793212890625 108.14803314208984375 107.4803314208984375 107.83710479736328125 100.0654754638671875 98.288543701171875 97.8103485107421875 94.49106597900390625 84.4928131103515625 73.12953948974609375 61.29622650146484375 46.252109527587890625 35.349334716796875 35.6879425048828125 41.59637451171875 51.18544769287109375 65.8819427490234375 89.32979583740234375 102.18590545654296875 95.43058013916015625
44.344837188720703125 37.060504913330078125 31.16379547119140625 32.481143951416015625 34.787715911865234375 36.411956787109375 34.947223663330078125 28.470720291137695312 25.631002426147460938 31.029069900512695312 33.564411163330078125 24.642444610595703125 15.981122970581054688 13.55279541015625 21.054018020629882812 31.171661376953125 35.166973114013671875 31.61925506591796875 34.217700958251953125 41.6602935791015625 54.12631988525390625 79.0860137939453125 99.6611480712890625 108.48758697509765625 111.1323699951171875 107.1904296875 95.31349945068359375 87.98673248291015625 86.14655303955078125 80.87042999267578125 67.767547607421875 53.6851654052734375 44.250392913818359375 41.644893646240234375 42.245426177978515625 46.57047271728515625 58.18685150146484375 69.3790435791015625 90.59527587890625 104.52239990234375 95.222869873046875
41.66223907470703125 40.97900390625 34.989013671875 30.534235000610351562 29.932596206665039062 31.511812210083007812 37.211017608642578125 38.01850128173828125 33.062946319580078125 32.062183380126953125 28.629598617553710938 15.976563453674316406 10.986949920654296875 4.6117072105407714844 11.846414566040039062 22.47612762451171875 24.466083526611328125 29.5982818603515625 32.76725006103515625 35.171871185302734375 39.802799224853515625 39.7574005126953125 44.4291839599609375 67.7956390380859375 88.63062286376953125 102.16312408447265625 104.82975006103515625 99.46624755859375 88.1829833984375 70.70505523681640625 56.42719268798828125 51.304973602294921875 49.959796905517578125 53.285221099853515625 53.197597503662109375 54.30893707275390625 66.7455902099609375 74.0583648681640625 82.19884490966796875 95.76621246337890625 99.5612945556640625
21.431715011596679688 29.485216140747070312 37.467411041259765625 35.357479095458984375 30.050188064575195312 28.783935546875 32.166233062744140625 35.653804779052734375 32.531436920166015625 29.341562271118164062 23.552476882934570312 13.546274185180664062 14.885332107543945312 15.700571060180664062 21.52660369873046875 28.529314041137695312 28.4267425537109375 36.949794769287109375 38.343334197998046875 28.954996109008789062 37.202266693115234375 44.2623291015625 37.65203094482421875 31.478595733642578125 38.626354217529296875 55.051616668701171875 68.538665771484375 70.025299072265625 61.689971923828125 50.604259490966796875 46.688777923583984375 50.999210357666015625 52.927181243896484375 54.593585968017578125 58.860599517822265625 62.536098480224609375 74.50592803955078125 79.93662261962890625 77.6866302490234375 88.78139495849609375 98.81048583984375
13.358262062072753906 18.34499359130859375 28.351898193359375 35.036678314208984375 31.500913619995117188 22.784757614135742188 20.673305511474609375 20.955707550048828125 22.581897735595703125 23.015882492065429688 20.471485137939453125 20.639827728271484375 20.790346145629882812 12.184854507446289062 15.004149436950683594 28.81493377685546875 31.8760833740234375 39.362491607666015625 46.106689453125 28.9016571044921875 19.283077239990234375 36.673004150390625 49.831882476806640625 36.337985992431640625 30.269237518310546875 36.501171112060546875 36.8460693359375 30.464015960693359375 28.175634384155273438 35.792591094970703125 37.97309112548828125 36.2794036865234375 40.698307037353515625 46.347499847412109375 56.06497955322265625 66.18856048583984375 76.85296630859375 81.57396697998046875 77.48529815673828125 83.96990966796875 96.55960845947265625
27.670587539672851562 23.10953521728515625 24.344995498657226562 30.980485916137695312 36.464008331298828125 33.093219757080078125 24.022796630859375 19.0202178955078125 21.620676040649414062 24.183015823364257812 21.03873443603515625 19.2214508056640625 13.590956687927246094 7.434741973876953125 14.661439895629882812 25.340572357177734375 32.684078216552734375 40.3863983154296875 48.18087005615234375 37.31256103515625 23.28509521484375 20.191869735717773438 46.691669464111328125 56.864284515380859375 50.57265472412109375 48.352680206298828125 50.102405548095703125 53.75075531005859375 53.086826324462890625 49.367145538330078125 46.252849578857421875 43.501880645751953125 39.481784820556640625 35.150623321533203125 45.512180328369140625 60.875518798828125 70.42852783203125 73.21608734130859375 72.3230438232421875 79.33355712890625 92.6441192626953125
34.917842864990234375 29.793672561645507812 25.165357589721679688 26.475376129150390625 31.8040924072265625 34.708385467529296875 28.8530731201171875 22.919162750244140625 18.613555908203125 19.22229766845703125 22.69290924072265625 21.322923660278320312 15.369844436645507812 14.375435829162597656 17.245161056518554688 22.81771087646484375 33.06897735595703125 42.575511932373046875 48.90338134765625 40.940753936767578125 29.23889923095703125 18.628936767578125 24.91008758544921875 53.174053192138671875 64.1195526123046875 59.13408660888671875 54.949626922607421875 57.236698150634765625 58.299137115478515625 50.33899688720703125 45.83586883544921875 54.339656829833984375 57.96007537841796875 46.201770782470703125 41.560832977294921875 51.334163665771484375 65.6982269287109375 70.0111083984375 66.578887939453125 67.8974761962890625 73.73474884033203125
25.337781906127929688 26.089874267578125 21.841520309448242188 22.6005859375 26.330087661743164062 26.526094436645507812 22.899053573608398438 22.332225799560546875 13.892139434814453125 14.883702278137207031 14.995044708251953125 10.545726776123046875 10.609989166259765625 14.383765220642089844 18.906076431274414062 25.480066299438476562 31.958080291748046875 39.9538421630859375 47.66194915771484375 43.082508087158203125 35.258815765380859375 27.042844772338867188 23.70413970947265625 35.011096954345703125 52.674533843994140625 55.369762420654296875 47.2767486572265625 38.8723297119140625 35.5280303955078125 39.786296844482421875 42.621936798095703125 45.2444610595703125 53.60050201416015625 59.899959564208984375 53.729549407958984375 46.95413970947265625 54.315509796142578125 62.025226593017578125 60.133602142333984375 56.3665618896484375 59.08943939208984375
17.458700180053710938 20.75502777099609375 22.027441024780273438 22.38278961181640625 25.095561981201171875 30.41977691650390625 22.352931976318359375 19.934541702270507812 21.906415939331054688 14.767731666564941406 8.65715789794921875 5.5095453262329101562 6.2825946807861328125 10.586255073547363281 19.786870956420898438 28.806453704833984375 29.551349639892578125 36.759944915771484375 44.155971527099609375 40.80847930908203125 41.6709136962890625 36.878864288330078125 34.47713470458984375 41.325664520263671875 16.391862869262695312 17.427762985229492188 15.967938423156738281 25.413866043090820312 30.296792984008789062 36.095699310302734375 45.9298858642578125 46.579837799072265625 43.856281280517578125 51.71895599365234375 56.720294952392578125 51.9039459228515625 49.5963134765625 51.4151611328125 49.97917938232421875 46.518833160400390625 48.983203887939453125
13.669246673583984375 19.018445968627929688 21.332429885864257812 17.434194564819335938 12.47406005859375 19.008203506469726562 27.397153854370117188 24.89281463623046875 25.807037353515625 21.1340484619140625 11.157995223999023438 8.8897409439086914062 11.099879264831542969 13.9368896484375 23.547231674194335938 28.979490280151367188 26.644824981689453125 33.5567169189453125 41.453327178955078125 41.044219970703125 44.9943695068359375 48.206447601318359375 46.768482208251953125 34.70481109619140625 24.135080337524414062 18.392108917236328125 15.290813446044921875 31.094347000122070312 37.96695709228515625 30.326696395874023438 37.051868438720703125 45.976055145263671875 49.862945556640625 51.000690460205078125 51.468006134033203125 52.58159637451171875 52.34996795654296875 51.4864654541015625 50.85652923583984375 47.18255615234375 42.61403656005859375
15.241120338439941406 20.017358779907226562 18.93743133544921875 18.790233612060546875 17.554721832275390625 12.631322860717773438 20.061809539794921875 26.251829147338867188 23.697490692138671875 20.198659896850585938 14.42034149169921875 6.3784775733947753906 7.3084645271301269531 15.690962791442871094 26.426649093627929688 29.58946990966796875 26.471582412719726562 29.1851806640625 36.828868865966796875 40.941661834716796875 45.655063629150390625 55.013813018798828125 53.325763702392578125 26.069898605346679688 12.70478057861328125 13.494736671447753906 37.912158966064453125 36.50348663330078125 32.284481048583984375 28.844182968139648438 29.86383056640625 36.852069854736328125 47.870361328125 54.0676422119140625 51.8904876708984375 50.615688323974609375 50.7265472412109375 50.009082794189453125 50.31627655029296875 52.2029266357421875 49.8541717529296875
17.736452102661132812 15.852807044982910156 17.897325515747070312 21.394868850708007812 25.535169601440429688 20.4474029541015625 13.768839836120605469 19.361547470092773438 25.84105682373046875 21.117938995361328125 17.681791305541992188 11.1541595458984375 3.8288123607635498047 10.68244171142578125 25.83826446533203125 30.203189849853515625 27.319936752319335938 25.880178451538085938 30.145647048950195312 37.1036529541015625 45.367130279541015625 56.283145904541015625 54.739154815673828125 35.78482818603515625 26.517993927001953125 32.5628509521484375 36.166675567626953125 27.413949966430664062 9.6080236434936523438 20.937261581420898438 22.548097610473632812 31.23622894287109375 44.527744293212890625 53.703746795654296875 52.7542877197265625 51.399776458740234375 52.946247100830078125 50.089717864990234375 46.212696075439453125 44.84043121337890625 48.243251800537109375
15.283458709716796875 39.1299896240234375 29.533878326416015625 5.7495241165161132812 20.063823699951171875 24.883939743041992188 21.924444198608398438 17.547369003295898438 25.92061614990234375 33.487644195556640625 28.034791946411132812 22.464345932006835938 11.595824241638183594 6.59093475341796875 21.671138763427734375 28.835134506225585938 26.854030609130859375 26.758481979370117188 29.504650115966796875 35.292964935302734375 40.976016998291015625 51.1785125732421875 49.86121368408203125 47.740413665771484375 47.785888671875 23.554132461547851562 15.877144813537597656 23.483415603637695312 3.4387452602386474609 15.636693954467773438 11.556018829345703125 20.8759918212890625 37.239063262939453125 48.892742156982421875 52.10369110107421875 50.765071868896484375 52.324451446533203125 51.429630279541015625 49.672092437744140625 45.06348419189453125 40.43888092041015625
35.276012420654296875 139.9784088134765625 169.47637939453125 126.76064300537109375 15.543421745300292969 18.085651397705078125 19.018533706665039062 15.3288421630859375 18.482595443725585938 30.521570205688476562 33.7489166259765625 31.615060806274414062 22.40459442138671875 7.9114637374877929688 17.358592987060546875 26.88539886474609375 27.309932708740234375 29.185272216796875 30.261859893798828125 35.48870849609375 37.56957244873046875 47.03337860107421875 53.027233123779296875 50.5589599609375 48.748050689697265625 33.8765716552734375 13.0445709228515625 18.363420486450195312 17.055925369262695312 19.43985748291015625 21.242826461791992188 20.395727157592773438 27.454423904418945312 39.99394989013671875 49.471675872802734375 49.031085968017578125 53.97826385498046875 53.25957489013671875 48.1455230712890625 51.387660980224609375 45.402919769287109375
36.163364410400390625 179.88275146484375 53.91043853759765625 175.028778076171875 12.786144256591796875 17.449138641357421875 18.046785354614257812 12.674808502197265625 4.9782199859619140625 8.7868890762329101562 21.810831069946289062 30.967525482177734375 31.756740570068359375 17.732761383056640625 13.437161445617675781 21.469577789306640625 26.772909164428710938 32.87267303466796875 33.317920684814453125 35.438159942626953125 36.9638824462890625 43.747020721435546875 54.9566192626953125 52.791290283203125 42.116382598876953125 40.011470794677734375 23.161108016967773438 18.09454345703125 23.249004364013671875 16.269746780395507812 25.182004928588867188 24.054948806762695312 24.32123565673828125 30.059490203857421875 43.128177642822265625 51.70854949951171875 57.349330902099609375 52.6863250732421875 46.049419403076171875 49.43892669677734375 49.58823394775390625
8.548839569091796875 131.7208099365234375 181.565032958984375 132.70562744140625 14.684185028076171875 14.182470321655273438 16.067394256591796875 13.718846321105957031 8.5489072799682617188 8.2804174423217773438 11.528695106506347656 13.798781394958496094 29.606531143188476562 32.245372772216796875 18.233371734619140625 14.60913848876953125 21.649440765380859375 33.17343902587890625 35.400020599365234375 36.143695831298828125 38.821468353271484375 41.904449462890625 53.1613616943359375 52.132823944091796875 41.472415924072265625 42.384490966796875 26.481578826904296875 25.401142120361328125 29.97199249267578125 13.444462776184082031 15.273845672607421875 22.650745391845703125 28.205213546752929688 27.654911041259765625 30.926013946533203125 54.32000732421875 68.93711090087890625 55.16828155517578125 50.740238189697265625 51.6134033203125 49.049224853515625
