wildfire/work/fuelmodels/1695/slope.asc
ncols        189
nrows        165
xllcorner    197375.000000000000
yllcorner    448190.000000000000
cellsize     5.000000000000
NODATA_value   -999
[rows 90 to 107 of 165, columns 82 to 122 of 189]
41.441257476806640625 35.346057891845703125 30.758270263671875 32.958042144775390625 30.952909469604492188 32.527706146240234375 33.4370574951171875 32.76445770263671875 34.27915191650390625 40.7700347900390625 44.77001953125 43.48050689697265625 45.941928863525390625 51.42255401611328125 55.751613616943359375 61.19760894775390625 68.07172393798828125 74.21959686279296875 80.84040069580078125 85.78277587890625 86.3062896728515625 86.7090606689453125 85.95883941650390625 78.4221038818359375 76.79183197021484375 77.28717041015625 82.85094451904296875 102.79663848876953125 113.15229034423828125 122.26488494873046875 135.2428436279296875 122.98029327392578125 104.5193023681640625 93.7401123046875 106.46728515625 124.603179931640625 138.31744384765625 151.43963623046875 149.2183990478515625 110.3628082275390625 74.5324554443359375
45.756977081298828125 34.91790008544921875 32.597263336181640625 34.488956451416015625 27.040418624877929688 23.642910003662109375 23.767057418823242188 32.1364288330078125 35.562774658203125 33.00408172607421875 39.93346405029296875 43.86554718017578125 45.997798919677734375 48.570568084716796875 51.525821685791015625 54.876537322998046875 59.65735626220703125 65.2100067138671875 74.5312652587890625 82.7763519287109375 84.0984039306640625 81.7156219482421875 81.20467376708984375 77.5186004638671875 69.3101654052734375 68.20433807373046875 71.27359771728515625 91.97518157958984375 112.53926849365234375 120.54970550537109375 126.7646636962890625 117.33028411865234375 109.26981353759765625 106.964263916015625 108.81182098388671875 114.98095703125 127.55298614501953125 143.169281005859375 140.0645599365234375 106.57514190673828125 73.73070526123046875
49.43283843994140625 34.890407562255859375 34.01903533935546875 35.703998565673828125 28.467670440673828125 25.8559722900390625 25.696903228759765625 28.9619140625 30.526500701904296875 27.149759292602539062 28.4299774169921875 33.893383026123046875 41.89392852783203125 45.2895050048828125 50.48886871337890625 50.547817230224609375 53.709606170654296875 58.555389404296875 62.714199066162109375 68.88140869140625 75.24737548828125 77.44367218017578125 75.51555633544921875 79.47314453125 70.0753631591796875 62.166748046875 68.43225860595703125 84.96732330322265625 100.6223297119140625 110.71490478515625 117.55019378662109375 109.4901123046875 107.718719482421875 112.67120361328125 114.760498046875 114.40338134765625 126.9622039794921875 139.8352203369140625 132.3096160888671875 97.685394287109375 54.390106201171875
53.25096893310546875 42.134090423583984375 35.389751434326171875 36.6537933349609375 35.482940673828125 30.499530792236328125 28.997034072875976562 32.31429290771484375 30.54116058349609375 26.596593856811523438 22.34130096435546875 22.7611236572265625 32.52307891845703125 35.053340911865234375 42.819622039794921875 41.2053375244140625 43.837604522705078125 52.28122711181640625 57.250644683837890625 61.601978302001953125 65.49507904052734375 70.07166290283203125 71.55141448974609375 78.37896728515625 76.47588348388671875 68.02097320556640625 70.52474212646484375 85.01082611083984375 93.85295867919921875 99.20615386962890625 107.17432403564453125 103.80358123779296875 104.719512939453125 114.041259765625 117.48590087890625 114.24712371826171875 122.7948150634765625 127.7428436279296875 116.449249267578125 80.42113494873046875 30.493549346923828125
61.5660247802734375 52.11458587646484375 39.927265167236328125 40.72139739990234375 43.211627960205078125 37.85810089111328125 35.62239837646484375 36.682735443115234375 33.622974395751953125 29.465240478515625 19.316152572631835938 14.109270095825195312 26.174581527709960938 29.255277633666992188 36.54216766357421875 37.5056915283203125 37.5933837890625 45.3628692626953125 52.772083282470703125 55.509082794189453125 57.11501312255859375 60.934535980224609375 64.85103607177734375 70.59838104248046875 71.5992889404296875 71.97766876220703125 73.6922454833984375 82.8692169189453125 92.52144622802734375 97.35992431640625 105.02045440673828125 109.80594635009765625 112.73596954345703125 113.1988525390625 110.67310333251953125 107.282806396484375 105.93195343017578125 105.9340362548828125 99.5771484375 68.7054443359375 32.53520965576171875
68.5021209716796875 56.309711456298828125 46.327587127685546875 46.710330963134765625 49.48871612548828125 46.101764678955078125 42.945964813232421875 41.794040679931640625 38.140651702880859375 30.87635040283203125 24.602952957153320312 20.390924453735351562 15.585475921630859375 20.4872283935546875 29.669675827026367188 38.0185546875 41.124114990234375 43.7218017578125 50.7203216552734375 52.81514739990234375 50.89051055908203125 51.75057220458984375 56.1249542236328125 61.254974365234375 61.43029022216796875 63.58539581298828125 70.57608795166015625 74.37764739990234375 81.11899566650390625 87.83208465576171875 90.99330902099609375 96.6418914794921875 95.26126861572265625 87.05084991455078125 88.8083038330078125 89.8427276611328125 87.18022918701171875 88.844207763671875 88.212799072265625 59.728504180908203125 26.974023818969726562
70.25957489013671875 58.75229644775390625 54.409793853759765625 53.86107635498046875 51.9535369873046875 48.01894378662109375 43.977481842041015625 43.62999725341796875 39.12999725341796875 32.523159027099609375 32.100555419921875 30.52880859375 22.14783477783203125 13.782930374145507812 16.205944061279296875 24.889467239379882812 38.06266021728515625 45.525299072265625 49.979278564453125 52.519927978515625 50.725963592529296875 49.28404998779296875 51.7811431884765625 52.261287689208984375 54.79280853271484375 55.008548736572265625 59.42687225341796875 62.64475250244140625 64.99620819091796875 76.26317596435546875 79.60269927978515625 76.30362701416015625 72.337493896484375 58.754314422607421875 57.094268798828125 55.022769927978515625 59.893497467041015625 69.64955902099609375 73.82100677490234375 41.532802581787109375 7.6916432380676269531
69.26006317138671875 62.918926239013671875 61.36127471923828125 57.1570587158203125 50.954349517822265625 49.1079864501953125 47.602832794189453125 44.891216278076171875 42.50067901611328125 44.155483245849609375 44.4219512939453125 39.065418243408203125 31.797880172729492188 22.840646743774414062 17.556993484497070312 16.249937057495117188 28.502336502075195312 43.109737396240234375 48.198619842529296875 48.556163787841796875 51.699214935302734375 54.565502166748046875 55.310985565185546875 49.547611236572265625 49.254856109619140625 49.83591461181640625 49.501255035400390625 51.79619598388671875 48.463596343994140625 53.426971435546875 58.023090362548828125 55.038913726806640625 57.33331298828125 44.639495849609375 33.418701171875 29.375753402709960938 39.63889312744140625 51.8649749755859375 59.777866363525390625 25.470401763916015625 5.3422651290893554688
70.1793670654296875 68.90900421142578125 65.13166046142578125 60.346500396728515625 55.50173187255859375 54.042285919189453125 50.8228607177734375 46.90300750732421875 50.21759033203125 52.11508941650390625 48.48984527587890625 48.404850006103515625 49.04535675048828125 41.227752685546875 28.092662811279296875 19.651205062866210938 23.987546920776367188 35.44696044921875 44.121578216552734375 43.821529388427734375 46.946399688720703125 52.80200958251953125 57.55872344970703125 53.878475189208984375 49.328670501708984375 45.64727783203125 40.721492767333984375 40.73395538330078125 36.623126983642578125 33.2055206298828125 33.1455535888671875 35.264404296875 41.132465362548828125 31.411481857299804688 23.18470001220703125 20.345027923583984375 28.65731048583984375 44.76435089111328125 55.369716644287109375 20.424146652221679688 6.9762783050537109375
77.445037841796875 76.3476104736328125 72.9452667236328125 74.21445465087890625 69.44692230224609375 60.53826904296875 53.1552581787109375 50.04828643798828125 51.407192230224609375 49.411956787109375 50.17226409912109375 54.27569580078125 57.033603668212890625 54.3693084716796875 44.231815338134765625 32.046283721923828125 27.853023529052734375 31.013914108276367188 38.4804534912109375 41.577350616455078125 43.881320953369140625 47.002307891845703125 51.389446258544921875 55.1390838623046875 54.546459197998046875 46.81395721435546875 36.339534759521484375 32.42426300048828125 30.183294296264648438 28.131542205810546875 22.690158843994140625 26.203943252563476562 33.881496429443359375 21.143064498901367188 8.243144989013671875 5.3711609840393066406 24.811710357666015625 46.024868011474609375 56.35379791259765625 26.003412246704101562 19.822820663452148438
87.76775360107421875 84.24608612060546875 83.2163848876953125 79.9767913818359375 64.83893585205078125 51.997997283935546875 50.660060882568359375 51.430446624755859375 50.607532501220703125 50.209606170654296875 51.7404937744140625 54.587924957275390625 57.510433197021484375 60.427158355712890625 58.99222564697265625 50.118968963623046875 38.239429473876953125 33.42736053466796875 36.64422607421875 39.617145538330078125 39.208255767822265625 43.556278228759765625 46.719058990478515625 52.7702484130859375 57.214878082275390625 50.0438232421875 38.65833282470703125 32.21776580810546875 26.717336654663085938 24.3133392333984375 20.751192092895507812 24.746366500854492188 30.580518722534179688 20.031415939331054688 18.50579071044921875 17.777853012084960938 26.81386566162109375 46.99729156494140625 57.45178985595703125 36.740139007568359375 35.219577789306640625
89.730682373046875 89.9397125244140625 86.4387664794921875 69.5068359375 54.36052703857421875 51.0657958984375 55.699359893798828125 54.646366119384765625 51.00254058837890625 48.993686676025390625 46.513484954833984375 49.94287109375 57.40756988525390625 63.0245208740234375 63.762378692626953125 61.7322540283203125 51.337158203125 38.519496917724609375 35.674304962158203125 35.680957794189453125 33.298526763916015625 42.550323486328125 46.5677337646484375 49.26699066162109375 56.616973876953125 51.790828704833984375 42.369503021240234375 33.9152984619140625 26.648664474487304688 24.498285293579101562 23.9327392578125 26.151424407958984375 31.45420074462890625 29.0635986328125 27.089061737060546875 20.869335174560546875 27.97531890869140625 47.620609283447265625 59.28806304931640625 52.54388427734375 44.21985626220703125
85.4510498046875 88.33107757568359375 79.36853790283203125 68.64715576171875 67.459716796875 67.2487640380859375 64.30033111572265625 56.01473236083984375 52.61995697021484375 50.442050933837890625 45.7659759521484375 47.43747711181640625 54.171695709228515625 61.679798126220703125 61.938976287841796875 60.72248077392578125 57.078948974609375 46.23435211181640625 40.063861846923828125 35.256961822509765625 34.52154541015625 43.740345001220703125 47.489086151123046875 47.659320831298828125 54.74933624267578125 52.899200439453125 42.6487884521484375 33.25250244140625 27.542247772216796875 24.221584320068359375 24.606824874877929688 28.120027542114257812 31.849781036376953125 32.210094451904296875 29.141160964965820312 27.156942367553710938 33.3697509765625 49.17974090576171875 60.91103363037109375 61.255893707275390625 52.813877105712890625
84.59771728515625 81.31722259521484375 74.525909423828125 73.05712127685546875 74.34503936767578125 71.13785552978515625 64.33264923095703125 57.84935760498046875 54.703388214111328125 49.9490509033203125 48.19548797607421875 50.92889404296875 51.8060302734375 56.842746734619140625 59.484272003173828125 59.0260009765625 60.335987091064453125 53.55524444580078125 44.778316497802734375 40.304027557373046875 38.79439544677734375 40.652889251708984375 43.572849273681640625 47.556247711181640625 51.986301422119140625 53.11882781982421875 42.806396484375 30.776767730712890625 29.099153518676757812 30.162988662719726562 30.38336181640625 31.193361282348632812 33.9925537109375 37.0215911865234375 35.63034820556640625 32.06024932861328125 33.204257965087890625 44.571929931640625 54.1293487548828125 55.224636077880859375 48.008724212646484375
84.401275634765625 83.8674468994140625 82.2285003662109375 76.50135040283203125 73.74527740478515625 69.106109619140625 61.383159637451171875 58.77410888671875 56.525783538818359375 52.799835205078125 52.51287841796875 48.994503021240234375 45.157436370849609375 50.8730926513671875 58.459758758544921875 60.073642730712890625 59.127532958984375 53.925731658935546875 43.17191314697265625 36.797473907470703125 34.444171905517578125 39.92913818359375 43.775081634521484375 48.4500274658203125 49.886516571044921875 50.39871978759765625 45.475833892822265625 36.39591217041015625 35.572963714599609375 39.21136474609375 37.766448974609375 35.288684844970703125 37.812488555908203125 41.262176513671875 37.383331298828125 34.295154571533203125 31.72234344482421875 37.880275726318359375 47.8555755615234375 53.885074615478515625 49.8351898193359375
85.06743621826171875 86.5485687255859375 81.00311279296875 74.2199249267578125 69.64429473876953125 63.805149078369140625 61.156398773193359375 58.76187896728515625 55.317882537841796875 56.253406524658203125 56.991893768310546875 53.222301483154296875 49.655986785888671875 50.326862335205078125 55.506900787353515625 61.166515350341796875 62.4736785888671875 59.70465850830078125 47.939937591552734375 36.861690521240234375 35.31885528564453125 42.64098358154296875 42.5782928466796875 45.711894989013671875 48.1785125732421875 47.52510833740234375 49.93843841552734375 46.097164154052734375 41.186862945556640625 41.1946868896484375 38.969097137451171875 38.678104400634765625 43.50384521484375 50.844757080078125 46.73777008056640625 40.42406463623046875 38.196414947509765625 42.0598297119140625 50.410282135009765625 55.202999114990234375 55.26812744140625
76.5027008056640625 72.92723846435546875 68.4327392578125 67.2680511474609375 63.9302978515625 61.21222686767578125 60.04639434814453125 57.37985992431640625 54.457061767578125 52.223087310791015625 49.087245941162109375 48.79697418212890625 47.449554443359375 46.70291900634765625 50.82596588134765625 58.8836517333984375 65.66284942626953125 67.66793060302734375 62.379619598388671875 54.818065643310546875 51.19191741943359375 45.4880828857421875 39.823078155517578125 43.988040924072265625 49.542331695556640625 51.1878509521484375 53.9023590087890625 50.646697998046875 39.957187652587890625 39.69710540771484375 45.450164794921875 48.80448150634765625 50.934337615966796875 56.214508056640625 51.886444091796875 47.291866302490234375 48.5182952880859375 47.33736419677734375 52.147991180419921875 57.93353271484375 58.606754302978515625
62.874851226806640625 60.008075714111328125 58.245853424072265625 53.839542388916015625 50.461681365966796875 50.357707977294921875 51.1291656494140625 51.067516326904296875 52.81105804443359375 51.326801300048828125 47.785816192626953125 47.411617279052734375 46.809326171875 47.9098052978515625 52.034435272216796875 58.203189849853515625 65.53420257568359375 69.02251434326171875 71.3456268310546875 67.27490997314453125 59.523777008056640625 52.436492919921875 49.5604248046875 50.08251190185546875 51.523571014404296875 51.19757843017578125 50.185535430908203125 47.347412109375 40.130893707275390625 43.508975982666015625 51.08046722412109375 51.99727630615234375 53.881412506103515625 56.7837066650390625 56.924732208251953125 54.832172393798828125 52.585174560546875 46.0985565185546875 47.954608917236328125 56.78363037109375 61.5639495849609375
