wildfire/work/fuelmodels/1745/ahn1.asc
ncols        242
nrows        205
xllcorner    190270.000000000000
yllcorner    453090.000000000000
cellsize     5.000000000000
NODATA_value   -999
[rows 114 to 132 of 205, columns 126 to 167 of 242]
81.76000213623046875 82.01000213623046875 82.04000091552734375 82.20999908447265625 82.30999755859375 82.410003662109375 82.3300018310546875 82.4199981689453125 82.529998779296875 82.55999755859375 82.55999755859375 82.70999908447265625 82.73999786376953125 82.87000274658203125 82.970001220703125 83.0800018310546875 83.279998779296875 83.40000152587890625 83.3600006103515625 83.529998779296875 83.55999755859375 83.62999725341796875 83.76000213623046875 83.8600006103515625 83.9199981689453125 84.04000091552734375 84.0800018310546875 84.1699981689453125 84.29000091552734375 84.4499969482421875 84.6100006103515625 84.76000213623046875 85.01000213623046875 85.19000244140625 85.26999664306640625 85.48000335693359375 85.68000030517578125 85.720001220703125 85.9199981689453125 86.05999755859375 86.12999725341796875 86.43000030517578125
81.51999664306640625 81.73000335693359375 82 82.01000213623046875 82.15000152587890625 82.26000213623046875 82.19000244140625 82.339996337890625 82.3899993896484375 82.48999786376953125 82.48999786376953125 82.54000091552734375 82.660003662109375 82.660003662109375 82.79000091552734375 82.95999908447265625 83.1999969482421875 83.3000030517578125 83.26000213623046875 83.34999847412109375 83.48000335693359375 83.54000091552734375 83.70999908447265625 83.6999969482421875 83.87999725341796875 83.9199981689453125 83.94000244140625 84.05999755859375 84.1100006103515625 84.20999908447265625 84.3899993896484375 84.51000213623046875 84.73000335693359375 84.87999725341796875 85.12000274658203125 85.23000335693359375 85.51999664306640625 85.5800018310546875 85.80999755859375 85.95999908447265625 86.04000091552734375 86.20999908447265625
81.40000152587890625 81.51000213623046875 81.660003662109375 81.81999969482421875 81.98999786376953125 82.18000030517578125 82.18000030517578125 82.1999969482421875 82.31999969482421875 82.37000274658203125 82.54000091552734375 82.5500030517578125 82.529998779296875 82.68000030517578125 82.73000335693359375 82.8300018310546875 82.910003662109375 83.1999969482421875 83.1699981689453125 83.25 83.31999969482421875 83.48000335693359375 83.589996337890625 83.6699981689453125 83.73000335693359375 83.79000091552734375 83.81999969482421875 84 84.089996337890625 84.12999725341796875 84.23000335693359375 84.34999847412109375 84.339996337890625 84.48999786376953125 84.76999664306640625 84.94000244140625 85.26000213623046875 85.3899993896484375 85.55999755859375 85.6999969482421875 85.94000244140625 86.26999664306640625
81.30999755859375 81.40000152587890625 81.48999786376953125 81.65000152587890625 81.80999755859375 81.9199981689453125 82.029998779296875 82.15000152587890625 82.26999664306640625 82.529998779296875 82.37000274658203125 82.4199981689453125 82.45999908447265625 82.59999847412109375 82.55999755859375 82.75 82.910003662109375 82.9199981689453125 83.06999969482421875 83.19000244140625 83.29000091552734375 83.3899993896484375 83.51999664306640625 83.660003662109375 83.68000030517578125 83.779998779296875 83.75 83.8899993896484375 84.029998779296875 84.0500030517578125 84.06999969482421875 84.12999725341796875 84.15000152587890625 84.279998779296875 84.29000091552734375 84.6999969482421875 84.839996337890625 85.160003662109375 85.44000244140625 85.6699981689453125 85.779998779296875 86.160003662109375
81.1999969482421875 81.220001220703125 81.4199981689453125 81.44000244140625 81.56999969482421875 81.73999786376953125 81.970001220703125 81.98000335693359375 82.160003662109375 82.3000030517578125 82.3000030517578125 82.410003662109375 82.410003662109375 82.48999786376953125 82.5500030517578125 82.6100006103515625 82.75 82.98999786376953125 82.95999908447265625 83.089996337890625 83.1399993896484375 83.25 83.3300018310546875 83.45999908447265625 83.5500030517578125 83.62000274658203125 83.73000335693359375 83.73000335693359375 83.80999755859375 83.87999725341796875 83.87999725341796875 83.95999908447265625 83.93000030517578125 84.01000213623046875 84.089996337890625 84.30999755859375 84.5 84.6699981689453125 84.910003662109375 85.37999725341796875 85.65000152587890625 85.81999969482421875
81.0800018310546875 81.23999786376953125 81.30999755859375 81.3600006103515625 81.5 81.6100006103515625 81.8000030517578125 82.01000213623046875 82.01000213623046875 82.18000030517578125 82.30999755859375 82.30999755859375 82.40000152587890625 82.43000030517578125 82.470001220703125 82.56999969482421875 82.6999969482421875 82.80999755859375 82.81999969482421875 82.98000335693359375 83.0500030517578125 83.12999725341796875 83.1999969482421875 83.3300018310546875 83.44000244140625 83.5 83.65000152587890625 83.68000030517578125 83.73999786376953125 83.79000091552734375 83.839996337890625 83.910003662109375 83.75 83.87999725341796875 84 84.1100006103515625 84.1699981689453125 84.37000274658203125 84.720001220703125 84.98000335693359375 85.160003662109375 85.68000030517578125
80.8899993896484375 81 81.15000152587890625 81.25 81.37999725341796875 81.37999725341796875 81.5800018310546875 81.8000030517578125 81.910003662109375 82.04000091552734375 82.26999664306640625 82.23999786376953125 82.29000091552734375 82.3899993896484375 82.45999908447265625 82.51999664306640625 82.59999847412109375 82.76999664306640625 82.84999847412109375 82.9499969482421875 83.01000213623046875 83.19000244140625 83.160003662109375 83.26999664306640625 83.4199981689453125 83.43000030517578125 83.5800018310546875 83.6399993896484375 83.70999908447265625 83.76000213623046875 83.76000213623046875 83.76999664306640625 83.779998779296875 83.80999755859375 83.81999969482421875 83.9199981689453125 83.98999786376953125 84.1999969482421875 84.410003662109375 84.65000152587890625 84.87000274658203125 85.0800018310546875
80.87000274658203125 81.0500030517578125 81 81.160003662109375 81.26000213623046875 81.34999847412109375 81.45999908447265625 81.529998779296875 81.80999755859375 82.01000213623046875 82.20999908447265625 82.20999908447265625 82.3000030517578125 82.3899993896484375 82.470001220703125 82.470001220703125 82.56999969482421875 82.660003662109375 82.79000091552734375 82.8300018310546875 82.90000152587890625 82.95999908447265625 83.1100006103515625 83.01999664306640625 83.279998779296875 83.43000030517578125 83.40000152587890625 83.6100006103515625 83.62000274658203125 83.65000152587890625 83.73000335693359375 83.75 83.68000030517578125 83.6999969482421875 83.8000030517578125 83.8300018310546875 83.8899993896484375 84 84.26000213623046875 84.31999969482421875 84.48000335693359375 84.76000213623046875
80.76999664306640625 80.84999847412109375 80.95999908447265625 81.06999969482421875 81.19000244140625 81.26000213623046875 81.4199981689453125 81.4499969482421875 81.6100006103515625 81.76999664306640625 81.98999786376953125 82.1699981689453125 82.20999908447265625 82.31999969482421875 82.4199981689453125 82.44000244140625 82.51999664306640625 82.62000274658203125 82.6999969482421875 82.75 82.80999755859375 82.8899993896484375 83.01000213623046875 83.089996337890625 83.220001220703125 83.3300018310546875 83.40000152587890625 83.48999786376953125 83.5500030517578125 83.55999755859375 83.6399993896484375 83.73000335693359375 83.720001220703125 83.76000213623046875 83.8000030517578125 83.8899993896484375 83.80999755859375 83.910003662109375 84.01999664306640625 84.19000244140625 84.19000244140625 84.3600006103515625
80.69000244140625 80.79000091552734375 80.90000152587890625 81 81.12000274658203125 81.19000244140625 81.26000213623046875 81.339996337890625 81.54000091552734375 81.6999969482421875 81.970001220703125 82.09999847412109375 82.1399993896484375 82.26000213623046875 82.34999847412109375 82.470001220703125 82.44000244140625 82.55999755859375 82.660003662109375 82.68000030517578125 82.720001220703125 82.80999755859375 82.87999725341796875 83.06999969482421875 83.089996337890625 83.1399993896484375 83.34999847412109375 83.34999847412109375 83.410003662109375 83.44000244140625 83.5500030517578125 83.76999664306640625 83.6399993896484375 83.6699981689453125 83.6999969482421875 83.720001220703125 83.839996337890625 83.839996337890625 83.87999725341796875 84 84.18000030517578125 84.23000335693359375
80.6699981689453125 80.720001220703125 80.69000244140625 80.94000244140625 80.98999786376953125 81.09999847412109375 81.23000335693359375 81.34999847412109375 81.470001220703125 81.59999847412109375 81.80999755859375 81.9199981689453125 82.0500030517578125 82.1999969482421875 82.29000091552734375 82.3600006103515625 82.40000152587890625 82.51000213623046875 82.5800018310546875 82.62000274658203125 82.660003662109375 82.6699981689453125 82.81999969482421875 82.81999969482421875 83.01000213623046875 83.0800018310546875 83.23000335693359375 83.279998779296875 83.40000152587890625 83.45999908447265625 83.5 83.660003662109375 83.62999725341796875 83.62999725341796875 83.73000335693359375 83.8000030517578125 83.79000091552734375 83.8000030517578125 83.910003662109375 83.910003662109375 84.160003662109375 84.1399993896484375
80.62999725341796875 80.6699981689453125 80.779998779296875 80.8600006103515625 80.8899993896484375 80.98999786376953125 81.089996337890625 81.26000213623046875 81.26999664306640625 81.44000244140625 81.6100006103515625 81.81999969482421875 81.9499969482421875 82.05999755859375 82.19000244140625 82.339996337890625 82.3899993896484375 82.43000030517578125 82.529998779296875 82.6399993896484375 82.6399993896484375 82.6399993896484375 82.69000244140625 82.79000091552734375 82.90000152587890625 82.98999786376953125 83.160003662109375 83.20999908447265625 83.3300018310546875 83.410003662109375 83.4499969482421875 83.529998779296875 83.5500030517578125 83.55999755859375 83.62000274658203125 83.62000274658203125 83.720001220703125 83.84999847412109375 83.76000213623046875 83.84999847412109375 83.9499969482421875 84.01999664306640625
80.54000091552734375 80.62999725341796875 80.720001220703125 80.8300018310546875 80.87999725341796875 81.01000213623046875 81.089996337890625 81.12999725341796875 81.25 81.37000274658203125 81.54000091552734375 81.6399993896484375 81.8300018310546875 81.9499969482421875 82.12000274658203125 82.23000335693359375 82.339996337890625 82.37999725341796875 82.5 82.51000213623046875 82.55999755859375 82.51999664306640625 82.6399993896484375 82.6999969482421875 82.79000091552734375 82.87999725341796875 83.05999755859375 83.160003662109375 83.1399993896484375 83.18000030517578125 83.3000030517578125 83.45999908447265625 83.43000030517578125 83.51999664306640625 83.43000030517578125 83.6399993896484375 83.69000244140625 83.720001220703125 83.79000091552734375 83.79000091552734375 84.04000091552734375 84
80.4499969482421875 80.5500030517578125 80.589996337890625 80.73000335693359375 80.8300018310546875 80.8600006103515625 80.98999786376953125 81 81.1100006103515625 81.3000030517578125 81.45999908447265625 81.54000091552734375 81.70999908447265625 81.779998779296875 81.94000244140625 82.01000213623046875 82.19000244140625 82.26000213623046875 82.37999725341796875 82.51000213623046875 82.51000213623046875 82.54000091552734375 82.48999786376953125 82.6999969482421875 82.76000213623046875 82.8899993896484375 82.98000335693359375 82.98000335693359375 83.160003662109375 83.19000244140625 83.25 83.31999969482421875 83.40000152587890625 83.44000244140625 83.5 83.59999847412109375 83.51999664306640625 83.720001220703125 83.660003662109375 83.76999664306640625 83.910003662109375 83.94000244140625
80.44000244140625 80.5500030517578125 80.589996337890625 80.6699981689453125 80.76000213623046875 80.8000030517578125 80.84999847412109375 80.9199981689453125 80.95999908447265625 81.1399993896484375 81.23000335693359375 81.3899993896484375 81.51000213623046875 81.65000152587890625 81.81999969482421875 81.910003662109375 82.06999969482421875 82.19000244140625 82.29000091552734375 82.37999725341796875 82.45999908447265625 82.48999786376953125 82.5 82.51000213623046875 82.720001220703125 82.68000030517578125 82.779998779296875 82.87000274658203125 83.01000213623046875 83.15000152587890625 83.12999725341796875 83.20999908447265625 83.29000091552734375 83.34999847412109375 83.410003662109375 83.48000335693359375 83.54000091552734375 83.59999847412109375 83.6100006103515625 83.6999969482421875 83.81999969482421875 83.8300018310546875
80.37999725341796875 80.48000335693359375 80.51000213623046875 80.5800018310546875 80.73000335693359375 80.8000030517578125 80.8600006103515625 80.76999664306640625 80.76000213623046875 81.05999755859375 81.1699981689453125 81.1699981689453125 81.43000030517578125 81.5800018310546875 81.75 81.84999847412109375 81.9199981689453125 82.1699981689453125 82.23000335693359375 82.37000274658203125 82.44000244140625 82.44000244140625 82.48000335693359375 82.48000335693359375 82.54000091552734375 82.589996337890625 82.73000335693359375 82.80999755859375 82.8899993896484375 82.970001220703125 83.06999969482421875 83.1399993896484375 83.23000335693359375 83.23999786376953125 83.43000030517578125 83.40000152587890625 83.3600006103515625 83.470001220703125 83.589996337890625 83.73999786376953125 83.62999725341796875 83.73999786376953125
80.29000091552734375 80.339996337890625 80.4499969482421875 80.56999969482421875 80.62000274658203125 80.73000335693359375 80.779998779296875 80.84999847412109375 80.95999908447265625 81.0500030517578125 81.1399993896484375 81.1999969482421875 81.31999969482421875 81.48000335693359375 81.62000274658203125 81.80999755859375 81.75 82.089996337890625 82.12999725341796875 82.26000213623046875 82.4199981689453125 82.529998779296875 82.470001220703125 82.51000213623046875 82.5 82.5800018310546875 82.589996337890625 82.75 82.76000213623046875 82.910003662109375 83.04000091552734375 83.01999664306640625 83.18000030517578125 83.1699981689453125 83.220001220703125 83.23999786376953125 83.31999969482421875 83.43000030517578125 83.470001220703125 83.5800018310546875 83.6399993896484375 83.68000030517578125
80.18000030517578125 80.37000274658203125 80.37999725341796875 80.44000244140625 80.51999664306640625 80.62000274658203125 80.73000335693359375 80.76000213623046875 80.76999664306640625 80.95999908447265625 81.06999969482421875 81.12000274658203125 81.23000335693359375 81.34999847412109375 81.529998779296875 81.6999969482421875 81.73000335693359375 81.98999786376953125 82.01999664306640625 82.160003662109375 82.3000030517578125 82.3899993896484375 82.37000274658203125 82.51999664306640625 82.45999908447265625 82.62000274658203125 82.589996337890625 82.73999786376953125 82.68000030517578125 82.779998779296875 82.87999725341796875 82.9499969482421875 83.01999664306640625 83.1399993896484375 83.20999908447265625 83.220001220703125 83.26000213623046875 83.26999664306640625 83.3600006103515625 83.529998779296875 83.529998779296875 83.6399993896484375
80.1399993896484375 80.25 80.31999969482421875 80.339996337890625 80.43000030517578125 80.529998779296875 80.65000152587890625 80.720001220703125 80.76999664306640625 80.910003662109375 80.98999786376953125 81.0500030517578125 81.279998779296875 81.3600006103515625 81.6100006103515625 81.51000213623046875 81.720001220703125 81.81999969482421875 81.9499969482421875 82.0800018310546875 82.18000030517578125 82.34999847412109375 82.339996337890625 82.37999725341796875 82.43000030517578125 82.51000213623046875 82.5500030517578125 82.5800018310546875 82.62999725341796875 82.720001220703125 82.81999969482421875 82.8300018310546875 82.970001220703125 83 83.1100006103515625 83.12000274658203125 83.160003662109375 83.23999786376953125 83.0800018310546875 83.34999847412109375 83.4199981689453125 83.410003662109375
