wildfire/work/fuelmodels/1745/ahn1.asc
ncols        242
nrows        205
xllcorner    190270.000000000000
yllcorner    453090.000000000000
cellsize     5.000000000000
NODATA_value   -999
[rows 114 to 132 of 205, columns 84 to 125 of 242]
78.529998779296875 78.660003662109375 78.839996337890625 78.9499969482421875 79.12999725341796875 79.31999969482421875 79.51000213623046875 79.6999969482421875 79.95999908447265625 80.12000274658203125 80.26999664306640625 80.279998779296875 80.37999725341796875 80.5500030517578125 80.73999786376953125 80.73000335693359375 80.69000244140625 80.62000274658203125 80.529998779296875 80.56999969482421875 80.73000335693359375 80.70999908447265625 80.589996337890625 80.470001220703125 80.48999786376953125 80.4199981689453125 80.55999755859375 80.43000030517578125 80.529998779296875 80.62000274658203125 80.62000274658203125 80.6699981689453125 80.84999847412109375 80.75 80.8600006103515625 80.9499969482421875 81.1100006103515625 81.1699981689453125 81.1699981689453125 81.29000091552734375 81.51999664306640625 81.68000030517578125
78.410003662109375 78.4199981689453125 78.8899993896484375 78.8000030517578125 78.98000335693359375 79.220001220703125 79.37000274658203125 79.6100006103515625 79.839996337890625 79.98000335693359375 80.160003662109375 80.25 80.25 80.339996337890625 80.470001220703125 80.529998779296875 80.48999786376953125 80.4499969482421875 80.410003662109375 80.45999908447265625 80.529998779296875 80.6399993896484375 80.55999755859375 80.470001220703125 80.4499969482421875 80.45999908447265625 80.43000030517578125 80.4499969482421875 80.51000213623046875 80.529998779296875 80.56999969482421875 80.55999755859375 80.6399993896484375 80.62999725341796875 80.720001220703125 80.80999755859375 80.910003662109375 81.04000091552734375 81.04000091552734375 81.18000030517578125 81.339996337890625 81.4199981689453125
78.3000030517578125 78.3600006103515625 78.56999969482421875 78.720001220703125 78.779998779296875 79.0800018310546875 79.19000244140625 79.37999725341796875 79.660003662109375 79.87999725341796875 80.04000091552734375 80.09999847412109375 80.220001220703125 80.3000030517578125 80.34999847412109375 80.34999847412109375 80.30999755859375 80.20999908447265625 80.339996337890625 80.31999969482421875 80.48000335693359375 80.529998779296875 80.5 80.410003662109375 80.31999969482421875 80.34999847412109375 80.34999847412109375 80.31999969482421875 80.4199981689453125 80.40000152587890625 80.44000244140625 80.4499969482421875 80.51000213623046875 80.5 80.59999847412109375 80.720001220703125 80.76999664306640625 80.8600006103515625 80.9199981689453125 81.06999969482421875 81.1399993896484375 81.3000030517578125
78.23000335693359375 78.3000030517578125 78.5 78.589996337890625 78.75 78.87999725341796875 79.06999969482421875 79.29000091552734375 79.529998779296875 79.76999664306640625 79.90000152587890625 79.90000152587890625 80.1399993896484375 80.1699981689453125 80.23000335693359375 80.1399993896484375 80.19000244140625 80.23000335693359375 80.23000335693359375 80.23999786376953125 80.279998779296875 80.37999725341796875 80.40000152587890625 80.23000335693359375 80.1999969482421875 80.31999969482421875 80.19000244140625 80.29000091552734375 80.3000030517578125 80.30999755859375 80.34999847412109375 80.3899993896484375 80.4199981689453125 80.4199981689453125 80.5 80.62999725341796875 80.73000335693359375 80.73999786376953125 80.80999755859375 80.9499969482421875 81.089996337890625 81.1699981689453125
78.1399993896484375 78.279998779296875 78.37999725341796875 78.529998779296875 78.5500030517578125 78.76999664306640625 78.910003662109375 79.1699981689453125 79.26999664306640625 79.56999969482421875 79.660003662109375 79.8000030517578125 79.81999969482421875 79.9199981689453125 80.01999664306640625 80.15000152587890625 80.12000274658203125 80.20999908447265625 80.20999908447265625 80.1699981689453125 80.30999755859375 80.40000152587890625 80.34999847412109375 80.30999755859375 80.23000335693359375 80.29000091552734375 80.1999969482421875 80.19000244140625 80.26000213623046875 80.34999847412109375 80.339996337890625 80.1999969482421875 80.30999755859375 80.339996337890625 80.43000030517578125 80.5800018310546875 80.6100006103515625 80.65000152587890625 80.660003662109375 80.80999755859375 80.910003662109375 80.98999786376953125
78.09999847412109375 78.09999847412109375 78.26999664306640625 78.37999725341796875 78.51000213623046875 78.589996337890625 78.79000091552734375 78.90000152587890625 79.06999969482421875 79.23999786376953125 79.3899993896484375 79.48999786376953125 79.59999847412109375 79.8000030517578125 79.90000152587890625 79.87000274658203125 79.93000030517578125 80.01000213623046875 80.1399993896484375 80.12000274658203125 80.26999664306640625 80.29000091552734375 80.339996337890625 80.18000030517578125 80.23000335693359375 80.1100006103515625 80.1100006103515625 80.19000244140625 80.19000244140625 80.04000091552734375 80.1100006103515625 80.26000213623046875 80.220001220703125 80.30999755859375 80.3899993896484375 80.48000335693359375 80.59999847412109375 80.62999725341796875 80.70999908447265625 80.839996337890625 80.84999847412109375 80.95999908447265625
78.0800018310546875 78.25 78.25 78.31999969482421875 78.4499969482421875 78.51000213623046875 78.660003662109375 78.73999786376953125 78.8600006103515625 78.95999908447265625 79.18000030517578125 79.3600006103515625 79.5500030517578125 79.589996337890625 79.76999664306640625 79.93000030517578125 79.81999969482421875 80.01000213623046875 80.01000213623046875 80.09999847412109375 80.160003662109375 80.1699981689453125 80.29000091552734375 80.160003662109375 80.029998779296875 80.12000274658203125 80.15000152587890625 80.12000274658203125 80.220001220703125 80.15000152587890625 80.3300018310546875 80.1999969482421875 80.12999725341796875 80.1999969482421875 80.29000091552734375 80.3300018310546875 80.37999725341796875 80.4499969482421875 80.48999786376953125 80.51999664306640625 80.720001220703125 80.79000091552734375
78 78.160003662109375 78.1399993896484375 78.25 78.3300018310546875 78.410003662109375 78.48000335693359375 78.62000274658203125 78.68000030517578125 78.8300018310546875 79.01999664306640625 79.1699981689453125 79.30999755859375 79.40000152587890625 79.5500030517578125 79.73999786376953125 79.76999664306640625 79.81999969482421875 79.90000152587890625 79.9199981689453125 80 79.95999908447265625 80.12999725341796875 80.12999725341796875 79.93000030517578125 80.05999755859375 80.01000213623046875 80.06999969482421875 80.04000091552734375 80.089996337890625 80.089996337890625 80.12000274658203125 80.0800018310546875 80.12000274658203125 80.18000030517578125 80.26000213623046875 80.31999969482421875 80.40000152587890625 80.44000244140625 80.6100006103515625 80.6100006103515625 80.80999755859375
77.8899993896484375 77.970001220703125 78.01000213623046875 78.0500030517578125 78.160003662109375 78.3300018310546875 78.40000152587890625 78.54000091552734375 78.55999755859375 78.6699981689453125 78.80999755859375 78.90000152587890625 79.06999969482421875 79.220001220703125 79.3300018310546875 79.5 79.51999664306640625 79.73000335693359375 79.73999786376953125 79.90000152587890625 79.9199981689453125 80.01000213623046875 80.06999969482421875 80.160003662109375 80.1399993896484375 80 80.01000213623046875 79.95999908447265625 80.05999755859375 80.029998779296875 80.0800018310546875 80.04000091552734375 80.04000091552734375 80.05999755859375 80.12999725341796875 80.23000335693359375 80.3000030517578125 80.37999725341796875 80.45999908447265625 80.529998779296875 80.470001220703125 80.79000091552734375
77.8300018310546875 77.910003662109375 77.9499969482421875 78 78.18000030517578125 78.26000213623046875 78.23999786376953125 78.3000030517578125 78.48000335693359375 78.54000091552734375 78.73000335693359375 78.70999908447265625 78.81999969482421875 78.94000244140625 79.029998779296875 79.3000030517578125 79.54000091552734375 79.48999786376953125 79.6399993896484375 79.76000213623046875 79.8600006103515625 79.910003662109375 80.09999847412109375 80.1100006103515625 80.01000213623046875 80.09999847412109375 79.9199981689453125 79.84999847412109375 79.910003662109375 79.94000244140625 79.98999786376953125 80.089996337890625 79.87999725341796875 79.98999786376953125 80.1699981689453125 80.1699981689453125 80.3000030517578125 80.339996337890625 80.4499969482421875 80.40000152587890625 80.51000213623046875 80.62000274658203125
77.660003662109375 77.75 77.839996337890625 77.94000244140625 77.98999786376953125 78.05999755859375 78.15000152587890625 78.1699981689453125 78.30999755859375 78.43000030517578125 78.410003662109375 78.54000091552734375 78.62999725341796875 78.76000213623046875 78.910003662109375 79.029998779296875 79.1100006103515625 79.3300018310546875 79.51000213623046875 79.5800018310546875 79.73000335693359375 79.79000091552734375 79.839996337890625 79.9199981689453125 80.01000213623046875 79.94000244140625 80.06999969482421875 79.98000335693359375 79.94000244140625 79.93000030517578125 79.8600006103515625 80.01999664306640625 79.910003662109375 79.839996337890625 80.05999755859375 80.06999969482421875 80.26000213623046875 80.279998779296875 80.26000213623046875 80.37999725341796875 80.5 80.59999847412109375
77.6399993896484375 77.68000030517578125 77.75 77.81999969482421875 77.84999847412109375 78.029998779296875 78.05999755859375 78.06999969482421875 78.20999908447265625 78.279998779296875 78.37999725341796875 78.5 78.55999755859375 78.6699981689453125 78.76999664306640625 78.84999847412109375 78.98000335693359375 79.09999847412109375 79.3000030517578125 79.44000244140625 79.5500030517578125 79.660003662109375 79.81999969482421875 79.81999969482421875 79.84999847412109375 79.87999725341796875 79.90000152587890625 79.93000030517578125 79.8600006103515625 79.84999847412109375 79.84999847412109375 79.8000030517578125 79.73000335693359375 79.8899993896484375 79.90000152587890625 79.98999786376953125 80.20999908447265625 80.220001220703125 80.31999969482421875 80.37000274658203125 80.470001220703125 80.51999664306640625
77.48999786376953125 77.55999755859375 77.660003662109375 77.779998779296875 77.81999969482421875 77.910003662109375 78.1100006103515625 78.0800018310546875 78.1399993896484375 78.220001220703125 78.339996337890625 78.34999847412109375 78.43000030517578125 78.589996337890625 78.62999725341796875 78.76000213623046875 78.87999725341796875 79.029998779296875 79.160003662109375 79.30999755859375 79.37000274658203125 79.48000335693359375 79.65000152587890625 79.6699981689453125 79.8600006103515625 79.80999755859375 79.87000274658203125 79.98000335693359375 79.8600006103515625 79.80999755859375 79.76999664306640625 79.73999786376953125 79.779998779296875 79.779998779296875 79.8899993896484375 79.94000244140625 80.01999664306640625 80.1399993896484375 80.1999969482421875 80.23999786376953125 80.3000030517578125 80.48000335693359375
77.339996337890625 77.4199981689453125 77.56999969482421875 77.73000335693359375 77.76000213623046875 77.76999664306640625 77.8600006103515625 77.98000335693359375 78.09999847412109375 78.1999969482421875 78.25 78.26999664306640625 78.37000274658203125 78.470001220703125 78.6100006103515625 78.6100006103515625 78.62999725341796875 78.9199981689453125 79.05999755859375 79.089996337890625 79.26999664306640625 79.37999725341796875 79.410003662109375 79.48000335693359375 79.73000335693359375 79.70999908447265625 79.76999664306640625 79.76000213623046875 79.779998779296875 79.75 79.76999664306640625 79.73000335693359375 79.79000091552734375 79.779998779296875 79.76999664306640625 79.87000274658203125 79.9199981689453125 79.98999786376953125 80.0800018310546875 80.18000030517578125 80.160003662109375 80.339996337890625
77.3899993896484375 77.3300018310546875 77.55999755859375 77.6100006103515625 77.65000152587890625 77.6999969482421875 77.79000091552734375 77.8899993896484375 77.9499969482421875 78.089996337890625 78.1100006103515625 78.1999969482421875 78.30999755859375 78.4199981689453125 78.51000213623046875 78.65000152587890625 78.839996337890625 78.81999969482421875 79.01000213623046875 79.0500030517578125 79.15000152587890625 79.23999786376953125 79.30999755859375 79.37999725341796875 79.55999755859375 79.62000274658203125 79.69000244140625 79.6699981689453125 79.5800018310546875 79.720001220703125 79.6999969482421875 79.65000152587890625 79.6699981689453125 79.73999786376953125 79.5800018310546875 79.84999847412109375 79.8000030517578125 79.910003662109375 79.98000335693359375 80.05999755859375 80.20999908447265625 80.31999969482421875
77.19000244140625 77.3000030517578125 77.37000274658203125 77.529998779296875 77.6100006103515625 77.660003662109375 77.76000213623046875 77.8300018310546875 77.8899993896484375 78.04000091552734375 78.30999755859375 78.25 78.23000335693359375 78.40000152587890625 78.48999786376953125 78.529998779296875 78.65000152587890625 78.779998779296875 78.94000244140625 79.029998779296875 79.06999969482421875 79.1399993896484375 79.18000030517578125 79.29000091552734375 79.40000152587890625 79.470001220703125 79.529998779296875 79.45999908447265625 79.5500030517578125 79.65000152587890625 79.68000030517578125 79.62000274658203125 79.62000274658203125 79.6399993896484375 79.6999969482421875 79.80999755859375 79.8600006103515625 79.839996337890625 79.94000244140625 80.05999755859375 80.09999847412109375 80.23999786376953125
76.9199981689453125 76.98000335693359375 77.23000335693359375 77.30999755859375 77.51999664306640625 77.589996337890625 77.6999969482421875 77.76000213623046875 77.8300018310546875 77.95999908447265625 78.23000335693359375 78.26000213623046875 78.339996337890625 78.3899993896484375 78.470001220703125 78.56999969482421875 78.529998779296875 78.73999786376953125 78.87000274658203125 78.9199981689453125 79.0800018310546875 79.06999969482421875 79.15000152587890625 79.19000244140625 79.23999786376953125 79.48999786376953125 79.48000335693359375 79.529998779296875 79.5 79.51999664306640625 79.54000091552734375 79.6399993896484375 79.6699981689453125 79.65000152587890625 79.6999969482421875 79.68000030517578125 79.720001220703125 79.779998779296875 79.8300018310546875 79.94000244140625 79.98999786376953125 80.09999847412109375
77 77.20999908447265625 77.1999969482421875 77.279998779296875 77.37999725341796875 77.4499969482421875 77.54000091552734375 77.55999755859375 77.70999908447265625 77.8899993896484375 78.05999755859375 78.25 78.339996337890625 78.410003662109375 78.4499969482421875 78.5 78.43000030517578125 78.6399993896484375 78.779998779296875 78.8899993896484375 78.87000274658203125 78.94000244140625 79.0500030517578125 79.089996337890625 79.18000030517578125 79.3899993896484375 79.40000152587890625 79.37000274658203125 79.48000335693359375 79.51000213623046875 79.55999755859375 79.55999755859375 79.6100006103515625 79.59999847412109375 79.73999786376953125 79.6399993896484375 79.69000244140625 79.720001220703125 79.75 79.87999725341796875 79.98000335693359375 80.12999725341796875
76.93000030517578125 77.1100006103515625 77.220001220703125 77.25 77.3300018310546875 77.4199981689453125 77.45999908447265625 77.5 77.6699981689453125 77.8000030517578125 77.839996337890625 78.05999755859375 78.15000152587890625 78.31999969482421875 78.48999786376953125 78.37999725341796875 78.44000244140625 78.59999847412109375 78.6999969482421875 78.81999969482421875 78.8899993896484375 78.910003662109375 78.970001220703125 79.029998779296875 79.12000274658203125 79.09999847412109375 79.29000091552734375 79.37000274658203125 79.3899993896484375 79.4499969482421875 79.48000335693359375 79.54000091552734375 79.62000274658203125 79.6399993896484375 79.56999969482421875 79.6699981689453125 79.65000152587890625 79.68000030517578125 79.73999786376953125 79.8000030517578125 79.910003662109375 80.0500030517578125
