wildfire/work/fuelmodels/1745/ahn1.asc
ncols        242
nrows        205
xllcorner    190270.000000000000
yllcorner    453090.000000000000
cellsize     5.000000000000
NODATA_value   -999
[rows 0 to 18 of 205, columns 84 to 125 of 242]
74.8899993896484375 74.75 74.839996337890625 74.84999847412109375 74.94000244140625 74.8899993896484375 74.87999725341796875 75.19000244140625 75.220001220703125 75.09999847412109375 75.26000213623046875 75.31999969482421875 75.3600006103515625 75.410003662109375 75.26999664306640625 75.30999755859375 75.43000030517578125 75.3600006103515625 75.3000030517578125 75.23999786376953125 75.30999755859375 75.26000213623046875 75.339996337890625 75.410003662109375 75.37000274658203125 75.30999755859375 75.23999786376953125 75.20999908447265625 75.3000030517578125 75.029998779296875 74.8600006103515625 74.910003662109375 74.779998779296875 74.8899993896484375 74.73000335693359375 74.6999969482421875 74.529998779296875 74.5 74.69000244140625 74.970001220703125 75.23999786376953125 75.4199981689453125
75.01000213623046875 75.0500030517578125 75.12000274658203125 75.15000152587890625 75.26000213623046875 75.160003662109375 75.220001220703125 75.18000030517578125 75.37999725341796875 75.48999786376953125 75.34999847412109375 75.3600006103515625 75.529998779296875 75.59999847412109375 75.48999786376953125 75.529998779296875 75.51999664306640625 75.4499969482421875 75.51999664306640625 75.55999755859375 75.54000091552734375 75.529998779296875 75.51999664306640625 75.5500030517578125 75.59999847412109375 75.55999755859375 75.44000244140625 75.4199981689453125 75.4199981689453125 75.15000152587890625 75.0500030517578125 75.05999755859375 75.01999664306640625 74.8899993896484375 74.93000030517578125 74.8600006103515625 74.65000152587890625 74.5500030517578125 74.75 75.09999847412109375 75.37000274658203125 75.6399993896484375
75.1999969482421875 75.0500030517578125 75.1999969482421875 75.31999969482421875 75.48000335693359375 75.5800018310546875 75.51999664306640625 75.5500030517578125 75.4499969482421875 75.59999847412109375 75.6100006103515625 75.6699981689453125 75.6699981689453125 75.65000152587890625 75.589996337890625 75.6999969482421875 75.720001220703125 75.6999969482421875 75.5500030517578125 75.660003662109375 75.76999664306640625 75.81999969482421875 75.81999969482421875 75.76999664306640625 75.69000244140625 75.720001220703125 75.720001220703125 75.54000091552734375 75.410003662109375 75.30999755859375 75.23000335693359375 75.1699981689453125 75.05999755859375 75.089996337890625 75 75.089996337890625 74.9199981689453125 74.81999969482421875 75 75.12999725341796875 75.51000213623046875 75.76000213623046875
75.31999969482421875 75.48000335693359375 75.44000244140625 75.54000091552734375 75.6399993896484375 75.73000335693359375 75.79000091552734375 75.6999969482421875 75.779998779296875 75.6699981689453125 75.84999847412109375 75.76999664306640625 75.79000091552734375 75.87000274658203125 75.8600006103515625 75.80999755859375 75.8600006103515625 75.79000091552734375 75.90000152587890625 75.8899993896484375 75.87000274658203125 75.87000274658203125 75.95999908447265625 76.01000213623046875 75.95999908447265625 75.87999725341796875 75.69000244140625 75.660003662109375 75.6399993896484375 75.54000091552734375 75.410003662109375 75.3000030517578125 75.23999786376953125 75.12000274658203125 75.1699981689453125 75.23999786376953125 75.1100006103515625 75.04000091552734375 75.23999786376953125 75.37999725341796875 75.529998779296875 75.87999725341796875
75.59999847412109375 75.6999969482421875 75.75 75.81999969482421875 75.93000030517578125 75.910003662109375 75.95999908447265625 75.910003662109375 75.9499969482421875 75.94000244140625 75.95999908447265625 75.93000030517578125 75.93000030517578125 76 76.01999664306640625 76.05999755859375 76.029998779296875 76.05999755859375 76.01000213623046875 76.04000091552734375 76.0800018310546875 76.06999969482421875 76.05999755859375 76.05999755859375 76.089996337890625 75.9499969482421875 75.9199981689453125 75.76000213623046875 75.6399993896484375 75.529998779296875 75.589996337890625 75.44000244140625 75.3300018310546875 75.31999969482421875 75.26000213623046875 75.4499969482421875 75.26000213623046875 75.20999908447265625 75.20999908447265625 75.51000213623046875 75.6699981689453125 75.8899993896484375
75.8300018310546875 75.98999786376953125 76.0500030517578125 76.0800018310546875 76.1399993896484375 76.0800018310546875 76.26999664306640625 75.9199981689453125 76.089996337890625 76.089996337890625 76.05999755859375 76.12000274658203125 76.05999755859375 76.09999847412109375 76.23000335693359375 76.160003662109375 76.089996337890625 76.23000335693359375 76.23999786376953125 76.23000335693359375 76.06999969482421875 76.220001220703125 76.23000335693359375 76.220001220703125 76.220001220703125 76.1999969482421875 76.06999969482421875 76.029998779296875 75.87999725341796875 75.76000213623046875 75.589996337890625 75.5500030517578125 75.62000274658203125 75.37000274658203125 75.339996337890625 75.37999725341796875 75.31999969482421875 75.45999908447265625 75.51999664306640625 75.62000274658203125 75.59999847412109375 76.15000152587890625
76.089996337890625 76.25 76.30999755859375 76.30999755859375 76.3300018310546875 76.29000091552734375 76.279998779296875 76.339996337890625 76.3000030517578125 76.26999664306640625 76.26999664306640625 76.23999786376953125 76.30999755859375 76.44000244140625 76.26000213623046875 76.26999664306640625 76.30999755859375 76.37000274658203125 76.3300018310546875 76.4499969482421875 76.4199981689453125 76.3899993896484375 76.26000213623046875 76.3000030517578125 76.3300018310546875 76.3300018310546875 76.37999725341796875 76.06999969482421875 75.9499969482421875 75.81999969482421875 75.6999969482421875 75.65000152587890625 75.5500030517578125 75.4499969482421875 75.3899993896484375 75.43000030517578125 75.4499969482421875 75.5 75.660003662109375 75.68000030517578125 76.37999725341796875 76.40000152587890625
76.26000213623046875 76.40000152587890625 76.44000244140625 76.3899993896484375 76.51000213623046875 76.410003662109375 76.43000030517578125 76.410003662109375 76.45999908447265625 76.44000244140625 76.45999908447265625 76.54000091552734375 76.4199981689453125 76.470001220703125 76.4499969482421875 76.4499969482421875 76.45999908447265625 76.43000030517578125 76.34999847412109375 76.4199981689453125 76.4199981689453125 76.3899993896484375 76.40000152587890625 76.59999847412109375 76.529998779296875 76.51999664306640625 76.410003662109375 76.3899993896484375 76.23000335693359375 76.09999847412109375 75.98000335693359375 75.94000244140625 75.779998779296875 75.65000152587890625 75.4199981689453125 75.51000213623046875 75.5 75.6399993896484375 75.76000213623046875 76.01999664306640625 76.3300018310546875 76.68000030517578125
76.410003662109375 76.62000274658203125 76.660003662109375 76.73999786376953125 76.5500030517578125 76.51999664306640625 76.3600006103515625 76.59999847412109375 76.59999847412109375 76.62999725341796875 76.59999847412109375 76.54000091552734375 76.55999755859375 76.56999969482421875 76.5500030517578125 76.589996337890625 76.5 76.56999969482421875 76.51000213623046875 76.51999664306640625 76.59999847412109375 76.73999786376953125 76.6399993896484375 76.75 76.62000274658203125 76.48000335693359375 76.48000335693359375 76.37999725341796875 76.3300018310546875 76.23999786376953125 76.1100006103515625 75.9199981689453125 75.8600006103515625 75.80999755859375 75.73999786376953125 75.80999755859375 75.79000091552734375 75.73000335693359375 75.93000030517578125 76.29000091552734375 76.3600006103515625 76.73999786376953125
76.55999755859375 76.81999969482421875 76.94000244140625 76.76000213623046875 76.76000213623046875 76.720001220703125 76.69000244140625 76.75 76.660003662109375 76.65000152587890625 76.720001220703125 76.779998779296875 76.70999908447265625 76.779998779296875 76.660003662109375 76.6699981689453125 76.56999969482421875 76.48999786376953125 76.660003662109375 76.6100006103515625 76.839996337890625 76.80999755859375 76.80999755859375 76.76000213623046875 76.6100006103515625 76.529998779296875 76.529998779296875 76.43000030517578125 76.3600006103515625 76.279998779296875 76.0500030517578125 76.029998779296875 76.01999664306640625 75.90000152587890625 76.029998779296875 75.98000335693359375 75.660003662109375 75.51000213623046875 75.79000091552734375 76.3000030517578125 76.4499969482421875 77
76.779998779296875 76.9199981689453125 76.73000335693359375 76.8899993896484375 76.839996337890625 76.779998779296875 76.8600006103515625 76.73000335693359375 76.80999755859375 77.01999664306640625 76.8899993896484375 76.8600006103515625 77.06999969482421875 76.94000244140625 76.75 76.8000030517578125 76.76000213623046875 76.87999725341796875 76.8300018310546875 76.84999847412109375 76.839996337890625 76.8899993896484375 76.8300018310546875 76.720001220703125 76.59999847412109375 76.56999969482421875 76.529998779296875 76.56999969482421875 76.34999847412109375 76.339996337890625 76.23000335693359375 76.15000152587890625 76.089996337890625 76.01999664306640625 76.12999725341796875 75.9199981689453125 75.720001220703125 75.9199981689453125 75.90000152587890625 76.1999969482421875 76.5500030517578125 76.80999755859375
76.87000274658203125 77.04000091552734375 77.3000030517578125 77.01000213623046875 77.0500030517578125 77.06999969482421875 77.0500030517578125 76.98000335693359375 76.98999786376953125 76.93000030517578125 77.15000152587890625 77.1699981689453125 77.04000091552734375 77.05999755859375 77.05999755859375 76.98999786376953125 76.87999725341796875 76.8899993896484375 77 76.98999786376953125 76.9499969482421875 76.8300018310546875 76.79000091552734375 76.73000335693359375 76.6699981689453125 76.69000244140625 76.660003662109375 76.62999725341796875 76.589996337890625 76.51000213623046875 76.30999755859375 76.31999969482421875 76.26999664306640625 76.1999969482421875 76.089996337890625 76.06999969482421875 75.8300018310546875 75.8899993896484375 75.8600006103515625 76.1699981689453125 76.410003662109375 76.75
77.09999847412109375 77.160003662109375 77.23999786376953125 77.3300018310546875 77.29000091552734375 77.19000244140625 77.18000030517578125 77.160003662109375 77.12000274658203125 77.30999755859375 77.3000030517578125 77.45999908447265625 77.37999725341796875 77.23999786376953125 77.1100006103515625 77.12999725341796875 77.09999847412109375 77.160003662109375 77.15000152587890625 77.01999664306640625 76.98999786376953125 77.029998779296875 77 76.84999847412109375 76.81999969482421875 76.84999847412109375 76.720001220703125 76.6699981689453125 76.59999847412109375 76.5500030517578125 76.51999664306640625 76.44000244140625 76.45999908447265625 76.30999755859375 76.01999664306640625 76.31999969482421875 76.0800018310546875 76.1100006103515625 75.839996337890625 76.06999969482421875 76.30999755859375 76.5
77.19000244140625 77.339996337890625 77.3899993896484375 77.1999969482421875 77.3600006103515625 77.4199981689453125 77.34999847412109375 77.31999969482421875 77.51999664306640625 77.529998779296875 77.51999664306640625 77.5800018310546875 77.410003662109375 77.25 77.31999969482421875 77.20999908447265625 77.1399993896484375 77.0800018310546875 77.15000152587890625 77.12000274658203125 77.160003662109375 77 76.95999908447265625 77.089996337890625 77.04000091552734375 76.8899993896484375 76.76999664306640625 76.8300018310546875 76.76000213623046875 76.6699981689453125 76.5800018310546875 76.56999969482421875 76.48000335693359375 76.29000091552734375 76.3300018310546875 76.3600006103515625 76.23999786376953125 76.26999664306640625 76.20999908447265625 76.19000244140625 76.06999969482421875 76.339996337890625
77.40000152587890625 77.40000152587890625 77.31999969482421875 77.51999664306640625 77.3899993896484375 77.44000244140625 77.55999755859375 77.720001220703125 77.70999908447265625 77.779998779296875 77.65000152587890625 77.70999908447265625 77.62000274658203125 77.55999755859375 77.34999847412109375 77.37000274658203125 77.23000335693359375 77.220001220703125 77.160003662109375 77.12999725341796875 77.18000030517578125 77.12999725341796875 77.1100006103515625 77.089996337890625 76.93000030517578125 77.06999969482421875 76.90000152587890625 76.9199981689453125 76.87000274658203125 76.910003662109375 76.6999969482421875 76.73999786376953125 76.779998779296875 76.48000335693359375 76.470001220703125 76.410003662109375 76.470001220703125 76.37000274658203125 76.3899993896484375 76.3000030517578125 76.20999908447265625 76.220001220703125
77.4199981689453125 77.470001220703125 77.5500030517578125 77.6100006103515625 77.48999786376953125 77.69000244140625 77.779998779296875 77.90000152587890625 78.09999847412109375 77.98000335693359375 77.8899993896484375 77.93000030517578125 77.65000152587890625 77.93000030517578125 77.5500030517578125 77.51000213623046875 77.3899993896484375 77.3600006103515625 77.30999755859375 77.279998779296875 77.23000335693359375 77.12999725341796875 77.220001220703125 77.23000335693359375 77.160003662109375 77.01000213623046875 77.05999755859375 77.12999725341796875 77.12000274658203125 76.9499969482421875 76.98000335693359375 76.8899993896484375 76.76000213623046875 76.59999847412109375 76.6999969482421875 76.6699981689453125 76.59999847412109375 76.5 76.48000335693359375 76.3899993896484375 76.3000030517578125 76.3899993896484375
77.6399993896484375 77.6100006103515625 77.8300018310546875 77.76999664306640625 77.76000213623046875 77.95999908447265625 78.0500030517578125 78.12999725341796875 78.279998779296875 78.12000274658203125 78.01999664306640625 77.90000152587890625 77.87999725341796875 77.87999725341796875 77.660003662109375 77.59999847412109375 77.48000335693359375 77.5 77.48999786376953125 77.410003662109375 77.40000152587890625 77.3600006103515625 77.3300018310546875 77.339996337890625 77.26000213623046875 77.279998779296875 77.3899993896484375 77.26000213623046875 77.20999908447265625 76.93000030517578125 77.089996337890625 77.01000213623046875 76.84999847412109375 76.660003662109375 76.95999908447265625 76.87999725341796875 76.69000244140625 76.660003662109375 76.660003662109375 76.65000152587890625 76.5 76.48000335693359375
77.76000213623046875 77.76000213623046875 77.8000030517578125 77.8300018310546875 77.87000274658203125 78.12999725341796875 78.31999969482421875 78.3300018310546875 78.37000274658203125 78.3300018310546875 78.25 78.12999725341796875 78.029998779296875 78.04000091552734375 77.910003662109375 77.84999847412109375 77.779998779296875 77.6999969482421875 77.660003662109375 77.5500030517578125 77.55999755859375 77.54000091552734375 77.54000091552734375 77.51000213623046875 77.5 77.470001220703125 77.40000152587890625 77.40000152587890625 77.23000335693359375 77.12000274658203125 77.26000213623046875 76.98999786376953125 77.1699981689453125 77.1699981689453125 77.1100006103515625 77.04000091552734375 76.9199981689453125 76.87999725341796875 76.839996337890625 76.9199981689453125 76.720001220703125 76.660003662109375
77.779998779296875 77.779998779296875 77.93000030517578125 78.04000091552734375 78.05999755859375 78.3300018310546875 78.4199981689453125 78.529998779296875 78.6399993896484375 78.470001220703125 78.4199981689453125 78.31999969482421875 78.19000244140625 78.1699981689453125 78.18000030517578125 77.910003662109375 77.910003662109375 77.910003662109375 77.839996337890625 77.76000213623046875 77.84999847412109375 77.76999664306640625 77.589996337890625 77.75 77.70999908447265625 77.6999969482421875 77.660003662109375 77.54000091552734375 77.43000030517578125 77.23999786376953125 77.3899993896484375 77.3899993896484375 77.45999908447265625 77.3899993896484375 77.410003662109375 77.339996337890625 77.26999664306640625 77.12000274658203125 77.12000274658203125 77.19000244140625 76.9199981689453125 76.84999847412109375
