wildfire/work/fuelmodels/1745/ahn1.asc
ncols        242
nrows        205
xllcorner    190270.000000000000
yllcorner    453090.000000000000
cellsize     5.000000000000
NODATA_value   -999
[rows 57 to 75 of 205, columns 0 to 41 of 242]
76.9499969482421875 77.029998779296875 77 76.9199981689453125 77.01000213623046875 77.1399993896484375 77.089996337890625 76.910003662109375 77.0500030517578125 77.1399993896484375 77.279998779296875 77.279998779296875 77.279998779296875 77.19000244140625 77.3300018310546875 77.279998779296875 77.160003662109375 77.1399993896484375 77.1399993896484375 77.37000274658203125 77.40000152587890625 77.3000030517578125 77.23999786376953125 77.279998779296875 77.34999847412109375 77.34999847412109375 77.31999969482421875 77.4499969482421875 77.660003662109375 77.529998779296875 77.68000030517578125 77.90000152587890625 77.94000244140625 78.089996337890625 78.339996337890625 78.37000274658203125 78.56999969482421875 78.660003662109375 78.90000152587890625 79.15000152587890625 79.37999725341796875 79.37999725341796875
76.8899993896484375 76.98999786376953125 76.87000274658203125 77.06999969482421875 76.98999786376953125 76.95999908447265625 76.779998779296875 76.9199981689453125 77.029998779296875 77.20999908447265625 77.12999725341796875 77.1399993896484375 77.05999755859375 77.30999755859375 77.31999969482421875 77.31999969482421875 77.23999786376953125 77.37999725341796875 77.01000213623046875 77.339996337890625 77.3899993896484375 77.34999847412109375 77.339996337890625 77.37000274658203125 77.37999725341796875 77.410003662109375 77.40000152587890625 77.43000030517578125 77.6100006103515625 77.62999725341796875 77.73000335693359375 77.87000274658203125 78.05999755859375 77.93000030517578125 78.18000030517578125 78.30999755859375 78.470001220703125 78.68000030517578125 78.84999847412109375 79.1699981689453125 79.3000030517578125 79.48000335693359375
76.720001220703125 76.56999969482421875 76.6399993896484375 76.90000152587890625 77.05999755859375 76.8600006103515625 76.98999786376953125 76.970001220703125 76.98000335693359375 77.1399993896484375 77.01000213623046875 76.9199981689453125 77.12000274658203125 77.26999664306640625 77.12999725341796875 77.29000091552734375 77.12000274658203125 77.1399993896484375 77.01000213623046875 77.18000030517578125 77.23999786376953125 77.37000274658203125 77.3899993896484375 77.4199981689453125 77.44000244140625 77.45999908447265625 77.43000030517578125 77.3899993896484375 77.62000274658203125 77.62000274658203125 77.720001220703125 77.80999755859375 77.910003662109375 78.1399993896484375 78.19000244140625 78.26999664306640625 78.470001220703125 78.6399993896484375 78.84999847412109375 79.3300018310546875 79.3000030517578125 79.51000213623046875
76.65000152587890625 76.720001220703125 76.62000274658203125 76.5800018310546875 76.589996337890625 76.73999786376953125 76.660003662109375 76.779998779296875 76.98000335693359375 76.8300018310546875 76.98999786376953125 77 77.1100006103515625 77.05999755859375 76.8600006103515625 76.98000335693359375 76.94000244140625 77.0800018310546875 77.1100006103515625 77.220001220703125 77.31999969482421875 77.37000274658203125 77.43000030517578125 77.48000335693359375 77.43000030517578125 77.3600006103515625 77.51999664306640625 77.529998779296875 77.470001220703125 77.62999725341796875 77.73000335693359375 77.80999755859375 77.90000152587890625 78.1399993896484375 78.1699981689453125 78.31999969482421875 78.529998779296875 78.62999725341796875 78.839996337890625 79.06999969482421875 79.1999969482421875 79.5
76.45999908447265625 76.48999786376953125 76.339996337890625 76.40000152587890625 76.589996337890625 76.62000274658203125 76.62000274658203125 76.51999664306640625 76.6399993896484375 76.8899993896484375 77 77.01999664306640625 77.09999847412109375 77.12000274658203125 77.06999969482421875 77.09999847412109375 77.1699981689453125 77.05999755859375 77.23999786376953125 77.220001220703125 77.220001220703125 77.31999969482421875 77.43000030517578125 77.410003662109375 77.34999847412109375 77.51000213623046875 77.51999664306640625 77.4199981689453125 77.51000213623046875 77.51000213623046875 77.73000335693359375 77.8600006103515625 77.970001220703125 77.98000335693359375 78.0500030517578125 78.30999755859375 78.43000030517578125 78.59999847412109375 78.68000030517578125 78.81999969482421875 79.19000244140625 79.4499969482421875
76.26000213623046875 76.3000030517578125 76.29000091552734375 76.37999725341796875 76.43000030517578125 76.62999725341796875 76.31999969482421875 76.5 76.6999969482421875 76.69000244140625 76.8899993896484375 76.94000244140625 77.029998779296875 77.12999725341796875 77.09999847412109375 76.95999908447265625 77.1100006103515625 76.970001220703125 77.18000030517578125 77.30999755859375 77.3600006103515625 77.279998779296875 77.34999847412109375 77.37999725341796875 77.45999908447265625 77.5500030517578125 77.51000213623046875 77.69000244140625 77.62000274658203125 77.6699981689453125 77.76000213623046875 77.8300018310546875 77.81999969482421875 78.06999969482421875 78.1999969482421875 78.25 78.4499969482421875 78.54000091552734375 78.6699981689453125 79 79.23000335693359375 79.37000274658203125
76.04000091552734375 76.19000244140625 76.30999755859375 76.3899993896484375 76.51999664306640625 76.48999786376953125 76.56999969482421875 76.59999847412109375 76.95999908447265625 76.8600006103515625 76.98999786376953125 76.76999664306640625 76.8300018310546875 77.05999755859375 77.09999847412109375 76.98000335693359375 77.04000091552734375 77.1699981689453125 77.3000030517578125 77.26000213623046875 77.220001220703125 77.029998779296875 77.37000274658203125 77.470001220703125 77.4499969482421875 77.6399993896484375 77.470001220703125 77.62000274658203125 77.48999786376953125 77.44000244140625 77.75 77.6999969482421875 77.76000213623046875 77.84999847412109375 78 78.26999664306640625 78.40000152587890625 78.54000091552734375 78.73999786376953125 78.8300018310546875 79.0800018310546875 79.1999969482421875
76.1100006103515625 76.29000091552734375 76.37000274658203125 76.3600006103515625 76.3300018310546875 76.3899993896484375 76.589996337890625 76.69000244140625 76.8899993896484375 77.04000091552734375 76.95999908447265625 76.84999847412109375 77 76.98999786376953125 76.98000335693359375 77.09999847412109375 77.089996337890625 77.01000213623046875 77.12000274658203125 77.1999969482421875 77.15000152587890625 77.37999725341796875 77.45999908447265625 77.51999664306640625 77.4499969482421875 77.4199981689453125 77.56999969482421875 77.3600006103515625 77.4199981689453125 77.37999725341796875 77.68000030517578125 77.76000213623046875 77.8300018310546875 77.73999786376953125 77.87999725341796875 78.18000030517578125 78.43000030517578125 78.6399993896484375 78.75 78.98999786376953125 79.01999664306640625 79.18000030517578125
76.1699981689453125 76.1699981689453125 76.30999755859375 76.410003662109375 76.23000335693359375 76.5800018310546875 76.73000335693359375 76.90000152587890625 76.98999786376953125 76.93000030517578125 76.94000244140625 76.94000244140625 76.8600006103515625 76.910003662109375 77.1100006103515625 77.0500030517578125 77.12999725341796875 77.220001220703125 77.04000091552734375 77.12000274658203125 77.0800018310546875 77.3000030517578125 77.26999664306640625 77.40000152587890625 77.4499969482421875 77.34999847412109375 77.68000030517578125 77.65000152587890625 77.54000091552734375 77.51000213623046875 77.75 77.8000030517578125 77.80999755859375 77.87000274658203125 77.98000335693359375 78.0500030517578125 78.339996337890625 78.48000335693359375 78.56999969482421875 78.589996337890625 78.8300018310546875 78.75
76.01000213623046875 75.87000274658203125 76.470001220703125 76.5500030517578125 76.529998779296875 76.73000335693359375 76.87000274658203125 76.910003662109375 76.9199981689453125 76.9199981689453125 76.90000152587890625 76.8600006103515625 76.8899993896484375 77.0500030517578125 76.9499969482421875 76.76999664306640625 77.18000030517578125 77.19000244140625 77.29000091552734375 77.23000335693359375 77.1999969482421875 77.220001220703125 77.410003662109375 77.4499969482421875 77.31999969482421875 77.3000030517578125 77.4499969482421875 77.48999786376953125 77.62000274658203125 77.8000030517578125 77.79000091552734375 77.779998779296875 77.87999725341796875 77.94000244140625 78.05999755859375 78.12000274658203125 78.30999755859375 78.470001220703125 78.529998779296875 78.70999908447265625 78.81999969482421875 78.98999786376953125
76.1699981689453125 76.279998779296875 76.56999969482421875 76.54000091552734375 76.51999664306640625 76.8600006103515625 76.93000030517578125 76.910003662109375 76.81999969482421875 76.98999786376953125 77.06999969482421875 76.9499969482421875 76.970001220703125 77.09999847412109375 77.23999786376953125 77 77.05999755859375 77.12000274658203125 77.029998779296875 77.26000213623046875 77.44000244140625 77.40000152587890625 77.3899993896484375 77.410003662109375 77.5 77.44000244140625 77.62999725341796875 77.51999664306640625 77.69000244140625 77.81999969482421875 77.8300018310546875 77.76000213623046875 77.8899993896484375 77.98999786376953125 78.09999847412109375 78.20999908447265625 78.29000091552734375 78.43000030517578125 78.43000030517578125 78.589996337890625 78.660003662109375 79
76.3899993896484375 76.5800018310546875 76.4499969482421875 76.65000152587890625 76.8300018310546875 76.84999847412109375 76.8899993896484375 76.9199981689453125 76.9499969482421875 76.81999969482421875 76.87999725341796875 77 77 77.029998779296875 77.12000274658203125 77.01000213623046875 77.12999725341796875 77.23000335693359375 77.37000274658203125 77.29000091552734375 77.339996337890625 77.44000244140625 77.4199981689453125 77.5 77.45999908447265625 77.660003662109375 77.59999847412109375 77.73000335693359375 77.75 77.779998779296875 77.8000030517578125 77.87000274658203125 77.87999725341796875 77.79000091552734375 77.970001220703125 78.23999786376953125 78.26999664306640625 78.410003662109375 78.48000335693359375 78.48999786376953125 78.73999786376953125 78.76999664306640625
76.589996337890625 76.6699981689453125 76.69000244140625 76.84999847412109375 76.9499969482421875 76.8899993896484375 76.90000152587890625 76.98999786376953125 77.06999969482421875 77 76.98000335693359375 77.12999725341796875 77.1999969482421875 77.19000244140625 76.94000244140625 77.1699981689453125 77.23000335693359375 77.1699981689453125 77.23999786376953125 77.29000091552734375 77.51000213623046875 77.3899993896484375 77.410003662109375 77.4199981689453125 77.48000335693359375 77.6100006103515625 77.6699981689453125 77.84999847412109375 77.79000091552734375 77.81999969482421875 78.0500030517578125 77.98000335693359375 78.0500030517578125 77.87999725341796875 78 78.29000091552734375 78.26999664306640625 78.4199981689453125 78.51000213623046875 78.48999786376953125 78.589996337890625 78.65000152587890625
76.720001220703125 76.87000274658203125 76.65000152587890625 76.87999725341796875 76.94000244140625 77.04000091552734375 77.06999969482421875 77.12000274658203125 77.12999725341796875 77.12999725341796875 77.06999969482421875 77.1100006103515625 77.26999664306640625 77.279998779296875 77.15000152587890625 77.1100006103515625 77.06999969482421875 77.04000091552734375 77.26000213623046875 77.37999725341796875 77.3000030517578125 77.48000335693359375 77.43000030517578125 77.54000091552734375 77.5800018310546875 77.59999847412109375 77.70999908447265625 77.69000244140625 77.839996337890625 77.87000274658203125 77.90000152587890625 77.95999908447265625 78.01000213623046875 77.98000335693359375 78.0800018310546875 78.1699981689453125 78.26999664306640625 78.410003662109375 78.48000335693359375 78.48999786376953125 78.529998779296875 78.62999725341796875
77.01000213623046875 76.8000030517578125 76.970001220703125 77.1699981689453125 77.26999664306640625 77.25 77.15000152587890625 77.089996337890625 77.19000244140625 77.12000274658203125 77.12999725341796875 77.3300018310546875 77.3600006103515625 77.3300018310546875 77.4199981689453125 77.30999755859375 77.44000244140625 77.3600006103515625 77.23999786376953125 77.30999755859375 77.3300018310546875 77.410003662109375 77.5 77.51999664306640625 77.51999664306640625 77.48999786376953125 77.62999725341796875 77.529998779296875 77.70999908447265625 77.6100006103515625 77.98999786376953125 77.98000335693359375 78.01999664306640625 78.01000213623046875 78.089996337890625 78.18000030517578125 78.3300018310546875 78.40000152587890625 78.4499969482421875 78.48000335693359375 78.26999664306640625 78.5500030517578125
76.6100006103515625 77.0500030517578125 77.30999755859375 77.279998779296875 77.279998779296875 77.23000335693359375 77.4499969482421875 77.470001220703125 77.20999908447265625 77.25 77.19000244140625 77.410003662109375 77.3300018310546875 77.37000274658203125 77.339996337890625 77.3300018310546875 77.339996337890625 77.40000152587890625 77.31999969482421875 77.3899993896484375 77.529998779296875 77.45999908447265625 77.37999725341796875 77.44000244140625 77.5500030517578125 77.48999786376953125 77.62000274658203125 77.6999969482421875 77.79000091552734375 77.779998779296875 78.12000274658203125 77.98000335693359375 77.970001220703125 78.1699981689453125 78.09999847412109375 78.15000152587890625 78.30999755859375 78.30999755859375 78.45999908447265625 78.54000091552734375 78.6100006103515625 78.6699981689453125
76.9199981689453125 77.4199981689453125 77.410003662109375 77.20999908447265625 77.26000213623046875 77.470001220703125 77.220001220703125 77.23999786376953125 77.4199981689453125 77.4199981689453125 77.3899993896484375 77.45999908447265625 77.43000030517578125 77.4499969482421875 77.51000213623046875 77.44000244140625 77.4199981689453125 77.45999908447265625 77.44000244140625 77.45999908447265625 77.339996337890625 77.4499969482421875 77.5 77.529998779296875 77.70999908447265625 77.76000213623046875 77.6100006103515625 77.80999755859375 77.8899993896484375 77.94000244140625 77.970001220703125 78 78.04000091552734375 78.0800018310546875 78.160003662109375 78.339996337890625 78.4199981689453125 78.44000244140625 78.4499969482421875 78.43000030517578125 78.51000213623046875 78.62000274658203125
77 77.160003662109375 77.3300018310546875 77.30999755859375 77.3600006103515625 77.529998779296875 77.51999664306640625 77.5500030517578125 77.589996337890625 77.43000030517578125 77.44000244140625 77.6100006103515625 77.54000091552734375 77.55999755859375 77.59999847412109375 77.3600006103515625 77.5 77.720001220703125 77.589996337890625 77.51999664306640625 77.54000091552734375 77.470001220703125 77.59999847412109375 77.6699981689453125 77.779998779296875 77.81999969482421875 77.8600006103515625 77.87999725341796875 77.80999755859375 77.54000091552734375 77.98999786376953125 77.98999786376953125 78.0500030517578125 78.06999969482421875 78.1399993896484375 78.12999725341796875 78.23000335693359375 78.220001220703125 78.30999755859375 78.470001220703125 78.62999725341796875 78.59999847412109375
76.95999908447265625 77.20999908447265625 77.25 77.4499969482421875 77.55999755859375 77.6100006103515625 77.6100006103515625 77.65000152587890625 77.55999755859375 77.6100006103515625 77.62000274658203125 77.80999755859375 77.720001220703125 77.70999908447265625 77.81999969482421875 77.48999786376953125 77.51999664306640625 77.65000152587890625 77.6399993896484375 77.6100006103515625 77.59999847412109375 77.79000091552734375 77.720001220703125 77.69000244140625 77.84999847412109375 77.8000030517578125 77.94000244140625 77.94000244140625 77.80999755859375 77.8300018310546875 77.970001220703125 77.98999786376953125 78.089996337890625 78.12999725341796875 78.160003662109375 78.160003662109375 78.23999786376953125 78.20999908447265625 78.40000152587890625 78.62999725341796875 78.529998779296875 78.59999847412109375
