wildfire/work/fuelmodels/1745/aspect.asc
ncols        242
nrows        205
xllcorner    190270.000000000000
yllcorner    453090.000000000000
cellsize     5.000000000000
NODATA_value   -999
[rows 0 to 18 of 205, columns 42 to 83 of 242]
0 0 0 0 0 0 0 0 0 0 0 0 0 0 0 0 0 0 0 0 0 0 0 0 0 0 0 0 0 0 0 0 0 0 0 0 0 0 0 0 0 0
60.75032806396484375 55.538700103759765625 42.731884002685546875 20.62970733642578125 30.735630035400390625 61.189022064208984375 119.248443603515625 104.85813140869140625 70.559326171875 76.37298583984375 65.7266082763671875 38.659770965576171875 21.929613113403320312 340.27716064453125 24.928331375122070312 36.9948272705078125 23.962207794189453125 30.9633636474609375 26.147012710571289062 22.379911422729492188 50.19380950927734375 41.248138427734375 29.054534912109375 17.8780975341796875 263.648529052734375 135.909942626953125 95.52776336669921875 308.5167236328125 27.896497726440429688 77.0048370361328125 294.443145751953125 0.0011503994464874267578 68.63054656982421875 84.61096954345703125 98.35408782958984375 98.9722900390625 95.85562896728515625 97.6600799560546875 98.1298675537109375 93.613739013671875 76.06493377685546875 55.00748443603515625
66.64496612548828125 57.26471710205078125 24.53783416748046875 26.0952606201171875 66.88968658447265625 79.6952972412109375 90.74456787109375 118.30609893798828125 75.34435272216796875 67.319549560546875 14.184290885925292969 358.18048095703125 28.156095504760742188 28.83513641357421875 66.80081939697265625 54.781368255615234375 61.4585418701171875 88.3603668212890625 128.6531219482421875 107.019439697265625 117.75855255126953125 84.2881317138671875 356.3084716796875 350.66400146484375 39.84780120849609375 40.854999542236328125 343.84161376953125 355.072540283203125 7.7918601036071777344 13.695512771606445312 346.6605224609375 23.96434783935546875 80.05884552001953125 88.36286163330078125 97.841339111328125 100.0490570068359375 99.4619140625 101.99273681640625 97.55593109130859375 83.33313751220703125 68.58673095703125 46.636199951171875
56.888797760009765625 24.253170013427734375 33.530605316162109375 79.85398101806640625 89.99951171875 63.434665679931640625 40.914318084716796875 42.916900634765625 39.092533111572265625 28.23693084716796875 10.09746551513671875 5.4120678901672363281 45.806995391845703125 45.65059661865234375 36.674671173095703125 17.56037139892578125 48.317173004150390625 53.97214508056640625 11.312147140502929688 71.05400848388671875 83.3687896728515625 346.605377197265625 316.735321044921875 321.95257568359375 51.91089630126953125 24.381551742553710938 336.594390869140625 7.2371006011962890625 3.6326732635498046875 10.348602294921875 21.125820159912109375 59.53423309326171875 95.905731201171875 107.85987091064453125 113.3620758056640625 112.06789398193359375 111.57099151611328125 107.4795074462890625 94.9859619140625 75.25611114501953125 45.76337432861328125 12.994367599487304688
11.7935028076171875 20.491952896118164062 55.244548797607421875 69.3046722412109375 59.4701385498046875 34.57949066162109375 55.78397369384765625 76.73291778564453125 326.767974853515625 353.658355712890625 44.011928558349609375 35.961643218994140625 57.2254638671875 54.61963653564453125 34.695537567138671875 34.018962860107421875 43.33861541748046875 37.170749664306640625 23.552957534790039062 86.5756072998046875 116.56380462646484375 300.962890625 319.572998046875 309.172454833984375 69.38668060302734375 25.709926605224609375 332.197967529296875 0.86790394783020019531 6.6132955551147460938 24.677032470703125 58.465389251708984375 90.4892120361328125 98.930450439453125 96.21543121337890625 94.51357269287109375 89.16928863525390625 85.84600067138671875 79.7290191650390625 75.34302520751953125 60.332920074462890625 16.031789779663085938 350.985870361328125
7.4316339492797851562 44.105205535888671875 60.9456634521484375 68.539947509765625 52.028621673583984375 35.810932159423828125 58.348529815673828125 37.19358062744140625 353.73992919921875 11.546895980834960938 57.3397064208984375 55.71514892578125 90.56717681884765625 113.40478515625 144.463165283203125 47.436161041259765625 31.607240676879882812 34.144069671630859375 52.90758514404296875 56.200893402099609375 0 322.38519287109375 335.6954345703125 330.949554443359375 57.5291900634765625 350.705413818359375 335.49664306640625 3.1060042381286621094 25.292074203491210938 54.593231201171875 74.16759490966796875 77.38033294677734375 74.88626861572265625 75.40323638916015625 70.41888427734375 72.0718231201171875 69.6050262451171875 61.50417327880859375 57.470401763916015625 33.835514068603515625 355.4246826171875 328.78057861328125
27.511774063110351562 45.773681640625 74.38864898681640625 92.429046630859375 89.99887847900390625 41.985301971435546875 42.662548065185546875 12.072173118591308594 13.877463340759277344 30.964221954345703125 34.74877166748046875 30.352893829345703125 47.578800201416015625 39.472126007080078125 344.9532470703125 5.7623138427734375 23.44310760498046875 49.23665618896484375 51.66629791259765625 5.26265716552734375 355.8013916015625 0.36916023492813110352 18.435665130615234375 34.695770263671875 332.7442626953125 328.589752197265625 338.19757080078125 25.866411209106445312 57.03020477294921875 69.4438934326171875 72.33216094970703125 65.82794189453125 68.90732574462890625 73.7147674560546875 67.5427093505859375 67.1840057373046875 62.185420989990234375 55.397083282470703125 52.6963348388671875 24.274608612060546875 343.7855224609375 327.067169189453125
46.908977508544921875 59.225284576416015625 74.74439239501953125 72.9667816162109375 16.858028411865234375 19.982210159301757812 33.689990997314453125 6.1702556610107421875 45.774272918701171875 38.659481048583984375 14.905385971069335938 16.587339401245117188 24.958734512329101562 22.278350830078125 11.049123764038085938 16.314029693603515625 42.989917755126953125 42.426483154296875 21.4342498779296875 352.438079833984375 0 35.53707122802734375 19.15572357177734375 15.604047775268554688 329.335296630859375 323.7015380859375 358.875640869140625 41.477710723876953125 69.4438934326171875 81.41643524169921875 84.88895416259765625 80.77533721923828125 80.7886505126953125 72.9509124755859375 60.66222381591796875 65.44982147216796875 61.284595489501953125 49.398590087890625 45.00026702880859375 18.1591796875 329.595703125 315.46142578125
83.77417755126953125 77.0930938720703125 68.051727294921875 52.294239044189453125 5.9644637107849121094 17.87853240966796875 19.04132080078125 7.0581736564636230469 44.349193572998046875 42.39676666259765625 358.31475830078125 2.0826108455657958984 26.124959945678710938 42.397129058837890625 54.840793609619140625 52.252902984619140625 44.999897003173828125 30.203968048095703125 20.695062637329101562 20.8540191650390625 12.200623512268066406 14.8861541748046875 14.198555946350097656 8.9722747802734375 328.570159912109375 323.03515625 12.142937660217285156 56.022830963134765625 79.99172210693359375 101.14859771728515625 110.2730560302734375 98.9738616943359375 79.73555755615234375 67.145355224609375 65.62328338623046875 63.58277130126953125 51.51944732666015625 40.91443634033203125 28.35486602783203125 10.678692817687988281 342.800750732421875 320.068359375
70.2530517578125 42.646686553955078125 34.99188995361328125 40.088085174560546875 9.6052122116088867188 9.210903167724609375 20.394916534423828125 15.884131431579589844 48.366222381591796875 69.49863433837890625 298.60797119140625 312.824066162109375 3.8136792182922363281 26.0379638671875 24.211847305297851562 17.34267425537109375 22.619985580444335938 24.37665557861328125 29.180187225341796875 42.83832550048828125 7.2532057762145996094 357.929229736328125 14.859174728393554688 356.11077880859375 330.667266845703125 335.955291748046875 53.1291046142578125 77.09276580810546875 78.27472686767578125 71.79578399658203125 58.2010345458984375 64.3976898193359375 71.22198486328125 49.455326080322265625 51.940448760986328125 49.843776702880859375 43.54360198974609375 34.99188995361328125 10.590939521789550781 354.25506591796875 347.798980712890625 341.900238037109375
16.699504852294921875 12.862390518188476562 17.127567291259765625 34.522380828857421875 24.88021087646484375 28.610300064086914062 76.607086181640625 55.95195770263671875 59.885395050048828125 58.458782196044921875 335.2816162109375 317.12017822265625 341.0408935546875 4.5278649330139160156 13.551306724548339844 16.059942245483398438 28.401838302612304688 30.89989471435546875 20.056118011474609375 33.037799835205078125 18.434906005859375 332.0191650390625 5.9476656913757324219 7.7653474807739257812 336.797607421875 167.470550537109375 135.001007080078125 95.63166046142578125 59.19944000244140625 41.7950286865234375 34.131488800048828125 37.11644744873046875 36.606685638427734375 30.81549072265625 45.50258636474609375 38.558673858642578125 36.621143341064453125 32.674774169921875 10.804005622863769531 333.262359619140625 336.897796630859375 349.889739990234375
351.38433837890625 14.656698226928710938 28.412195205688476562 52.5122222900390625 39.114017486572265625 47.98198699951171875 69.775726318359375 39.804042816162109375 56.51374053955078125 27.646402359008789062 330.523345947265625 317.693603515625 329.405975341796875 357.222564697265625 19.0535888671875 31.301218032836914062 50.4485015869140625 54.706485748291015625 31.446077346801757812 27.620624542236328125 22.011156082153320312 6.225528717041015625 356.186279296875 56.592098236083984375 90.88071441650390625 149.035888671875 147.6805267333984375 136.7357025146484375 39.2923431396484375 60.75128173828125 60.561061859130859375 42.3050384521484375 31.896974563598632812 31.60772705078125 40.314083099365234375 40.322277069091796875 48.012172698974609375 33.917224884033203125 9.7827482223510742188 337.2242431640625 331.69879150390625 346.65032958984375
263.652801513671875 86.1849517822265625 47.862949371337890625 63.138545989990234375 57.72493743896484375 63.825084686279296875 47.806438446044921875 10.387923240661621094 16.7822418212890625 350.594268798828125 313.201324462890625 302.931488037109375 307.916046142578125 343.950347900390625 71.98796844482421875 91.52062225341796875 95.53675079345703125 82.66109466552734375 33.817897796630859375 15.889969825744628906 32.716167449951171875 38.774322509765625 21.802112579345703125 47.2901153564453125 61.698352813720703125 69.775543212890625 104.0377960205078125 307.87225341796875 329.0364990234375 91.352935791015625 107.76496124267578125 111.372222900390625 26.564989089965820312 40.426349639892578125 46.847537994384765625 44.474147796630859375 49.885051727294921875 18.166265487670898438 357.599212646484375 351.95623779296875 345.48785400390625 346.404296875
175.601654052734375 290.223876953125 358.40887451171875 25.441270828247070312 39.80523681640625 38.784297943115234375 12.994737625122070312 8.5985727310180664062 6.7095723152160644531 349.748046875 299.892913818359375 274.697845458984375 237.3614654541015625 165.5789031982421875 136.8302154541015625 122.9842376708984375 111.69509124755859375 71.3282470703125 24.145420074462890625 29.604831695556640625 52.12529754638671875 48.366626739501953125 35.425750732421875 45.88082122802734375 59.420719146728515625 51.520336151123046875 35.869426727294921875 343.8856201171875 12.996060371398925781 86.774871826171875 85.60086822509765625 243.4343719482421875 290.221832275390625 67.01132965087890625 74.96172332763671875 58.671092987060546875 27.937116622924804688 5.0337405204772949219 355.41302490234375 355.178436279296875 348.688812255859375 351.98193359375
255.9644622802734375 279.4610595703125 314.999267578125 9.6591596603393554688 26.726963043212890625 20.908166885375976562 6.6489901542663574219 20.798700332641601562 5.5273470878601074219 356.366119384765625 303.330352783203125 268.393218994140625 223.7538604736328125 128.6598968505859375 125.0615081787109375 117.552215576171875 81.313079833984375 22.781520843505859375 3.5559532642364501953 26.3333282470703125 29.82007598876953125 39.3361053466796875 49.004009246826171875 53.85807037353515625 45.807003021240234375 31.8429718017578125 25.483675003051757812 17.197935104370117188 47.8628387451171875 76.65106964111328125 56.440837860107421875 352.805450439453125 0.68989491462707519531 65.32266998291015625 87.2356414794921875 77.9043121337890625 333.434783935546875 358.1746826171875 358.36248779296875 1.3639552593231201172 353.40191650390625 0
337.714508056640625 301.551483154296875 269.1922607421875 285.25177001953125 42.878326416015625 40.601970672607421875 25.942815780639648438 35.2720794677734375 9.582118988037109375 350.073028564453125 326.97540283203125 278.488189697265625 210.96295166015625 103.8241729736328125 90.44043731689453125 27.377964019775390625 10.850050926208496094 354.680419921875 352.195068359375 18.950471878051757812 28.5594940185546875 44.39371490478515625 55.4603118896484375 53.403583526611328125 36.253147125244140625 31.60739898681640625 22.889728546142578125 16.073270797729492188 28.673641204833984375 40.985637664794921875 22.296834945678710938 5.6173348426818847656 48.87778472900390625 69.14485931396484375 72.2692718505859375 23.405307769775390625 308.862579345703125 347.398956298828125 346.503143310546875 356.681304931640625 8.0110063552856445312 14.036639213562011719
0.72481644153594970703 335.774169921875 273.182281494140625 185.19525146484375 207.25604248046875 354.806396484375 15.376608848571777344 18.434421539306640625 20.322284698486328125 356.63330078125 318.576385498046875 279.461273193359375 165.7835845947265625 111.50128173828125 62.50063323974609375 349.088531494140625 339.948822021484375 345.32586669921875 358.00323486328125 27.984035491943359375 48.856533050537109375 59.756072998046875 56.73863983154296875 43.967433929443359375 28.29973602294921875 22.9319915771484375 5.6173348426818847656 13.061228752136230469 25.308349609375 27.254983901977539062 15.473520278930664062 37.019775390625 48.99066925048828125 20.501157760620117188 32.0927581787109375 5.9644412994384765625 336.888916015625 352.568450927734375 351.303253173828125 340.01513671875 46.549579620361328125 15.101145744323730469
20.878692626953125 351.7025146484375 351.72314453125 10.713427543640136719 338.095550537109375 335.18499755859375 6.4702267646789550781 12.464793205261230469 32.228687286376953125 19.698858261108398438 331.389862060546875 65.5546875 69.77391815185546875 46.101001739501953125 27.0308990478515625 337.479217529296875 305.196746826171875 323.08349609375 28.421535491943359375 67.0677490234375 86.1430206298828125 85.57154083251953125 58.695667266845703125 43.602420806884765625 33.68943023681640625 10.34903717041015625 1.3321694135665893555 24.2904052734375 26.333154678344726562 26.995700836181640625 30.191736221313476562 33.326549530029296875 21.501129150390625 8.9724636077880859375 16.294231414794921875 9.7276134490966796875 2.0702288150787353516 3.5451605319976806641 16.762479782104492188 11.689716339111328125 58.325054168701171875 332.35137939453125
1.5914735794067382812 353.2537841796875 352.463836669921875 8.0464382171630859375 4.6352782249450683594 344.62225341796875 348.95849609375 19.840948104858398438 38.660182952880859375 18.033847808837890625 15.75124359130859375 41.099590301513671875 27.120086669921875 12.030995368957519531 2.8914673328399658203 333.777191162109375 296.871673583984375 283.9111328125 103.46506500244140625 95.0569610595703125 87.3330535888671875 78.16812896728515625 43.712795257568359375 41.6049957275390625 29.054485321044921875 7.2842841148376464844 0.45810359716415405273 35.632694244384765625 41.86348724365234375 21.140344619750976562 35.07375335693359375 33.834407806396484375 28.161746978759765625 2.2027759552001953125 10.074728012084960938 27.864164352416992188 20.179574966430664062 26.81000518798828125 17.592218399047851562 7.0584316253662109375 38.659343719482421875 4.8435153961181640625
