wildfire/work/fuelmodels/1745/aspect.asc
ncols        242
nrows        205
xllcorner    190270.000000000000
yllcorner    453090.000000000000
cellsize     5.000000000000
NODATA_value   -999
[rows 76 to 94 of 205, columns 126 to 167 of 242]
250.34552001953125 234.071044921875 230.927032470703125 221.555145263671875 206.648468017578125 215.402618408203125 199.518768310546875 188.3655853271484375 266.34698486328125 327.21539306640625 357.413665771484375 340.687408447265625 315.987213134765625 333.433074951171875 4.3982834815979003906 331.926788330078125 342.2835693359375 5.8863697052001953125 350.325439453125 344.591522216796875 330.94561767578125 319.843505859375 349.741790771484375 7.2056250572204589844 23.907865524291992188 32.327716827392578125 32.257755279541015625 21.186113357543945312 13.570525169372558594 10.996339797973632812 5.6222338676452636719 14.845464706420898438 28.03386688232421875 30.483219146728515625 23.629632949829101562 31.907045364379882812 56.94355010986328125 50.600383758544921875 25.942569732666015625 51.399028778076171875 47.650753021240234375 25.346479415893554688
222.562774658203125 190.86376953125 206.485687255859375 208.4947967529296875 223.4371185302734375 258.387664794921875 298.60943603515625 332.743621826171875 297.433837890625 284.034881591796875 157.6215667724609375 244.443511962890625 302.660888671875 332.85888671875 353.971405029296875 342.64556884765625 332.722442626953125 5.8700251579284667969 4.1271109580993652344 348.451904296875 353.659515380859375 316.023284912109375 313.958221435546875 44.9979095458984375 51.482326507568359375 30.547624588012695312 31.054355621337890625 24.724454879760742188 24.06555938720703125 20.44457244873046875 15.524184226989746094 20.112545013427734375 25.21903228759765625 40.16330718994140625 56.767902374267578125 70.9736480712890625 54.727313995361328125 33.90723419189453125 25.345851898193359375 63.224720001220703125 47.021175384521484375 26.564989089965820312
190.0450897216796875 188.343505859375 241.843017578125 265.34918212890625 277.233428955078125 272.99346923828125 245.0254974365234375 230.023681640625 251.7955322265625 261.304046630859375 359.996246337890625 318.574981689453125 306.134674072265625 318.32635498046875 345.5777587890625 336.448486328125 285.752685546875 348.6917724609375 348.023162841796875 345.139984130859375 9.5542173385620117188 333.434417724609375 314.999267578125 135.00048828125 258.690216064453125 352.626434326171875 30.963968276977539062 24.549970626831054688 36.313232421875 35.852779388427734375 14.444005966186523438 19.88504791259765625 34.894886016845703125 54.385257720947265625 53.31475830078125 28.739482879638671875 11.6732025146484375 30.411043167114257812 44.999897003173828125 75.101409912109375 82.87546539306640625 27.254377365112304688
207.89630126953125 283.850311279296875 304.823516845703125 294.77484130859375 258.689727783203125 237.70672607421875 225.3893280029296875 242.9810028076171875 257.0050048828125 264.154937744140625 306.527313232421875 313.2890625 288.12896728515625 283.670013427734375 340.013397216796875 44.999897003173828125 263.1568603515625 299.744659423828125 330.14044189453125 349.2362060546875 8.4091644287109375 16.7631072998046875 64.1784515380859375 34.56130218505859375 307.953033447265625 328.1339111328125 19.093576431274414062 14.815716743469238281 37.18468475341796875 28.951259613037109375 9.9040317535400390625 29.119756698608398438 54.71279144287109375 58.7714080810546875 36.5910491943359375 20.99245452880859375 23.394010543823242188 50.469158172607421875 55.620311737060546875 63.020008087158203125 57.450328826904296875 341.00115966796875
271.395782470703125 273.953643798828125 268.767364501953125 243.18804931640625 241.226531982421875 248.07513427734375 259.379608154296875 269.999114990234375 271.6173095703125 269.999053955078125 267.454071044921875 276.51934814453125 278.3099365234375 270.854644775390625 258.690582275390625 76.60845184326171875 304.9903564453125 291.630218505859375 299.167449951171875 339.22650146484375 4.6364045143127441406 38.570468902587890625 48.666748046875 352.693572998046875 310.17803955078125 329.930145263671875 356.75958251953125 3.7149572372436523438 19.872592926025390625 17.054788589477539062 27.45644378662109375 47.704662322998046875 65.40955352783203125 59.03598785400390625 18.072481155395507812 45.609073638916015625 73.30118560791015625 74.83628082275390625 48.41717529296875 37.14644622802734375 38.378902435302734375 358.85272216796875
288.91326904296875 291.9481201171875 287.506622314453125 287.8486328125 271.590240478515625 260.16583251953125 248.322174072265625 244.3228912353515625 252.6125335693359375 253.10565185546875 252.93682861328125 268.26373291015625 279.1175537109375 265.030548095703125 251.5654449462890625 37.878932952880859375 287.24005126953125 276.22491455078125 279.271697998046875 312.9892578125 351.701995849609375 31.4290008544921875 37.36719512939453125 353.540496826171875 323.128631591796875 339.225982666015625 351.868865966796875 342.12060546875 340.066925048828125 37.8748931884765625 67.03582000732421875 61.220058441162109375 58.7529449462890625 36.1799163818359375 9.9045343399047851562 55.26087188720703125 76.328643798828125 62.7012481689453125 15.689966201782226562 46.97473907470703125 87.0312347412109375 138.1217498779296875
303.0880126953125 288.242279052734375 290.60626220703125 310.426116943359375 282.47467041015625 256.2314453125 243.0829620361328125 242.63616943359375 237.492095947265625 225.8177947998046875 233.9235687255859375 252.758209228515625 258.689666748046875 248.4973602294921875 264.803863525390625 320.711578369140625 276.33892822265625 271.973968505859375 284.787445068359375 300.017303466796875 335.723541259765625 50.012607574462890625 32.735809326171875 351.356658935546875 349.236480712890625 353.925872802734375 8.6155500411987304688 353.158203125 235.489837646484375 104.4704742431640625 67.78253173828125 59.036548614501953125 54.3021392822265625 27.216564178466796875 23.299739837646484375 62.40262603759765625 75.84661102294921875 54.0402374267578125 330.94317626953125 72.59694671630859375 81.2536468505859375 73.8556671142578125
260.6397705078125 247.6194610595703125 237.828155517578125 231.0537261962890625 252.93682861328125 256.218048095703125 257.10601806640625 252.87786865234375 241.27581787109375 235.1086883544921875 237.4391937255859375 239.3224334716796875 231.8914794921875 237.0107269287109375 261.0272216796875 285.946990966796875 304.38031005859375 277.695526123046875 267.93914794921875 268.22796630859375 296.563873291015625 19.438678741455078125 12.355383872985839844 345.69976806640625 5.572841644287109375 356.818603515625 8.8419618606567382812 27.963123321533203125 349.04412841796875 11.040037155151367188 48.50323486328125 60.88350677490234375 45.57251739501953125 35.193927764892578125 68.96222686767578125 83.59235382080078125 72.3953704833984375 42.852954864501953125 340.4049072265625 58.172454833984375 52.568370819091796875 12.495699882507324219
229.8206787109375 247.6637420654296875 241.188446044921875 238.86907958984375 244.6981658935546875 248.8238067626953125 255.2560882568359375 251.7569122314453125 241.5202484130859375 236.749267578125 246.7265625 256.8746337890625 256.606719970703125 258.439788818359375 267.50994873046875 288.43426513671875 304.694915771484375 278.129730224609375 273.60076904296875 285.1722412109375 313.407806396484375 349.344268798828125 16.019985198974609375 356.987457275390625 359.309783935546875 351.178863525390625 9.4622344970703125 26.564989089965820312 355.363128662109375 24.92778778076171875 62.265949249267578125 43.9584503173828125 25.3459625244140625 32.517444610595703125 58.480640411376953125 51.19342041015625 37.2191314697265625 30.963750839233398438 7.7826747894287109375 62.06295013427734375 73.7572021484375 355.912689208984375
257.30615234375 253.8659515380859375 252.4735565185546875 248.3846893310546875 240.068023681640625 237.01116943359375 247.5832366943359375 252.6059722900390625 249.8866424560546875 250.39508056640625 255.119537353515625 257.668212890625 258.0474853515625 258.46453857421875 260.072601318359375 277.0450439453125 313.754608154296875 307.14727783203125 281.309783935546875 274.332275390625 279.196685791015625 313.314239501953125 36.2539215087890625 37.6486968994140625 312.8785400390625 337.98828125 53.93045806884765625 96.765869140625 160.114715576171875 135.0007171630859375 77.47229766845703125 34.99306488037109375 35.7891387939453125 51.8014678955078125 53.914730072021484375 33.770862579345703125 36.929965972900390625 49.460437774658203125 33.689594268798828125 57.4333343505859375 44.999897003173828125 9.566287994384765625
266.49603271484375 268.1810302734375 272.446197509765625 266.709442138671875 247.1651458740234375 252.7575225830078125 263.72796630859375 259.86151123046875 251.564453125 246.6996307373046875 237.438812255859375 235.41339111328125 232.1712799072265625 234.9122161865234375 243.6669158935546875 257.57421875 278.65185546875 308.6591796875 284.321441650390625 264.2890625 259.65106201171875 266.0540771484375 50.711772918701171875 61.85950469970703125 275.47601318359375 264.399627685546875 83.3205413818359375 83.53035736083984375 93.574249267578125 83.65587615966796875 104.41973114013671875 131.053680419921875 117.12116241455078125 79.85381317138671875 61.58666229248046875 43.246570587158203125 55.850086212158203125 66.4764404296875 57.608303070068359375 48.576053619384765625 39.3361053466796875 41.922260284423828125
265.601165771484375 261.740325927734375 264.4168701171875 269.213775634765625 273.3646240234375 269.998992919921875 257.88079833984375 242.9122467041015625 235.987945556640625 227.062957763671875 228.690948486328125 240.19500732421875 240.3758392333984375 241.0659637451171875 249.537322998046875 259.694366455078125 263.757110595703125 269.999359130859375 278.36566162109375 269.999359130859375 261.134368896484375 248.197998046875 179.9995880126953125 47.600917816162109375 302.470489501953125 271.3968505859375 93.21442413330078125 70.76837921142578125 11.002280235290527344 57.99466705322265625 105.94463348388671875 115.557952880859375 65.5546875 52.942165374755859375 50.856037139892578125 51.870792388916015625 67.9492950439453125 69.444061279296875 68.772003173828125 70.01561737060546875 67.42546844482421875 67.89020538330078125
276.604248046875 268.19073486328125 251.8337249755859375 250.1589202880859375 268.602447509765625 251.5651702880859375 236.650421142578125 233.70672607421875 231.154205322265625 228.575653076171875 236.016632080078125 244.60357666015625 243.657196044921875 245.5552978515625 253.7514801025390625 260.985504150390625 260.094818115234375 250.3011474609375 253.8555450439453125 264.587310791015625 264.0521240234375 272.0206298828125 319.397705078125 3.8140659332275390625 339.304473876953125 320.19476318359375 84.9196014404296875 110.2815704345703125 180.0002288818359375 113.7493438720703125 82.40506744384765625 5.7118782997131347656 19.536851882934570312 46.788860321044921875 69.70258331298828125 76.60755157470703125 78.24701690673828125 71.7788848876953125 80.7975921630859375 95.195404052734375 21.802564620971679688 48.45317840576171875
286.112548828125 275.963043212890625 268.393035888671875 264.6282958984375 258.439208984375 254.357666015625 258.178009033203125 248.02435302734375 248.3547210693359375 242.4466094970703125 236.767578125 240.7882232666015625 239.976226806640625 243.950347900390625 245.5975341796875 245.4490814208984375 245.2820892333984375 245.745391845703125 257.987579345703125 273.423187255859375 284.036163330078125 279.553924560546875 294.442840576171875 0 5.9066929817199707031 358.45184326171875 58.60063934326171875 58.339282989501953125 21.974758148193359375 44.999897003173828125 49.865421295166015625 42.275074005126953125 129.80615234375 135.0009002685546875 113.806121826171875 96.74481201171875 79.77732086181640625 73.48169708251953125 75.44618988037109375 43.181179046630859375 334.50164794921875 60.5243988037109375
247.0677947998046875 252.4074859619140625 273.944610595703125 273.50323486328125 260.8822021484375 266.7294921875 273.2698974609375 264.920074462890625 261.027130126953125 249.842437744140625 242.903961181640625 244.0250396728515625 242.3756103515625 240.94476318359375 237.6327972412109375 238.8606414794921875 239.2723541259765625 246.688446044921875 264.471710205078125 270.89471435546875 279.462066650390625 295.07421875 301.5035400390625 344.89801025390625 17.928150177001953125 14.744585037231445312 60.524303436279296875 68.88626861572265625 33.46559906005859375 77.6190338134765625 123.17792510986328125 128.4180755615234375 116.89603424072265625 147.9255828857421875 145.784912109375 125.72699737548828125 99.553863525390625 91.73552703857421875 69.52729034423828125 33.2865447998046875 34.380924224853515625 102.72400665283203125
274.969207763671875 282.994140625 275.463592529296875 268.635650634765625 270.7247314453125 265.3641357421875 261.869476318359375 265.06072998046875 252.234710693359375 229.267578125 226.635772705078125 235.987945556640625 239.6039276123046875 238.5225372314453125 237.0245208740234375 239.3417205810546875 240.7804107666015625 249.4432220458984375 257.9803466796875 253.4424896240234375 248.0385284423828125 259.727935791015625 277.96856689453125 311.818756103515625 57.526615142822265625 18.43665313720703125 82.6133575439453125 107.8184967041015625 165.2548065185546875 86.8197174072265625 82.3040008544921875 126.46915435791015625 101.55956268310546875 105.944244384765625 127.64710235595703125 108.43614959716796875 76.72357940673828125 77.27556610107421875 74.05472564697265625 80.96123504638671875 97.04601287841796875 92.36582183837890625
292.670013427734375 290.62164306640625 277.044189453125 271.928924560546875 272.9339599609375 271.734100341796875 258.688629150390625 240.801910400390625 231.240753173828125 227.6019134521484375 246.5003509521484375 255.6989593505859375 245.432403564453125 243.3130340576171875 242.72979736328125 241.981781005859375 241.313323974609375 249.9040679931640625 259.185882568359375 256.920562744140625 253.77874755859375 249.6410064697265625 240.3057403564453125 218.4795074462890625 149.0487518310546875 338.963043212890625 59.74317169189453125 50.463787078857421875 23.587804794311523438 68.68257904052734375 71.564605712890625 70.01522064208984375 87.13730621337890625 93.814178466796875 120.06812286376953125 157.3794403076171875 129.7260284423828125 104.29969024658203125 80.88158416748046875 67.24930572509765625 51.170276641845703125 28.412576675415039062
267.336761474609375 264.558990478515625 266.283294677734375 260.536468505859375 250.1442718505859375 243.4338226318359375 237.679046630859375 237.0943603515625 248.33306884765625 260.416595458984375 265.914093017578125 264.58819580078125 250.387969970703125 246.2272491455078125 239.225799560546875 239.202423095703125 246.9142303466796875 251.1300811767578125 250.179931640625 241.503692626953125 256.73272705078125 269.214385986328125 261.134490966796875 255.0174102783203125 306.6328125 344.743194580078125 43.264476776123046875 60.69031524658203125 59.421306610107421875 82.1844635009765625 97.6661224365234375 92.8616943359375 81.6739654541015625 93.42362213134765625 123.90619659423828125 142.6499481201171875 146.0408477783203125 148.76080322265625 84.55942535400390625 58.29808807373046875 17.31838226318359375 10.304735183715820312
273.269989013671875 263.046539306640625 263.046539306640625 265.36468505859375 247.8346710205078125 235.4078216552734375 239.0361175537109375 247.0679931640625 262.793243408203125 265.913909912109375 242.241546630859375 229.70782470703125 232.027618408203125 242.18487548828125 235.26470947265625 237.67987060546875 249.178375244140625 250.7196807861328125 245.6871795654296875 243.1033782958984375 245.4219207763671875 244.49224853515625 250.9883270263671875 270.5667724609375 288.838470458984375 347.00360107421875 94.82103729248046875 92.95116424560546875 86.760223388671875 77.00464630126953125 66.28633880615234375 74.0549468994140625 102.803985595703125 100.82218170166015625 108.8849029541015625 81.157318115234375 46.06021881103515625 21.369497299194335938 58.392734527587890625 55.953582763671875 340.905548095703125 19.536851882934570312
