wildfire/work/fuelmodels/1745/aspect.asc
ncols        242
nrows        205
xllcorner    190270.000000000000
yllcorner    453090.000000000000
cellsize     5.000000000000
NODATA_value   -999
[rows 0 to 18 of 205, columns 168 to 209 of 242]
0 0 0 0 0 0 0 0 0 0 0 0 0 0 0 0 0 0 0 0 0 0 0 0 0 0 0 0 0 0 0 0 0 0 0 0 0 0 0 0 0 0
231.465850830078125 240.699066162109375 260.04876708984375 274.34478759765625 309.434112548828125 345.31060791015625 27.228643417358398438 45.224456787109375 30.963872909545898438 355.600677490234375 315.690185546875 281.68963623046875 296.11175537109375 309.71795654296875 315.7896728515625 319.002960205078125 271.0799560546875 246.6743316650390625 243.592803955078125 241.6346435546875 230.0334320068359375 223.070587158203125 224.3733062744140625 223.6024017333984375 226.136383056640625 216.15814208984375 272.79229736328125 277.195465087890625 266.53887939453125 251.7445220947265625 267.356719970703125 292.520233154296875 265.23565673828125 259.633270263671875 257.470794677734375 240.7664947509765625 248.7023162841796875 304.508148193359375 340.497344970703125 28.051036834716796875 14.162163734436035156 321.630157470703125
284.4178466796875 237.528045654296875 249.77459716796875 265.753814697265625 285.33251953125 324.39483642578125 33.25730133056640625 40.794452667236328125 32.238048553466796875 23.272638320922851562 34.215526580810546875 214.11309814453125 272.089324951171875 291.604644775390625 308.315338134765625 332.184967041015625 333.434173583984375 269.59326171875 258.689453125 256.484405517578125 248.9620513916015625 243.498321533203125 231.4472198486328125 224.6469573974609375 232.31396484375 237.154296875 265.0902099609375 265.1279296875 239.867431640625 251.8729400634765625 264.3743896484375 272.661956787109375 313.697021484375 291.920562744140625 283.239532470703125 274.2354736328125 279.887359619140625 284.19866943359375 294.342010498046875 1.9753187894821166992 19.38950347900390625 12.61869049072265625
31.914844512939453125 299.05291748046875 253.754486083984375 259.63421630859375 260.02301025390625 242.2584075927734375 57.5289306640625 39.4366455078125 37.453460693359375 36.68076324462890625 45.734851837158203125 2.6630771160125732422 291.85369873046875 283.700164794921875 272.9678955078125 267.824737548828125 305.53460693359375 267.823638916015625 261.5377197265625 253.2812957763671875 248.9368438720703125 248.5891876220703125 239.7008819580078125 236.21636962890625 229.6301422119140625 227.935150146484375 245.362640380859375 250.820404052734375 226.480865478515625 234.8129730224609375 241.5868377685546875 241.69873046875 271.14581298828125 278.857452392578125 288.945556640625 304.50750732421875 311.422210693359375 314.10321044921875 298.412384033203125 322.695770263671875 6.4638957977294921875 19.746622085571289062
32.103832244873046875 29.367473602294921875 280.688323974609375 257.339385986328125 253.779266357421875 237.2243499755859375 234.3340301513671875 351.867340087890625 44.599147796630859375 32.02584075927734375 23.8448638916015625 3.8140084743499755859 342.364654541015625 327.528594970703125 236.9755859375 215.3260955810546875 204.6461029052734375 248.5319976806640625 252.5355377197265625 231.1262359619140625 238.411834716796875 244.4514617919921875 229.7386627197265625 222.5419769287109375 230.8554229736328125 245.1302490234375 241.345672607421875 226.756439208984375 211.6069488525390625 222.108245849609375 241.001953125 251.915863037109375 273.365966796875 268.452056884765625 260.85821533203125 270.715972900390625 282.050079345703125 300.7484130859375 299.3197021484375 304.113739013671875 345.067657470703125 20.006725311279296875
38.73355865478515625 47.819091796875 25.6656341552734375 256.31072998046875 247.2148895263671875 224.9992218017578125 238.2156829833984375 239.4698028564453125 26.5662994384765625 7.9576010704040527344 6.6083889007568359375 3.4978170394897460938 10.994732856750488281 27.306453704833984375 13.736744880676269531 291.97412109375 278.6728515625 263.0186767578125 265.36407470703125 274.98590087890625 266.339080810546875 238.133575439453125 205.3953094482421875 201.774261474609375 221.7770233154296875 230.3204345703125 228.93426513671875 235.4368896484375 230.6301422119140625 242.953033447265625 254.0540008544921875 253.23004150390625 254.18798828125 253.071441650390625 252.8469390869140625 242.198028564453125 242.699981689453125 277.6175537109375 296.70281982421875 298.089813232421875 318.667266845703125 25.60210418701171875
48.503498077392578125 61.534908294677734375 64.0465240478515625 261.8695068359375 240.523681640625 219.243133544921875 225.9958343505859375 218.6591644287109375 259.285736083984375 319.968536376953125 350.133148193359375 2.7261946201324462891 25.740631103515625 26.00731658935546875 15.682516098022460938 355.725250244140625 357.5333251953125 343.032684326171875 287.9271240234375 266.127960205078125 233.6268463134765625 196.8466796875 201.5915985107421875 202.438629150390625 217.485565185546875 227.3960418701171875 235.91070556640625 240.48260498046875 223.4746856689453125 231.768951416015625 237.2998809814453125 239.918609619140625 233.711151123046875 212.9346466064453125 239.3485260009765625 251.15350341796875 269.135711669921875 282.220306396484375 285.7177734375 277.1761474609375 273.36553955078125 10.784560203552246094
72.2254638671875 74.7754058837890625 75.2382965087890625 233.0425872802734375 231.0536346435546875 223.8672332763671875 224.553497314453125 223.67333984375 243.7629241943359375 254.931243896484375 297.31488037109375 5.0919246673583984375 37.146869659423828125 12.600308418273925781 10.916013717651367188 8.9727001190185546875 21.605396270751953125 24.7435455322265625 279.24456787109375 183.280303955078125 183.8380584716796875 192.3549652099609375 220.3272857666015625 220.763519287109375 224.9997100830078125 243.7328948974609375 239.90521240234375 229.1051483154296875 220.2502288818359375 230.3057403564453125 232.8148651123046875 236.455902099609375 232.2835693359375 230.22161865234375 256.47637939453125 268.75445556640625 273.990447998046875 278.416900634765625 272.563018798828125 259.286834716796875 257.09234619140625 251.564453125
86.60002899169921875 76.28241729736328125 69.77490997314453125 64.04660797119140625 236.383087158203125 232.7087249755859375 229.9353485107421875 229.1724090576171875 231.758514404296875 223.414459228515625 221.1486663818359375 191.6333770751953125 169.507659912109375 318.8643798828125 58.82878875732421875 120.0373687744140625 140.2336578369140625 146.4154510498046875 162.8967742919921875 147.8621368408203125 171.9774627685546875 252.446044921875 278.8798828125 290.636322021484375 268.422515869140625 243.0035400390625 234.60906982421875 231.8657684326171875 231.7191925048828125 237.489898681640625 241.0732269287109375 238.556671142578125 234.566070556640625 250.2005615234375 264.459747314453125 255.8809051513671875 253.539337158203125 241.1883392333984375 243.863433837890625 276.9881591796875 296.564605712890625 272.601531982421875
53.852329254150390625 46.245525360107421875 45.2237548828125 47.070011138916015625 7.1249322891235351562 253.2767333984375 234.0239410400390625 224.453704833984375 218.37689208984375 210.871612548828125 211.5245361328125 202.682525634765625 203.5075531005859375 184.8152313232421875 154.00189208984375 155.89154052734375 167.855316162109375 172.625762939453125 176.6331939697265625 164.63104248046875 202.456298828125 273.34490966796875 291.014129638671875 323.744842529296875 343.299224853515625 278.251708984375 246.8868560791015625 238.220703125 233.2931976318359375 240.1440582275390625 243.77069091796875 234.8556671142578125 237.3990020751953125 244.6189422607421875 232.23297119140625 212.6602783203125 229.34234619140625 220.09222412109375 226.61334228515625 234.60028076171875 222.2061767578125 260.78814697265625
45.6296234130859375 41.3379058837890625 40.555530548095703125 50.50772857666015625 40.71839141845703125 299.60302734375 246.704681396484375 235.7008056640625 219.8386993408203125 210.63812255859375 210.3698883056640625 203.71099853515625 192.0263519287109375 171.5848388671875 158.37255859375 161.4548797607421875 168.11090087890625 179.71728515625 213.274383544921875 254.29010009765625 289.721405029296875 264.71539306640625 261.86932373046875 266.729156494140625 333.431976318359375 305.539337158203125 235.45928955078125 234.0345458984375 237.869903564453125 242.813262939453125 231.395263671875 218.6190185546875 229.016448974609375 229.7888031005859375 217.4990234375 215.394073486328125 234.826904296875 233.40283203125 231.0923004150390625 228.7633514404296875 218.728271484375 225.43035888671875
39.6677703857421875 32.470859527587890625 50.710010528564453125 51.339931488037109375 33.37297821044921875 10.145567893981933594 340.406524658203125 309.87164306640625 278.90093994140625 216.5724639892578125 213.6129913330078125 202.2069091796875 189.1176300048828125 176.32891845703125 156.2232513427734375 180.9389495849609375 108.4346923828125 318.179168701171875 312.79669189453125 340.32342529296875 24.623821258544921875 256.067718505859375 254.090667724609375 250.9503936767578125 219.4736480712890625 153.4333953857421875 206.5645751953125 236.5919036865234375 243.8096466064453125 242.277587890625 225.1957244873046875 217.6652374267578125 220.75213623046875 214.22161865234375 211.1953582763671875 216.3566741943359375 230.065093994140625 230.5271148681640625 232.0009307861328125 233.9206695556640625 220.5763397216796875 217.76715087890625
28.560007095336914062 20.673906326293945312 40.375705718994140625 27.0908966064453125 16.294118881225585938 13.1017303466796875 7.85298919677734375 5.325756072998046875 352.815643310546875 42.135807037353515625 283.815185546875 278.129852294921875 274.898162841796875 266.759796142578125 18.434906005859375 302.800018310546875 328.570281982421875 310.60064697265625 295.154876708984375 71.56363677978515625 70.865509033203125 280.383331298828125 267.24383544921875 253.10870361328125 216.6070098876953125 152.64959716796875 175.9130706787109375 246.8011016845703125 250.8494720458984375 244.677215576171875 226.4496307373046875 227.3180084228515625 226.7288360595703125 220.2684326171875 220.781768798828125 222.0990447998046875 231.9588623046875 230.8293609619140625 229.37969970703125 232.9066314697265625 224.138092041015625 232.9267120361328125
35.537445068359375 6.14524078369140625 19.707820892333984375 10.996578216552734375 11.113121986389160156 20.931285858154296875 18.145143508911132812 15.94522857666015625 19.763628005981445312 27.121250152587890625 340.51324462890625 334.475555419921875 346.826385498046875 330.099578857421875 351.868438720703125 322.12432861328125 325.38824462890625 317.1805419921875 200.8968353271484375 170.9416961669921875 255.9634246826171875 292.209075927734375 265.254669189453125 232.2093658447265625 219.7658843994140625 211.7587432861328125 145.7838592529296875 238.3596649169921875 238.2398834228515625 230.81829833984375 219.00128173828125 216.956634521484375 219.559051513671875 234.28887939453125 243.5122528076171875 244.060882568359375 246.249847412109375 234.3765411376953125 231.339691162109375 236.4548797607421875 223.697235107421875 240.2236175537109375
21.037235260009765625 9.781879425048828125 359.0279541015625 13.570844650268554688 31.429761886596679688 37.96152496337890625 31.638950347900390625 29.331546783447265625 41.66143798828125 38.10279083251953125 348.86358642578125 353.04632568359375 38.28858184814453125 254.24945068359375 302.151123046875 316.286376953125 276.339111328125 189.0895538330078125 149.0362701416015625 202.9637908935546875 263.990234375 274.10736083984375 262.002349853515625 228.777679443359375 240.583892822265625 255.5284423828125 352.303558349609375 312.334686279296875 247.5731201171875 236.5131683349609375 227.8500823974609375 207.9504241943359375 219.2350921630859375 234.6624908447265625 231.114837646484375 236.0695037841796875 242.1021575927734375 231.933837890625 233.94488525390625 233.1844635009765625 211.40826416015625 228.3965301513671875
19.041082382202148438 27.511774063110351562 27.3499755859375 13.240919113159179688 29.05503082275390625 41.053890228271484375 38.9450531005859375 37.875400543212890625 57.894359588623046875 50.974514007568359375 9.324176788330078125 53.614501953125 76.826141357421875 268.024017333984375 259.0765380859375 195.2551727294921875 156.7290191650390625 182.044647216796875 193.626922607421875 249.842437744140625 253.3338623046875 248.526702880859375 269.999359130859375 311.946868896484375 286.570281982421875 284.28662109375 317.862274169921875 328.5347900390625 325.36517333984375 290.3223876953125 242.102203369140625 212.9622039794921875 240.8426666259765625 246.2063751220703125 234.22674560546875 235.96575927734375 237.8500518798828125 230.3552093505859375 234.9256439208984375 229.6099853515625 213.09783935546875 233.6924896240234375
24.145572662353515625 31.138669967651367188 31.310344696044921875 5.6485056877136230469 9.566287994384765625 31.759120941162109375 29.1673126220703125 34.695720672607421875 46.77173614501953125 37.320705413818359375 23.907217025756835938 21.412767410278320312 17.328073501586914062 345.363616943359375 1.5478987693786621094 135.000091552734375 147.952178955078125 200.923492431640625 239.8080902099609375 249.3402557373046875 218.570648193359375 246.914154052734375 270.190765380859375 316.073394775390625 321.021820068359375 328.46026611328125 347.713348388671875 353.462554931640625 329.493194580078125 334.501708984375 347.061004638671875 316.99755859375 259.61541748046875 235.813232421875 227.944488525390625 235.542755126953125 238.007965087890625 229.7460784912109375 234.8953399658203125 229.74664306640625 227.634674072265625 248.4474639892578125
14.38117218017578125 21.329309463500976562 31.8664398193359375 7.8152098655700683594 34.076313018798828125 63.80008697509765625 16.390058517456054688 40.1702880859375 50.314544677734375 34.694522857666015625 9.6045579910278320312 358.7930908203125 7.188873291015625 352.83575439453125 61.9090118408203125 89.99979400634765625 156.038726806640625 261.254486083984375 259.135955810546875 252.897186279296875 252.299713134765625 276.114776611328125 278.927825927734375 295.37896728515625 315.238861083984375 332.00189208984375 349.16510009765625 359.999053955078125 341.081451416015625 349.1854248046875 0.9051723480224609375 5.1051726341247558594 12.933179855346679688 236.603973388671875 230.273468017578125 234.676666259765625 235.0275115966796875 230.964111328125 239.8725433349609375 230.62432861328125 228.1330108642578125 245.3282318115234375
3.3175399303436279297 27.407854080200195312 42.79738616943359375 12.679807662963867188 50.12805938720703125 49.333099365234375 351.8695068359375 36.32703399658203125 35.326435089111328125 19.766801834106445312 357.845733642578125 356.111236572265625 55.009075164794921875 121.93077850341796875 114.0571746826171875 106.45340728759765625 233.1313018798828125 280.71142578125 267.2724609375 248.3846893310546875 264.559234619140625 278.129638671875 273.6209716796875 272.651580810546875 282.14373779296875 299.690093994140625 325.598358154296875 346.789276123046875 337.172454833984375 344.346221923828125 4.0649180412292480469 22.804553985595703125 33.413726806640625 16.573583602905273438 261.98870849609375 239.602447509765625 230.9462738037109375 224.2855224609375 230.66180419921875 220.55645751953125 221.3994598388671875 236.6797332763671875
