wildfire/work/fuelmodels/1745/aspect.asc
ncols        242
nrows        205
xllcorner    190270.000000000000
yllcorner    453090.000000000000
cellsize     5.000000000000
NODATA_value   -999
[rows 38 to 56 of 205, columns 42 to 83 of 242]
242.676239013671875 246.96136474609375 268.15277099609375 303.46478271484375 328.78057861328125 317.04510498046875 350.133270263671875 313.636077880859375 276.98016357421875 229.3988037109375 208.808197021484375 214.9905548095703125 216.2549285888671875 221.759857177734375 244.5575714111328125 257.30645751953125 275.855499267578125 310.8155517578125 356.283660888671875 348.109954833984375 344.74365234375 337.34759521484375 329.867706298828125 336.629669189453125 341.731201171875 345.866180419921875 359.2503662109375 11.39666748046875 25.400783538818359375 52.9207305908203125 63.43502044677734375 27.180238723754882812 29.356128692626953125 100.00745391845703125 139.3974761962890625 91.97658538818359375 352.4736328125 353.926361083984375 1.3744176626205444336 4.8735718727111816406 5.7550978660583496094 338.061065673828125
300.11309814453125 287.801055908203125 302.603912353515625 321.9521484375 336.594146728515625 321.338897705078125 344.743804931640625 330.9453125 291.3695068359375 184.767730712890625 189.4621734619140625 206.5648651123046875 211.9087677001953125 241.9260406494140625 256.847869873046875 252.727691650390625 252.2158966064453125 268.531341552734375 307.0562744140625 324.781341552734375 336.80072021484375 331.059326171875 307.303924560546875 308.156341552734375 318.651336669921875 326.820770263671875 357.08062744140625 18.186094284057617188 29.475704193115234375 45.282196044921875 36.09328460693359375 17.801218032836914062 28.663412094116210938 25.907312393188476562 12.095297813415527344 351.572479248046875 343.14031982421875 347.9310302734375 352.47540283203125 355.053192138671875 357.16943359375 348.853240966796875
264.95648193359375 288.79901123046875 314.111175537109375 337.87322998046875 347.380340576171875 333.43359375 359.9976806640625 176.181640625 201.8011322021484375 181.9780426025390625 209.0623626708984375 268.02703857421875 278.13043212890625 282.77069091796875 275.0791015625 260.25592041015625 251.2493438720703125 250.2763671875 266.9217529296875 297.89642333984375 323.365631103515625 342.406646728515625 314.131683349609375 292.067626953125 292.7879638671875 296.29443359375 330.029571533203125 18.773000717163085938 41.787662506103515625 49.356964111328125 39.836822509765625 30.004644393920898438 22.619863510131835938 8.2532835006713867188 355.119903564453125 347.80596923828125 345.59222412109375 350.1331787109375 350.499176025390625 344.21844482421875 350.1929931640625 352.320281982421875
276.971405029296875 289.092559814453125 304.08795166015625 342.25518798828125 338.35614013671875 355.7626953125 58.569118499755859375 86.1849517822265625 273.015045166015625 304.215087890625 329.034515380859375 327.65106201171875 321.115386962890625 302.09259033203125 272.726287841796875 258.146484375 256.50335693359375 261.468231201171875 270.867279052734375 280.737823486328125 297.427581787109375 329.696380615234375 330.850921630859375 303.3096923828125 290.224212646484375 275.709808349609375 276.42791748046875 16.783514022827148438 54.6517486572265625 47.449848175048828125 39.198696136474609375 28.470312118530273438 16.064052581787109375 2.4630908966064453125 343.874755859375 345.46466064453125 344.373138427734375 346.554351806640625 350.45172119140625 344.38336181640625 345.4007568359375 348.280670166015625
308.373291015625 299.603515625 282.448486328125 310.234588623046875 308.66070556640625 61.388141632080078125 65.32151031494140625 25.017686843872070312 336.7999267578125 331.08953857421875 331.21917724609375 329.279632568359375 325.49066162109375 327.757080078125 325.8399658203125 298.610443115234375 279.782379150390625 270.458160400390625 272.97314453125 282.748931884765625 298.766571044921875 314.255035400390625 323.636016845703125 306.6156005859375 288.77691650390625 261.468231201171875 248.748870849609375 238.706329345703125 47.260868072509765625 44.246173858642578125 37.957668304443359375 23.442449569702148438 14.203897476196289062 1.4203904867172241211 340.856781005859375 342.9786376953125 340.1224365234375 337.697113037109375 345.80792236328125 349.050018310546875 350.205322265625 349.379669189453125
313.231597900390625 315.74346923828125 306.25299072265625 309.287384033203125 287.101715087890625 70.3457183837890625 48.180522918701171875 352.875152587890625 324.2098388671875 318.575439453125 324.2720947265625 329.74267578125 311.818756103515625 305.536956787109375 323.12933349609375 322.124267578125 306.633514404296875 292.2698974609375 268.289825439453125 261.064056396484375 268.181732177734375 283.2406005859375 299.898468017578125 294.676483154296875 286.63055419921875 279.1175537109375 252.93682861328125 243.4343719482421875 212.0012054443359375 69.26062774658203125 49.043483734130859375 19.133565902709960938 9.0583629608154296875 355.001312255859375 343.567413330078125 345.59912109375 340.735748291015625 332.8778076171875 337.85772705078125 350.038238525390625 358.542877197265625 6.0275063514709472656
300.0181884765625 301.264007568359375 302.005279541015625 303.6910400390625 297.18145751953125 13.735951423645019531 17.8196563720703125 340.9730224609375 331.502960205078125 325.9534912109375 333.0831298828125 348.231170654296875 323.129058837890625 281.688201904296875 291.369842529296875 313.666748046875 300.962493896484375 303.1103515625 266.905242919921875 256.54364013671875 251.81561279296875 254.290740966796875 267.878631591796875 291.16119384765625 292.75042724609375 308.08795166015625 312.08856201171875 286.11285400390625 286.7001953125 37.404697418212890625 22.37945556640625 357.454559326171875 353.554229736328125 347.904388427734375 342.8963623046875 345.255828857421875 342.05517578125 334.79779052734375 332.89056396484375 352.87457275390625 20.480409622192382812 30.379079818725585938
282.828277587890625 313.31488037109375 345.80084228515625 348.206207275390625 335.745208740234375 354.225067138671875 7.8160505294799804688 347.0810546875 341.563446044921875 334.439483642578125 334.746002197265625 3.5033421516418457031 355.03033447265625 306.702362060546875 291.930023193359375 302.98870849609375 287.98590087890625 260.3096923828125 271.846649169921875 279.57330322265625 287.24017333984375 285.08477783203125 267.0382080078125 253.60992431640625 260.802734375 277.988433837890625 313.1512451171875 316.059600830078125 310.51458740234375 343.123565673828125 356.44696044921875 343.1903076171875 345.3897705078125 342.775726318359375 334.439056396484375 339.7745361328125 342.1890869140625 343.80975341796875 354.06085205078125 32.98865509033203125 41.532276153564453125 18.99715423583984375
285.184844970703125 303.565093994140625 341.56402587890625 352.019439697265625 349.562347412109375 350.90869140625 348.34088134765625 340.426116943359375 348.915985107421875 352.40478515625 346.475341796875 357.929229736328125 356.3475341796875 336.6290283203125 311.632904052734375 291.161651611328125 289.057159423828125 306.673004150390625 303.540374755859375 289.67510986328125 282.299957275390625 269.3089599609375 261.208465576171875 253.6087493896484375 257.004425048828125 254.1671600341796875 248.1984405517578125 260.909881591796875 284.885498046875 304.38006591796875 328.3236083984375 325.2557373046875 336.50079345703125 336.800689697265625 326.986724853515625 335.135467529296875 337.509124755859375 350.072723388671875 24.512470245361328125 36.46944427490234375 23.895656585693359375 9.463008880615234375
275.552642822265625 268.0582275390625 260.361572265625 300.96240234375 14.535656929016113281 30.96111297607421875 293.75 314.999969482421875 342.27557373046875 359.453369140625 355.134063720703125 346.09674072265625 355.5247802734375 357.164398193359375 345.17193603515625 309.958251953125 284.2647705078125 291.665557861328125 289.572967529296875 268.209747314453125 232.9071502685546875 216.098419189453125 233.880645751953125 242.903961181640625 258.0555419921875 256.787261962890625 247.79669189453125 251.1468048095703125 273.60821533203125 292.963409423828125 312.562591552734375 319.126861572265625 324.282745361328125 327.9251708984375 325.9224853515625 329.7431640625 331.927001953125 355.7850341796875 30.154298782348632812 25.8869476318359375 22.249010086059570312 14.393906593322753906
266.3472900390625 267.324188232421875 269.999359130859375 296.938629150390625 347.618408203125 14.966477394104003906 325.822662353515625 309.49468994140625 334.057037353515625 29.053544998168945312 342.645416259765625 316.0411376953125 353.479888916015625 21.44693756103515625 18.432521820068359375 321.7105712890625 272.385833740234375 257.005523681640625 256.12225341796875 241.07293701171875 212.5738983154296875 229.7635040283203125 245.2822265625 244.8719329833984375 256.1849365234375 263.1982421875 265.871337890625 273.179046630859375 274.609954833984375 271.217864990234375 278.971588134765625 299.053955078125 305.654815673828125 294.886566162109375 300.499053955078125 298.300933837890625 289.722869873046875 342.4744873046875 24.044183731079101562 37.235012054443359375 30.773775100708007812 32.73506927490234375
253.299957275390625 253.03289794921875 270.602569580078125 292.6590576171875 320.7099609375 4.085540771484375 350.664276123046875 326.023406982421875 352.87432861328125 65.32098388671875 322.353057861328125 298.88751220703125 352.876495361328125 54.86359405517578125 33.2308349609375 340.462310791015625 311.05474853515625 284.03509521484375 272.7247314453125 266.495086669921875 264.558990478515625 268.068389892578125 258.68914794921875 244.288848876953125 238.3661346435546875 230.14202880859375 236.6495513916015625 252.8373565673828125 262.76226806640625 267.157257080078125 266.133697509765625 264.725067138671875 269.999359130859375 273.99066162109375 269.235321044921875 264.39886474609375 268.956695556640625 279.46026611328125 102.38195037841796875 106.5571136474609375 35.535526275634765625 44.044849395751953125
233.86395263671875 239.15289306640625 252.0396728515625 266.12762451171875 272.833221435546875 308.0877685546875 342.071014404296875 353.08782958984375 64.43894195556640625 94.39771270751953125 278.130035400390625 273.180999755859375 294.449249267578125 355.81658935546875 7.2246232032775878906 356.080108642578125 341.564697265625 311.633331298828125 260.217041015625 250.97503662109375 274.08587646484375 275.710052490234375 255.5786895751953125 229.397125244140625 230.1940460205078125 236.7450103759765625 239.7142486572265625 231.76556396484375 237.574920654296875 253.0174560546875 261.544219970703125 262.233917236328125 264.60980224609375 271.331878662109375 282.09466552734375 305.048828125 317.009246826171875 325.78485107421875 37.332378387451171875 22.987659454345703125 354.47119140625 27.474330902099609375
218.6593780517578125 235.07177734375 246.8726959228515625 249.065216064453125 240.0678863525390625 238.1327667236328125 252.21514892578125 329.9281005859375 28.113245010375976562 34.540447235107421875 135.004058837890625 231.071258544921875 287.848175048828125 336.801483154296875 1.2723366022109985352 358.778167724609375 358.451873779296875 344.05792236328125 277.307769775390625 274.26812744140625 271.684417724609375 271.590850830078125 260.753326416015625 250.820220947265625 255.6775054931640625 254.4532928466796875 243.8683624267578125 232.2884521484375 238.63848876953125 236.6643218994140625 241.698486328125 256.38262939453125 266.05377197265625 265.501312255859375 269.44256591796875 279.659423828125 301.23919677734375 325.620147705078125 20.820222854614257812 25.017217636108398438 343.023468017578125 356.632537841796875
214.4873046875 236.8881378173828125 243.4346160888671875 238.8220367431640625 231.1366729736328125 235.365447998046875 242.61163330078125 270.93731689453125 330.4774169921875 21.67481231689453125 52.932590484619140625 207.347747802734375 247.749969482421875 287.70013427734375 15.52269744873046875 2.4864127635955810547 30.070325851440429688 349.378631591796875 317.290374755859375 311.098907470703125 287.353118896484375 281.30975341796875 283.571441650390625 283.570556640625 285.01763916015625 256.722564697265625 227.2019805908203125 228.9445037841796875 241.7452850341796875 240.0372314453125 238.61602783203125 236.8526153564453125 234.462005615234375 243.018951416015625 255.25543212890625 262.009979248046875 281.08203125 312.510101318359375 12.529377937316894531 0.00043713441118597984314 336.892913818359375 342.9910888671875
176.8549041748046875 218.0286865234375 226.118621826171875 223.5454864501953125 222.5626220703125 229.0133819580078125 241.5868072509765625 258.0845947265625 267.70867919921875 24.774656295776367188 62.9160919189453125 35.753932952880859375 291.286163330078125 300.343536376953125 33.996669769287109375 19.654073715209960938 1.7348182201385498047 333.432342529296875 313.753631591796875 325.3065185546875 276.58099365234375 276.49835205078125 311.819915771484375 302.59161376953125 283.390716552734375 254.24603271484375 242.64910888671875 243.188812255859375 244.1337432861328125 240.08575439453125 234.984130859375 231.0438079833984375 229.5319061279296875 233.4886474609375 235.784027099609375 234.0013275146484375 235.5865478515625 232.014862060546875 271.845977783203125 314.11767578125 320.504852294921875 325.61895751953125
108.8385772705078125 240.5495452880859375 234.2777557373046875 221.848480224609375 219.3726348876953125 226.0161590576171875 237.571807861328125 242.2922821044921875 232.733184814453125 201.370819091796875 82.09201812744140625 11.160228729248046875 331.90838623046875 331.458831787109375 83.65854644775390625 16.389225006103515625 330.70819091796875 346.75732421875 274.084197998046875 278.97222900390625 288.43426513671875 269.998809814453125 266.1844482421875 264.8037109375 226.9090118408203125 223.4521484375 243.004180908203125 239.53436279296875 241.1129608154296875 237.5866241455078125 230.3701324462890625 231.887664794921875 233.2749786376953125 227.5042724609375 217.251556396484375 211.4424896240234375 216.9214019775390625 219.993499755859375 224.3837432861328125 247.1663970947265625 265.13568115234375 288.82470703125
14.588536262512207031 343.467803955078125 311.75927734375 256.262969970703125 238.3919525146484375 228.3462371826171875 225.904266357421875 232.4166412353515625 220.785308837890625 201.5947265625 227.4895172119140625 286.11279296875 286.925323486328125 68.965484619140625 38.157413482666015625 343.739410400390625 330.1240234375 27.254884719848632812 355.599456787109375 266.42218017578125 258.688018798828125 243.4337158203125 244.3834381103515625 226.7342529296875 192.9971160888671875 231.4839630126953125 237.528350830078125 234.0386962890625 248.0073089599609375 236.7107696533203125 231.4688568115234375 232.8057403564453125 227.20196533203125 223.96417236328125 211.625213623046875 212.34716796875 229.5135498046875 236.6453094482421875 235.3970489501953125 240.3007354736328125 236.8884124755859375 230.0792236328125
352.814483642578125 345.25567626953125 353.307891845703125 340.786163330078125 290.22430419921875 225.62237548828125 224.999725341796875 233.8471832275390625 218.3665771484375 202.832733154296875 224.9994659423828125 225.762939453125 232.594390869140625 314.999267578125 348.995025634765625 347.533843994140625 5.7933645248413085938 39.80571746826171875 68.1976776123046875 224.9994659423828125 234.1612548828125 234.7824249267578125 232.5240631103515625 207.645751953125 195.0698394775390625 227.3859100341796875 235.8842315673828125 231.7878570556640625 237.0936431884765625 221.9459381103515625 232.051910400390625 237.1714324951171875 231.86383056640625 230.30511474609375 222.1131591796875 240.8792572021484375 246.2493743896484375 231.1456756591796875 227.08941650390625 222.416259765625 215.95977783203125 216.7397308349609375
