wildfire/work/fuelmodels/1745/slope.asc
ncols        242
nrows        205
xllcorner    190270.000000000000
yllcorner    453090.000000000000
cellsize     5.000000000000
NODATA_value   -999
[rows 144 to 161 of 205, columns 0 to 39 of 242]
0 8.0097398757934570312 8.582462310791015625 9.9508619308471679688 9.70905303955078125 8.3332891464233398438 3.6771285533905029297 5.9487681388854980469 2.7574031352996826172 4.5431690216064453125 5.4171414375305175781 5.126239776611328125 4.2332096099853515625 3.0111780166625976562 2.2495217323303222656 2.5104875564575195312 2.2729923725128173828 1.3118454217910766602 2.2856855392456054688 3.86998748779296875 5.2577605247497558594 5.8804349899291992188 4.7515559196472167969 4.1451315879821777344 5.0448484420776367188 4.4250111579895019531 4.1804113388061523438 5.1877803802490234375 5.7833356857299804688 6.7635974884033203125 8.3592357635498046875 8.7267446517944335938 8.9965085983276367188 9.9368162155151367188 10.683676719665527344 10.800374031066894531 10.073454856872558594 9.9631261825561523438 9.8065366744995117188 9.9176788330078125
0 8.4239282608032226562 9.0047006607055664062 9.2629594802856445312 9.0004949569702148438 6.5360493659973144531 5.1610479354858398438 6.3901157379150390625 5.1035623550415039062 4.3846669197082519531 4.2957324981689453125 4.3937730789184570312 4.8057050704956054688 5.7136797904968261719 6.0738997459411621094 5.199901580810546875 3.3995177745819091797 1.9924299716949462891 1.6359910964965820312 1.1113806962966918945 1.7089236974716186523 2.9758887290954589844 3.1998248100280761719 3.510089874267578125 4.8380036354064941406 4.2806558609008789062 3.1660034656524658203 4.1244754791259765625 5.388294219970703125 5.5882039070129394531 6.2899022102355957031 6.897308349609375 6.804004669189453125 7.5394086837768554688 8.5484466552734375 9.6276264190673828125 9.7032823562622070312 9.907379150390625 9.98430633544921875 10.592630386352539062
0 7.8765420913696289062 6.8446192741394042969 5.2853055000305175781 5.6522727012634277344 5.6745815277099609375 5.8922977447509765625 7.217021942138671875 8.0752935409545898438 6.9132261276245117188 5.9996628761291503906 5.5300493240356445312 5.2821555137634277344 5.5953373908996582031 5.8215045928955078125 5.797130584716796875 5.7220368385314941406 5.3168706893920898438 4.4317483901977539062 3.8056416511535644531 3.7198452949523925781 2.404689788818359375 0.45560231804847717285 2.8451189994812011719 5.0076303482055664062 5.69063568115234375 4.474315643310546875 2.9569785594940185547 3.8352293968200683594 4.9495844841003417969 4.5659623146057128906 5.119068145751953125 5.6465868949890136719 5.8559880256652832031 6.729434967041015625 8.0589599609375 8.6848134994506835938 9.021678924560546875 8.40079498291015625 7.5424547195434570312
0 4.9479932785034179688 6.2197093963623046875 5.2659282684326171875 4.7770748138427734375 5.4695949554443359375 5.0187687873840332031 5.3917245864868164062 6.089542388916015625 6.6203665733337402344 6.5406289100646972656 6.3888978958129882812 6.0291004180908203125 5.2659101486206054688 4.4971704483032226562 4.7379560470581054688 5.6383562088012695312 6.0977191925048828125 5.4753046035766601562 4.5018639564514160156 3.905025482177734375 3.6853263378143310547 3.7694947719573974609 2.4977884292602539062 0.94497829675674438477 3.1185393333435058594 4.2934451103210449219 2.7999520301818847656 2.6055958271026611328 3.7718727588653564453 3.963825225830078125 4.3656511306762695312 4.9092164039611816406 4.8003511428833007812 4.87778472900390625 5.6608610153198242188 6.4828310012817382812 6.990875244140625 7.2184863090515136719 5.62729644775390625
0 4.2226071357727050781 4.6526226997375488281 6.9580559730529785156 5.8646655082702636719 5.5341553688049316406 4.3661031723022460938 3.65438079833984375 3.8676373958587646484 5.2712473869323730469 5.5884661674499511719 5.5090589523315429688 5.8179373741149902344 6.2219262123107910156 5.8857135772705078125 4.9340996742248535156 4.4358119964599609375 4.6889014244079589844 4.8769106864929199219 4.6542606353759765625 3.9290318489074707031 3.3809173107147216797 4.2360963821411132812 4.9834308624267578125 4.2961945533752441406 2.8804297447204589844 2.6173946857452392578 1.1494266986846923828 1.0167076587677001953 1.7682574987411499023 2.1374480724334716797 1.883832097053527832 2.0987336635589599609 2.1605069637298583984 2.2414128780364990234 2.3560798168182373047 2.545734405517578125 3.0641045570373535156 5.0794873237609863281 5.1292643547058105469
0 7.2572636604309082031 6.4915614128112792969 5.8611025810241699219 6.3888864517211914062 5.7780909538269042969 5.2743258476257324219 4.8112759590148925781 4.0144815444946289062 4.8404068946838378906 5.9314584732055664062 6.2119088172912597656 5.73961639404296875 6.1560339927673339844 7.1162476539611816406 6.9089527130126953125 5.6962289810180664062 4.7632207870483398438 4.53936767578125 4.7911043167114257812 5.0173234939575195312 4.4787249565124511719 3.7352664470672607422 3.6703314781188964844 4.2711873054504394531 4.0961236953735351562 3.4477777481079101562 2.3159806728363037109 1.6647857427597045898 1.710360407829284668 2.4513907432556152344 2.43317413330078125 2.0679037570953369141 1.3890753984451293945 1.1668903827667236328 1.9801907539367675781 1.7740207910537719727 1.8673546314239501953 2.8763902187347412109 2.7178628444671630859
0 8.3523464202880859375 6.6359186172485351562 3.6295173168182373047 3.7521378993988037109 4.946044921875 6.4707808494567871094 5.5354809761047363281 4.611576080322265625 4.6229376792907714844 4.7137074470520019531 5.5213637351989746094 5.7798352241516113281 6.5116982460021972656 6.88623046875 7.0579395294189453125 6.9167194366455078125 6.0659685134887695312 5.0232119560241699219 4.1548542976379394531 4.1916117668151855469 4.7635102272033691406 4.7121129035949707031 4.5800833702087402344 4.4838747978210449219 4.3763394355773925781 4.2541279792785644531 4.1829376220703125 4.1644449234008789062 3.9607815742492675781 3.4807741641998291016 2.2623069286346435547 1.4994388818740844727 1.3740532398223876953 2.1028623580932617188 2.9665405750274658203 2.4569544792175292969 2.9472374916076660156 2.9009196758270263672 2.0083649158477783203
0 6.7526454925537109375 5.1217746734619140625 5.0989127159118652344 1.3363034725189208984 4.5472550392150878906 6.3969359397888183594 6.599090576171875 5.4026508331298828125 4.2858138084411621094 3.7359845638275146484 4.5467042922973632812 5.9761204719543457031 6.9010272026062011719 7.0596499443054199219 6.6697525978088378906 6.1690921783447265625 6.1297426223754882812 6.0670995712280273438 5.3774089813232421875 4.9458270072937011719 4.9376964569091796875 4.7817387580871582031 4.9772539138793945312 4.8196406364440917969 3.8901305198669433594 3.2385897636413574219 4.083282470703125 5.1403636932373046875 5.0184011459350585938 3.3031990528106689453 1.7785509824752807617 2.0642354488372802734 2.0211434364318847656 3.0894334316253662109 4.1333065032958984375 4.5388007164001464844 4.4539661407470703125 3.4819130897521972656 2.9362168312072753906
0 7.1269459724426269531 4.7346482276916503906 6.0020208358764648438 5.0004014968872070312 9.0299673080444335938 8.7573900222778320312 8.2116680145263671875 5.8529849052429199219 3.8842794895172119141 3.1965022087097167969 3.2191977500915527344 4.0751175880432128906 5.0376305580139160156 5.1020693778991699219 5.8580555915832519531 6.1837048530578613281 6.7054829597473144531 7.0869274139404296875 6.7680573463439941406 5.8754773139953613281 5.2057437896728515625 4.8707036972045898438 4.8261847496032714844 4.9474587440490722656 5.0751385688781738281 4.6526570320129394531 4.1238751411437988281 3.46063995361328125 3.3078899383544921875 4.0106549263000488281 4.2092885971069335938 3.6127839088439941406 2.7006814479827880859 2.9087312221527099609 3.75589752197265625 3.8499217033386230469 3.4567189216613769531 2.9779191017150878906 3.4606347084045410156
0 7.572139739990234375 5.8662877082824707031 6.9381036758422851562 9.4734487533569335938 10.063378334045410156 8.0007562637329101562 7.6264395713806152344 6.4714899063110351562 5.0635042190551757812 3.3587121963500976562 2.2808127403259277344 3.2766046524047851562 3.6277222633361816406 2.8820147514343261719 4.1352553367614746094 4.4462890625 4.6659917831420898438 5.2275004386901855469 5.2795882225036621094 4.8069601058959960938 4.4084196090698242188 4.4787058830261230469 4.8660607337951660156 4.9188218116760253906 4.9921741485595703125 5.4159970283508300781 4.7474260330200195312 3.5534582138061523438 3.4019136428833007812 4.0027294158935546875 4.2626976966857910156 3.8641238212585449219 3.7371938228607177734 4.3101096153259277344 4.2030310630798339844 3.8879337310791015625 2.0679411888122558594 2.505046844482421875 4.4266958236694335938
0 7.1003317832946777344 4.5242152214050292969 4.0188336372375488281 6.8325405120849609375 4.2915682792663574219 4.1194691658020019531 5.5944967269897460938 5.511165618896484375 4.5677485466003417969 4.5993185043334960938 2.7180330753326416016 2.5852820873260498047 3.1198530197143554688 1.8551522493362426758 2.7446796894073486328 2.6784932613372802734 2.7461712360382080078 3.369655609130859375 4.2658662796020507812 5.1902313232421875 5.196063995361328125 4.4092497825622558594 4.1996092796325683594 5.1131601333618164062 5.5191206932067871094 5.2826399803161621094 4.7110643386840820312 4.2385869026184082031 4.3111958503723144531 3.7412359714508056641 3.1941220760345458984 3.7801864147186279297 4.3618192672729492188 4.5966892242431640625 4.2806639671325683594 3.9050679206848144531 2.7763979434967041016 2.3842327594757080078 3.8562581539154052734
0 7.2753391265869140625 4.915233612060546875 0.78778028488159179688 5.6248688697814941406 4.303203582763671875 4.1596193313598632812 5.1316227912902832031 6.1555428504943847656 5.0940585136413574219 5.515869140625 5.3771295547485351562 3.4136025905609130859 3.430744171142578125 0.92490327358245849609 1.5115267038345336914 1.2424974441528320312 2.0363461971282958984 3.3231308460235595703 4.6343703269958496094 5.6592993736267089844 5.8708209991455078125 5.457855224609375 4.51158905029296875 3.6764347553253173828 4.2499070167541503906 4.8669066429138183594 4.8093729019165039062 4.4743142127990722656 4.7175588607788085938 4.8383264541625976562 4.3697719573974609375 3.8467812538146972656 3.4632914066314697266 3.6144680976867675781 3.5437748432159423828 3.8266718387603759766 3.4853892326354980469 2.8317410945892333984 3.0503914356231689453
0 8.5469961166381835938 4.3818817138671875 1.7498639822006225586 6.0845155715942382812 4.8933596611022949219 2.6174180507659912109 4.0752215385437011719 5.4248809814453125 4.8093729019165039062 4.3035936355590820312 5.174190521240234375 6.1555604934692382812 4.0969786643981933594 1.9492734670639038086 2.0659399032592773438 2.0173788070678710938 2.3257904052734375 3.1865153312683105469 3.8741388320922851562 3.9396886825561523438 4.0979866981506347656 4.6363554000854492188 4.9057030677795410156 4.1336460113525390625 3.9382388591766357422 3.6506168842315673828 3.3999896049499511719 3.6406672000885009766 3.9940478801727294922 4.2943243980407714844 4.162906646728515625 3.9875974655151367188 3.9355854988098144531 4.396953582763671875 4.4221377372741699219 3.6427285671234130859 2.5468938350677490234 2.7526209354400634766 4.0188570022583007812
0 6.3159265518188476562 2.9840633869171142578 2.1388835906982421875 5.1372170448303222656 3.6211917400360107422 0.84242951869964599609 2.2945325374603271484 3.8419325351715087891 3.9719676971435546875 4.0158624649047851562 3.5841813087463378906 3.7993803024291992188 3.8294465541839599609 3.8808040618896484375 3.9679083824157714844 3.9189944267272949219 4.0046434402465820312 3.55573272705078125 2.5775022506713867188 2.5733685493469238281 2.6890435218811035156 3.4143424034118652344 4.2933454513549804688 4.7283158302307128906 4.6328458786010742188 4.6111402511596679688 3.8209729194641113281 3.6106719970703125 3.432804107666015625 3.5273175239562988281 3.5620987415313720703 3.5762448310852050781 4.0747389793395996094 4.2951359748840332031 3.9393150806427001953 3.5761182308197021484 3.3529932498931884766 3.8166170120239257812 4.1667342185974121094
0 2.2050085067749023438 1.1673241853713989258 1.3813897371292114258 4.3476619720458984375 3.9920160770416259766 3.4842464923858642578 3.5577218532562255859 4.2806496620178222656 3.9585649967193603516 3.6703350543975830078 2.5209367275238037109 1.7524836063385009766 2.3225731849670410156 3.317104339599609375 3.5001592636108398438 3.0618226528167724609 3.1263384819030761719 2.92656707763671875 2.4544608592987060547 3.0197322368621826172 3.1361644268035888672 3.2036139965057373047 3.5027637481689453125 2.6662361621856689453 2.3118684291839599609 3.7180740833282470703 4.60207366943359375 4.4341177940368652344 3.4422249794006347656 3.14823150634765625 3.3302862644195556641 2.9294710159301757812 3.2293763160705566406 3.6984848976135253906 3.8424708843231201172 3.9631676673889160156 3.9135444164276123047 4.0641932487487792969 4.3135371208190917969
0 1.2294160127639770508 0.98998272418975830078 2.4154183864593505859 4.0702829360961914062 5.3432455062866210938 4.1610383987426757812 2.8803856372833251953 3.5036039352416992188 3.9768970012664794922 3.6098268032073974609 3.0364072322845458984 2.967540740966796875 3.3255927562713623047 3.5712952613830566406 4.1391363143920898438 3.0879206657409667969 2.3912122249603271484 2.4993915557861328125 2.7445032596588134766 3.0083293914794921875 2.7528159618377685547 2.1682612895965576172 2.4271466732025146484 2.5939555168151855469 3.0222742557525634766 3.2715091705322265625 3.5875446796417236328 3.9356021881103515625 3.6144909858703613281 2.8210136890411376953 3.0007703304290771484 3.0445945262908935547 2.6584320068359375 2.3342862129211425781 2.3021831512451171875 1.607906341552734375 2.0405864715576171875 3.7746961116790771484 4.5348029136657714844
0 0.53997153043746948242 1.4690991640090942383 3.3292384147644042969 3.8257510662078857422 6.2471356391906738281 4.6586847305297851562 2.6318414211273193359 3.9534978866577148438 4.6420040130615234375 4.5808444023132324219 4.4954710006713867188 3.1437337398529052734 2.2593948841094970703 2.3015377521514892578 3.2876906394958496094 3.3593058586120605469 2.2271542549133300781 2.1635744571685791016 2.4196031093597412109 2.3935341835021972656 2.43853759765625 2.1150875091552734375 2.3620591163635253906 3.6343908309936523438 4.2421274185180664062 3.8624997138977050781 2.7948777675628662109 2.6092426776885986328 3.5214312076568603516 3.4477865695953369141 3.2443692684173583984 3.3983473777770996094 2.7689023017883300781 2.0264067649841308594 2.343997955322265625 2.2781467437744140625 2.9187963008880615234 3.437229156494140625 3.1682305335998535156
0 2.4536461830139160156 3.1322863101959228516 3.1863946914672851562 4.2833700180053710938 6.450214385986328125 5.305835723876953125 3.4137690067291259766 4.25510406494140625 4.5271277427673339844 3.8118619918823242188 4.2929058074951171875 2.7364017963409423828 1.3499124050140380859 0.86850750446319580078 0.9822635650634765625 2.330169677734375 1.9155126810073852539 1.9678926467895507812 1.4855542182922363281 1.6654092073440551758 2.0922276973724365234 2.3774294853210449219 2.7456085681915283203 2.9272344112396240234 2.3405499458312988281 3.0016071796417236328 2.7929155826568603516 2.6775491237640380859 2.9458348751068115234 3.6319131851196289062 4.280307769775390625 4.1570653915405273438 3.7300202846527099609 4.2682332992553710938 4.9962239265441894531 5.0351262092590332031 4.5324606895446777344 3.4102230072021484375 2.5203495025634765625
