wildfire/work/fuelmodels/1745/slope.asc
ncols        242
nrows        205
xllcorner    190270.000000000000
yllcorner    453090.000000000000
cellsize     5.000000000000
NODATA_value   -999
[rows 144 to 161 of 205, columns 200 to 239 of 242]
0.44998937845230102539 0.23162396252155303955 0.80115938186645507812 0.12728205323219299316 0.85971057415008544922 1.3592467308044433594 1.3803009986877441406 1.8145977258682250977 1.7731676101684570312 1.1994305849075317383 1.3457608222961425781 1.9467147588729858398 1.1708089113235473633 1.2522580623626708984 1.0836789608001708984 0.76632034778594970703 1.8011590242385864258 2.1485614776611328125 0.70077168941497802734 0.9677594304084777832 2.9239869117736816406 3.2389116287231445312 3.3546385765075683594 2.5040745735168457031 2.1038382053375244141 2.6722798347473144531 1.5275511741638183594 1.6886526346206665039 2.0630121231079101562 1.8221096992492675781 1.7842323780059814453 1.7053494453430175781 1.2987158298492431641 1.0127344131469726562 0.90107923746109008789 1.0533505678176879883 1.1955934762954711914 1.2178376913070678711 1.659343719482421875 0.94228452444076538086
0.40244501829147338867 0.32759803533554077148 0.58670830726623535156 0.55569136142730712891 0.70075738430023193359 0.5333817601203918457 0.67422747611999511719 1.0822776556015014648 1.5357940196990966797 1.0822911262512207031 1.050011754035949707 1.722767949104309082 1.5850820541381835938 1.1285339593887329102 0.41487768292427062988 0.52674174308776855469 1.5446462631225585938 1.9796917438507080078 0.69494295120239257812 0.32451993227005004883 3.2715308666229248047 2.9291527271270751953 2.7740263938903808594 3.503772735595703125 2.0740258693695068359 1.6826534271240234375 0.30017584562301635742 0.75430780649185180664 1.3048961162567138672 1.5773819684982299805 2.6404690742492675781 2.8966975212097167969 2.5213329792022705078 2.4095320701599121094 2.564304351806640625 2.6911191940307617188 2.362911224365234375 1.4426838159561157227 0.93581503629684448242 0.38446152210235595703
0.40247574448585510254 1.0151705741882324219 1.0186623334884643555 0.76496827602386474609 1.0495243072509765625 0.31977957487106323242 0.38181984424591064453 0.88006269931793212891 1.3784830570220947266 1.5902065038681030273 1.9477553367614746094 2.4661898612976074219 2.1911900043487548828 1.5716212987899780273 1.6608786582946777344 1.2986949682235717773 1.5075057744979858398 2.2223711013793945312 2.1222238540649414062 1.8089964389801025391 3.2466993331909179688 1.8738616704940795898 1.5125768184661865234 2.608516693115234375 2.1201350688934326172 0.90113151073455810547 0.52187228202819824219 0.45557522773742675781 0.91172498464584350586 1.5367749929428100586 1.6129225492477416992 1.8824692964553833008 2.3347189426422119141 1.8496695756912231445 1.755350947380065918 1.4388333559036254883 1.1209090948104858398 1.3060839176177978516 0.59782826900482177734 0.86438417434692382812
0.41851088404655456543 0.68318039178848266602 0.3514861762523651123 0.73461061716079711914 1.1472185850143432617 0.68834638595581054688 0.38445144891738891602 0.35146421194076538086 0.64033526182174682617 1.1067808866500854492 1.4228954315185546875 1.9924489259719848633 2.9113652706146240234 3.6323499679565429688 3.5841813087463378906 3.4444377422332763672 3.5724465847015380859 3.5342087745666503906 3.0858278274536132812 3.4008576869964599609 3.0304281711578369141 1.9888688325881958008 1.9735672473907470703 2.1670949459075927734 1.8204714059829711914 1.4759944677352905273 1.0187002420425415039 0.42691949009895324707 0.83517926931381225586 1.2920267581939697266 1.2778476476669311523 0.990955352783203125 1.5590076446533203125 1.1026704311370849609 1.2355614900588989258 1.2798502445220947266 1.1582138538360595703 1.5748529434204101562 1.2873197793960571289 1.7008886337280273438
0.68319165706634521484 1.307994842529296875 0.65597397089004516602 1.0505181550979614258 1.1249551773071289062 0.80311113595962524414 0.85912227630615234375 0.09547977149486541748 0.24235172569751739502 0.34268215298652648926 1.0766620635986328125 0.86850750446319580078 0.88468724489212036133 0.69858157634735107422 0.93580585718154907227 2.1831178665161132812 3.0618026256561279297 2.3708391189575195312 3.1495106220245361328 3.5118129253387451172 2.238048553466796875 2.6241436004638671875 2.799961090087890625 2.7885637283325195312 2.5782537460327148438 2.4252245426177978516 1.9407267570495605469 0.83281064033508300781 1.2240356206893920898 1.8551272153854370117 1.1569215059280395508 0.68020540475845336914 0.66211557388305664062 1.9281625747680664062 2.0326750278472900391 1.9477474689483642578 2.0740096569061279297 2.4114177227020263672 2.6790587902069091797 2.3765888214111328125
1.7300801277160644531 2.2905108928680419922 1.8232207298278808594 1.7754181623458862305 0.84003716707229614258 0.16228428483009338379 0.81310427188873291016 0.47304719686508178711 0.82606673240661621094 1.0127009153366088867 1.5275213718414306641 0.95347326993942260742 1.0576587915420532227 1.5088485479354858398 1.7192265987396240234 1.7315561771392822266 1.4639250040054321289 2.6086909770965576172 3.331203460693359375 2.9513220787048339844 1.5901815891265869141 1.6862292289733886719 2.1400265693664550781 1.8813942670822143555 2.2008671760559082031 2.8952653408050537109 2.8374221324920654297 2.0204012393951416016 1.3260478973388671875 2.10285186767578125 1.544653773307800293 1.3397316932678222656 1.3172658681869506836 1.412919163703918457 1.4398930072784423828 1.667235255241394043 2.1428816318511962891 2.7441692352294921875 2.9295375347137451172 2.7025873661041259766
2.1551201343536376953 1.6304068565368652344 0.73251748085021972656 0.39866346120834350586 0.71145427227020263672 0.72625595331192016602 0.73460429906845092773 0.52183383703231811523 0.41486838459968566895 0.10064450651407241821 0.94443571567535400391 0.91614669561386108398 1.7613967657089233398 2.3414325714111328125 2.1877644062042236328 0.9822635650634765625 1.6101106405258178711 2.7533504962921142578 2.9325921535491943359 2.3842272758483886719 0.7643362879753112793 0.87775975465774536133 2.2414128780364990234 2.0106089115142822266 1.5641928911209106445 2.2643210887908935547 2.6084847450256347656 2.7234170436859130859 1.7103675603866577148 1.2474009990692138672 1.0577208995819091797 0.32758623361587524414 1.408974766731262207 1.5564215183258056641 0.48463299870491027832 1.1356834173202514648 2.2155652046203613281 2.6087250709533691406 2.7500581741333007812 3.4679424762725830078
1.3898130655288696289 1.0766499042510986328 0.37245023250579833984 0.89148890972137451172 0.99911111593246459961 1.7861808538436889648 1.3245307207107543945 0.72626769542694091797 0.48674869537353515625 0.54468059539794921875 1.0152245759963989258 1.8356803655624389648 2.0973165035247802734 1.9142122268676757812 1.8411896228790283203 1.8469531536102294922 1.8532491922378540039 2.7705516815185546875 3.1501371860504150391 2.8374495506286621094 2.0203926563262939453 1.2277725934982299805 1.7218834161758422852 1.6907625198364257812 1.3506538867950439453 1.6681624650955200195 2.2499973773956298828 2.4847872257232666016 2.2907507419586181641 1.3813747167587280273 1.2115945816040039062 1.2983186244964599609 1.3813998699188232422 1.3045281171798706055 0.95719420909881591797 2.1712584495544433594 3.5689074993133544922 3.2015583515167236328 3.0591368675231933594 2.8889758586883544922
2.0929868221282958984 1.8315365314483642578 1.7648596763610839844 2.5835733413696289062 1.7324584722518920898 1.9842854738235473633 2.1670677661895751953 2.1513655185699462891 2.0033099651336669922 2.4987936019897460938 2.1775240898132324219 2.2063822746276855469 2.4470169544219970703 1.8902430534362792969 2.0844607353210449219 2.7038567066192626953 2.6410737037658691406 2.831050872802734375 3.3433125019073486328 3.4991381168365478516 2.7667114734649658203 2.1400411128997802734 1.8137518167495727539 1.228184819221496582 1.5018000602722167969 1.6501448154449462891 1.7440890073776245117 2.2351319789886474609 2.5609862804412841797 2.1670451164245605469 1.7827794551849365234 2.219875335693359375 1.9155308008193969727 1.1370446681976318359 1.9112809896469116211 3.5762274265289306641 3.2745959758758544922 1.9325708150863647461 2.3411684036254882812 2.5593721866607666016
1.6012461185455322266 1.7725517749786376953 2.3433640003204345703 2.5050542354583740234 1.8510336875915527344 1.8551073074340820312 1.8705842494964599609 2.6032514572143554688 2.9609012603759765625 2.5213541984558105469 2.2533657550811767578 2.6926240921020507812 2.4179148674011230469 0.93148416280746459961 0.67120820283889770508 1.3294763565063476562 1.9642831087112426758 1.9383816719055175781 1.9352192878723144531 2.4227559566497802734 2.1768698692321777344 2.5072653293609619141 1.8513090610504150391 1.5619032382965087891 1.9260179996490478516 1.5946193933486938477 1.0971403121948242188 1.5748358964920043945 2.4575927257537841797 1.7679991722106933594 1.4299911260604858398 2.2807817459106445312 2.4196126461029052734 1.6681565046310424805 2.4717133045196533203 2.9403243064880371094 1.9367772340774536133 1.3663159608840942383 1.5008119344711303711 2.5552496910095214844
1.4510606527328491211 2.1388719081878662109 2.7573885917663574219 2.1317889690399169922 1.9534589052200317383 2.3334109783172607422 1.9352089166641235352 2.2765715122222900391 2.8122084140777587891 2.3502409458160400391 2.4246206283569335938 3.1328053474426269531 2.3472867012023925781 1.1113806962966918945 0.54093718528747558594 1.4739040136337280273 1.8781846761703491211 0.95350486040115356445 1.710360407829284668 2.7871007919311523438 2.4095680713653564453 1.9155347347259521484 1.6276233196258544922 1.7324317693710327148 2.1635353565216064453 1.9676291942596435547 1.2445588111877441406 1.2115710973739624023 2.9655177593231201172 2.2907636165618896484 1.3080260753631591797 2.1768484115600585938 2.2980401515960693359 2.3984036445617675781 3.1141793727874755859 2.6086909770965576172 1.8469322919845581055 1.8453077077865600586 1.6799399852752685547 2.5058526992797851562
1.9134161472320556641 2.4896714687347412109 2.3414180278778076172 2.4692504405975341797 2.2086935043334960938 2.3912596702575683594 2.7674927711486816406 2.6241767406463623047 2.2854685783386230469 2.6662023067474365234 3.0898940563201904297 2.7542760372161865234 1.8179600238800048828 2.0204222202301025391 1.3241792917251586914 2.9873948097229003906 2.6318418979644775391 1.5515154600143432617 2.0153748989105224609 3.1154537200927734375 1.9229108095169067383 1.2178605794906616211 1.3737062215805053711 2.2024922370910644531 1.947190403938293457 2.3861384391784667969 2.0401141643524169922 0.84903800487518310547 2.7749052047729492188 2.7363934516906738281 1.6535599231719970703 2.1939806938171386719 2.11913299560546875 2.1893589496612548828 2.9880986213684082031 3.0682373046875 2.3689360618591308594 2.1939868927001953125 2.9485690593719482422 2.575115203857421875
2.3882510662078857422 2.5615372657775878906 2.2907419204711914062 2.5678334236145019531 2.7676177024841308594 2.5641176700592041016 2.3848946094512939453 2.1381905078887939453 2.0472960472106933594 2.8251543045043945312 3.513149261474609375 2.5389454364776611328 1.6889467239379882812 1.936812281608581543 2.7526209354400634766 4.0258383750915527344 1.435665130615234375 1.0201525688171386719 2.2607290744781494141 2.5229368209838867188 1.2392548322677612305 0.61206758022308349609 0.55572056770324707031 1.9678926467895507812 1.2586973905563354492 1.5978010892868041992 2.3048496246337890625 1.1405848264694213867 1.972742915153503418 2.5325510501861572266 1.7222096920013427734 2.1388835906982421875 2.5484702587127685547 1.9984875917434692383 2.6465692520141601562 3.4165620803833007812 2.5058870315551757812 2.1381738185882568359 3.4125721454620361328 2.5898051261901855469
2.8317410945892333984 2.8741023540496826172 2.5040531158447265625 2.3671877384185791016 2.7239708900451660156 3.0541779994964599609 2.5058531761169433594 1.8584035634994506836 2.4070456027984619141 2.8167212009429931641 1.861954808235168457 1.1208802461624145508 1.7510294914245605469 1.5937103033065795898 3.2375137805938720703 4.2531523704528808594 1.8098399639129638672 0.7255827784538269043 2.0502080917358398438 1.7394200563430786133 1.0818139314651489258 0.5179894566535949707 0.54745721817016601562 1.4132562875747680664 1.4405714273452758789 1.0634363889694213867 1.8137667179107666016 2.0063097476959228516 2.0243954658508300781 2.5467195510864257812 1.4763348102569580078 1.6937197446823120117 2.3541400432586669922 2.0482807159423828125 2.4759945869445800781 3.4036557674407958984 3.1946010589599609375 3.0277717113494873047 3.2640900611877441406 2.3048443794250488281
2.0932221412658691406 2.3485591411590576172 2.6034615039825439453 2.6679096221923828125 2.7776563167572021484 3.0503597259521484375 3.3995194435119628906 2.7749271392822265625 2.0224027633666992188 1.7507033348083496094 1.3773381710052490234 1.2445549964904785156 1.4388273954391479492 1.7472672462463378906 2.7623474597930908203 3.2331125736236572266 2.6785233020782470703 2.3225829601287841797 2.4331314563751220703 1.622633814811706543 1.14720916748046875 0.92766839265823364258 0.81123757362365722656 1.4031932353973388672 2.1239206790924072266 1.3355900049209594727 1.2998728752136230469 1.9500522613525390625 2.4528136253356933594 2.3485605716705322266 1.710384368896484375 1.7524368762969970703 1.9919009208679199219 1.8447523117065429688 2.0331475734710693359 3.0142171382904052734 3.4348518848419189453 4.1508507728576660156 4.0671830177307128906 3.0669307708740234375
2.3138158321380615234 2.7291898727416992188 3.2166726589202880859 3.0641226768493652344 2.6546466350555419922 2.2810370922088623047 2.4760258197784423828 2.7006888389587402344 1.6886346340179443359 0.90501570701599121094 1.3234015703201293945 1.8835797309875488281 1.4489891529083251953 1.7405713796615600586 2.5522739887237548828 2.6737699508666992188 2.4977681636810302734 2.9156930446624755859 3.7274343967437744141 3.184600830078125 2.1267712116241455078 2.0221714973449707031 1.0495477914810180664 0.91114395856857299805 1.9931809902191162109 1.5288627147674560547 1.4649863243103027344 2.0922517776489257812 2.8260085582733154297 2.5816187858581542969 2.533184051513671875 2.4943203926086425781 2.48720550537109375 1.9367827177047729492 1.8364869356155395508 2.7474904060363769531 2.8236937522888183594 3.4367737770080566406 4.1435303688049316406 4.0909228324890136719
2.8172371387481689453 2.9547636508941650391 2.7967164516448974609 2.2535748481750488281 1.898797154426574707 1.5987615585327148438 1.7417542934417724609 1.9091618061065673828 1.7405923604965209961 1.6672513484954833984 1.5008002519607543945 1.736271977424621582 1.8771089315414428711 1.9302241802215576172 2.3935430049896240234 2.6102120876312255859 2.5267312526702880859 2.6775739192962646484 3.2766296863555908203 3.5266082286834716797 3.1578631401062011719 2.9265573024749755859 1.8056691884994506836 0.77418792247772216797 1.7929816246032714844 1.3184032440185546875 1.4204046726226806641 2.1967461109161376953 2.4279389381408691406 1.7918702363967895508 1.7639901638031005859 2.5647094249725341797 3.1009953022003173828 2.2596242427825927734 1.5225356817245483398 2.3588356971740722656 3.0259397029876708984 3.5734345912933349609 3.3786499500274658203 3.5393364429473876953
3.1758892536163330078 3.2499766349792480469 2.4196012020111083984 1.9344360828399658203 1.9969725608825683594 1.6213792562484741211 1.5301953554153442383 1.5987558364868164062 1.2842042446136474609 1.5716085433959960938 2.2136793136596679688 1.6338255405426025391 1.9292086362838745117 2.0912466049194335938 2.2180347442626953125 2.6208465099334716797 2.6463866233825683594 3.0259385108947753906 2.9405364990234375 2.0361182689666748047 2.1532640457153320312 3.2981281280517578125 3.0068299770355224609 1.5642169713973999023 1.9809566736221313477 0.94443571567535400391 0.70650970935821533203 2.5468723773956298828 2.3945760726928710938 1.4597785472869873047 0.90444320440292358398 1.4122148752212524414 2.8016088008880615234 2.3994767665863037109 1.7533574104309082031 1.6129225492477416992 1.7682884931564331055 2.9942159652709960938 3.4997107982635498047 3.7317929267883300781
