wildfire/work/fuelmodels/1745/slope.asc
ncols        242
nrows        205
xllcorner    190270.000000000000
yllcorner    453090.000000000000
cellsize     5.000000000000
NODATA_value   -999
[rows 36 to 53 of 205, columns 80 to 119 of 242]
2.0688583850860595703 2.2050251960754394531 1.6213958263397216797 2.5894200801849365234 3.9600081443786621094 4.807281494140625 5.3437047004699707031 5.4493837356567382812 5.6527099609375 5.2173252105712890625 4.8814592361450195312 4.5232930183410644531 3.7585875988006591797 2.1953451633453369141 1.509190678596496582 0.91612392663955688477 2.5520827770233154297 4.7291107177734375 4.6627974510192871094 3.6406283378601074219 2.5480678081512451172 2.9078545570373535156 3.0749745368957519531 3.2889187335968017578 3.640651702880859375 4.0046186447143554688 4.0958728790283203125 4.3421034812927246094 4.1249904632568359375 4.0697970390319824219 4.1030220985412597656 4.6035952568054199219 5.2120466232299804688 4.5038709640502929688 3.5896291732788085938 2.9446074962615966797 2.8236763477325439453 3.1256728172302246094 3.2838616371154785156 3.1897153854370117188
1.6838268041610717773 2.5096912384033203125 2.9518749713897705078 3.1036162376403808594 3.65673828125 4.4039778709411621094 5.3667688369750976562 4.5586795806884765625 4.3395667076110839844 4.4390053749084472656 4.8059940338134765625 4.4358887672424316406 3.5683150291442871094 2.5090694427490234375 1.9665811061859130859 2.1431415081024169922 4.4204478263854980469 5.7206287384033203125 4.3975195884704589844 3.7086827754974365234 3.2541584968566894531 2.9196579456329345703 2.7351245880126953125 3.1487352848052978516 3.2986204624176025391 3.731113433837890625 3.7756521701812744141 4.0389194488525390625 3.4090511798858642578 2.7225384712219238281 3.1119284629821777344 3.9814991950988769531 4.9476819038391113281 5.2761425971984863281 3.9875714778900146484 2.7040522098541259766 2.2843327522277832031 2.60479736328125 2.9758887290954589844 3.3947901725769042969
2.8124108314514160156 2.9120173454284667969 2.9161851406097412109 3.4912030696868896484 3.8102741241455078125 4.6230492591857910156 5.0937895774841308594 3.7523193359375 3.6787710189819335938 3.874011993408203125 4.1132187843322753906 3.6737954616546630859 3.1720681190490722656 3.1693644523620605469 2.273040771484375 3.4126093387603759766 6.3398261070251464844 5.1079707145690917969 3.3995387554168701172 3.4759490489959716797 3.5501620769500732422 3.5096819400787353516 3.3425688743591308594 3.4257299900054931641 3.22011566162109375 3.3019430637359619141 3.3395316600799560547 3.7262041568756103516 3.8828582763671875 3.5066289901733398438 3.01384735107421875 2.0571124553680419922 2.6662147045135498047 4.1646070480346679688 4.28769683837890625 2.9291481971740722656 2.5106995105743408203 2.8395760059356689453 2.6661839485168457031 3.1907961368560791016
3.6066448688507080078 4.6932196617126464844 5.9161820411682128906 6.1592297554016113281 6.2795734405517578125 6.771610260009765625 5.6778898239135742188 3.7873787879943847656 3.2909307479858398438 2.8312468528747558594 2.7327141761779785156 3.1592664718627929688 3.1422827243804931641 2.83263397216796875 4.21456146240234375 6.5425395965576171875 6.9248213768005371094 3.8352124691009521484 2.9797930717468261719 3.3396828174591064453 2.9279637336730957031 2.3893399238586425781 2.2729952335357666016 2.2969176769256591797 2.6941041946411132812 2.7060842514038085938 2.2765581607818603516 2.5768597126007080078 3.3177967071533203125 3.1907961368560791016 1.9924285411834716797 1.7254096269607543945 2.5815987586975097656 3.2248752117156982422 3.759815216064453125 3.5805997848510742188 2.7948987483978271484 2.4179391860961914062 2.0146543979644775391 2.1267755031585693359
5.5819764137268066406 6.4421877861022949219 7.381488800048828125 8.0608510971069335938 7.9962854385375976562 7.1291642189025878906 5.5717744827270507812 4.5339908599853515625 3.6378455162048339844 2.7936654090881347656 2.4165005683898925781 2.4999895095825195312 2.7485785484313964844 4.5428223609924316406 6.7042660713195800781 6.5179128646850585938 4.6451716423034667969 2.9627954959869384766 3.0490543842315673828 3.0103538036346435547 2.3878331184387207031 2.1018805503845214844 1.4639002084732055664 0.804950714111328125 1.0261158943176269531 2.3644013404846191406 2.7883710861206054688 2.6404631137847900391 2.1932549476623535156 2.5163075923919677734 2.3912189006805419922 1.8814167976379394531 2.5892226696014404297 3.3690817356109619141 3.0894320011138916016 2.7994360923767089844 2.9643220901489257812 2.6204826831817626953 2.3908193111419677734 2.2342200279235839844
7.4438161849975585938 7.5052499771118164062 7.2154636383056640625 7.40544891357421875 7.3740067481994628906 6.3280892372131347656 5.1528210639953613281 4.4390077590942382812 4.0910406112670898438 3.4280951023101806641 2.6557841300964355469 2.7650976181030273438 4.1030278205871582031 6.0590672492980957031 4.791088104248046875 3.1660258769989013672 3.3809278011322021484 3.0982294082641601562 2.6456711292266845703 2.6395361423492431641 2.4153897762298583984 2.0659356117248535156 1.6961187124252319336 1.7359569072723388672 2.0093731880187988281 2.6108098030090332031 3.1300330162048339844 2.9874484539031982422 2.3223409652709960938 1.8942543268203735352 2.4179151058197021484 2.5016069412231445312 2.4546663761138916016 2.9547340869903564453 2.7822172641754150391 2.7720477581024169922 3.2638034820556640625 3.5622267723083496094 3.0488693714141845703 2.8486437797546386719
8.0549039840698242188 8.3862628936767578125 7.6533079147338867188 6.5811753273010253906 5.1508650779724121094 4.2049846649169921875 3.7547237873077392578 3.9902546405792236328 3.9753975868225097656 3.8114488124847412109 3.7976448535919189453 4.8685507774353027344 5.9315323829650878906 4.993686676025390625 4.0071377754211425781 4.5063447952270507812 4.2877025604248046875 3.3928320407867431641 3.0872960090637207031 2.7885677814483642578 2.3755180835723876953 2.2836797237396240234 2.21988677978515625 2.2098443508148193359 2.40535736083984375 2.5040643215179443359 2.5591950416564941406 3.0329422950744628906 3.3409168720245361328 2.4845712184906005859 1.9260405302047729492 3.0192267894744873047 3.6895651817321777344 3.1274170875549316406 3.05779266357421875 3.8448226451873779297 3.4120156764984130859 2.8691954612731933594 2.4348225593566894531 2.4776437282562255859
7.0301594734191894531 6.36293792724609375 5.3055286407470703125 3.6406178474426269531 2.3646154403686523438 1.7053300142288208008 1.8257162570953369141 3.3312349319458007812 3.3809039592742919922 2.4955327510833740234 4.0892062187194824219 6.2676839828491210938 5.9801306724548339844 4.9296841621398925781 4.8031773567199707031 4.2953591346740722656 3.0662441253662109375 2.6462066173553466797 2.7066524028778076172 2.6888449192047119141 3.3019659519195556641 3.6853377819061279297 3.1196827888488769531 2.7178475856781005859 2.4757928848266601562 1.8643811941146850586 1.7842168807983398438 2.8488097190856933594 3.9127967357635498047 3.9811329841613769531 2.1267845630645751953 1.6799501180648803711 3.6027264595031738281 3.7121109962463378906 2.7527842521667480469 2.5962190628051757812 2.9583237171173095703 3.1256961822509765625 3.1883137226104736328 3.2074232101440429688
4.2433385848999023438 2.5389413833618164062 1.9932031631469726562 2.2685716152191162109 2.6410460472106933594 1.6225924491882324219 0.92271560430526733398 1.7507570981979370117 3.4044306278228759766 3.5824415683746337891 4.9574480056762695312 5.396999359130859375 5.0791354179382324219 5.5947198867797851562 5.8165693283081054688 5.0634918212890625 4.1990876197814941406 3.5734162330627441406 3.5027399063110351562 3.5027399063110351562 3.5610997676849365234 2.9872312545776367188 2.7894642353057861328 2.9643292427062988281 2.8568093776702880859 2.0825436115264892578 1.0836831331253051758 1.4680707454681396484 2.9609112739562988281 3.8104245662689208984 2.7403039932250976562 1.686275482177734375 2.7970929145812988281 4.0567722320556640625 3.2914044857025146484 2.5576021671295166016 2.9022600650787353516 2.8975605964660644531 2.5149445533752441406 3.1846492290496826172
2.8267438411712646484 1.5288627147674560547 1.0519375801086425781 1.4514354467391967773 2.4385826587677001953 2.9403474330902099609 2.7776572704315185547 3.1327831745147705078 4.7584486007690429688 6.4035854339599609375 6.3794283866882324219 5.2712397575378417969 4.8494510650634765625 5.0035953521728515625 4.603702545166015625 4.5242137908935546875 4.743679046630859375 4.578533172607421875 4.2670745849609375 3.2168550491333007812 2.5780706405639648438 2.4461998939514160156 2.2962746620178222656 2.0033173561096191406 1.8795182704925537109 2.3101167678833007812 2.2940807342529296875 1.8048173189163208008 2.3231873512268066406 3.3469634056091308594 3.4457325935363769531 2.5695970058441162109 1.6608251333236694336 2.6362614631652832031 3.3132674694061279297 2.8822019100189208984 2.692653656005859375 2.7143111228942871094 2.4596033096313476562 2.5018274784088134766
3.0898654460906982422 2.5733447074890136719 1.9438248872756958008 1.3684979677200317383 1.8221012353897094727 2.7358305454254150391 3.8741421699523925781 5.0604333877563476562 5.9045519828796386719 6.3413648605346679688 6.3553700447082519531 5.9669961929321289062 5.6155095100402832031 5.2986035346984863281 4.7431583404541015625 4.5927476882934570312 4.9906048774719238281 4.193817138671875 2.8821897506713867188 2.7008740901947021484 2.4009101390838623047 1.6826301813125610352 1.5463086366653442383 2.1710453033447265625 2.0083479881286621094 2.0934484004974365234 2.4227445125579833984 2.0146155357360839844 1.9734976291656494141 2.6115937232971191406 2.6909441947937011719 2.7981393337249755859 2.2289400100708007812 1.9229019880294799805 2.2607433795928955078 2.7143111228942871094 2.7863829135894775391 3.1327691078186035156 3.3019542694091796875 2.4385497570037841797
2.7313890457153320312 3.3996617794036865234 3.2075548171997070312 2.6241643428802490234 2.1635656356811523438 1.9817017316818237305 3.6206085681915283203 4.8478984832763671875 5.0111513137817382812 4.8762378692626953125 5.2021803855895996094 5.4843153953552246094 5.1142244338989257812 4.7968821525573730469 5.0365381240844726562 5.2683644294738769531 5.0078172683715820312 4.0358872413635253906 2.7225005626678466797 2.8793661594390869141 2.9774415493011474609 2.2721502780914306641 1.9931931495666503906 1.9931807518005371094 2.2325959205627441406 2.0912654399871826172 1.6229530572891235352 1.5959304571151733398 2.0133755207061767578 2.2914180755615234375 2.3541631698608398438 3.1016662120819091797 3.5624842643737792969 2.7038648128509521484 2.023410797119140625 2.5058462619781494141 2.7667126655578613281 2.6830141544342041016 3.0957834720611572266 2.9636304378509521484
1.6012912988662719727 2.1191372871398925781 2.3301317691802978516 2.2463898658752441406 2.4070665836334228516 4.2971334457397460938 5.3714375495910644531 4.7200989723205566406 4.4512386322021484375 4.6295032501220703125 4.4057850837707519531 4.2518787384033203125 4.514736175537109375 4.8069643974304199219 4.7215175628662109375 4.3697910308837890625 4.5401525497436523438 5.0509214401245117188 4.1726503372192382812 3.4408762454986572266 3.1141726970672607422 2.8850057125091552734 2.4969687461853027344 2.1717247962951660156 2.0740282535552978516 2.2043402194976806641 2.5155236721038818359 2.0121488571166992188 2.0401155948638916016 2.1960601806640625 1.5603303909301757812 2.1374800205230712891 3.6489396095275878906 3.1514115333557128906 2.0759706497192382812 1.7429178953170776367 2.1967656612396240234 2.552036285400390625 2.6204783916473388672 3.0682218074798583984
0.94444310665130615234 0.86847454309463500977 0.77418792247772216797 1.9091624021530151367 2.5774810314178466797 4.4522738456726074219 4.2365498542785644531 4.3711533546447753906 4.5240888595581054688 4.2125110626220703125 3.9601109027862548828 3.546329498291015625 3.5141425132751464844 3.7048833370208740234 3.4226367473602294922 3.2443692684173583984 4.2682433128356933594 5.3270854949951171875 4.6003198623657226562 3.3425796031951904297 2.2836568355560302734 2.0206506252288818359 2.0932109355926513672 1.8714293241500854492 1.4462065696716308594 1.5959314107894897461 2.4352295398712158203 2.6991527080535888672 2.2024683952331542969 2.5229551792144775391 2.0264248847961425781 1.8257611989974975586 3.2436127662658691406 3.122913360595703125 2.9099242687225341797 2.2461588382720947266 1.9417808055877685547 2.5784828662872314453 2.2153191566467285156 2.3901517391204833984
1.6693797111511230469 1.6129533052444458008 1.4014110565185546875 1.9017316102981567383 2.2940659523010253906 3.5403451919555664062 2.8037650585174560547 3.0537154674530029297 2.7970857620239257812 2.6750791072845458984 2.4348039627075195312 2.1124758720397949219 2.1057529449462890625 1.4977377653121948242 1.802281498908996582 2.1150774955749511719 2.2774519920349121094 3.4811730384826660156 3.0232660770416259766 2.8488526344299316406 2.5774767398834228516 1.0576865673065185547 0.6809698939323425293 0.82728344202041625977 0.94921660423278808594 0.94602251052856445312 0.96300894021987915039 2.0360939502716064453 2.3225257396697998047 2.4912788867950439453 2.1388518810272216797 2.1028373241424560547 2.9665405750274658203 2.8707358837127685547 3.1501371860504150391 2.8709034919738769531 2.2353198528289794922 2.7262291908264160156 2.87778472900390625 2.7180330753326416016
1.7089335918426513672 1.8619464635848999023 2.2343926429748535156 3.4467451572418212891 4.2711873054504394531 4.3503437042236328125 3.8104004859924316406 3.263019561767578125 1.6702599525451660156 1.1454529762268066406 1.3142179250717163086 1.2920453548431396484 0.57360094785690307617 0.78715586662292480469 0.54372441768646240234 0.56295984983444213867 0.82974141836166381836 2.3153209686279296875 2.8656225204467773438 2.5837454795837402344 3.1172392368316650391 1.7570450305938720703 1.1285339593887329102 0.99402749538421630859 0.87369960546493530273 1.2806273698806762695 1.3898130655288696289 1.3736881017684936523 1.8204473257064819336 2.1960601806640625 1.7748435735702514648 1.7997498512268066406 2.4845724105834960938 2.0718131065368652344 2.2589285373687744141 2.5766680240631103516 1.9531502723693847656 2.0558850765228271484 2.5195384025573730469 2.4987838268280029297
1.2445290088653564453 2.2495141029357910156 3.6673314571380615234 3.9973065853118896484 3.9976816177368164062 3.9324839115142822266 3.7157781124114990234 2.5579659938812255859 1.763966679573059082 1.6304229497909545898 1.329150080680847168 0.4846776127815246582 0.82975077629089355469 0.42806082963943481445 1.3412281274795532227 0.45889809727668762207 0.38840326666831970215 1.0305439233779907227 2.2542393207550048828 2.3534958362579345703 2.6633651256561279297 2.6264357566833496094 1.7498785257339477539 1.0261579751968383789 0.25656646490097045898 0.53340488672256469727 1.2826375961303710938 0.89600187540054321289 1.024634242057800293 1.3784830570220947266 1.3060839176177978516 1.4089758396148681641 2.0973443984985351562 2.2064092159271240234 1.1772501468658447266 2.2589533329010009766 2.2337462902069091797 2.1165301799774169922 2.4813232421875 2.0854709148406982422
0.69784295558929443359 2.0681729316711425781 2.6525213718414306641 2.5892403125762939453 3.0982441902160644531 3.3959801197052001953 2.8705892562866210938 2.093212127685546875 2.5443358421325683594 2.8953142166137695312 1.8899565935134887695 1.2826008796691894531 0.83521533012390136719 0.54373860359191894531 0.60035270452499389648 0.5409157872200012207 0.40748941898345947266 0.58672147989273071289 1.1249243021011352539 1.9438562393188476562 1.9725208282470703125 2.1400530338287353516 1.7183579206466674805 1.2413482666015625 0.92932540178298950195 0.801204681396484375 1.1357072591781616211 1.3427430391311645508 1.0364191532135009766 1.0804295539855957031 1.142355799674987793 0.94600784778594970703 1.4903198480606079102 2.6003792285919189453 1.7963843345642089844 1.9228855371475219727 2.5251505374908447266 2.0371015071868896484 2.0032968521118164062 2.3440029621124267578
