wildfire/work/fuelmodels/1745/slope.asc
ncols        242
nrows        205
xllcorner    190270.000000000000
yllcorner    453090.000000000000
cellsize     5.000000000000
NODATA_value   -999
[rows 162 to 179 of 205, columns 120 to 159 of 242]
0.86556136608123779297 0.73805153369903564453 1.7521845102310180664 1.2826231718063354492 1.3696136474609375 0.71502280235290527344 0.64897900819778442383 0.33220821619033813477 0.58064919710159301758 1.8231993913650512695 0.79610979557037353516 1.0576968193054199219 2.5656888484954833984 3.0772693157196044922 2.5480921268463134766 2.7038605213165283203 2.7157971858978271484 2.3810317516326904297 2.3474500179290771484 2.5657050609588623047 2.9887862205505371094 2.9880766868591308594 1.1099928617477416992 0.86555063724517822266 1.6799142360687255859 0.74214667081832885742 0.82973778247833251953 1.1926232576370239258 1.1994080543518066406 1.3291118144989013672 1.0818352699279785156 1.258742213249206543 1.8444845676422119141 1.7645618915557861328 1.8157305717468261719 1.5911421775817871094 0.95718532800674438477 3.2298617362976074219 3.5100994110107421875 2.8086159229278564453
0.30016297101974487305 0.70073860883712768555 1.8011859655380249023 1.0860269069671630859 1.0971579551696777344 0.89996308088302612305 0.70435160398483276367 0.64429432153701782227 0.59783864021301269531 1.2424949407577514648 1.4680587053298950195 1.6547625064849853516 1.8838360309600830078 2.7396957874298095703 3.6577968597412109375 3.0284161567687988281 2.5082826614379882812 2.9031364917755126953 3.1016423702239990234 2.3742620944976806641 2.8310363292694091797 3.3710145950317382812 1.6910367012023925781 1.6063321828842163086 1.9678926467895507812 1.0152040719985961914 0.7213700413703918457 0.92496001720428466797 1.3103241920471191406 1.1190454959869384766 1.2074011564254760742 1.6304229497909545898 1.2294116020202636719 1.1811128854751586914 1.8838099241256713867 1.5377520322799682617 2.0912756919860839844 3.6827225685119628906 3.0772778987884521484 2.6177880764007568359
0.32757681608200073242 0.51011687517166137695 2.1222817897796630859 1.1154474020004272461 1.050011754035949707 1.1370066404342651367 0.33220124244689941406 0.50310236215591430664 1.0818338394165039062 0.88636445999145507812 0.27369445562362670898 1.2715151309967041016 1.1668943166732788086 1.3740510940551757812 3.3443787097930908203 3.1154537200927734375 2.1317598819732666016 2.6768181324005126953 3.9324839115142822266 2.6700127124786376953 2.8509738445281982422 3.4990127086639404297 2.9655270576477050781 3.0259130001068115234 2.6479647159576416016 1.5305482149124145508 1.1476457118988037109 1.4514461755752563477 0.85675489902496337891 0.99860727787017822266 1.083703160285949707 0.70653051137924194336 0.5736319422721862793 1.6669157743453979492 2.1057288646697998047 1.9492734670639038086 3.0103297233581542969 2.6092438697814941406 2.2927403450012207031 3.3696722984313964844
0.31341004371643066406 0.80118060111999511719 2.1866123676300048828 1.7053703069686889648 1.3685166835784912109 1.4444043636322021484 1.2477827072143554688 1.0533609390258789062 1.5225682258605957031 2.1374566555023193359 0.61780983209609985352 0.52671968936920166016 0.69785732030868530273 1.3234015703201293945 3.4759678840637207031 2.6890544891357421875 1.4984167814254760742 2.1296305656433105469 3.7993838787078857422 2.7234454154968261719 2.4743661880493164062 3.1050755977630615234 2.7705516815185546875 3.4985306262969970703 3.7473049163818359375 2.8183314800262451172 1.8223841190338134766 1.9221274852752685547 1.3666813373565673828 1.17383575439453125 1.1807285547256469727 1.1383744478225708008 1.5977774858474731445 2.2289409637451171875 1.9888688325881958008 2.1324963569641113281 2.2587289810180664062 1.6544327735900878906 2.3901581764221191406 4.004268646240234375
0.43278351426124572754 0.59445482492446899414 0.70647585391998291016 1.511912226676940918 1.4374536275863647461 1.0619959831237792969 1.1926497220993041992 1.1141103506088256836 1.094834446907043457 2.6231806278228759766 1.964261174201965332 2.0532176494598388672 1.7680324316024780273 1.7602591514587402344 3.5036292076110839844 3.26873779296875 1.6889454126358032227 2.0022861957550048828 3.4598119258880615234 2.8946154117584228516 2.3333957195281982422 2.546703338623046875 2.3994553089141845703 2.9960243701934814453 3.76599884033203125 4.4480710029602050781 3.2251369953155517578 2.7769415378570556641 1.9425423145294189453 1.4666565656661987305 2.3225340843200683594 2.2407231330871582031 2.0032742023468017578 2.6084923744201660156 2.8509738445281982422 2.9554336071014404297 2.3440029621124267578 2.0844907760620117188 2.6633651256561279297 3.3570966720581054688
0.5736548304557800293 0.52958619594573974609 0.29332569241523742676 0.9909865260124206543 0.95933061838150024414 1.2044761180877685547 1.4984378814697265625 0.92329269647598266602 0.31980615854263305664 1.8835585117340087891 0.61452847719192504883 1.0634400844573974609 1.5697178840637207031 1.8359650373458862305 2.6616759300231933594 3.2004563808441162109 1.9924055337905883789 1.6275991201400756836 3.1617121696472167969 2.2064092159271240234 1.528513789176940918 2.3646428585052490234 1.9142042398452758789 2.1457021236419677734 2.7358469963073730469 4.4919033050537109375 4.094417572021484375 3.2467193603515625 4.0358972549438476562 2.7006659507751464844 1.5275208950042724609 1.0836831331253051758 1.2587342262268066406 2.7314298152923583984 2.6133334636688232422 2.4595813751220703125 2.4999711513519287109 2.9362168312072753906 3.4932446479797363281 3.2448747158050537109
0.34270471334457397461 0.92492496967315673828 1.3091543912887573242 0.49703666567802429199 0.89147508144378662109 1.4739097356796264648 1.6424553394317626953 1.0836831331253051758 0.71789652109146118164 1.6304173469543457031 1.4064357280731201172 1.1031134128570556641 1.1154487133026123047 2.0647439956665039062 2.9772832393646240234 2.430469512939453125 1.6288361549377441406 2.5401206016540527344 3.8667013645172119141 3.4420778751373291016 2.5195484161376953125 3.0384202003479003906 2.5373499393463134766 2.0701043605804443359 2.0065524578094482422 3.4730620384216308594 3.8719530105590820312 2.6992008686065673828 4.8413376808166503906 3.9010181427001953125 1.0672186613082885742 1.0667723417282104492 2.2533555030822753906 2.3243000507354736328 2.0922338962554931641 2.3541014194488525391 3.053691864013671875 3.6345508098602294922 3.3726832866668701172 2.8821737766265869141
0.68832617998123168945 0.37241914868354797363 1.4940325021743774414 1.1045211553573608398 1.0874233245849609375 1.1789679527282714844 1.1356834173202514648 0.7029132843017578125 0.87775886058807373047 1.5357995033264160156 1.2671272754669189453 1.0595874786376953125 1.3773410320281982422 2.77400970458984375 3.28388214111328125 1.4122148752212524414 2.6379783153533935547 3.1167626380920410156 4.0508747100830078125 4.1332688331604003906 3.7741613388061523438 3.6771013736724853516 2.9915149211883544922 2.7225275039672851562 2.4845480918884277344 3.4711525440216064453 3.7121109962463378906 3.6808018684387207031 5.7550482749938964844 3.6456601619720458984 2.0725483894348144531 2.7774829864501953125 2.0740439891815185547 0.9677250981330871582 1.6946320533752441406 2.6325755119323730469 3.0911774635314941406 2.0740694999694824219 0.89659619331359863281 1.6260503530502319336
0.60541206598281860352 0.38711309432983398438 0.9422893524169921875 0.96195018291473388672 0.67120820283889770508 1.0305199623107910156 1.6608479022979736328 0.62515985965728759766 0.95930403470993041992 1.2425129413604736328 0.79034942388534545898 0.11471199244260787964 1.1383527517318725586 3.5393161773681640625 2.6979017257690429688 1.1498658657073974609 1.4289737939834594727 1.559356689453125 2.5451140403747558594 3.0083079338073730469 3.9114871025085449219 4.053497314453125 2.7740280628204345703 2.4831697940826416016 2.6788697242736816406 3.2168242931365966797 3.0329422950744628906 4.0979642868041992188 5.8566641807556152344 3.7876925468444824219 2.6156618595123291016 3.6256146430969238281 3.1495101451873779297 2.3560786247253417969 2.0679330825805664062 2.208675384521484375 3.2349851131439208984 2.2980268001556396484 1.0619959831237792969 1.9099574089050292969
1.1494448184967041016 0.55572611093521118164 0.70650970935821533203 1.0672186613082885742 1.2095140218734741211 1.2955822944641113281 2.1466584205627441406 1.7472540140151977539 1.612921595573425293 1.7103563547134399414 1.4541794061660766602 0.72698372602462768555 1.0823018550872802734 3.6295158863067626953 2.8883125782012939453 1.378452301025390625 0.88007587194442749023 1.1298975944519042969 1.5235973596572875977 2.4774692058563232422 3.9875471591949462891 4.0684070587158203125 2.6788716316223144531 2.4943203926086425781 2.9291472434997558594 3.3517644405364990234 3.4120035171508789062 4.1293916702270507812 5.0174841880798339844 3.5937392711639404297 2.7776849269866943359 3.0726654529571533203 2.2137002944946289062 2.9869196414947509766 3.4495558738708496094 2.2854495048522949219 2.8429574966430664062 2.3502442836761474609 0.63160860538482666016 1.8232207298278808594
1.7887529134750366211 1.1494085788726806641 1.1879432201385498047 1.2445625066757202148 0.96983420848846435547 0.96930480003356933594 1.8532204627990722656 2.0326251983642578125 1.7121651172637939453 2.0371119976043701172 2.0934231281280517578 2.0740096569061279297 2.0776851177215576172 3.4689629077911376953 3.7659947872161865234 2.3748502731323242188 1.381363987922668457 1.2666989564895629883 1.2550938129425048828 1.4691338539123535156 3.8315386772155761719 4.215396881103515625 3.2062840461730957031 3.0384173393249511719 2.9472131729125976562 3.0831639766693115234 3.4842243194580078125 3.7048695087432861328 3.9555528163909912109 3.5037689208984375 3.7670791149139404297 3.4186625480651855469 2.3045985698699951172 2.8740777969360351562 4.1973028182983398438 3.6710579395294189453 3.0583171844482421875 2.3689064979553222656 1.3234056234359741211 1.7645514011383056641
1.2869198322296142578 1.667200922966003418 1.7133166790008544922 1.4132688045501708984 1.2619113922119140625 1.1836926937103271484 1.2885297536849975586 1.1131905317306518555 1.1913741827011108398 1.9094448089599609375 2.0842494964599609375 2.1821913719177246094 2.1635801792144775391 2.7667236328125 2.8015959262847900391 1.7309643030166625977 1.5796593427658081055 1.4189847707748413086 1.2006802558898925781 1.2778785228729248047 3.1398913860321044922 3.7256975173950195312 3.3937401771545410156 3.4348762035369873047 3.43076324462890625 3.6738092899322509766 3.9108333587646484375 3.6555836200714111328 3.254329681396484375 2.9779219627380371094 3.5927438735961914062 3.7611906528472900391 2.8326575756072998047 2.6524953842163085938 3.3714754581451416016 3.7670791149139404297 4.070278167724609375 3.3079254627227783203 2.1331915855407714844 1.7754130363464355469
0.90446197986602783203 1.4377804994583129883 1.3057050704956054688 1.3566435575485229492 1.980185389518737793 2.2656621932983398438 2.1485726833343505859 1.8988386392593383789 1.6702841520309448242 1.7748497724533081055 1.5275456905364990234 1.6437118053436279297 2.1127023696899414062 3.1274673938751220703 3.1269752979278564453 1.7671160697937011719 1.7955302000045776367 2.2594077587127685547 2.0291528701782226562 1.7648267745971679688 2.7676177024841308594 3.2163720130920410156 3.2815382480621337891 3.5542910099029541016 3.6924579143524169922 4.1828494071960449219 4.8762240409851074219 4.5746846199035644531 3.2588357925415039062 2.5774588584899902344 2.7234170436859130859 3.14823150634765625 2.6048312187194824219 2.7090961933135986328 3.3105151653289794922 3.2766053676605224609 3.7976305484771728516 3.8604404926300048828 3.3593134880065917969 2.219875335693359375
1.8290526866912841797 1.7218947410583496094 1.6672513484954833984 1.8020318746566772461 1.642178654670715332 1.6163805723190307617 2.0571253299713134766 2.2774732112884521484 1.8070503473281860352 1.6826301813125610352 1.5719305276870727539 1.5654633045196533203 1.8510228395462036133 3.0244355201721191406 3.5128462314605712891 2.4084973335266113281 1.5390903949737548828 1.5088812112808227539 2.0774385929107666016 2.1976561546325683594 2.4279346466064453125 2.8424315452575683594 3.2784316539764404297 3.636199951171875 3.5106601715087890625 3.2592692375183105469 4.0518865585327148438 4.6637101173400878906 3.8135972023010253906 3.0409350395202636719 2.7943470478057861328 3.3284654617309570312 2.5579957962036132812 2.5456860065460205078 3.1758773326873779297 2.80088043212890625 3.5227310657501220703 4.1871838569641113281 4.2206978797912597656 3.6891787052154541016
2.2774698734283447266 2.0980393886566162109 1.8223844766616821289 1.6874520778656005859 1.3770002126693725586 1.1136314868927001953 1.1943178176879882812 1.4977512359619140625 1.5325053930282592773 1.3592296838760375977 1.2885081768035888672 1.228184819221496582 1.2478216886520385742 2.3867838382720947266 2.6154844760894775391 2.1642656326293945312 1.5271904468536376953 0.71150851249694824219 0.63160860538482666016 1.2893232107162475586 1.5298491716384887695 1.8800588846206665039 2.5696284770965576172 3.125690460205078125 3.5739946365356445312 3.5135262012481689453 3.7843198776245117188 4.0974750518798828125 3.7820572853088378906 3.4668130874633789062 2.8890187740325927734 3.2312729358673095703 2.3440220355987548828 2.1506586074829101562 2.7878193855285644531 2.4841837882995605469 3.6267721652984619141 4.2838339805603027344 4.1356530189514160156 4.3969812393188476562
1.0766499042510986328 1.0388576984405517578 1.3861535787582397461 1.9154965877532958984 2.0085954666137695312 1.6865627765655517578 1.3814171552658081055 1.4542313814163208008 1.5921212434768676758 1.2240748405456542969 0.98019778728485107422 1.1136314868927001953 1.2107450962066650391 2.2808127403259277344 2.2641072273254394531 2.1988062858581542969 1.3740353584289550781 0.38317015767097473145 0.38840326666831970215 1.0246666669845581055 1.2982990741729736328 2.1886453628540039062 2.5617456436157226562 2.7180469036102294922 2.9719858169555664062 3.4094753265380859375 3.808277130126953125 3.4443986415863037109 3.0772571563720703125 3.5101068019866943359 3.2124314308166503906 3.3251500129699707031 2.4864256381988525391 2.4896671772003173828 2.5538246631622314453 1.7507262229919433594 2.9265573024749755859 4.0463857650756835938 3.8983125686645507812 3.7928605079650878906
1.5178921222686767578 1.4132688045501708984 1.3506600856781005859 1.408974766731262207 1.7501734495162963867 1.8795318603515625 1.795551300048828125 1.7918702363967895508 1.8770846128463745117 1.4032157659530639648 1.0808923244476318359 1.1081819534301757812 1.4649610519409179688 2.0716176033020019531 2.433155059814453125 3.0780899524688720703 1.6288597583770751953 0.383152008056640625 1.1249318122863769531 1.0620236396789550781 1.438822627067565918 2.8882973194122314453 2.5853281021118164062 2.0363790988922119141 2.7776720523834228516 3.9169149398803710938 3.9719784259796142578 2.9139075279235839844 2.11913299560546875 2.6995825767517089844 3.0706870555877685547 3.3083596229553222656 3.4932208061218261719 3.5619659423828125 3.053691864013671875 2.0973172187805175781 2.5104875564575195312 3.5642111301422119141 3.5712828636169433594 3.5283303260803222656
2.1530389785766601562 2.1057348251342773438 1.5091967582702636719 1.3427430391311645508 1.4064401388168334961 1.6154330968856811523 1.6544495820999145508 1.6970402002334594727 1.9112809896469116211 1.7524603605270385742 1.4639139175415039062 0.98276877403259277344 1.3294990062713623047 1.5668159723281860352 1.9635102748870849609 2.8274681568145751953 2.3646500110626220703 1.1879262924194335938 1.4831469058990478516 0.99865210056304931641 1.5835139751434326172 3.1092994213104248047 2.5355486869812011719 2.0876481533050537109 3.5611069202423095703 4.551799774169921875 2.8179767131805419922 2.3102943897247314453 2.1150774955749511719 1.8235286474227905273 2.0512249469757080078 2.0999548435211181641 2.7306618690490722656 3.1552922725677490234 2.7579147815704345703 1.983990788459777832 2.1849815845489501953 3.2163975238800048828 3.4495558738708496094 3.8368084430694580078
