wildfire/work/fuelmodels/1982/aspect.asc
ncols        271
nrows        217
xllcorner    182765.000000000000
yllcorner    481425.000000000000
cellsize     5.000000000000
NODATA_value   -999
[rows 180 to 197 of 217, columns 168 to 209 of 271]
286.58673095703125 283.6529541015625 268.064453125 183.69085693359375 113.74922943115234375 100.87264251708984375 100.47646331787109375 104.21285247802734375 108.1869659423828125 111.66564178466796875 112.4018096923828125 106.94896697998046875 44.999897003173828125 334.982452392578125 4.537685394287109375 348.689453125 307.146148681640625 260.537445068359375 243.4343719482421875 152.1026153564453125 63.15265655517578125 34.261035919189453125 42.78521728515625 70.09833526611328125 82.63176727294921875 89.05548095703125 96.76598358154296875 105.17749786376953125 113.8454437255859375 117.12102508544921875 119.87572479248046875 126.34708404541015625 120.27672576904296875 119.99491119384765625 112.011505126953125 76.6078338623046875 306.8697509765625 269.9996337890625 270.359771728515625 279.31402587890625 284.4776611328125 288.59039306640625
272.40350341796875 253.8860321044921875 210.0326385498046875 176.7394256591796875 138.8898468017578125 112.811431884765625 106.31368255615234375 105.29201507568359375 104.0006866455078125 105.0541534423828125 105.6075897216796875 87.87854766845703125 338.628631591796875 346.184234619140625 22.011434555053710938 339.537078857421875 349.991241455078125 356.283660888671875 334.88433837890625 351.86920166015625 358.994049072265625 15.0012054443359375 59.28094482421875 81.6267852783203125 85.618316650390625 89.0095977783203125 95.59914398193359375 99.52993011474609375 100.6746673583984375 101.01020050048828125 111.8011322021484375 118.0944976806640625 112.44879913330078125 117.64551544189453125 77.47075653076171875 30.06797027587890625 322.12396240234375 297.69891357421875 288.99609375 288.082763671875 282.641387939453125 283.495025634765625
251.1551971435546875 215.1136016845703125 185.55438232421875 177.7089691162109375 159.4141387939453125 131.964141845703125 120.52126312255859375 116.5124969482421875 112.41400909423828125 110.3558197021484375 98.901580810546875 7.1248989105224609375 347.691192626953125 10.008073806762695312 12.52892303466796875 329.499542236328125 345.617889404296875 358.697052001953125 341.564117431640625 349.286163330078125 351.688812255859375 72.012420654296875 99.59864044189453125 98.56566619873046875 95.4019927978515625 93.97226715087890625 96.47998809814453125 98.0110321044921875 98.61544036865234375 103.3921966552734375 113.720062255859375 107.9276580810546875 100.85619354248046875 113.96216583251953125 161.5641326904296875 153.4356842041015625 279.781585693359375 281.522918701171875 279.93988037109375 278.3096923828125 277.764556884765625 280.1024169921875
230.8833160400390625 190.9988250732421875 175.3431854248046875 177.79693603515625 165.48291015625 137.9235687255859375 123.32598876953125 118.09038543701171875 108.43460845947265625 95.3389739990234375 15.802350044250488281 349.807525634765625 3.6678597927093505859 13.313742637634277344 10.762499809265136719 354.804779052734375 343.071990966796875 313.63555908203125 326.180999755859375 355.155303955078125 41.05480194091796875 99.40518951416015625 105.94515228271484375 102.94091796875 101.1191558837890625 99.1789703369140625 96.80330657958984375 96.59844970703125 101.58318328857421875 111.1938629150390625 126.50122833251953125 109.26915740966796875 99.46222686767578125 95.1943206787109375 134.9996795654296875 263.6591796875 284.74298095703125 279.07080078125 276.9803466796875 282.0299072265625 283.348052978515625 281.22967529296875
207.8160552978515625 179.7087860107421875 172.35736083984375 180.948974609375 166.1735992431640625 133.6571197509765625 114.5502471923828125 108.43483734130859375 98.49263763427734375 43.047718048095703125 342.129547119140625 352.36553955078125 7.9638280868530273438 8.1302032470703125 12.094789505004882812 24.973934173583984375 18.047548294067382812 312.509796142578125 317.833526611328125 21.037836074829101562 80.0956573486328125 96.72415924072265625 101.724884033203125 103.5229339599609375 103.535614013671875 99.06177520751953125 92.3747711181640625 90.29364776611328125 95.60503387451171875 104.4205474853515625 126.869659423828125 104.5343170166015625 96.07227325439453125 88.15213775634765625 341.564788818359375 326.8875732421875 299.05377197265625 282.723663330078125 278.614990234375 280.98797607421875 283.495025634765625 284.13531494140625
193.1794891357421875 179.6684417724609375 179.41680908203125 189.3092803955078125 169.527679443359375 131.6529083251953125 114.60816192626953125 108.2811126708984375 66.20928192138671875 349.662750244140625 338.542633056640625 349.471160888671875 1.5246142148971557617 4.9342675209045410156 12.685430526733398438 25.917072296142578125 12.162032127380371094 336.39892578125 342.107330322265625 65.2656707763671875 91.363616943359375 96.7222137451171875 98.6638946533203125 100.26311492919921875 99.65357208251953125 94.447174072265625 93.27027130126953125 96.278472900390625 99.05768585205078125 104.9156036376953125 129.8046875 72.40726470947265625 69.376251220703125 53.13019561767578125 324.461334228515625 337.248321533203125 299.290618896484375 280.30426025390625 281.309356689453125 285.298004150390625 287.6998291015625 292.889892578125
181.28399658203125 187.7089080810546875 203.930511474609375 207.3232879638671875 161.8159332275390625 136.952362060546875 126.915191650390625 79.2868194580078125 344.015777587890625 344.57037353515625 343.335723876953125 346.977264404296875 357.838043212890625 5.8190908432006835938 15.453494071960449219 23.962432861328125 11.768242835998535156 358.94793701171875 31.122613906860351562 75.0942840576171875 90.84642791748046875 97.2955474853515625 96.02249908447265625 93.70270538330078125 93.16208648681640625 94.9350738525390625 97.33160400390625 101.85579681396484375 104.06880950927734375 108.2487030029296875 218.2894287109375 89.99979400634765625 78.92971038818359375 37.647701263427734375 330.9442138671875 342.75775146484375 309.427215576171875 290.512725830078125 286.90679931640625 288.43426513671875 285.222686767578125 288.188385009765625
175.6453094482421875 205.435821533203125 224.0902557373046875 196.304534912109375 153.4344635009765625 143.9014434814453125 81.87407684326171875 331.112701416015625 337.305389404296875 343.18438720703125 345.860076904296875 350.177154541015625 359.68255615234375 11.583501815795898438 20.224918365478515625 23.399400711059570312 21.440477371215820312 31.159236907958984375 52.594509124755859375 74.17586517333984375 90.909149169921875 97.66660308837890625 94.94580841064453125 90.88123321533203125 91.21868896484375 95.754364013671875 98.2322540283203125 100.27233123779296875 100.6737060546875 101.65899658203125 255.2552642822265625 110.22473907470703125 99.1623382568359375 14.036103248596191406 342.551666259765625 350.216522216796875 300.202362060546875 292.24822998046875 291.630096435546875 290.87384033203125 284.89471435546875 283.517730712890625
178.9187164306640625 217.0560150146484375 218.7510528564453125 176.105743408203125 150.4838104248046875 245.924285888671875 312.3848876953125 323.982757568359375 334.024810791015625 337.33978271484375 345.904571533203125 356.168121337890625 7.5848059654235839844 20.35837554931640625 24.567293167114257812 30.754278182983398438 43.3248291015625 53.74591064453125 61.858119964599609375 78.958740234375 90.75856781005859375 96.03574371337890625 95.1148681640625 92.374725341796875 92.589263916015625 94.84378814697265625 95.108306884765625 94.62213897705078125 93.87823486328125 94.39833831787109375 215.534820556640625 99.16193389892578125 80.83724212646484375 329.930145263671875 332.649200439453125 339.6761474609375 312.588165283203125 299.8662109375 297.16961669921875 294.40521240234375 287.82476806640625 288.31927490234375
182.4361419677734375 219.5590667724609375 209.66607666015625 174.400054931640625 246.8009796142578125 302.651763916015625 303.06378173828125 305.450225830078125 314.100555419921875 324.609832763671875 341.40594482421875 0.90932649374008178711 16.699230194091796875 23.932598114013671875 27.713726043701171875 43.754459381103515625 60.90593719482421875 69.5377197265625 78.6900482177734375 87.83510589599609375 93.52385711669921875 97.94696807861328125 99.5340576171875 98.206939697265625 96.40264129638671875 95.77707672119140625 95.47391510009765625 97.02176666259765625 99.828887939453125 113.0085296630859375 159.2264251708984375 117.12061309814453125 8.1300830841064453125 332.24053955078125 327.17071533203125 329.197998046875 317.218963623046875 303.002410888671875 295.44110107421875 289.87445068359375 282.77593994140625 280.75897216796875
182.174224853515625 201.175445556640625 211.091827392578125 241.8579864501953125 292.578948974609375 293.150177001953125 289.108367919921875 290.13568115234375 299.0035400390625 312.17010498046875 333.98504638671875 357.4696044921875 16.858348846435546875 25.969182968139648438 37.243259429931640625 58.401599884033203125 68.45050048828125 73.93344879150390625 87.9297637939453125 97.2785797119140625 100.043426513671875 103.82408905029296875 106.3103485107421875 104.17491912841796875 100.7435760498046875 99.56931304931640625 100.54933929443359375 102.589569091796875 106.4555206298828125 124.99176025390625 115.70885467529296875 127.87384796142578125 279.782012939453125 308.087890625 305.536773681640625 300.963165283203125 292.750335693359375 280.08746337890625 272.14306640625 272.92816162109375 274.799163818359375 271.10101318359375
179.5873870849609375 203.070098876953125 257.875823974609375 281.55267333984375 280.953399658203125 276.808319091796875 281.975433349609375 288.787994384765625 294.954132080078125 306.5723876953125 326.4248046875 350.384613037109375 18.1301727294921875 35.694366455078125 50.832462310791015625 64.88498687744140625 69.63120269775390625 77.644500732421875 90.36014556884765625 96.70960235595703125 97.06896209716796875 97.334136962890625 97.30550384521484375 97.48370361328125 98.94251251220703125 100.9694976806640625 101.396728515625 99.9943084716796875 102.847442626953125 155.2250518798828125 125.7534332275390625 164.7441864013671875 223.8534698486328125 237.2640228271484375 256.138275146484375 274.084869384765625 283.4771728515625 273.310272216796875 260.753265380859375 263.977783203125 268.06884765625 266.347198486328125
197.9489288330078125 258.53558349609375 279.408599853515625 272.46209716796875 270.231292724609375 273.61541748046875 279.46160888671875 284.82574462890625 288.375946044921875 295.36309814453125 310.600494384765625 341.564239501953125 24.775129318237304688 48.005462646484375 61.05057525634765625 69.3379058837890625 74.98748016357421875 83.00380706787109375 89.37017822265625 93.36614227294921875 96.27555084228515625 96.43447113037109375 95.754302978515625 98.854034423828125 104.80810546875 108.07662200927734375 107.1522064208984375 102.84317779541015625 103.59073638916015625 163.610504150390625 98.6732635498046875 90.0004730224609375 260.133819580078125 254.2910308837890625 268.298095703125 283.1568603515625 296.9158935546875 305.271636962890625 279.26385498046875 268.57916259765625 267.692047119140625 267.640228271484375
281.99627685546875 293.050537109375 286.143585205078125 284.035491943359375 284.986907958984375 283.89056396484375 284.035552978515625 283.421112060546875 282.819427490234375 285.223236083984375 292.792633056640625 322.43048095703125 40.601215362548828125 67.52390289306640625 76.8769073486328125 82.9889068603515625 90.33220672607421875 97.982208251953125 103.19029998779296875 105.15081787109375 104.0701446533203125 104.3053436279296875 106.87012481689453125 108.5140533447265625 111.3104705810546875 115.6256256103515625 115.52320098876953125 111.12142181396484375 111.99102020263671875 341.564544677734375 39.559967041015625 21.614439010620117188 326.309326171875 288.885589599609375 291.336212158203125 287.411224365234375 287.4019775390625 302.66009521484375 293.458282470703125 273.95361328125 270.204742431640625 269.778167724609375
302.669586181640625 308.557525634765625 299.64910888671875 289.057159423828125 288.963623046875 290.49188232421875 288.093170166015625 282.832244873046875 277.124298095703125 273.643829345703125 273.728057861328125 280.459442138671875 97.12473297119140625 99.90732574462890625 100.55001068115234375 103.03160858154296875 107.5740509033203125 112.316864013671875 115.486083984375 114.37212371826171875 110.391265869140625 107.74959564208984375 106.281768798828125 104.891998291015625 104.6123199462890625 108.64154052734375 111.9448394775390625 111.15485382080078125 44.999897003173828125 340.90582275390625 40.485828399658203125 44.999515533447265625 332.96826171875 309.956817626953125 309.80487060546875 306.739898681640625 302.346771240234375 305.7882080078125 302.95660400390625 285.982666015625 279.081298828125 273.36578369140625
281.633087158203125 286.335601806640625 291.65545654296875 284.22198486328125 279.810699462890625 279.432525634765625 276.751068115234375 272.023590087890625 266.802459716796875 260.48895263671875 251.72235107421875 210.0937957763671875 131.08441162109375 119.0030364990234375 115.03459930419921875 113.87506866455078125 115.11997222900390625 115.33453369140625 113.69580841064453125 111.80109405517578125 111.5168609619140625 111.4474639892578125 110.15734100341796875 106.77873992919921875 101.862457275390625 101.17894744873046875 103.03692626953125 103.95424652099609375 276.581207275390625 308.990142822265625 48.467864990234375 5.1943569183349609375 326.51312255859375 321.339447021484375 322.4306640625 325.26763916015625 324.981109619140625 328.162506103515625 329.60369873046875 314.386474609375 303.04949951171875 296.449066162109375
242.3783721923828125 238.68359375 251.9873809814453125 261.110382080078125 262.1162109375 259.82391357421875 257.027496337890625 255.9333038330078125 254.1138916015625 248.8413543701171875 230.9175262451171875 183.9063568115234375 144.21441650390625 129.805267333984375 123.23566436767578125 118.8465576171875 118.07826995849609375 119.0039520263671875 119.20111083984375 116.69406890869140625 114.39917755126953125 113.3085784912109375 110.7182464599609375 105.4093475341796875 97.489715576171875 94.2116241455078125 96.7357635498046875 100.20363616943359375 265.235870361328125 227.8619232177734375 90.00525665283203125 317.289703369140625 304.777130126953125 307.922882080078125 315.76312255859375 327.73565673828125 331.941802978515625 330.726898193359375 332.71124267578125 326.20269775390625 319.6661376953125 317.5360107421875
223.84600830078125 224.9994659423828125 231.37664794921875 238.8840484619140625 243.6150054931640625 242.5378875732421875 240.94488525390625 240.944854736328125 239.217193603515625 231.193328857421875 205.672454833984375 172.1107025146484375 151.2904815673828125 139.3195953369140625 132.3342132568359375 129.289093017578125 128.120574951171875 127.33293914794921875 128.8296051025390625 126.92255401611328125 122.287200927734375 118.886322021484375 112.9266357421875 105.20652008056640625 98.16645050048828125 94.33213043212890625 97.25296783447265625 119.0539093017578125 282.380645751953125 296.56597900390625 287.525054931640625 301.758697509765625 309.558929443359375 320.0484619140625 331.935302734375 343.36041259765625 342.43890380859375 334.412811279296875 335.2010498046875 334.72955322265625 335.10546875 341.0159912109375
