wildfire/work/fuelmodels/1982/aspect.asc
ncols        271
nrows        217
xllcorner    182765.000000000000
yllcorner    481425.000000000000
cellsize     5.000000000000
NODATA_value   -999
[rows 0 to 17 of 217, columns 0 to 41 of 271]
0 0 0 0 0 0 0 0 0 0 0 0 0 0 0 0 0 0 0 0 0 0 0 0 0 0 0 0 0 0 0 0 0 0 0 0 0 0 0 0 0 0
0 22.693729400634765625 67.26392364501953125 80.49039459228515625 102.215545654296875 123.68994140625 243.435455322265625 153.433502197265625 191.3096923828125 173.366973876953125 188.129669189453125 190.4910888671875 148.2398529052734375 276.114959716796875 293.198455810546875 82.74663543701171875 52.593997955322265625 77.47083282470703125 66.6742706298828125 4.3987593650817871094 44.999477386474609375 125.53752899169921875 121.7010650634765625 98.80670166015625 354.8045654296875 11.689279556274414062 336.036834716796875 312.13677978515625 300.498992919921875 269.99920654296875 279.4609375 357.70849609375 292.269622802734375 285.163787841796875 358.263427734375 256.2178955078125 265.555206298828125 94.89931488037109375 100.06899261474609375 96.34130096435546875 280.332061767578125 275.95654296875
0 80.311370849609375 68.875244140625 54.6196441650390625 37.483516693115234375 27.407453536987304688 18.434614181518554688 3.3668296337127685547 20.556446075439453125 60.2553558349609375 126.87015533447265625 176.18560791015625 192.4495697021484375 211.1710205078125 189.0388946533203125 167.19549560546875 78.688201904296875 54.63741302490234375 31.578134536743164062 16.3360137939453125 45.83007049560546875 67.203216552734375 79.69492340087890625 47.120998382568359375 331.556610107421875 349.623138427734375 338.68145751953125 312.4732666015625 328.4947509765625 261.026824951171875 269.999176025390625 336.24908447265625 284.93072509765625 274.619293212890625 75.25637054443359375 300.9630126953125 282.828216552734375 70.97399139404296875 81.8697052001953125 319.397857666015625 295.37091064453125 288.2353515625
0 150.03729248046875 128.18145751953125 92.29027557373046875 52.3521728515625 48.777965545654296875 36.46893310546875 3.99097442626953125 40.9142608642578125 355.600555419921875 20.738582611083984375 54.462245941162109375 167.7355499267578125 192.199981689453125 195.68939208984375 200.094970703125 192.3389129638671875 186.3386993408203125 11.310221672058105469 26.564832687377929688 30.54738616943359375 22.594591140747070312 21.689054489135742188 12.171422004699707031 352.998046875 346.42877197265625 354.093292236328125 303.274322509765625 7.76479339599609375 331.188812255859375 298.300140380859375 353.156036376953125 285.678863525390625 276.7655029296875 330.523284912109375 327.170623779296875 294.227203369140625 105.75069427490234375 71.56462860107421875 310.847991943359375 310.287750244140625 338.38409423828125
0 133.00164794921875 142.1988525390625 148.6898040771484375 138.69091796875 130.4515380859375 114.44403839111328125 93.36666107177734375 130.91400146484375 215.7266693115234375 159.44354248046875 79.34588623046875 53.745975494384765625 68.19899749755859375 207.4741363525390625 195.421875 195.017913818359375 199.5724639892578125 191.0696563720703125 177.5803375244140625 131.4246368408203125 13.298894882202148438 11.633738517761230469 14.470160484313964844 9.4622583389282226562 4.1849970817565917969 8.447696685791015625 328.23974609375 359.998992919921875 1.8478218317031860352 277.90655517578125 293.197540283203125 292.54241943359375 276.59625244140625 282.338623046875 307.874267578125 102.52927398681640625 129.6439208984375 183.1797943115234375 269.730438232421875 281.412750244140625 67.189971923828125
0 115.67652130126953125 116.28787994384765625 130.236175537109375 116.99570465087890625 133.209747314453125 191.3095550537109375 127.30374908447265625 113.38495635986328125 173.9270172119140625 194.2496490478515625 161.5648040771484375 53.3655853271484375 64.2897491455078125 355.59954833984375 344.35699462890625 63.4351654052734375 191.8210601806640625 187.906768798828125 190.243621826171875 182.891021728515625 198.7774505615234375 223.9183197021484375 2.4881861209869384766 34.260929107666015625 27.897426605224609375 6.5200991630554199219 343.299896240234375 359.99884033203125 70.64099884033203125 265.600860595703125 285.36102294921875 295.60150146484375 278.129425048828125 256.348876953125 229.9690093994140625 125.33988189697265625 98.13008880615234375 301.32769775390625 284.766510009765625 278.12945556640625 73.8862457275390625
0 108.43482208251953125 120.7625885009765625 133.314971923828125 119.3202056884765625 79.875091552734375 128.65924072265625 150.5236663818359375 86.1856689453125 81.38414764404296875 267.39703369140625 269.99957275390625 96.70940399169921875 102.7709808349609375 196.6990814208984375 255.46502685546875 62.649810791015625 65.22457122802734375 168.6896820068359375 186.3398895263671875 154.0253753662109375 199.397186279296875 211.7230377197265625 205.5595855712890625 167.799346923828125 142.1248016357421875 206.5601959228515625 146.3100128173828125 225.0103912353515625 52.85334014892578125 318.300994873046875 294.701751708984375 269.0601806640625 248.3332061767578125 235.855804443359375 244.5153656005859375 323.53045654296875 43.567768096923828125 307.953369140625 292.33154296875 280.712371826171875 142.2367401123046875
0 115.906219482421875 135.5904693603515625 143.42669677734375 160.5595550537109375 141.8813629150390625 148.2403106689453125 172.4382171630859375 155.486480712890625 153.1886444091796875 193.87738037109375 194.34893798828125 175.6744384765625 139.1844024658203125 146.768218994140625 194.2154083251953125 177.824798583984375 146.6891021728515625 187.1244049072265625 200.5556182861328125 111.8016510009765625 158.962066650390625 181.97442626953125 200.5128021240234375 192.8746795654296875 186.45843505859375 185.7738037109375 199.65350341796875 268.451202392578125 7.6965198516845703125 303.02288818359375 257.968597412109375 236.9752044677734375 244.1784515380859375 245.170318603515625 263.065093994140625 267.79693603515625 63.434558868408203125 301.208526611328125 287.258331298828125 78.02341461181640625 66.80162811279296875
0 125.6226348876953125 117.6880645751953125 128.65972900390625 121.429290771484375 129.4466094970703125 142.4602508544921875 155.3613433837890625 162.87152099609375 181.29168701171875 192.2644805908203125 222.20672607421875 278.840911865234375 22.380537033081054688 93.12178802490234375 143.12969970703125 185.194000244140625 159.4437255859375 267.878448486328125 314.999755859375 88.6023101806640625 347.470123291015625 44.999897003173828125 320.711029052734375 235.7127685546875 181.847412109375 201.801025390625 234.81878662109375 231.07183837890625 219.2887420654296875 268.024383544921875 285.460205078125 277.123870849609375 194.8582305908203125 222.20672607421875 238.8069000244140625 219.5071563720703125 204.7169189453125 279.6727294921875 277.538818359375 96.6321868896484375 323.1298828125
0 101.00312042236328125 80.43302154541015625 83.15682220458984375 100.00778961181640625 92.24546051025390625 102.652130126953125 108.86867523193359375 99.46204376220703125 269.999847412109375 288.9698486328125 306.869140625 331.857666015625 119.74457550048828125 127.40505218505859375 124.918853759765625 253.6107025146484375 320.439666748046875 293.66241455078125 358.024169921875 86.531494140625 250.4629364013671875 106.2599029541015625 120.96314239501953125 257.470550537109375 120.465728759765625 235.4368133544921875 252.0120849609375 221.3083343505859375 246.3701934814453125 286.55645751953125 317.9600830078125 350.7056884765625 54.46209716796875 262.146087646484375 253.6565704345703125 236.1287078857421875 239.930755615234375 246.1855010986328125 210.963287353515625 172.5682525634765625 205.3874359130859375
0 113.428436279296875 114.9436492919921875 134.9996795654296875 154.289794921875 109.09337615966796875 106.5567169189453125 89.99921417236328125 42.954448699951171875 325.88458251953125 290.69482421875 256.4290771484375 155.449188232421875 149.6968231201171875 126.572723388671875 138.0124969482421875 271.635345458984375 198.4347991943359375 220.8547515869140625 188.7456207275390625 122.90523529052734375 175.73175048828125 157.425384521484375 165.9633026123046875 193.33868408203125 156.0833740234375 202.1351470947265625 239.171844482421875 261.869354248046875 285.140380859375 285.603302001953125 295.144073486328125 345.25494384765625 32.619197845458984375 334.02484130859375 300.650054931640625 299.74432373046875 242.9684600830078125 217.4379730224609375 195.2547760009765625 185.5718231201171875 203.7758026123046875
0 134.9996795654296875 124.42623138427734375 129.957305908203125 164.744476318359375 130.6953582763671875 126.20247650146484375 169.3798980712890625 158.9618682861328125 186.666351318359375 224.9994659423828125 195.750823974609375 139.1443939208984375 172.5681610107421875 139.762481689453125 14.036960601806640625 167.0051116943359375 161.5648345947265625 221.2476654052734375 259.018951416015625 75.06816864013671875 92.120941162109375 44.999897003173828125 81.86956024169921875 149.675872802734375 153.434478759765625 240.523681640625 264.9862060546875 253.2997589111328125 253.5390625 265.66705322265625 295.7685546875 348.68896484375 15.75124359130859375 310.81427001953125 293.354705810546875 310.100067138671875 351.25323486328125 233.1299896240234375 208.5398406982421875 198.4345703125 197.5707855224609375
0 66.03699493408203125 75.96352386474609375 103.13378143310546875 149.588623046875 139.5736083984375 139.4361724853515625 173.4027862548828125 190.684173583984375 165.1136932373046875 202.7746429443359375 197.7577362060546875 157.6710662841796875 189.58251953125 240.6414337158203125 338.962158203125 86.9868011474609375 118.3001861572265625 276.604095458984375 288.43426513671875 23.962377548217773438 43.001972198486328125 6.5818896293640136719 72.072021484375 87.2071685791015625 330.64154052734375 309.956695556640625 300.004180908203125 312.5098876953125 282.029754638671875 261.068756103515625 270.515533447265625 334.74591064453125 10.097397804260253906 330.64166259765625 296.199127197265625 259.693389892578125 275.709442138671875 36.869663238525390625 51.339008331298828125 198.435028076171875 183.6516571044921875
0 53.530879974365234375 78.1354522705078125 96.658905029296875 129.225341796875 139.9162445068359375 126.209075927734375 165.963043212890625 218.557891845703125 161.56500244140625 192.1712799072265625 219.3815765380859375 188.1295928955078125 255.578338623046875 257.227996826171875 192.65240478515625 100.0075531005859375 347.549468994140625 314.999267578125 227.769744873046875 237.9939422607421875 57.030582427978515625 59.574245452880859375 83.48017120361328125 78.43982696533203125 297.8233642578125 294.8475341796875 307.14593505859375 331.5567626953125 311.9866943359375 278.583038330078125 245.2244415283203125 199.8404083251953125 196.0484771728515625 256.217559814453125 290.853851318359375 8.1287717819213867188 195.2552337646484375 178.8304290771484375 224.9958343505859375 3.5757732391357421875 0.00026019939105026423931
0 178.1519317626953125 133.6358184814453125 114.4015960693359375 119.7446441650390625 131.7601165771484375 79.777801513671875 59.931209564208984375 181.1687469482421875 226.2451019287109375 317.72564697265625 285.254302978515625 247.98834228515625 237.5282135009765625 188.7457733154296875 178.6025543212890625 228.6323089599609375 295.167205810546875 42.207134246826171875 141.339996337890625 250.7301177978515625 131.986846923828125 89.4742431640625 109.25921630859375 108.4346923828125 250.3459014892578125 259.417816162109375 277.86834716796875 17.3547821044921875 291.614166259765625 281.975677490234375 203.4984893798828125 183.674163818359375 212.0048065185546875 231.4824676513671875 226.1012115478515625 171.8695831298828125 141.911102294921875 200.8540496826171875 249.6763458251953125 224.9994659423828125 198.4322967529296875
0 165.5401458740234375 148.9373779296875 128.2637176513671875 116.35813140869140625 142.7654571533203125 116.56496429443359375 87.70912933349609375 48.814056396484375 293.197845458984375 341.565704345703125 134.9996795654296875 213.070343017578125 179.473724365234375 174.2369232177734375 223.635528564453125 265.745452880859375 235.8223876953125 151.99053955078125 18.434906005859375 269.999359130859375 201.5706024169921875 95.52742767333984375 82.4761199951171875 84.472442626953125 229.08514404296875 254.185272216796875 249.1449127197265625 177.7084808349609375 249.14508056640625 202.285400390625 169.56231689453125 195.9450531005859375 229.3980560302734375 213.3491363525390625 198.224609375 184.6158905029296875 162.1920623779296875 166.844818115234375 196.1568450927734375 201.7093963623046875 179.5554351806640625
0 107.44701385498046875 109.79851531982421875 119.309600830078125 126.02706146240234375 152.65020751953125 160.0170745849609375 63.4358978271484375 37.568729400634765625 261.1185302734375 142.3856353759765625 133.090850830078125 218.6594085693359375 160.0161895751953125 236.5916748046875 279.940032958984375 240.01788330078125 181.7619171142578125 183.85638427734375 200.512908935546875 206.5646209716796875 195.8316650390625 140.1938629150390625 66.80121612548828125 38.417797088623046875 347.1513671875 286.653656005859375 258.231109619140625 222.509857177734375 182.2022247314453125 170.7536773681640625 181.8473358154296875 212.9688568115234375 199.485595703125 171.7400665283203125 191.076080322265625 200.75030517578125 151.5870513916015625 130.4750518798828125 209.7830963134765625 197.65850830078125 170.5154266357421875
0 140.44061279296875 76.787139892578125 95.9741058349609375 152.1980743408203125 225.0004730224609375 344.743804931640625 49.764430999755859375 102.09484100341796875 206.564727783203125 115.3455352783203125 33.6896514892578125 338.961151123046875 32.47124481201171875 295.232330322265625 279.582366943359375 142.9430694580078125 154.2895965576171875 170.3621368408203125 212.306854248046875 211.4829559326171875 186.6538848876953125 201.800811767578125 245.5559234619140625 23.962306976318359375 40.364322662353515625 201.665557861328125 228.81353759765625 228.7147064208984375 154.572723388671875 161.0532073974609375 189.1620635986328125 217.5279693603515625 219.0525054931640625 98.746124267578125 289.982452392578125 264.804931640625 64.1788787841796875 37.259593963623046875 359.517669677734375 119.38043212890625 140.5020294189453125
