wildfire/work/fuelmodels/1982/aspect.asc
ncols        271
nrows        217
xllcorner    182765.000000000000
yllcorner    481425.000000000000
cellsize     5.000000000000
NODATA_value   -999
[rows 72 to 89 of 217, columns 0 to 41 of 271]
0 29.332042694091796875 36.10736846923828125 29.599771499633789062 12.964529037475585938 8.2227792739868164062 11.58513641357421875 16.359821319580078125 16.297967910766601562 23.935327529907226562 22.319341659545898438 16.654283523559570312 25.599012374877929688 29.940631866455078125 29.0910797119140625 27.460130691528320312 28.185268402099609375 36.78409576416015625 40.3393096923828125 34.114349365234375 33.61072540283203125 21.801357269287109375 3.7723615169525146484 359.369537353515625 5.0861558914184570312 5.7928056716918945312 6.4588375091552734375 1.7183932065963745117 353.795684814453125 350.994415283203125 359.42620849609375 15.802420616149902344 23.129041671752929688 21.370532989501953125 18.066335678100585938 18.251813888549804688 14.871071815490722656 18.64551544189453125 28.66379547119140625 26.241281509399414062 26.10162353515625 21.37064361572265625
0 210.4459228515625 68.62914276123046875 13.650231361389160156 351.808319091796875 354.376800537109375 4.0248999595642089844 15.215356826782226562 17.762571334838867188 24.222156524658203125 19.961391448974609375 19.759454727172851562 31.690746307373046875 34.673694610595703125 37.024837493896484375 44.999897003173828125 54.0578155517578125 60.14556884765625 55.00775909423828125 48.082057952880859375 31.970777511596679688 6.279979705810546875 2.8388435840606689453 3.0128004550933837891 2.9842417240142822266 1.5911239385604858398 9.5491304397583007812 4.7870373725891113281 356.565582275390625 354.071685791015625 353.15631103515625 16.38945770263671875 30.314788818359375 23.838623046875 15.091460227966308594 17.711988449096679688 18.98766326904296875 20.992710113525390625 26.833909988403320312 22.313432693481445312 18.242633819580078125 21.124805450439453125
0 212.9923858642578125 215.7269744873046875 285.944854736328125 319.739837646484375 338.310211181640625 359.298828125 15.101012229919433594 17.069196701049804688 21.35366058349609375 20.477884292602539062 29.918125152587890625 46.928287506103515625 51.562534332275390625 60.1477813720703125 68.28594207763671875 71.02948760986328125 67.06780242919921875 59.995006561279296875 57.47507476806640625 25.016756057739257812 349.991119384765625 356.986480712890625 3.6286110877990722656 3.9542353153228759766 356.019744873046875 5.62458038330078125 5.6074285507202148438 2.0867750644683837891 5.5992865562438964844 356.79962158203125 17.020540237426757812 34.01934051513671875 22.083021163940429688 12.030492782592773438 14.743584632873535156 19.635564804077148438 20.842205047607421875 22.912809371948242188 22.533224105834960938 22.27585601806640625 28.855730056762695312
0 234.92578125 241.270263671875 267.865142822265625 286.3658447265625 283.2843017578125 306.468597412109375 359.529449462890625 14.864421844482421875 24.50738525390625 35.5967864990234375 53.343730926513671875 66.14926910400390625 68.86417388916015625 69.87640380859375 64.87200164794921875 54.86569976806640625 40.30126190185546875 33.546039581298828125 35.86972808837890625 15.255008697509765625 347.703887939453125 345.880340576171875 353.59490966796875 357.878082275390625 353.056365966796875 3.23968505859375 11.400617599487304688 10.097489356994628906 16.293989181518554688 15.190947532653808594 25.709955215454101562 39.75264739990234375 29.638231277465820312 17.241336822509765625 15.407758712768554688 26.564989089965820312 29.475734710693359375 30.230875015258789062 35.371822357177734375 31.356996536254882812 27.198167800903320312
0 251.2313690185546875 258.7579345703125 265.960113525390625 261.667938232421875 221.509918212890625 256.561370849609375 289.5577392578125 32.68060302734375 65.20610809326171875 80.7064208984375 85.96366119384765625 86.01543426513671875 82.2188262939453125 73.385528564453125 60.095340728759765625 47.2456817626953125 31.62548065185546875 24.065519332885742188 31.480497360229492188 16.308200836181640625 351.178802490234375 346.459197998046875 349.73406982421875 351.68408203125 353.5611572265625 10.261399269104003906 19.778867721557617188 19.005952835083007812 26.420581817626953125 27.499065399169921875 29.791866302490234375 33.578563690185546875 27.681056976318359375 16.74199676513671875 16.279758453369140625 36.501399993896484375 40.292064666748046875 43.002227783203125 40.135387420654296875 21.655824661254882812 15.368515968322753906
0 249.24285888671875 263.270843505859375 264.236724853515625 255.7834320068359375 279.78179931640625 277.85272216796875 240.6035003662109375 155.119049072265625 123.21917724609375 114.5668792724609375 108.52392578125 101.19189453125 96.4259033203125 86.60016632080078125 66.893524169921875 51.449466705322265625 30.203125 25.66513824462890625 35.986797332763671875 14.374402999877929688 347.904388427734375 342.7274169921875 349.694305419921875 353.54522705078125 355.64495849609375 14.036249160766601562 22.131443023681640625 22.9886322021484375 26.192106246948242188 24.109111785888671875 25.155330657958984375 23.349458694458007812 18.4350128173828125 13.884675025939941406 16.955280303955078125 31.078927993774414062 33.0847015380859375 29.054616928100585938 19.722137451171875 9.202480316162109375 8.1301479339599609375
0 256.064544677734375 266.6500244140625 259.807891845703125 233.6246490478515625 240.067962646484375 248.513946533203125 229.635009765625 139.6661834716796875 102.5752716064453125 103.92333221435546875 103.51477813720703125 97.29669189453125 89.775054931640625 75.18344879150390625 58.3089141845703125 42.66265106201171875 12.937981605529785156 16.78260040283203125 28.334215164184570312 9.5541639328002929688 344.12799072265625 338.339752197265625 347.19482421875 356.15313720703125 0.97924631834030151367 11.108569145202636719 19.507183074951171875 24.057254791259765625 26.565052032470703125 24.623485565185546875 24.67681121826171875 25.65149688720703125 22.520528793334960938 18.212739944458007812 25.277544021606445312 35.217395782470703125 33.593311309814453125 25.062044143676757812 12.93795013427734375 5.9540257453918457031 8.513957977294921875
0 260.34759521484375 259.26300048828125 251.3323974609375 241.81195068359375 253.6314849853515625 257.22808837890625 279.07073974609375 27.3499755859375 83.41065216064453125 89.240020751953125 90.3602142333984375 82.87477874755859375 65.34771728515625 43.66756439208984375 29.547765731811523438 20.520917892456054688 0.59682112932205200195 3.0127050876617431641 20.205083847045898438 9.6686239242553710938 347.069732666015625 342.5400390625 343.7303466796875 349.710968017578125 0.66233205795288085938 8.5866327285766601562 15.642167091369628906 26.231822967529296875 30.963739395141601562 27.492727279663085938 24.949716567993164062 26.688787460327148438 23.813678741455078125 21.7406463623046875 33.111270904541015625 37.746738433837890625 35.450862884521484375 27.474527359008789062 10.265024185180664062 6.8426542282104492188 13.69579315185546875
0 278.530029296875 269.3048095703125 260.038238525390625 267.613494873046875 277.51580810546875 267.2469482421875 230.289642333984375 163.3686981201171875 114.7998809814453125 99.43497467041015625 82.7695465087890625 58.359996795654296875 37.3393402099609375 21.03733062744140625 17.768718719482421875 16.260227203369140625 355.997344970703125 354.569061279296875 12.965905189514160156 5.2557239532470703125 352.9752197265625 349.094207763671875 341.0703125 344.241302490234375 356.2186279296875 6.5231351852416992188 16.174341201782226562 26.337621688842773438 27.286943435668945312 23.609405517578125 21.240037918090820312 21.440523147583007812 23.985807418823242188 23.614213943481445312 27.869665145874023438 28.119640350341796875 28.223484039306640625 24.550458908081054688 11.309789657592773438 9.8111352920532226562 23.81861114501953125
0 300.03265380859375 293.2962646484375 287.40863037109375 271.352752685546875 250.687713623046875 207.381317138671875 181.778411865234375 170.6082611083984375 149.7851104736328125 132.6675567626953125 117.2720947265625 87.77999114990234375 63.434535980224609375 39.28934478759765625 43.727325439453125 33.439975738525390625 346.9295654296875 347.783538818359375 7.8536581993103027344 351.688812255859375 349.489044189453125 345.84967041015625 329.105987548828125 329.726776123046875 347.8062744140625 11.641716957092285156 31.776834487915039062 35.0330047607421875 25.123060226440429688 21.547634124755859375 17.009527206420898438 15.508603096008300781 26.01007080078125 29.093723297119140625 26.228610992431640625 26.342107772827148438 31.309904098510742188 37.549571990966796875 42.02596282958984375 61.990459442138671875 99.782135009765625
0 305.537078857421875 296.380889892578125 298.29998779296875 294.983154296875 280.71234130859375 212.733978271484375 132.184234619140625 133.058135986328125 101.68898773193359375 74.8987884521484375 62.62197113037109375 57.937824249267578125 46.527751922607421875 56.143230438232421875 68.57457733154296875 63.43425750732421875 322.764068603515625 329.61956787109375 333.43475341796875 312.357177734375 323.245452880859375 320.766845703125 313.464599609375 300.49884033203125 208.6080169677734375 141.981292724609375 114.27429962158203125 84.38226318359375 52.594470977783203125 52.88318634033203125 53.130069732666015625 62.912349700927734375 77.5293731689453125 77.6044769287109375 79.99196624755859375 88.8765716552734375 87.7451629638671875 82.5682830810546875 79.2867431640625 84.93648529052734375 97.305694580078125
0 284.53363037109375 289.108306884765625 299.37994384765625 314.423431396484375 331.54229736328125 0 17.574216842651367188 15.06017303466796875 21.759054183959960938 18.152711868286132812 21.291051864624023438 14.724301338195800781 11.888699531555175781 17.995815277099609375 13.310914993286132812 13.642866134643554688 359.20904541015625 357.41607666015625 355.5281982421875 342.017913818359375 346.286102294921875 329.371978759765625 333.94110107421875 349.018585205078125 357.10064697265625 3.6912813186645507812 13.207853317260742188 23.029111862182617188 31.667264938354492188 59.30741119384765625 80.933319091796875 98.4144439697265625 91.01685333251953125 75.128875732421875 75.9635467529296875 71.19986724853515625 56.04067230224609375 40.322475433349609375 23.498632431030273438 16.389535903930664062 24.281398773193359375
0 281.94781494140625 285.94464111328125 292.27301025390625 296.753448486328125 305.81036376953125 357.75335693359375 45.5507049560546875 46.231899261474609375 45.666233062744140625 28.300565719604492188 24.74948883056640625 21.395946502685546875 8.3657369613647460938 10.83174896240234375 16.067739486694335938 19.289953231811523438 9.5023326873779296875 6.6180572509765625 357.478057861328125 337.542236328125 343.901702880859375 321.631805419921875 315.41156005859375 327.86474609375 341.78631591796875 356.597869873046875 21.692064285278320312 40.10720062255859375 48.209442138671875 56.917484283447265625 50.527435302734375 40.7411346435546875 30.027019500732421875 35.921112060546875 33.140140533447265625 16.557041168212890625 17.10268402099609375 18.575738906860351562 12.957570075988769531 11.309868812561035156 19.108957290649414062
0 284.87506103515625 282.56683349609375 286.304412841796875 291.29669189453125 295.62518310546875 346.6064453125 41.235630035400390625 32.307453155517578125 25.133024215698242188 19.536512374877929688 20.46236419677734375 24.376373291015625 355.300262451171875 358.66705322265625 40.601329803466796875 55.938808441162109375 41.682056427001953125 24.8637237548828125 353.65887451171875 330.731292724609375 330.83154296875 308.499664306640625 287.649383544921875 277.659820556640625 279.515380859375 314.991973876953125 106.33167266845703125 106.0037994384765625 99.61175537109375 87.580078125 61.927398681640625 50.00567626953125 45.8811492919921875 39.656810760498046875 30.7187652587890625 24.986362457275390625 30.256368637084960938 38.558261871337890625 31.865749359130859375 19.093336105346679688 26.9657745361328125
0 295.252471923828125 293.4979248046875 296.493377685546875 308.039886474609375 332.151611328125 352.2021484375 3.9239354133605957031 10.43756866455078125 14.300233840942382812 16.1051177978515625 14.139019012451171875 14.036189079284667969 357.44305419921875 1.5317016839981079102 47.09519195556640625 45.357791900634765625 17.636392593383789062 7.9576997756958007812 355.60040283203125 347.98779296875 349.08819580078125 336.304779052734375 317.0086669921875 301.42889404296875 279.592529296875 126.72405242919921875 105.42208099365234375 94.74034881591796875 75.42569732666015625 58.7271270751953125 46.507450103759765625 47.3089141845703125 46.28237152099609375 37.50397491455078125 37.371692657470703125 43.167194366455078125 44.9999847412109375 48.8458251953125 34.85437774658203125 13.348745346069335938 26.5650634765625
0 306.19903564453125 301.87884521484375 301.81463623046875 313.2701416015625 334.61932373046875 348.621002197265625 357.72161865234375 5.7709298133850097656 12.623530387878417969 16.189189910888671875 14.465166091918945312 17.40784454345703125 5.754611968994140625 12.2209320068359375 45.30623626708984375 39.77378082275390625 16.493526458740234375 6.5572261810302734375 354.386749267578125 349.840087890625 354.62274169921875 346.217498779296875 327.641265869140625 311.88824462890625 294.192291259765625 96.581634521484375 93.8138427734375 83.9114227294921875 65.119842529296875 49.724460601806640625 45.4618682861328125 48.39478302001953125 47.38579559326171875 42.990291595458984375 43.887683868408203125 47.60260772705078125 45.9547576904296875 44.545162200927734375 32.412342071533203125 11.673796653747558594 44.377124786376953125
0 305.15350341796875 302.222625732421875 300.6134033203125 310.37939453125 330.625244140625 344.166778564453125 354.21356201171875 2.7605347633361816406 10.346699714660644531 16.189121246337890625 17.858615875244140625 22.61988067626953125 13.324518203735351562 19.9105377197265625 43.393756866455078125 36.06026458740234375 20.0562591552734375 8.5960979461669921875 350.79632568359375 348.470062255859375 355.723541259765625 354.453826904296875 348.689300537109375 338.0079345703125 334.4388427734375 55.0804443359375 65.82061004638671875 55.7129058837890625 48.46817779541015625 43.908447265625 46.847370147705078125 49.50217437744140625 45.506839752197265625 45.498020172119140625 49.63535308837890625 51.339878082275390625 52.334075927734375 53.05416107177734375 38.516941070556640625 9.7132663726806640625 48.39470672607421875
0 307.98284912109375 305.223358154296875 302.109588623046875 304.774200439453125 320.691619873046875 337.781585693359375 349.6199951171875 357.862274169921875 7.498416900634765625 18.312452316284179688 23.255640029907226562 27.793409347534179688 24.044183731079101562 27.529897689819335938 34.849094390869140625 25.1385650634765625 17.978496551513671875 5.988193511962890625 350.56817626953125 350.444793701171875 358.051177978515625 0.84262031316757202148 3.8141505718231201172 358.92822265625 354.490142822265625 25.60210418701171875 39.113895416259765625 27.9853363037109375 22.97051239013671875 24.331060409545898438 26.066785812377929688 29.64441680908203125 28.097507476806640625 29.458318710327148438 33.11126708984375 31.476713180541992188 39.289257049560546875 45.874420166015625 28.974246978759765625 6.4416451454162597656 41.39539337158203125
