wildfire/work/fuelmodels/1982/aspect.asc
ncols        271
nrows        217
xllcorner    182765.000000000000
yllcorner    481425.000000000000
cellsize     5.000000000000
NODATA_value   -999
[rows 126 to 143 of 217, columns 42 to 83 of 271]
94.08521270751953125 83.50048828125 76.90782928466796875 83.51654052734375 93.17935943603515625 92.0210723876953125 94.18453216552734375 107.81780242919921875 115.55908203125 115.25276947021484375 137.8616180419921875 176.8767547607421875 154.982696533203125 109.48590087890625 97.25333404541015625 92.12129974365234375 191.3119964599609375 195.94720458984375 324.463348388671875 318.73095703125 316.4683837890625 317.08184814453125 331.44769287109375 342.22784423828125 335.1226806640625 328.845550537109375 324.32891845703125 331.820556640625 334.85430908203125 340.258697509765625 3.9911096096038818359 338.961700439453125 315.8629150390625 318.531494140625 331.9268798828125 336.511688232421875 332.026336669921875 327.361724853515625 297.09478759765625 257.618621826171875 246.37921142578125 248.6287689208984375
48.2247772216796875 49.899082183837890625 60.73165130615234375 69.62335205078125 71.56520843505859375 72.01276397705078125 66.29727935791015625 55.885223388671875 51.632228851318359375 66.37054443359375 77.57448577880859375 123.68978118896484375 155.924285888671875 137.935394287109375 104.42119598388671875 77.0048370361328125 4.3979239463806152344 325.1229248046875 322.666015625 320.571624755859375 318.3101806640625 319.952545166015625 333.913543701171875 338.665679931640625 340.38714599609375 342.1273193359375 334.273590087890625 334.383697509765625 332.479339599609375 348.21087646484375 15.945505142211914062 330.70794677734375 318.61004638671875 335.017852783203125 326.688720703125 321.33941650390625 324.618804931640625 324.92547607421875 324.6043701171875 304.37933349609375 266.272613525390625 252.896697998046875
30.068704605102539062 44.999897003173828125 56.920551300048828125 56.956493377685546875 49.236637115478515625 47.321624755859375 53.01689910888671875 54.61951446533203125 58.172454833984375 62.744777679443359375 62.783977508544921875 76.6075439453125 109.9828948974609375 149.9302520751953125 66.79673004150390625 39.5583953857421875 339.774993896484375 319.925933837890625 322.4593505859375 319.634765625 314.186431884765625 314.304779052734375 326.767486572265625 331.556243896484375 338.578857421875 345.1951904296875 341.32989501953125 339.250518798828125 336.902496337890625 359.999053955078125 11.210699081420898438 330.598419189453125 325.83941650390625 347.503143310546875 334.248748779296875 325.228179931640625 328.060638427734375 326.309173583984375 322.721221923828125 320.57159423828125 304.7340087890625 264.521942138671875
29.384159088134765625 42.917415618896484375 44.144779205322265625 35.70658111572265625 30.101427078247070312 32.5248260498046875 38.717254638671875 41.92224884033203125 47.2904052734375 55.389034271240234375 59.036014556884765625 61.782360076904296875 60.642040252685546875 14.034710884094238281 335.224761962890625 4.1846995353698730469 335.224639892578125 308.659210205078125 310.994903564453125 314.999267578125 313.94476318359375 313.841888427734375 322.89093017578125 330.0040283203125 334.787353515625 339.573150634765625 341.033782958984375 342.406829833984375 346.416351318359375 14.484643936157226562 357.552154541015625 330.50921630859375 340.829742431640625 349.362091064453125 341.20501708984375 330.460540771484375 330.22137451171875 335.69464111328125 334.141693115234375 320.750946044921875 324.9356689453125 324.0655517578125
35.252742767333984375 47.502964019775390625 37.647502899169921875 24.814096450805664062 23.728420257568359375 28.495538711547851562 33.377567291259765625 36.027156829833984375 46.958003997802734375 61.95534515380859375 65.170074462890625 63.4345703125 64.9037933349609375 42.13678741455078125 308.155914306640625 337.108856201171875 332.7442626953125 310.18609619140625 308.816497802734375 308.479644775390625 307.4693603515625 307.808380126953125 317.2017822265625 327.5924072265625 329.5843505859375 331.82061767578125 337.02471923828125 342.98541259765625 356.0267333984375 30.510099411010742188 344.98089599609375 324.14404296875 353.34478759765625 349.7611083984375 346.5609130859375 337.867767333984375 330.053497314453125 337.78961181640625 340.22698974609375 318.4527587890625 311.45452880859375 343.5584716796875
66.3454437255859375 49.17458343505859375 24.567155838012695312 18.15254974365234375 20.5302276611328125 24.934198379516601562 31.854940414428710938 41.042327880859375 56.45859527587890625 69.48220062255859375 80.5372772216796875 96.1700439453125 98.4983367919921875 119.93198394775390625 253.73907470703125 287.10205078125 312.229156494140625 306.44384765625 307.63134765625 299.227569580078125 296.851470947265625 300.536956787109375 310.850494384765625 319.504058837890625 318.3836669921875 321.24560546875 329.03546142578125 337.04248046875 12.094812393188476562 51.91114044189453125 326.8016357421875 316.090484619140625 356.545867919921875 348.96954345703125 345.2777099609375 347.3294677734375 344.418182373046875 343.16143798828125 342.082855224609375 327.9940185546875 303.97601318359375 301.67425537109375
64.7982635498046875 4.5599737167358398438 4.3682837486267089844 8.4911851882934570312 13.717409133911132812 27.672039031982421875 43.331516265869140625 59.865238189697265625 75.7901153564453125 86.4742584228515625 101.309906005859375 120.37886810302734375 122.47064971923828125 134.9996795654296875 257.904937744140625 271.92987060546875 289.09271240234375 290.512542724609375 297.740325927734375 297.33160400390625 292.29638671875 293.658843994140625 302.8807373046875 308.088226318359375 299.808441162109375 299.5380859375 304.37969970703125 311.509979248046875 54.593231201171875 64.910491943359375 309.172882080078125 304.507843017578125 353.49981689453125 339.303619384765625 336.531280517578125 348.373443603515625 358.4993896484375 356.37744140625 346.48675537109375 344.133453369140625 324.162200927734375 198.434478759765625
325.783477783203125 333.102996826171875 349.45111083984375 10.437429428100585938 20.733362197875976562 55.8457489013671875 74.31740570068359375 88.69797515869140625 97.4312744140625 103.6338043212890625 115.10430908203125 126.7730712890625 137.0092926025390625 190.620361328125 270 286.8209228515625 298.827301025390625 298.34490966796875 301.067596435546875 300.505523681640625 286.857696533203125 277.173583984375 278.44683837890625 284.035736083984375 274.20013427734375 260.909210205078125 246.6885833740234375 236.6327667236328125 106.0735015869140625 63.216899871826171875 295.232147216796875 285.254547119140625 328.3919677734375 298.685577392578125 262.953582763671875 283.324188232421875 5.9054584503173828125 1.6843969821929931641 356.05426025390625 36.027584075927734375 115.5594940185546875 137.1204071044921875
268.1214599609375 275.355255126953125 250.2012939453125 129.8972320556640625 148.13360595703125 115.83121490478515625 109.82051849365234375 113.6291656494140625 111.8012237548828125 112.0109710693359375 120.7269744873046875 129.7370452880859375 146.9764404296875 240.2554931640625 272.83343505859375 280.490692138671875 288.198333740234375 292.099365234375 295.15472412109375 297.398345947265625 290.09478759765625 273.782012939453125 265.894256591796875 259.0452880859375 247.108856201171875 228.77764892578125 222.012786865234375 217.092041015625 183.366241455078125 124.5622100830078125 258.231109619140625 251.18743896484375 223.0241241455078125 199.1333160400390625 240.0373077392578125 247.6708526611328125 182.726470947265625 204.1445465087890625 164.7438201904296875 99.68903350830078125 112.52054595947265625 89.99979400634765625
204.623077392578125 202.9561767578125 187.5117340087890625 149.7430877685546875 151.059600830078125 136.729644775390625 130.07904052734375 129.3860015869140625 122.806640625 117.8472900390625 122.34712982177734375 126.3467864990234375 215.5389404296875 287.5909423828125 277.6953125 272.3712158203125 275.50482177734375 282.686767578125 290.705291748046875 296.08489990234375 291.091949462890625 268.483978271484375 256.389617919921875 230.07916259765625 210.0681304931640625 209.2274322509765625 217.925872802734375 215.7756195068359375 197.13275146484375 172.5280303955078125 216.8692779541015625 225.348785400390625 210.8500518798828125 208.73968505859375 234.46173095703125 212.1952056884765625 188.24603271484375 201.3287353515625 193.6709136962890625 149.9307403564453125 74.35764312744140625 327.723480224609375
187.0894775390625 196.942230224609375 178.8123016357421875 163.8185272216796875 155.9444122314453125 144.0972900390625 137.8295135498046875 135.8590087890625 127.53910064697265625 119.341461181640625 122.95714569091796875 147.3380584716796875 204.443267822265625 242.1978912353515625 262.997772216796875 272.23883056640625 280.971710205078125 285.017791748046875 283.569671630859375 286.92657470703125 294.0748291015625 271.65985107421875 243.609710693359375 193.049774169921875 187.5233306884765625 200.474578857421875 212.6330108642578125 208.86395263671875 193.03826904296875 178.17156982421875 198.2623138427734375 214.9915771484375 208.9636383056640625 203.673431396484375 199.9158782958984375 187.3605499267578125 195.46075439453125 206.714141845703125 200.3999481201171875 204.67620849609375 239.7428741455078125 296.56390380859375
161.5645751953125 171.506988525390625 165.4535369873046875 163.165557861328125 158.8780364990234375 148.9206085205078125 140.6819610595703125 140.00030517578125 132.939453125 127.09244537353515625 131.729095458984375 157.9312744140625 186.3392333984375 222.0256805419921875 248.1258697509765625 263.41741943359375 272.23052978515625 278.2066650390625 272.725738525390625 268.805877685546875 291.643646240234375 308.33258056640625 199.4394073486328125 160.483856201171875 177.954132080078125 196.0943603515625 206.9767608642578125 204.2932891845703125 190.594390869140625 182.469635009765625 193.9204559326171875 208.9737396240234375 205.0641937255859375 200.50762939453125 197.3138580322265625 190.7257537841796875 202.0936431884765625 207.0501708984375 203.6816864013671875 212.3066558837890625 218.8837127685546875 232.8525390625
164.2241363525390625 153.3379058837890625 151.503936767578125 153.71575927734375 156.1044769287109375 151.445404052734375 142.9353179931640625 145.2679595947265625 140.6668243408203125 143.8955535888671875 153.8245849609375 161.2109222412109375 196.98968505859375 238.4648895263671875 256.954010009765625 264.48797607421875 265.351287841796875 266.358001708984375 267.83233642578125 262.303253173828125 251.564208984375 214.0452423095703125 140.057037353515625 145.027587890625 171.0520477294921875 190.4595489501953125 200.6415252685546875 200.224334716796875 189.7365875244140625 188.7864990234375 196.794342041015625 204.310028076171875 202.057586669921875 200.015411376953125 197.202392578125 193.334625244140625 202.700286865234375 204.55511474609375 209.3437652587890625 216.98236083984375 219.8473663330078125 231.0953521728515625
145.5872650146484375 138.6262359619140625 139.6984405517578125 142.620819091796875 148.3549346923828125 150.0539398193359375 146.4637908935546875 148.0289764404296875 141.7885284423828125 146.4022064208984375 165.5558013916015625 189.6882171630859375 238.7061920166015625 258.68963623046875 262.42645263671875 258.99578857421875 251.412384033203125 246.370086669921875 239.1300811767578125 227.0448455810546875 212.470672607421875 189.589202880859375 147.5283966064453125 142.406524658203125 167.6749420166015625 186.695953369140625 195.3264923095703125 195.380096435546875 189.82855224609375 197.97802734375 203.8809051513671875 200.890289306640625 199.28961181640625 200.015411376953125 199.0639801025390625 198.704864501953125 208.123291015625 211.6836090087890625 221.877349853515625 224.6069488525390625 225.433624267578125 237.8038787841796875
123.78940582275390625 130.600982666015625 137.2165069580078125 144.1621551513671875 148.8459625244140625 147.264251708984375 150.2159881591796875 151.2796173095703125 142.367584228515625 141.5815277099609375 181.97467041015625 240.678863525390625 262.303192138671875 269.355224609375 261.1065673828125 250.6252288818359375 240.05389404296875 229.2480926513671875 213.9293975830078125 202.8232574462890625 198.561279296875 186.47796630859375 155.15380859375 143.2124176025390625 162.1890716552734375 185.28082275390625 193.413818359375 192.015594482421875 196.03668212890625 209.98858642578125 211.8138580322265625 200.787628173828125 200.0626220703125 203.255157470703125 201.881744384765625 205.7689361572265625 215.3261871337890625 221.9331207275390625 228.3857574462890625 228.7147064208984375 233.3052978515625 240.3570709228515625
126.14182281494140625 131.0667724609375 132.7538909912109375 136.7896270751953125 140.2811279296875 142.4111328125 149.2806549072265625 152.386932373046875 145.4203338623046875 132.91668701171875 248.7490386962890625 266.986419677734375 267.977569580078125 269.998870849609375 263.883544921875 252.0500030517578125 233.4813232421875 215.7349700927734375 207.524658203125 203.818115234375 198.4344329833984375 184.7073974609375 162.8969573974609375 145.370361328125 151.1322174072265625 186.1024169921875 200.125579833984375 198.2077178955078125 212.151702880859375 220.4091033935546875 218.490478515625 205.607208251953125 199.2034454345703125 205.744354248046875 208.056793212890625 212.78021240234375 222.0721435546875 227.602081298828125 228.701568603515625 233.129486083984375 239.2152862548828125 238.44793701171875
125.7462921142578125 132.92974853515625 135.7845306396484375 140.8556365966796875 136.031951904296875 134.48822021484375 144.72723388671875 155.6952667236328125 165.3789520263671875 177.1365814208984375 255.9632568359375 263.927032470703125 258.958709716796875 245.5559234619140625 240.1238861083984375 236.9205474853515625 220.6486968994140625 205.8658599853515625 214.0453033447265625 220.3887176513671875 209.7971343994140625 184.84368896484375 161.2738800048828125 139.0038299560546875 140.1275482177734375 192.2641754150390625 211.80914306640625 221.9053497314453125 237.1439208984375 228.9904632568359375 220.4853057861328125 206.56439208984375 197.3535003662109375 207.96173095703125 214.7311859130859375 218.570892333984375 228.1407318115234375 235.0448150634765625 232.305084228515625 227.960418701171875 227.0345001220703125 218.8379364013671875
132.84869384765625 140.5869293212890625 146.449127197265625 153.7048492431640625 149.2806549072265625 134.9996795654296875 137.7259368896484375 159.3253326416015625 187.205902099609375 199.798187255859375 221.2476654052734375 238.32421875 235.1539764404296875 229.9265289306640625 237.69903564453125 240.2547607421875 219.472198486328125 206.0290985107421875 226.1927490234375 238.5530853271484375 240.523590087890625 195.94586181640625 129.5074615478515625 129.3514556884765625 151.620330810546875 191.5916900634765625 199.230377197265625 219.1599884033203125 225.572540283203125 218.8839569091796875 219.6847991943359375 204.7432098388671875 203.749053955078125 211.2279205322265625 208.385162353515625 214.3147430419921875 222.78472900390625 227.267364501953125 219.501312255859375 215.08087158203125 219.1024932861328125 201.490478515625
