wildfire/work/fuelmodels/1982/slope.asc
ncols        271
nrows        217
xllcorner    182765.000000000000
yllcorner    481425.000000000000
cellsize     5.000000000000
NODATA_value   -999
[rows 54 to 71 of 217, columns 0 to 39 of 271]
0 1.2157560586929321289 2.7776608467102050781 1.5946329832077026367 2.4790678024291992188 2.667720794677734375 3.9575788974761962891 3.2224931716918945312 2.7441513538360595703 2.8849823474884033203 3.0833475589752197266 2.8608744144439697266 2.148548126220703125 1.466693878173828125 0.6689599156379699707 2.4009275436401367188 0.76497763395309448242 2.7046189308166503906 2.5658817291259765625 2.6496603488922119141 1.2107566595077514648 0.94013446569442749023 0.61205780506134033203 1.1807020902633666992 1.306071162223815918 0.96614921092987060547 0.42808109521865844727 0.81122541427612304688 0.59187066555023193359 0.6178213953971862793 0.68688434362411499023 1.5538108348846435547 3.1422827243804931641 2.1530082225799560547 2.6339542865753173828 2.0951399803161621094 0.47728651762008666992 1.7645593881607055664 0.91613531112670898438 1.1190792322158813477
0 0.49703437089920043945 2.0293979644775390625 2.5591711997985839844 3.68793487548828125 3.7412359714508056641 2.5307524204254150391 1.8455628156661987305 2.0266554355621337891 1.8137576580047607422 2.0133817195892333984 2.0934531688690185547 2.2153177261352539062 1.1776920557022094727 1.1498583555221557617 2.4019770622253417969 2.2414181232452392578 2.9784471988677978516 1.1099926233291625977 2.6639335155487060547 2.2223908901214599609 1.2841870784759521484 0.57363325357437133789 0.71504062414169311523 1.5564078092575073242 1.7599532604217529297 1.6198191642761230469 2.1066975593566894531 2.6154623031616210938 2.5072703361511230469 2.7740209102630615234 3.8835091590881347656 4.9532613754272460938 4.7521843910217285156 5.1956667900085449219 4.7295284271240234375 2.9752161502838134766 1.8781809806823730469 1.2392648458480834961 1.3080137968063354492
0 1.6129418611526489258 2.6920633316040039062 2.0251572132110595703 2.4872224330902099609 3.806812286376953125 3.0700342655181884766 2.3867747783660888672 2.3706173896789550781 2.3678390979766845703 1.8179365396499633789 1.3666589260101318359 1.5225559473037719727 1.8932023048400878906 2.2198810577392578125 2.7650747299194335938 2.3678443431854248047 1.6400043964385986328 0.13119785487651824951 1.4089623689651489258 2.5181376934051513672 2.6633627414703369141 2.2495355606079101562 1.7739919424057006836 1.6223213672637939453 1.912349700927734375 2.2730236053466796875 2.5892293453216552734 2.8372728824615478516 3.6692612171173095703 4.9511256217956542969 5.4177546501159667969 5.5358643531799316406 4.9059200286865234375 3.4084463119506835938 3.8879430294036865234 4.4186048507690429688 4.2593665122985839844 3.6660859584808349609 3.7262203693389892578
0 3.0985553264617919922 2.5389358997344970703 2.4154148101806640625 2.7856638431549072266 2.137928009033203125 2.8709323406219482422 1.8643786907196044922 1.2355730533599853516 0.77026146650314331055 0.31339216232299804688 0.88006269931793212891 0.47729381918907165527 1.1405844688415527344 1.4800928831100463867 1.8447465896606445312 1.7570846080780029297 0.67122572660446166992 0.28814014792442321777 0.84244966506958007812 1.2380366325378417969 1.7739970684051513672 2.8183240890502929688 3.5128257274627685547 3.2498188018798828125 3.0728418827056884766 3.2912304401397705078 3.4753754138946533203 3.8462772369384765625 4.4101419448852539062 4.5142846107482910156 3.9423644542694091797 3.5790863037109375 0.80118662118911743164 1.7842285633087158203 0.92930459976196289062 2.1341493129730224609 1.6101180315017700195 0.81558275222778320312 0.79037213325500488281
0 2.3517661094665527344 1.7074342966079711914 2.2649977207183837891 1.559019923210144043 0.13119933009147644043 1.1298797130584716797 1.9352219104766845703 1.5357875823974609375 0.84003716707229614258 0.4857062995433807373 0.54928880929946899414 0.78715586662292480469 0.78779351711273193359 0.90501463413238525391 0.19354447722434997559 0.60790848731994628906 1.2587157487869262695 0.87776356935501098633 0.43279424309730529785 0.38316160440444946289 1.152937769889831543 1.8942627906799316406 1.9375694990158081055 2.1165204048156738281 2.1506631374359130859 2.1794006824493408203 3.0175604820251464844 4.4041876792907714844 5.16062164306640625 5.0205035209655761719 4.1610584259033203125 2.8740999698638916016 2.1236817836761474609 1.795533299446105957 0.41851970553398132324 0.64429223537445068359 0.79037678241729736328 1.7887722253799438477 1.4261070489883422852
0 1.4260975122451782227 1.5354620218276977539 2.2495286464691162109 2.1088573932647705078 1.7151095867156982422 1.8510408401489257812 1.5551229715347290039 1.8098560571670532227 1.6000210046768188477 0.75632619857788085938 0.85615146160125732422 0.67122572660446166992 0.79547345638275146484 1.5357921123504638672 1.4841768741607666016 1.8789815902709960938 2.5466921329498291016 2.3950214385986328125 1.0957653522491455078 1.3141839504241943359 1.1423490047454833984 1.1981431245803833008 0.95720714330673217773 0.60791677236557006836 0.21345822513103485107 0.59442883729934692383 2.2298822402954101562 3.3582570552825927734 2.7505931854248046875 2.1229698657989501953 1.0808886289596557617 0.5566113591194152832 1.6874520778656005859 1.9142010211944580078 0.48465213179588317871 0.54185980558395385742 0.52957963943481445312 1.0733733177185058594 2.4569432735443115234
0 2.1317670345306396484 2.3560581207275390625 2.7981507778167724609 2.9305326938629150391 2.3823220729827880859 1.5088738203048706055 1.3662996292114257812 2.3689110279083251953 3.0831887722015380859 3.1154832839965820312 2.7981641292572021484 2.303966522216796875 2.0915203094482421875 2.5892331600189208984 3.6441242694854736328 3.9875757694244384766 3.6206166744232177734 3.8640918731689453125 2.8578679561614990234 1.459766387939453125 0.92766237258911132812 1.0818216800689697266 1.6874544620513916016 1.861939549446105957 2.0346264839172363281 1.5885922908782958984 1.9070488214492797852 2.8326323032379150391 3.9021937847137451172 4.4739842414855957031 4.9479794502258300781 5.1049437522888183594 4.8077979087829589844 3.8562467098236083984 2.8030295372009277344 2.5774903297424316406 2.9291629791259765625 2.4809131622314453125 1.2376279830932617188
0 2.7689106464385986328 3.0445790290832519531 2.8804235458374023438 3.3080716133117675781 3.7671983242034912109 4.2049722671508789062 4.5649633407592773438 4.6049098968505859375 5.0062203407287597656 5.4086451530456542969 4.9998755455017089844 4.4905271530151367188 3.6432840824127197266 3.0384318828582763672 3.2992045879364013672 3.4162809848785400391 3.070697784423828125 3.6923196315765380859 3.7115621566772460938 2.5939152240753173828 1.5806192159652709961 1.323394775390625 1.8532183170318603516 1.3813927173614501953 1.8389675617218017578 2.4120678901672363281 1.3948901891708374023 0.79036819934844970703 2.6920633316040039062 3.5085132122039794922 3.4578924179077148438 2.8919811248779296875 2.2461564540863037109 1.936794281005859375 2.0642516613006591797 2.1074292659759521484 1.9696983098983764648 1.9555145502090454102 1.794404149055480957
0 3.8160893917083740234 4.0275120735168457031 4.50354766845703125 5.2172541618347167969 5.3160982131958007812 5.5884876251220703125 6.0659704208374023438 6.2141122817993164062 6.0434346199035644531 6.10012054443359375 6.1897759437561035156 5.5484094619750976562 4.7964501380920410156 4.1813812255859375 3.7928509712219238281 3.2162053585052490234 2.5892241001129150391 2.8295965194702148438 3.3641257286071777344 3.3493726253509521484 3.0192394256591796875 3.1762034893035888672 2.0301489830017089844 0.51011043787002563477 0.54186445474624633789 0.031826604157686233521 0.96981477737426757812 1.170804142951965332 0.30017969012260437012 0.17135861515998840332 0.49397668242454528809 0.70001941919326782227 0.45224708318710327148 0.43280270695686340332 1.1026737689971923828 0.95667511224746704102 1.0061848163604736328 1.2826164960861206055 0.65519684553146362305
0 6.4843649864196777344 6.0056867599487304688 6.1592264175415039062 6.337062835693359375 6.4745879173278808594 6.2647423744201660156 6.2789378166198730469 6.5884242057800292969 6.3422985076904296875 5.9660015106201171875 5.9548540115356445312 5.6465735435485839844 5.1621890068054199219 5.0612063407897949219 5.0142755508422851562 4.4539794921875 4.0399003028869628906 4.2206659317016601562 4.5217638015747070312 4.0842719078063964844 3.2162010669708251953 3.0602998733520507812 2.5876665115356445312 1.7570825815200805664 1.0695900917053222656 0.51406180858612060547 0.94229161739349365234 1.6745141744613647461 1.8945354223251342773 1.9583518505096435547 1.6681495904922485352 1.6862471103668212891 1.8003160953521728516 1.7192389965057373047 2.2414240837097167969 1.466693878173828125 0.52957963943481445312 0.90110218524932861328 0.37244769930839538574
0 8.1540613174438476562 7.8398590087890625 7.7200284004211425781 7.3255367279052734375 7.5479364395141601562 7.1184930801391601562 5.9315576553344726562 5.5049371719360351562 5.8054790496826171875 5.7518944740295410156 5.5060367584228515625 5.5024657249450683594 5.7202916145324707031 5.3935375213623046875 4.6987152099609375 4.3794856071472167969 4.5800914764404296875 4.7089014053344726562 4.50701141357421875 4.2661118507385253906 3.1998202800750732422 2.4969575405120849609 2.8779664039611816406 3.0357687473297119141 3.0464034080505371094 2.7617766857147216797 2.3463795185089111328 2.3360128402709960938 2.2747991085052490234 2.7291862964630126953 3.3189060688018798828 3.1946089267730712891 2.4706890583038330078 1.9326041936874389648 2.7016234397888183594 3.1127109527587890625 2.6295385360717773438 1.7335968017578125 1.202777862548828125
0 8.53409576416015625 8.8414154052734375 8.5719347000122070312 7.6994862556457519531 7.4577693939208984375 7.1321110725402832031 6.2332658767700195312 5.9557843208312988281 5.9768743515014648438 6.1686124801635742188 6.8033642768859863281 6.7811722755432128906 6.7332773208618164062 6.4640130996704101562 5.3801541328430175781 4.540134429931640625 3.4023530483245849609 2.5753328800201416016 3.4742193222045898438 4.3135313987731933594 4.0706548690795898438 3.3255960941314697266 2.9307076930999755859 3.2630102634429931641 3.8530945777893066406 3.783115386962890625 2.9403431415557861328 2.4626977443695068359 2.3950276374816894531 3.4667949676513671875 3.9804756641387939453 3.7263617515563964844 2.9170484542846679688 2.9139268398284912109 3.0728383064270019531 3.0419256687164306641 2.923980712890625 3.0352702140808105469 3.0601449012756347656
0 9.9954710006713867188 9.6346273422241210938 8.8858404159545898438 8.3662357330322265625 8.2798290252685546875 8.3008451461791992188 7.9103026390075683594 7.5683107376098632812 6.98183441162109375 6.8843989372253417969 7.5744709968566894531 7.5879673957824707031 6.6352415084838867188 5.9670076370239257812 5.7593245506286621094 5.5874800682067871094 4.7711348533630371094 2.9196441173553466797 4.3419885635375976562 5.5581178665161132812 5.2277693748474121094 4.7674460411071777344 3.7456891536712646484 3.2201297283172607422 3.1154701709747314453 3.4875657558441162109 3.7907197475433349609 3.7959156036376953125 3.5185790061950683594 3.8797361850738525391 3.0222394466400146484 3.5037553310394287109 3.2889261245727539062 3.7460904121398925781 3.8118431568145751953 3.6698019504547119141 3.4759557247161865234 3.1552882194519042969 3.1327815055847167969
0 11.194432258605957031 9.71398162841796875 9.3408536911010742188 9.741695404052734375 9.53620147705078125 9.5835123062133789062 9.4718103408813476562 8.5484409332275390625 7.68273162841796875 7.4362764358520507812 7.5041608810424804688 7.2758507728576660156 6.4458742141723632812 6.4421992301940917969 6.4828138351440429688 6.4890198707580566406 7.43997955322265625 6.3007631301879882812 4.3868455886840820312 4.5980062484741210938 5.4507756233215332031 5.9329242706298828125 5.772518157958984375 4.4738717079162597656 3.6572644710540771484 3.6814963817596435547 4.0133256912231445312 4.5147342681884765625 4.4522724151611328125 4.1972818374633789062 3.7634472846984863281 4.61716461181640625 4.2217535972595214844 3.7908639907836914062 4.1847691535949707031 4.4562373161315917969 4.2871189117431640625 4.1720824241638183594 4.0772294998168945312
0 12.610487937927246094 10.586756706237792969 9.3048839569091796875 8.8901777267456054688 8.7139129638671875 8.5261144638061523438 8.189174652099609375 7.3267068862915039062 6.497531890869140625 5.4994397163391113281 5.3877353668212890625 6.0725998878479003906 5.5578513145446777344 5.9075880050659179688 6.3229899406433105469 5.7770485877990722656 5.8621678352355957031 6.2151589393615722656 3.2168345451354980469 2.6477448940277099609 3.7563295364379882812 4.4258961677551269531 5.3591356277465820312 5.2365331649780273438 4.7306942939758300781 4.7495326995849609375 4.6863574981689453125 4.6049132347106933594 4.4085345268249511719 4.5861334800720214844 4.7225899696350097656 5.1065211296081542969 4.7790689468383789062 4.6128973960876464844 4.787609100341796875 4.5927371978759765625 4.3122477531433105469 4.4539794921875 4.0772299766540527344
0 12.582184791564941406 11.607861518859863281 10.855851173400878906 9.6248311996459960938 8.464813232421875 7.4701948165893554688 6.8292222023010253906 6.6589031219482421875 6.3655633926391601562 5.2875814437866210938 4.793605804443359375 5.6578812599182128906 5.1528997421264648438 4.0293965339660644531 4.8869652748107910156 5.4205579757690429688 4.3877711296081542969 6.0684523582458496094 5.5134401321411132812 4.3739495277404785156 3.8424689769744873047 3.7993814945220947266 4.0902042388916015625 4.46573638916015625 4.2332096099853515625 4.3802866935729980469 4.7072916030883789062 4.9336829185485839844 4.928775787353515625 5.0702619552612304688 4.7689242362976074219 4.7360215187072753906 4.4101338386535644531 4.0512533187866210938 3.9875652790069580078 4.2511739730834960938 3.9103388786315917969 3.2946043014526367188 2.8530869483947753906
0 9.9926919937133789062 9.5975065231323242188 9.3097629547119140625 8.767841339111328125 7.8788690567016601562 8.0012874603271484375 7.8915834426879882812 7.6686768531799316406 7.4537186622619628906 6.6980390548706054688 6.3744072914123535156 6.7850193977355957031 6.6291079521179199219 5.59857177734375 5.3277478218078613281 5.93581390380859375 5.5581197738647460938 6.0316925048828125 6.2297167778015136719 5.1928486824035644531 4.3652825355529785156 4.0467739105224609375 4.040409088134765625 4.4962658882141113281 4.6934542655944824219 4.5105962753295898438 4.5413608551025390625 5.2837672233581542969 5.9329276084899902344 5.4798970222473144531 4.4833312034606933594 4.6097264289855957031 4.5503554344177246094 3.73975372314453125 3.4562857151031494141 3.8398370742797851562 4.0963635444641113281 3.953868865966796875 3.5620963573455810547
0 6.5639629364013671875 7.1618132591247558594 6.4999294281005859375 6.4104404449462890625 7.0296411514282226562 8.1100368499755859375 8.80947113037109375 9.0104589462280273438 9.314525604248046875 8.5878353118896484375 7.5987982749938964844 7.4784493446350097656 7.4891681671142578125 7.1915402412414550781 6.6238002777099609375 6.4246187210083007812 6.4230499267578125 5.9632968902587890625 4.9601874351501464844 4.0624628067016601562 3.5036101341247558594 3.4137656688690185547 4.0801877975463867188 4.6750359535217285156 4.9018025398254394531 4.9496011734008789062 4.8586025238037109375 4.9004611968994140625 5.2659015655517578125 5.3942804336547851562 4.9987645149230957031 4.7061114311218261719 4.7226953506469726562 4.5370278358459472656 4.2125363349914550781 4.0144534111022949219 4.1694073677062988281 4.2585268020629882812 3.8269174098968505859
