wildfire/work/fuelmodels/1982/slope.asc
ncols        271
nrows        217
xllcorner    182765.000000000000
yllcorner    481425.000000000000
cellsize     5.000000000000
NODATA_value   -999
[rows 108 to 125 of 217, columns 200 to 239 of 271]
0.74282795190811157227 0.34270021319389343262 0.38447859883308410645 0.46981203556060791016 0.67122060060501098633 0.93581306934356689453 0.92493772506713867188 0.91170680522918701172 2.5427129268646240234 1.4189867973327636719 0.92273741960525512695 0.9677250981330871582 1.3502776622772216797 0.19091685116291046143 0.43279781937599182129 0.74893260002136230469 0.35575655102729797363 0.13499440252780914307 0.30018481612205505371 0.18554061651229858398 0.63159143924713134766 0.59187424182891845703 0.31820401549339294434 0.38315910100936889648 1.6498482227325439453 1.5007996559143066406 1.0325062274932861328 1.5301821231842041016 0.81122797727584838867 0.14230564236640930176 0.7954756617546081543 1.7006014585494995117 2.1551306247711181641 0.99098008871078491211 2.0363690853118896484 1.5367807149887084961 2.6032564640045166016 1.3956158161163330078 1.446188807487487793 0.095455490052700042725
1.8157116174697875977 1.219491124153137207 0.8490288853645324707 0.47729015350341796875 0.38709813356399536133 0.74893730878829956055 0.842456817626953125 1.2810295820236206055 2.6911170482635498047 1.3828680515289306641 1.0822921991348266602 1.0388561487197875977 1.4510873556137084961 0.49703821539878845215 0.46330818533897399902 0.63956254720687866211 0.45558959245681762695 0.14229476451873779297 0.28813347220420837402 0.1147220805287361145 0.58064919710159301758 1.0186841487884521484 0.99861532449722290039 1.0990021228790283203 1.3355801105499267578 0.76630479097366333008 0.22499266266822814941 0.77484232187271118164 1.7379686832427978516 1.691046595573425293 1.1960352659225463867 1.0874247550964355469 2.3232059478759765625 1.8198969364166259766 1.8902633190155029297 1.721884608268737793 1.9236874580383300781 0.98689192533493041992 1.4691008329391479492 1.0152045488357543945
1.8157186508178710938 1.3287371397018432617 1.0989885330200195312 0.74486333131790161133 0.63638186454772949219 0.86848813295364379883 0.98020190000534057617 1.6826418638229370117 2.4618735313415527344 0.86907613277435302734 1.1330152750015258789 0.89827454090118408203 1.5179020166397094727 0.59783667325973510742 0.55661660432815551758 0.31338909268379211426 0.50311654806137084961 0.22499953210353851318 0.22944715619087219238 0.114733867347240448 0.28459969162940979004 0.62998694181442260742 1.0860217809677124023 1.011202692985534668 1.0822833776473999023 0.64428442716598510742 0.65519148111343383789 1.07666015625 1.1564475297927856445 0.68836152553558349609 0.47303044795989990234 0.47303739190101623535 0.95455837249755859375 0.93582093715667724609 1.5301821231842041016 1.0166884660720825195 1.2115895748138427734 0.68540400266647338867 1.4804199934005737305 1.6000193357467651367
1.9417538642883300781 1.3378537893295288086 0.98276817798614501953 0.73253065347671508789 0.90053617954254150391 1.1099898815155029297 0.99861812591552734375 1.5978051424026489258 1.9801855087280273438 0.46982029080390930176 1.1258410215377807617 0.79546719789505004883 1.3956155776977539062 0.79547512531280517578 0.76431858539581298828 0.65597426891326904297 0.68318915367126464844 0.19355046749114990234 0.044996734708547592163 0.32760274410247802734 0.60790848731994628906 0.61205780506134033203 0.48151543736457824707 0.20124463737010955811 0.59187066555023193359 0.25654163956642150879 0.41487583518028259277 0.43279916048049926758 0.66212201118469238281 1.1568872928619384766 0.95456326007843017578 0.92275094985961914062 0.82729232311248779297 1.0533854961395263672 0.7954743504524230957 1.1926437616348266602 1.6571958065032958984 0.99404001235961914062 2.5837597846984863281 2.4951422214508056641
1.9766130447387695312 1.7547817230224609375 1.349892735481262207 0.95720297098159790039 0.8960272669792175293 1.0766566991806030273 0.83521002531051635742 1.3172609806060791016 1.8115218877792358398 0.66896367073059082031 0.56293821334838867188 0.96615499258041381836 0.81496018171310424805 0.96929526329040527344 0.67498475313186645508 1.0672186613082885742 0.92930084466934204102 0.14230564236640930176 0.48152142763137817383 0.89828252792358398438 0.86556351184844970703 0.031820531934499740601 0.93635201454162597656 1.2550865411758422852 1.7440721988677978516 2.0206506252288818359 1.8137576580047607422 1.4909912347793579102 2.2353279590606689453 2.5090887546539306641 1.991909027099609375 1.2094962596893310547 0.77484232187271118164 1.2044749259948730469 0.8655719757080078125 0.5566113591194152832 1.2735079526901245117 1.9260585308074951172 3.3079311847686767578 2.9014117717742919922
1.7691379785537719727 2.0083494186401367188 0.6978473663330078125 0.24233259260654449463 0.58413618803024291992 0.91613739728927612305 0.94227969646453857422 1.1977248191833496094 1.7207083702087402344 0.9965884089469909668 0.68096393346786499023 1.0403248071670532227 0.53338569402694702148 0.91834634542465209961 0.44319167733192443848 0.96195363998413085938 1.308007359504699707 0.76366239786148071289 0.84004825353622436523 0.28637170791625976562 0.57628041505813598633 1.2425225973129272461 1.5225617885589599609 1.1682071685791015625 1.0325078964233398438 1.2522606849670410156 1.5920903682708740234 0.82114565372467041016 1.2478041648864746094 0.32760038971900939941 0.98842376470565795898 1.3103188276290893555 1.2425177097320556641 1.3506484031677246094 0.44999799132347106934 0.15910249948501586914 0.94603598117828369141 2.0106198787689208984 2.546497344970703125 2.6948783397674560547
1.597813725471496582 1.6970168352127075195 1.9678860902786254883 2.0206539630889892578 1.6913505792617797852 1.3060770034790039062 1.1140857934951782227 1.241299748420715332 1.7682808637619018555 1.0934616327285766602 0.70074796676635742188 1.0576956272125244141 0.52187639474868774414 0.73460614681243896484 0.51798909902572631836 0.96929848194122314453 1.7121651172637939453 0.94924551248550415039 0.031820531934499740601 0.79802238941192626953 1.5433528423309326172 1.7221757173538208008 0.71504902839660644531 0.73459964990615844727 1.1682019233703613281 0.90445816516876220703 0.48151543736457824707 1.9789081811904907227 2.0571208000183105469 1.1172629594802856445 0.6178226470947265625 0.87545365095138549805 0.67121827602386474609 1.3080030679702758789 1.5208826065063476562 2.5593638420104980469 3.2314131259918212891 3.5296082496643066406 3.6406447887420654297 4.080188751220703125
1.8411777019500732422 1.2044689655303955078 1.0061813592910766602 1.0934426784515380859 1.3977842330932617188 1.3828680515289306641 0.92766529321670532227 0.64428079128265380859 1.3828568458557128906 1.0733733177185058594 0.8655719757080078125 1.0246354341506958008 0.11472881585359573364 0.65597695112228393555 0.4500014185905456543 1.0860269069671630859 1.6970294713973999023 1.1807079315185546875 1.632590174674987793 1.9720056056976318359 1.3355755805969238281 0.17135861515998840332 0.74486333131790161133 0.32760274410247802734 1.5667843818664550781 2.9615888595581054688 5.1379113197326660156 6.3790569305419921875 6.5810866355895996094 5.8301348686218261719 3.6174080371856689453 0.63399577140808105469 0.38315558433532714844 1.6204525232315063477 3.4281022548675537109 4.6213154792785644531 5.6154494285583496094 6.6853451728820800781 7.509033203125 7.8518629074096679688
1.7708537578582763672 1.0226598978042602539 0.61782485246658325195 1.2195029258728027344 1.4759734869003295898 1.4691050052642822266 0.54186904430389404297 0.61781424283981323242 1.48554229736328125 0.75900340080261230469 0.88006728887557983398 1.1708000898361206055 0.15909886360168457031 0.92766237258911132812 0.31819793581962585449 0.87544596195220947266 1.5288640260696411133 1.9229079484939575195 1.7913117408752441406 1.0818243026733398438 0.27187392115592956543 0.49396926164627075195 0.54466038942337036133 1.9601566791534423828 3.4367737770080566406 5.2484455108642578125 6.2579908370971679688 5.5974907875061035156 5.3488931655883789062 6.0367879867553710938 5.3177123069763183594 1.3948944807052612305 2.7616069316864013672 4.1841688156127929688 5.767894744873046875 7.0802459716796875 8.3297224044799804688 9.4991025924682617188 10.556302070617675781 11.1783447265625
1.242527008056640625 1.0364251136779785156 1.2619283199310302734 1.4639351367950439453 1.4524728059768676758 1.6535253524780273438 0.9739773869514465332 0.49396926164627075195 1.849671483039855957 0.98790878057479858398 1.1458948850631713867 0.97606039047241210938 0.90501362085342407227 1.630413055419921875 1.1651688814163208008 0.95667439699172973633 0.44999453425407409668 0.22499866783618927002 0.28813949227333068848 0.51307159662246704102 0.22500468790531158447 0.78780210018157958984 1.3107125759124755859 2.199039459228515625 4.1469521522521972656 5.8927402496337890625 5.5017342567443847656 4.2164850234985351562 2.6450638771057128906 6.4754405021667480469 4.3502364158630371094 2.4706952571868896484 3.8566336631774902344 5.3231945037841796875 7.4774408340454101562 8.8269891738891601562 10.021197319030761719 11.070804595947265625 11.785975456237792969 12.26230621337890625
1.0422646999359130859 1.0519325733184814453 1.6238758563995361328 2.0681726932525634766 2.333415985107421875 2.1663601398468017578 0.44319385290145874023 0.72558808326721191406 1.4218326807022094727 1.5654861927032470703 0.82973581552505493164 0.25654390454292297363 1.8513125181198120117 1.1140917539596557617 0.94923692941665649414 1.1498612165451049805 0.83278727531433105469 0.75432628393173217773 0.68688577413558959961 0.31819915771484375 0.28637775778770446777 0.41365283727645874023 1.2806354761123657227 4.0353994369506835938 7.1753301620483398438 7.3494791984558105469 5.0269322395324707031 2.5411283969879150391 5.78436279296875 6.9344086647033691406 1.258713841438293457 4.5370297431945800781 5.5737671852111816406 8.1676244735717773438 9.6542654037475585938 10.052885055541992188 10.819065093994140625 11.533875465393066406 11.50037384033203125 11.380633354187011719
3.1256687641143798828 3.1693520545959472656 3.2401597499847412109 3.8562417030334472656 4.7380566596984863281 4.7077178955078125 2.146663665771484375 1.1190733909606933594 1.304902195930480957 2.1731209754943847656 1.2742959260940551758 1.0695900917053222656 1.6012778282165527344 0.70435547828674316406 2.0999665260314941406 0.79738050699234008789 0.46981203556060791016 0.80559110641479492188 0.31819549202919006348 0.25653636455535888672 0.34271034598350524902 1.7544870376586914062 4.8053736686706542969 8.5070829391479492188 9.3352441787719726562 6.4915037155151367188 3.0404324531555175781 3.4916236400604248047 6.9494614601135253906 4.0113043785095214844 6.5359525680541992188 8.5279369354248046875 10.398238182067871094 11.809788703918457031 11.674885749816894531 11.611321449279785156 11.614308357238769531 11.510231971740722656 10.997582435607910156 10.665923118591308594
4.1720776557922363281 4.19957733154296875 3.9339025020599365234 3.9427466392517089844 4.7292070388793945312 6.0491819381713867188 3.7241942882537841797 1.0261204242706298828 0.85378718376159667969 1.5958998203277587891 2.0033004283905029297 1.5305018424987792969 0.71785777807235717773 0.84544855356216430664 1.6022341251373291016 0.7007471919059753418 0.15909643471240997314 0.78780186176300048828 0.77026146650314331055 1.9326088428497314453 3.3371217250823974609 6.3733773231506347656 9.9139604568481445312 11.125502586364746094 8.211650848388671875 3.8807859420776367188 2.7447075843811035156 6.1568632125854492188 4.002613067626953125 4.9588651657104492188 9.3436841964721679688 11.054329872131347656 12.177257537841796875 12.2342376708984375 12.378191947937011719 12.40830230712890625 12.084512710571289062 12.003499984741210938 11.596303939819335938 11.085493087768554688
3.9290180206298828125 3.8562366962432861328 2.7716448307037353516 1.0934555530548095703 2.1619272232055664062 4.4103569984436035156 4.5463619232177734375 3.2138576507568359375 1.3685171604156494141 1.2607198953628540039 1.9801883697509765625 1.5603119134902954102 0.38315910100936889648 1.3696315288543701172 2.1821892261505126953 1.4994463920593261719 0.48674151301383972168 0.114725455641746521 2.1317598819732666016 3.4637196063995361328 5.6422915458679199219 10.029637336730957031 12.409213066101074219 9.9338426589965820312 5.0634922981262207031 3.0741434097290039062 5.7767848968505859375 4.6659727096557617188 3.2648673057556152344 8.116336822509765625 9.80487060546875 11.098896980285644531 11.780925750732421875 12.176810264587402344 13.060519218444824219 12.981276512145996094 12.649565696716308594 12.660434722900390625 12.369890213012695312 12.09963226318359375
3.5959713459014892578 3.9538707733154296875 3.93659210205078125 2.1600594520568847656 2.0803670883178710938 2.6102361679077148438 4.0067734718322753906 4.5830616950988769531 2.3463847637176513672 1.5155625343322753906 1.2425284385681152344 2.2696833610534667969 0.83702540397644042969 1.5603119134902954102 2.2807953357696533203 1.9186840057373046875 0.69493210315704345703 1.1926398277282714844 3.7043302059173583984 6.0091190338134765625 10.120065689086914062 13.768298149108886719 12.150813102722167969 6.2969388961791992188 4.3846669197082519531 6.3474421501159667969 4.89046478271484375 2.3549866676330566406 6.7153487205505371094 8.9860363006591796875 10.893656730651855469 12.670405387878417969 13.301160812377929688 13.914256095886230469 14.2383880615234375 14.019291877746582031 14.285351753234863281 14.386388778686523438 13.835614204406738281 13.52725982666015625
1.9070541858673095703 2.9472200870513916016 4.673736572265625 4.3539404869079589844 3.4950926303863525391 1.8974668979644775391 2.7885694503784179688 3.4916236400604248047 1.654750823974609375 1.0892815589904785156 1.0799428224563598633 1.9425404071807861328 1.3714663982391357422 0.9884293675422668457 2.6281969547271728516 1.7785496711730957031 0.95349454879760742188 2.9279448986053466797 6.5008587837219238281 9.2760334014892578125 12.157726287841796875 11.837985992431640625 5.904521942138671875 3.4939332008361816406 8.1524143218994140625 6.3702230453491210938 0.89319133758544921875 5.4249248504638671875 8.4269695281982421875 11.089375495910644531 13.965563774108886719 15.876627922058105469 16.396678924560546875 16.429517745971679688 16.036865234375 15.789763450622558594 15.817928314208984375 15.51296234130859375 14.711885452270507812 13.922994613647460938
1.9028069972991943359 2.0106198787689208984 3.0444073677062988281 3.5513026714324951172 3.9010286331176757812 1.6608496904373168945 4.8552756309509277344 8.907573699951171875 9.5414276123046875 7.8890466690063476562 5.0132603645324707031 2.3554286956787109375 1.0280811786651611328 0.11471702903509140015 2.2810199260711669922 1.1879731416702270508 3.2746081352233886719 6.74826812744140625 9.7947530746459960938 10.457124710083007812 10.267974853515625 6.4414234161376953125 1.1113618612289428711 6.618946075439453125 7.7787671089172363281 3.5072128772735595703 4.5159664154052734375 8.0291128158569335938 11.525288581848144531 15.254872322082519531 17.704524993896484375 18.396841049194335938 17.113130569458007812 16.52019500732421875 16.978502273559570312 16.749988555908203125 15.348104476928710938 13.743149757385253906 12.942644119262695312 12.722207069396972656
2.8468816280364990234 2.4279587268829345703 2.5155251026153564453 2.9187750816345214844 5.1870269775390625 8.5610685348510742188 11.646356582641601562 11.838531494140625 11.215188980102539062 10.047088623046875 8.3879137039184570312 4.0958867073059082031 0.79547077417373657227 0.72627663612365722656 1.4763188362121582031 3.6607193946838378906 7.8211765289306640625 11.624747276306152344 12.738882064819335938 10.291689872741699219 7.117305755615234375 2.0912756919860839844 4.3754472732543945312 6.5968885421752929688 4.058727264404296875 3.7959258556365966797 8.5680294036865234375 12.474180221557617188 16.663181304931640625 18.837533950805664062 19.175115585327148438 18.197879791259765625 16.737962722778320312 17.139003753662109375 16.888172149658203125 15.691859245300292969 14.955614089965820312 14.024019241333007812 12.435800552368164062 10.501766204833984375
