wildfire/work/fuelmodels/1982/slope.asc
ncols        271
nrows        217
xllcorner    182765.000000000000
yllcorner    481425.000000000000
cellsize     5.000000000000
NODATA_value   -999
[rows 198 to 215 of 217, columns 40 to 79 of 271]
1.1244875192642211914 1.4416282176971435547 1.4189884662628173828 1.1423549652099609375 0.34418159723281860352 0.20374575257301330566 0.94924551248550415039 0.76498168706893920898 0.75431811809539794922 1.1811231374740600586 1.9941910505294799805 1.9059875011444091797 1.8137613534927368164 4.0821733474731445312 4.9230527877807617188 4.8762278556823730469 6.1996121406555175781 8.3723278045654296875 11.101033210754394531 12.612723350524902344 13.020975112915039062 13.911434173583984375 14.300410270690917969 12.808670997619628906 10.58052825927734375 7.6690115928649902344 3.7788379192352294922 1.6000343561172485352 4.30931854248046875 7.0954136848449707031 10.460742950439453125 13.844182014465332031 15.197010040283203125 15.986945152282714844 15.844935417175292969 11.942347526550292969 7.1185746192932128906 5.5646357536315917969 4.8785996437072753906 4.4249925613403320312
1.2826055288314819336 1.1405792236328125 0.54373508691787719727 0.73804241418838500977 0.84245562553405761719 0.65596872568130493164 1.1879606246948242188 1.0883462429046630859 0.98277646303176879883 1.4430316686630249023 1.9676259756088256836 2.6961917877197265625 3.6330077648162841797 4.2332196235656738281 4.1245036125183105469 5.5578455924987792969 7.5879721641540527344 9.9778585433959960938 12.618183135986328125 11.974733352661132812 12.891874313354492188 13.705387115478515625 12.900030136108398438 9.0774593353271484375 5.1198410987854003906 3.0728321075439453125 2.4445600509643554688 3.9374909400939941406 5.333599090576171875 8.27039337158203125 12.286438941955566406 14.973401069641113281 14.785111427307128906 13.963534355163574219 11.33477783203125 5.9763727188110351562 3.0905468463897705078 4.8228750228881835938 4.4877176284790039062 2.8610477447509765625
0.99911850690841674805 0.79801487922668457031 0.42690318822860717773 0.49397081136703491211 1.3241639137268066406 2.0033082962036132812 2.3225452899932861328 2.5641028881072998047 3.0409188270568847656 3.7456860542297363281 4.7205615043640136719 5.5737743377685546875 6.0589957237243652344 5.6945362091064453125 5.0078330039978027344 5.2677159309387207031 6.8091955184936523438 7.9100422859191894531 10.954710006713867188 11.676927566528320312 9.43206787109375 8.5044307708740234375 7.3916139602661132812 3.2946133613586425781 0.45224240422248840332 2.9196441173553466797 3.7832515239715576172 4.0752439498901367188 6.09626007080078125 9.6522150039672851562 12.925620079040527344 13.617861747741699219 11.625783920288085938 9.0698595046997070312 5.5909986495971679688 1.9511086940765380859 2.1614525318145751953 5.7846221923828125 3.5851395130157470703 0.27372479438781738281
0.70074331760406494141 0.84244489669799804688 0.70290613174438476562 1.4086132049560546875 3.4103691577911376953 4.8463449478149414062 5.1041512489318847656 5.250858306884765625 6.0450277328491210938 7.3565039634704589844 8.5071496963500976562 8.9168291091918945312 8.5232458114624023438 8.0879669189453125 7.9485273361206054688 5.8062582015991210938 4.6494994163513183594 6.5835323333740234375 7.47924041748046875 13.448484420776367188 11.419980049133300781 5.5985732078552246094 4.7885594367980957031 3.2036075592041015625 3.891696929931640625 5.3164644241333007812 6.5211577415466308594 6.6793336868286132812 7.7081341743469238281 10.472280502319335938 12.11301422119140625 10.378273963928222656 7.7780556678771972656 6.1317887306213378906 4.4289689064025878906 2.8919782638549804688 3.0244174003601074219 6.5529947280883789062 2.8975725173950195312 1.0495197772979736328
0.53339725732803344727 0.96771931648254394531 2.3225526809692382812 4.2702536582946777344 6.5562953948974609375 7.9545154571533203125 7.9009871482849121094 8.3724603652954101562 9.9485731124877929688 11.775005340576171875 12.728775978088378906 12.540557861328125 12.028197288513183594 11.343884468078613281 9.4852390289306640625 8.071109771728515625 5.4450368881225585938 6.2196993827819824219 5.9195017814636230469 8.6484775543212890625 13.177239418029785156 8.8558254241943359375 5.8881349563598632812 6.6838474273681640625 8.273052215576171875 9.105525970458984375 9.3278789520263671875 9.3403787612915039062 9.8430509567260742188 11.739649772644042969 11.869531631469726562 9.5137453079223632812 8.0425691604614257812 7.585384368896484375 6.59200286865234375 5.5060315132141113281 4.0305147171020507812 5.7497019767761230469 2.4078748226165771484 1.8800507783889770508
2.3083477020263671875 4.7320814132690429688 6.2899022102355957031 7.3771414756774902344 9.1158294677734375 9.5636205673217773438 9.30246734619140625 10.906453132629394531 13.353436470031738281 15.070643424987792969 15.987873077392578125 16.155712127685546875 15.902223587036132812 14.453251838684082031 11.459995269775390625 9.1904087066650390625 8.4924488067626953125 5.5766696929931640625 5.5147252082824707031 4.4838862419128417969 8.5146617889404296875 10.062842369079589844 8.86631011962890625 9.006195068359375 10.089476585388183594 10.1038818359375 9.9614000320434570312 10.881258964538574219 12.256013870239257812 12.800637245178222656 11.615159988403320312 9.3594264984130859375 7.5958228111267089844 6.1748814582824707031 4.2091770172119140625 3.5547156333923339844 2.9320850372314453125 4.4990596771240234375 2.0153951644897460938 2.5411200523376464844
8.117816925048828125 10.560674667358398438 11.563126564025878906 12.026955604553222656 12.733923912048339844 12.468751907348632812 12.321308135986328125 13.168728828430175781 13.811659812927246094 13.633885383605957031 13.26572418212890625 12.857122421264648438 11.907971382141113281 10.253424644470214844 9.852108001708984375 8.3898134231567382812 7.3755774497985839844 5.6279973983764648438 2.9554474353790283203 3.8687813282012939453 3.7547020912170410156 6.8992567062377929688 9.1209287643432617188 9.1969766616821289062 9.0484685897827148438 8.3159570693969726562 8.20767974853515625 9.4924173355102539062 10.766376495361328125 10.396709442138671875 9.0469760894775390625 7.2301759719848632812 4.6698474884033203125 2.7690908908843994141 1.5987570285797119141 1.7074235677719116211 2.3844406604766845703 3.9966757297515869141 2.1150939464569091797 3.1812889575958251953
11.503477096557617188 12.299452781677246094 13.236504554748535156 14.932262420654296875 16.432214736938476562 15.998213768005371094 14.288367271423339844 12.12834930419921875 10.216132164001464844 8.6947774887084960938 7.0893082618713378906 4.9385900497436523438 3.0670557022094726562 3.3690731525421142578 4.8466620445251464844 4.62566375732421875 3.8135657310485839844 3.3786556720733642578 1.3291047811508178711 2.583759307861328125 4.0902075767517089844 4.8370771408081054688 6.6069364547729492188 7.7629647254943847656 6.4931135177612304688 5.7094469070434570312 6.2015409469604492188 6.8712368011474609375 6.9393353462219238281 5.8611388206481933594 5.2315258979797363281 4.3461604118347167969 2.1782388687133789062 1.2810354232788085938 1.0804209709167480469 0.60791260004043579102 1.7124596834182739258 3.6341264247894287109 1.4293000698089599609 2.3742351531982421875
12.217583656311035156 11.971126556396484375 11.847889900207519531 12.173028945922851562 13.625493049621582031 13.253018379211425781 11.394954681396484375 8.9215879440307617188 6.7615842819213867188 5.3297362327575683594 3.5353379249572753906 0.98637884855270385742 1.822113037109375 3.8797523975372314453 4.6750388145446777344 4.1537528038024902344 3.4143536090850830078 2.6911358833312988281 2.4445562362670898438 2.9906406402587890625 4.54137420654296875 4.4900832176208496094 3.6980447769165039062 3.6441059112548828125 3.9251563549041748047 4.6958112716674804688 5.0827684402465820312 4.6420040130615234375 3.6008887290954589844 3.1495201587677001953 3.5154187679290771484 2.9465272426605224609 1.3049083948135375977 0.79802191257476806641 0.57627445459365844727 0.36280050873756408691 1.2240599393844604492 2.5522463321685791016 0.44999453425407409668 1.849671483039855957
13.059336662292480469 11.361104011535644531 9.9182405471801757812 8.9751338958740234375 9.9938154220581054688 8.5361585617065429688 7.0471291542053222656 6.8644499778747558594 5.7528581619262695312 3.7756285667419433594 1.5946193933486938477 0.87775933742523193359 2.7326989173889160156 4.2753267288208007812 4.7550477981567382812 3.6875135898590087891 2.5853090286254882812 2.9320991039276123047 3.9723443984985351562 3.7634484767913818359 2.7776625156402587891 2.6941280364990234375 1.8234862089157104492 1.276272892951965332 1.9534280300140380859 3.2130594253540039062 3.5303308963775634766 2.623188018798828125 1.6260597705841064453 3.0142128467559814453 3.8114542961120605469 2.5960505008697509766 1.4510834217071533203 0.85616004467010498047 0.15909643471240997314 0.58672147989273071289 0.91003662347793579102 2.1805605888366699219 0.94228690862655639648 2.0915174484252929688
14.711885452270507812 11.800494194030761719 10.331208229064941406 9.6814899444580078125 9.8662691116333007812 6.7338891029357910156 2.8116748332977294922 2.1731209754943847656 1.9534384012222290039 1.5825437307357788086 2.4864013195037841797 4.1497492790222167969 5.2620635032653808594 6.005756378173828125 5.5953202247619628906 4.1333017349243164062 3.1634500026702880859 3.6739544868469238281 4.7951884269714355469 3.1443767547607421875 1.7336004972457885742 2.1201193332672119141 2.4780657291412353516 2.3206017017364501953 2.7690970897674560547 3.0299341678619384766 3.2838592529296875 2.4815218448638916016 1.9292038679122924805 3.1687171459197998047 3.8999905586242675781 2.3472397327423095703 1.1581991910934448242 0.77025765180587768555 0.30018481612205505371 0.65597224235534667969 0.18554373085498809814 1.8137576580047607422 0.63159209489822387695 2.0747573375701904297
10.669607162475585938 8.73912811279296875 8.11188507080078125 7.4859414100646972656 6.4952006340026855469 1.5936832427978515625 3.9940421581268310547 5.2668704986572265625 5.7128109931945800781 6.410427093505859375 7.6225109100341796875 9.1449670791625976562 10.1756744384765625 9.9843006134033203125 8.0329761505126953125 6.2248759269714355469 5.5548577308654785156 5.3899893760681152344 4.7077121734619140625 2.5139188766479492188 1.6766287088394165039 2.3015568256378173828 2.9085576534271240234 3.1516146659851074219 3.1941409111022949219 3.3433308601379394531 2.8974030017852783203 2.1972000598907470703 2.0032963752746582031 2.7637908458709716797 3.1965034008026123047 2.0326375961303710938 0.87776356935501098633 0.64034879207611083984 0.48152142763137817383 0.86556619405746459961 0.29336386919021606445 1.5305147171020507812 0.50310814380645751953 2.3223273754119873047
2.1317596435546875 0.23165898025035858154 2.5847330093383789062 3.9114992618560791016 5.189540863037109375 7.5327773094177246094 9.4507341384887695312 9.2195234298706054688 10.369786262512207031 11.594174385070800781 12.119303703308105469 11.583263397216796875 10.039943695068359375 8.1204042434692382812 6.6003088951110839844 6.0365238189697265625 5.5377740859985351562 4.8419709205627441406 3.2012484073638916016 1.5305221080780029297 1.3714777231216430664 1.2671216726303100586 1.491320490837097168 1.9941877126693725586 2.5474886894226074219 2.3867738246917724609 1.9094316959381103516 2.0531907081604003906 1.9099571704864501953 2.1775481700897216797 2.4906766414642333984 1.9155168533325195312 0.84544855356216430664 0.28460240364074707031 0.26239222288131713867 0.78587245941162109375 0.55570280551910400391 1.9099619388580322266 1.0186841487884521484 2.6477398872375488281
4.4534010887145996094 4.6294808387756347656 6.2923636436462402344 8.1935682296752929688 9.971515655517578125 10.996997833251953125 10.556669235229492188 10.28755950927734375 11.534291267395019531 12.377904891967773438 11.517239570617675781 8.6122674942016601562 5.58045196533203125 3.6207513809204101562 2.9291543960571289062 2.9600629806518554688 2.5516545772552490234 1.7440769672393798828 1.0107102394104003906 0.86849099397659301758 1.2425284385681152344 0.81122112274169921875 0.42808067798614501953 1.0818270444869995117 1.7599697113037109375 1.5593384504318237305 1.7599550485610961914 2.0423228740692138672 1.7671353816986083984 1.448987126350402832 2.0371215343475341797 1.8738591670989990234 0.61122602224349975586 0.32449966669082641602 0.68021446466445922852 0.73183798789978027344 0.8112239837646484375 1.9860576391220092773 1.5619335174560546875 2.4743685722351074219
7.6333026885986328125 7.2542147636413574219 7.9502210617065429688 9.2379131317138671875 10.424223899841308594 10.775556564331054688 10.680767059326171875 10.821025848388671875 10.504182815551757812 8.6264247894287109375 6.1013674736022949219 4.1770448684692382812 3.1206660270690917969 2.5233621597290039062 1.7324416637420654297 0.8655719757080078125 0.50310426950454711914 0.6339899897575378418 0.79800981283187866211 0.72558492422103881836 1.0892822742462158203 0.66895967721939086914 0.63639396429061889648 1.0388708114624023438 1.7944127321243286133 1.4064427614212036133 1.6907421350479125977 1.6079115867614746094 1.446188807487487793 1.3260636329650878906 1.9781541824340820312 1.6681531667709350586 0.62757223844528198242 0.41365608572959899902 0.49498918652534484863 0.38315910100936889648 0.97137916088104248047 1.9863157272338867188 1.1943448781967163086 2.6515598297119140625
9.9713850021362304688 9.0650720596313476562 8.7028980255126953125 8.8013029098510742188 9.1908817291259765625 9.5305509567260742188 9.3033227920532226562 8.44482421875 6.6347265243530273438 4.1916379928588867188 2.6737849712371826172 2.4845829010009765625 2.2710194587707519531 1.8056586980819702148 1.342379450798034668 0.31338909268379211426 0.45223385095596313477 0.43279424309730529785 0.90501362085342407227 0.26239222288131713867 1.1472165584564208984 0.58498603105545043945 0.84903347492218017578 0.35146090388298034668 1.7887597084045410156 2.4214844703674316406 2.2098345756530761719 1.3592433929443359375 1.4261013269424438477 1.9030593633651733398 1.7570896148681640625 1.242527008056640625 0.81122851371765136719 0.21345008909702301025 0.35574623942375183105 0.48674869537353515625 0.67122572660446166992 2.2362291812896728516 0.85675060749053955078 3.0464069843292236328
9.1369991302490234375 7.7052054405212402344 6.6337265968322753906 6.3104863166809082031 6.2516336441040039062 5.8566699028015136719 4.9381775856018066406 3.6607120037078857422 1.9281498193740844727 1.2095018625259399414 1.016694188117980957 1.5719417333602905273 1.4848648309707641602 1.1529392004013061523 1.4875890016555786133 1.0466252565383911133 0.9945430755615234375 0.82973027229309082031 0.90052586793899536133 0.31339216232299804688 1.3325327634811401367 0.262386322021484375 0.88005810976028442383 0.32760038971900939941 0.88005876541137695312 1.7671297788619995117 2.6662049293518066406 2.0452952384948730469 1.7245321273803710938 2.0912756919860839844 1.6669362783432006836 1.2998538017272949219 1.024634242057800293 0.34417822957038879395 0.32448658347129821777 0.15910249948501586914 0.36279463768005371094 2.4780535697937011719 0.84064531326293945312 3.3121998310089111328
5.5387783050537109375 3.7827248573303222656 2.4987823963165283203 2.3996646404266357422 2.4821333885192871094 2.0383594036102294922 1.5908244848251342773 0.80559206008911132812 0.80306738615036010742 1.1824134588241577148 0.90053099393844604492 1.9678876399993896484 2.0331423282623291016 1.3685169219970703125 1.4790612459182739258 1.6012834310531616211 1.0422633886337280273 1.2826030254364013672 0.61205178499221801758 0.65597224235534667969 1.1776835918426513672 0.26239073276519775391 0.80496037006378173828 0.58065021038055419922 1.0985416173934936523 1.5538157224655151367 1.6862471103668212891 1.9941927194595336914 1.9809678792953491211 1.7842307090759277344 1.7785522937774658203 1.7808245420455932617 1.306071162223815918 0.51798200607299804688 0.27185687422752380371 0.21343924105167388916 0.22273114323616027832 2.6318416595458984375 0.50911098718643188477 3.5620992183685302734
