wildfire/work/fuelmodels/1982/slope.asc
ncols        271
nrows        217
xllcorner    182765.000000000000
yllcorner    481425.000000000000
cellsize     5.000000000000
NODATA_value   -999
[rows 72 to 89 of 217, columns 120 to 159 of 271]
7.1432852745056152344 6.5413289070129394531 5.5996499061584472656 5.12494659423828125 5.0878233909606933594 4.89705657958984375 4.5556683540344238281 3.9042637348175048828 4.0842752456665039062 4.8173213005065917969 5.4126429557800292969 5.2573819160461425781 4.2164936065673828125 3.722965240478515625 4.2549767494201660156 1.9409698247909545898 5.2192754745483398438 3.3097541332244873047 0.51307684183120727539 2.0291507244110107422 3.1846246719360351562 3.3650224208831787109 3.0536992549896240234 3.6367678642272949219 2.1431205272674560547 0.66820073127746582031 0.70649409294128417969 2.7885634899139404297 6.0667109489440917969 7.62021636962890625 7.4658951759338378906 7.9523730278015136719 9.61058807373046875 12.697771072387695312 14.678377151489257812 13.942656517028808594 12.058512687683105469 10.782054901123046875 9.4621210098266601562 8.238128662109375
4.4139127731323242188 5.4916534423828125 5.5733242034912109375 4.8445773124694824219 3.9814977645874023438 3.6651363372802734375 3.9118926525115966797 2.9600560665130615234 2.4528214931488037109 2.3083467483520507812 2.6633539199829101562 3.6211712360382080078 4.73506927490234375 6.7063612937927246094 5.1244564056396484375 4.7936115264892578125 4.7128615379333496094 4.7003173828125 6.1445016860961914062 6.6871495246887207031 7.0116109848022460938 6.8292241096496582031 6.5728363990783691406 7.3171772956848144531 6.2449550628662109375 5.0174922943115234375 3.7932655811309814453 4.3448977470397949219 6.03878021240234375 8.1200313568115234375 9.852466583251953125 11.495768547058105469 13.120076179504394531 14.23918914794921875 13.634722709655761719 11.402779579162597656 9.7246494293212890625 8.4738626480102539062 7.0958342552185058594 6.9877338409423828125
2.9711346626281738281 3.9050354957580566406 4.2034163475036621094 3.4173209667205810547 2.8587527275085449219 3.3624689579010009766 4.2839398384094238281 4.6289420127868652344 4.4358072280883789062 3.9155025482177734375 3.4561333656311035156 4.2508182525634765625 7.448192596435546875 7.5620794296264648438 6.1182436943054199219 7.1365361213684082031 9.1322488784790039062 11.241902351379394531 11.383641242980957031 11.456528663635253906 11.750057220458984375 11.318674087524414062 9.9946165084838867188 9.205051422119140625 8.372936248779296875 8.8094768524169921875 8.2359952926635742188 8.4394779205322265625 9.01267242431640625 9.8081722259521484375 10.982599258422851562 12.728826522827148438 13.747580528259277344 13.344264984130859375 11.489823341369628906 8.899166107177734375 7.4591007232666015625 6.9979176521301269531 6.5559840202331542969 6.7189354896545410156
2.4618761539459228516 2.8236982822418212891 3.2116482257843017578 2.4760100841522216797 1.8716967105865478516 2.6941273212432861328 4.2154068946838378906 5.668201446533203125 6.4393105506896972656 6.6515088081359863281 7.0555911064147949219 8.1307506561279296875 7.6003770828247070312 5.70786285400390625 7.2891397476196289062 10.242550849914550781 11.947935104370117188 12.165408134460449219 12.230243682861328125 12.039690971374511719 11.447710037231445312 11.198774337768554688 10.856219291687011719 8.8973093032836914062 7.62384033203125 9.1029481887817382812 10.146286964416503906 10.397031784057617188 10.819009780883789062 11.723326683044433594 12.282060623168945312 12.166054725646972656 11.344434738159179688 9.9950628280639648438 8.6592273712158203125 7.5964202880859375 6.7916059494018554688 6.0739197731018066406 6.01873779296875 6.328395843505859375
1.6913423538208007812 2.0106198787689208984 2.4896605014801025391 1.9221024513244628906 0.94228690862655639648 1.0808923244476318359 2.0346319675445556641 3.5542943477630615234 5.3793168067932128906 6.5589780807495117188 7.414859771728515625 7.15985870361328125 5.2921614646911621094 5.3111672401428222656 7.2642459869384765625 9.3350801467895507812 9.962574005126953125 9.688282012939453125 9.3138875961303710938 8.5582675933837890625 7.57421112060546875 7.5647368431091308594 8.5228328704833984375 8.4456996917724609375 7.8166151046752929688 8.50238037109375 9.288990020751953125 9.1646127700805664062 9.161670684814453125 9.6849927902221679688 9.7620859146118164062 9.2932901382446289062 8.6131992340087890625 7.6227159500122070312 6.752655029296875 5.7993116378784179688 4.8263211250305175781 4.1249856948852539062 3.9166615009307861328 4.2528390884399414062
1.391614079475402832 1.7192353010177612305 2.505054473876953125 2.2235190868377685547 0.95667481422424316406 0.48466008901596069336 1.0948394536972045898 1.9383609294891357422 2.4047248363494873047 3.9382646083831787109 3.7907261848449707031 2.655750274658203125 3.7688105106353759766 5.0893201828002929688 5.5287709236145019531 6.212253570556640625 6.125396728515625 5.7663121223449707031 5.484851837158203125 5.4430012702941894531 5.3722896575927734375 5.4163708686828613281 5.8909482955932617188 6.5486969947814941406 6.5893306732177734375 7.00653076171875 7.4178342819213867188 7.5365719795227050781 7.366794586181640625 6.8354783058166503906 6.3598690032958984375 5.9397020339965820312 5.2204318046569824219 4.5586605072021484375 3.8714063167572021484 2.7822160720825195312 2.2533483505249023438 2.5331518650054931641 2.8530890941619873047 2.7621543407440185547
0.92328727245330810547 1.4430316686630249023 2.2641000747680664062 2.40850067138671875 1.5301821231842041016 0.46980673074722290039 1.5394124984741210938 3.3814930915832519531 3.484233856201171875 3.0364272594451904297 3.08924102783203125 3.423671722412109375 5.3659076690673828125 4.9267334938049316406 4.47939300537109375 4.3854694366455078125 3.0284283161163330078 2.6108181476593017578 2.7871077060699462891 3.2950589656829833984 3.7559201717376708984 4.2116932868957519531 4.6760044097900390625 5.2289261817932128906 4.8893346786499023438 4.635044097900390625 5.0484395027160644531 5.2366328239440917969 4.7750616073608398438 4.2522559165954589844 3.8545448780059814453 3.1495184898376464844 2.3054971694946289062 1.701783299446105957 1.2587083578109741211 0.94923752546310424805 1.0186865329742431641 0.98996984958648681641 1.7103893756866455078 2.227161407470703125
1.2920458316802978516 1.5288567543029785156 1.9141951799392700195 2.1775481700897216797 3.0379345417022705078 2.8514926433563232422 4.229030609130859375 5.7054810523986816406 4.1731662750244140625 2.44765472412109375 2.8849773406982421875 4.9114675521850585938 4.9906973838806152344 3.9458193778991699219 4.4284038543701171875 4.0094118118286132812 2.7894644737243652344 2.6096601486206054688 2.9906432628631591797 3.0523710250854492188 3.0472278594970703125 3.2832307815551757812 3.4422183036804199219 3.6605789661407470703 3.4910454750061035156 2.8274502754211425781 3.2946066856384277344 2.4618811607360839844 1.7570842504501342773 1.3321613073348999023 0.82973581552505493164 0.17135861515998840332 0.40248724818229675293 0.76960068941116333008 0.98842334747314453125 1.011202692985534668 0.86848568916320800781 0.54373508691787719727 0.92766839265823364258 1.7524666786193847656
1.9500737190246582031 2.8459873199462890625 3.6585052013397216797 3.6511819362640380859 4.3697867393493652344 5.9801568984985351562 7.3580737113952636719 5.3418178558349609375 2.2567195892333984375 2.0093636512756347656 2.9022796154022216797 4.087982177734375 2.81166839599609375 2.3197083473205566406 3.3421173095703125 3.4053249359130859375 3.0027859210968017578 3.0302698612213134766 3.3714754581451416016 2.8608787059783935547 2.3742442131042480469 2.0301542282104492188 1.6501634120941162109 1.7614009380340576172 2.6788883209228515625 2.4651625156402587891 2.4528288841247558594 0.92930084466934204102 0.60790973901748657227 0.62676566839218139648 1.6862545013427734375 2.1487863063812255859 1.9840216636657714844 1.7133406400680541992 1.306071162223815918 1.0733673572540283203 1.1298754215240478516 0.90444958209991455078 0.88236051797866821289 1.2679303884506225586
1.9394049644470214844 2.5018179416656494141 3.5565612316131591797 4.1121106147766113281 4.8077845573425292969 6.1379523277282714844 5.0509438514709472656 2.6728403568267822266 2.8429691791534423828 4.3522047996520996094 4.4981698989868164062 3.7487938404083251953 2.3160014152526855469 2.1858921051025390625 3.0912144184112548828 2.4196093082427978516 2.4906766414642333984 1.9924204349517822266 1.4189904928207397461 1.0147060155868530273 1.0437225103378295898 0.65288275480270385742 0.59444212913513183594 1.046630859375 1.8455699682235717773 1.2679322957992553711 1.2178454399108886719 0.56652873754501342773 0.93959891796112060547 1.65993499755859375 2.8488292694091796875 2.3394746780395507812 2.5449094772338867188 2.7527966499328613281 1.9678962230682373047 1.0883462429046630859 0.49396497011184692383 0.38314950466156005859 0.24232622981071472168 0.81496399641036987305
3.2673397064208984375 2.9840407371520996094 3.7050178050994873047 5.0867400169372558594 5.290912628173828125 3.5135452747344970703 1.4817904233932495117 1.5987554788589477539 3.5518717765808105469 3.6980531215667724609 3.0641021728515625 1.9809545278549194336 1.5178918838500976562 1.8918601274490356445 2.3774387836456298828 1.3045140504837036133 1.3045182228088378906 0.97604900598526000977 0.41487255692481994629 0.32759743928909301758 0.23164314031600952148 0.27186256647109985352 0.66440272331237792969 0.52957636117935180664 1.2982972860336303711 0.27186611294746398926 0.71504902839660644531 0.78715735673904418945 1.4597820043563842773 2.6393313407897949219 3.3995339870452880859 1.8079007863998413086 2.5960583686828613281 3.2946043014526367188 2.4371039867401123047 1.2982977628707885742 0.38709312677383422852 0.54185944795608520508 0.38316762447357177734 1.6593316793441772461
3.7666673660278320312 4.5143985748291015625 4.2435793876647949219 2.9568111896514892578 1.5716252326965332031 0.78004664182662963867 1.4690991640090942383 2.3646295070648193359 2.2905290126800537109 1.0619882345199584961 0.95508611202239990234 0.65597194433212280273 0.79611033201217651367 1.1879674196243286133 1.4896324872970581055 0.78586536645889282227 0.49703821539878845215 0.66439515352249145508 0.49703046679496765137 0.27186399698257446289 0.31819188594818115234 0.11472713202238082886 0.52957451343536376953 0.071161001920700073242 0.88407748937606811523 0.78264564275741577148 0.3628063201904296875 0.66440504789352416992 1.9221172332763671875 3.1153132915496826172 3.0616319179534912109 0.72558706998825073242 2.7085461616516113281 3.4183521270751953125 2.4154205322265625 1.309170842170715332 0.54186052083969116211 1.1383635997772216797 2.2043395042419433594 2.8037552833557128906
2.1563067436218261719 1.585085749626159668 0.51306629180908203125 0.86440289020538330078 0.88751262426376342773 0.45000225305557250977 1.2006841897964477539 1.4129147529602050781 0.99098008871078491211 0.090002030134201049805 0.78715735673904418945 1.178980708122253418 1.4831534624099731445 1.8529455661773681641 1.1811231374740600586 0.63638186454772949219 0.42452391982078552246 0.24851247668266296387 0.13119933009147644043 0.37108588218688964844 0.31819188594818115234 0.42452841997146606445 0.28813481330871582031 0.29336386919021606445 0.71149599552154541016 1.2735065221786499023 0.34271034598350524902 0.58498799800872802734 2.0033094882965087891 2.7885663509368896484 2.7143280506134033203 2.1530187129974365234 3.1636071205139160156 3.4619710445404052734 2.5753271579742431641 2.0999665260314941406 2.3918530941009521484 2.5765087604522705078 2.0932102203369140625 1.4057265520095825195
0.51010441780090332031 1.0107073783874511719 0.90502065420150756836 0.45558577775955200195 0.82729142904281616211 0.64429223537445068359 0.30186918377876281738 0.52670395374298095703 0.57626771926879882812 0.896026611328125 1.539091944694519043 1.7887672185897827148 1.3484098911285400391 2.4445619583129882812 1.5796501636505126953 0.80117535591125488281 0.14230293035507202148 0.20374575257301330566 0.35999774932861328125 0.68835818767547607422 0.88465583324432373047 0.75095719099044799805 0.70649772882461547852 0.76894015073776245117 0.66440099477767944336 1.3091653585433959961 0.66211706399917602539 0.38447308540344238281 1.6599395275115966797 2.6092739105224609375 3.4320788383483886719 5.0344419479370117188 5.2450909614562988281 4.1876583099365234375 3.317535400390625 2.6724569797515869141 1.7845178842544555664 0.70650398731231689453 0.34271034598350524902 0.75432348251342773438
0.94496548175811767578 0.58412557840347290039 0.13499870896339416504 0.20124463737010955811 0.36279621720314025879 0.20124463737010955811 0.14230564236640930176 0.38710510730743408203 0.61205279827117919922 1.5748392343521118164 1.9766080379486083984 1.0280811786651611328 0.769603729248046875 1.894268035888671875 1.7507376670837402344 1.2715190649032592773 0.39869636297225952148 0.21345278620719909668 0.27186611294746398926 0.28460514545440673828 0.28814083337783813477 0.14230564236640930176 0.35574951767921447754 0.35575059056282043457 0.51405733823776245117 1.2355746030807495117 0.89603137969970703125 0.82973778247833251953 1.5946359634399414062 2.5753278732299804688 3.3696706295013427734 4.2053394317626953125 3.6077599525451660156 2.5096881389617919922 1.5038279294967651367 0.99607789516448974609 0.98226398229598999023 0.82729703187942504883 0.28814014792442321777 0.14230564236640930176
0.10062147676944732666 0.21345822513103485107 0.4280942082405090332 0.73460036516189575195 0.70649772882461547852 0.68318378925323486328 0.56652396917343139648 0.42452251911163330078 0.4136504828929901123 2.2155463695526123047 1.8813986778259277344 1.2445522546768188477 1.4542124271392822266 1.8982698917388916016 1.9028012752532958984 1.8090225458145141602 0.70074194669723510742 0.38447558879852294922 0.35575437545776367188 0.4730288088321685791 0.43278935551643371582 0.15909400582313537598 0.31977292895317077637 0.44204261898994445801 0.38314950466156005859 0.83520424365997314453 1.0667552947998046875 0.74554866552352905273 0.45890653133392333984 1.2715107202529907227 1.6424709558486938477 0.93581432104110717773 0.84544855356216430664 0.57363158464431762695 0.56384056806564331055 0.78715735673904418945 0.68021333217620849609 0.75096076726913452148 0.60373157262802124023 0.35575437545776367188
1.1258406639099121094 0.91779083013534545898 0.68835318088531494141 0.87371063232421875 0.91778916120529174805 1.0883462429046630859 1.2392553091049194336 1.3536382913589477539 1.5719417333602905273 2.8925123214721679688 2.2350969314575195312 1.7754229307174682617 1.8551355600357055664 2.1544294357299804688 2.0679299831390380859 1.8800667524337768555 0.97606241703033447266 1.0504900217056274414 0.88236051797866821289 0.51798641681671142578 0.36280795931816101074 0.25654464960098266602 0.34418666362762451172 0.61123073101043701172 0.61123073101043701172 0.24233418703079223633 0.27187037467956542969 0.41488096117973327637 0.14230564236640930176 0.86848276853561401367 0.67648851871490478516 0.99098318815231323242 1.0046751499176025391 0.69493210315704345703 0.52477848529815673828 0.61122983694076538086 0.99861222505569458008 0.89659315347671508789 0.38840824365615844727 0.24852178990840911865
2.3950183391571044922 2.3159978389739990234 2.0980310440063476562 1.767983555793762207 1.5978035926818847656 1.665421605110168457 1.870624542236328125 2.2730278968811035156 2.9906432628631591797 3.4679651260375976562 2.2940702438354492188 1.3427636623382568359 1.6213834285736083984 2.0106203556060791016 2.7085423469543457031 2.5149245262145996094 1.7913032770156860352 1.6547483205795288086 1.6251316070556640625 1.211592555046081543 1.0504950284957885742 1.1777054071426391602 1.2095041275024414062 0.96772491931915283203 0.66896396875381469727 0.31339463591575622559 0.43280270695686340332 0.2316548079252243042 0.17135071754455566406 0.38710412383079528809 0.54373508691787719727 0.2423349916934967041 0.6712372899055480957 0.46329236030578613281 0.67498475313186645508 1.0364232063293457031 1.1244955062866210938 0.93959599733352661133 0.30186152458190917969 0.44660627841949462891
