wildfire/work/fuelmodels/1710/ahn1.asc
ncols        174
nrows        202
xllcorner    198565.000000000000
yllcorner    448145.000000000000
cellsize     5.000000000000
NODATA_value   -999
[rows 144 to 161 of 202, columns 126 to 167 of 174]
43.740001678466796875 44.369998931884765625 45.1399993896484375 45.759998321533203125 47.439998626708984375 48.779998779296875 49.68000030517578125 50.409999847412109375 51.1399993896484375 51.689998626708984375 51.8600006103515625 52.560001373291015625 52.770000457763671875 52.5800018310546875 52.549999237060546875 52.240001678466796875 52.04000091552734375 52.1399993896484375 52.270000457763671875 52.659999847412109375 52.84999847412109375 53.299999237060546875 53.59999847412109375 53.560001373291015625 53.700000762939453125 54.029998779296875 54.84999847412109375 55.689998626708984375 56.840000152587890625 57.740001678466796875 58.45999908447265625 59.220001220703125 59.619998931884765625 59.869998931884765625 60.630001068115234375 61.310001373291015625 61.970001220703125 62 62.1100006103515625 61.93000030517578125 62.68000030517578125 62.90000152587890625
43.659999847412109375 44.15000152587890625 45.029998779296875 46.09999847412109375 47.310001373291015625 48.56999969482421875 49.520000457763671875 50.81999969482421875 51.34999847412109375 51.65000152587890625 52.34999847412109375 53.240001678466796875 53.59999847412109375 53.93000030517578125 53.90000152587890625 53.8300018310546875 53.509998321533203125 53.479999542236328125 53.84999847412109375 54.299999237060546875 54.840000152587890625 55.45999908447265625 55.159999847412109375 55.04000091552734375 54.75 54.8300018310546875 55.090000152587890625 55.779998779296875 56.6399993896484375 57.45999908447265625 58.3899993896484375 59.049999237060546875 59.619998931884765625 60.04000091552734375 60.09999847412109375 61.4199981689453125 61.65000152587890625 61.5 61.549999237060546875 61.8300018310546875 62.200000762939453125 62.9199981689453125
43.8600006103515625 44.340000152587890625 44.990001678466796875 45.90000152587890625 46.979999542236328125 47.979999542236328125 48.979999542236328125 50.1100006103515625 50.979999542236328125 51.509998321533203125 52.4199981689453125 53.340000152587890625 54.20999908447265625 54.729999542236328125 54.95999908447265625 55.43000030517578125 55.470001220703125 55.720001220703125 55.79000091552734375 56.29000091552734375 56.45999908447265625 56.779998779296875 56.779998779296875 56.509998321533203125 56.3300018310546875 55.8899993896484375 55.950000762939453125 55.990001678466796875 56.6699981689453125 57.4199981689453125 58.240001678466796875 59.090000152587890625 59.560001373291015625 60.130001068115234375 60.380001068115234375 61.15000152587890625 61.06999969482421875 61.31999969482421875 61.29000091552734375 61.470001220703125 61.509998321533203125 61.6699981689453125
43.84999847412109375 44.740001678466796875 45.25 45.70999908447265625 46.43000030517578125 47.4199981689453125 48.529998779296875 49.6100006103515625 50.659999847412109375 51.279998779296875 52.380001068115234375 53.470001220703125 54.369998931884765625 55.240001678466796875 55.81999969482421875 56.29000091552734375 56.810001373291015625 56.979999542236328125 57.5 57.779998779296875 58.240001678466796875 58.20999908447265625 58.029998779296875 57.93000030517578125 57.529998779296875 57.159999847412109375 56.90000152587890625 57.060001373291015625 57.20999908447265625 57.59999847412109375 58.3300018310546875 59.1399993896484375 59.770000457763671875 60.229999542236328125 60.619998931884765625 61.0800018310546875 60.93000030517578125 60.990001678466796875 61.1399993896484375 60.979999542236328125 61.020000457763671875 61.200000762939453125
44.560001373291015625 45.450000762939453125 45.880001068115234375 46.020000457763671875 46.31999969482421875 47.049999237060546875 47.8899993896484375 48.970001220703125 50.189998626708984375 51.090000152587890625 52.310001373291015625 53.34999847412109375 54.490001678466796875 55.5 56.3899993896484375 56.8300018310546875 57.5800018310546875 58.1100006103515625 58.6100006103515625 58.9199981689453125 59.1699981689453125 59.240001678466796875 59.240001678466796875 58.990001678466796875 58.720001220703125 58.470001220703125 58.15000152587890625 58.1699981689453125 58.06999969482421875 58.520000457763671875 58.880001068115234375 59.6399993896484375 59.95999908447265625 60.3899993896484375 60.950000762939453125 60.979999542236328125 61.159999847412109375 61.0800018310546875 60.950000762939453125 60.770000457763671875 60.619998931884765625 60.8300018310546875
45.529998779296875 46.45999908447265625 46.70999908447265625 46.509998321533203125 46.490001678466796875 46.8600006103515625 47.529998779296875 48.45999908447265625 49.56999969482421875 50.81999969482421875 52.09999847412109375 53.299999237060546875 54.560001373291015625 55.6399993896484375 56.59999847412109375 57.200000762939453125 57.9199981689453125 58.689998626708984375 59.3600006103515625 59.5800018310546875 60.18000030517578125 60.130001068115234375 59.950000762939453125 59.950000762939453125 59.779998779296875 59.5800018310546875 59.259998321533203125 59.29000091552734375 59.4199981689453125 59.380001068115234375 59.8899993896484375 60.15000152587890625 60.59999847412109375 61.009998321533203125 61.229999542236328125 61.369998931884765625 61.279998779296875 61.229999542236328125 60.8600006103515625 60.6699981689453125 60.759998321533203125 60.509998321533203125
46.34999847412109375 47.299999237060546875 47.75 47.3899993896484375 46.950000762939453125 46.880001068115234375 47.220001220703125 48.04000091552734375 49.130001068115234375 50.409999847412109375 51.759998321533203125 53.15000152587890625 54.490001678466796875 55.6699981689453125 56.729999542236328125 57.56999969482421875 58.369998931884765625 59.049999237060546875 59.869998931884765625 60.200000762939453125 60.720001220703125 60.700000762939453125 60.70999908447265625 60.65000152587890625 60.520000457763671875 60.630001068115234375 60.369998931884765625 60.3300018310546875 60.490001678466796875 60.509998321533203125 60.810001373291015625 61.189998626708984375 61.340000152587890625 61.43000030517578125 61.700000762939453125 61.79000091552734375 61.5 61.34999847412109375 61.229999542236328125 60.630001068115234375 60.43000030517578125 60.18000030517578125
47.549999237060546875 48.560001373291015625 48.1699981689453125 48.25 47.590000152587890625 47.119998931884765625 47.1100006103515625 47.700000762939453125 48.700000762939453125 50.009998321533203125 51.439998626708984375 52.84999847412109375 54.240001678466796875 55.590000152587890625 56.68000030517578125 57.5 58.5800018310546875 59.1699981689453125 59.950000762939453125 60.470001220703125 60.840000152587890625 61 61.06999969482421875 61.200000762939453125 61.20999908447265625 61.240001678466796875 61.310001373291015625 61.340000152587890625 61.479999542236328125 61.659999847412109375 61.8300018310546875 61.84999847412109375 61.84999847412109375 62.299999237060546875 62.20999908447265625 62.240001678466796875 61.93000030517578125 61.5 61.0800018310546875 60.409999847412109375 60.1100006103515625 60.279998779296875
48.439998626708984375 49.659999847412109375 49.54000091552734375 49.1399993896484375 48.1699981689453125 47.529998779296875 47.4199981689453125 47.59999847412109375 48.5 49.54000091552734375 50.90000152587890625 52.5800018310546875 54.0800018310546875 55.259998321533203125 56.439998626708984375 57.509998321533203125 58.5800018310546875 59.200000762939453125 60.130001068115234375 60.700000762939453125 60.70999908447265625 61.029998779296875 61.4199981689453125 61.6100006103515625 61.68000030517578125 61.909999847412109375 62.159999847412109375 62.200000762939453125 62.590000152587890625 62.6100006103515625 62.68000030517578125 62.75 62.5 62.659999847412109375 62.9199981689453125 62.6399993896484375 62.68000030517578125 61.59999847412109375 61.25 60.65000152587890625 60.090000152587890625 59.590000152587890625
49.560001373291015625 50.270000457763671875 50.029998779296875 49.56999969482421875 48.759998321533203125 47.990001678466796875 47.59999847412109375 47.79000091552734375 48.54000091552734375 49.3899993896484375 50.740001678466796875 52.15000152587890625 53.54000091552734375 54.970001220703125 56.299999237060546875 57.25 58.200000762939453125 59.0800018310546875 59.880001068115234375 60.450000762939453125 60.8300018310546875 61.310001373291015625 61.659999847412109375 61.79000091552734375 62.119998931884765625 62.479999542236328125 62.880001068115234375 63.119998931884765625 63.40000152587890625 63.5800018310546875 63.619998931884765625 62.90000152587890625 63.619998931884765625 63.740001678466796875 63.68000030517578125 63.259998321533203125 62.79000091552734375 62.3600006103515625 61.70999908447265625 60.70999908447265625 60.130001068115234375 59.369998931884765625
50.590000152587890625 51.009998321533203125 50.81999969482421875 50.369998931884765625 49.5800018310546875 48.439998626708984375 47.8899993896484375 47.9199981689453125 48.520000457763671875 49.229999542236328125 50.5800018310546875 51.90000152587890625 53.18000030517578125 54.40000152587890625 55.68000030517578125 56.979999542236328125 57.840000152587890625 58.6699981689453125 59.549999237060546875 60.409999847412109375 60.700000762939453125 61.25 61.689998626708984375 61.950000762939453125 62.439998626708984375 62.8300018310546875 63.439998626708984375 63.779998779296875 64.23000335693359375 64.160003662109375 63.6699981689453125 64.5800018310546875 64.51999664306640625 64.68000030517578125 64.18000030517578125 63.939998626708984375 62.799999237060546875 62.590000152587890625 62.18000030517578125 60.799999237060546875 60.18000030517578125 59.54000091552734375
51.479999542236328125 52.189998626708984375 51.54000091552734375 51.369998931884765625 50.4199981689453125 49.1100006103515625 48.31999969482421875 48.25 48.549999237060546875 49.3300018310546875 50.45999908447265625 51.659999847412109375 52.81999969482421875 54.060001373291015625 55.25 56.3300018310546875 57.200000762939453125 57.970001220703125 58.840000152587890625 59.65000152587890625 60.470001220703125 61.06999969482421875 61.5 62.049999237060546875 62.54000091552734375 63.1399993896484375 63.8300018310546875 64.529998779296875 64.45999908447265625 64.6399993896484375 65.1100006103515625 64.90000152587890625 64.73000335693359375 64.6999969482421875 64.6100006103515625 63.45999908447265625 63.450000762939453125 62.65000152587890625 61.90000152587890625 61.220001220703125 60.240001678466796875 59.310001373291015625
52.5800018310546875 53.119998931884765625 53.299999237060546875 52.509998321533203125 51.25 49.939998626708984375 48.770000457763671875 48.509998321533203125 48.6699981689453125 49.3600006103515625 50.299999237060546875 51.409999847412109375 52.56999969482421875 53.470001220703125 54.439998626708984375 55.3899993896484375 56.18000030517578125 56.939998626708984375 57.810001373291015625 58.90000152587890625 59.729999542236328125 60.45999908447265625 61.25 62 62.490001678466796875 63.45999908447265625 64.18000030517578125 64.5 64.4499969482421875 65.529998779296875 66.31999969482421875 66.26999664306640625 64.95999908447265625 64.95999908447265625 64.65000152587890625 64.34999847412109375 63.65000152587890625 62.779998779296875 61.93000030517578125 61.340000152587890625 60.409999847412109375 59.18000030517578125
53.630001068115234375 53.979999542236328125 54.310001373291015625 53.619998931884765625 52.310001373291015625 50.5800018310546875 49.5800018310546875 49.020000457763671875 48.93000030517578125 49.31999969482421875 50.119998931884765625 51.09999847412109375 51.8899993896484375 52.779998779296875 53.630001068115234375 54.509998321533203125 55.1100006103515625 55.8300018310546875 56.720001220703125 57.630001068115234375 58.979999542236328125 59.990001678466796875 60.8600006103515625 61.95999908447265625 62.509998321533203125 63.45999908447265625 64.1100006103515625 64.8899993896484375 65.95999908447265625 66.18000030517578125 66.30999755859375 66.37999725341796875 65.660003662109375 65.55999755859375 65.09999847412109375 64.29000091552734375 64.20999908447265625 62.759998321533203125 62.369998931884765625 61.5 60.259998321533203125 59.409999847412109375
54.560001373291015625 55.1399993896484375 55.020000457763671875 54.90000152587890625 53.68000030517578125 51.93000030517578125 50.54000091552734375 49.529998779296875 49.3300018310546875 49.659999847412109375 50.049999237060546875 50.759998321533203125 51.520000457763671875 52.18000030517578125 52.740001678466796875 53.270000457763671875 53.970001220703125 54.84999847412109375 55.560001373291015625 56.470001220703125 57.740001678466796875 59.299999237060546875 60.43000030517578125 61.689998626708984375 62.6699981689453125 63.3600006103515625 63.779998779296875 64.70999908447265625 66.37000274658203125 66.339996337890625 66.56999969482421875 66.339996337890625 65.48999786376953125 65.37999725341796875 65.029998779296875 64.15000152587890625 63.950000762939453125 62.909999847412109375 61.840000152587890625 61.31999969482421875 60.45999908447265625 59.270000457763671875
55.25 55.909999847412109375 55.970001220703125 55.840000152587890625 54.630001068115234375 53.0800018310546875 51.619998931884765625 50.520000457763671875 49.909999847412109375 49.939998626708984375 50.409999847412109375 51.029998779296875 51.310001373291015625 51.729999542236328125 52.240001678466796875 52.689998626708984375 53.18000030517578125 53.979999542236328125 54.770000457763671875 55.81999969482421875 56.90000152587890625 58.40000152587890625 60.09999847412109375 61.509998321533203125 62.45999908447265625 63.189998626708984375 64.05999755859375 65.19000244140625 66.01000213623046875 66.5 66.69000244140625 66.40000152587890625 66.25 65.1100006103515625 64.779998779296875 64.30999755859375 63.450000762939453125 62.81999969482421875 61.560001373291015625 61.04000091552734375 59.8600006103515625 59.060001373291015625
56.259998321533203125 57.060001373291015625 57.25 56.9199981689453125 55.950000762939453125 54.439998626708984375 52.8600006103515625 51.729999542236328125 50.939998626708984375 50.770000457763671875 50.84999847412109375 51.5 51.990001678466796875 52.119998931884765625 52.340000152587890625 52.56999969482421875 53.049999237060546875 53.700000762939453125 54.380001068115234375 55.40000152587890625 56.740001678466796875 58.4199981689453125 59.759998321533203125 61.18000030517578125 62.439998626708984375 63.43000030517578125 64.4199981689453125 65.20999908447265625 65.8600006103515625 66.339996337890625 66.65000152587890625 66.31999969482421875 66.25 64.94000244140625 64.5 63.979999542236328125 63.1399993896484375 62.200000762939453125 61.68000030517578125 60.490001678466796875 59.729999542236328125 58.95999908447265625
56.950000762939453125 57.759998321533203125 58.3300018310546875 58.29000091552734375 57.450000762939453125 56.029998779296875 54.380001068115234375 53.159999847412109375 52.340000152587890625 51.84999847412109375 52.029998779296875 52.240001678466796875 52.740001678466796875 53.029998779296875 53.20999908447265625 53.189998626708984375 53.4199981689453125 53.880001068115234375 54.560001373291015625 55.659999847412109375 56.939998626708984375 58.6399993896484375 60 61.509998321533203125 62.479999542236328125 63.09999847412109375 64.40000152587890625 65 65.45999908447265625 65.76999664306640625 65.75 65.75 65.3300018310546875 64.25 64.160003662109375 63.549999237060546875 62.79000091552734375 61.990001678466796875 60.93000030517578125 60.060001373291015625 59.6100006103515625 58.65000152587890625
