wildfire/work/fuelmodels/1710/ahn1.asc
ncols        174
nrows        202
xllcorner    198565.000000000000
yllcorner    448145.000000000000
cellsize     5.000000000000
NODATA_value   -999
[rows 180 to 197 of 202, columns 0 to 41 of 174]
36.970001220703125 37.029998779296875 36.840000152587890625 36.9199981689453125 37.25 37.6399993896484375 37.93000030517578125 38.5 38.909999847412109375 39.84999847412109375 41.029998779296875 42.270000457763671875 43.18000030517578125 43.779998779296875 44.3600006103515625 45.220001220703125 45.630001068115234375 45.95999908447265625 46.090000152587890625 46.34999847412109375 47.06999969482421875 48.259998321533203125 49.34999847412109375 51.3899993896484375 53.0800018310546875 54.8300018310546875 56.31999969482421875 56.79000091552734375 57.8300018310546875 57.68000030517578125 57.8600006103515625 57.1699981689453125 56.6399993896484375 56.25 55.590000152587890625 54.65000152587890625 54.090000152587890625 53.6100006103515625 53.15000152587890625 52.25 51.950000762939453125 51.4199981689453125
36.90000152587890625 36.970001220703125 37.270000457763671875 36.779998779296875 36.81999969482421875 37.1399993896484375 37.299999237060546875 37.3300018310546875 37.3300018310546875 37.869998931884765625 39.8600006103515625 40.869998931884765625 42.119998931884765625 42.950000762939453125 43.659999847412109375 44.34999847412109375 44.700000762939453125 45.20999908447265625 45.479999542236328125 45.90000152587890625 46.9199981689453125 47.75 49.59999847412109375 51.159999847412109375 53.299999237060546875 55.119998931884765625 56.4199981689453125 56.9199981689453125 57.84999847412109375 57.869998931884765625 57.8899993896484375 57.43000030517578125 56.90000152587890625 56.279998779296875 55.56999969482421875 54.8600006103515625 54.439998626708984375 53.619998931884765625 52.970001220703125 52.4199981689453125 51.950000762939453125 51.3899993896484375
36.81999969482421875 36.779998779296875 36.8600006103515625 36.630001068115234375 36.6100006103515625 36.490001678466796875 36.8600006103515625 36.950000762939453125 37.090000152587890625 37.409999847412109375 38.909999847412109375 39.909999847412109375 40.779998779296875 41.8300018310546875 42.520000457763671875 43.130001068115234375 43.810001373291015625 44.470001220703125 44.909999847412109375 45.659999847412109375 46.970001220703125 47.810001373291015625 49.770000457763671875 51.369998931884765625 53.229999542236328125 55.240001678466796875 56.630001068115234375 56.970001220703125 57.880001068115234375 58.1699981689453125 58.049999237060546875 57.6699981689453125 57.060001373291015625 56.270000457763671875 55.840000152587890625 54.810001373291015625 54.220001220703125 53.659999847412109375 53.1100006103515625 52.3600006103515625 51.880001068115234375 51.529998779296875
36.659999847412109375 36.700000762939453125 36.65000152587890625 36.590000152587890625 36.9199981689453125 36.520000457763671875 36.40000152587890625 36.70999908447265625 36.869998931884765625 37.029998779296875 37.880001068115234375 39.049999237060546875 39.740001678466796875 40.590000152587890625 41.509998321533203125 42.220001220703125 42.950000762939453125 43.779998779296875 44.630001068115234375 45.6399993896484375 46.700000762939453125 48.3899993896484375 49.880001068115234375 51.65000152587890625 53.619998931884765625 55.189998626708984375 56.880001068115234375 57.259998321533203125 58.009998321533203125 58.200000762939453125 58.1100006103515625 57.729999542236328125 57.09999847412109375 56.5800018310546875 55.909999847412109375 55.049999237060546875 54.200000762939453125 53.65000152587890625 53.159999847412109375 52.75 52.049999237060546875 51.439998626708984375
36.509998321533203125 36.59999847412109375 36.619998931884765625 36.549999237060546875 36.40000152587890625 36.490001678466796875 36.549999237060546875 36.40000152587890625 36.54000091552734375 37.0800018310546875 37.549999237060546875 37.759998321533203125 38.779998779296875 39.490001678466796875 40.439998626708984375 41.119998931884765625 42.529998779296875 43.409999847412109375 44.54000091552734375 45.81999969482421875 47.1100006103515625 48.340000152587890625 50.259998321533203125 51.939998626708984375 53.619998931884765625 55.200000762939453125 56.779998779296875 57.159999847412109375 57.8899993896484375 58.159999847412109375 58.18000030517578125 57.729999542236328125 57.29000091552734375 56.6100006103515625 56.0800018310546875 55.130001068115234375 54.29000091552734375 53.740001678466796875 52.979999542236328125 52.529998779296875 52 51.6100006103515625
36.439998626708984375 36.45999908447265625 36.520000457763671875 36.5 36.5 36.4199981689453125 36.490001678466796875 36.409999847412109375 36.479999542236328125 37.009998321533203125 37.450000762939453125 37.630001068115234375 37.90000152587890625 38.8300018310546875 39.5 40.840000152587890625 42.04000091552734375 43.369998931884765625 44.659999847412109375 46 47.270000457763671875 48.79000091552734375 50.259998321533203125 51.840000152587890625 53.439998626708984375 55.25 56.9199981689453125 57.25 57.90000152587890625 58.0800018310546875 58.130001068115234375 57.759998321533203125 57.56999969482421875 56.840000152587890625 56.15000152587890625 55.049999237060546875 54.659999847412109375 53.5800018310546875 53.1100006103515625 52.810001373291015625 52.18000030517578125 51.68000030517578125
36.520000457763671875 36.45999908447265625 36.3600006103515625 36.3300018310546875 36.340000152587890625 36.380001068115234375 36.259998321533203125 36.270000457763671875 36.340000152587890625 36.5800018310546875 36.840000152587890625 37.25 37.770000457763671875 38.380001068115234375 39.189998626708984375 40.4199981689453125 41.770000457763671875 43.259998321533203125 44.54000091552734375 45.90000152587890625 47.3300018310546875 48.630001068115234375 50.3300018310546875 51.79000091552734375 53.40000152587890625 54.95999908447265625 56.229999542236328125 57.130001068115234375 57.810001373291015625 58.119998931884765625 58.25 57.95999908447265625 57.8600006103515625 56.729999542236328125 56.259998321533203125 55.159999847412109375 54.810001373291015625 53.659999847412109375 53.1399993896484375 52.869998931884765625 52.380001068115234375 51.779998779296875
36.54000091552734375 36.45999908447265625 36.34999847412109375 36.29000091552734375 36.3600006103515625 36.279998779296875 36.200000762939453125 36.20999908447265625 36.229999542236328125 36.4199981689453125 36.369998931884765625 36.950000762939453125 37.29000091552734375 37.740001678466796875 38.5 40.090000152587890625 41.259998321533203125 43.060001373291015625 44.310001373291015625 45.729999542236328125 47.009998321533203125 48.490001678466796875 49.81999969482421875 52.009998321533203125 53.20999908447265625 54.759998321533203125 56.159999847412109375 57.090000152587890625 57.740001678466796875 58.09999847412109375 58.340000152587890625 58.0800018310546875 57.560001373291015625 56.869998931884765625 56.189998626708984375 55.479999542236328125 54.939998626708984375 54.009998321533203125 53.3600006103515625 52.869998931884765625 52.59999847412109375 51.95999908447265625
36.590000152587890625 36.31999969482421875 36.3899993896484375 36.3300018310546875 36.380001068115234375 36.299999237060546875 36.1699981689453125 36.09999847412109375 36.159999847412109375 36.25 36.270000457763671875 36.29000091552734375 36.520000457763671875 37.279998779296875 38.04000091552734375 39.840000152587890625 40.689998626708984375 42.1399993896484375 43.95999908447265625 45.619998931884765625 46.799999237060546875 48.380001068115234375 49.3899993896484375 51.770000457763671875 52.970001220703125 53.90000152587890625 56.5 57.090000152587890625 57.68000030517578125 57.779998779296875 58.229999542236328125 57.95999908447265625 57.560001373291015625 56.950000762939453125 56.31999969482421875 55.439998626708984375 54.81999969482421875 54.299999237060546875 53.31999969482421875 52.8300018310546875 52.590000152587890625 51.990001678466796875
36.659999847412109375 36.43000030517578125 36.450000762939453125 36.31999969482421875 36.279998779296875 36.229999542236328125 36.18000030517578125 36.0800018310546875 36.200000762939453125 36.3300018310546875 36.340000152587890625 36.18000030517578125 36.1100006103515625 36.159999847412109375 37.06999969482421875 38.15000152587890625 39.84999847412109375 41.5 43.590000152587890625 45.240001678466796875 46.5800018310546875 48.049999237060546875 48.950000762939453125 51.65000152587890625 52.770000457763671875 53.90000152587890625 56.5 57.479999542236328125 57.529998779296875 58.060001373291015625 58.34999847412109375 58.31999969482421875 57.509998321533203125 56.939998626708984375 56.229999542236328125 55.470001220703125 54.95999908447265625 54.439998626708984375 53.65000152587890625 53.06999969482421875 52.520000457763671875 52.130001068115234375
36.84999847412109375 36.590000152587890625 36.40000152587890625 36.259998321533203125 36.18000030517578125 36.229999542236328125 36.20999908447265625 36.189998626708984375 36.189998626708984375 36.43000030517578125 36.4199981689453125 36.1399993896484375 36.060001373291015625 36.049999237060546875 36.689998626708984375 37.65000152587890625 39.06999969482421875 40.490001678466796875 42.3300018310546875 44.259998321533203125 46.130001068115234375 47.740001678466796875 49.279998779296875 50.84999847412109375 52.509998321533203125 54.009998321533203125 55.380001068115234375 56.93000030517578125 57.770000457763671875 57.990001678466796875 58.200000762939453125 57.909999847412109375 57.509998321533203125 56.740001678466796875 56.270000457763671875 55.65000152587890625 55.1100006103515625 54.529998779296875 53.770000457763671875 53 52.59999847412109375 52.560001373291015625
36.990001678466796875 36.880001068115234375 36.450000762939453125 36.29000091552734375 36.29000091552734375 36.299999237060546875 36.3300018310546875 36.189998626708984375 36.31999969482421875 36.189998626708984375 36.0800018310546875 36.060001373291015625 35.95999908447265625 35.939998626708984375 36 37.119998931884765625 38.20999908447265625 40.04000091552734375 41.529998779296875 43.479999542236328125 45.470001220703125 47.259998321533203125 48.950000762939453125 50.529998779296875 52.25 53.8899993896484375 55.3600006103515625 56.700000762939453125 57.729999542236328125 57.909999847412109375 58.189998626708984375 57.950000762939453125 57.5 57.009998321533203125 56.240001678466796875 55.490001678466796875 55.049999237060546875 54.229999542236328125 53.5 53.479999542236328125 53.279998779296875 52.68000030517578125
37.20999908447265625 36.95999908447265625 36.5800018310546875 36.409999847412109375 36.369998931884765625 36.279998779296875 36.279998779296875 36.229999542236328125 36.1399993896484375 35.8899993896484375 35.59999847412109375 35.950000762939453125 35.90000152587890625 35.79000091552734375 35.799999237060546875 36.40000152587890625 37.439998626708984375 39.189998626708984375 41.450000762939453125 43.619998931884765625 45.25 46.68000030517578125 48.25 50.159999847412109375 51.75 53.590000152587890625 55.020000457763671875 56.470001220703125 57.590000152587890625 57.79000091552734375 57.939998626708984375 57.95999908447265625 57.509998321533203125 56.909999847412109375 56.3300018310546875 55.450000762939453125 54.740001678466796875 53.799999237060546875 54.0800018310546875 53.529998779296875 52.950000762939453125 52.470001220703125
37.509998321533203125 37.1699981689453125 36.439998626708984375 36.3600006103515625 36.3899993896484375 36.4199981689453125 36.34999847412109375 36.090000152587890625 35.8600006103515625 35.759998321533203125 35.6399993896484375 35.70999908447265625 35.93000030517578125 35.619998931884765625 35.59999847412109375 35.810001373291015625 36.770000457763671875 37.880001068115234375 40.049999237060546875 42.3899993896484375 44.310001373291015625 46.759998321533203125 48.29000091552734375 49.840000152587890625 51.15000152587890625 52.770000457763671875 54.689998626708984375 56.159999847412109375 57.340000152587890625 57.81999969482421875 57.8600006103515625 57.740001678466796875 57.270000457763671875 56.3899993896484375 56.4199981689453125 55.8899993896484375 54.93000030517578125 54.56999969482421875 53.779998779296875 53.279998779296875 52.970001220703125 52.3300018310546875
37.90000152587890625 37.06999969482421875 36.75 36.560001373291015625 36.439998626708984375 36.3300018310546875 36.1399993896484375 35.84999847412109375 35.779998779296875 35.779998779296875 35.68000030517578125 35.549999237060546875 35.740001678466796875 35.619998931884765625 35.59999847412109375 35.700000762939453125 36.18000030517578125 36.979999542236328125 39.1399993896484375 41.259998321533203125 43.490001678466796875 45.630001068115234375 47.590000152587890625 49.54000091552734375 51.29000091552734375 53 54.31999969482421875 55.93000030517578125 56.689998626708984375 57.56999969482421875 57.630001068115234375 57.549999237060546875 57.31999969482421875 56.59999847412109375 56.29000091552734375 55.6399993896484375 54.869998931884765625 54.380001068115234375 53.8600006103515625 53.3600006103515625 52.84999847412109375 52.470001220703125
37.90000152587890625 37.29000091552734375 36.779998779296875 36.720001220703125 36.310001373291015625 36.130001068115234375 35.90000152587890625 35.81999969482421875 35.68000030517578125 35.6699981689453125 35.619998931884765625 35.659999847412109375 35.59999847412109375 35.75 35.6100006103515625 35.529998779296875 35.779998779296875 36.3899993896484375 37.810001373291015625 39.93000030517578125 41.970001220703125 44.59999847412109375 46.560001373291015625 48.340000152587890625 50.340000152587890625 52.729999542236328125 54.560001373291015625 55.79000091552734375 56.779998779296875 57.4199981689453125 57.770000457763671875 57.479999542236328125 56.79000091552734375 56.34999847412109375 55.759998321533203125 55.380001068115234375 54.799999237060546875 54.34999847412109375 53.810001373291015625 53.31999969482421875 52.909999847412109375 52.409999847412109375
37.470001220703125 36.799999237060546875 36.869998931884765625 36.270000457763671875 36.090000152587890625 36.029998779296875 35.779998779296875 35.770000457763671875 35.630001068115234375 35.5800018310546875 35.5 35.59999847412109375 35.549999237060546875 35.659999847412109375 35.5800018310546875 35.479999542236328125 35.549999237060546875 35.90000152587890625 37.119998931884765625 38.59999847412109375 40.59999847412109375 43.0800018310546875 45.56999969482421875 47.619998931884765625 49.869998931884765625 51.659999847412109375 53.770000457763671875 55.279998779296875 56.4199981689453125 57.049999237060546875 57.060001373291015625 56.659999847412109375 56.56999969482421875 56.1399993896484375 55.759998321533203125 55.229999542236328125 54.700000762939453125 54.299999237060546875 53.779998779296875 53.3300018310546875 52.8300018310546875 52.34999847412109375
37.270000457763671875 36.93000030517578125 36.700000762939453125 36.29000091552734375 36.060001373291015625 35.770000457763671875 35.65000152587890625 35.6399993896484375 35.619998931884765625 35.6100006103515625 35.45999908447265625 35.520000457763671875 35.56999969482421875 35.520000457763671875 35.520000457763671875 35.40000152587890625 35.439998626708984375 35.659999847412109375 36.15000152587890625 37.799999237060546875 39.439998626708984375 41.45999908447265625 43.93000030517578125 46.54000091552734375 49.119998931884765625 50.6699981689453125 52.8899993896484375 54.93000030517578125 55.759998321533203125 56.470001220703125 56.6699981689453125 56.409999847412109375 56.259998321533203125 55.880001068115234375 55.5800018310546875 55.119998931884765625 54.6699981689453125 54.159999847412109375 53.740001678466796875 53.200000762939453125 52.75 52.34999847412109375
