wildfire/work/fuelmodels/1710/ahn1.asc
ncols        174
nrows        202
xllcorner    198565.000000000000
yllcorner    448145.000000000000
cellsize     5.000000000000
NODATA_value   -999
[rows 0 to 17 of 202, columns 84 to 125 of 174]
85.910003662109375 85.62000274658203125 85.279998779296875 84.98000335693359375 84.62000274658203125 84.6100006103515625 84.6699981689453125 84.48999786376953125 84.1399993896484375 84.0800018310546875 84.20999908447265625 84.3600006103515625 84.59999847412109375 84.84999847412109375 85.19000244140625 85.40000152587890625 85.5500030517578125 85.839996337890625 86.1100006103515625 86.26000213623046875 86.48000335693359375 86.75 86.660003662109375 86.65000152587890625 86.720001220703125 86.6699981689453125 86.589996337890625 86.48999786376953125 86.3300018310546875 86.1699981689453125 85.98999786376953125 85.76999664306640625 85.44000244140625 85.01999664306640625 84.59999847412109375 84.15000152587890625 83.80999755859375 83.3300018310546875 82.93000030517578125 82.6100006103515625 82.34999847412109375 82.12000274658203125
85.9199981689453125 85.69000244140625 85.279998779296875 84.98999786376953125 84.76999664306640625 84.779998779296875 84.839996337890625 84.5500030517578125 84.23999786376953125 84.339996337890625 84.48000335693359375 84.62000274658203125 84.8899993896484375 85.15000152587890625 85.51000213623046875 85.660003662109375 85.84999847412109375 86.12000274658203125 86.470001220703125 86.62000274658203125 86.69000244140625 86.910003662109375 86.910003662109375 87.01999664306640625 86.93000030517578125 86.87000274658203125 86.70999908447265625 86.59999847412109375 86.589996337890625 86.470001220703125 86.05999755859375 85.87999725341796875 85.65000152587890625 85.19000244140625 84.720001220703125 84.279998779296875 83.84999847412109375 83.48999786376953125 83.0800018310546875 82.720001220703125 82.3600006103515625 82.12000274658203125
86.04000091552734375 85.8600006103515625 85.31999969482421875 85.06999969482421875 85.029998779296875 84.94000244140625 84.87999725341796875 84.55999755859375 84.43000030517578125 84.31999969482421875 84.56999969482421875 84.87000274658203125 85.20999908447265625 85.44000244140625 85.79000091552734375 85.98999786376953125 86.220001220703125 86.4499969482421875 86.62999725341796875 86.80999755859375 86.98999786376953125 87.1100006103515625 87.09999847412109375 87.12000274658203125 87.12999725341796875 87.06999969482421875 87.04000091552734375 86.8899993896484375 86.79000091552734375 86.56999969482421875 86.279998779296875 86.1999969482421875 85.87999725341796875 85.40000152587890625 84.8000030517578125 84.31999969482421875 84 83.59999847412109375 83.25 82.79000091552734375 82.51999664306640625 82.29000091552734375
86.12000274658203125 85.62999725341796875 85.4499969482421875 85.23999786376953125 85.15000152587890625 85.01000213623046875 84.8899993896484375 84.5800018310546875 84.56999969482421875 84.69000244140625 84.80999755859375 85.089996337890625 85.51000213623046875 85.75 86.089996337890625 86.26000213623046875 86.51000213623046875 86.73000335693359375 86.910003662109375 87.0800018310546875 87.19000244140625 87.37000274658203125 87.4499969482421875 87.4199981689453125 87.43000030517578125 87.26999664306640625 87.26999664306640625 87.05999755859375 86.9499969482421875 86.779998779296875 86.56999969482421875 86.19000244140625 85.9199981689453125 85.55999755859375 84.98000335693359375 84.3899993896484375 84.09999847412109375 83.65000152587890625 83.37000274658203125 82.84999847412109375 82.69000244140625 82.40000152587890625
86.1399993896484375 85.79000091552734375 85.529998779296875 85.3600006103515625 85.220001220703125 85.23000335693359375 85.06999969482421875 84.660003662109375 84.76000213623046875 84.8600006103515625 84.98999786376953125 85.470001220703125 85.6999969482421875 86.01000213623046875 86.26999664306640625 86.55999755859375 86.839996337890625 87.01999664306640625 87.1999969482421875 87.4199981689453125 87.4499969482421875 87.56999969482421875 87.65000152587890625 87.660003662109375 87.6100006103515625 87.34999847412109375 87.40000152587890625 87.40000152587890625 87.19000244140625 86.9499969482421875 86.73999786376953125 86.339996337890625 86.160003662109375 85.589996337890625 84.98999786376953125 84.56999969482421875 84.18000030517578125 83.62000274658203125 83.43000030517578125 83 82.720001220703125 82.56999969482421875
86.18000030517578125 86.04000091552734375 85.80999755859375 85.55999755859375 85.410003662109375 85.339996337890625 84.9199981689453125 85.1100006103515625 85 85.029998779296875 85.23000335693359375 85.470001220703125 85.90000152587890625 86.3000030517578125 86.5 86.839996337890625 87.15000152587890625 87.40000152587890625 87.529998779296875 87.529998779296875 87.6399993896484375 87.779998779296875 87.8899993896484375 87.8600006103515625 87.8600006103515625 87.76000213623046875 87.6399993896484375 87.56999969482421875 87.44000244140625 87.15000152587890625 86.90000152587890625 86.5 86.29000091552734375 85.73000335693359375 85.1399993896484375 84.5800018310546875 84.19000244140625 83.84999847412109375 83.51999664306640625 83.1100006103515625 82.81999969482421875 82.59999847412109375
86.339996337890625 86.1100006103515625 85.84999847412109375 85.6699981689453125 85.51999664306640625 85.4199981689453125 85.15000152587890625 84.8600006103515625 85 85.23999786376953125 85.410003662109375 85.87000274658203125 86.23999786376953125 86.51000213623046875 86.76999664306640625 87.04000091552734375 87.279998779296875 87.529998779296875 87.65000152587890625 87.80999755859375 87.93000030517578125 88.089996337890625 87.93000030517578125 88.06999969482421875 88.01000213623046875 87.9499969482421875 87.839996337890625 87.62000274658203125 87.56999969482421875 87.339996337890625 87.06999969482421875 86.8899993896484375 86.48999786376953125 85.660003662109375 85.089996337890625 84.73999786376953125 84.279998779296875 83.93000030517578125 83.5 83.160003662109375 82.9199981689453125 82.81999969482421875
86.3000030517578125 86.1699981689453125 85.98000335693359375 85.80999755859375 85.6699981689453125 85.589996337890625 85.23000335693359375 85.0500030517578125 85.20999908447265625 85.4499969482421875 85.73000335693359375 86.19000244140625 86.51999664306640625 86.76000213623046875 86.93000030517578125 87.1999969482421875 87.55999755859375 87.79000091552734375 87.8300018310546875 88.01000213623046875 88.01000213623046875 88.12999725341796875 88.1399993896484375 88.1999969482421875 88.1699981689453125 88.160003662109375 88.1399993896484375 87.9199981689453125 87.68000030517578125 87.45999908447265625 87.220001220703125 86.90000152587890625 86.3300018310546875 85.8000030517578125 85.220001220703125 84.84999847412109375 84.37000274658203125 83.93000030517578125 83.5500030517578125 83.29000091552734375 83.18000030517578125 82.8899993896484375
86.40000152587890625 86.23000335693359375 86.1399993896484375 85.94000244140625 85.87000274658203125 85.8000030517578125 85.410003662109375 85.3300018310546875 85.3899993896484375 85.6999969482421875 85.910003662109375 86.29000091552734375 86.69000244140625 86.84999847412109375 87.15000152587890625 87.529998779296875 87.839996337890625 87.95999908447265625 88.1999969482421875 88.37999725341796875 88.3000030517578125 88.44000244140625 88.3600006103515625 88.40000152587890625 88.44000244140625 88.3300018310546875 88.18000030517578125 88.089996337890625 87.84999847412109375 87.65000152587890625 87.410003662109375 86.90000152587890625 86.26999664306640625 85.839996337890625 85.26999664306640625 84.81999969482421875 84.37000274658203125 84.0800018310546875 83.6999969482421875 83.44000244140625 83.19000244140625 82.970001220703125
86.529998779296875 86.25 86.1699981689453125 86.029998779296875 85.910003662109375 85.5800018310546875 85.48000335693359375 85.48000335693359375 85.5500030517578125 85.779998779296875 86.160003662109375 86.48999786376953125 86.839996337890625 87.0500030517578125 87.40000152587890625 87.6100006103515625 87.98999786376953125 88.12999725341796875 88.26999664306640625 88.40000152587890625 88.51999664306640625 88.40000152587890625 88.4199981689453125 88.5 88.59999847412109375 88.589996337890625 88.5 88.20999908447265625 87.98999786376953125 87.84999847412109375 87.56999969482421875 86.81999969482421875 86.19000244140625 85.76999664306640625 85.43000030517578125 84.9499969482421875 84.5800018310546875 84.15000152587890625 83.87999725341796875 83.62000274658203125 83.37999725341796875 83.20999908447265625
86.51999664306640625 86.339996337890625 86.15000152587890625 86.0500030517578125 86 85.56999969482421875 85.56999969482421875 85.6699981689453125 85.76000213623046875 86.01999664306640625 86.37999725341796875 86.660003662109375 86.970001220703125 87.25 87.48000335693359375 88.029998779296875 88.09999847412109375 88.339996337890625 88.34999847412109375 88.44000244140625 88.5500030517578125 88.55999755859375 88.76000213623046875 88.6699981689453125 88.6100006103515625 88.6100006103515625 88.589996337890625 88.34999847412109375 88.1999969482421875 87.93000030517578125 87.6999969482421875 86.93000030517578125 86.26000213623046875 85.80999755859375 85.3600006103515625 85.06999969482421875 84.6399993896484375 84.25 83.970001220703125 83.720001220703125 83.51999664306640625 83.29000091552734375
86.5500030517578125 86.34999847412109375 86.160003662109375 86.09999847412109375 86.089996337890625 85.76999664306640625 85.69000244140625 85.76999664306640625 86 86.25 86.43000030517578125 86.75 87.029998779296875 87.34999847412109375 87.70999908447265625 88.160003662109375 88.3300018310546875 88.48000335693359375 88.59999847412109375 88.6100006103515625 88.75 88.70999908447265625 88.76000213623046875 88.8899993896484375 88.8300018310546875 88.76999664306640625 88.65000152587890625 88.51000213623046875 88.30999755859375 87.970001220703125 87.59999847412109375 87.01999664306640625 86.37999725341796875 85.8899993896484375 85.51999664306640625 85.0800018310546875 84.73000335693359375 84.3300018310546875 84.15000152587890625 83.81999969482421875 83.65000152587890625 83.37999725341796875
86.589996337890625 86.410003662109375 86.26000213623046875 86.09999847412109375 86.05999755859375 85.839996337890625 85.81999969482421875 85.9199981689453125 86.0800018310546875 86.31999969482421875 86.589996337890625 86.9199981689453125 87.19000244140625 87.589996337890625 87.94000244140625 88.26000213623046875 88.5 88.54000091552734375 88.6999969482421875 88.73999786376953125 88.87000274658203125 88.90000152587890625 88.8899993896484375 88.9199981689453125 88.90000152587890625 88.80999755859375 88.75 88.76999664306640625 88.4199981689453125 87.98999786376953125 87.54000091552734375 86.98999786376953125 86.40000152587890625 85.95999908447265625 85.68000030517578125 85.1999969482421875 84.779998779296875 84.589996337890625 84.25 84.01000213623046875 83.73999786376953125 83.5800018310546875
86.65000152587890625 86.529998779296875 86.48999786376953125 86.20999908447265625 86.0500030517578125 85.98000335693359375 85.970001220703125 85.98999786376953125 86.220001220703125 86.48000335693359375 86.73999786376953125 86.970001220703125 87.31999969482421875 87.6100006103515625 87.94000244140625 88.220001220703125 88.51000213623046875 88.62999725341796875 88.65000152587890625 88.839996337890625 88.90000152587890625 88.94000244140625 88.970001220703125 88.8899993896484375 88.98000335693359375 88.81999969482421875 88.69000244140625 88.529998779296875 88.40000152587890625 88.06999969482421875 87.4499969482421875 86.84999847412109375 86.48999786376953125 85.910003662109375 85.5500030517578125 85.1399993896484375 84.839996337890625 84.6100006103515625 84.45999908447265625 84.05999755859375 83.9199981689453125 83.720001220703125
86.62000274658203125 86.65000152587890625 86.4199981689453125 86.40000152587890625 86.279998779296875 86.029998779296875 85.98999786376953125 86.12000274658203125 86.25 86.5500030517578125 86.75 86.90000152587890625 87.26000213623046875 87.5500030517578125 87.87000274658203125 88.15000152587890625 88.48000335693359375 88.6399993896484375 88.6699981689453125 88.73999786376953125 88.84999847412109375 88.98000335693359375 89.05999755859375 89.01999664306640625 88.94000244140625 88.90000152587890625 88.6699981689453125 88.62000274658203125 88.44000244140625 88.0500030517578125 87.5 86.910003662109375 86.51999664306640625 86.09999847412109375 85.5800018310546875 85.220001220703125 84.90000152587890625 84.62999725341796875 84.3899993896484375 84.37999725341796875 84.04000091552734375 84.01999664306640625
86.6100006103515625 86.56999969482421875 86.4199981689453125 86.40000152587890625 86.1699981689453125 86.089996337890625 86.089996337890625 86.220001220703125 86.3000030517578125 86.51000213623046875 86.589996337890625 86.70999908447265625 86.95999908447265625 87.44000244140625 87.65000152587890625 88.06999969482421875 88.31999969482421875 88.529998779296875 88.6399993896484375 88.720001220703125 88.8300018310546875 89.01000213623046875 89.06999969482421875 89.0800018310546875 88.98000335693359375 88.9499969482421875 88.69000244140625 88.5500030517578125 88.410003662109375 87.9499969482421875 87.37999725341796875 86.8899993896484375 86.5800018310546875 86.029998779296875 85.6399993896484375 85.37999725341796875 85.220001220703125 84.87000274658203125 84.589996337890625 84.56999969482421875 84.1699981689453125 84.089996337890625
86.51999664306640625 86.4499969482421875 86.37000274658203125 86.0800018310546875 86.089996337890625 85.93000030517578125 86.04000091552734375 86.05999755859375 86.19000244140625 86.220001220703125 86.37000274658203125 86.529998779296875 86.90000152587890625 87.26000213623046875 87.51000213623046875 87.87999725341796875 88.15000152587890625 88.26999664306640625 88.62999725341796875 88.56999969482421875 88.76000213623046875 89.029998779296875 89.15000152587890625 89.12999725341796875 89.029998779296875 88.98000335693359375 88.80999755859375 88.529998779296875 88.37000274658203125 88.01000213623046875 87.26999664306640625 87.25 86.660003662109375 86.18000030517578125 85.839996337890625 85.55999755859375 85.1999969482421875 85.029998779296875 84.84999847412109375 84.6999969482421875 84.589996337890625 84.3600006103515625
86.4199981689453125 86.54000091552734375 86.23999786376953125 86.04000091552734375 85.98000335693359375 85.8600006103515625 85.80999755859375 85.81999969482421875 85.839996337890625 85.910003662109375 86.06999969482421875 86.160003662109375 86.43000030517578125 86.98000335693359375 87.3000030517578125 87.48999786376953125 87.8600006103515625 88.1100006103515625 88.3600006103515625 88.51999664306640625 88.5800018310546875 88.87000274658203125 89.05999755859375 89.1100006103515625 89.0800018310546875 88.94000244140625 88.79000091552734375 88.660003662109375 88.43000030517578125 87.779998779296875 87.29000091552734375 87 86.70999908447265625 86.12000274658203125 86.01999664306640625 85.6699981689453125 85.30999755859375 85.1100006103515625 85.0800018310546875 85 84.779998779296875 84.589996337890625
