wildfire/work/fuelmodels/1710/ahn1.asc
ncols        174
nrows        202
xllcorner    198565.000000000000
yllcorner    448145.000000000000
cellsize     5.000000000000
NODATA_value   -999
[rows 144 to 161 of 202, columns 42 to 83 of 174]
47.270000457763671875 46.939998626708984375 44.939998626708984375 44.369998931884765625 43.70999908447265625 43.979999542236328125 43.799999237060546875 43.439998626708984375 44.590000152587890625 47.34999847412109375 50.700000762939453125 53.31999969482421875 55.590000152587890625 57.20999908447265625 58.5800018310546875 59.299999237060546875 59.950000762939453125 60.0800018310546875 59.869998931884765625 59.3300018310546875 58.8600006103515625 58.119998931884765625 57.299999237060546875 56.70999908447265625 56.3899993896484375 55.909999847412109375 55.759998321533203125 55.630001068115234375 55.65000152587890625 55.549999237060546875 55.619998931884765625 55.490001678466796875 55.380001068115234375 55.3899993896484375 55.3899993896484375 55.479999542236328125 55.68000030517578125 56.43000030517578125 57.189998626708984375 58.130001068115234375 59.310001373291015625 59.950000762939453125
48.630001068115234375 47.779998779296875 44.970001220703125 44.59999847412109375 43.659999847412109375 43.479999542236328125 43.770000457763671875 43.34999847412109375 45.43000030517578125 47.95999908447265625 50.65000152587890625 52.9199981689453125 55.220001220703125 57.259998321533203125 58.490001678466796875 59.45999908447265625 60 60.06999969482421875 59.6699981689453125 59.04000091552734375 58.259998321533203125 57.450000762939453125 56.84999847412109375 56.200000762939453125 55.81999969482421875 55.470001220703125 55.299999237060546875 55.04000091552734375 55.04000091552734375 55.049999237060546875 54.950000762939453125 54.939998626708984375 54.970001220703125 54.729999542236328125 54.970001220703125 54.950000762939453125 55.40000152587890625 56.06999969482421875 57.029998779296875 58 59 59.630001068115234375
48.810001373291015625 47.799999237060546875 45.810001373291015625 45.25 43.65000152587890625 43.31999969482421875 43.5 43.25 44.79000091552734375 47.729999542236328125 49.630001068115234375 52.68000030517578125 55.029998779296875 56.8300018310546875 58.270000457763671875 59.04000091552734375 59.1399993896484375 59.5 59.18000030517578125 58.549999237060546875 57.6699981689453125 56.909999847412109375 56.270000457763671875 55.6100006103515625 55.18000030517578125 54.9199981689453125 54.79000091552734375 54.619998931884765625 54.590000152587890625 54.529998779296875 54.4199981689453125 54.40000152587890625 54.229999542236328125 54.259998321533203125 54.29000091552734375 54.590000152587890625 55.1699981689453125 55.84999847412109375 56.810001373291015625 57.9199981689453125 58.630001068115234375 59.31999969482421875
48.840000152587890625 47.950000762939453125 46.259998321533203125 45.20999908447265625 44 43.1399993896484375 43.4199981689453125 43.049999237060546875 44.29000091552734375 47.18000030517578125 49.68000030517578125 52.04000091552734375 54.229999542236328125 56.200000762939453125 57.45999908447265625 57.259998321533203125 57.490001678466796875 58.18000030517578125 58.340000152587890625 57.619998931884765625 57.06999969482421875 56.20999908447265625 55.619998931884765625 55.159999847412109375 54.8300018310546875 54.560001373291015625 54.34999847412109375 54.159999847412109375 54.06999969482421875 54.04000091552734375 53.9199981689453125 53.770000457763671875 53.700000762939453125 53.729999542236328125 53.84999847412109375 53.990001678466796875 54.8600006103515625 55.68000030517578125 56.509998321533203125 57.689998626708984375 58.29000091552734375 58.840000152587890625
48.8600006103515625 48.15000152587890625 46.75 45.270000457763671875 43.970001220703125 43.0800018310546875 43.18000030517578125 42.970001220703125 43.8899993896484375 47.029998779296875 48.759998321533203125 51.310001373291015625 53.520000457763671875 55.1100006103515625 55.159999847412109375 55.34999847412109375 55.75 56.700000762939453125 57.45999908447265625 56.68000030517578125 56.25 55.770000457763671875 55.060001373291015625 54.6399993896484375 54.009998321533203125 53.79000091552734375 53.880001068115234375 53.90000152587890625 53.5800018310546875 53.560001373291015625 53.34999847412109375 53.3899993896484375 53.3600006103515625 53.40000152587890625 53.470001220703125 53.759998321533203125 54.409999847412109375 55.3899993896484375 56.3300018310546875 57.18000030517578125 58.1399993896484375 58.3600006103515625
48.939998626708984375 48.009998321533203125 46.9199981689453125 45.529998779296875 43.759998321533203125 42.90000152587890625 43.049999237060546875 42.979999542236328125 43.06999969482421875 45.990001678466796875 48.159999847412109375 50.229999542236328125 51.990001678466796875 53.270000457763671875 53.270000457763671875 53.439998626708984375 53.720001220703125 55.1699981689453125 56.450000762939453125 56.009998321533203125 55.520000457763671875 55.189998626708984375 54.68000030517578125 54.259998321533203125 53.619998931884765625 53.34999847412109375 52.909999847412109375 52.990001678466796875 52.979999542236328125 53.04000091552734375 52.950000762939453125 52.939998626708984375 52.9199981689453125 52.939998626708984375 53.020000457763671875 53.40000152587890625 54.220001220703125 55.09999847412109375 55.880001068115234375 56.6699981689453125 57.45999908447265625 57.880001068115234375
48.8899993896484375 47.810001373291015625 46.90000152587890625 45.3300018310546875 44.020000457763671875 43.270000457763671875 42.619998931884765625 42.880001068115234375 42.729999542236328125 44.619998931884765625 47.490001678466796875 48.439998626708984375 50.270000457763671875 51.5 51.529998779296875 51.560001373291015625 52.34999847412109375 54.130001068115234375 55.340000152587890625 55.29000091552734375 55.04000091552734375 54.4199981689453125 54.31999969482421875 53.509998321533203125 53.090000152587890625 52.68000030517578125 52.56999969482421875 52.490001678466796875 52.490001678466796875 52.529998779296875 52.65000152587890625 52.549999237060546875 52.590000152587890625 52.529998779296875 52.689998626708984375 52.979999542236328125 53.93000030517578125 54.659999847412109375 55.5 56.299999237060546875 56.75 57.090000152587890625
48.9199981689453125 47.93000030517578125 46.880001068115234375 45.689998626708984375 44.15000152587890625 43.06999969482421875 42.65000152587890625 42.490001678466796875 42.40000152587890625 43.759998321533203125 46.590000152587890625 47.25 47.740001678466796875 49.3899993896484375 49.369998931884765625 50.18000030517578125 51.240001678466796875 53.270000457763671875 53.979999542236328125 54.43000030517578125 54.34999847412109375 53.880001068115234375 53.450000762939453125 53.200000762939453125 52.68000030517578125 52.340000152587890625 52.1699981689453125 52.200000762939453125 52.1699981689453125 52.229999542236328125 52.229999542236328125 52.299999237060546875 52.119998931884765625 52.159999847412109375 52.20999908447265625 52.6699981689453125 53.4199981689453125 54.119998931884765625 55 55.68000030517578125 56.119998931884765625 56.369998931884765625
48.950000762939453125 48.1399993896484375 47.049999237060546875 45.979999542236328125 44.549999237060546875 43.369998931884765625 42.520000457763671875 42.200000762939453125 42.520000457763671875 42.729999542236328125 44.520000457763671875 45.700000762939453125 46.6100006103515625 46.729999542236328125 47.93000030517578125 48.740001678466796875 49.880001068115234375 51.1699981689453125 52.3300018310546875 53.20999908447265625 53.4199981689453125 53.31999969482421875 53.060001373291015625 52.700000762939453125 52.40000152587890625 52.130001068115234375 52.009998321533203125 52 51.8300018310546875 51.990001678466796875 51.970001220703125 51.990001678466796875 52.029998779296875 51.810001373291015625 51.9199981689453125 52.229999542236328125 52.8899993896484375 53.450000762939453125 54.060001373291015625 54.720001220703125 55.340000152587890625 55.5800018310546875
48.950000762939453125 48.18000030517578125 47.279998779296875 46.310001373291015625 44.619998931884765625 43.6100006103515625 42.31999969482421875 42.189998626708984375 42.56999969482421875 42.549999237060546875 43.220001220703125 44.3600006103515625 45.369998931884765625 45.979999542236328125 46.049999237060546875 46.65000152587890625 48.130001068115234375 49.220001220703125 50.59999847412109375 51.779998779296875 52.3899993896484375 52.65000152587890625 52.4199981689453125 52.369998931884765625 52.130001068115234375 51.95999908447265625 51.759998321533203125 51.799999237060546875 51.840000152587890625 51.740001678466796875 51.65000152587890625 51.70999908447265625 51.43000030517578125 51.380001068115234375 51.6100006103515625 51.880001068115234375 52.310001373291015625 52.8300018310546875 53.34999847412109375 53.729999542236328125 54.25 54.689998626708984375
48.869998931884765625 48.20999908447265625 47.439998626708984375 46.220001220703125 45.009998321533203125 43.880001068115234375 42.529998779296875 42.090000152587890625 42.3300018310546875 42.310001373291015625 42.509998321533203125 43.54000091552734375 44.479999542236328125 44.869998931884765625 44.56999969482421875 44.79000091552734375 46.060001373291015625 47.240001678466796875 48.700000762939453125 50.0800018310546875 51.220001220703125 51.81999969482421875 52.029998779296875 52.18000030517578125 51.84999847412109375 51.90000152587890625 51.590000152587890625 51.529998779296875 51.529998779296875 51.479999542236328125 51.409999847412109375 51.45999908447265625 51.5800018310546875 51.15000152587890625 51.060001373291015625 51.560001373291015625 51.729999542236328125 52.0800018310546875 52.490001678466796875 53.1100006103515625 53.590000152587890625 53.979999542236328125
48.720001220703125 48.259998321533203125 47.68000030517578125 46.31999969482421875 45.20999908447265625 43.979999542236328125 42.84999847412109375 42.270000457763671875 41.950000762939453125 42.299999237060546875 42.29000091552734375 42.939998626708984375 43.59999847412109375 43.590000152587890625 43.3899993896484375 43.220001220703125 44.340000152587890625 45.689998626708984375 46.880001068115234375 48.45999908447265625 50.090000152587890625 50.950000762939453125 51.619998931884765625 51.869998931884765625 51.529998779296875 51.6399993896484375 51.54000091552734375 51.45999908447265625 51.34999847412109375 51.240001678466796875 51.1100006103515625 51.18000030517578125 51.18000030517578125 51.119998931884765625 50.299999237060546875 51.189998626708984375 51.299999237060546875 51.68000030517578125 52 52.3899993896484375 52.689998626708984375 52.979999542236328125
48.90000152587890625 48.119998931884765625 47.380001068115234375 46.490001678466796875 45.299999237060546875 43.8899993896484375 42.9199981689453125 41.990001678466796875 41.729999542236328125 42.15000152587890625 42.0800018310546875 42.1399993896484375 42.509998321533203125 42.470001220703125 42.18000030517578125 42.31999969482421875 43.029998779296875 44.3600006103515625 45.54000091552734375 46.529998779296875 48.43000030517578125 49.3899993896484375 51.009998321533203125 51.45999908447265625 51.34999847412109375 51.3300018310546875 51.3300018310546875 51.220001220703125 51.20999908447265625 51.15000152587890625 50.990001678466796875 50.979999542236328125 51.090000152587890625 51.09999847412109375 50.15000152587890625 50.549999237060546875 50.799999237060546875 51.15000152587890625 51.40000152587890625 51.659999847412109375 51.869998931884765625 52.1699981689453125
49.009998321533203125 48.3600006103515625 47.43000030517578125 46.490001678466796875 45.34999847412109375 44.229999542236328125 43.1699981689453125 42.06999969482421875 41.6399993896484375 41.700000762939453125 41.93000030517578125 41.840000152587890625 42.049999237060546875 41.8899993896484375 41.6399993896484375 41.59999847412109375 41.9199981689453125 42.979999542236328125 44.490001678466796875 45.659999847412109375 46.4199981689453125 49.159999847412109375 50.439998626708984375 50.950000762939453125 51.04000091552734375 50.619998931884765625 51.200000762939453125 51.200000762939453125 51.159999847412109375 51.1399993896484375 51.0800018310546875 51.1100006103515625 51.0800018310546875 51.229999542236328125 50.779998779296875 50.060001373291015625 49.81999969482421875 50.43000030517578125 50.740001678466796875 51.18000030517578125 51.299999237060546875 51.5800018310546875
48.970001220703125 48.220001220703125 47.56999969482421875 46.68000030517578125 45.6399993896484375 44.31999969482421875 43.31999969482421875 42.4199981689453125 41.700000762939453125 41.34999847412109375 41.79000091552734375 41.700000762939453125 41.770000457763671875 41.81999969482421875 41.509998321533203125 41.3600006103515625 41.439998626708984375 42.049999237060546875 43.189998626708984375 44.590000152587890625 45.9199981689453125 48.130001068115234375 49.4199981689453125 49.68000030517578125 49.93000030517578125 49.8300018310546875 51.200000762939453125 51.25 51.240001678466796875 51.130001068115234375 51.1399993896484375 51.130001068115234375 51.04000091552734375 51.009998321533203125 50.979999542236328125 50.65000152587890625 49.939998626708984375 49.31999969482421875 49.68000030517578125 49.779998779296875 50.520000457763671875 50.840000152587890625
49 48.43000030517578125 47.720001220703125 47.06999969482421875 45.95999908447265625 44.689998626708984375 43.56999969482421875 42.31999969482421875 41.509998321533203125 41.3300018310546875 41.369998931884765625 41.54000091552734375 41.470001220703125 41.54000091552734375 41.40000152587890625 41.29000091552734375 41.29000091552734375 41.40000152587890625 42.299999237060546875 43.70999908447265625 45.470001220703125 47.020000457763671875 48.119998931884765625 48.740001678466796875 50.5800018310546875 51.43000030517578125 51.43000030517578125 51.549999237060546875 51.45999908447265625 51.31999969482421875 51.470001220703125 51.340000152587890625 51.409999847412109375 51.15000152587890625 50.990001678466796875 50.729999542236328125 50.479999542236328125 49.619998931884765625 48.95999908447265625 49 49.299999237060546875 50.25
49.159999847412109375 48.529998779296875 47.990001678466796875 47.29000091552734375 46.270000457763671875 45 44.020000457763671875 42.549999237060546875 41.95999908447265625 41.25 41.1699981689453125 41.59999847412109375 41.470001220703125 41.369998931884765625 41.25 41.1100006103515625 41.159999847412109375 41.270000457763671875 41.779998779296875 42.979999542236328125 44.3899993896484375 46.229999542236328125 47.1100006103515625 48.75 50.3899993896484375 51.5 51.619998931884765625 51.659999847412109375 51.79000091552734375 51.6699981689453125 51.770000457763671875 51.54000091552734375 51.6699981689453125 51.869998931884765625 51.68000030517578125 51.189998626708984375 50.529998779296875 50.1100006103515625 49.090000152587890625 48.4199981689453125 49.04000091552734375 48.979999542236328125
49.29000091552734375 48.65000152587890625 48.220001220703125 47.380001068115234375 46.439998626708984375 45.380001068115234375 44.20999908447265625 42.729999542236328125 41.840000152587890625 41.189998626708984375 41.020000457763671875 41.3300018310546875 41.229999542236328125 41.270000457763671875 41.1399993896484375 40.990001678466796875 41.09999847412109375 41.3899993896484375 41.770000457763671875 42.279998779296875 43.45999908447265625 45.130001068115234375 46.470001220703125 48.299999237060546875 50.09999847412109375 51.560001373291015625 52.34999847412109375 52.25 52.369998931884765625 52.090000152587890625 52.020000457763671875 52.240001678466796875 52.45999908447265625 52.54000091552734375 52.119998931884765625 51.509998321533203125 50.840000152587890625 50.029998779296875 49.45999908447265625 48.5800018310546875 48.0800018310546875 48.0800018310546875
