wildfire/work/fuelmodels/1710/slope.asc
ncols        174
nrows        202
xllcorner    198565.000000000000
yllcorner    448145.000000000000
cellsize     5.000000000000
NODATA_value   -999
[rows 162 to 179 of 202, columns 120 to 159 of 174]
31.611661911010742188 29.986385345458984375 25.2613372802734375 21.028829574584960938 20.390432357788085938 22.215093612670898438 22.104778289794921875 19.871530532836914062 16.213199615478515625 18.232419967651367188 26.364757537841796875 34.611541748046875 36.89714813232421875 34.457439422607421875 31.281126022338867188 27.622228622436523438 24.927171707153320312 25.574674606323242188 26.638555526733398438 25.848453521728515625 25.598377227783203125 25.535661697387695312 24.384321212768554688 22.461421966552734375 22.784727096557617188 26.080059051513671875 28.8855133056640625 27.417783737182617188 23.484592437744140625 18.8730926513671875 15.115454673767089844 14.00202178955078125 11.411807060241699219 10.39014434814453125 10.071114540100097656 9.0764226913452148438 10.163224220275878906 12.956686019897460938 12.558176040649414062 14.199551582336425781
29.783664703369140625 25.851919174194335938 20.830379486083984375 18.291463851928710938 18.4402923583984375 20.713472366333007812 20.08734130859375 16.517694473266601562 13.10536956787109375 14.408915519714355469 20.1966094970703125 28.529224395751953125 33.50191497802734375 32.33205413818359375 29.286468505859375 25.851535797119140625 26.112733840942382812 29.0809173583984375 30.251222610473632812 30.422771453857421875 30.699327468872070312 30.42120361328125 29.71988677978515625 28.669965744018554688 27.607698440551757812 28.794780731201171875 29.227970123291015625 25.520381927490234375 20.377283096313476562 15.038872718811035156 12.108251571655273438 11.667476654052734375 8.4393062591552734375 8.769901275634765625 11.089913368225097656 10.452785491943359375 10.822116851806640625 11.648405075073242188 10.84253692626953125 13.55117034912109375
26.524883270263671875 22.464414596557617188 17.664815902709960938 16.616245269775390625 17.27625274658203125 18.75995635986328125 18.839368820190429688 15.306221961975097656 11.944657325744628906 11.289340972900390625 14.181858062744140625 21.055271148681640625 28.163927078247070312 29.08258056640625 27.68011474609375 24.895355224609375 25.31763458251953125 26.775279998779296875 26.849531173706054688 27.261199951171875 29.446645736694335938 31.959947586059570312 32.516590118408203125 30.847240447998046875 29.029016494750976562 29.23995208740234375 26.876461029052734375 20.057710647583007812 14.137872695922851562 9.5901737213134765625 7.8121838569641113281 10.637569427490234375 8.5386257171630859375 7.8190770149230957031 11.213750839233398438 13.702012062072753906 16.385499954223632812 16.766002655029296875 15.386837005615234375 16.469728469848632812
22.370288848876953125 18.185369491577148438 13.745255470275878906 14.369975090026855469 15.485994338989257812 16.73830413818359375 17.411470413208007812 13.859734535217285156 8.8161001205444335938 6.9489498138427734375 9.6653661727905273438 15.130015373229980469 22.291101455688476562 25.723224639892578125 26.639257431030273438 24.713237762451171875 23.429071426391601562 24.068952560424804688 24.423748016357421875 24.309383392333984375 25.9186553955078125 28.278524398803710938 29.485383987426757812 28.958093643188476562 27.980825424194335938 25.598651885986328125 20.121692657470703125 12.515645980834960938 7.0064725875854492188 6.6492505073547363281 5.5834155082702636719 7.0495257377624511719 8.647731781005859375 10.682638168334960938 12.179086685180664062 16.042318344116210938 18.2304229736328125 15.88617706298828125 15.615910530090332031 18.172550201416015625
17.671678543090820312 14.333298683166503906 11.089826583862304688 11.967992782592773438 13.640229225158691406 15.552659034729003906 16.350557327270507812 13.854619026184082031 8.345745086669921875 4.1458668708801269531 4.8861260414123535156 8.6526288986206054688 15.41780853271484375 19.854900360107421875 21.143697738647460938 21.255100250244140625 22.553365707397460938 23.811151504516601562 23.66002655029296875 23.014925003051757812 21.886159896850585938 20.588319778442382812 21.440793991088867188 23.69451141357421875 22.252685546875 16.272291183471679688 9.97113037109375 3.9828870296478271484 2.0774462223052978516 5.0387520790100097656 5.689655303955078125 9.0954256057739257812 13.072232246398925781 14.991108894348144531 14.785091400146484375 14.377093315124511719 14.434995651245117188 15.997945785522460938 18.8588104248046875 20.08100128173828125
15.055751800537109375 13.502744674682617188 11.913454055786132812 12.303983688354492188 13.809095382690429688 14.955102920532226562 16.032764434814453125 15.318866729736328125 10.181970596313476562 3.3814840316772460938 0.82607001066207885742 3.4508540630340576172 8.6117887496948242188 13.259431838989257812 16.671285629272460938 18.6606903076171875 19.890903472900390625 20.107191085815429688 19.4376068115234375 18.188230514526367188 16.496435165405273438 15.447583198547363281 14.6151275634765625 12.464801788330078125 9.814159393310546875 7.0444784164428710938 3.1322920322418212891 2.1951389312744140625 2.8890199661254882812 5.5996565818786621094 10.601531982421875 14.112985610961914062 15.105246543884277344 15.831707954406738281 17.425876617431640625 15.95265960693359375 14.667801856994628906 15.464960098266601562 17.131832122802734375 17.08697509765625
18.504146575927734375 16.2986297607421875 15.062844276428222656 15.382561683654785156 16.19345855712890625 16.91143035888671875 17.547191619873046875 17.601026535034179688 14.457812309265136719 8.813549041748046875 3.7694633007049560547 0.74213212728500366211 3.4916145801544189453 7.0321393013000488281 12.004777908325195312 14.620042800903320312 16.463529586791992188 16.994197845458984375 16.110103607177734375 14.395853042602539062 12.135191917419433594 10.316111564636230469 7.4411902427673339844 4.688934326171875 4.9761228561401367188 4.7708191871643066406 6.7998790740966796875 5.25469970703125 7.1536192893981933594 11.38016510009765625 12.690196037292480469 13.755992889404296875 15.029577255249023438 17.23260498046875 18.3949737548828125 20.301622390747070312 21.708932876586914062 16.34615325927734375 9.8815622329711914062 9.295444488525390625
19.668565750122070312 20.159601211547851562 20.193328857421875 20.239597320556640625 19.686859130859375 20.335840225219726562 20.583673477172851562 19.920026779174804688 17.929868698120117188 14.057385444641113281 10.05926513671875 4.9267168045043945312 0.41850906610488891602 3.37103271484375 6.4931950569152832031 10.150255203247070312 12.692167282104492188 12.9522705078125 11.368833541870117188 8.5540609359741210938 6.8705997467041015625 5.3319935798645019531 3.0259277820587158203 4.6760001182556152344 6.0385289192199707031 10.093649864196777344 10.673375129699707031 9.29523468017578125 12.240810394287109375 14.297769546508789062 15.807111740112304688 17.934051513671875 18.977483749389648438 20.65897369384765625 23.05506134033203125 26.971599578857421875 28.401163101196289062 29.353673934936523438 30.272108078002929688 27.85338592529296875
22.611791610717773438 24.31948089599609375 24.617336273193359375 24.03089141845703125 23.215663909912109375 23.647676467895507812 23.62481689453125 23.034320831298828125 21.768951416015625 17.943035125732421875 14.910134315490722656 10.860753059387207031 5.5329613685607910156 4.5186352729797363281 5.6681928634643554688 6.8574857711791992188 8.1307573318481445312 9.0500116348266601562 8.237823486328125 6.4586591720581054688 4.564968109130859375 1.5850896835327148438 5.4914541244506835938 7.3845438957214355469 11.80539703369140625 14.556126594543457031 10.895803451538085938 11.806529998779296875 15.61704254150390625 16.321994781494140625 17.650785446166992188 19.91176605224609375 21.500143051147460938 23.672954559326171875 26.096954345703125 23.993494033813476562 20.958219528198242188 24.374780654907226562 29.927320480346679688 29.640226364135742188
29.759561538696289062 28.08957672119140625 28.933156967163085938 29.604833602905273438 29.4720611572265625 29.2707061767578125 27.4256134033203125 25.898744583129882812 25.37689971923828125 21.24343109130859375 16.983182907104492188 14.45406341552734375 9.4763441085815429688 7.2418284416198730469 8.1986436843872070312 6.4372014999389648438 7.2387838363647460938 7.6505560874938964844 4.8603768348693847656 2.8952944278717041016 1.0146986246109008789 2.7363970279693603516 8.835468292236328125 11.195192337036132812 15.964223861694335938 15.253083229064941406 12.644881248474121094 16.6090087890625 19.66909027099609375 20.153964996337890625 21.240175247192382812 22.214412689208984375 23.811511993408203125 26.326013565063476562 23.32015228271484375 22.83557891845703125 27.972299575805664062 24.5526885986328125 15.245511054992675781 11.881608963012695312
30.327421188354492188 29.56235504150390625 29.43546295166015625 29.61328887939453125 29.447734832763671875 30.018518447875976562 28.65827178955078125 26.980817794799804688 27.312046051025390625 25.103101730346679688 20.62514495849609375 17.97901153564453125 13.085244178771972656 9.5566253662109375 10.399868965148925781 8.0452442169189453125 7.7480301856994628906 5.5445876121520996094 1.350275874137878418 2.6450762748718261719 2.7178671360015869141 5.1210107803344726562 11.544735908508300781 13.82785797119140625 17.013866424560546875 15.085790634155273438 15.581494331359863281 21.3006439208984375 23.324146270751953125 24.128078460693359375 26.654310226440429688 28.21533966064453125 28.8045501708984375 28.501392364501953125 27.914365768432617188 31.326120376586914062 32.440517425537109375 30.6421051025390625 26.645959854125976562 23.3834075927734375
26.001516342163085938 26.344570159912109375 25.968204498291015625 25.8719329833984375 26.368585586547851562 28.0897369384765625 28.921239852905273438 27.9711456298828125 27.285444259643554688 26.0643768310546875 23.291776657104492188 20.422000885009765625 16.527738571166992188 12.288950920104980469 11.499477386474609375 8.9338502883911132812 7.3616209030151367188 4.9075565338134765625 2.5946874618530273438 4.2206740379333496094 4.4259018898010253906 8.0292882919311523438 13.9282073974609375 16.557558059692382812 17.818218231201171875 17.175268173217773438 20.880460739135742188 25.950359344482421875 26.4515533447265625 27.18720245361328125 29.424358367919921875 31.506826400756835938 29.765285491943359375 27.776439666748046875 32.467716217041015625 33.05475616455078125 28.25409698486328125 29.069730758666992188 33.557086944580078125 33.0782623291015625
19.528146743774414062 20.860256195068359375 21.535844802856445312 23.106107711791992188 24.85613250732421875 25.78403472900390625 26.809795379638671875 28.098987579345703125 27.901952743530273438 26.47740936279296875 24.336505889892578125 21.891284942626953125 19.33400726318359375 14.367582321166992188 11.620145797729492188 8.8021488189697265625 6.776790618896484375 5.3579196929931640625 3.8114495277404785156 5.1844067573547363281 6.0497689247131347656 9.8636302947998046875 15.59366607666015625 18.658870697021484375 18.064935684204101562 20.119916915893554688 26.769437789916992188 28.736125946044921875 28.34810638427734375 29.795864105224609375 29.767375946044921875 29.811296463012695312 29.822790145874023438 31.395477294921875 30.961717605590820312 27.84253692626953125 29.812826156616210938 30.461240768432617188 32.718669891357421875 32.86499786376953125
11.904649734497070312 13.701993942260742188 14.749924659729003906 16.29454803466796875 18.87481689453125 20.641336441040039062 22.592790603637695312 25.594970703125 27.315893173217773438 27.307004928588867188 24.822744369506835938 22.760461807250976562 20.868572235107421875 15.1891937255859375 10.892919540405273438 8.4041242599487304688 6.2789311408996582031 4.82549285888671875 5.8707666397094726562 7.1444230079650878906 8.2515401840209960938 11.051455497741699219 16.8764190673828125 18.717037200927734375 16.88156890869140625 22.691883087158203125 28.423870086669921875 26.037227630615234375 25.206670761108398438 26.502771377563476562 24.603321075439453125 23.68999481201171875 23.897594451904296875 24.885564804077148438 24.57037353515625 24.963781356811523438 26.586549758911132812 26.585344314575195312 27.847887039184570312 30.568674087524414062
10.798608779907226562 11.452589035034179688 11.757468223571777344 12.24436187744140625 13.145391464233398438 14.974675178527832031 19.698522567749023438 24.699182510375976562 27.696468353271484375 28.549266815185546875 25.955789566040039062 23.625684738159179688 20.612730026245117188 14.410646438598632812 9.6110372543334960938 7.8050031661987304688 6.6726284027099609375 6.3536930084228515625 8.1925954818725585938 8.49124908447265625 9.7440843582153320312 12.020578384399414062 16.550996780395507812 16.290584564208984375 15.484482765197753906 24.141115188598632812 26.703121185302734375 22.792337417602539062 19.871030807495117188 17.83278656005859375 14.63567352294921875 13.806216239929199219 13.320034027099609375 9.460964202880859375 11.844058036804199219 13.869637489318847656 13.9211273193359375 16.30941009521484375 19.713922500610351562 23.92240142822265625
15.310746192932128906 16.166788101196289062 16.85799407958984375 17.155496597290039062 15.881662368774414062 14.669529914855957031 17.958343505859375 24.377729415893554688 29.314474105834960938 30.273862838745117188 26.5164031982421875 23.078113555908203125 19.167676925659179688 12.702891349792480469 8.1847620010375976562 6.6043529510498046875 6.3503770828247070312 7.0965361595153808594 8.2499523162841796875 9.0963430404663085938 10.179381370544433594 11.464966773986816406 13.5222320556640625 12.814197540283203125 15.199403762817382812 22.8732757568359375 24.226934432983398438 21.483087539672851562 18.326610565185546875 20.397844314575195312 22.3966827392578125 21.0577850341796875 19.640897750854492188 17.77495574951171875 18.175241470336914062 18.661128997802734375 16.434459686279296875 11.217825889587402344 9.025737762451171875 11.183791160583496094
24.589872360229492188 26.230169296264648438 27.74700927734375 28.24217987060546875 26.08266448974609375 22.558668136596679688 21.5875701904296875 25.2200164794921875 30.666307449340820312 31.5210113525390625 25.8409271240234375 20.390531539916992188 17.033138275146484375 11.129121780395507812 6.8761420249938964844 5.5300469398498535156 5.8868408203125 7.9498496055603027344 9.9476680755615234375 10.3094635009765625 9.35878753662109375 9.3370141983032226562 10.035888671875 10.436028480529785156 14.020046234130859375 19.469076156616210938 21.478639602661132812 22.793329238891601562 23.415340423583984375 26.139711380004882812 28.858318328857421875 29.000888824462890625 28.09490203857421875 23.615200042724609375 23.087368011474609375 24.981908798217773438 20.68712615966796875 17.685037612915039062 11.225079536437988281 5.0611019134521484375
33.65802764892578125 35.697505950927734375 36.814579010009765625 35.620532989501953125 32.4156036376953125 29.2271270751953125 28.051725387573242188 28.78495025634765625 31.416164398193359375 30.19033050537109375 22.054042816162109375 17.499118804931640625 14.55651092529296875 8.905857086181640625 6.2109556198120117188 5.137908935546875 7.8150124549865722656 9.78426361083984375 10.392836570739746094 8.9231195449829101562 7.2750253677368164062 7.339641571044921875 7.4000267982482910156 8.6599063873291015625 11.331268310546875 14.957238197326660156 18.115304946899414062 20.235355377197265625 23.135511398315429688 25.817731857299804688 28.293668746948242188 28.778535842895507812 31.708253860473632812 26.885736465454101562 23.427659988403320312 32.588291168212890625 27.410036087036132812 17.360937118530273438 15.409718513488769531 8.6511430740356445312
