wildfire/work/fuelmodels/1710/slope.asc
ncols        174
nrows        202
xllcorner    198565.000000000000
yllcorner    448145.000000000000
cellsize     5.000000000000
NODATA_value   -999
[rows 54 to 71 of 202, columns 80 to 119 of 174]
27.876850128173828125 30.2119293212890625 28.629362106323242188 20.0859832763671875 5.6415796279907226562 13.895296096801757812 22.585956573486328125 25.416936874389648438 25.57225799560546875 24.664775848388671875 24.246316909790039062 23.800197601318359375 21.579168319702148438 17.76845550537109375 13.211587905883789062 11.723593711853027344 11.333627700805664062 10.778153419494628906 10.922059059143066406 12.803877830505371094 15.57854461669921875 14.896262168884277344 10.314002037048339844 8.0013074874877929688 14.863045692443847656 23.380895614624023438 27.368030548095703125 29.151264190673828125 30.109821319580078125 28.376623153686523438 26.230642318725585938 23.268817901611328125 18.684160232543945312 16.121843338012695312 14.4766693115234375 12.090169906616210938 10.260718345642089844 10.263524055480957031 10.527103424072265625 11.047151565551757812
24.657115936279296875 28.883974075317382812 30.691707611083984375 28.462663650512695312 19.005373001098632812 4.0247631072998046875 9.1601934432983398438 17.26412200927734375 21.898685455322265625 22.920503616333007812 23.691232681274414062 24.26177215576171875 22.998294830322265625 21.837039947509765625 17.8491668701171875 13.950544357299804688 12.370891571044921875 11.223606109619140625 11.478631973266601562 13.231912612915039062 15.531248092651367188 14.324135780334472656 10.021181106567382812 9.418148040771484375 16.370351791381835938 22.505598068237304688 26.582769393920898438 29.552494049072265625 31.122449874877929688 29.453277587890625 26.898683547973632812 23.0953826904296875 17.512067794799804688 14.531106948852539062 12.780424118041992188 11.768834114074707031 11.716031074523925781 11.650835037231445312 11.502070426940917969 11.845198631286621094
20.067457199096679688 25.553058624267578125 28.545446395874023438 29.838518142700195312 28.274122238159179688 20.818614959716796875 11.412856101989746094 4.6571927070617675781 12.012355804443359375 17.82189178466796875 21.042209625244140625 22.886493682861328125 21.911403656005859375 22.228925704956054688 20.831632614135742188 15.644656181335449219 12.479198455810546875 10.416913032531738281 10.197811126708984375 13.066201210021972656 15.204037666320800781 13.269625663757324219 8.5698146820068359375 9.8904199600219726562 17.173879623413085938 21.773332595825195312 26.269519805908203125 30.405607223510742188 32.37580108642578125 29.565019607543945312 26.484327316284179688 22.276462554931640625 17.014310836791992188 13.752552986145019531 12.520247459411621094 11.892492294311523438 12.516490936279296875 12.39765167236328125 11.572012901306152344 11.287442207336425781
15.541275978088378906 20.103300094604492188 24.099843978881835938 25.755157470703125 27.118131637573242188 25.952718734741210938 21.764749526977539062 14.786065101623535156 5.3259549140930175781 9.582752227783203125 14.335421562194824219 17.11605072021484375 16.829900741577148438 16.57823944091796875 17.679922103881835938 14.538140296936035156 9.8810625076293945312 8.636341094970703125 10.20049285888671875 12.802486419677734375 13.131505012512207031 10.778864860534667969 7.3878068923950195312 11.225799560546875 18.83150482177734375 23.573581695556640625 27.161462783813476562 30.421966552734375 31.976461410522460938 28.743330001831054688 25.324716567993164062 20.964437484741210938 16.379718780517578125 13.597620010375976562 12.757158279418945312 12.345959663391113281 12.037457466125488281 11.905874252319335938 11.698057174682617188 11.006489753723144531
13.086862564086914062 15.539910316467285156 18.8130035400390625 21.040462493896484375 22.5893707275390625 24.328561782836914062 24.188383102416992188 23.28253936767578125 17.369951248168945312 6.7216253280639648438 6.9335417747497558594 11.461710929870605469 14.677832603454589844 15.57918548583984375 17.740846633911132812 17.922891616821289062 13.444162368774414062 11.392335891723632812 12.970469474792480469 14.016238212585449219 13.052184104919433594 10.039052009582519531 6.8890628814697265625 10.816084861755371094 21.13947296142578125 27.428213119506835938 28.143445968627929688 29.037586212158203125 29.355304718017578125 27.495815277099609375 24.37979888916015625 18.587232589721679688 16.0525665283203125 15.116603851318359375 14.204857826232910156 13.549351692199707031 12.771332740783691406 12.410083770751953125 12.15056610107421875 11.59188079833984375
11.174611091613769531 12.12834930419921875 14.054736137390136719 17.649591445922851562 20.506784439086914062 23.559970855712890625 24.721269607543945312 26.08420562744140625 26.126850128173828125 16.0193023681640625 4.7259993553161621094 6.8266592025756835938 12.506848335266113281 15.984827041625976562 18.926342010498046875 21.287761688232421875 19.889616012573242188 16.512109756469726562 15.276836395263671875 14.073443412780761719 12.45540618896484375 8.9644403457641601562 5.1460585594177246094 11.438871383666992188 23.588750839233398438 30.540838241577148438 28.86647796630859375 27.819375991821289062 27.371135711669921875 24.156055450439453125 21.262821197509765625 17.62538909912109375 15.754225730895996094 15.301763534545898438 14.744976043701171875 13.766290664672851562 13.251429557800292969 12.867136955261230469 12.160696983337402344 11.459252357482910156
9.2780370712280273438 9.7893724441528320312 11.304410934448242188 14.345295906066894531 16.568553924560546875 19.635868072509765625 22.46450042724609375 25.205606460571289062 28.720611572265625 24.850704193115234375 14.15146636962890625 5.036041259765625 8.16027069091796875 11.25045013427734375 13.994070053100585938 16.804830551147460938 18.202367782592773438 16.338962554931640625 14.919149398803710938 13.263838768005371094 10.473032951354980469 6.1448307037353515625 5.7884545326232910156 13.886362075805664062 26.266618728637695312 31.86872100830078125 28.302770614624023438 26.408233642578125 25.012361526489257812 20.050384521484375 16.769670486450195312 16.60175323486328125 15.593676567077636719 14.621329307556152344 14.76999664306640625 13.682672500610351562 12.619223594665527344 11.945780754089355469 11.418935775756835938 11.037950515747070312
7.8567371368408203125 8.597469329833984375 10.076442718505859375 11.417538642883300781 13.572383880615234375 16.717901229858398438 20.0133514404296875 23.4061279296875 27.906923294067382812 29.32138824462890625 24.39102935791015625 14.288016319274902344 3.5896382331848144531 6.2655324935913085938 10.235415458679199219 12.598175048828125 14.091753959655761719 14.087365150451660156 13.519273757934570312 12.283536911010742188 9.6446132659912109375 6.7272443771362304688 9.3691778182983398438 17.072053909301757812 28.98724365234375 31.248590469360351562 27.103729248046875 24.911623001098632812 21.187091827392578125 16.747571945190429688 13.652743339538574219 15.274399757385253906 16.620309829711914062 15.414290428161621094 14.588624954223632812 13.2276458740234375 11.326548576354980469 10.669162750244140625 10.559474945068359375 10.556283950805664062
6.3915934562683105469 6.2107148170471191406 8.9760293960571289062 9.542339324951171875 10.658068656921386719 14.691655158996582031 17.685811996459960938 20.017620086669921875 24.346099853515625 28.590448379516601562 29.325963973999023438 23.212799072265625 11.774111747741699219 4.5153031349182128906 8.2040147781372070312 10.717581748962402344 12.129316329956054688 12.92075347900390625 11.097479820251464844 8.502384185791015625 6.9408416748046875 8.752765655517578125 14.566098213195800781 21.966814041137695312 29.593389511108398438 30.415674209594726562 26.237512588500976562 21.751775741577148438 16.88671112060546875 13.469736099243164062 11.874715805053710938 13.5179901123046875 16.024538040161132812 16.455692291259765625 15.037602424621582031 13.334094047546386719 10.598021507263183594 9.7761478424072265625 10.681085586547851562 10.987242698669433594
6.1829619407653808594 3.6638882160186767578 6.8889875411987304688 8.8147382736206054688 8.0340967178344726562 11.162898063659667969 14.877436637878417969 17.126743316650390625 20.316377639770507812 25.310077667236328125 29.869537353515625 27.776416778564453125 19.402797698974609375 8.4916143417358398438 4.8654432296752929688 8.4002485275268554688 10.628908157348632812 11.259517669677734375 9.428737640380859375 5.8590865135192871094 6.2133054733276367188 12.992488861083984375 20.554971694946289062 26.441404342651367188 29.751893997192382812 29.0619659423828125 23.082296371459960938 16.956590652465820312 12.889151573181152344 11.8782806396484375 13.113322257995605469 13.97894287109375 14.736499786376953125 15.099195480346679688 14.13800048828125 13.850148200988769531 12.114783287048339844 10.468292236328125 10.458025932312011719 10.451992988586425781
5.6133794784545898438 3.0820262432098388672 5.29863739013671875 8.1307430267333984375 7.1714053153991699219 8.4610996246337890625 11.89556121826171875 14.911983489990234375 17.399831771850585938 21.748392105102539062 28.61118316650390625 29.900751113891601562 23.927700042724609375 13.1601715087890625 3.72296142578125 4.5908651351928710938 5.42353057861328125 6.7168402671813964844 7.4901056289672851562 7.064197540283203125 11.161294937133789062 18.11023712158203125 24.938152313232421875 28.89615631103515625 29.162179946899414062 24.394414901733398438 17.070484161376953125 12.522189140319824219 11.279842376708984375 12.628649711608886719 14.377240180969238281 14.7665557861328125 14.831945419311523438 15.050846099853515625 13.455007553100585938 12.77016448974609375 11.576107978820800781 9.9690847396850585938 9.619037628173828125 9.5756931304931640625
5.0235881805419921875 3.8298101425170898438 4.9525723457336425781 6.6950464248657226562 6.3173518180847167969 6.9323906898498535156 9.5702371597290039062 12.570888519287109375 15.360728263854980469 20.796895980834960938 27.840200424194335938 30.23247528076171875 27.064180374145507812 17.120210647583007812 5.7333927154541015625 3.4539401531219482422 2.8486535549163818359 5.5107870101928710938 7.0987257957458496094 11.029852867126464844 17.606004714965820312 22.016138076782226562 27.160898208618164062 28.365385055541992188 24.519762039184570312 17.53659820556640625 11.5959625244140625 10.109066963195800781 12.284665107727050781 15.774950027465820312 17.21681976318359375 16.797571182250976562 16.663442611694335938 16.712924957275390625 13.666943550109863281 11.733256340026855469 10.679285049438476562 8.2305269241333007812 7.6597347259521484375 7.7635488510131835938
5.447422027587890625 4.7546238899230957031 4.905391693115234375 5.7228484153747558594 5.6527400016784667969 6.1448373794555664062 8.279811859130859375 10.817903518676757812 13.679411888122558594 20.819896697998046875 27.922002792358398438 30.50093841552734375 29.135946273803710938 19.94420623779296875 6.7927870750427246094 3.910335540771484375 3.7120912075042724609 7.5428881645202636719 10.413147926330566406 16.155017852783203125 21.857481002807617188 22.661260604858398438 25.396612167358398438 24.00366973876953125 17.66883087158203125 13.205410957336425781 11.843312263488769531 12.890026092529296875 16.516687393188476562 19.43677520751953125 19.66742706298828125 19.168561935424804688 18.272695541381835938 17.919008255004882812 14.231068611145019531 10.771686553955078125 10.241046905517578125 8.8304996490478515625 8.3284578323364257812 8.0616044998168945312
6.0810284614562988281 5.7981777191162109375 5.8212332725524902344 6.4964556694030761719 6.7466225624084472656 7.3534960746765136719 8.5676355361938476562 9.7520818710327148438 12.920140266418457031 20.473180770874023438 28.836385726928710938 31.946123123168945312 29.644895553588867188 20.812953948974609375 7.3597707748413085938 3.1793956756591796875 4.6125669479370117188 10.316887855529785156 14.509668350219726562 19.738653182983398438 22.027002334594726562 19.649190902709960938 20.188093185424804688 18.719556808471679688 14.170102119445800781 13.39893341064453125 15.746827125549316406 18.08997344970703125 20.520181655883789062 20.325351715087890625 19.908628463745117188 20.945301055908203125 20.367176055908203125 18.825286865234375 14.986163139343261719 10.209868431091308594 8.386249542236328125 7.8354535102844238281 8.689258575439453125 9.4282884597778320312
7.3696260452270507812 7.6618566513061523438 7.4816594123840332031 8.5367145538330078125 9.0469655990600585938 8.2250156402587890625 9.3982601165771484375 10.252158164978027344 13.65888214111328125 21.44002532958984375 28.538347244262695312 31.985506057739257812 29.603307723999023438 20.480943679809570312 7.9326262474060058594 3.8859767913818359375 8.597850799560546875 13.419162750244140625 16.783857345581054688 19.621145248413085938 19.2578887939453125 16.876190185546875 14.651292800903320312 14.513105392456054688 15.369111061096191406 16.398868560791015625 19.454875946044921875 21.216356277465820312 20.551080703735351562 17.776197433471679688 18.042362213134765625 20.843835830688476562 21.376058578491210938 18.56464385986328125 13.992086410522460938 9.3081521987915039062 7.0677332878112792969 6.2603220939636230469 6.7159595489501953125 7.4550690650939941406
9.3918256759643554688 10.246875762939453125 11.371109962463378906 12.700604438781738281 11.752101898193359375 10.470446586608886719 11.612133979797363281 12.051144599914550781 15.4126434326171875 22.284320831298828125 26.178419113159179688 30.447015762329101562 29.709753036499023438 20.017984390258789062 8.1676273345947265625 4.3046164512634277344 12.032782554626464844 14.376317977905273438 16.025762557983398438 16.796304702758789062 16.407224655151367188 16.296924591064453125 13.219986915588378906 14.780325889587402344 18.463932037353515625 20.740673065185546875 21.722766876220703125 21.211864471435546875 18.11579132080078125 13.442462921142578125 16.750337600708007812 21.394886016845703125 22.39723968505859375 18.61342620849609375 12.633986473083496094 7.7895836830139160156 5.3172259330749511719 4.8253903388977050781 4.8654422760009765625 5.1809911727905273438
12.289554595947265625 14.349596977233886719 16.204023361206054688 16.207843780517578125 14.919830322265625 14.723778724670410156 15.662043571472167969 16.46057891845703125 17.95220947265625 21.197032928466796875 24.98343658447265625 28.555013656616210938 28.401165008544921875 20.293893814086914062 7.6233763694763183594 4.9910006523132324219 12.47796630859375 14.826895713806152344 15.623016357421875 14.99147796630859375 16.338104248046875 17.6255035400390625 16.265039443969726562 17.738554000854492188 20.36800384521484375 21.454179763793945312 20.068731307983398438 17.080656051635742188 13.068805694580078125 13.240640640258789062 20.380056381225585938 23.524572372436523438 22.781690597534179688 17.48016357421875 10.775284767150878906 6.291339874267578125 2.9597136974334716797 3.4173266887664794922 4.0920457839965820312 4.721851348876953125
15.808160781860351562 18.260187149047851562 18.894639968872070312 18.655521392822265625 18.986677169799804688 20.007780075073242188 21.469469070434570312 21.689344406127929688 20.763095855712890625 21.537677764892578125 25.237779617309570312 27.48996734619140625 26.536558151245117188 19.717519760131835938 7.5482115745544433594 6.0071210861206054688 11.899994850158691406 15.988640785217285156 18.158948898315429688 15.2091064453125 15.591642379760742188 18.340833663940429688 19.63226318359375 22.21807861328125 23.54639434814453125 22.482580184936523438 18.719699859619140625 13.995714187622070312 13.363102912902832031 19.92537689208984375 25.947549819946289062 25.564161300659179688 22.1157379150390625 15.731503486633300781 8.7810993194580078125 4.8603563308715820312 1.2920507192611694336 2.7527842521667480469 3.8293023109436035156 5.5887708663940429688
