wildfire/work/fuelmodels/1710/slope.asc
ncols        174
nrows        202
xllcorner    198565.000000000000
yllcorner    448145.000000000000
cellsize     5.000000000000
NODATA_value   -999
[rows 108 to 125 of 202, columns 40 to 79 of 174]
11.951663017272949219 11.496409416198730469 13.351191520690917969 14.081897735595703125 14.91748046875 20.048433303833007812 23.943037033081054688 30.706518173217773438 29.041116714477539062 25.69393157958984375 23.998029708862304688 10.080387115478515625 3.1081628799438476562 3.0184018611907958984 5.7015905380249023438 5.9004163742065429688 4.1323161125183105469 3.8119878768920898438 7.1766538619995117188 12.535841941833496094 13.888959884643554688 12.348524093627929688 16.630435943603515625 19.647069931030273438 20.723680496215820312 23.37767791748046875 25.263935089111328125 28.7544097900390625 31.918140411376953125 32.05225372314453125 27.469562530517578125 21.450780868530273438 16.498043060302734375 9.6333189010620117188 5.2679963111877441406 4.7651309967041015625 4.8735413551330566406 4.7406034469604492188 5.6578931808471679688 6.4430627822875976562
11.541811943054199219 12.037181854248046875 12.865489006042480469 10.958346366882324219 11.525829315185546875 16.012042999267578125 20.265005111694335938 27.374370574951171875 26.51287078857421875 22.417695999145507812 25.093221664428710938 19.56217193603515625 6.4496088027954101562 4.0053853988647460938 4.9287667274475097656 5.67121124267578125 4.0213575363159179688 2.89530181884765625 3.9420964717864990234 8.7062168121337890625 14.669049263000488281 18.86267852783203125 24.13503265380859375 28.467939376831054688 29.877719879150390625 30.388994216918945312 30.02046966552734375 30.507490158081054688 31.404371261596679688 30.057483673095703125 24.858324050903320312 19.180089950561523438 14.885669708251953125 8.850513458251953125 6.2090353965759277344 6.3363652229309082031 6.4776072502136230469 7.4752964973449707031 8.9532299041748046875 9.8297672271728515625
11.326019287109375 11.609743118286132812 11.452737808227539062 11.529145240783691406 11.404722213745117188 12.538570404052734375 17.0548858642578125 25.26387786865234375 26.115137100219726562 20.721464157104492188 21.887166976928710938 24.1303253173828125 12.267321586608886719 3.2637798786163330078 2.3381862640380859375 3.2331490516662597656 4.48378753662109375 4.224140167236328125 4.6264338493347167969 8.2902088165283203125 17.921825408935546875 25.115070343017578125 28.9835205078125 32.632171630859375 32.45130157470703125 31.840808868408203125 31.705600738525390625 30.118885040283203125 28.688035964965820312 26.192066192626953125 21.243314743041992188 17.1164093017578125 13.513199806213378906 8.3446893692016601562 6.56949615478515625 6.9449262619018554688 7.8687481880187988281 9.6550760269165039062 10.69043731689453125 11.06433868408203125
11.358188629150390625 11.382594108581542969 11.270886421203613281 13.112122535705566406 12.135191917419433594 11.9420623779296875 15.199076652526855469 21.895662307739257812 24.419195175170898438 21.72557830810546875 22.0804595947265625 24.822240829467773438 15.934002876281738281 1.9624841213226318359 1.8444845676422119141 3.3004386425018310547 6.069122314453125 7.2567820549011230469 6.8630633354187011719 11.03775787353515625 21.827083587646484375 28.543880462646484375 32.50150299072265625 34.324535369873046875 32.378326416015625 31.132257461547851562 30.002176284790039062 27.48500823974609375 25.72251129150390625 22.71276092529296875 18.468271255493164062 16.2998199462890625 12.483945846557617188 7.1179370880126953125 5.3924937248229980469 6.4750471115112304688 8.38784027099609375 10.283499717712402344 11.937836647033691406 13.320824623107910156
11.794450759887695312 11.770090103149414062 11.558977127075195312 13.396773338317871094 12.904270172119140625 12.694260597229003906 14.992255210876464844 19.453220367431640625 21.800649642944335938 22.21625518798828125 23.5270843505859375 23.924619674682617188 17.09809112548828125 4.0944066047668457031 4.09748077392578125 5.3958630561828613281 5.3606443405151367188 6.5440216064453125 8.15628814697265625 14.886280059814453125 24.78459930419921875 30.929925918579101562 34.60756683349609375 35.637538909912109375 35.626190185546875 33.89485931396484375 28.672037124633789062 24.262195587158203125 22.508390426635742188 19.576955795288085938 15.848844528198242188 14.307600021362304688 10.826153755187988281 6.629848480224609375 5.6398983001708984375 6.2997369766235351562 7.5555481910705566406 9.9305219650268554688 12.646006584167480469 13.065682411193847656
11.640623092651367188 11.291534423828125 10.837872505187988281 13.126404762268066406 13.420050621032714844 12.997179985046386719 15.331686019897460938 18.531764984130859375 20.894544601440429688 22.654481887817382812 23.903139114379882812 23.88727569580078125 16.788454055786132812 5.2052555084228515625 4.4039459228515625 3.9538519382476806641 2.0203981399536132812 2.2969291210174560547 7.4154691696166992188 17.261425018310546875 26.418565750122070312 32.9425506591796875 36.882045745849609375 37.92081451416015625 38.5318756103515625 35.21695709228515625 27.589031219482421875 21.925128936767578125 18.41290283203125 14.973070144653320312 11.496244430541992188 10.6797027587890625 9.0833187103271484375 6.3932213783264160156 5.6946454048156738281 4.8777599334716796875 6.5482048988342285156 10.006999015808105469 11.317496299743652344 8.9818639755249023438
11.855740547180175781 11.251065254211425781 11.987810134887695312 13.616282463073730469 14.165117263793945312 14.965025901794433594 16.349010467529296875 18.524438858032226562 20.85147857666015625 22.37933349609375 23.776842117309570312 22.669528961181640625 15.416535377502441406 6.3870043754577636719 4.0752363204956054688 2.9485871791839599609 2.8777990341186523438 2.9203493595123291016 7.0506825447082519531 19.848104476928710938 26.637269973754882812 32.928066253662109375 38.08054351806640625 39.793407440185546875 40.05922698974609375 35.80408477783203125 26.873046875 18.386196136474609375 12.845038414001464844 9.7042789459228515625 7.3838205337524414062 7.6422328948974609375 7.5013360977172851562 5.6529803276062011719 5.1851940155029296875 4.8232932090759277344 7.0384898185729980469 10.04991912841796875 9.5299234390258789062 7.3709444999694824219
13.047821998596191406 12.392687797546386719 13.064101219177246094 13.205331802368164062 14.268342018127441406 15.602863311767578125 15.848685264587402344 17.885984420776367188 20.10842132568359375 22.68524932861328125 23.3578643798828125 20.697002410888671875 16.128664016723632812 7.2429399490356445312 3.2029960155487060547 3.6615495681762695312 4.3400101661682128906 4.3909888267517089844 9.5117015838623046875 23.283536911010742188 27.422758102416992188 32.35216522216796875 37.0545196533203125 39.455638885498046875 40.569858551025390625 37.24930572509765625 28.180276870727539062 16.559566497802734375 8.7525482177734375 5.5853252410888671875 4.3002886772155761719 5.5424404144287109375 6.4353160858154296875 5.6884932518005371094 5.622287750244140625 6.5808033943176269531 8.2332544326782226562 9.4432163238525390625 9.2605075836181640625 8.5307054519653320312
12.467818260192871094 12.109674453735351562 12.294952392578125 12.661418914794921875 14.234061241149902344 15.526072502136230469 17.260065078735351562 19.031824111938476562 21.213403701782226562 24.017862319946289062 22.464170455932617188 20.848806381225585938 16.811758041381835938 6.5277223587036132812 4.2145853042602539062 5.0604076385498046875 3.8542649745941162109 2.4227399826049804688 11.309004783630371094 25.934427261352539062 28.830852508544921875 32.296123504638671875 35.765380859375 38.58583831787109375 39.907741546630859375 37.21416473388671875 28.789987564086914062 16.748933792114257812 8.2126111984252929688 4.2947750091552734375 3.1011486053466796875 4.923069000244140625 6.6627569198608398438 6.1369423866271972656 6.0895681381225585938 8.0050640106201171875 9.798580169677734375 11.060769081115722656 11.432957649230957031 10.746562004089355469
11.343829154968261719 12.34784698486328125 12.35898590087890625 12.770093917846679688 14.63036346435546875 15.826139450073242188 18.852031707763671875 20.048692703247070312 21.924276351928710938 23.09717559814453125 21.387193679809570312 20.962900161743164062 15.091746330261230469 6.2725977897644042969 5.7008891105651855469 4.8623504638671875 3.5987877845764160156 3.5085132122039794922 14.019861221313476562 26.484365463256835938 29.261688232421875 33.116329193115234375 36.408557891845703125 38.967350006103515625 39.0157928466796875 36.346157073974609375 28.20449066162109375 16.50142669677734375 8.0107440948486328125 3.3734364509582519531 1.8359208106994628906 3.3750581741333007812 6.1040787696838378906 6.661834716796875 6.6711177825927734375 8.0536346435546875 9.3531827926635742188 10.684888839721679688 11.475421905517578125 11.524008750915527344
10.61994171142578125 12.549647331237792969 11.356433868408203125 11.427947998046875 14.035511970520019531 15.286363601684570312 19.13135528564453125 21.290933609008789062 23.329198837280273438 23.339990615844726562 20.454380035400390625 19.188924789428710938 11.88718414306640625 3.3077480792999267578 3.3019344806671142578 2.9132173061370849609 4.1176352500915527344 6.9955759048461914062 16.828004837036132812 25.282155990600585938 29.460493087768554688 34.643573760986328125 37.756366729736328125 39.095417022705078125 38.38568878173828125 36.216796875 27.906024932861328125 15.751929283142089844 6.8992834091186523438 2.3742392063140869141 0.52188712358474731445 1.4416258335113525391 4.2034025192260742188 6.1873393058776855469 6.8111400604248046875 7.7599306106567382812 8.6677379608154296875 9.3369884490966796875 9.6020526885986328125 9.8054056167602539062
10.457751274108886719 10.808362007141113281 10.704609870910644531 11.944384574890136719 14.426923751831054688 16.613939285278320312 20.724422454833984375 23.811283111572265625 25.4095001220703125 23.307310104370117188 17.679533004760742188 17.090587615966796875 10.182405471801757812 3.2012295722961425781 2.4943349361419677734 2.1551218032836914062 4.9666929244995117188 9.59517669677734375 18.832103729248046875 25.881261825561523438 31.541225433349609375 36.568683624267578125 39.026996612548828125 38.9264068603515625 37.65622711181640625 35.656589508056640625 27.63239288330078125 15.079178810119628906 6.6660070419311523438 3.2199606895446777344 1.3363034725189208984 1.3423717021942138672 2.5257623195648193359 4.8052811622619628906 6.9603872299194335938 8.5270700454711914062 9.886829376220703125 10.856812477111816406 10.852067947387695312 9.9338350296020507812
11.854906082153320312 10.860746383666992188 12.142679214477539062 14.0377044677734375 15.106204032897949219 18.453937530517578125 22.738521575927734375 25.211359024047851562 25.176456451416015625 21.972875595092773438 16.383966445922851562 15.671283721923828125 9.022640228271484375 4.5785479545593261719 2.9963974952697753906 2.4743797779083251953 5.5249457359313964844 12.475767135620117188 21.282903671264648438 28.5812835693359375 34.44976806640625 37.739856719970703125 39.5941162109375 39.02606201171875 37.619106292724609375 34.827423095703125 26.96123504638671875 14.821990013122558594 5.9485044479370117188 4.2806496620178222656 3.4807429313659667969 2.60343170166015625 2.4429111480712890625 4.2479658126831054688 6.4279818534851074219 7.8696990013122558594 8.9361104965209960938 10.567976951599121094 11.628378868103027344 10.31401824951171875
12.238438606262207031 11.984376907348632812 12.651860237121582031 13.958751678466796875 15.073909759521484375 18.731845855712890625 24.252832412719726562 26.136905670166015625 24.06623077392578125 21.213153839111328125 16.975187301635742188 12.929749488830566406 5.5111780166625976562 2.6477518081665039062 3.2401463985443115234 3.4455728530883789062 6.992763519287109375 16.5743865966796875 24.1881103515625 31.74161529541015625 36.825496673583984375 38.876712799072265625 39.98117828369140625 39.5955657958984375 38.38124847412109375 33.703174591064453125 24.607452392578125 13.662340164184570312 5.741390228271484375 5.9424281120300292969 5.9039278030395507812 4.5729126930236816406 4.6659345626831054688 5.8421850204467773438 5.9172596931457519531 6.9592738151550292969 7.9683542251586914062 8.7972011566162109375 10.065309524536132812 10.061024665832519531
11.900536537170410156 12.493380546569824219 12.298472404479980469 13.713977813720703125 15.733168601989746094 20.74514007568359375 26.980566024780273438 27.178636550903320312 22.919790267944335938 19.343809127807617188 15.552671432495117188 8.8789243698120117188 3.2337613105773925781 2.4528100490570068359 3.3360540866851806641 3.6361954212188720703 10.728300094604492188 22.501520156860351562 29.4504547119140625 36.721828460693359375 39.77301788330078125 41.0823211669921875 41.1146392822265625 39.79593658447265625 37.549900054931640625 31.119970321655273438 21.207414627075195312 11.316569328308105469 4.8153443336486816406 6.8534550666809082031 7.8662142753601074219 7.03058624267578125 7.0927066802978515625 6.6369948387145996094 6.3870120048522949219 7.3116040229797363281 8.2591705322265625 8.55773162841796875 9.6975355148315429688 10.947895050048828125
12.269664764404296875 12.316813468933105469 13.702840805053710938 15.633874893188476562 18.46701812744140625 24.718463897705078125 28.4935302734375 26.938318252563476562 22.519674301147460938 18.226207733154296875 13.539752006530761719 5.8611273765563964844 2.8360216617584228516 2.8946070671081542969 2.8429822921752929688 4.607196807861328125 15.453119277954101562 27.458951950073242188 33.68326568603515625 39.031131744384765625 40.939861297607421875 42.1770782470703125 41.5377349853515625 38.7090301513671875 35.298671722412109375 29.514520645141601562 19.3349609375 8.7641763687133789062 2.9583384990692138672 7.5279664993286132812 9.4473028182983398438 9.0289249420166015625 8.45794677734375 7.23490142822265625 6.5808076858520507812 6.9234957695007324219 8.3347902297973632812 10.000041007995605469 11.068257331848144531 12.064271926879882812
13.02561187744140625 11.916319847106933594 14.344912528991699219 16.797483444213867188 20.24166107177734375 25.677394866943359375 27.3414764404296875 25.354536056518554688 21.04437255859375 16.186624526977539062 10.052442550659179688 3.9599912166595458984 3.0304331779479980469 2.6328146457672119141 1.2743026018142700195 8.2984209060668945312 20.9044647216796875 31.292688369750976562 36.45899200439453125 39.711566925048828125 41.703968048095703125 42.257137298583984375 40.638828277587890625 37.2996673583984375 33.40831756591796875 27.63474273681640625 15.623551368713378906 5.5956573486328125 3.2981250286102294922 8.2989521026611328125 10.605024337768554688 10.719927787780761719 9.6397809982299804688 8.2631120681762695312 6.2403626441955566406 6.4365139007568359375 8.1676425933837890625 9.8871107101440429688 11.300622940063476562 12.830414772033691406
12.492827415466308594 11.672339439392089844 14.097482681274414062 17.37848663330078125 21.16455841064453125 25.52655029296875 26.04543304443359375 24.2476654052734375 19.973724365234375 14.507370948791503906 6.8153963088989257812 2.6154613494873046875 1.6937412023544311523 1.6874520778656005859 2.9906282424926757812 11.958739280700683594 25.618221282958984375 34.051727294921875 37.54345703125 40.200893402099609375 42.81160736083984375 42.21337890625 39.62650299072265625 35.746791839599609375 30.42560577392578125 22.831750869750976562 10.015958786010742188 3.9413545131683349609 4.4235291481018066406 9.5142049789428710938 11.712313652038574219 12.347384452819824219 10.950905799865722656 8.7133769989013671875 6.902393341064453125 6.4791707992553710938 7.0624232292175292969 7.8825092315673828125 9.5972375869750976562 11.998862266540527344
