wildfire/work/fuelmodels/1768/ahn1.asc
ncols        196
nrows        168
xllcorner    177175.000000000000
yllcorner    445250.000000000000
cellsize     5.000000000000
NODATA_value   -999
[rows 0 to 18 of 168, columns 82 to 122 of 196]
31 30.899999618530273438 30.75 30.620000839233398438 30.479999542236328125 30.340000152587890625 30.229999542236328125 30.020000457763671875 29.909999847412109375 29.70999908447265625 29.520000457763671875 29.350000381469726562 29.219999313354492188 29.049999237060546875 28.899999618530273438 28.729999542236328125 28.649999618530273438 28.510000228881835938 28.399999618530273438 28.20999908447265625 28.1399993896484375 28.020000457763671875 27.850000381469726562 27.670000076293945312 27.45999908447265625 27.450000762939453125 27.260000228881835938 27.190000534057617188 27.079999923706054688 27.010000228881835938 26.870000839233398438 26.700000762939453125 26.6399993896484375 26.649999618530273438 26.659999847412109375 26.370000839233398438 26.239999771118164062 26.159999847412109375 26.010000228881835938 25.81999969482421875 25.79000091552734375
30.79000091552734375 30.690000534057617188 30.659999847412109375 30.6399993896484375 30.399999618530273438 30.129999160766601562 30.010000228881835938 29.770000457763671875 29.8600006103515625 29.530000686645507812 29.379999160766601562 29.25 29.059999465942382812 28.899999618530273438 28.760000228881835938 28.649999618530273438 28.5 28.409999847412109375 28.270000457763671875 28.18000030517578125 28.04000091552734375 27.950000762939453125 27.760000228881835938 27.6100006103515625 27.479999542236328125 27.440000534057617188 27.440000534057617188 27.280000686645507812 27.1100006103515625 27.020000457763671875 26.8600006103515625 26.739999771118164062 26.729999542236328125 26.68000030517578125 26.579999923706054688 26.379999160766601562 26.399999618530273438 26.309999465942382812 26.1399993896484375 26.059999465942382812 25.979999542236328125
30.840000152587890625 30.56999969482421875 30.43000030517578125 30.350000381469726562 30.219999313354492188 30.049999237060546875 29.8600006103515625 29.700000762939453125 29.700000762939453125 29.54000091552734375 29.370000839233398438 29.299999237060546875 29.030000686645507812 28.879999160766601562 28.700000762939453125 28.629999160766601562 28.54000091552734375 28.379999160766601562 28.31999969482421875 28.159999847412109375 28.120000839233398438 27.989999771118164062 27.850000381469726562 27.700000762939453125 27.559999465942382812 27.45999908447265625 27.370000839233398438 27.299999237060546875 27.1100006103515625 27.049999237060546875 27.010000228881835938 26.93000030517578125 26.81999969482421875 26.690000534057617188 26.600000381469726562 26.440000534057617188 26.590000152587890625 26.559999465942382812 26.29000091552734375 26.18000030517578125 26.190000534057617188
30.530000686645507812 30.489999771118164062 30.420000076293945312 30.31999969482421875 30.059999465942382812 30.010000228881835938 30.059999465942382812 29.93000030517578125 29.690000534057617188 29.719999313354492188 29.530000686645507812 29.440000534057617188 29.350000381469726562 28.899999618530273438 28.850000381469726562 28.620000839233398438 28.590000152587890625 28.479999542236328125 28.43000030517578125 28.280000686645507812 28.190000534057617188 28.06999969482421875 27.8899993896484375 27.770000457763671875 27.700000762939453125 27.54000091552734375 27.469999313354492188 27.370000839233398438 27.25 27.159999847412109375 27.120000839233398438 26.989999771118164062 26.940000534057617188 26.8600006103515625 26.739999771118164062 26.559999465942382812 26.629999160766601562 26.590000152587890625 26.31999969482421875 26.190000534057617188 26.129999160766601562
30.510000228881835938 30.489999771118164062 30.469999313354492188 30.340000152587890625 30.280000686645507812 30.159999847412109375 30.54000091552734375 30.379999160766601562 30.010000228881835938 29.829999923706054688 29.6399993896484375 29.6100006103515625 29.3600006103515625 29.25 29.030000686645507812 28.850000381469726562 28.670000076293945312 28.829999923706054688 28.629999160766601562 28.489999771118164062 28.450000762939453125 28.170000076293945312 28.1100006103515625 27.95999908447265625 27.719999313354492188 27.68000030517578125 27.700000762939453125 27.43000030517578125 27.45999908447265625 27.370000839233398438 27.280000686645507812 27.200000762939453125 27.200000762939453125 27.149999618530273438 26.93000030517578125 26.649999618530273438 26.729999542236328125 26.45999908447265625 26.31999969482421875 26.149999618530273438 26.1399993896484375
30.6399993896484375 30.54000091552734375 30.590000152587890625 30.409999847412109375 30.68000030517578125 30.45999908447265625 30.270000457763671875 30.18000030517578125 30.079999923706054688 30.030000686645507812 30.010000228881835938 29.6399993896484375 29.510000228881835938 29.200000762939453125 29.030000686645507812 29.059999465942382812 28.979999542236328125 29.120000839233398438 29.129999160766601562 28.579999923706054688 28.45999908447265625 28.229999542236328125 28.149999618530273438 27.920000076293945312 27.81999969482421875 27.760000228881835938 27.649999618530273438 27.649999618530273438 27.520000457763671875 27.510000228881835938 27.370000839233398438 27.420000076293945312 27.45999908447265625 27.329999923706054688 26.989999771118164062 26.81999969482421875 26.719999313354492188 26.530000686645507812 26.299999237060546875 26.20999908447265625 26.190000534057617188
30.649999618530273438 30.649999618530273438 30.590000152587890625 30.590000152587890625 30.3600006103515625 30.549999237060546875 30.309999465942382812 30.1100006103515625 30.18000030517578125 30.100000381469726562 30.049999237060546875 29.739999771118164062 29.489999771118164062 29.350000381469726562 29.45999908447265625 29.379999160766601562 29.129999160766601562 29.370000839233398438 29.129999160766601562 28.670000076293945312 28.54000091552734375 28.409999847412109375 28.129999160766601562 28.1100006103515625 28.420000076293945312 27.809999465942382812 27.809999465942382812 27.70999908447265625 27.590000152587890625 27.5 27.440000534057617188 27.479999542236328125 27.5 27.350000381469726562 27 27.04000091552734375 26.809999465942382812 26.649999618530273438 26.489999771118164062 26.29000091552734375 26.25
30.840000152587890625 30.829999923706054688 30.659999847412109375 30.690000534057617188 30.600000381469726562 30.629999160766601562 30.440000534057617188 30.440000534057617188 30.1399993896484375 30.010000228881835938 29.909999847412109375 29.780000686645507812 29.659999847412109375 29.6399993896484375 29.420000076293945312 29.299999237060546875 29.20999908447265625 29.200000762939453125 29 28.8600006103515625 28.81999969482421875 28.54000091552734375 28.409999847412109375 28.1100006103515625 28.420000076293945312 28.260000228881835938 27.809999465942382812 27.739999771118164062 27.739999771118164062 27.5 27.3600006103515625 27.43000030517578125 27.530000686645507812 27.309999465942382812 26.979999542236328125 27.100000381469726562 26.940000534057617188 26.75 26.469999313354492188 26.309999465942382812 26.20999908447265625
31.129999160766601562 30.840000152587890625 30.70999908447265625 30.81999969482421875 30.629999160766601562 30.6399993896484375 30.6100006103515625 30.450000762939453125 30.280000686645507812 30.149999618530273438 30.1100006103515625 30.1100006103515625 29.899999618530273438 29.899999618530273438 29.440000534057617188 29.450000762939453125 29.329999923706054688 29.190000534057617188 29.090000152587890625 28.870000839233398438 28.739999771118164062 28.729999542236328125 28.5 28.510000228881835938 28.399999618530273438 28.260000228881835938 27.920000076293945312 27.8600006103515625 27.799999237060546875 27.549999237060546875 27.43000030517578125 27.54000091552734375 27.620000839233398438 27.3899993896484375 27.06999969482421875 27.1399993896484375 26.95999908447265625 26.719999313354492188 26.6399993896484375 26.43000030517578125 26.31999969482421875
31.3899993896484375 31.270000457763671875 30.920000076293945312 30.700000762939453125 30.6100006103515625 30.549999237060546875 30.5 30.450000762939453125 30.329999923706054688 30.29000091552734375 30.299999237060546875 30.1100006103515625 30.200000762939453125 29.979999542236328125 29.559999465942382812 29.620000839233398438 29.399999618530273438 29.20999908447265625 29.059999465942382812 28.969999313354492188 28.739999771118164062 28.719999313354492188 28.579999923706054688 28.520000457763671875 28.3899993896484375 28.409999847412109375 27.8600006103515625 28.149999618530273438 28 27.489999771118164062 27.549999237060546875 27.549999237060546875 27.579999923706054688 27.409999847412109375 27.229999542236328125 27.18000030517578125 26.950000762939453125 26.620000839233398438 26.409999847412109375 26.5 26.469999313354492188
31.600000381469726562 31.020000457763671875 31.479999542236328125 30.909999847412109375 30.840000152587890625 30.70999908447265625 30.620000839233398438 30.43000030517578125 30.329999923706054688 30.18000030517578125 30.049999237060546875 29.979999542236328125 29.950000762939453125 29.8600006103515625 29.5 29.5 29.5 29.270000457763671875 29.260000228881835938 28.95999908447265625 28.940000534057617188 28.719999313354492188 28.719999313354492188 28.6100006103515625 28.420000076293945312 28.370000839233398438 28.309999465942382812 28.149999618530273438 28.120000839233398438 27.700000762939453125 27.489999771118164062 27.799999237060546875 27.56999969482421875 27.299999237060546875 27.270000457763671875 27.170000076293945312 27.030000686645507812 26.940000534057617188 26.809999465942382812 26.479999542236328125 26.1100006103515625
31.379999160766601562 31.299999237060546875 31.18000030517578125 31.1100006103515625 31.1100006103515625 30.899999618530273438 30.8600006103515625 30.729999542236328125 30.440000534057617188 30.45999908447265625 30.159999847412109375 30 29.93000030517578125 29.780000686645507812 29.54000091552734375 29.510000228881835938 29.469999313354492188 29.29000091552734375 29.219999313354492188 29.229999542236328125 28.940000534057617188 28.739999771118164062 28.840000152587890625 28.600000381469726562 28.579999923706054688 28.54000091552734375 28.309999465942382812 28.219999313354492188 28.120000839233398438 27.920000076293945312 27.489999771118164062 27.559999465942382812 27.6100006103515625 27.3600006103515625 27.3899993896484375 27.31999969482421875 27.049999237060546875 26.870000839233398438 26.70999908447265625 26.629999160766601562 26.54000091552734375
31.379999160766601562 31.409999847412109375 31.31999969482421875 31.1399993896484375 31.06999969482421875 30.989999771118164062 30.79000091552734375 30.760000228881835938 30.659999847412109375 30.5 30.450000762939453125 30.350000381469726562 30.170000076293945312 30.030000686645507812 29.850000381469726562 29.809999465942382812 29.6399993896484375 29.340000152587890625 29.280000686645507812 29.079999923706054688 28.93000030517578125 28.739999771118164062 28.56999969482421875 28.70999908447265625 28.340000152587890625 28.54000091552734375 28.309999465942382812 28.219999313354492188 28.030000686645507812 27.93000030517578125 27.920000076293945312 27.649999618530273438 27.559999465942382812 27.309999465942382812 27.510000228881835938 27.370000839233398438 27.06999969482421875 26.93000030517578125 26.700000762939453125 26.649999618530273438 26.559999465942382812
31.520000457763671875 31.409999847412109375 31.329999923706054688 31.329999923706054688 31.149999618530273438 31.260000228881835938 30.969999313354492188 30.829999923706054688 30.739999771118164062 30.6399993896484375 30.409999847412109375 30.340000152587890625 30.409999847412109375 30.100000381469726562 30.06999969482421875 29.950000762939453125 29.770000457763671875 29.6399993896484375 29.510000228881835938 29.329999923706054688 29.18000030517578125 29 28.75 28.590000152587890625 28.399999618530273438 28.309999465942382812 28.1399993896484375 28.059999465942382812 28.049999237060546875 27.920000076293945312 27.799999237060546875 28.170000076293945312 27.690000534057617188 27.510000228881835938 27.739999771118164062 27.469999313354492188 27.280000686645507812 26.989999771118164062 26.850000381469726562 26.760000228881835938 26.520000457763671875
31.659999847412109375 31.45999908447265625 31.5 31.479999542236328125 31.329999923706054688 31.190000534057617188 31.129999160766601562 30.940000534057617188 30.79000091552734375 30.739999771118164062 30.620000839233398438 30.440000534057617188 30.420000076293945312 30.260000228881835938 30.090000152587890625 30.020000457763671875 29.870000839233398438 29.729999542236328125 29.6100006103515625 29.45999908447265625 29.329999923706054688 29.1399993896484375 28.899999618530273438 28.850000381469726562 28.700000762939453125 28.549999237060546875 28.409999847412109375 28.25 27.979999542236328125 27.829999923706054688 27.719999313354492188 27.68000030517578125 27.690000534057617188 27.659999847412109375 27.760000228881835938 27.600000381469726562 27.3899993896484375 27.090000152587890625 26.899999618530273438 26.79000091552734375 26.6100006103515625
31.809999465942382812 31.68000030517578125 31.620000839233398438 31.70999908447265625 31.399999618530273438 31.29000091552734375 31.1100006103515625 31 30.899999618530273438 30.670000076293945312 30.620000839233398438 30.530000686645507812 30.469999313354492188 30.31999969482421875 30.170000076293945312 30.079999923706054688 29.920000076293945312 29.799999237060546875 29.70999908447265625 29.54000091552734375 29.399999618530273438 29.25 29.079999923706054688 28.81999969482421875 28.760000228881835938 28.620000839233398438 28.530000686645507812 28.25 28.100000381469726562 28.06999969482421875 28.049999237060546875 27.850000381469726562 27.75 27.93000030517578125 28.090000152587890625 27.909999847412109375 27.6399993896484375 27.20999908447265625 26.920000076293945312 26.719999313354492188 26.440000534057617188
32.0800018310546875 31.719999313354492188 31.700000762939453125 31.629999160766601562 31.510000228881835938 31.329999923706054688 31.149999618530273438 31.090000152587890625 30.950000762939453125 30.8600006103515625 30.729999542236328125 30.620000839233398438 30.479999542236328125 30.340000152587890625 30.340000152587890625 30.190000534057617188 30.020000457763671875 29.879999160766601562 29.719999313354492188 29.590000152587890625 29.45999908447265625 29.31999969482421875 29.120000839233398438 28.969999313354492188 28.979999542236328125 28.770000457763671875 28.54000091552734375 28.420000076293945312 28.260000228881835938 28.1399993896484375 28.159999847412109375 28.129999160766601562 27.840000152587890625 28.090000152587890625 28.1100006103515625 27.829999923706054688 27.579999923706054688 27.280000686645507812 26.8899993896484375 26.600000381469726562 26.420000076293945312
31.940000534057617188 31.909999847412109375 31.739999771118164062 31.659999847412109375 31.520000457763671875 31.379999160766601562 31.270000457763671875 31.149999618530273438 31.020000457763671875 30.909999847412109375 30.760000228881835938 30.690000534057617188 30.590000152587890625 30.549999237060546875 30.45999908447265625 30.260000228881835938 30.1100006103515625 29.979999542236328125 29.81999969482421875 29.670000076293945312 29.520000457763671875 29.350000381469726562 29.18000030517578125 29.059999465942382812 28.93000030517578125 28.70999908447265625 28.620000839233398438 28.5 28.489999771118164062 28.3899993896484375 28.270000457763671875 28.090000152587890625 27.870000839233398438 28.1100006103515625 28.010000228881835938 27.729999542236328125 27.489999771118164062 27.100000381469726562 26.68000030517578125 26.440000534057617188 26.149999618530273438
32.049999237060546875 31.969999313354492188 31.940000534057617188 31.780000686645507812 31.6399993896484375 31.399999618530273438 31.340000152587890625 31.239999771118164062 31.079999923706054688 30.920000076293945312 30.81999969482421875 30.670000076293945312 30.590000152587890625 30.530000686645507812 30.3899993896484375 30.260000228881835938 30.100000381469726562 29.989999771118164062 29.909999847412109375 29.809999465942382812 29.510000228881835938 29.350000381469726562 29.219999313354492188 29.059999465942382812 28.850000381469726562 28.79000091552734375 28.700000762939453125 28.54000091552734375 28.479999542236328125 28.420000076293945312 28.270000457763671875 28.04000091552734375 27.8600006103515625 28 27.75 27.489999771118164062 27.270000457763671875 26.840000152587890625 26.489999771118164062 26.229999542236328125 26.25
