wildfire/work/fuelmodels/1768/ahn1.asc
ncols        196
nrows        168
xllcorner    177175.000000000000
yllcorner    445250.000000000000
cellsize     5.000000000000
NODATA_value   -999
[rows 95 to 113 of 168, columns 0 to 40 of 196]
44.3899993896484375 44.299999237060546875 44.130001068115234375 44.029998779296875 44.009998321533203125 44.009998321533203125 43.909999847412109375 44.04000091552734375 44.04000091552734375 43.979999542236328125 43.950000762939453125 43.93000030517578125 43.880001068115234375 43.799999237060546875 43.799999237060546875 43.779998779296875 43.59999847412109375 43.65000152587890625 43.630001068115234375 43.65000152587890625 43.4199981689453125 43.68000030517578125 43.5800018310546875 43.6399993896484375 43.59999847412109375 43.720001220703125 43.740001678466796875 43.9199981689453125 44.009998321533203125 44.090000152587890625 44.119998931884765625 44.130001068115234375 44.130001068115234375 44.020000457763671875 43.939998626708984375 43.93000030517578125 43.8600006103515625 43.630001068115234375 43.6399993896484375 43.590000152587890625 43.54000091552734375
44.5800018310546875 44.5 44.380001068115234375 44.270000457763671875 44.18000030517578125 44.04000091552734375 44.060001373291015625 44.090000152587890625 44.220001220703125 44.18000030517578125 44.1100006103515625 44.119998931884765625 44.009998321533203125 43.979999542236328125 43.909999847412109375 43.81999969482421875 43.79000091552734375 43.8899993896484375 43.8300018310546875 43.6100006103515625 43.529998779296875 43.810001373291015625 43.909999847412109375 43.880001068115234375 43.909999847412109375 43.970001220703125 44.029998779296875 44.220001220703125 44.310001373291015625 44.29000091552734375 44.369998931884765625 44.31999969482421875 44.279998779296875 44.229999542236328125 44.159999847412109375 44.090000152587890625 43.990001678466796875 43.779998779296875 43.81999969482421875 43.729999542236328125 43.630001068115234375
44.65000152587890625 44.590000152587890625 44.549999237060546875 44.3899993896484375 44.200000762939453125 44.119998931884765625 44.0800018310546875 44.1399993896484375 44.189998626708984375 44.220001220703125 44.1699981689453125 44.1699981689453125 44.1699981689453125 44.06999969482421875 44.020000457763671875 43.979999542236328125 43.95999908447265625 43.95999908447265625 43.970001220703125 43.909999847412109375 43.689998626708984375 44.009998321533203125 44.06999969482421875 44.049999237060546875 44.049999237060546875 44.049999237060546875 44.240001678466796875 44.34999847412109375 44.520000457763671875 44.54000091552734375 44.779998779296875 44.720001220703125 44.770000457763671875 44.439998626708984375 44.40000152587890625 44.15000152587890625 44.060001373291015625 43.90000152587890625 43.759998321533203125 43.70999908447265625 43.65000152587890625
44.700000762939453125 44.659999847412109375 44.6399993896484375 44.450000762939453125 44.3300018310546875 44.220001220703125 44.18000030517578125 44.189998626708984375 44.240001678466796875 44.299999237060546875 44.310001373291015625 44.409999847412109375 44.299999237060546875 44.18000030517578125 44.220001220703125 44.130001068115234375 44.09999847412109375 44.090000152587890625 44.0800018310546875 43.909999847412109375 44.029998779296875 44.189998626708984375 44.15000152587890625 44.18000030517578125 44.25 44.310001373291015625 44.45999908447265625 44.70999908447265625 44.909999847412109375 45.009998321533203125 45.060001373291015625 44.9199981689453125 45.1699981689453125 44.619998931884765625 44.68000030517578125 44.5 44.31999969482421875 44.259998321533203125 43.979999542236328125 43.8600006103515625 43.720001220703125
44.770000457763671875 44.70999908447265625 44.619998931884765625 44.549999237060546875 44.43000030517578125 44.380001068115234375 44.189998626708984375 44.259998321533203125 44.270000457763671875 44.299999237060546875 44.34999847412109375 44.450000762939453125 44.29000091552734375 44.25 44.259998321533203125 44.189998626708984375 44.15000152587890625 44.0800018310546875 44.200000762939453125 44.049999237060546875 43.970001220703125 44.1699981689453125 44.15000152587890625 44.299999237060546875 44.3300018310546875 44.45999908447265625 44.729999542236328125 44.9199981689453125 45.130001068115234375 45.310001373291015625 45.369998931884765625 45.299999237060546875 45.259998321533203125 45.06999969482421875 45.06999969482421875 44.79000091552734375 44.590000152587890625 44.29000091552734375 44.159999847412109375 44.04000091552734375 43.810001373291015625
44.8300018310546875 44.84999847412109375 44.770000457763671875 44.619998931884765625 44.59999847412109375 44.54000091552734375 44.380001068115234375 44.409999847412109375 44.3600006103515625 44.380001068115234375 44.450000762939453125 44.490001678466796875 44.409999847412109375 44.380001068115234375 44.34999847412109375 44.279998779296875 44.279998779296875 44.240001678466796875 44.259998321533203125 43.979999542236328125 44.130001068115234375 44.220001220703125 44.34999847412109375 44.470001220703125 44.549999237060546875 44.659999847412109375 44.779998779296875 45.1100006103515625 45.3899993896484375 45.6699981689453125 45.560001373291015625 45.619998931884765625 45.5 45.630001068115234375 45.3600006103515625 45.029998779296875 44.799999237060546875 44.5800018310546875 44.34999847412109375 44.159999847412109375 44.049999237060546875
44.939998626708984375 44.90000152587890625 44.869998931884765625 44.869998931884765625 44.700000762939453125 44.6699981689453125 44.590000152587890625 44.590000152587890625 44.549999237060546875 44.490001678466796875 44.520000457763671875 44.6399993896484375 44.45999908447265625 44.439998626708984375 44.470001220703125 44.34999847412109375 44.3600006103515625 44.270000457763671875 44.299999237060546875 44.0800018310546875 44.340000152587890625 44.43000030517578125 44.439998626708984375 44.619998931884765625 44.720001220703125 44.880001068115234375 45.020000457763671875 45.299999237060546875 45.619998931884765625 45.729999542236328125 45.6100006103515625 45.740001678466796875 45.729999542236328125 45.799999237060546875 45.54000091552734375 45.229999542236328125 44.970001220703125 44.700000762939453125 44.439998626708984375 44.340000152587890625 44.09999847412109375
45.020000457763671875 45 44.9199981689453125 44.909999847412109375 44.869998931884765625 44.810001373291015625 44.65000152587890625 44.65000152587890625 44.5800018310546875 44.560001373291015625 44.560001373291015625 44.68000030517578125 44.5800018310546875 44.520000457763671875 44.549999237060546875 44.529998779296875 44.479999542236328125 44.340000152587890625 44.369998931884765625 44.1699981689453125 44.3899993896484375 44.45999908447265625 44.490001678466796875 44.6100006103515625 44.770000457763671875 44.8899993896484375 45.1399993896484375 45.380001068115234375 45.75 45.740001678466796875 46.090000152587890625 46.020000457763671875 46.15000152587890625 46 45.79000091552734375 45.56999969482421875 45.1399993896484375 44.84999847412109375 44.54000091552734375 44.4199981689453125 44.259998321533203125
45.090000152587890625 45.020000457763671875 45.04000091552734375 45.090000152587890625 44.990001678466796875 44.9199981689453125 44.810001373291015625 44.79000091552734375 44.70999908447265625 44.70999908447265625 44.659999847412109375 44.700000762939453125 44.590000152587890625 44.59999847412109375 44.6100006103515625 44.6399993896484375 44.549999237060546875 44.520000457763671875 44.490001678466796875 44.229999542236328125 44.450000762939453125 44.470001220703125 44.549999237060546875 44.630001068115234375 44.779998779296875 44.93000030517578125 45.20999908447265625 45.479999542236328125 45.689998626708984375 45.759998321533203125 46.15000152587890625 46.090000152587890625 45.8899993896484375 45.90000152587890625 46.340000152587890625 45.740001678466796875 45.409999847412109375 45.09999847412109375 44.770000457763671875 44.490001678466796875 44.3300018310546875
45.159999847412109375 45.119998931884765625 45.090000152587890625 45.090000152587890625 45.090000152587890625 44.95999908447265625 44.9199981689453125 44.840000152587890625 44.810001373291015625 44.70999908447265625 44.70999908447265625 44.659999847412109375 44.630001068115234375 44.659999847412109375 44.6699981689453125 44.65000152587890625 44.590000152587890625 44.68000030517578125 44.590000152587890625 44.43000030517578125 44.630001068115234375 44.6399993896484375 44.700000762939453125 44.84999847412109375 44.90000152587890625 44.990001678466796875 45.25 45.54000091552734375 45.779998779296875 46.020000457763671875 46.450000762939453125 46.259998321533203125 46.340000152587890625 45.970001220703125 46.20999908447265625 46 45.65000152587890625 45.299999237060546875 44.95999908447265625 44.59999847412109375 44.40000152587890625
45.200000762939453125 45.159999847412109375 45.15000152587890625 45.029998779296875 45.009998321533203125 45.009998321533203125 44.9199981689453125 44.8899993896484375 44.740001678466796875 44.740001678466796875 44.70999908447265625 44.68000030517578125 44.700000762939453125 44.56999969482421875 44.619998931884765625 44.720001220703125 44.75 44.729999542236328125 44.590000152587890625 44.619998931884765625 44.75 44.79000091552734375 44.84999847412109375 44.95999908447265625 45.060001373291015625 45.15000152587890625 45.340000152587890625 45.5800018310546875 45.84999847412109375 45.93000030517578125 46.479999542236328125 46.299999237060546875 46.340000152587890625 46.34999847412109375 46.509998321533203125 46.240001678466796875 45.869998931884765625 45.409999847412109375 45.119998931884765625 44.81999969482421875 44.509998321533203125
45.220001220703125 44.970001220703125 44.6399993896484375 45.340000152587890625 45.279998779296875 44.990001678466796875 44.5800018310546875 44.1100006103515625 44.95999908447265625 44.869998931884765625 45.029998779296875 44.740001678466796875 44.869998931884765625 44.8300018310546875 44.75 44.770000457763671875 44.90000152587890625 44.869998931884765625 44.70999908447265625 44.770000457763671875 44.8600006103515625 44.939998626708984375 44.939998626708984375 45.090000152587890625 45.159999847412109375 45.229999542236328125 45.31999969482421875 45.529998779296875 45.8600006103515625 45.979999542236328125 46.4199981689453125 46.479999542236328125 46.220001220703125 46.5800018310546875 46.65000152587890625 46.279998779296875 46.020000457763671875 45.470001220703125 45.220001220703125 44.909999847412109375 44.59999847412109375
44.09999847412109375 44.200000762939453125 44.090000152587890625 44.159999847412109375 44.189998626708984375 44.259998321533203125 44.200000762939453125 44.15000152587890625 44.90000152587890625 44.950000762939453125 45 44.939998626708984375 44.939998626708984375 45.020000457763671875 44.8899993896484375 44.799999237060546875 44.84999847412109375 44.990001678466796875 44.79000091552734375 44.93000030517578125 44.979999542236328125 45.029998779296875 45.060001373291015625 45.18000030517578125 45.25 45.369998931884765625 45.4199981689453125 45.549999237060546875 45.8300018310546875 45.939998626708984375 46.439998626708984375 46.56999969482421875 46.479999542236328125 46.549999237060546875 46.490001678466796875 46.34999847412109375 46.1100006103515625 45.6699981689453125 45.259998321533203125 45.060001373291015625 44.720001220703125
44.5 44.70999908447265625 44.720001220703125 44.869998931884765625 44.950000762939453125 44.45999908447265625 44.310001373291015625 44.189998626708984375 45.020000457763671875 45.049999237060546875 45.060001373291015625 45.020000457763671875 45.009998321533203125 45.060001373291015625 45.029998779296875 45 44.939998626708984375 44.909999847412109375 44.79000091552734375 45.06999969482421875 45.189998626708984375 45.220001220703125 45.200000762939453125 45.270000457763671875 45.3600006103515625 45.43000030517578125 45.5 45.65000152587890625 45.84999847412109375 45.9199981689453125 46.380001068115234375 46.549999237060546875 46.3600006103515625 46.529998779296875 46.229999542236328125 46.020000457763671875 45.95999908447265625 45.909999847412109375 45.409999847412109375 45.04000091552734375 44.630001068115234375
46.159999847412109375 46.20999908447265625 46.130001068115234375 46.06999969482421875 45.95999908447265625 45.270000457763671875 44.380001068115234375 44.270000457763671875 45.220001220703125 45.090000152587890625 45.18000030517578125 45.09999847412109375 45.119998931884765625 45.130001068115234375 45.189998626708984375 45.159999847412109375 45.240001678466796875 45.229999542236328125 45 45.049999237060546875 45.279998779296875 45.3300018310546875 45.34999847412109375 45.380001068115234375 45.409999847412109375 45.54000091552734375 45.56999969482421875 45.720001220703125 45.880001068115234375 45.79000091552734375 46.3600006103515625 46.369998931884765625 46.200000762939453125 46.25 46.020000457763671875 46.049999237060546875 46.06999969482421875 45.81999969482421875 45.450000762939453125 45.020000457763671875 44.70999908447265625
46.479999542236328125 46.409999847412109375 46.220001220703125 46.200000762939453125 46.18000030517578125 44.939998626708984375 44.490001678466796875 44.840000152587890625 45.259998321533203125 45.1399993896484375 45.270000457763671875 45.229999542236328125 45.18000030517578125 45.25 45.229999542236328125 45.3300018310546875 45.380001068115234375 45.25 45 45.240001678466796875 45.34999847412109375 45.4199981689453125 45.450000762939453125 45.439998626708984375 45.56999969482421875 45.56999969482421875 45.65000152587890625 45.700000762939453125 45.630001068115234375 45.8899993896484375 46.229999542236328125 46.299999237060546875 45.6399993896484375 45.840000152587890625 45.93000030517578125 45.59999847412109375 45.590000152587890625 45.619998931884765625 45.5 44.9199981689453125 44.740001678466796875
46.720001220703125 46.369998931884765625 46.25 46.279998779296875 46.31999969482421875 44.869998931884765625 44.520000457763671875 44.90000152587890625 45.3600006103515625 45.34999847412109375 45.34999847412109375 45.3600006103515625 45.299999237060546875 45.31999969482421875 45.34999847412109375 45.490001678466796875 45.40000152587890625 45.310001373291015625 45.509998321533203125 45.509998321533203125 45.470001220703125 45.490001678466796875 45.549999237060546875 45.549999237060546875 45.560001373291015625 45.3300018310546875 45.56999969482421875 45.59999847412109375 45.779998779296875 46.06999969482421875 45.990001678466796875 46.1100006103515625 45.6699981689453125 45.59999847412109375 45.81999969482421875 45.439998626708984375 45.479999542236328125 45.56999969482421875 45.369998931884765625 44.95999908447265625 44.659999847412109375
47.4199981689453125 46.5800018310546875 46.369998931884765625 46.380001068115234375 46.409999847412109375 44.70999908447265625 44.5 44.95999908447265625 45.45999908447265625 45.529998779296875 45.470001220703125 45.439998626708984375 45.490001678466796875 45.5 45.520000457763671875 45.529998779296875 45.54000091552734375 45.380001068115234375 45.590000152587890625 45.5 45.520000457763671875 45.5 45.5800018310546875 45.630001068115234375 45.380001068115234375 45.590000152587890625 45.6100006103515625 45.68000030517578125 45.720001220703125 45.84999847412109375 45.84999847412109375 45.909999847412109375 45.950000762939453125 45.75 45.84999847412109375 45.369998931884765625 45.340000152587890625 45.380001068115234375 45.1100006103515625 44.8899993896484375 44.5800018310546875
48.09999847412109375 46.65000152587890625 46.509998321533203125 46.520000457763671875 46.529998779296875 44.729999542236328125 44.5 45.340000152587890625 45.560001373291015625 45.65000152587890625 45.619998931884765625 45.56999969482421875 45.560001373291015625 45.5800018310546875 45.6399993896484375 45.65000152587890625 45.65000152587890625 45.369998931884765625 45.6399993896484375 45.630001068115234375 45.630001068115234375 45.630001068115234375 45.659999847412109375 45.720001220703125 45.619998931884765625 45.6399993896484375 45.740001678466796875 45.560001373291015625 45.65000152587890625 45.659999847412109375 45.759998321533203125 45.70999908447265625 45.729999542236328125 45.799999237060546875 45.759998321533203125 45.369998931884765625 45.0800018310546875 45.049999237060546875 44.990001678466796875 44.81999969482421875 44.439998626708984375
