wildfire/work/fuelmodels/1768/ahn1.asc
ncols        196
nrows        168
xllcorner    177175.000000000000
yllcorner    445250.000000000000
cellsize     5.000000000000
NODATA_value   -999
[rows 133 to 151 of 168, columns 123 to 163 of 196]
31.229999542236328125 31.079999923706054688 30.93000030517578125 30.909999847412109375 30.870000839233398438 30.909999847412109375 30.579999923706054688 30.299999237060546875 30.20999908447265625 30.030000686645507812 29.81999969482421875 29.56999969482421875 29.5 29.469999313354492188 29.440000534057617188 29.340000152587890625 29.329999923706054688 28.989999771118164062 28.8899993896484375 28.770000457763671875 28.6399993896484375 28.559999465942382812 28.43000030517578125 28.379999160766601562 28.440000534057617188 28.340000152587890625 28.219999313354492188 28.120000839233398438 28.04000091552734375 27.909999847412109375 27.799999237060546875 27.659999847412109375 27.450000762939453125 27.3899993896484375 27.299999237060546875 27.100000381469726562 26.760000228881835938 26.549999237060546875 26.399999618530273438 26.309999465942382812 26.239999771118164062
31.06999969482421875 30.8899993896484375 30.829999923706054688 30.8899993896484375 30.729999542236328125 30.659999847412109375 30.479999542236328125 30.219999313354492188 30.030000686645507812 29.840000152587890625 29.6399993896484375 29.590000152587890625 29.520000457763671875 29.340000152587890625 29.159999847412109375 29.06999969482421875 29.059999465942382812 28.969999313354492188 28.879999160766601562 28.780000686645507812 28.6100006103515625 28.469999313354492188 28.329999923706054688 28.350000381469726562 28.280000686645507812 28.309999465942382812 28.280000686645507812 28.049999237060546875 27.95999908447265625 27.920000076293945312 27.729999542236328125 27.6100006103515625 27.54000091552734375 27.260000228881835938 27.129999160766601562 26.979999542236328125 26.75 26.489999771118164062 26.450000762939453125 26.350000381469726562 26.170000076293945312
30.840000152587890625 30.690000534057617188 30.520000457763671875 30.489999771118164062 30.489999771118164062 30.440000534057617188 30.280000686645507812 30.020000457763671875 29.799999237060546875 29.649999618530273438 29.520000457763671875 29.399999618530273438 29.190000534057617188 29.149999618530273438 29.059999465942382812 28.879999160766601562 28.879999160766601562 28.8600006103515625 28.729999542236328125 28.700000762939453125 28.600000381469726562 28.379999160766601562 28.280000686645507812 28.229999542236328125 28.20999908447265625 28.190000534057617188 28.010000228881835938 27.909999847412109375 27.899999618530273438 27.909999847412109375 27.68000030517578125 27.6100006103515625 27.420000076293945312 27.280000686645507812 27.190000534057617188 27.030000686645507812 26.659999847412109375 26.479999542236328125 26.469999313354492188 26.260000228881835938 26.200000762939453125
30.56999969482421875 30.469999313354492188 30.280000686645507812 30.280000686645507812 30.20999908447265625 30.18000030517578125 30.049999237060546875 29.799999237060546875 29.530000686645507812 29.399999618530273438 29.340000152587890625 29.020000457763671875 28.850000381469726562 28.799999237060546875 28.700000762939453125 28.700000762939453125 28.719999313354492188 28.600000381469726562 28.659999847412109375 28.559999465942382812 28.45999908447265625 28.3899993896484375 28.260000228881835938 28.149999618530273438 28.1399993896484375 28.04000091552734375 28 27.940000534057617188 27.879999160766601562 27.620000839233398438 27.629999160766601562 27.5 27.409999847412109375 27.219999313354492188 27.059999465942382812 26.940000534057617188 26.809999465942382812 26.520000457763671875 26.469999313354492188 26.260000228881835938 26.149999618530273438
30.379999160766601562 30.299999237060546875 30.090000152587890625 29.969999313354492188 29.909999847412109375 29.909999847412109375 29.79000091552734375 29.56999969482421875 29.350000381469726562 29.219999313354492188 29.010000228881835938 28.809999465942382812 28.6100006103515625 28.409999847412109375 28.04000091552734375 28.450000762939453125 28.530000686645507812 28.520000457763671875 28.56999969482421875 28.43000030517578125 28.329999923706054688 28.399999618530273438 28.159999847412109375 28.06999969482421875 28.04000091552734375 28.049999237060546875 27.920000076293945312 27.909999847412109375 27.719999313354492188 27.629999160766601562 27.520000457763671875 27.379999160766601562 27.29000091552734375 27.229999542236328125 27.030000686645507812 26.870000839233398438 26.719999313354492188 26.530000686645507812 26.409999847412109375 26.229999542236328125 26.129999160766601562
30.190000534057617188 30.030000686645507812 29.950000762939453125 29.770000457763671875 29.68000030517578125 29.68000030517578125 29.54000091552734375 29.3600006103515625 29.239999771118164062 29.020000457763671875 28.649999618530273438 28 27.79000091552734375 27.420000076293945312 27.5 28.170000076293945312 28.299999237060546875 28.370000839233398438 28.379999160766601562 28.309999465942382812 28.229999542236328125 28.170000076293945312 28.079999923706054688 28.020000457763671875 27.899999618530273438 27.809999465942382812 27.8899993896484375 27.739999771118164062 27.700000762939453125 27.56999969482421875 27.469999313354492188 27.3600006103515625 27.31999969482421875 27.20999908447265625 27.04000091552734375 26.879999160766601562 26.600000381469726562 26.450000762939453125 26.379999160766601562 26.270000457763671875 26.129999160766601562
30.010000228881835938 29.799999237060546875 29.729999542236328125 29.549999237060546875 29.45999908447265625 29.379999160766601562 29.29000091552734375 29.25 29.04000091552734375 28.75 28.010000228881835938 27.469999313354492188 27.379999160766601562 27.309999465942382812 26.909999847412109375 27.68000030517578125 28.100000381469726562 28.1399993896484375 28.200000762939453125 28.059999465942382812 28.090000152587890625 28 27.920000076293945312 27.899999618530273438 27.840000152587890625 27.649999618530273438 27.6399993896484375 27.6100006103515625 27.579999923706054688 27.420000076293945312 27.340000152587890625 27.239999771118164062 27.18000030517578125 27.1399993896484375 26.940000534057617188 26.809999465942382812 26.649999618530273438 26.440000534057617188 26.43000030517578125 26.270000457763671875 26.06999969482421875
29.770000457763671875 29.6399993896484375 29.549999237060546875 29.450000762939453125 29.340000152587890625 29.18000030517578125 29.149999618530273438 29.049999237060546875 28.979999542236328125 28.659999847412109375 27.940000534057617188 26.870000839233398438 26.950000762939453125 27.329999923706054688 26.8600006103515625 27.479999542236328125 27.870000839233398438 27.969999313354492188 27.93000030517578125 27.909999847412109375 27.93000030517578125 27.739999771118164062 27.690000534057617188 27.700000762939453125 27.590000152587890625 27.450000762939453125 27.420000076293945312 27.309999465942382812 27.329999923706054688 27.31999969482421875 27.309999465942382812 27.18000030517578125 27.1100006103515625 27.020000457763671875 26.840000152587890625 26.770000457763671875 26.56999969482421875 26.409999847412109375 26.340000152587890625 26.200000762939453125 26.079999923706054688
29.559999465942382812 29.440000534057617188 29.370000839233398438 29.29000091552734375 29.1399993896484375 28.950000762939453125 28.969999313354492188 28.950000762939453125 28.70999908447265625 28.510000228881835938 28.239999771118164062 27.329999923706054688 27 27.229999542236328125 26.979999542236328125 27.270000457763671875 27.70999908447265625 27.79000091552734375 27.75 27.700000762939453125 27.590000152587890625 27.579999923706054688 27.489999771118164062 27.379999160766601562 27.299999237060546875 27.29000091552734375 27.29000091552734375 27.190000534057617188 27.18000030517578125 27.129999160766601562 27.170000076293945312 27.1100006103515625 26.969999313354492188 26.829999923706054688 26.809999465942382812 26.600000381469726562 26.5 26.399999618530273438 26.270000457763671875 26.079999923706054688 25.979999542236328125
29.270000457763671875 29.200000762939453125 29.1399993896484375 29.06999969482421875 28.969999313354492188 28.729999542236328125 28.770000457763671875 28.799999237060546875 28.510000228881835938 28.299999237060546875 28.079999923706054688 26.760000228881835938 26.920000076293945312 27.3600006103515625 27.06999969482421875 27.1100006103515625 27.440000534057617188 27.5 27.489999771118164062 27.43000030517578125 27.25 27.219999313354492188 27.29000091552734375 27.1399993896484375 27.030000686645507812 26.969999313354492188 27.010000228881835938 26.909999847412109375 26.8899993896484375 26.879999160766601562 26.899999618530273438 26.780000686645507812 26.81999969482421875 26.659999847412109375 26.629999160766601562 26.469999313354492188 26.479999542236328125 26.31999969482421875 26.219999313354492188 26.030000686645507812 25.93000030517578125
29.129999160766601562 28.979999542236328125 28.8899993896484375 28.809999465942382812 28.770000457763671875 28.450000762939453125 28.549999237060546875 28.520000457763671875 28.43000030517578125 28.190000534057617188 28.1100006103515625 27.399999618530273438 26.879999160766601562 27.149999618530273438 27.090000152587890625 26.979999542236328125 27.1100006103515625 27.340000152587890625 27.270000457763671875 27.190000534057617188 27.159999847412109375 27.059999465942382812 27.04000091552734375 27.090000152587890625 26.8600006103515625 26.68000030517578125 26.649999618530273438 26.559999465942382812 26.579999923706054688 26.559999465942382812 26.489999771118164062 26.420000076293945312 26.510000228881835938 26.489999771118164062 26.379999160766601562 26.309999465942382812 26.270000457763671875 26.170000076293945312 26.090000152587890625 25.95999908447265625 25.8600006103515625
28.969999313354492188 28.920000076293945312 28.6399993896484375 28.620000839233398438 28.559999465942382812 28.329999923706054688 28.29000091552734375 28.3899993896484375 28.309999465942382812 28.159999847412109375 27.870000839233398438 27.579999923706054688 26.729999542236328125 26.870000839233398438 27.20999908447265625 27.200000762939453125 26.70999908447265625 27.170000076293945312 27.079999923706054688 27.100000381469726562 26.840000152587890625 26.770000457763671875 26.879999160766601562 26.729999542236328125 26.620000839233398438 26.370000839233398438 26.329999923706054688 26.280000686645507812 26.239999771118164062 26.31999969482421875 26.1399993896484375 26.239999771118164062 26.149999618530273438 26.090000152587890625 26.100000381469726562 26.059999465942382812 25.979999542236328125 25.969999313354492188 25.920000076293945312 25.850000381469726562 25.739999771118164062
28.670000076293945312 28.559999465942382812 28.5 28.409999847412109375 28.31999969482421875 28.079999923706054688 28.100000381469726562 28.049999237060546875 28.129999160766601562 27.850000381469726562 27.79000091552734375 27.520000457763671875 26.6399993896484375 26.350000381469726562 27.06999969482421875 27.239999771118164062 26.979999542236328125 26.8600006103515625 26.950000762939453125 26.729999542236328125 26.829999923706054688 26.770000457763671875 26.659999847412109375 26.469999313354492188 26.299999237060546875 26.20999908447265625 26.1399993896484375 26.010000228881835938 25.989999771118164062 25.93000030517578125 25.879999160766601562 26.200000762939453125 25.879999160766601562 25.840000152587890625 25.81999969482421875 25.81999969482421875 25.809999465942382812 25.729999542236328125 25.700000762939453125 25.6399993896484375 25.590000152587890625
28.739999771118164062 28.520000457763671875 28.440000534057617188 28.309999465942382812 28.129999160766601562 27.979999542236328125 27.920000076293945312 27.870000839233398438 27.840000152587890625 27.809999465942382812 27.590000152587890625 27.469999313354492188 27.059999465942382812 26.329999923706054688 26.510000228881835938 27.04000091552734375 27.010000228881835938 26.8600006103515625 26.870000839233398438 26.79000091552734375 26.43000030517578125 26.399999618530273438 26.370000839233398438 26.309999465942382812 26.129999160766601562 25.909999847412109375 25.8600006103515625 25.760000228881835938 25.79000091552734375 25.70999908447265625 25.56999969482421875 25.629999160766601562 25.520000457763671875 25.469999313354492188 25.54000091552734375 25.5 25.479999542236328125 25.489999771118164062 25.469999313354492188 25.440000534057617188 25.399999618530273438
28.68000030517578125 28.56999969482421875 28.510000228881835938 28.299999237060546875 28.1100006103515625 27.95999908447265625 27.909999847412109375 27.81999969482421875 27.739999771118164062 27.559999465942382812 27.489999771118164062 27.25 27.059999465942382812 26.6399993896484375 26.200000762939453125 26.81999969482421875 27.100000381469726562 26.940000534057617188 26.81999969482421875 26.729999542236328125 26.420000076293945312 26.190000534057617188 26.309999465942382812 26.1399993896484375 26.010000228881835938 25.840000152587890625 25.579999923706054688 25.549999237060546875 25.520000457763671875 25.5 25.3899993896484375 25.31999969482421875 25.25 25.260000228881835938 25.29000091552734375 25.219999313354492188 25.219999313354492188 25.25 25.170000076293945312 25.159999847412109375 25.090000152587890625
28.809999465942382812 28.649999618530273438 28.559999465942382812 28.31999969482421875 28.20999908447265625 28.030000686645507812 27.8899993896484375 27.760000228881835938 27.68000030517578125 27.479999542236328125 27.31999969482421875 27.159999847412109375 27.04000091552734375 26.770000457763671875 26.200000762939453125 26.549999237060546875 26.940000534057617188 26.850000381469726562 26.600000381469726562 26.370000839233398438 26.20999908447265625 25.799999237060546875 26.239999771118164062 26.1399993896484375 25.940000534057617188 25.70999908447265625 25.510000228881835938 25.340000152587890625 25.25 25.190000534057617188 25.149999618530273438 25.06999969482421875 25.020000457763671875 24.989999771118164062 24.989999771118164062 24.899999618530273438 25.010000228881835938 24.940000534057617188 24.899999618530273438 24.95999908447265625 24.870000839233398438
28.829999923706054688 28.799999237060546875 28.579999923706054688 28.350000381469726562 28.229999542236328125 28.129999160766601562 27.920000076293945312 27.799999237060546875 27.670000076293945312 27.510000228881835938 27.340000152587890625 27.20999908447265625 27.049999237060546875 26.799999237060546875 26.200000762939453125 26.079999923706054688 26.56999969482421875 26.54000091552734375 26.329999923706054688 26.1399993896484375 25.950000762939453125 25.690000534057617188 25.70999908447265625 25.729999542236328125 25.659999847412109375 25.520000457763671875 25.350000381469726562 25.200000762939453125 25.100000381469726562 25.090000152587890625 24.979999542236328125 24.879999160766601562 24.850000381469726562 24.809999465942382812 24.760000228881835938 24.75 24.870000839233398438 24.75 24.729999542236328125 24.719999313354492188 24.690000534057617188
28.8600006103515625 28.799999237060546875 28.719999313354492188 28.270000457763671875 28.25 28.079999923706054688 27.93000030517578125 27.760000228881835938 27.68000030517578125 27.530000686645507812 27.469999313354492188 27.280000686645507812 27.090000152587890625 26.770000457763671875 26 26.04000091552734375 26.159999847412109375 26.309999465942382812 26.06999969482421875 25.940000534057617188 25.590000152587890625 25.489999771118164062 25.350000381469726562 25.3600006103515625 25.329999923706054688 25.469999313354492188 25.20999908447265625 25.06999969482421875 25.030000686645507812 25.010000228881835938 24.850000381469726562 24.840000152587890625 24.770000457763671875 24.700000762939453125 24.629999160766601562 24.6100006103515625 24.670000076293945312 24.600000381469726562 24.370000839233398438 24.3600006103515625 24.379999160766601562
28.850000381469726562 28.850000381469726562 28.729999542236328125 28.329999923706054688 28.170000076293945312 28.020000457763671875 27.899999618530273438 27.729999542236328125 27.6100006103515625 27.559999465942382812 27.370000839233398438 27.200000762939453125 26.969999313354492188 26.690000534057617188 26.239999771118164062 25.870000839233398438 25.899999618530273438 26.159999847412109375 25.95999908447265625 25.530000686645507812 25.450000762939453125 25.329999923706054688 25.1399993896484375 25.120000839233398438 25 24.840000152587890625 24.909999847412109375 24.79000091552734375 24.620000839233398438 24.549999237060546875 24.549999237060546875 24.489999771118164062 24.43000030517578125 24.3600006103515625 24.299999237060546875 24.25 24.20999908447265625 24.200000762939453125 24.090000152587890625 23.920000076293945312 23.829999923706054688
