wildfire/work/fuelmodels/1768/ahn1.asc
ncols        196
nrows        168
xllcorner    177175.000000000000
yllcorner    445250.000000000000
cellsize     5.000000000000
NODATA_value   -999
[rows 57 to 75 of 168, columns 41 to 81 of 196]
42.270000457763671875 42.09999847412109375 41.81999969482421875 41.700000762939453125 41.25 41.119998931884765625 40.880001068115234375 40.810001373291015625 40.6399993896484375 40.439998626708984375 40.220001220703125 40.200000762939453125 40.029998779296875 39.729999542236328125 39.509998321533203125 39.299999237060546875 39.229999542236328125 38.700000762939453125 38.4199981689453125 38.04000091552734375 37.729999542236328125 37.56999969482421875 37.299999237060546875 37 36.79000091552734375 36.68000030517578125 36.159999847412109375 35.880001068115234375 35.779998779296875 35.529998779296875 35.31999969482421875 35.299999237060546875 34.68000030517578125 34.659999847412109375 34.6399993896484375 34.6699981689453125 34.6399993896484375 34.5800018310546875 34.5 34.490001678466796875 34.450000762939453125
42.299999237060546875 42.049999237060546875 41.979999542236328125 41.560001373291015625 41.310001373291015625 40.970001220703125 40.979999542236328125 40.779998779296875 40.439998626708984375 40.43000030517578125 40.18000030517578125 40.090000152587890625 40 39.729999542236328125 39.450000762939453125 39.45999908447265625 38.95999908447265625 38.490001678466796875 38.06999969482421875 37.93000030517578125 37.70999908447265625 37.490001678466796875 37.229999542236328125 36.93000030517578125 36.75 36.20999908447265625 36.06999969482421875 35.990001678466796875 35.779998779296875 35.6100006103515625 35.29000091552734375 34.9199981689453125 34.939998626708984375 35.1100006103515625 34.950000762939453125 34.84999847412109375 34.79000091552734375 34.70999908447265625 34.630001068115234375 34.619998931884765625 34.630001068115234375
42.310001373291015625 42.049999237060546875 41.8300018310546875 41.590000152587890625 41.310001373291015625 41.009998321533203125 41.009998321533203125 40.779998779296875 40.439998626708984375 40.299999237060546875 40.1100006103515625 40.0800018310546875 39.979999542236328125 39.689998626708984375 39.409999847412109375 39.380001068115234375 38.509998321533203125 38.43000030517578125 38.259998321533203125 37.81999969482421875 37.799999237060546875 37.240001678466796875 37.1699981689453125 36.869998931884765625 36.700000762939453125 36.229999542236328125 36.04000091552734375 35.93000030517578125 35.810001373291015625 35.59999847412109375 35.270000457763671875 35.1399993896484375 35.159999847412109375 35.1699981689453125 35.09999847412109375 35.020000457763671875 34.84999847412109375 34.770000457763671875 34.840000152587890625 34.939998626708984375 35.09999847412109375
42.310001373291015625 42.020000457763671875 41.799999237060546875 41.5 41.259998321533203125 41.0800018310546875 41.009998321533203125 40.54000091552734375 40.45999908447265625 40.270000457763671875 40.090000152587890625 40.0800018310546875 39.630001068115234375 39.65000152587890625 39.090000152587890625 38.8300018310546875 38.630001068115234375 38.3300018310546875 38.380001068115234375 37.8600006103515625 37.59999847412109375 37.340000152587890625 36.779998779296875 36.779998779296875 36.70999908447265625 36.0800018310546875 36.04000091552734375 35.90000152587890625 35.770000457763671875 35.54000091552734375 35.409999847412109375 35.409999847412109375 35.509998321533203125 35.20999908447265625 35.340000152587890625 35.0800018310546875 35.09999847412109375 35.130001068115234375 35.049999237060546875 35.049999237060546875 35.1100006103515625
42.25 42 41.700000762939453125 41.3899993896484375 41.18000030517578125 41.0800018310546875 40.79000091552734375 40.54000091552734375 40.54000091552734375 40.3300018310546875 40.090000152587890625 39.630001068115234375 39.520000457763671875 39.34999847412109375 39.220001220703125 38.759998321533203125 38.6100006103515625 38.43000030517578125 38.200000762939453125 37.700000762939453125 37.490001678466796875 37.380001068115234375 37.9199981689453125 36.659999847412109375 36.56999969482421875 36.240001678466796875 36.0800018310546875 35.909999847412109375 35.840000152587890625 35.720001220703125 35.529998779296875 35.5800018310546875 35.4199981689453125 35.470001220703125 35.509998321533203125 35.549999237060546875 35.5 35.45999908447265625 35.40000152587890625 35.3600006103515625 35.45999908447265625
42.1100006103515625 41.84999847412109375 41.560001373291015625 41.369998931884765625 41.130001068115234375 40.79000091552734375 40.79000091552734375 40.54000091552734375 40.3300018310546875 40.299999237060546875 40.090000152587890625 39.409999847412109375 39.18000030517578125 39.159999847412109375 39.130001068115234375 38.6699981689453125 38.6100006103515625 38.220001220703125 37.880001068115234375 37.770000457763671875 37.5 37.6399993896484375 37.9199981689453125 36.720001220703125 36.470001220703125 36.40000152587890625 36.200000762939453125 35.9199981689453125 35.90000152587890625 35.840000152587890625 35.779998779296875 35.950000762939453125 35.81999969482421875 36.020000457763671875 36.049999237060546875 35.8899993896484375 35.75 35.810001373291015625 35.81999969482421875 35.810001373291015625 35.729999542236328125
42.18000030517578125 41.759998321533203125 41.409999847412109375 41.3300018310546875 41.090000152587890625 41.090000152587890625 40.79000091552734375 40.270000457763671875 40.270000457763671875 40.020000457763671875 39.3899993896484375 39.310001373291015625 39.1699981689453125 38.880001068115234375 38.590000152587890625 38.31999969482421875 38.240001678466796875 37.93000030517578125 37.70999908447265625 37.5800018310546875 37.240001678466796875 37.25 36.799999237060546875 36.79000091552734375 36.529998779296875 36.40000152587890625 36.15000152587890625 36.240001678466796875 36.029998779296875 36.060001373291015625 36.240001678466796875 36.25 36.380001068115234375 36.3300018310546875 36.279998779296875 36.119998931884765625 36.06999969482421875 36.060001373291015625 36.020000457763671875 35.9199981689453125 35.869998931884765625
41.950000762939453125 41.6399993896484375 41.229999542236328125 41.189998626708984375 40.909999847412109375 40.689998626708984375 40.439998626708984375 40.229999542236328125 40.45999908447265625 39.779998779296875 39.479999542236328125 39.310001373291015625 38.90000152587890625 38.880001068115234375 38.529998779296875 38.200000762939453125 38.130001068115234375 38.04000091552734375 37.840000152587890625 37.799999237060546875 37.240001678466796875 37.060001373291015625 36.880001068115234375 36.770000457763671875 36.5800018310546875 36.509998321533203125 36.3899993896484375 36.31999969482421875 36.220001220703125 36.340000152587890625 36.3899993896484375 36.45999908447265625 36.490001678466796875 36.470001220703125 36.31999969482421875 36.310001373291015625 36.270000457763671875 36.20999908447265625 36.159999847412109375 36.20999908447265625 36.119998931884765625
41.9199981689453125 41.65000152587890625 41.119998931884765625 41 40.700000762939453125 40.520000457763671875 40.299999237060546875 40.060001373291015625 39.8600006103515625 39.59999847412109375 39.490001678466796875 39.240001678466796875 38.90000152587890625 38.630001068115234375 38.549999237060546875 38.15000152587890625 38.009998321533203125 37.9199981689453125 37.729999542236328125 37.659999847412109375 37.1100006103515625 37.119998931884765625 36.81999969482421875 36.70999908447265625 36.68000030517578125 36.65000152587890625 36.54000091552734375 36.630001068115234375 36.8899993896484375 36.75 36.759998321533203125 36.81999969482421875 36.779998779296875 36.8600006103515625 36.810001373291015625 36.65000152587890625 36.40000152587890625 36.43000030517578125 36.310001373291015625 36.34999847412109375 36.3300018310546875
41.869998931884765625 41.549999237060546875 41.1100006103515625 41.0800018310546875 40.720001220703125 40.3899993896484375 40.200000762939453125 39.909999847412109375 39.6399993896484375 39.439998626708984375 39.45999908447265625 39.1399993896484375 38.810001373291015625 38.450000762939453125 37.990001678466796875 37.979999542236328125 37.8899993896484375 37.939998626708984375 37.6100006103515625 37.549999237060546875 37.090000152587890625 37.369998931884765625 36.950000762939453125 36.779998779296875 36.90000152587890625 36.84999847412109375 36.740001678466796875 36.8899993896484375 36.979999542236328125 37.09999847412109375 37.060001373291015625 36.939998626708984375 36.8300018310546875 36.909999847412109375 36.950000762939453125 36.979999542236328125 37.18000030517578125 37 36.81999969482421875 36.549999237060546875 36.5800018310546875
41.810001373291015625 41.470001220703125 40.950000762939453125 40.979999542236328125 40.479999542236328125 40.299999237060546875 39.9199981689453125 39.720001220703125 39.520000457763671875 39.25 39.15000152587890625 38.8300018310546875 38.5800018310546875 38.40000152587890625 38.220001220703125 38.009998321533203125 37.8899993896484375 37.759998321533203125 37.65000152587890625 37.549999237060546875 37.6399993896484375 37.15000152587890625 37.090000152587890625 37.1399993896484375 36.95999908447265625 37.09999847412109375 37.240001678466796875 37.200000762939453125 37.299999237060546875 37.229999542236328125 37.34999847412109375 37.189998626708984375 37.200000762939453125 37.15000152587890625 37.090000152587890625 37.159999847412109375 37.1399993896484375 36.939998626708984375 36.81999969482421875 36.81999969482421875 36.6699981689453125
41.630001068115234375 41.310001373291015625 40.939998626708984375 40.6100006103515625 40.380001068115234375 40.1100006103515625 39.8300018310546875 39.54000091552734375 39.380001068115234375 39.270000457763671875 38.950000762939453125 38.6399993896484375 38.549999237060546875 38.470001220703125 38.18000030517578125 38 37.950000762939453125 37.990001678466796875 37.970001220703125 37.659999847412109375 37.490001678466796875 37.43000030517578125 37.56999969482421875 37.3600006103515625 37.40000152587890625 37.45999908447265625 37.59999847412109375 37.6100006103515625 37.560001373291015625 37.6699981689453125 37.68000030517578125 37.65000152587890625 37.65000152587890625 37.6699981689453125 37.5 37.3899993896484375 37.299999237060546875 37.15000152587890625 37.090000152587890625 37.1100006103515625 36.90000152587890625
41.509998321533203125 41.119998931884765625 40.8600006103515625 40.29000091552734375 40.18000030517578125 39.950000762939453125 39.75 39.470001220703125 39.31999969482421875 39 38.779998779296875 38.70999908447265625 38.59999847412109375 38.310001373291015625 38.0800018310546875 38.049999237060546875 38.130001068115234375 38.060001373291015625 37.9199981689453125 37.659999847412109375 37.6699981689453125 37.869998931884765625 37.8899993896484375 37.8300018310546875 37.659999847412109375 37.689998626708984375 37.840000152587890625 38.009998321533203125 37.81999969482421875 37.950000762939453125 37.689998626708984375 37.68000030517578125 37.65000152587890625 37.75 37.779998779296875 37.619998931884765625 37.56999969482421875 37.220001220703125 37.25 37.119998931884765625 36.95999908447265625
41.220001220703125 40.950000762939453125 40.740001678466796875 40.130001068115234375 40.09999847412109375 39.84999847412109375 39.689998626708984375 39.4199981689453125 39.159999847412109375 39.029998779296875 38.659999847412109375 38.490001678466796875 38.40000152587890625 38.25 38.3300018310546875 38.25 38.18000030517578125 38.130001068115234375 38.060001373291015625 38.119998931884765625 38.159999847412109375 38.200000762939453125 38.15000152587890625 38.240001678466796875 37.979999542236328125 38.009998321533203125 38.259998321533203125 38.259998321533203125 38.310001373291015625 38.25 38.130001068115234375 38.130001068115234375 38.130001068115234375 37.909999847412109375 37.8600006103515625 37.740001678466796875 37.720001220703125 37.6399993896484375 37.25 37.18000030517578125 37.090000152587890625
41.1100006103515625 40.8899993896484375 40.560001373291015625 40.049999237060546875 39.810001373291015625 39.6699981689453125 39.54000091552734375 39.3300018310546875 38.979999542236328125 38.799999237060546875 38.6399993896484375 38.529998779296875 38.45999908447265625 38.450000762939453125 38.479999542236328125 38.369998931884765625 38.119998931884765625 38.200000762939453125 38.31999969482421875 38.43000030517578125 38.45999908447265625 38.450000762939453125 38.590000152587890625 38.40000152587890625 38.15000152587890625 38.009998321533203125 38.619998931884765625 38.529998779296875 38.5800018310546875 38.5800018310546875 38.220001220703125 38.220001220703125 38.31999969482421875 38.130001068115234375 38.04000091552734375 37.909999847412109375 37.880001068115234375 37.799999237060546875 37.799999237060546875 37.189998626708984375 37.220001220703125
41.020000457763671875 40.68000030517578125 40.1399993896484375 39.939998626708984375 39.619998931884765625 39.520000457763671875 39.299999237060546875 38.880001068115234375 39.09999847412109375 38.939998626708984375 38.65000152587890625 38.68000030517578125 38.65000152587890625 38.59999847412109375 38.549999237060546875 38.31999969482421875 38.3899993896484375 38.549999237060546875 38.6699981689453125 38.729999542236328125 38.770000457763671875 38.840000152587890625 38.840000152587890625 38.529998779296875 38.380001068115234375 39.04000091552734375 39.0800018310546875 39.04000091552734375 39 38.6699981689453125 38.6699981689453125 38.220001220703125 38.3300018310546875 38.130001068115234375 38.159999847412109375 37.939998626708984375 37.939998626708984375 37.75 37.630001068115234375 37.490001678466796875 37.25
40.659999847412109375 40.3600006103515625 40.1399993896484375 39.909999847412109375 39.369998931884765625 39.59999847412109375 39.15000152587890625 39.090000152587890625 39.0800018310546875 38.95999908447265625 38.90000152587890625 38.8600006103515625 38.799999237060546875 38.720001220703125 38.56999969482421875 38.56999969482421875 38.810001373291015625 38.909999847412109375 38.970001220703125 39.09999847412109375 39.189998626708984375 39.15000152587890625 39.049999237060546875 39.029998779296875 38.700000762939453125 39.3300018310546875 39.1100006103515625 39.1699981689453125 39.15000152587890625 39.060001373291015625 39.029998779296875 38.880001068115234375 38.56999969482421875 38.340000152587890625 38.3600006103515625 38.18000030517578125 38.18000030517578125 37.950000762939453125 37.689998626708984375 37.68000030517578125 37.4199981689453125
40.54000091552734375 40.060001373291015625 39.909999847412109375 39.65000152587890625 39.29000091552734375 39.229999542236328125 39.509998321533203125 39.229999542236328125 39.06999969482421875 39.020000457763671875 39.119998931884765625 39.049999237060546875 38.81999969482421875 38.759998321533203125 38.779998779296875 38.979999542236328125 39.119998931884765625 39.200000762939453125 39.189998626708984375 39.270000457763671875 39.340000152587890625 39.490001678466796875 39.490001678466796875 39.380001068115234375 39.380001068115234375 39.450000762939453125 39.450000762939453125 39.299999237060546875 39.380001068115234375 39.439998626708984375 39.1399993896484375 38.950000762939453125 38.8600006103515625 38.81999969482421875 38.479999542236328125 38.529998779296875 38.4199981689453125 38.09999847412109375 37.990001678466796875 37.880001068115234375 37.68000030517578125
40.25 40.06999969482421875 39.950000762939453125 39.59999847412109375 39.450000762939453125 39.229999542236328125 39.310001373291015625 39.0800018310546875 39.06999969482421875 39.15000152587890625 39.299999237060546875 39.18000030517578125 39.1399993896484375 39.3899993896484375 39.409999847412109375 39.450000762939453125 39.45999908447265625 39.479999542236328125 39.5 39.59999847412109375 39.81999969482421875 39.95999908447265625 39.90000152587890625 39.700000762939453125 39.700000762939453125 39.5800018310546875 39.6699981689453125 39.520000457763671875 39.279998779296875 39.43000030517578125 39.369998931884765625 38.990001678466796875 38.84999847412109375 38.8300018310546875 38.6699981689453125 38.59999847412109375 38.310001373291015625 38.29000091552734375 38.09999847412109375 37.950000762939453125 37.659999847412109375
