wildfire/work/fuelmodels/1768/aspect.asc
ncols        196
nrows        168
xllcorner    177175.000000000000
yllcorner    445250.000000000000
cellsize     5.000000000000
NODATA_value   -999
[rows 0 to 17 of 168, columns 126 to 167 of 196]
0 0 0 0 0 0 0 0 0 0 0 0 0 0 0 0 0 0 0 0 0 0 0 0 0 0 0 0 0 0 0 0 0 0 0 0 0 0 0 0 0 0
86.4675445556640625 61.0598907470703125 22.932039260864257812 58.81501007080078125 72.6809844970703125 97.1247711181640625 118.0722503662109375 88.8765716552734375 51.870025634765625 30.9637908935546875 47.121242523193359375 95.59967041015625 158.8600921630859375 180.497894287109375 192.8745269775390625 198.876800537109375 165.465057373046875 134.9996795654296875 153.434478759765625 188.5687408447265625 184.39837646484375 160.9417266845703125 158.4282989501953125 173.4798736572265625 189.4048919677734375 185.9464569091796875 180.7341156005859375 153.43463134765625 125.43304443359375 124.215362548828125 135.7845306396484375 185.3139801025390625 181.6360931396484375 173.3197479248046875 187.066375732421875 193.3549041748046875 162.7581024169921875 148.7358856201171875 186.4989166259765625 113.4838714599609375 116.5647735595703125 190.491119384765625
77.005157470703125 83.0886077880859375 42.397274017333984375 46.080841064453125 53.6523590087890625 57.893489837646484375 85.5150909423828125 118.1129150390625 125.27191925048828125 101.3095245361328125 103.324005126953125 92.35283660888671875 99.03923797607421875 152.474639892578125 176.308197021484375 193.869171142578125 178.60235595703125 154.6535797119140625 165.410614013671875 179.9995880126953125 174.6675872802734375 149.0356903076171875 142.4954071044921875 166.6605682373046875 180.5350494384765625 177.3568878173828125 192.8351593017578125 182.3211669921875 136.77117919921875 120.191375732421875 130.1693267822265625 167.3994140625 182.4891815185546875 169.185699462890625 179.42083740234375 189.1298370361328125 162.8236236572265625 160.86590576171875 188.652191162109375 121.27733612060546875 116.38945770263671875 160.1674652099609375
47.694110870361328125 36.253879547119140625 7.7334952354431152344 20.037122726440429688 33.572906494140625 46.32198333740234375 61.242870330810546875 76.3040618896484375 128.558135986328125 140.608978271484375 156.4672698974609375 176.3472747802734375 76.92047882080078125 81.34705352783203125 113.19824981689453125 159.6230621337890625 172.7326202392578125 174.8052215576171875 180.3600006103515625 186.1461639404296875 174.89739990234375 160.84393310546875 138.366058349609375 153.121612548828125 177.8783111572265625 154.0686798095703125 176.7104644775390625 188.2854461669921875 168.4320831298828125 148.689697265625 122.30030059814453125 145.82275390625 187.333984375 177.8785858154296875 168.070037841796875 202.109039306640625 177.7089385986328125 110.5555572509765625 170.0956573486328125 138.69097900390625 107.175628662109375 128.289886474609375
39.936443328857421875 24.904706954956054688 3.5446491241455078125 12.42594146728515625 23.198759078979492188 49.799831390380859375 53.02709197998046875 51.842594146728515625 72.33650970458984375 106.31363677978515625 160.3875732421875 212.734771728515625 134.0121002197265625 89.30976104736328125 55.7135467529296875 73.76761627197265625 89.99962615966796875 139.51348876953125 189.3233642578125 190.783843994140625 167.0048828125 172.46014404296875 165.4653167724609375 149.2369384765625 165.499298095703125 149.256591796875 163.91510009765625 194.2064208984375 178.8613128662109375 183.632354736328125 146.975799560546875 83.10733795166015625 147.9942474365234375 187.7917938232421875 168.4527740478515625 210.342742919921875 218.0185089111328125 117.64572906494140625 129.6852569580078125 143.2967529296875 107.592193603515625 120.12406158447265625
34.04599761962890625 32.691616058349609375 10.669682502746582031 24.145734786987304688 59.534420013427734375 70.43597412109375 54.95035552978515625 43.511997222900390625 59.848339080810546875 73.0544891357421875 86.7598114013671875 187.6502532958984375 168.68963623046875 159.7747344970703125 121.29270172119140625 106.9271240234375 74.89870452880859375 43.830951690673828125 3.5033965110778808594 71.56561279296875 121.21826934814453125 154.903411865234375 173.31988525390625 158.629119873046875 150.2547454833984375 140.0421295166015625 158.962127685546875 208.8103485107421875 173.6595001220703125 196.69866943359375 223.3393096923828125 98.56879425048828125 92.83383941650390625 156.9909210205078125 168.340301513671875 201.8730010986328125 210.9633636474609375 159.5193023681640625 134.0121002197265625 140.6171722412109375 112.1660614013671875 107.96878814697265625
358.263763427734375 21.037405014038085938 35.754058837890625 75.69989776611328125 93.6213531494140625 92.6751708984375 95.59905242919921875 94.39839935302734375 86.9441375732421875 79.8340301513671875 69.3252410888671875 104.65631866455078125 161.5645599365234375 192.3386688232421875 137.120635986328125 133.9580230712890625 147.5284423828125 127.87451934814453125 131.5313720703125 133.18133544921875 126.86960601806640625 116.17478179931640625 138.730926513671875 158.198516845703125 108.4346923828125 97.1248321533203125 134.9996795654296875 198.4345703125 169.4605865478515625 219.89703369140625 236.6328582763671875 147.2248382568359375 117.25507354736328125 112.0359039306640625 138.575927734375 194.4998016357421875 218.9905242919921875 185.7100677490234375 145.2345428466796875 148.091278076171875 61.927478790283203125 64.11937713623046875
6.3405323028564453125 59.0364227294921875 100.92263031005859375 106.6988677978515625 110.375946044921875 99.887603759765625 107.0374298095703125 115.48378753662109375 96.33992767333984375 91.0646209716796875 89.99979400634765625 92.33713531494140625 117.0720062255859375 188.129852294921875 141.9806671142578125 129.55926513671875 147.2647247314453125 143.841461181640625 142.223846435546875 145.007293701171875 69.62299346923828125 93.28897857666015625 108.4344024658203125 341.56317138671875 68.74892425537109375 82.01952362060546875 94.1441802978515625 156.8009490966796875 169.28656005859375 227.3209075927734375 211.568328857421875 147.6418914794921875 156.7136077880859375 157.0676116943359375 120.2561798095703125 193.56988525390625 247.61907958984375 193.3919525146484375 142.124847412109375 193.3916015625 156.8009185791015625 117.22336578369140625
53.6160430908203125 94.26776885986328125 112.0676422119140625 115.51357269287109375 125.537322998046875 123.111114501953125 116.74786376953125 117.53592681884765625 111.59935760498046875 111.599334716796875 118.41249847412109375 117.68814849853515625 131.248046875 175.461883544921875 155.3760986328125 130.236053466796875 78.69039154052734375 100.71315765380859375 104.53436279296875 280.303955078125 99.24604034423828125 106.24268341064453125 148.44830322265625 188.39263916015625 155.3762054443359375 98.69532012939453125 80.53752899169921875 78.27469635009765625 111.801025390625 222.8785400390625 194.7429351806640625 131.854766845703125 136.7354278564453125 178.4922637939453125 157.479278564453125 307.234344482421875 279.161590576171875 198.434844970703125 50.194492340087890625 108.4346923828125 142.6785888671875 122.2885284423828125
115.709503173828125 102.20008087158203125 102.65230560302734375 110.772125244140625 114.84224700927734375 120.173431396484375 126.86968994140625 121.4167633056640625 121.420318603515625 117.96199798583984375 93.65207672119140625 71.9799957275390625 42.990108489990234375 16.189336776733398438 353.6591796875 348.177764892578125 32.47115325927734375 54.334819793701171875 42.797245025634765625 93.01317596435546875 128.7739105224609375 104.69698333740234375 113.74918365478515625 168.2748870849609375 169.248809814453125 147.170928955078125 115.97422027587890625 122.2421112060546875 134.9996795654296875 265.6005859375 248.19781494140625 79.07694244384765625 59.035999298095703125 29.357343673706054688 312.396636962890625 290.224212646484375 262.56878662109375 213.690185546875 174.0933074951171875 127.0728607177734375 123.17833709716796875 102.5286865234375
144.5927276611328125 143.3252716064453125 131.1116943359375 138.3270263671875 122.734893798828125 111.0977020263671875 120.35239410400390625 110.06279754638671875 101.513580322265625 84.2890777587890625 50.492099761962890625 30.76248931884765625 17.140338897705078125 14.153449058532714844 344.45294189453125 344.45770263671875 18.434940338134765625 23.056455612182617188 27.928918838500976562 40.471195220947265625 58.284641265869140625 86.79459381103515625 104.93088531494140625 121.37265777587890625 144.2459716796875 161.0948638916015625 136.36376953125 143.1298065185546875 205.70928955078125 261.157440185546875 108.4346923828125 102.72400665283203125 78.689788818359375 30.379152297973632812 329.825897216796875 328.569305419921875 356.18353271484375 147.9938507080078125 141.24139404296875 133.72662353515625 127.87473297119140625 113.42852020263671875
99.782379150390625 116.5650634765625 111.97426605224609375 125.88178253173828125 131.268341064453125 125.8191680908203125 121.75914764404296875 111.6051788330078125 98.8923187255859375 62.968891143798828125 37.30370330810546875 35.07375335693359375 13.134313583374023438 354.33953857421875 337.30535888671875 340.7822265625 11.195148468017578125 20.469068527221679688 35.86972808837890625 43.8227996826171875 46.420192718505859375 56.48189544677734375 39.1439056396484375 47.72625732421875 82.626129150390625 129.6102752685546875 129.3690185546875 130.33270263671875 211.5507354736328125 212.90478515625 175.710479736328125 171.2532501220703125 135.0007781982421875 335.135345458984375 334.05718994140625 14.036118507385253906 104.53446197509765625 148.1337738037109375 134.245819091796875 129.1223297119140625 146.0932159423828125 135.6156463623046875
89.99969482421875 105.86553192138671875 109.025421142578125 110.7139129638671875 120.19135284423828125 123.68973541259765625 110.33583831787109375 97.34088897705078125 79.418060302734375 28.442729949951171875 23.428775787353515625 11.592316627502441406 350.617767333984375 338.26690673828125 331.842926025390625 345.962921142578125 24.304595947265625 44.104534149169921875 57.380542755126953125 51.61331939697265625 39.84429168701171875 34.663318634033203125 22.08039093017578125 29.475841522216796875 40.9141998291015625 38.8296051025390625 41.74776458740234375 48.75151824951171875 44.999897003173828125 234.162078857421875 219.8054046630859375 282.264495849609375 318.467559814453125 318.575439453125 321.910919189453125 102.14373779296875 123.47602081298828125 153.946258544921875 141.339752197265625 114.145263671875 139.610260009765625 126.645233154296875
112.99886322021484375 123.3660125732421875 129.454345703125 125.4453125 120.35236358642578125 113.0392913818359375 84.80547332763671875 71.56502532958984375 55.9540252685546875 8.4269571304321289062 9.211071014404296875 351.55157470703125 338.354766845703125 336.369964599609375 333.434234619140625 6.188365936279296875 38.2337646484375 58.24047088623046875 72.99700927734375 56.650089263916015625 42.838779449462890625 40.236263275146484375 32.124828338623046875 34.770839691162109375 32.855640411376953125 28.821260452270507812 32.11479949951171875 36.05049896240234375 16.48867034912109375 353.436614990234375 347.194976806640625 331.69854736328125 333.121063232421875 338.197113037109375 147.3803863525390625 129.889251708984375 129.80523681640625 169.50830078125 173.233612060546875 88.83040618896484375 68.532257080078125 92.23101043701171875
117.3717193603515625 113.74919891357421875 109.41119384765625 99.4620513916015625 85.6012420654296875 78.070770263671875 59.6763916015625 64.77599334716796875 41.027462005615234375 349.930084228515625 356.986297607421875 344.30133056640625 340.724761962890625 347.470458984375 350.7060546875 7.2748055458068847656 29.62371063232421875 47.4628753662109375 61.2848358154296875 55.09734344482421875 57.6802520751953125 52.214141845703125 36.54483795166015625 38.796543121337890625 35.622920989990234375 40.125980377197265625 47.489498138427734375 43.19594573974609375 12.699501991271972656 6.0543336868286132812 358.9761962890625 335.941864013671875 345.06768798828125 32.6374053955078125 93.6520843505859375 113.88626861572265625 105.59250640869140625 101.31011199951171875 156.8021697998046875 247.37890625 53.673061370849609375 74.780364990234375
113.3047332763671875 109.5024261474609375 84.6679534912109375 57.09490203857421875 47.453975677490234375 35.788822174072265625 17.744546890258789062 39.70990753173828125 9.52001190185546875 348.922607421875 359.3480224609375 343.854827880859375 344.499908447265625 2.1746585369110107422 1.9751629829406738281 8.9726247787475585938 45.000095367431640625 57.094768524169921875 56.20062255859375 50.571956634521484375 53.9015350341796875 42.76882171630859375 24.179180145263671875 30.225391387939453125 34.027645111083984375 43.53105926513671875 47.90377044677734375 36.933055877685546875 10.007924079895019531 10.732680320739746094 1.5073925256729125977 344.16680908203125 346.848358154296875 52.274829864501953125 71.90087127685546875 63.083255767822265625 35.837718963623046875 7.5494627952575683594 18.85312652587890625 352.8739013671875 119.05449676513671875 91.14092254638671875
63.641803741455078125 44.22565460205078125 21.279483795166015625 18.43495941162109375 18.434906005859375 18.012096405029296875 14.481729507446289062 17.622236251831054688 357.246612548828125 357.562530517578125 11.154570579528808594 353.417205810546875 9.1624917984008789062 32.275600433349609375 0 34.11456298828125 82.3491668701171875 84.28922271728515625 76.701202392578125 55.153919219970703125 41.55243682861328125 37.626251220703125 18.8119964599609375 31.842233657836914062 40.552425384521484375 43.876567840576171875 46.818233489990234375 37.63188934326171875 15.883709907531738281 7.1249790191650390625 0.39506959915161132812 5.3709187507629394531 35.27278900146484375 82.941986083984375 74.05438232421875 67.65915679931640625 27.718603134155273438 5.4774699211120605469 36.41631317138671875 56.309844970703125 110.308380126953125 115.3713531494140625
38.0079498291015625 30.256160736083984375 7.3522477149963378906 5.5530753135681152344 6.9211282730102539062 19.776060104370117188 28.6387786865234375 6.9528174400329589844 350.13330078125 10.1959686279296875 22.109331130981445312 13.392353057861328125 19.983240127563476562 18.034387588500976562 17.300352096557617188 56.003345489501953125 64.50225067138671875 59.74334716796875 65.82065582275390625 47.16082763671875 38.34549713134765625 32.164440155029296875 21.329599380493164062 39.667758941650390625 41.284664154052734375 44.383819580078125 54.027477264404296875 46.2187957763671875 25.345947265625 8.1301202774047851562 21.037517547607421875 84.80558013916015625 100.00791168212890625 86.284698486328125 81.0272979736328125 73.90232086181640625 23.749555587768554688 36.253627777099609375 67.61951446533203125 70.08330535888671875 91.52054595947265625 100.64044189453125
