wildfire/work/fuelmodels/1768/aspect.asc
ncols        196
nrows        168
xllcorner    177175.000000000000
yllcorner    445250.000000000000
cellsize     5.000000000000
NODATA_value   -999
[rows 72 to 89 of 168, columns 126 to 167 of 196]
68.0391998291015625 80.78865814208984375 86.2311859130859375 79.6510009765625 61.11315155029296875 75.68881988525390625 66.60865020751953125 60.780742645263671875 71.5649871826171875 71.7673492431640625 66.3292236328125 61.5256805419921875 64.82238006591796875 51.054050445556640625 64.26513671875 74.248626708984375 72.6912689208984375 69.71059417724609375 79.23162841796875 82.5039215087890625 75.29631805419921875 77.7636871337890625 83.86246490478515625 84.5306396484375 82.8747711181640625 88.7075958251953125 93.6326446533203125 97.62397003173828125 103.86081695556640625 105.66788482666015625 104.70806121826171875 104.4438018798828125 101.61125946044921875 87.6783599853515625 87.36749267578125 95.04233551025390625 100.98033905029296875 91.46852874755859375 94.4605712890625 110.92425537109375 120.9636077880859375 122.56021881103515625
79.62408447265625 84.4944000244140625 85.86516571044921875 64.5922088623046875 56.309871673583984375 78.439727783203125 70.75516510009765625 67.79634857177734375 65.1704559326171875 57.749805450439453125 58.70679473876953125 64.93796539306640625 72.89717864990234375 68.62914276123046875 77.19551849365234375 85.462005615234375 89.192840576171875 83.50051116943359375 74.23270416259765625 66.8980255126953125 76.30974578857421875 89.696685791015625 93.0126953125 87.27362060546875 86.4031219482421875 95.32250213623046875 104.24979400634765625 104.4205322265625 100.3046417236328125 95.38907623291015625 94.34297943115234375 98.841552734375 122.73497772216796875 118.84246063232421875 110.2563629150390625 125.5375823974609375 139.6531219482421875 134.3966827392578125 114.0009613037109375 99.78208160400390625 86.2684326171875 71.5650634765625
83.33312225341796875 86.67244720458984375 79.59215545654296875 42.7094573974609375 49.698673248291015625 63.711597442626953125 64.01052093505859375 72.43285369873046875 72.66302490234375 69.71059417724609375 71.36531829833984375 78.81813812255859375 84.8053131103515625 86.28441619873046875 74.744842529296875 82.37879180908203125 92.3276519775390625 95.6593780517578125 77.471160888671875 75.3321380615234375 82.7248687744140625 86.9579925537109375 86.559967041015625 88.6026458740234375 90.939056396484375 89.0064239501953125 93.9723052978515625 100.37552642822265625 97.8955535888671875 91.92186737060546875 87.768707275390625 93.16021728515625 114.325347900390625 127.81909942626953125 125.28641510009765625 120.61838531494140625 120.29146575927734375 129.9202117919921875 129.5594482421875 125.78868865966796875 139.9162139892578125 146.093414306640625
78.28728485107421875 74.1973724365234375 59.893352508544921875 43.09070587158203125 61.335857391357421875 64.65360260009765625 62.102504730224609375 70.46318817138671875 76.75931549072265625 78.14679718017578125 75.72452545166015625 77.47093963623046875 79.26702880859375 88.29851531982421875 104.74343109130859375 88.94281005859375 79.44594573974609375 61.990741729736328125 83.57633209228515625 87.23593902587890625 84.1137847900390625 83.4799652099609375 81.68946075439453125 84.41248321533203125 85.0443115234375 80.3109283447265625 72.7338714599609375 71.10463714599609375 86.13898468017578125 99.78217315673828125 100.57338714599609375 98.74600982666015625 100.1453704833984375 109.2444915771484375 127.04210662841796875 132.3054656982421875 125.83736419677734375 122.618927001953125 115.59381103515625 117.39514923095703125 129.9361114501953125 125.10579681396484375
58.47780609130859375 44.999980926513671875 42.745269775390625 39.113895416259765625 46.31683349609375 66.58374786376953125 79.46070098876953125 83.65970611572265625 81.3356781005859375 79.33940887451171875 82.65856170654296875 80.5374908447265625 71.34197998046875 70.7872467041015625 92.4057159423828125 91.9554595947265625 67.99915313720703125 49.324951171875 67.55702972412109375 71.79582977294921875 81.62551116943359375 85.76336669921875 86.0545806884765625 84.91357421875 83.129730224609375 85.12041473388671875 85.27178192138671875 84.87155914306640625 88.8873138427734375 98.7971038818359375 110.6684722900390625 111.26678466796875 100.944000244140625 91.33203887939453125 85.3643341064453125 98.7071533203125 110.965576171875 112.30602264404296875 103.12020111083984375 98.64258575439453125 74.89849853515625 84.15509796142578125
55.1621856689453125 47.806324005126953125 52.786808013916015625 51.215549468994140625 67.24892425537109375 86.51052093505859375 95.80142974853515625 92.901763916015625 85.91424560546875 87.9009552001953125 93.04815673828125 88.9454345703125 85.1432952880859375 89.62033843994140625 96.92084503173828125 95.12297821044921875 72.4285888671875 72.6257781982421875 78.6898345947265625 82.049041748046875 89.1775054931640625 89.20781707763671875 88.02494049072265625 89.99990081787109375 93.63811492919921875 94.820648193359375 102.171295166015625 111.13150787353515625 103.47298431396484375 95.30704498291015625 94.30411529541015625 100.78392791748046875 107.83982086181640625 108.18329620361328125 90.64342498779296875 81.28504180908203125 90.45093536376953125 106.38934326171875 101.45368194580078125 108.43476104736328125 104.7435455322265625 91.15319061279296875
78.1974639892578125 90.97074127197265625 94.949920654296875 97.8954620361328125 101.45849609375 94.50466156005859375 90.28199005126953125 89.6997528076171875 85.31385040283203125 82.9098663330078125 78.02367401123046875 66.27944183349609375 73.50634002685546875 89.99979400634765625 99.9039154052734375 99.19641876220703125 78.9763641357421875 84.91357421875 91.42473602294921875 93.539306640625 93.67426300048828125 95.57843780517578125 95.74393463134765625 91.20580291748046875 91.82773590087890625 94.9389801025390625 97.0866546630859375 103.81479644775390625 108.22486114501953125 102.63880157470703125 94.49684906005859375 95.7102813720703125 103.47283172607421875 112.80936431884765625 105.94525146484375 82.71578216552734375 87.9044952392578125 109.611785888671875 101.76800537109375 94.3983154296875 116.99558258056640625 105.94522857666015625
79.33935546875 92.65383148193359375 107.18935394287109375 110.5557861328125 106.4339141845703125 96.53182220458984375 89.16934967041015625 88.43463134765625 82.17067718505859375 75.67705535888671875 74.0543670654296875 62.987133026123046875 64.46236419677734375 74.29119873046875 84.5075225830078125 91.847320556640625 100.3045196533203125 93.7003021240234375 94.23612213134765625 96.0086822509765625 95.78522491455078125 98.417327880859375 102.942291259765625 99.82491302490234375 96.53627777099609375 96.6483612060546875 95.0860595703125 95.3997650146484375 101.3096466064453125 106.1441192626953125 102.68022918701171875 97.61177825927734375 98.209747314453125 104.620697021484375 134.9996795654296875 107.89156341552734375 100.53893280029296875 96.60463714599609375 76.503997802734375 62.300251007080078125 84.507568359375 98.25249481201171875
86.70365142822265625 87.68274688720703125 91.73558807373046875 96.5196533203125 97.76495361328125 79.24897003173828125 65.16251373291015625 67.5366973876953125 76.29293060302734375 81.0272216796875 77.29581451416015625 78.68991851806640625 88.5309600830078125 84.767486572265625 77.08197784423828125 70.97415924072265625 97.979766845703125 103.68616485595703125 96.4637908935546875 95.599029541015625 98.8201141357421875 95.6304779052734375 94.76346588134765625 98.84161376953125 100.0077362060546875 101.04067230224609375 98.65232086181640625 94.61975860595703125 86.09130096435546875 81.3626861572265625 89.66075897216796875 97.9932861328125 102.99439239501953125 105.25501251220703125 106.1892242431640625 108.94631195068359375 105.69753265380859375 97.85308074951171875 72.05043792724609375 89.49285125732421875 100.96762847900390625 101.14868927001953125
85.79925537109375 74.19733428955078125 69.5899505615234375 63.59986114501953125 65.4326324462890625 56.0936279296875 78.69000244140625 85.35190582275390625 89.3967437744140625 88.15227508544921875 80.5376129150390625 77.90515899658203125 88.30523681640625 89.5263214111328125 75.28781890869140625 62.29230499267578125 80.9949951171875 94.170196533203125 93.25174713134765625 92.5111541748046875 94.20880126953125 92.9813079833984375 94.01934051513671875 96.74533843994140625 96.47592926025390625 100.045074462890625 102.4256134033203125 98.21892547607421875 92.185638427734375 88.61946868896484375 92.05561065673828125 95.07440948486328125 94.8987274169921875 42.39731597900390625 76.60718536376953125 94.05908966064453125 98.24602508544921875 119.29113006591796875 117.52515411376953125 105.3266448974609375 104.958251953125 101.481658935546875
80.909332275390625 76.71484375 76.13018798828125 71.56488037109375 73.44271087646484375 92.725982666015625 113.67017364501953125 97.05756378173828125 79.5306396484375 72.04036712646484375 72.979248046875 75.51800537109375 80.09563446044921875 87.4498748779296875 96.49912261962890625 99.0576324462890625 91.882110595703125 88.5158538818359375 89.99985504150390625 89.74742889404296875 84.52246856689453125 87.81815338134765625 100.3971099853515625 107.85982513427734375 104.93120574951171875 101.9205322265625 97.935302734375 88.10323333740234375 84.3324737548828125 92.8782196044921875 89.37029266357421875 85.30695343017578125 82.8747711181640625 21.03847503662109375 89.5623321533203125 89.999725341796875 89.57537841796875 104.65643310546875 116.82170867919921875 111.55169677734375 98.82024383544921875 86.87779998779296875
84.21728515625 94.11196136474609375 95.33196258544921875 95.1942596435546875 95.47721099853515625 91.36380767822265625 88.128143310546875 75.96367645263671875 61.335910797119140625 59.90242767333984375 75.4433441162109375 91.95227813720703125 97.53476715087890625 94.131805419921875 98.039215087890625 102.528594970703125 92.69759368896484375 86.559906005859375 88.5459136962890625 91.84743499755859375 87.94391632080078125 85.897003173828125 90.2227783203125 101.42099761962890625 109.23035430908203125 103.68978118896484375 98.2307891845703125 97.86893463134765625 92.05994415283203125 90.30294036865234375 82.77553558349609375 79.71453094482421875 66.07277679443359375 33.440212249755859375 85.94063568115234375 81.5110626220703125 68.7906951904296875 62.927661895751953125 74.4755401611328125 88.209930419921875 96.74549102783203125 97.561187744140625
83.2109375 77.70464324951171875 75.87198638916015625 79.26708221435546875 85.9404296875 91.0542144775390625 92.26033782958984375 94.63524627685546875 89.50998687744140625 89.99973297119140625 92.98407745361328125 94.74034881591796875 98.38303375244140625 91.46857452392578125 84.19820404052734375 87.39725494384765625 87.929779052734375 86.559906005859375 92.7986907958984375 94.94580841064453125 94.01938629150390625 93.3662261962890625 91.9160308837890625 93.01259613037109375 95.50525665283203125 96.8745880126953125 94.11196136474609375 92.4467010498046875 95.9878997802734375 92.9438323974609375 91.73545074462890625 82.33304595947265625 53.13006591796875 54.35280609130859375 81.6895294189453125 68.62935638427734375 71.053314208984375 72.52495574951171875 78.87839508056640625 89.656768798828125 103.448333740234375 99.3812255859375
78.54599761962890625 71.07532501220703125 71.12253570556640625 76.45185089111328125 85.030059814453125 96.74532318115234375 102.09447479248046875 101.67340850830078125 114.829010009765625 113.4982757568359375 102.76296234130859375 89.421051025390625 85.9141998291015625 85.8148956298828125 85.50930023193359375 89.63006591796875 96.027313232421875 99.18036651611328125 96.3400115966796875 87.15323638916015625 90.78462982177734375 103.6820068359375 107.314117431640625 99.6372833251953125 97.001068115234375 101.309783935546875 96.24176788330078125 90.46552276611328125 91.52719879150390625 89.26519012451171875 101.30966949462890625 111.0919952392578125 91.5476837158203125 89.64377593994140625 88.54947662353515625 72.8472747802734375 81.86972808837890625 86.8451385498046875 91.444122314453125 86.00897979736328125 81.41617584228515625 89.49274444580078125
86.63347625732421875 88.20984649658203125 87.4787750244140625 84.49425506591796875 83.4720306396484375 89.49724578857421875 105.1237335205078125 118.663726806640625 121.29280853271484375 111.39965057373046875 103.2606658935546875 101.92041778564453125 99.03266143798828125 95.885772705078125 86.67250823974609375 83.5890045166015625 94.49016571044921875 100.88527679443359375 98.8541107177734375 97.640167236328125 97.823455810546875 99.30664825439453125 98.66390228271484375 91.88796234130859375 89.3560333251953125 90.763702392578125 97.47144317626953125 102.99444580078125 101.90801239013671875 97.6741943359375 97.23668670654296875 117.3235931396484375 146.768218994140625 102.56333160400390625 98.53054046630859375 101.7452392578125 104.981353759765625 103.626800537109375 103.13378143310546875 99.88114166259765625 101.68906402587890625 99.129852294921875
96.70963287353515625 107.4470977783203125 108.6620635986328125 105.31658935546875 100.407501220703125 92.0270538330078125 92.38561248779296875 105.35523223876953125 116.22162628173828125 113.07799530029296875 105.25499725341796875 100.7508544921875 94.127410888671875 94.350830078125 91.21868896484375 93.30171966552734375 99.7130584716796875 103.3441619873046875 106.18890380859375 107.6074371337890625 98.5629730224609375 92.385711669921875 92.01442718505859375 93.0482940673828125 89.66872406005859375 92.39998626708984375 98.61531829833984375 98.488677978515625 99.21083831787109375 102.3004150390625 94.3321075439453125 96.80872344970703125 132.063934326171875 104.88602447509765625 103.339019775390625 99.1620635986328125 103.32422637939453125 108.43463897705078125 106.48845672607421875 105.50472259521484375 109.38416290283203125 102.65225982666015625
97.6956939697265625 101.8700408935546875 104.0361785888671875 107.85009002685546875 112.91254425048828125 108.239105224609375 91.80850982666015625 87.17581939697265625 98.9722900390625 117.8968505859375 112.77013397216796875 105.87587738037109375 88.80638885498046875 92.8621978759765625 102.6190185546875 97.8444976806640625 95.6593475341796875 93.15052032470703125 94.813262939453125 99.40897369384765625 97.59441375732421875 93.87099456787109375 92.75222015380859375 96.3399810791015625 101.185211181640625 103.041717529296875 104.8755645751953125 104.42063140869140625 105.94513702392578125 110.376129150390625 99.81452178955078125 100.05400848388671875 117.64551544189453125 102.264434814453125 106.644744873046875 105.70843505859375 100.7506866455078125 102.84735107421875 101.48169708251953125 97.1715240478515625 97.81523895263671875 102.46485137939453125
91.00482940673828125 79.72882843017578125 72.3155517578125 80.97223663330078125 90.263824462890625 94.52457427978515625 87.8250732421875 88.80133056640625 95.3007049560546875 103.828369140625 100.43719482421875 109.25890350341796875 99.00446319580078125 94.1048126220703125 87.70905303955078125 83.94948577880859375 83.48732757568359375 84.99585723876953125 88.34745025634765625 98.97234344482421875 104.09336090087890625 98.129913330078125 91.38350677490234375 92.78495025634765625 96.27408599853515625 98.49828338623046875 105.6107177734375 109.35875701904296875 105.998046875 104.7080078125 104.09752655029296875 105.88365936279296875 104.036285400390625 101.6335296630859375 109.38421630859375 108.43463897705078125 104.31453704833984375 100.6845855712890625 99.0576324462890625 100.3414154052734375 101.51355743408203125 100.58129119873046875
