wildfire/work/fuelmodels/1768/aspect.asc
ncols        196
nrows        168
xllcorner    177175.000000000000
yllcorner    445250.000000000000
cellsize     5.000000000000
NODATA_value   -999
[rows 108 to 125 of 168, columns 42 to 83 of 196]
112.42040252685546875 121.65077972412109375 99.02745819091796875 79.418243408203125 64.98326873779296875 80.13430023193359375 71.56510162353515625 47.93566131591796875 333.433807373046875 274.08349609375 92.7276763916015625 77.275726318359375 40.233402252197265625 277.12493896484375 250.513275146484375 235.20343017578125 258.9505615234375 259.7425537109375 257.25408935546875 262.503631591796875 263.76519775390625 277.43328857421875 58.29808807373046875 24.93686676025390625 310.6376953125 329.034515380859375 81.22478485107421875 66.990875244140625 75.80104827880859375 79.50815582275390625 76.56162261962890625 73.7797393798828125 70.27777099609375 65.72563934326171875 57.90735626220703125 59.2257232666015625 60.81119537353515625 56.997119903564453125 71.79613494873046875 77.39972686767578125 67.30596160888671875 63.434528350830078125
94.87372589111328125 96.51995849609375 98.49861907958984375 97.0285186767578125 102.994720458984375 111.8015289306640625 79.379791259765625 46.9744873046875 18.435342788696289062 322.123260498046875 113.1993255615234375 74.7453765869140625 354.470428466796875 322.592742919921875 189.864532470703125 220.2357635498046875 247.7503814697265625 247.165771484375 239.637603759765625 240.0370941162109375 243.267303466796875 239.9311676025390625 44.999897003173828125 29.389438629150390625 330.6788330078125 59.035945892333984375 89.99961090087890625 83.55806732177734375 76.11530303955078125 79.03667449951171875 84.57183074951171875 78.80181121826171875 69.6083984375 62.447017669677734375 61.66058349609375 62.938640594482421875 56.395111083984375 52.6667938232421875 72.73795318603515625 76.20597076416015625 63.19887542724609375 66.5709228515625
79.06072998046875 69.70241546630859375 70.7689971923828125 75.11330413818359375 81.65563201904296875 78.68868255615234375 73.60764312744140625 71.56426239013671875 107.44635009765625 151.556304931640625 159.5373077392578125 192.42559814453125 206.5645751953125 164.744720458984375 134.9996795654296875 233.2965087890625 247.7234954833984375 240.8865814208984375 235.2283782958984375 236.6108856201171875 234.46173095703125 231.202789306640625 221.7283172607421875 117.349151611328125 219.8057861328125 102.4252471923828125 107.353790283203125 129.6438751220703125 115.01659393310546875 103.84050750732421875 94.0631866455078125 84.472259521484375 82.4503631591796875 80.32633209228515625 82.5427398681640625 78.69008636474609375 72.255401611328125 74.0017547607421875 80.05926513671875 73.6102142333984375 61.55678558349609375 69.64661407470703125
102.30768585205078125 102.264007568359375 99.24554443359375 97.94319915771484375 96.169525146484375 104.34820556640625 134.9996795654296875 102.72467803955078125 118.3004150390625 149.0355377197265625 155.555084228515625 184.184356689453125 201.64404296875 210.529449462890625 108.43344879150390625 227.72637939453125 248.126068115234375 243.129547119140625 244.7462310791015625 242.434539794921875 237.0644683837890625 232.124359130859375 214.42578125 176.0543212890625 164.291168212890625 145.191162109375 119.4334869384765625 129.1842498779296875 129.71844482421875 113.3553314208984375 108.66219329833984375 104.83469390869140625 102.06728363037109375 94.65299224853515625 88.09072113037109375 79.14361572265625 76.6074981689453125 73.95105743408203125 78.3580780029296875 79.86181640625 70.38764190673828125 67.3801422119140625
119.74466705322265625 126.72405242919921875 115.167633056640625 111.42519378662109375 107.4028167724609375 109.1337890625 175.23504638671875 126.46923828125 105.68975830078125 110.55623626708984375 108.4325103759765625 117.4726104736328125 232.7653656005859375 249.4437103271484375 139.084625244140625 179.9995880126953125 240.3124542236328125 239.2805023193359375 232.623565673828125 226.659942626953125 231.2962799072265625 221.477935791015625 201.740386962890625 189.63726806640625 163.4425811767578125 149.62042236328125 130.8484039306640625 122.9774322509765625 122.0922698974609375 111.208984375 106.53955841064453125 107.0326385498046875 110.18544769287109375 104.2998504638671875 94.85625457763671875 92.76348114013671875 90.42412567138671875 80.24752044677734375 80.94195556640625 78.550445556640625 61.50417327880859375 67.93198394775390625
131.5101470947265625 141.5813446044921875 118.66355133056640625 115.61537933349609375 118.41292572021484375 125.1804656982421875 161.564666748046875 153.1037139892578125 122.09223175048828125 152.3534393310546875 152.6505126953125 136.591156005859375 208.141265869140625 198.924102783203125 166.3282470703125 216.253082275390625 247.2028961181640625 228.1102752685546875 224.5297393798828125 224.9996337890625 222.3969268798828125 206.56451416015625 195.494476318359375 193.8968505859375 174.1434326171875 148.890533447265625 134.464324951171875 130.236114501953125 135.4808807373046875 136.8323974609375 125.26025390625 118.2577972412109375 120.1316680908203125 119.21915435791015625 104.95847320556640625 98.7747955322265625 96.44933319091796875 92.4467926025390625 90.2820892333984375 83.31308746337890625 61.587215423583984375 75.4995574951171875
137.419097900390625 151.259368896484375 131.1851806640625 124.777496337890625 130.3891143798828125 131.4781494140625 147.011016845703125 155.9553985595703125 148.626953125 176.552001953125 176.0543212890625 138.180206298828125 187.124755859375 170.7883453369140625 183.4469146728515625 226.8178253173828125 207.3494110107421875 203.343505859375 221.1208648681640625 214.966583251953125 206.332763671875 199.0250396728515625 194.9616546630859375 200.586273193359375 185.365142822265625 161.5643768310546875 149.3394622802734375 139.8988800048828125 139.69256591796875 139.2049713134765625 137.453765869140625 132.1374053955078125 116.3719024658203125 106.18891143798828125 94.8077545166015625 84.656707763671875 82.9983978271484375 85.52451324462890625 83.3250885009765625 74.8195648193359375 68.62914276123046875 86.478607177734375
139.4847869873046875 141.115264892578125 143.615142822265625 135.9543609619140625 121.93024444580078125 117.34947967529296875 124.56165313720703125 136.040740966796875 140.964141845703125 171.3468780517578125 185.10186767578125 169.548248291015625 179.3256683349609375 156.94830322265625 178.121673583984375 209.123504638671875 189.5294952392578125 190.95367431640625 209.2606201171875 202.186279296875 201.438140869140625 202.0673065185546875 200.6584320068359375 204.62322998046875 185.042022705078125 165.6250762939453125 156.2710723876953125 144.7162017822265625 145.228729248046875 138.6911468505859375 131.960235595703125 134.2557525634765625 119.744873046875 116.074981689453125 119.1566619873046875 109.86676788330078125 102.6330413818359375 95.09171295166015625 82.072723388671875 71.56478118896484375 71.9394378662109375 87.31005096435546875
149.036285400390625 124.0454559326171875 136.5478668212890625 154.707794189453125 145.7839202880859375 141.2256927490234375 138.3660125732421875 123.2741241455078125 122.15154266357421875 145.922149658203125 172.8062591552734375 173.0883941650390625 181.6131439208984375 156.447418212890625 178.53076171875 219.1836395263671875 194.5736236572265625 194.796417236328125 196.78204345703125 201.4596099853515625 214.3801116943359375 206.56463623046875 196.730987548828125 198.9616546630859375 186.2768707275390625 174.4942626953125 155.486663818359375 132.8383636474609375 133.7674560546875 130.06048583984375 117.47400665283203125 129.0348968505859375 134.9996795654296875 132.731689453125 136.65191650390625 136.20574951171875 125.073486328125 117.12125396728515625 100.61946868896484375 95.5274200439453125 94.99375152587890625 93.532012939453125
159.7025299072265625 133.289520263671875 120.0179595947265625 140.35595703125 151.9552001953125 157.1092681884765625 165.6686248779296875 156.8010406494140625 149.1905517578125 148.6499176025390625 152.7153778076171875 160.050567626953125 181.080596923828125 153.2887725830078125 181.80072021484375 220.971282958984375 191.309539794921875 186.5193634033203125 186.7530059814453125 207.0572967529296875 213.5931854248046875 190.15850830078125 188.7016143798828125 195.75054931640625 187.160125732421875 186.20947265625 178.4085693359375 136.487579345703125 119.6778717041015625 125.837127685546875 117.09539794921875 117.80129241943359375 130.6486358642578125 129.412445068359375 124.57879638671875 131.2357330322265625 133.5497283935546875 137.683685302734375 109.79864501953125 97.184051513671875 97.66677093505859375 95.57198333740234375
148.7223663330078125 158.4117279052734375 150.0910491943359375 140.440155029296875 124.17691802978515625 132.9300079345703125 158.9622344970703125 161.0294036865234375 157.3798370361328125 157.5737152099609375 154.884552001953125 151.0319366455078125 174.536102294921875 147.7392425537109375 175.8649444580078125 211.3828277587890625 188.7847747802734375 184.9932098388671875 191.3094329833984375 205.8575286865234375 195.9058074951171875 185.9055633544921875 192.528289794921875 197.0324249267578125 185.42486572265625 186.8658447265625 193.3921356201171875 174.0937042236328125 141.6663360595703125 130.600738525390625 127.40493011474609375 117.64600372314453125 121.551513671875 130.5028076171875 129.8050384521484375 121.8090362548828125 117.3873291015625 131.1857452392578125 114.3253326416015625 98.426849365234375 96.22557830810546875 94.288787841796875
102.26438140869140625 130.8649444580078125 156.8011322021484375 169.215362548828125 147.2244720458984375 91.54827880859375 86.710601806640625 125.53731536865234375 145.560791015625 138.447021484375 149.435302734375 163.3385467529296875 164.538665771484375 147.094451904296875 173.2201080322265625 200.4093780517578125 188.58294677734375 190.0387725830078125 193.3172454833984375 193.799163818359375 186.441131591796875 188.1937408447265625 191.3983001708984375 194.4332733154296875 192.3126068115234375 192.041839599609375 192.8847808837890625 186.6323394775390625 177.4359283447265625 145.4370574951171875 132.45458984375 125.72689056396484375 119.74468231201171875 117.51202392578125 124.77754974365234375 125.0488433837890625 111.80098724365234375 106.92722320556640625 105.524017333984375 108.4346923828125 109.68677520751953125 98.35425567626953125
80.18050384521484375 70.20098114013671875 88.95813751220703125 146.7680511474609375 171.2242889404296875 174.4992828369140625 132.7686004638671875 120.963470458984375 150.9451446533203125 141.8425750732421875 137.06353759765625 159.5667877197265625 158.198333740234375 162.723602294921875 178.3440093994140625 185.07916259765625 185.091583251953125 184.84368896484375 187.8891754150390625 186.9229278564453125 184.3677825927734375 186.38232421875 190.117584228515625 195.8652496337890625 201.4046630859375 194.4060516357421875 181.56182861328125 190.4718780517578125 193.3635406494140625 165.439300537109375 147.46453857421875 130.235809326171875 119.475494384765625 112.37994384765625 113.8387298583984375 130.1008148193359375 143.56915283203125 154.249114990234375 135.795257568359375 119.05435943603515625 121.1387939453125 106.927520751953125
121.46376800537109375 93.4332733154296875 79.9022216796875 84.472320556640625 123.54087066650390625 166.9540557861328125 171.9505767822265625 144.2108612060546875 137.573333740234375 141.6204833984375 141.99163818359375 137.833953857421875 135.7955780029296875 167.0049591064453125 182.845947265625 179.3558197021484375 172.74652099609375 174.4721221923828125 182.5203094482421875 184.242095947265625 183.903900146484375 184.6074981689453125 188.5057220458984375 194.3849639892578125 200.6104583740234375 191.3755645751953125 187.076019287109375 200.248199462890625 201.5833892822265625 174.4720001220703125 161.322967529296875 154.3737640380859375 143.12969970703125 137.6624755859375 134.45391845703125 140.9240875244140625 151.188873291015625 159.7338409423828125 155.924163818359375 141.2254638671875 139.7630157470703125 128.6595916748046875
120.49936676025390625 128.6593475341796875 113.749053955078125 102.3000030517578125 93.929779052734375 102.7832489013671875 149.3350982666015625 164.5254974365234375 157.18365478515625 132.29888916015625 143.309783935546875 135.515960693359375 123.921173095703125 151.99053955078125 178.7805633544921875 174.851593017578125 163.12835693359375 168.51763916015625 176.633056640625 182.7258758544921875 183.7149505615234375 181.2038116455078125 184.6601104736328125 192.21533203125 196.465423583984375 195.00445556640625 197.6932220458984375 197.8727874755859375 198.096771240234375 181.6245880126953125 168.0702972412109375 174.011444091796875 173.9779052734375 160.0421905517578125 144.6886138916015625 143.12957763671875 151.0902252197265625 158.411712646484375 154.0932769775390625 150.62384033203125 155.5042724609375 150.0267333984375
109.2040252685546875 113.629425048828125 117.32378387451171875 120.40312957763671875 116.782257080078125 90.5156707763671875 80.469512939453125 112.58345794677734375 157.293243408203125 150.8258209228515625 153.2624359130859375 136.15704345703125 115.285430908203125 127.078948974609375 158.6036224365234375 174.28875732421875 159.3309326171875 156.8010406494140625 166.742218017578125 176.9332122802734375 180.2244110107421875 173.83465576171875 180.179229736328125 191.3737640380859375 193.308685302734375 197.31292724609375 197.1891021728515625 193.3794708251953125 193.741668701171875 182.983917236328125 172.311187744140625 180.8019866943359375 187.6556549072265625 173.8528900146484375 163.11297607421875 156.873046875 155.36505126953125 166.7591705322265625 155.3390350341796875 148.0228729248046875 156.459564208984375 150.9449920654296875
131.71051025390625 128.2543182373046875 121.35698699951171875 122.828399658203125 133.6517791748046875 137.96051025390625 98.129730224609375 79.7288055419921875 76.4294891357421875 108.4347991943359375 147.8040008544921875 149.675872802734375 114.91774749755859375 102.99439239501953125 118.69795989990234375 165.6500244140625 164.998260498046875 150.3329620361328125 157.266082763671875 169.34576416015625 174.9958038330078125 167.2281951904296875 175.1144561767578125 184.9693450927734375 186.7093658447265625 191.8593902587890625 192.71612548828125 194.70635986328125 191.06439208984375 182.38037109375 179.6008453369140625 185.405303955078125 188.3737945556640625 180.4391632080078125 174.7765655517578125 175.0788726806640625 165.6181640625 166.4136505126953125 163.039764404296875 156.605224609375 164.62872314453125 158.4982757568359375
137.7002716064453125 139.440826416015625 129.3401641845703125 126.94061279296875 138.4679718017578125 157.1092681884765625 147.1883087158203125 140.825927734375 105.045867919921875 86.22742462158203125 105.64214324951171875 150.421661376953125 125.03612518310546875 102.8936920166015625 100.3942413330078125 126.57282257080078125 155.853973388671875 144.7616119384765625 134.9999237060546875 149.1908416748046875 160.6934661865234375 164.5872955322265625 169.147125244140625 167.61883544921875 175.120269775390625 185.033355712890625 188.0166778564453125 192.1844940185546875 186.884918212890625 180.40740966796875 184.3040618896484375 185.63623046875 184.4967498779296875 184.07733154296875 179.1794586181640625 181.0582275390625 175.848297119140625 169.6644744873046875 170.614044189453125 169.498748779296875 177.696685791015625 171.593963623046875
