wildfire/work/fuelmodels/1768/aspect.asc
ncols        196
nrows        168
xllcorner    177175.000000000000
yllcorner    445250.000000000000
cellsize     5.000000000000
NODATA_value   -999
[rows 90 to 107 of 168, columns 84 to 125 of 196]
51.169979095458984375 48.45317840576171875 39.559467315673828125 32.47100830078125 38.157047271728515625 44.999897003173828125 43.994792938232421875 38.751468658447265625 28.539937973022460938 22.816070556640625 40.674846649169921875 46.292003631591796875 37.631786346435546875 44.083221435546875 55.268169403076171875 64.51578521728515625 40.32245635986328125 37.800746917724609375 70.83670806884765625 87.414154052734375 102.900848388671875 115.9741668701171875 122.4708404541015625 123.3658905029296875 88.02480316162109375 79.3800506591796875 66.6822052001953125 52.740375518798828125 50.0919952392578125 62.1755523681640625 69.11376190185546875 68.80583953857421875 81.46942138671875 89.99997711181640625 87.197357177734375 81.7025909423828125 77.69925689697265625 86.77881622314453125 95.27718353271484375 105.1236114501953125 95.1425323486328125 94.2004547119140625
42.990306854248046875 39.8476409912109375 32.9384918212890625 33.79387664794921875 42.990108489990234375 45.444133758544921875 28.9265289306640625 23.645521163940429688 34.057842254638671875 38.29027557373046875 49.236179351806640625 49.513675689697265625 44.474151611328125 63.28505706787109375 71.9726104736328125 73.6980743408203125 54.210559844970703125 48.327239990234375 60.21938323974609375 70.51361846923828125 82.43839263916015625 82.184661865234375 76.37284088134765625 62.19830322265625 73.53963470458984375 70.70981597900390625 66.09246826171875 84.64403533935546875 102.8746185302734375 111.18088531494140625 108.681427001953125 98.12999725341796875 94.59050750732421875 106.0974273681640625 115.55971527099609375 91.168731689453125 75.86646270751953125 77.5246124267578125 72.36800384521484375 65.291839599609375 82.7077484130859375 93.70025634765625
31.56168365478515625 29.52141571044921875 34.770984649658203125 46.431926727294921875 43.842540740966796875 31.079122543334960938 22.2491302490234375 27.149688720703125 47.8221893310546875 50.3143768310546875 50.956783294677734375 51.519832611083984375 59.43597412109375 70.6099853515625 76.5511627197265625 80.997955322265625 48.57596588134765625 50.3320159912109375 75.7450408935546875 68.304595947265625 54.782367706298828125 38.391475677490234375 39.1438751220703125 40.36463165283203125 52.64032745361328125 50.37646484375 52.96942138671875 71.5648040771484375 79.87514495849609375 82.62609100341796875 91.236297607421875 114.7430419921875 120.18621063232421875 118.21701812744140625 126.027130126953125 113.86009979248046875 106.4339752197265625 90.99321746826171875 71.56494903564453125 66.46004486083984375 79.7916259765625 86.69301605224609375
30.173379898071289062 37.875049591064453125 49.803485870361328125 54.46236419677734375 26.742750167846679688 19.34088897705078125 36.51839447021484375 48.333805084228515625 60.499065399169921875 56.218448638916015625 58.458469390869140625 68.96259307861328125 74.8864898681640625 73.83081817626953125 83.17638397216796875 89.69986724853515625 0 51.469753265380859375 78.49066162109375 85.99211883544921875 85.3834228515625 80.6042022705078125 79.56235504150390625 79.3077392578125 79.50850677490234375 78.11136627197265625 76.32845306396484375 72.55261993408203125 61.741786956787109375 58.638866424560546875 66.57984161376953125 77.0572662353515625 83.26935577392578125 74.886383056640625 71.56488037109375 98.7459716796875 108.43459320068359375 109.772125244140625 115.8514862060546875 119.34564971923828125 114.77492523193359375 109.074920654296875
43.958240509033203125 57.994426727294921875 60.046192169189453125 38.550518035888671875 15.718747138977050781 28.00917816162109375 47.426197052001953125 55.3484954833984375 57.26444244384765625 56.029232025146484375 63.024700164794921875 64.7142486572265625 67.080169677734375 79.3209075927734375 88.5416717529296875 89.99967193603515625 281.309722900390625 52.32598114013671875 68.62920379638671875 73.1414947509765625 83.1855010986328125 85.475006103515625 79.8454742431640625 80.3622589111328125 93.01255035400390625 106.38942718505859375 95.82630157470703125 90.75365447998046875 89.22554779052734375 91.997589111328125 86.347503662109375 69.84235382080078125 60.376232147216796875 55.06890106201171875 66.30560302734375 77.21063232421875 78.52413177490234375 85.4517822265625 88.15229034423828125 91.53607177734375 95.75798797607421875 97.45684814453125
58.34857177734375 55.45168304443359375 34.48746490478515625 24.315980911254882812 33.331073760986328125 49.9163055419921875 46.636402130126953125 49.205188751220703125 52.45021820068359375 59.369976043701171875 65.5560455322265625 68.65395355224609375 79.99166107177734375 86.66886138916015625 86.10388946533203125 85.82927703857421875 248.4283447265625 134.9996795654296875 74.70105743408203125 74.02465057373046875 75.650421142578125 80.719757080078125 78.690032958984375 81.229156494140625 88.6828460693359375 106.18868255615234375 97.76513671875 90.40068817138671875 89.62041473388671875 84.74205780029296875 78.00308990478515625 79.5921173095703125 85.42577362060546875 95.855804443359375 102.72409820556640625 93.179534912109375 87.67836761474609375 82.072998046875 66.876007080078125 67.260406494140625 73.45299530029296875 80.76642608642578125
72.71044921875 50.37644195556640625 34.69512176513671875 50.403667449951171875 53.685962677001953125 56.43347930908203125 59.381000518798828125 73.22833251953125 75.0461578369140625 70.200927734375 69.834930419921875 72.833740234375 74.2750701904296875 73.1912078857421875 82.0381622314453125 74.85208892822265625 355.600341796875 123.691741943359375 101.5752105712890625 88.6778717041015625 89.71468353271484375 97.2529296875 101.30970001220703125 91.397003173828125 83.107452392578125 78.14690399169921875 95.77408599853515625 93.521148681640625 84.28907012939453125 78.23154449462890625 83.289947509765625 89.64807891845703125 89.99964141845703125 92.669677734375 101.03234100341796875 106.6541290283203125 99.09008026123046875 99.0575408935546875 100.304443359375 97.43109893798828125 99.08301544189453125 104.47808837890625
71.564666748046875 44.99956512451171875 55.375705718994140625 60.73194122314453125 50.27361297607421875 55.12459564208984375 68.56497955322265625 81.0269622802734375 79.9917144775390625 77.30011749267578125 79.57895660400390625 81.23218536376953125 75.44354248046875 73.9438629150390625 78.53856658935546875 50.057064056396484375 13.600459098815917969 67.14513397216796875 96.66672515869140625 95.3257293701171875 94.55364990234375 95.389129638671875 101.50453948974609375 101.928924560546875 85.8550872802734375 69.56708526611328125 76.21808624267578125 82.0020599365234375 81.35709381103515625 87.02613067626953125 96.5275115966796875 99.58261871337890625 94.69853973388671875 93.0713653564453125 93.72412872314453125 102.66992950439453125 109.77220916748046875 115.95848846435546875 118.68584442138671875 103.8772735595703125 94.5090484619140625 97.84442901611328125
48.813961029052734375 50.33233642578125 61.99129486083984375 50.792980194091796875 49.898822784423828125 66.39977264404296875 79.91159820556640625 78.398406982421875 83.73659515380859375 93.7151641845703125 92.86212921142578125 86.8038482666015625 77.79927825927734375 88.1668243408203125 95.12005615234375 63.434398651123046875 43.958446502685546875 80.29703521728515625 87.05574798583984375 88.18560791015625 86.51653289794921875 87.4789886474609375 87.18416595458984375 79.93904876708984375 68.49854278564453125 58.3244476318359375 61.3555755615234375 70.8044891357421875 82.5685882568359375 90.66613006591796875 90 90.774322509765625 94.9862823486328125 94.99362945556640625 99.4622039794921875 104.78253173828125 102.52872467041015625 102.78910064697265625 105.36826324462890625 102.307647705078125 92.86209869384765625 87.6529541015625
45.90213775634765625 60.255146026611328125 69.12097930908203125 70.144500732421875 72.43941497802734375 79.777740478515625 84.8674468994140625 84.94625091552734375 84.8635711669921875 83.43105316162109375 79.9454498291015625 75.3524932861328125 71.80072021484375 89.2836151123046875 92.02115631103515625 334.438720703125 75.6189422607421875 88.04422760009765625 85.20961761474609375 80.024505615234375 78.31036376953125 78.4396820068359375 73.779388427734375 63.8860321044921875 57.449993133544921875 58.65012359619140625 70.4889068603515625 79.38019561767578125 88.63584136962890625 91.01673126220703125 85.2850494384765625 87.05574798583984375 95.45723724365234375 92.61542510986328125 91.735321044921875 95.987548828125 93.32260894775390625 89.28375244140625 85.7027435302734375 86.87778472900390625 89.5521697998046875 88.3222503662109375
57.99445343017578125 66.0978546142578125 56.188457489013671875 66.25012969970703125 78.6895751953125 74.744537353515625 69.40384674072265625 66.07265472412109375 66.9670257568359375 68.4810791015625 70.8518218994140625 69.4866943359375 71.161468505859375 80.3189849853515625 69.8935394287109375 10.561398506164550781 82.33304595947265625 81.42206573486328125 75.51007843017578125 77.50377655029296875 80.019805908203125 77.988189697265625 74.3957672119140625 86.81990814208984375 99.55376434326171875 107.7643280029296875 109.21228790283203125 103.4554443359375 93.860382080078125 87.17259979248046875 88.13195037841796875 84.634002685546875 82.62587738037109375 88.228057861328125 88.56029510498046875 84.8053131103515625 84.17343902587890625 87.2070465087890625 85.9405670166015625 81.35298919677734375 81.56504058837890625 82.21291351318359375
71.3841705322265625 66.630859375 60.254886627197265625 69.0200347900390625 64.24913787841796875 64.98279571533203125 65.22473907470703125 63.285228729248046875 69.40741729736328125 72.71828460693359375 72.2039794921875 78.83995819091796875 87.24436187744140625 85.742919921875 74.890228271484375 56.1128692626953125 84.06235504150390625 88.12821197509765625 88.45177459716796875 90.30300140380859375 89.74733734130859375 86.92227935791015625 87.2736053466796875 95.7925567626953125 104.1617584228515625 106.132537841796875 106.2937469482421875 97.07321929931640625 93.71498870849609375 97.03774261474609375 88.94556427001953125 81.20247650146484375 85.46198272705078125 88.8653411865234375 88.8062744140625 87.11684417724609375 81.63391876220703125 83.0314178466796875 90.71569061279296875 92.33693695068359375 84.42757415771484375 79.5256500244140625
70.20086669921875 69.20555877685546875 73.48178863525390625 73.338958740234375 67.9887542724609375 75.67742156982421875 81.02738189697265625 86.4233856201171875 88.43462371826171875 79.4024658203125 77.47098541259765625 85.84590911865234375 92.05577850341796875 88.7454681396484375 50.98053741455078125 37.375804901123046875 76.80515289306640625 102.2644805908203125 101.92044830322265625 97.873687744140625 96.11542510986328125 95.61215972900390625 95.342864990234375 91.68466949462890625 74.95388031005859375 80.53771209716796875 89.132049560546875 89.50185394287109375 88.26412200927734375 83.91129302978515625 74.22785186767578125 78.56610870361328125 83.2241058349609375 82.83934783935546875 86.11190032958984375 94.98601531982421875 101.3094940185546875 94.789825439453125 94.06305694580078125 95.30706024169921875 89.72559356689453125 85.93119049072265625
79.11417388916015625 80.105804443359375 77.6373291015625 71.294769287109375 68.1063995361328125 72.55272674560546875 81.7403411865234375 85.06061553955078125 79.99196624755859375 83.41799163818359375 91.7896270751953125 82.8324737548828125 76.8387451171875 76.07489776611328125 11.309906005859375 58.614116668701171875 81.45068359375 82.7105712890625 84.51345062255859375 90.29058074951171875 95.58962249755859375 99.344390869140625 97.90680694580078125 92.6751556396484375 87.27368927001953125 96.9681854248046875 107.44719696044921875 108.434967041015625 77.96913909912109375 58.516376495361328125 64.89498138427734375 74.42723846435546875 70.49749755859375 70.559844970703125 77.9385986328125 82.874969482421875 88.6678009033203125 87.51039886474609375 84.86009979248046875 85.98029327392578125 89.42694854736328125 94.08530426025390625
96.67426300048828125 82.47603607177734375 75.77399444580078125 74.42745208740234375 69.3255462646484375 72.1494140625 84.66766357421875 82.46053314208984375 69.44387054443359375 74.09377288818359375 73.678955078125 62.927860260009765625 78.401458740234375 67.3567047119140625 17.676340103149414062 87.29683685302734375 90.5785675048828125 83.0316314697265625 84.920196533203125 85.68376922607421875 87.9297637939453125 91.77855682373046875 96.25365447998046875 105.72406005859375 118.96714019775390625 111.5949249267578125 113.7199249267578125 117.82386016845703125 102.33880615234375 89.99979400634765625 88.93233489990234375 84.5594940185546875 75.63520050048828125 76.5836029052734375 81.30432891845703125 77.9693450927734375 70.53754425048828125 77.61919403076171875 83.39504241943359375 82.647491455078125 90.24365234375 100.54784393310546875
85.1791839599609375 89.620269775390625 95.331756591796875 97.72156524658203125 95.8262481689453125 92.3277435302734375 89.6484832763671875 73.810821533203125 58.8843841552734375 68.9986114501953125 65.504638671875 70.67662811279296875 85.4688720703125 73.9092559814453125 59.995147705078125 86.7016143798828125 89.56572723388671875 92.313568115234375 93.99066162109375 85.87223052978515625 78.96462249755859375 75.2254791259765625 77.22864532470703125 85.7943572998046875 101.4534149169921875 100.9107513427734375 94.8438720703125 105.25521087646484375 128.6595458984375 122.220977783203125 109.48619842529296875 93.8140869140625 95.953948974609375 99.7822113037109375 98.0010223388671875 86.86351776123046875 73.93994140625 86.299224853515625 99.462005615234375 105.9893341064453125 92.42607879638671875 88.03717803955078125
52.386043548583984375 58.284786224365234375 57.7243194580078125 52.980045318603515625 64.0056610107421875 83.840576171875 95.314300537109375 116.00316619873046875 121.2776641845703125 108.7677459716796875 107.33292388916015625 96.49912261962890625 86.9411163330078125 83.1571197509765625 96.043914794921875 88.4086151123046875 82.5494842529296875 81.192962646484375 80.0315399169921875 80.217437744140625 81.94063568115234375 78.6898345947265625 73.65175628662109375 79.0771942138671875 87.8328857421875 93.7637481689453125 97.85302734375 76.8660888671875 61.38953399658203125 85.2055511474609375 104.420562744140625 97.50722503662109375 93.9765472412109375 97.2939605712890625 97.8444061279296875 95.8691864013671875 98.85764312744140625 103.34847259521484375 102.39232635498046875 103.39205169677734375 97.43109893798828125 85.88755035400390625
48.8843994140625 45.309543609619140625 37.9986724853515625 39.99929046630859375 52.865909576416015625 62.7761688232421875 69.5772857666015625 77.51682281494140625 103.39197540283203125 102.8040618896484375 94.5906524658203125 93.5516815185546875 89.75383758544921875 93.2700347900390625 115.95296478271484375 102.7531280517578125 94.47074127197265625 85.3330535888671875 74.86669921875 77.96910858154296875 85.37738037109375 87.21450042724609375 86.54302215576171875 92.0144805908203125 93.07755279541015625 90.3603515625 94.18451690673828125 116.5638427734375 102.72432708740234375 98.54517364501953125 109.28986358642578125 113.57452392578125 97.12471771240234375 89.32569122314453125 87.01549530029296875 101.62194061279296875 115.87998199462890625 111.89798736572265625 89.30121612548828125 78.2064666748046875 88.78089141845703125 90.4371185302734375
