wildfire/work/fuelmodels/1768/slope.asc
ncols        196
nrows        168
xllcorner    177175.000000000000
yllcorner    445250.000000000000
cellsize     5.000000000000
NODATA_value   -999
[rows 0 to 17 of 168, columns 0 to 39 of 196]
0 0 0 0 0 0 0 0 0 0 0 0 0 0 0 0 0 0 0 0 0 0 0 0 0 0 0 0 0 0 0 0 0 0 0 0 0 0 0 0
0 2.8317408561706542969 2.7358472347259521484 2.3859262466430664062 1.7005783319473266602 1.8795087337493896484 2.4776585102081298828 2.8481187820434570312 2.7513210773468017578 2.2034206390380859375 1.9207952022552490234 1.650141596794128418 0.94923168420791625977 0.99658262729644775391 1.4656534194946289062 1.2551062107086181641 0.89997339248657226562 1.2841780185699462891 1.1926313638687133789 0.31977838277816772461 0.66820073127746582031 1.9642941951751708984 2.1544363498687744141 1.456988215446472168 2.6841464042663574219 3.3381731510162353516 5.2208251953125 5.0440497398376464844 3.3280189037322998047 3.0404291152954101562 4.1915249824523925781 4.9760079383850097656 6.21678924560546875 5.0239186286926269531 0.65596044063568115234 2.7230646610260009766 3.7339301109313964844 1.9748160839080810547 6.36075592041015625 4.8636932373046875
0 2.51631927490234375 2.6737811565399169922 2.6420154571533203125 1.7842224836349487305 1.7005783319473266602 2.2623121738433837891 2.5357489585876464844 2.3646333217620849609 2.5084812641143798828 2.6173980236053466797 1.9155116081237792969 1.4321140050888061523 1.3536323308944702148 1.421831965446472168 1.6050994396209716797 1.418992161750793457 1.2044591903686523438 0.8400325775146484375 0.23165063560009002686 0.49703821539878845215 1.7501627206802368164 1.4800928831100463867 1.32454681396484375 2.7352845668792724609 3.8678715229034423828 4.829559326171875 5.3068919181823730469 5.6604599952697753906 4.4539694786071777344 3.5296244621276855469 5.0933666229248046875 6.9071140289306640625 4.7457180023193359375 0.68540626764297485352 2.6393153667449951172 5.0764117240905761719 2.2461578845977783203 5.5015645027160644531 5.5296835899353027344
0 2.2180504798889160156 2.2960369586944580078 2.6410617828369140625 2.1600704193115234375 1.9985024929046630859 2.2434439659118652344 2.381053924560546875 2.0679347515106201172 2.4792714118957519531 2.3706126213073730469 1.3766257762908935547 1.5088738203048706055 1.8824734687805175781 1.4416258335113525391 1.6608688831329345703 1.4855458736419677734 0.70649552345275878906 0.5247681736946105957 0.86555868387222290039 1.0576968193054199219 1.1405848264694213867 0.98689162731170654297 0.83277583122253417969 1.8179330825805664062 4.1697821617126464844 4.0747399330139160156 3.0670650005340576172 4.713726043701171875 4.8413515090942382812 3.7348814010620117188 6.100124359130859375 7.2404308319091796875 3.1049067974090576172 1.2885321378707885742 3.0404200553894042969 5.4084520339965820312 3.7715063095092773438 5.3584885597229003906 4.4462637901306152344
0 2.1115100383758544922 2.1506600379943847656 2.5259401798248291016 2.7550048828125 2.0922510623931884766 1.6937247514724731445 2.0123844146728515625 2.1007108688354492188 2.7923629283905029297 2.1006770133972167969 1.4831568002700805664 1.9601728916168212891 1.8551334142684936523 1.3378413915634155273 1.9017394781112670898 1.5796627998352050781 0.96616840362548828125 0.74893260002136230469 0.38446754217147827148 1.3294990062713623047 1.2667275667190551758 1.3861522674560546875 1.5225595235824584961 1.8725132942199707031 4.35626220703125 4.0227341651916503906 2.8821573257446289062 4.3204398155212402344 4.7731695175170898438 4.0747308731079101562 6.6086015701293945312 7.1749773025512695312 1.394517064094543457 1.2425160408020019531 5.2715473175048828125 5.9946112632751464844 4.6863603591918945312 5.2303647994995117188 2.9078390598297119141
0 1.7133460044860839844 1.1045211553573608398 2.2098176479339599609 3.6764037609100341797 2.6301219463348388672 1.1472051143646240234 1.7221757173538208008 2.5552382469177246094 3.0457439422607421875 2.0603153705596923828 1.9218337535858154297 2.0776896476745605469 1.6547505855560302734 1.6238753795623779297 2.3950183391571044922 1.6101183891296386719 0.88007587194442749023 0.99097520112991333008 1.0543287992477416992 1.4430449008941650391 1.2810398340225219727 1.5433582067489624023 1.4804230928421020508 1.9430550336837768555 3.5987823009490966797 3.1806509494781494141 3.2075383663177490234 4.4393320083618164062 4.978870391845703125 4.6571907997131347656 7.2477083206176757812 6.8264346122741699219 0.43280848860740661621 0.89317929744720458984 6.5332536697387695312 6.9390459060668945312 4.9793629646301269531 4.5502333641052246094 1.2679170370101928711
0 1.6359882354736328125 1.0261309146881103516 2.1605334281921386719 3.5403220653533935547 3.5036175251007080078 2.4845817089080810547 2.0065784454345703125 2.5353462696075439453 3.1540119647979736328 2.2774684429168701172 2.0206506252288818359 1.9789118766784667969 1.0808751583099365234 1.5719404220581054688 2.7456257343292236328 1.6886512041091918945 0.74283653497695922852 0.359989166259765625 0.98995697498321533203 1.4739375114440917969 1.0466382503509521484 1.7648375034332275391 1.6790343523025512695 1.8781871795654296875 2.5337464809417724609 2.4070303440093994141 3.8151578903198242188 4.4462566375732421875 4.7998242378234863281 5.8665523529052734375 7.3347105979919433594 5.7843546867370605469 1.1524882316589355469 2.3575692176818847656 6.6321344375610351562 7.5917372703552246094 5.0379490852355957031 3.8541381359100341797 1.3603489398956298828
0 2.7090878486633300781 1.9218411445617675781 2.084259033203125 2.9779288768768310547 2.6890544891357421875 1.8924112319946289062 2.0304036140441894531 2.0980224609375 2.7180430889129638672 2.5229592323303222656 2.3457355499267578125 2.4528234004974365234 1.5806052684783935547 1.6657297611236572266 2.4051432609558105469 1.3502657413482666016 1.0226665735244750977 0.70434397459030151367 1.3592401742935180664 1.83568572998046875 1.5324953794479370117 2.3848588466644287109 2.4210622310638427734 1.4229128360748291016 1.7405818700790405273 2.7278864383697509766 4.6412491798400878906 5.0380349159240722656 4.5174131393432617188 6.0023417472839355469 7.5065736770629882812 4.9406194686889648438 2.1824178695678710938 2.4955418109893798828 5.0547223091125488281 0 0 3.2588145732879638672 2.9581651687622070312
0 1.1494176387786865234 1.5018097162246704102 1.5225522518157958984 3.0007703304290771484 2.7822172641754150391 1.9326111078262329102 2.4612653255462646484 2.2425377368927001953 2.2807860374450683594 2.2909739017486572266 2.7038671970367431641 2.8354945182800292969 1.9534417390823364258 1.8665617704391479492 1.8714263439178466797 1.1081649065017700195 1.3506718873977661133 1.5921092033386230469 1.8586812019348144531 2.229885101318359375 2.2325942516326904297 3.0957715511322021484 3.2567973136901855469 2.42940521240234375 2.2463779449462890625 3.5823161602020263672 4.4931120872497558594 5.0700564384460449219 3.9976880550384521484 5.3793249130249023438 8.0494260787963867188 4.3679285049438476562 2.6204783916473388672 3.42101287841796875 9.2908639907836914062 10.078403472900390625 2.7262246608734130859 4.1161513328552246094 3.0715107917785644531
0 1.4356479644775390625 1.2892998456954956055 1.4228954315185546875 2.8438754081726074219 2.0564048290252685547 2.0146341323852539062 2.7676370143890380859 2.3399071693420410156 2.0022771358489990234 2.1381561756134033203 3.01689910888671875 2.8672361373901367188 2.2949442863464355469 2.2593948841094970703 1.8923985958099365234 1.9448882341384887695 2.672847747802734375 2.2836759090423583984 2.3848607540130615234 3.2125873565673828125 3.1172597408294677734 3.3433241844177246094 3.3115773200988769531 3.1873192787170410156 3.7311015129089355469 3.53247833251953125 3.6585116386413574219 4.3013434410095214844 4.1858410835266113281 5.4215865135192871094 8.2032918930053710938 4.1972761154174804688 1.6424618959426879883 4.1694149971008300781 8.788097381591796875 7.4695868492126464844 3.2648687362670898438 4.8391537666320800781 3.0884227752685546875
0 1.4573329687118530273 0.94603145122528076172 1.5357875823974609375 2.5427298545837402344 1.2538857460021972656 2.0563879013061523438 3.1360146999359130859 2.4747903347015380859 2.1466481685638427734 2.1710283756256103516 2.5868973731994628906 2.8317506313323974609 2.6231846809387207031 2.8608574867248535156 2.6662068367004394531 2.4179391860961914062 2.7936208248138427734 2.6639120578765869141 3.1180536746978759766 3.1514356136322021484 3.0219151973724365234 3.4689629077911376953 3.4030830860137939453 2.4776403903961181641 2.2425479888916015625 2.3708391189575195312 2.84670257568359375 3.8125097751617431641 4.6403651237487792969 5.817348480224609375 8.186916351318359375 4.0392661094665527344 0.79547590017318725586 4.4139046669006347656 6.071014404296875 5.1395854949951171875 4.2265291213989257812 3.6607124805450439453 3.0384328365325927734
0 1.9218411445617675781 1.4573357105255126953 1.4175552129745483398 2.2969317436218261719 1.4261145591735839844 1.8902579545974731445 3.0302662849426269531 2.7871124744415283203 2.4747903347015380859 2.1222596168518066406 2.2567172050476074219 2.8916308879852294922 3.1153054237365722656 3.5851314067840576172 2.8037481307983398438 1.7932906150817871094 2.2098233699798583984 2.4470484256744384766 2.1431319713592529297 2.1317596435546875 2.8401250839233398438 3.2256147861480712891 3.0244231224060058594 2.2549347877502441406 2.1487920284271240234 2.5753347873687744141 2.9031374454498291016 4.1332921981811523438 4.08612060546875 5.8143091201782226562 8.4381818771362304688 3.2130539417266845703 1.6110551357269287109 5.7593321800231933594 4.5170941352844238281 4.4358115196228027344 4.9108424186706542969 3.2609994411468505859 4.1497583389282226562
0 2.1400485038757324219 1.846924901008605957 1.4472320079803466797 2.0825572013854980469 1.8090232610702514648 1.8988013267517089844 2.7105898857116699219 3.1616880893707275391 2.6204996109008789062 1.9344530105590820312 2.5449035167694091797 3.1422719955444335938 3.7993628978729248047 3.4846699237823486328 2.1912169456481933594 1.8496710062026977539 2.1914422512054443359 2.4265067577362060547 2.1267695426940917969 2.43044281005859375 2.7667219638824462891 3.2130594253540039062 3.0781023502349853516 2.7314126491546630859 3.0728411674499511719 3.4137761592864990234 3.5705897808074951172 4.1141920089721679688 3.5676219463348388672 6.9334659576416015625 8.9078016281127929688 2.4196000099182128906 2.9887824058532714844 6.2107262611389160156 3.7408432960510253906 4.6419935226440429688 5.3032803535461425781 4.3969693183898925781 5.2200460433959960938
0 2.3485271930694580078 2.1388676166534423828 1.9326074123382568359 2.1614654064178466797 1.7691332101821899414 1.9676380157470703125 2.6728451251983642578 3.2091271877288818359 2.4845805168151855469 1.976619720458984375 2.8862047195434570312 3.14049530029296875 3.5108077526092529297 3.0503952503204345703 2.2495315074920654297 1.9155013561248779297 2.0912823677062988281 2.4823489189147949219 2.6110043525695800781 2.8777892589569091797 2.334278106689453125 3.0071632862091064453 3.79712677001953125 3.0259277820587158203 2.5696353912353515625 2.9759004116058349609 3.4255776405334472656 3.987560272216796875 4.6125736236572265625 8.432956695556640625 8.3388519287109375 2.4707074165344238281 3.4338407516479492188 6.4577207565307617188 4.6219649314880371094 5.9721417427062988281 6.0454387664794921875 5.0197000503540039062 4.5571007728576660156
0 2.280792236328125 2.3952307701110839844 2.4544787406921386719 2.3912241458892822266 1.7245175838470458984 1.9186893701553344727 2.8637175559997558594 2.9506509304046630859 2.6127464771270751953 2.39121246337890625 2.9132237434387207031 3.1693396568298339844 3.2901611328125 2.9078645706176757812 2.1637871265411376953 1.9236705303192138672 2.1317718029022216797 2.7225215435028076172 2.846881866455078125 2.7822110652923583984 2.6404759883880615234 2.8592939376831054688 3.8832559585571289062 2.8068065643310546875 2.0346302986145019531 3.2125873565673828125 3.6489529609680175781 3.8068087100982666016 4.2908878326416015625 7.7820467948913574219 6.7601046562194824219 1.317273259162902832 3.5200033187866210938 7.741558074951171875 6.0454387664794921875 5.52758026123046875 5.0509448051452636719 4.4221324920654296875 3.9577023983001708984
0 2.5768985748291015625 2.7923629283905029297 3.0409212112426757812 2.8172481060028076172 2.134136199951171875 2.2649941444396972656 3.1835186481475830078 2.8068163394927978516 2.6790516376495361328 2.8368973731994628906 3.3036470413208007812 3.6710579395294189453 3.3492255210876464844 2.6584293842315673828 1.6129282712936401367 1.6547313928604125977 2.2495315074920654297 2.7445292472839355469 3.26177978515625 3.1429319381713867188 2.8179609775543212891 2.4348156452178955078 3.3600554466247558594 3.6869659423828125 2.8953020572662353516 3.3714635372161865234 3.5054798126220703125 3.65947723388671875 4.3600740432739257812 7.2891559600830078125 6.0425419807434082031 2.2927451133728027344 5.7269740104675292969 8.2699651718139648438 5.4957756996154785156 4.31505584716796875 4.4765820503234863281 4.0538630485534667969 3.8668415546417236328
0 3.3024179935455322266 3.3600568771362304688 3.5670557022094726562 3.223751068115234375 2.4154276847839355469 2.7158062458038330078 3.1567215919494628906 2.6310770511627197266 2.8466947078704833984 3.2092854976654052734 3.4875905513763427734 3.40132904052734375 2.7386121749877929688 2.2155439853668212891 1.3091543912887573242 1.5796365737915039062 2.2326054573059082031 2.628200531005859375 3.3079335689544677734 3.3287842273712158203 2.9253516197204589844 2.4087076187133789062 3.447788238525390625 4.6256766319274902344 3.15929412841796875 2.7667100429534912109 3.5428917407989501953 4.0278835296630859375 4.456684112548828125 6.4002408981323242188 5.9619598388671875 4.2988791465759277344 6.04677581787109375 6.8592557907104492188 5.0268278121948242188 4.1245017051696777344 4.3339552879333496094 3.65670013427734375 4.2541546821594238281
0 3.5983552932739257812 4.1191086769104003906 4.0147085189819335938 3.3097486495971679688 2.5419344902038574219 2.5411217212677001953 2.6327984333038330078 2.6962108612060546875 3.2555785179138183594 2.9935159683227539062 2.8331892490386962891 3.2761523723602294922 2.9588513374328613281 2.3159935474395751953 1.8496650457382202148 2.1353278160095214844 2.0912847518920898438 2.19721221923828125 2.9533984661102294922 3.3726649284362792969 3.3737103939056396484 3.0349309444427490234 3.7283995151519775391 4.4180288314819335938 3.0445673465728759766 2.8530814647674560547 3.6816287040710449219 4.0825600624084472656 4.2494068145751953125 5.3004317283630371094 5.5280375480651855469 4.2664747238159179688 5.0568246841430664062 6.5390901565551757812 5.2775506973266601562 4.3577466011047363281 4.5746707916259765625 3.6895773410797119141 4.2034144401550292969
