wildfire/work/fuelmodels/1768/slope.asc
ncols        196
nrows        168
xllcorner    177175.000000000000
yllcorner    445250.000000000000
cellsize     5.000000000000
NODATA_value   -999
[rows 72 to 89 of 168, columns 40 to 79 of 196]
6.64212799072265625 6.167797088623046875 7.6885380744934082031 7.0837306976318359375 6.29502105712890625 4.2236666679382324219 3.3492131233215332031 5.3771486282348632812 2.8925123214721679688 1.244579315185546875 3.5406110286712646484 3.0277650356292724609 2.9031634330749511719 3.0031256675720214844 2.3689126968383789062 2.3013300895690917969 2.8326430320739746094 5.3376712799072265625 6.5344119071960449219 6.2700371742248535156 6.2383446693420410156 6.3900818824768066406 5.8266820907592773438 5.3591356277465820312 6.3837676048278808594 7.1592926979064941406 9.70264434814453125 6.6522793769836425781 5.2712578773498535156 5.3877353668212890625 5.84832763671875 6.9902987480163574219 5.835735321044921875 3.5790770053863525391 2.9057590961456298828 3.0442502498626708984 3.1438982486724853516 2.8082537651062011719 2.8946022987365722656 3.2872302532196044922
6.3629560470581054688 7.328693389892578125 7.2073698043823242188 5.5406880378723144531 6.5413222312927246094 4.3066163063049316406 1.9888567924499511719 3.8855831623077392578 2.6450634002685546875 1.2425343990325927734 2.1782441139221191406 3.2722761631011962891 3.3010299205780029297 2.4428973197937011719 2.1083803176879882812 2.9906351566314697266 5.3343553543090820312 6.7186417579650878906 5.9236760139465332031 5.2080712318420410156 5.1178636550903320312 5.3248138427734375 5.6641268730163574219 6.4615459442138671875 8.0395269393920898438 7.7812848091125488281 6.0799651145935058594 3.3425688743591308594 2.8608655929565429688 4.1498765945434570312 5.6704392433166503906 6.2107114791870117188 6.5186858177185058594 6.2898945808410644531 5.4648847579956054688 4.6757874488830566406 4.6777315139770507812 4.9124784469604492188 5.1887631416320800781 4.0046234130859375
6.126800537109375 6.8248867988586425781 5.37425994873046875 4.4895200729370117188 5.8731465339660644531 3.6126606464385986328 1.1392389535903930664 1.4909780025482177734 2.692623138427734375 1.1383581161499023438 1.7648410797119140625 2.9465272426605224609 3.6565680503845214844 3.9263164997100830078 5.6632199287414550781 7.29402923583984375 7.6130399703979492188 6.4393053054809570312 5.2697186470031738281 4.8934512138366699219 5.2087426185607910156 6.0812945365905761719 6.9818301200866699219 7.2654309272766113281 7.3671498298645019531 6.5974965095520019531 4.7758946418762207031 4.0402770042419433594 3.3146343231201171875 2.2118799686431884766 2.9533827304840087891 4.4429602622985839844 3.9444055557250976562 3.3862805366516113281 4.3753309249877929688 4.0732541084289550781 3.2389032840728759766 3.8949370384216308594 4.4522709846496582031 3.9890854358673095703
4.3636531829833984375 5.0175833702087402344 4.4078526496887207031 4.1668829917907714844 3.36786651611328125 4.0422692298889160156 1.4711838960647583008 0.84005326032638549805 2.9926729202270507812 3.5992016792297363281 4.8336338996887207031 4.4317235946655273438 4.8488512039184570312 6.2031817436218261719 7.322673797607421875 7.4438352584838867188 7.0720853805541992188 6.6019034385681152344 6.8051290512084960938 7.3024897575378417969 7.5913434028625488281 7.1714162826538085938 5.9072470664978027344 5.5009007453918457031 5.7136797904968261719 6.2937269210815429688 5.3650546073913574219 4.3679423332214355469 4.7758994102478027344 3.8114495277404785156 2.6456482410430908203 4.3125905990600585938 4.9443068504333496094 2.5765013694763183594 2.0492444038391113281 2.5058767795562744141 2.6433534622192382812 3.7222902774810791016 3.3624808788299560547 3.2945992946624755859
2.2425336837768554688 3.7456972599029541016 4.4647274017333984375 3.043750762939453125 1.5936942100524902344 4.217441558837890625 3.3425796031951904297 5.0819802284240722656 6.5878815650939941406 6.6250095367431640625 5.53778076171875 4.5276827812194824219 5.214359283447265625 6.4069933891296386719 6.4666776657104492188 6.3188681602478027344 6.0113835334777832031 5.9141554832458496094 6.0450310707092285156 6.1152901649475097656 5.5863246917724609375 4.2206740379333496094 3.1776256561279296875 3.8845431804656982422 4.7072730064392089844 5.1940889358520507812 5.4375209808349609375 4.6363496780395507812 4.35115814208984375 4.465625762939453125 3.8245394229888916016 3.4495420455932617188 5.6896672248840332031 5.0692648887634277344 2.109569549560546875 1.5390949249267578125 1.8521267175674438477 3.8842859268188476562 4.0114450454711914062 3.6021585464477539062
2.97198486328125 3.7331371307373046875 3.1720628738403320312 3.2838485240936279297 3.4775605201721191406 4.6650929450988769531 5.5508632659912109375 6.28662872314453125 5.4282817840576171875 5.0584254264831542969 4.9003500938415527344 5.48778533935546875 6.4931974411010742188 6.9172306060791015625 7.1891751289367675781 7.28473663330078125 6.9785280227661132812 6.3167262077331542969 5.3584995269775390625 4.3433866500854492188 3.1776347160339355469 2.8326280117034912109 3.1567163467407226562 3.2945909500122070312 2.643352508544921875 1.8551502227783203125 2.6048130989074707031 3.4562780857086181641 2.9087135791778564453 3.0384309291839599609 4.2625637054443359375 3.7184844017028808594 5.1190443038940429688 6.9464974403381347656 5.1190319061279296875 2.8709251880645751953 1.6571830511093139648 2.37592315673828125 3.4307539463043212891 4.2144637107849121094
2.2925214767456054688 2.8068177700042724609 3.6009008884429931641 5.1044573783874511719 5.1370267868041992188 5.536037445068359375 5.9243445396423339844 4.805694580078125 4.3763661384582519531 5.2894725799560546875 6.0858244895935058594 6.5234622955322265625 6.2387375831604003906 5.9566068649291992188 5.98223876953125 5.8217401504516601562 5.733303070068359375 5.6184015274047851562 5.6948714256286621094 5.7080364227294921875 5.5341324806213378906 4.9312381744384765625 3.7159168720245361328 2.6086795330047607422 2.2774710655212402344 2.745639801025390625 2.9031634330749511719 3.6256499290466308594 3.5689094066619873047 3.1640944480895996094 4.5897774696350097656 4.4198641777038574219 3.816619873046875 5.7571463584899902344 6.5950455665588378906 5.7192416191101074219 4.4522843360900878906 3.2466957569122314453 2.9706234931945800781 4.4235167503356933594
0.50312310457229614258 2.3996608257293701172 4.5908551216125488281 4.9949245452880859375 5.003604888916015625 5.3639273643493652344 5.8676471710205078125 5.5158815383911132812 5.084537506103515625 5.2443170547485351562 5.5177302360534667969 5.75714111328125 5.5874881744384765625 5.0819802284240722656 4.9467473030090332031 4.5147294998168945312 4.00865936279296875 3.6206083297729492188 3.727161407470703125 4.201488494873046875 4.9132986068725585938 4.7306933403015136719 4.28383636474609375 3.2015738487243652344 3.8616201877593994141 4.2265291213989257812 4.0428948402404785156 4.4139161109924316406 4.6888394355773925781 3.1327731609344482422 3.9411983489990234375 5.4074373245239257812 4.1730432510375976562 3.6178314685821533203 4.014698028564453125 4.6777186393737792969 4.173053741455078125 3.7241950035095214844 2.7423076629638671875 3.2946012020111083984
4.59450531005859375 4.8757123947143554688 4.791393280029296875 3.9401669502258300781 3.6172471046447753906 4.1808934211730957031 5.45751190185546875 6.4707784652709960938 6.0345263481140136719 5.2826251983642578125 5.4287362098693847656 5.5934510231018066406 5.5060524940490722656 5.1555585861206054688 4.7918300628662109375 4.2433476448059082031 4.4998536109924316406 4.9226503372192382812 4.713733673095703125 4.0184884071350097656 3.4659254550933837891 3.6006062030792236328 4.8720769882202148438 3.9324908256530761719 3.4013183116912841797 2.9615950584411621094 3.3333349227905273438 4.6128849983215332031 5.6672348976135253906 3.6827168464660644531 4.0253658294677734375 5.9107422828674316406 6.0491895675659179688 3.7048900127410888672 3.1289050579071044922 4.4253101348876953125 3.3201069831848144531 3.0162241458892822266 2.1914496421813964844 2.5766923427581787109
7.3101854324340820312 4.3227691650390625 3.8226983547210693359 4.9615187644958496094 6.4105172157287597656 6.5017075538635253906 6.2950162887573242188 6.135005950927734375 6.4551529884338378906 5.7976603507995605469 4.6820359230041503906 3.8456120491027832031 3.869953155517578125 4.6386251449584960938 4.9772272109985351562 4.5186443328857421875 4.2290410995483398438 4.1829547882080078125 4.1829547882080078125 4.3405890464782714844 4.5895476341247558594 4.5547933578491210938 4.8323812484741210938 3.2588095664978027344 3.8686473369598388672 5.3274531364440917969 6.1628246307373046875 5.4474401473999023438 5.7902889251708984375 2.3541440963745117188 1.8725174665451049805 4.6673603057861328125 6.1830286979675292969 3.2593071460723876953 3.0568461418151855469 4.5276665687561035156 4.5553178787231445312 4.7606639862060546875 2.7130236625671386719 2.3575570583343505859
6.8601117134094238281 6.3601064682006835938 7.2377419471740722656 7.3007183074951171875 7.7429299354553222656 8.3004131317138671875 7.3024730682373046875 5.4994244575500488281 4.7715702056884765625 4.4884033203125 4.1668682098388671875 3.8082599639892578125 3.7339327335357666016 4.2378611564636230469 4.0485100746154785156 3.7396092414855957031 3.6881983280181884766 3.5531396865844726562 3.605083465576171875 3.9134261608123779297 4.0482568740844726562 4.4981527328491210938 5.3395490646362304688 4.2734460830688476562 5.6651029586791992188 5.8621702194213867188 5.1162853240966796875 5.5910081863403320312 5.9287695884704589844 2.2271502017974853516 1.9500654935836791992 4.0562396049499511719 5.3774409294128417969 3.8562493324279785156 4.13965606689453125 5.4605665206909179688 5.1948795318603515625 5.497509002685546875 3.5676336288452148438 1.8773663043975830078
5.9645566940307617188 9.1473150253295898438 9.06021881103515625 6.8071260452270507812 5.6446900367736816406 5.597476959228515625 4.9969515800476074219 4.4084143638610839844 4.1972794532775878906 4.1726894378662109375 3.8483903408050537109 3.0437674522399902344 2.7029528617858886719 3.7736444473266601562 4.0684208869934082031 4.2307119369506835938 3.9010286331176757812 3.7788410186767578125 4.2225828170776367188 3.8227014541625976562 3.0503797531127929688 3.6566958427429199219 4.8495578765869140625 5.1576089859008789062 4.961414337158203125 2.3411951065063476562 1.7429109811782836914 5.53606414794921875 5.7230257987976074219 3.3492064476013183594 2.8295862674713134766 3.288913726806640625 4.2593598365783691406 4.0721325874328613281 3.73975372314453125 4.8424010276794433594 5.0116610527038574219 4.6882739067077636719 4.4765782356262207031 3.1010074615478515625
6.7350711822509765625 5.7846117019653320312 3.8901224136352539062 3.4858183860778808594 4.2702455520629882812 3.9371066093444824219 3.614475250244140625 3.7165858745574951172 3.926311492919921875 3.7266271114349365234 2.9733409881591796875 3.0357599258422851562 4.4101424217224121094 5.2484598159790039062 4.4553380012512207031 3.9350633621215820312 3.8605620861053466797 3.6206254959106445312 3.0728516578674316406 2.8145592212677001953 2.9906473159790039062 3.7229740619659423828 3.3829927444458007812 3.5965437889099121094 3.106700897216796875 2.9389734268188476562 2.9656805992126464844 3.6222991943359375 5.2251739501953125 4.0884799957275390625 3.1177411079406738281 3.7537608146667480469 3.7294685840606689453 3.0397574901580810547 1.5155501365661621094 4.1336727142333984375 4.7431583404541015625 3.1081593036651611328 3.9134354591369628906 3.7976536750793457031
5.6440796852111816406 3.245624542236328125 2.4304575920104980469 3.7694783210754394531 3.8374667167663574219 2.7549977302551269531 2.6950585842132568359 2.6110091209411621094 2.7650771141052246094 2.9874329566955566406 3.3493645191192626953 4.4204130172729492188 5.4590749740600585938 5.0349297523498535156 3.8936285972595214844 3.8699612617492675781 4.4783806800842285156 4.2242689132690429688 2.9396708011627197266 2.7217695713043212891 3.3067030906677246094 4.5186376571655273438 3.6031229496002197266 3.3371093273162841797 2.7373130321502685547 4.5543465614318847656 4.7817068099975585938 1.694337010383605957 4.1807837486267089844 4.1804194450378417969 2.9099359512329101562 3.816619873046875 3.9559090137481689453 4.1332883834838867188 3.5428977012634277344 4.36228179931640625 4.0638217926025390625 1.8910667896270751953 2.7395412921905517578 3.0329422950744628906
2.6362602710723876953 3.1482377052307128906 4.3395605087280273438 4.4684557914733886719 3.0437440872192382812 2.4352338314056396484 2.5923564434051513672 2.5195374488830566406 2.6463975906372070312 2.9533874988555908203 3.2847797870635986328 4.1712365150451660156 4.4344477653503417969 3.5983552932739257812 3.4350135326385498047 4.0587282180786132812 3.7746989727020263672 3.6747536659240722656 3.6693782806396484375 3.4422004222869873047 3.2838482856750488281 4.4883928298950195312 3.3710203170776367188 3.8404889106750488281 3.4202680587768554688 5.4266872406005859375 6.2987742424011230469 2.9300196170806884766 4.3041658401489257812 5.1571140289306640625 2.9719867706298828125 3.2995123863220214844 3.2722918987274169922 3.5760970115661621094 5.4519634246826171875 6.7914686203002929688 5.2035150527954101562 2.4210743904113769531 2.7476553916931152344 2.5490825176239013672
0.67122548818588256836 3.2036173343658447266 4.253543853759765625 2.7871050834655761719 2.2378063201904296875 2.6081089973449707031 3.2456305027008056641 3.0488948822021484375 2.6758565902709960938 2.9353559017181396484 3.0217409133911132812 4.0043764114379882812 5.0212068557739257812 4.80118560791015625 4.7172574996948242188 4.4577164649963378906 4.2164893150329589844 4.45318603515625 4.7829723358154296875 3.8562383651733398438 2.6911334991455078125 3.9538874626159667969 2.6301259994506835938 2.5939126014709472656 2.4700691699981689453 4.6046805381774902344 6.6215138435363769531 4.1868128776550292969 4.12265777587890625 5.9001784324645996094 4.3577704429626464844 3.9113714694976806641 3.2944633960723876953 1.9766082763671875 2.9665155410766601562 6.8493561744689941406 6.254138946533203125 2.7046129703521728516 3.3419713973999023438 3.3401484489440917969
4.2003016471862792969 4.2278447151184082031 2.8397526741027832031 2.7573823928833007812 2.6231799125671386719 2.5658895969390869141 3.0016157627105712891 3.2597639560699462891 2.9470505714416503906 3.5992100238800048828 4.24214935302734375 4.7495360374450683594 4.5905361175537109375 3.7229714393615722656 3.9976880550384521484 3.9382658004760742188 4.1191148757934570312 4.03052520751953125 4.0671858787536621094 3.8967576026916503906 3.4119942188262939453 3.8498325347900390625 2.1388900279998779297 1.0147055387496948242 1.5298528671264648438 2.7373135089874267578 5.2967023849487304688 2.1532523632049560547 2.1551237106323242188 4.802852630615234375 5.2932934761047363281 4.4421710968017578125 3.6738049983978271484 2.2486340999603271484 1.5007791519165039062 5.0893111228942871094 5.9009523391723632812 3.4842343330383300781 3.6051084995269775391 4.1451401710510253906
4.1288938522338867188 2.3258104324340820312 1.5357969999313354492 2.1296422481536865234 2.2070794105529785156 1.5463012456893920898 1.6535249948501586914 2.6017076969146728516 2.6281909942626953125 3.2012460231781005859 3.8731071949005126953 4.2735762596130371094 3.368328094482421875 2.6362562179565429688 2.81723785400390625 2.6148881912231445312 2.5484812259674072266 2.3646390438079833984 2.3039672374725341797 2.73638916015625 3.6277101039886474609 3.7859232425689697266 2.4937183856964111328 2.8267571926116943359 3.0103733539581298828 2.0659756660461425781 0 0.7489299774169921875 2.0512235164642333984 3.7559251785278320312 5.908435821533203125 5.3534893989562988281 4.6168494224548339844 4.7750735282897949219 2.8567984104156494141 3.4962382316589355469 4.9848303794860839844 4.5733661651611328125 3.5565760135650634766 3.1949427127838134766
