wildfire/work/fuelmodels/1768/slope.asc
ncols        196
nrows        168
xllcorner    177175.000000000000
yllcorner    445250.000000000000
cellsize     5.000000000000
NODATA_value   -999
[rows 18 to 35 of 168, columns 0 to 39 of 196]
0 4.0213575363159179688 4.5800809860229492188 4.2914829254150390625 3.5154168605804443359 3.1141827106475830078 2.9253435134887695312 2.7820272445678710938 3.0715327262878417969 3.1437280178070068359 2.6471693515777587891 2.5353577136993408203 3.4143643379211425781 3.8004367351531982422 3.0232405662536621094 2.5084812641143798828 2.4886510372161865234 2.5331583023071289062 2.2064013481140136719 2.4064095020294189453 3.1050653457641601562 3.5066268444061279297 3.5118181705474853516 3.8678898811340332031 4.1697835922241210938 3.6543514728546142578 3.7110192775726318359 3.4606728553771972656 3.8833997249603271484 4.5217747688293457031 4.6587023735046386719 3.673793792724609375 5.1081137657165527344 6.2911057472229003906 5.6862835884094238281 4.7520761489868164062 3.8879220485687255859 3.1896979808807373047 2.3916542530059814453 3.423656463623046875
0 4.6474375724792480469 4.4204130172729492188 4.1558322906494140625 3.9371232986450195312 3.5085132122039794922 3.2704181671142578125 3.0217478275299072266 3.1746129989624023438 3.2061343193054199219 2.9872579574584960938 2.6310770511627197266 3.0907158851623535156 3.8557126522064208984 2.2854344844818115234 1.0576846599578857422 1.9727652072906494141 2.0558984279632568359 1.6865483522415161133 2.0876393318176269531 2.4906742572784423828 3.4422099590301513672 3.7596828937530517578 4.3035831451416015625 4.0587353706359863281 4.1720690727233886719 4.1771626472473144531 3.1413133144378662109 4.194400787353515625 4.8254909515380859375 4.0388922691345214844 2.1203413009643554688 5.79375457763671875 7.1513638496398925781 3.8719232082366943359 4.9565305709838867188 4.4899578094482421875 3.1250286102294921875 2.8932154178619384766 3.4788348674774169922
0 5.1130275726318359375 4.1146783828735351562 4.2360720634460449219 4.3041753768920898438 3.6977818012237548828 3.6881983280181884766 3.4666402339935302734 3.4875683784484863281 3.5670757293701171875 3.2784590721130371094 2.7159910202026367188 2.7667236328125 3.1583225727081298828 1.7691354751586914062 1.3813925981521606445 2.4051337242126464844 1.8257305622100830078 1.5987558364868164062 2.0065813064575195312 2.6618463993072509766 3.9423568248748779297 3.8797326087951660156 4.4407076835632324219 3.8983075618743896484 3.9339025020599365234 4.4658517837524414062 3.2201192378997802734 4.271209716796875 4.2319092750549316406 3.3696656227111816406 1.7570774555206298828 5.6870851516723632812 6.7858371734619140625 2.4575655460357666016 4.0072765350341796875 6.2100648880004882812 5.6020784378051757812 4.1673727035522460938 4.2988686561584472656
0 4.9167857170104980469 4.0298857688903808594 4.2278475761413574219 4.2307114601135253906 3.935054779052734375 4.0801959037780761719 4.0772175788879394531 3.896892547607421875 3.2199919223785400391 2.9320764541625976562 2.4550840854644775391 2.5058665275573730469 2.5674490928649902344 1.551520228385925293 1.5018072128295898438 2.4747903347015380859 1.9942095279693603516 2.0146384239196777344 2.3620536327362060547 2.8594675064086914062 3.7868592739105224609 3.555706024169921875 4.3853554725646972656 3.8686583042144775391 3.6977913379669189453 4.092540740966796875 3.453197479248046875 4.3041753768920898438 3.5983676910400390625 3.3965532779693603516 1.9781402349472045898 4.2707152366638183594 6.2654671669006347656 3.6495218276977539062 2.8095128536224365234 4.4307985305786132812 6.1320466995239257812 5.8380808830261230469 5.8768434524536132812
0 4.1694149971008300781 4.2546210289001464844 4.0404043197631835938 4.1336560249328613281 4.1915173530578613281 3.8269262313842773438 4.254146575927734375 3.9875814914703369141 2.8804192543029785156 2.8637003898620605469 2.0053248405456542969 2.5658817291259765625 2.3015389442443847656 1.49571990966796875 1.5404005050659179688 2.3848779201507568359 2.3848776817321777344 2.0531928539276123047 2.2337274551391601562 3.0357599258422851562 4.286884307861328125 3.8227024078369140625 3.8273184299468994141 3.35704803466796875 3.5542943477630615234 3.5762536525726318359 3.5534327030181884766 4.2049851417541503906 2.958362579345703125 3.4320704936981201172 2.8947660923004150391 3.8135657310485839844 6.8554391860961914062 7.4399838447570800781 5.2303762435913085938 3.9513237476348876953 4.1024074554443359375 4.3673672676086425781 4.8252887725830078125
0 3.2847712039947509766 4.5466861724853515625 4.1146759986877441406 3.7100529670715332031 3.7704329490661621094 3.7462241649627685547 4.1526732444763183594 4.083667755126953125 3.3746085166931152344 2.9460237026214599609 1.8795182704925537109 2.6477348804473876953 1.7324330806732177734 1.3945248126983642578 2.2721247673034667969 2.0053327083587646484 2.3103303909301757812 2.3748767375946044922 2.4544615745544433594 3.4496815204620361328 4.3560290336608886719 2.9364080429077148438 2.9573125839233398438 3.6260435581207275391 3.8776607513427734375 3.5307593345642089844 3.6555953025817871094 4.3837342262268066406 3.3683402538299560547 2.9826843738555908203 3.9961752891540527344 4.3213553428649902344 4.5659542083740234375 5.5844149589538574219 6.2853379249572753906 6.0418696403503417969 4.7825560569763183594 3.9976890087127685547 3.5501601696014404297
0 3.5835850238800048828 4.8421740531921386719 4.0568490028381347656 2.9982385635375976562 3.2293906211853027344 3.9780609607696533203 4.0674276351928710938 4.1024169921875 3.7596828937530517578 2.9914851188659667969 2.2730236053466796875 2.6231770515441894531 1.1045130491256713867 1.1682019233703613281 2.65708160400390625 1.867374420166015625 2.2623121738433837891 3.02591705322265625 2.9396538734436035156 2.9243149757385253906 4.0144610404968261719 2.7659986019134521484 2.2907390594482421875 3.3719108104705810547 3.713741302490234375 3.6345407962799072266 3.5053234100341796875 4.1662492752075195312 3.9299299716949462891 3.0349309444427490234 3.8250696659088134766 3.9575755596160888672 3.1170923709869384766 3.212429046630859375 3.9750041961669921875 5.6583418846130371094 5.8776059150695800781 4.4674258232116699219 3.6890172958374023438
0 4.175586700439453125 4.3391971588134765625 3.6452243328094482422 2.5389358997344970703 2.9015748500823974609 3.7348911762237548828 3.7993731498718261719 4.1630015373229980469 4.0624685287475585938 3.7501389980316162109 2.8596391677856445312 2.59566497802734375 1.6745156049728393555 1.3056795597076416016 2.1381649971008300781 1.6378518342971801758 2.3118479251861572266 3.8229568004608154297 3.0951159000396728516 2.3225588798522949219 3.632335662841796875 2.8344244956970214844 2.2714433670043945312 2.7934472560882568359 3.1617023944854736328 3.4008786678314208984 3.01973724365234375 3.3205687999725341797 3.3152620792388916016 3.3840398788452148438 4.2308268547058105469 5.0899114608764648438 4.421234130859375 3.6367740631103515625 2.8338704109191894531 3.2790663242340087891 4.6815114021301269531 4.2490487098693847656 4.0743741989135742188
0 3.4606711864471435547 3.2912354469299316406 3.7054314613342285156 2.4747815132141113281 2.6108009815216064453 3.2061440944671630859 3.0419201850891113281 3.9838893413543701172 4.2131438255310058594 4.182952880859375 3.4562780857086181641 2.8374485969543457031 2.7703754901885986328 2.2969219684600830078 1.7192436456680297852 1.4708286523818969727 2.7623276710510253906 3.4414806365966796875 2.8735585212707519531 2.8068273067474365234 3.231266021728515625 3.1908085346221923828 3.1503131389617919922 3.3102157115936279297 3.6565797328948974609 3.5875406265258789062 3.5266156196594238281 4.3699030876159667969 3.7381420135498046875 3.8213810920715332031 3.4893209934234619141 4.8263225555419921875 3.9421083927154541016 3.5007326602935791016 3.378662109375 3.3019502162933349609 3.4094765186309814453 4.1079535484313964844 5.0308327674865722656
0 2.8497314453125 2.9711487293243408203 3.8114595413208007812 2.8183157444000244141 2.4987709522247314453 2.7174892425537109375 2.4643497467041015625 2.9921541213989257812 3.6638956069946289062 3.6489636898040771484 2.9906294345855712891 2.5466966629028320312 2.9069788455963134766 3.112712860107421875 2.1239206790924072266 1.7799659967422485352 2.6287701129913330078 3.1533639430999755859 3.3205804824829101562 4.8208022117614746094 5.0448641777038574219 3.771907806396484375 3.4992847442626953125 3.8008379936218261719 4.7927594184875488281 5.3372654914855957031 5.2166628837585449219 5.4795212745666503906 4.133663177490234375 3.5942924022674560547 2.7364084720611572266 5.60073089599609375 4.2674193382263183594 4.5454640388488769531 4.6433076858520507812 4.4562349319458007812 3.3469488620758056641 2.9076898097991943359 4.6003055572509765625
0 3.1546659469604492188 3.4565775394439697266 3.5376083850860595703 3.0462310314178466797 2.5892293453216552734 2.9828472137451171875 3.0715222358703613281 2.2341899871826171875 2.8821828365325927734 3.7873945236206054688 2.745616912841796875 2.1428921222686767578 2.3353662490844726562 2.9194769859313964844 2.9265692234039306641 2.8853394985198974609 3.5875475406646728516 4.5342526435852050781 3.5324666500091552734 3.1185514926910400391 4.387767791748046875 3.6341280937194824219 3.9113740921020507812 3.7553911209106445312 3.5927419662475585938 3.9025661945343017578 3.7209138870239257812 4.8479099273681640625 3.5497403144836425781 1.9067913293838500977 0.45558622479438781738 3.6441216468811035156 3.9543874263763427734 5.2611227035522460938 5.6692671775817871094 4.8357071876525878906 4.4529461860656738281 3.7981746196746826172 4.1645646095275878906
0 2.3708391189575195312 2.6608829498291015625 2.5229411125183105469 2.7573947906494140625 2.6231846809387207031 3.0192272663116455078 2.4792814254760742188 1.559019923210144043 2.8274633884429931641 4.1167712211608886719 3.2889249324798583984 2.7667202949523925781 3.0329263210296630859 3.2180888652801513672 2.649646759033203125 2.1229717731475830078 2.4352269172668457031 3.4759585857391357422 3.4244101047515869141 2.8488178253173828125 3.8511154651641845703 3.5937104225158691406 3.2163612842559814453 3.1546547412872314453 2.9076778888702392578 3.1567361354827880859 4.527774810791015625 5.4862375259399414062 3.2773885726928710938 2.8769078254699707031 2.0854508876800537109 2.2962613105773925781 2.3133821487426757812 3.6754589080810546875 5.1044588088989257812 4.5217504501342773438 5.2550601959228515625 5.8790445327758789062 5.2444009780883789062
0 2.0133922100067138672 1.915775299072265625 2.0326237678527832031 2.6404931545257568359 2.6644883155822753906 2.7588403224945068359 2.6633651256561279297 1.736811518669128418 2.7016425132751464844 3.8292989730834960938 3.5632302761077880859 2.8317410945892333984 2.9719867706298828125 3.5037553310394287109 2.9306886196136474609 2.280792236328125 1.8115292787551879883 2.7306602001190185547 3.4875795841217041016 3.3578159809112548828 3.369083404541015625 3.8635711669921875 4.42122650146484375 4.5444860458374023438 4.3754491806030273438 4.3227691650390625 5.9754467010498046875 7.1119451522827148438 4.1977753639221191406 4.8627562522888183594 4.620761871337890625 2.6358838081359863281 1.9735487699508666992 3.4497029781341552734 4.1804394721984863281 3.1229248046875 3.6573939323425292969 5.105133056640625 5.4795222282409667969
0 2.2927451133728027344 1.8212686777114868164 2.1530005931854248047 2.4470536708831787109 2.3926894664764404297 1.9635033607482910156 2.0472786426544189453 1.3275861740112304688 1.6799433231353759766 2.6603343486785888672 2.8946070671081542969 1.8109698295593261719 2.0146453380584716797 2.7621605396270751953 3.0497176647186279297 2.9636394977569580078 1.8312629461288452148 2.1988108158111572266 3.2251482009887695312 3.44089508056640625 3.6556024551391601562 4.4420595169067382812 5.0711636543273925781 5.2646718025207519531 4.7866673469543457031 3.6406400203704833984 4.6673564910888671875 6.8187756538391113281 3.8717966079711914062 3.5307669639587402344 4.9267282485961914062 2.4864020347595214844 1.7053368091583251953 3.4056189060211181641 4.2528586387634277344 3.2124543190002441406 3.1648888587951660156 3.8803856372833251953 3.8479785919189453125
0 2.3055062294006347656 1.7498590946197509766 2.2235157489776611328 1.9059976339340209961 2.116512298583984375 2.1513741016387939453 1.906000971794128418 1.3945131301879882812 1.4207711219787597656 1.7808426618576049805 2.6034452915191650391 2.1222407817840576172 1.9727771282196044922 2.3160200119018554688 1.4739171266555786133 1.664807438850402832 2.0331287384033203125 3.0352654457092285156 4.1818647384643554688 5.0324335098266601562 4.9647502899169921875 4.3101229667663574219 3.9019365310668945312 4.0974836349487304688 4.3615903854370117188 3.9118864536285400391 4.3673520088195800781 5.4774041175842285156 3.3066942691802978516 3.2130703926086425781 5.4266886711120605469 4.7639441490173339844 4.0053668022155761719 3.4677915573120117188 3.72418212890625 4.0147109031677246094 3.7864673137664794922 4.136714935302734375 3.5959782600402832031
0 2.4520051479339599609 1.7151174545288085938 2.2495400905609130859 1.6886594295501708984 1.9604004621505737305 2.4760165214538574219 1.7774302959442138672 1.3275861740112304688 1.395610809326171875 1.1383635997772216797 2.3740143775939941406 1.8714095354080200195 1.0576897859573364258 2.4445714950561523438 2.2696886062622070312 2.201568603515625 3.2946033477783203125 3.4019045829772949219 3.2901504039764404297 3.4297285079956054688 3.7415242195129394531 4.1336660385131835938 3.8292989730834960938 3.5987861156463623047 3.9851653575897216797 4.1575422286987304688 4.9672021865844726562 4.3339433670043945312 2.9327704906463623047 3.4858219623565673828 5.1425280570983886719 4.6555829048156738281 4.8687767982482910156 4.5503563880920410156 3.9355640411376953125 4.5746693611145019531 4.4134464263916015625 4.4522719383239746094 4.6325545310974121094
0 2.7749271392822265625 1.96532440185546875 2.1824347972869873047 1.7567962408065795898 2.0502159595489501953 2.3258090019226074219 2.2050340175628662109 1.6961345672607421875 1.5288627147674560547 1.1776919364929199219 1.6672263145446777344 1.872501373291015625 1.8455507755279541016 2.9711251258850097656 3.6084613800048828125 3.5427663326263427734 2.9295053482055664062 2.5331568717956542969 2.8154404163360595703 3.0324270725250244141 2.6948790550231933594 2.8740885257720947266 3.512821197509765625 3.8953325748443603516 4.2347579002380371094 4.6599111557006835938 5.6977367401123046875 3.9844088554382324219 2.2414224147796630859 2.3015377521514892578 3.6902616024017333984 3.6489770412445068359 3.7827229499816894531 4.2206749916076660156 4.1127367019653320312 4.5997567176818847656 4.802639007568359375 4.4793906211853027344 4.4553408622741699219
0 3.1438832283020019531 2.4009308815002441406 2.2015857696533203125 1.9155136346817016602 2.5195348262786865234 2.1633360385894775391 3.0444152355194091797 2.2086882591247558594 0.7954743504524230957 0.9044602513313293457 2.6546120643615722656 3.8457453250885009766 3.39759063720703125 2.9472076892852783203 2.5353462696075439453 1.8496799468994140625 1.86736297607421875 2.8961725234985351562 3.7013311386108398438 4.3294019699096679688 4.5045475959777832031 4.1167826652526855469 4.4810848236083984375 4.9272522926330566406 4.8194241523742675781 5.350860595703125 6.2871985435485839844 4.4624786376953125 2.2854514122009277344 1.5806052684783935547 2.6841509342193603516 3.8511271476745605469 4.317623138427734375 4.0727567672729492188 3.7565989494323730469 4.0706624984741210938 4.0404033660888671875 3.9125318527221679688 3.4433927536010742188
