wildfire/work/fuelmodels/1768/slope.asc
ncols        196
nrows        168
xllcorner    177175.000000000000
yllcorner    445250.000000000000
cellsize     5.000000000000
NODATA_value   -999
[rows 36 to 53 of 168, columns 120 to 159 of 196]
1.9326194524765014648 1.9417520761489868164 2.1637952327728271484 1.8641153573989868164 2.3646297454833984375 2.9239699840545654297 3.08154296875 3.3995330333709716797 3.1640882492065429688 4.4005174636840820312 2.7573862075805664062 1.4831558465957641602 2.9747090339660644531 2.4064040184020996094 2.3083393573760986328 2.2685616016387939453 2.0912861824035644531 1.9518892765045166016 1.6657215356826782227 1.9157773256301879883 1.1581960916519165039 0.85378986597061157227 1.1298856735229492188 1.3049080371856689453 2.4749975204467773438 2.9914824962615966797 2.2271625995635986328 1.8684508800506591797 3.1066923141479492188 2.1635646820068359375 0.68687844276428222656 1.4064486026763916016 2.1663684844970703125 2.7038719654083251953 2.7326989173889160156 2.7967031002044677734 3.4285349845886230469 4.3419842720031738281 3.9355680942535400391 2.9588539600372314453
1.7405985593795776367 1.9059838056564331055 2.9300177097320556641 2.2223911285400390625 1.2869362831115722656 2.2063894271850585938 3.3865714073181152344 4.0955061912536621094 3.6565747261047363281 4.3618149757385253906 2.3901681900024414062 1.6304124593734741211 2.9170444011688232422 2.8624656200408935547 2.6926226615905761719 2.2398369312286376953 2.1914424896240234375 2.2940626144409179688 1.9534384012222290039 2.0776894092559814453 1.5642044544219970703 0.96772468090057373047 0.38315859436988830566 1.6811410188674926758 2.7343723773956298828 2.7373244762420654297 2.0740308761596679688 1.6811434030532836914 3.246856689453125 2.2643268108367919922 2.3472397327423095703 3.0027775764465332031 3.5085091590881347656 4.3396587371826171875 4.4147152900695800781 3.6605842113494873047 3.2300159931182861328 2.8790235519409179688 2.8967025279998779297 3.1793859004974365234
1.7842315435409545898 1.5178935527801513672 2.3861413002014160156 2.3225574493408203125 0.9401264190673828125 1.1879616975784301758 3.1153054237365722656 4.5553336143493652344 4.2943010330200195312 3.7908594608306884766 1.7613991498947143555 1.4804370403289794922 2.5753278732299804688 2.4162571430206298828 3.0561800003051757812 3.18129730224609375 2.7856631278991699219 2.5892281532287597656 2.4700758457183837891 2.6576561927795410156 2.5259635448455810547 1.6535280942916870117 1.1841192245483398438 2.5323538780212402344 2.1626291275024414062 1.9281547069549560547 1.9840258359909057617 1.8477621078491210938 3.1546475887298583984 3.1153054237365722656 3.6693999767303466797 3.6195080280303955078 3.3600699901580810547 3.5811970233917236328 3.9127955436706542969 3.9580898284912109375 3.4758136272430419922 2.8267395496368408203 2.8883063793182373047 3.4567160606384277344
2.5213489532470703125 1.8706114292144775391 1.6238831281661987305 2.1222581863403320312 1.791869044303894043 1.4014054536819458008 3.1873178482055664062 4.4783682823181152344 4.1731710433959960938 3.2838492393493652344 1.691042780876159668 1.7819646596908569336 2.6462213993072509766 2.3153486251831054688 2.8326323032379150391 3.5972428321838378906 3.3397009372711181641 3.0229115486145019531 2.7263987064361572266 2.2940595149993896484 2.0106139183044433594 1.8137655258178710938 2.1600561141967773438 2.2269306182861328125 1.7731277942657470703 1.8452837467193603516 2.1374521255493164062 2.5906016826629638672 3.3665313720703125 3.9134402275085449219 3.6879365444183349609 2.7239935398101806641 2.2271583080291748047 2.0558962821960449219 2.2260220050811767578 3.0177264213562011719 3.0588185787200927734 2.9518446922302246094 3.1936590671539306641 3.7490580081939697266
2.6603236198425292969 2.2962670326232910156 2.3669912815093994141 3.3894133567810058594 3.4255878925323486328 2.5257589817047119141 3.2637798786163330078 3.7559161186218261719 4.0323991775512695312 2.7929105758666992188 1.2735006809234619141 1.9984966516494750977 2.7158062458038330078 2.4154133796691894531 2.2280564308166503906 3.3115837574005126953 3.4811944961547851562 2.5962498188018798828 2.4254434108734130859 1.992419123649597168 1.5603097677230834961 2.2063901424407958984 2.3810484409332275391 1.981726527214050293 2.3465945720672607422 2.4955360889434814453 2.4009191989898681641 2.35540771484375 2.1450152397155761719 3.1806581020355224609 3.2704315185546875 2.5233454704284667969 2.570598602294921875 3.2625343799591064453 3.3219408988952636719 3.2431218624114990234 3.5364816188812255859 3.9906151294708251953 3.7339487075805664062 3.4032535552978515625
2.1972022056579589844 1.2281825542449951172 0.96300333738327026367 2.0519685745239257812 4.0931639671325683594 3.0813794136047363281 3.2611470222473144531 3.0157134532928466797 4.1450066566467285156 2.6745359897613525391 1.0127091407775878906 1.5048425197601318359 2.0400955677032470703 2.1428945064544677734 1.4246779680252075195 2.0679166316986083984 2.9948663711547851562 2.5468962192535400391 2.3618450164794921875 1.9840157032012939453 1.8770966529846191406 2.5229551792144775391 2.6410517692565917969 2.2391633987426757812 2.5371451377868652344 3.2350051403045654297 3.3719155788421630859 3.6330049037933349609 3.3528304100036621094 3.0339291095733642578 2.8763825893402099609 3.4328072071075439453 4.0846424102783203125 4.4562425613403320312 4.6909780502319335938 4.7876057624816894531 4.3316221237182617188 3.7048764228820800781 3.0007598400115966797 2.6999406814575195312
2.2052433490753173828 1.0695872306823730469 0.5867201685905456543 2.7929072380065917969 3.6273081302642822266 2.9921624660491943359 2.9265608787536621094 2.5058560371398925781 4.2002930641174316406 2.9643166065216064453 2.0922489166259765625 1.8452959060668945312 1.9236892461776733398 2.4331619739532470703 1.8931993246078491211 1.9819729328155517578 2.2854514122009277344 2.4371039867401123047 2.1784739494323730469 1.595905303955078125 1.8221122026443481445 2.4943344593048095703 2.7638013362884521484 2.6608910560607910156 2.9243144989013671875 3.2648673057556152344 3.2201411724090576172 3.6344094276428222656 4.05350494384765625 3.7844588756561279297 3.7371892929077148438 4.4643902778625488281 4.5730371475219726562 4.3113145828247070312 4.1885018348693847656 3.6160047054290771484 2.9702792167663574219 3.1326172351837158203 3.5296106338500976562 3.9814860820770263672
2.4774410724639892578 1.9059838056564331055 1.1472132205963134766 2.1914389133453369141 2.7659924030303955078 2.8372759819030761719 2.9239649772644042969 2.8082528114318847656 3.9134368896484375 2.4310748577117919922 1.2412996292114257812 2.5704150199890136719 2.6557552814483642578 2.3689148426055908203 1.665421605110168457 1.650763392448425293 2.0304014682769775391 2.0747671127319335938 1.8204436302185058594 2.0915229320526123047 2.375942230224609375 2.7822058200836181641 3.1719036102294921875 3.0063140392303466797 2.7328884601593017578 2.6739771366119384766 2.6608910560607910156 2.5538263320922851562 3.2696537971496582031 4.3074355125427246094 4.6534028053283691406 4.2989983558654785156 3.9906110763549804688 4.2279629707336425781 3.8015003204345703125 3.4186520576477050781 3.6660945415496826172 3.8635685443878173828 3.8160843849182128906 3.5093684196472167969
2.0326466560363769531 2.3859250545501708984 1.9801877737045288086 1.795533299446105957 2.5213489532470703125 2.4070394039154052734 2.3118543624877929688 2.8573334217071533203 3.4183521270751953125 2.0251572132110595703 2.1487836837768554688 3.17254638671875 2.3517658710479736328 1.235581517219543457 1.4089684486389160156 2.1731209754943847656 2.3823170661926269531 1.5433604717254638672 1.8824766874313354492 2.1717274188995361328 2.2196502685546875 2.3334105014801025391 2.66487884521484375 2.9403514862060546875 2.8344199657440185547 2.8251280784606933594 3.2648639678955078125 3.7331240177154541016 4.2403612136840820312 4.3298816680908203125 4.3391938209533691406 4.0026049613952636719 3.7348778247833251953 3.8983068466186523438 3.7054221630096435547 3.8019018173217773438 3.5393373966217041016 3.0197389125823974609 2.4070289134979248047 2.1279652118682861328
2.3301632404327392578 2.5451071262359619141 2.6200966835021972656 1.775410771369934082 2.5892248153686523438 2.6644966602325439453 2.6888718605041503906 2.9629626274108886719 3.1049067974090576172 2.2854478359222412109 2.7703714370727539062 2.3996694087982177734 1.5354645252227783203 1.9653162956237792969 1.9017374515533447266 2.8073549270629882812 2.4700758457183837891 2.2499804496765136719 2.3502597808837890625 2.3646264076232910156 2.5674524307250976562 2.7189776897430419922 2.7386214733123779297 3.0056438446044921875 3.2463872432708740234 3.3570430278778076172 3.3925378322601318359 3.4173293113708496094 3.9750285148620605469 3.8102686405181884766 3.6206166744232177734 3.5683343410491943359 3.4539415836334228516 3.0349326133728027344 2.2513294219970703125 2.1191525459289550781 2.1126925945281982422 2.1466631889343261719 2.0922458171844482422 2.4003040790557861328
2.4528269767761230469 2.4969575405120849609 2.8138272762298583984 2.0620386600494384766 2.7373216152191162109 2.8916308879852294922 2.5985910892486572266 2.4969704151153564453 2.6978762149810791016 2.2907557487487792969 2.7789385318756103516 2.6873564720153808594 2.4692571163177490234 2.4886403083801269531 2.5104963779449462891 3.1546533107757568359 2.97113800048828125 2.8438570499420166016 2.5149185657501220703 2.5090770721435546875 2.8608653545379638672 3.3534307479858398438 3.6008851528167724609 3.6890285015106201172 3.9365987777709960938 3.9401884078979492188 3.6252157688140869141 3.5547156333923339844 4.2840600013732910156 3.7218761444091796875 3.2617626190185546875 3.2832357883453369141 3.1890747547149658203 2.5985949039459228516 1.8942762613296508789 2.0443058013916015625 2.6699972152709960938 2.7579357624053955078 1.791306614875793457 1.8982665538787841797
2.8608746528625488281 2.7445118427276611328 3.0409226417541503906 2.1824178695678710938 2.4443528652191162109 2.7905559539794921875 2.3926978111267089844 2.2763602733612060547 2.4464197158813476562 2.6557598114013671875 3.2389223575592041016 3.7005193233489990234 3.1935031414031982422 2.5058524608612060547 2.5862975120544433594 2.923976898193359375 2.68190765380859375 2.5411250591278076172 2.9408597946166992188 3.1301996707916259766 3.0138731002807617188 3.0879290103912353516 3.3395409584045410156 3.3546385765075683594 3.4916243553161621094 3.8483815193176269531 3.9973120689392089844 3.9719645977020263672 4.4841184616088867188 3.7460951805114746094 3.3841915130615234375 3.2206087112426757812 2.7905559539794921875 2.5042388439178466797 2.3048412799835205078 2.1067011356353759766 1.938363194465637207 2.8989660739898681641 1.7017855644226074219 1.0261150598526000977
2.6679074764251708984 2.8790190219879150391 3.0016083717346191406 2.0519580841064453125 2.2337327003479003906 2.5474886894226074219 2.7402794361114501953 2.8080739974975585938 2.4084947109222412109 2.8360216617584228516 2.9170484542846679688 2.6471750736236572266 2.6961956024169921875 2.7085361480712890625 2.2914063930511474609 2.3755130767822265625 3.1366591453552246094 3.5154230594635009766 3.6206166744232177734 3.6289784908294677734 3.7339487075805664062 3.9127993583679199219 3.6692662239074707031 2.9955391883850097656 2.876911163330078125 3.3031857013702392578 3.9252984523773193359 3.6172719001770019531 3.5638010501861572266 2.7456233501434326172 2.0559041500091552734 1.6129418611526489258 1.6799384355545043945 1.9766082763671875 1.5936849117279052734 1.3233886957168579102 1.0892808437347412109 2.1374464035034179688 1.7510226964950561523 1.1494232416152954102
2.3334081172943115234 2.5784687995910644531 2.4003005027770996094 1.9842779636383056641 2.3678324222564697266 2.4743719100952148438 3.1081686019897460938 3.9485104084014892578 2.9239685535430908203 2.3301539421081542969 3.1308469772338867188 3.1282646656036376953 2.6318509578704833984 2.7402794361114501953 2.9374234676361083984 2.8769016265869140625 3.3066899776458740234 3.780181884765625 3.4979853630065917969 3.5085132122039794922 4.0969862937927246094 4.2059369087219238281 4.0955114364624023438 3.7908639907836914062 3.7598221302032470703 3.1118996143341064453 3.1860558986663818359 3.2784607410430908203 2.4760043621063232422 1.9131330251693725586 1.9218394756317138672 0.70434588193893432617 0.27186825871467590332 1.5978051424026489258 1.0533745288848876953 0.7178637385368347168 0.83521372079849243164 1.4957283735275268555 1.4356539249420166016 1.7368121147155761719
2.1088573932647705078 2.2059369087219238281 1.8444669246673583984 1.9112869501113891602 2.29604339599609375 2.2378051280975341797 2.2515594959259033203 3.3102221488952636719 3.3297052383422851562 2.5741541385650634766 2.7358505725860595703 3.0007636547088623047 2.863521575927734375 2.7234313488006591797 3.2575821876525878906 3.2389101982116699219 3.1687107086181640625 2.9811520576477050781 3.0798983573913574219 3.8195273876190185547 4.1659035682678222656 3.5565609931945800781 3.1438925266265869141 2.5868799686431884766 2.7051758766174316406 2.0759723186492919922 1.194327235221862793 1.5155532360076904297 1.4957306385040283203 1.9112873077392578125 2.7314066886901855469 1.3498935699462890625 0.53998875617980957031 1.3172621726989746094 0.86556714773178100586 0.31819549202919006348 0.40499365329742431641 1.1249431371688842773 1.8452899456024169922 2.5040395259857177734
2.6278121471405029297 2.6450757980346679688 2.2086858749389648438 2.2535769939422607422 2.5615460872650146484 2.4154160022735595703 1.8159919977188110352 2.0608208179473876953 2.6926300525665283203 2.8509595394134521484 2.5952746868133544922 2.7720174789428710938 2.8545002937316894531 3.061794281005859375 3.2736787796020507812 3.4730520248413085938 3.3880712985992431641 3.3189060688018798828 3.5983633995056152344 3.6727049350738525391 2.9085488319396972656 2.97113800048828125 3.6260514259338378906 2.7676272392272949219 1.7472639083862304688 2.2398428916931152344 0.91779083013534545898 1.0422633886337280273 1.2671312093734741211 1.8159976005554199219 2.7234425544738769531 1.8290448188781738281 1.3355742692947387695 1.173390507698059082 1.0504934787750244141 0.55661660432815551758 0.52187269926071166992 1.0422582626342773438 2.00658416748046875 2.9855570793151855469
3.5513083934783935547 4.0474061965942382812 3.0715279579162597656 2.4774453639984130859 2.6086878776550292969 2.7157988548278808594 2.92395782470703125 2.8310256004333496094 3.1763660907745361328 3.0197389125823974609 3.1016471385955810547 3.5518774986267089844 3.5780949592590332031 3.5429029464721679688 3.5751271247863769531 3.652980804443359375 3.6660902500152587891 3.7553822994232177734 3.6655390262603759766 2.9363915920257568359 2.3748712539672851562 2.5617372989654541016 3.101165771484375 3.0324330329895019531 2.0659577846527099609 2.3646295070648193359 1.0186929702758789062 1.5272086858749389648 1.1258410215377807617 1.7748453617095947266 2.5552189350128173828 2.1018989086151123047 2.2461574077606201172 2.2940568923950195312 2.0854587554931640625 1.8179450035095214844 1.3977901935577392578 0.54186517000198364258 1.7498699426651000977 2.2524569034576416016
3.3618557453155517578 3.9114992618560791016 3.2317283153533935547 2.7358455657958984375 2.7763924598693847656 2.8869116306304931641 3.2400002479553222656 3.0996921062469482422 3.2467024326324462891 3.3641183376312255859 3.3888058662414550781 4.2318959236145019531 4.3846616744995117188 4.2664670944213867188 4.2433342933654785156 4.0278849601745605469 4.0026092529296875 3.6261892318725585938 2.9569764137268066406 2.3118479251861572266 1.9696848392486572266 1.7842289209365844727 1.3592437505722045898 2.0647490024566650391 1.6378406286239624023 2.1626181602478027344 1.3566265106201171875 2.2495279312133789062 1.6593292951583862305 2.1083810329437255859 2.4470396041870117188 1.6693644523620605469 1.7830982208251953125 1.8867751359939575195 1.6223167181015014648 1.2979072332382202148 0.88751697540283203125 0.98225843906402587891 2.2980334758758544922 2.5259575843811035156
