wildfire/work/fuelmodels/1741/ahn1.asc
ncols        599
nrows        323
xllcorner    183500.000000000000
yllcorner    475215.000000000000
cellsize     5.000000000000
NODATA_value   -999
[rows 152 to 170 of 323, columns 410 to 450 of 599]
60.81999969482421875 60.259998321533203125 59.95999908447265625 59.619998931884765625 59.3600006103515625 59.09999847412109375 58.950000762939453125 58.939998626708984375 58.779998779296875 58.630001068115234375 58.470001220703125 58.439998626708984375 58.18000030517578125 58.1100006103515625 57.740001678466796875 57.3899993896484375 57.189998626708984375 57.04000091552734375 56.990001678466796875 56.8899993896484375 56.45999908447265625 56.34999847412109375 56.380001068115234375 56.020000457763671875 56.380001068115234375 56.270000457763671875 56.6399993896484375 56.259998321533203125 56.369998931884765625 56.520000457763671875 56.520000457763671875 56.520000457763671875 56.529998779296875 57.029998779296875 57.56999969482421875 57.5800018310546875 57.700000762939453125 57.75 57.8600006103515625 58.009998321533203125 58.060001373291015625
60.84999847412109375 60.259998321533203125 59.869998931884765625 59.6100006103515625 59.3600006103515625 59.189998626708984375 59.009998321533203125 58.8600006103515625 58.590000152587890625 58.619998931884765625 58.340000152587890625 58.409999847412109375 58.240001678466796875 58.1100006103515625 57.56999969482421875 57.56999969482421875 57.3300018310546875 57.240001678466796875 57.15000152587890625 56.81999969482421875 56.490001678466796875 56.4199981689453125 56.3300018310546875 56.630001068115234375 56.34999847412109375 56.470001220703125 56.240001678466796875 56.479999542236328125 56.3600006103515625 56.3600006103515625 56.520000457763671875 56.81999969482421875 56.909999847412109375 57.029998779296875 57.56999969482421875 57.59999847412109375 57.70999908447265625 57.70999908447265625 57.6399993896484375 57.6399993896484375 57.880001068115234375
60.95999908447265625 60.189998626708984375 60 59.779998779296875 59.31999969482421875 59.380001068115234375 59.130001068115234375 58.6100006103515625 58.75 58.5 58.68000030517578125 58.310001373291015625 58.25 58.06999969482421875 57.59999847412109375 57.75 57.470001220703125 57.40000152587890625 57.220001220703125 56.970001220703125 56.720001220703125 56.8600006103515625 56.299999237060546875 56.5800018310546875 56.4199981689453125 56.270000457763671875 56.049999237060546875 56.40000152587890625 56.3300018310546875 56.130001068115234375 56.81999969482421875 56.79000091552734375 56.869998931884765625 57.009998321533203125 57.409999847412109375 57.56999969482421875 57.68000030517578125 57.81999969482421875 57.6399993896484375 56.43000030517578125 56.43000030517578125
61.020000457763671875 60.31999969482421875 60.1699981689453125 59.770000457763671875 59.490001678466796875 59.439998626708984375 59.009998321533203125 58.8899993896484375 58.70999908447265625 58.799999237060546875 58.3899993896484375 58.29000091552734375 58.200000762939453125 57.84999847412109375 57.700000762939453125 57.560001373291015625 57.470001220703125 57.43000030517578125 57.130001068115234375 56.950000762939453125 57.0800018310546875 56.630001068115234375 56.200000762939453125 56.3300018310546875 56.189998626708984375 56.220001220703125 56.240001678466796875 56.299999237060546875 56.310001373291015625 56.509998321533203125 56.5800018310546875 56.770000457763671875 56.75 57.04000091552734375 57.409999847412109375 57.509998321533203125 57.3600006103515625 57.659999847412109375 57.09999847412109375 56.810001373291015625 57.020000457763671875
60.93000030517578125 60.439998626708984375 60.189998626708984375 59.720001220703125 59.229999542236328125 59.240001678466796875 59.130001068115234375 58.8600006103515625 58.630001068115234375 58.479999542236328125 58.31999969482421875 58.240001678466796875 58.0800018310546875 57.880001068115234375 57.659999847412109375 57.6100006103515625 57.560001373291015625 57.34999847412109375 57.380001068115234375 57.04000091552734375 56.9199981689453125 56.869998931884765625 56.770000457763671875 56.409999847412109375 56.409999847412109375 56.240001678466796875 56.490001678466796875 56.3300018310546875 56.3600006103515625 56.450000762939453125 56.5 56.81999969482421875 56.8600006103515625 57.18000030517578125 57.6100006103515625 57.630001068115234375 57.630001068115234375 56.81999969482421875 57.3899993896484375 57.3899993896484375 56.619998931884765625
60.70999908447265625 60.40000152587890625 60.15000152587890625 59.90000152587890625 59.240001678466796875 59.119998931884765625 59.18000030517578125 58.630001068115234375 58.659999847412109375 58.5 58.409999847412109375 58.200000762939453125 58.029998779296875 57.8300018310546875 57.95999908447265625 57.840000152587890625 57.770000457763671875 57.490001678466796875 57.380001068115234375 57.43000030517578125 57.1699981689453125 56.880001068115234375 56.869998931884765625 56.770000457763671875 56.509998321533203125 56.3899993896484375 56.259998321533203125 56.409999847412109375 56.560001373291015625 56.5 56.590000152587890625 56.840000152587890625 56.880001068115234375 56.729999542236328125 56.590000152587890625 57.6100006103515625 57.220001220703125 56.049999237060546875 57.689998626708984375 57.9199981689453125 57.3899993896484375
60.759998321533203125 60.439998626708984375 60.159999847412109375 59.630001068115234375 59.54000091552734375 59.090000152587890625 58.880001068115234375 58.8600006103515625 58.65000152587890625 58.700000762939453125 58.6399993896484375 58.310001373291015625 58.409999847412109375 58.020000457763671875 57.939998626708984375 57.990001678466796875 58.04000091552734375 57.939998626708984375 57.770000457763671875 57.45999908447265625 57.3300018310546875 57.15000152587890625 56.939998626708984375 56.8300018310546875 56.45999908447265625 56.5 56.40000152587890625 56.75 56.75 56.479999542236328125 56.509998321533203125 56.68000030517578125 56.9199981689453125 56.590000152587890625 56.590000152587890625 56.590000152587890625 56.049999237060546875 57.689998626708984375 57.9199981689453125 57.9199981689453125 57.9199981689453125
60.470001220703125 60.3899993896484375 60.20999908447265625 59.68000030517578125 59.200000762939453125 59.310001373291015625 59.049999237060546875 58.8600006103515625 58.810001373291015625 58.8600006103515625 58.799999237060546875 58.68000030517578125 58.700000762939453125 58.759998321533203125 58.56999969482421875 58.31999969482421875 58.200000762939453125 57.93000030517578125 57.84999847412109375 57.470001220703125 57.1399993896484375 57.189998626708984375 57.0800018310546875 56.810001373291015625 56.65000152587890625 56.560001373291015625 56.56999969482421875 56.470001220703125 56.409999847412109375 56.369998931884765625 56.5800018310546875 56.509998321533203125 56.9199981689453125 56.9199981689453125 56.84999847412109375 57.119998931884765625 57.619998931884765625 57.619998931884765625 57.869998931884765625 57.869998931884765625 57.8300018310546875
60.34999847412109375 60.009998321533203125 59.840000152587890625 59.590000152587890625 59.270000457763671875 59.259998321533203125 59.189998626708984375 58.8899993896484375 58.68000030517578125 58.93000030517578125 58.84999847412109375 58.990001678466796875 59.04000091552734375 59.029998779296875 58.740001678466796875 58.439998626708984375 58.5800018310546875 58.3899993896484375 57.84999847412109375 57.490001678466796875 57.6399993896484375 57.3300018310546875 57.189998626708984375 56.950000762939453125 56.590000152587890625 56.5 56.409999847412109375 56.3600006103515625 56.529998779296875 56.659999847412109375 56.5800018310546875 56.70999908447265625 56.70999908447265625 57.119998931884765625 57.119998931884765625 57.119998931884765625 57.619998931884765625 57.619998931884765625 57.720001220703125 57.8300018310546875 57.8300018310546875
60.3300018310546875 60.090000152587890625 59.740001678466796875 59.6399993896484375 59.439998626708984375 59.25 59.240001678466796875 59.009998321533203125 58.810001373291015625 58.8600006103515625 59.009998321533203125 59.189998626708984375 59.1399993896484375 59.130001068115234375 59.009998321533203125 58.770000457763671875 58.630001068115234375 58.229999542236328125 57.84999847412109375 57.970001220703125 57.689998626708984375 57.380001068115234375 57.200000762939453125 56.759998321533203125 56.700000762939453125 56.68000030517578125 56.520000457763671875 56.279998779296875 56.75 56.75 56.700000762939453125 56.8899993896484375 57.049999237060546875 57.20999908447265625 57.310001373291015625 57.310001373291015625 57.619998931884765625 57.619998931884765625 57.720001220703125 57.8300018310546875 57.8300018310546875
60.3600006103515625 60.31999969482421875 60.0800018310546875 59.659999847412109375 59.729999542236328125 59.520000457763671875 59.090000152587890625 58.799999237060546875 58.20999908447265625 58.5 58.950000762939453125 59.20999908447265625 59.229999542236328125 59.25 58.8899993896484375 58.979999542236328125 58.619998931884765625 58.549999237060546875 58.159999847412109375 58.270000457763671875 57.6699981689453125 57.43000030517578125 57.560001373291015625 56.8300018310546875 56.779998779296875 56.560001373291015625 56.43000030517578125 56.619998931884765625 56.6100006103515625 56.060001373291015625 56.740001678466796875 56.81999969482421875 57.049999237060546875 57.18000030517578125 57.310001373291015625 57.310001373291015625 57.619998931884765625 57.619998931884765625 57.720001220703125 57.8300018310546875 57.8300018310546875
60.479999542236328125 60.40000152587890625 60.3899993896484375 60.130001068115234375 59.720001220703125 59.1399993896484375 58.970001220703125 58.54000091552734375 58.159999847412109375 58.529998779296875 58.740001678466796875 59.020000457763671875 59.220001220703125 59.200000762939453125 59.029998779296875 58.93000030517578125 58.950000762939453125 58.840000152587890625 58.229999542236328125 58.31999969482421875 57.8300018310546875 57.70999908447265625 56.840000152587890625 56.909999847412109375 56.75 56.630001068115234375 56.40000152587890625 56.59999847412109375 56.909999847412109375 56.3300018310546875 56.259998321533203125 56.740001678466796875 56.90000152587890625 57.049999237060546875 57.310001373291015625 57.310001373291015625 56.029998779296875 56.029998779296875 56.029998779296875 57.1699981689453125 57.1699981689453125
60.729999542236328125 60.6699981689453125 60.3899993896484375 60.09999847412109375 59.619998931884765625 59.06999969482421875 59.06999969482421875 58.79000091552734375 58.810001373291015625 58.779998779296875 58.799999237060546875 58.90000152587890625 59 58.1699981689453125 58.869998931884765625 59.049999237060546875 58.990001678466796875 58.8600006103515625 58.380001068115234375 58.240001678466796875 57.950000762939453125 57.380001068115234375 57.240001678466796875 56.84999847412109375 56.59999847412109375 56.700000762939453125 56.4199981689453125 56.54000091552734375 56.779998779296875 56.740001678466796875 56.70999908447265625 56.70999908447265625 56.90000152587890625 56.90000152587890625 -999 -999 56.029998779296875 56.029998779296875 56.029998779296875 57.1699981689453125 57.1699981689453125
60.8300018310546875 60.68000030517578125 60.450000762939453125 60.159999847412109375 59.68000030517578125 58.950000762939453125 58.8899993896484375 59.09999847412109375 58.869998931884765625 59.29000091552734375 59.689998626708984375 58.659999847412109375 58.81999969482421875 58.130001068115234375 58.81999969482421875 58.689998626708984375 59.25 57.93000030517578125 58.220001220703125 58.04000091552734375 57.8899993896484375 57.439998626708984375 57.130001068115234375 57.1399993896484375 56.700000762939453125 56.6100006103515625 56.270000457763671875 56.90000152587890625 56.810001373291015625 56.770000457763671875 56.70999908447265625 56.70999908447265625 56.6100006103515625 56.93000030517578125 -999 -999 56.029998779296875 56.029998779296875 56.029998779296875 57.1699981689453125 57.1699981689453125
60.34999847412109375 60.6100006103515625 60.6699981689453125 60.279998779296875 59.6699981689453125 59.130001068115234375 59.4199981689453125 59.369998931884765625 59.590000152587890625 60.299999237060546875 60.270000457763671875 58.740001678466796875 58.95999908447265625 59.560001373291015625 60.009998321533203125 60.240001678466796875 59.43000030517578125 57.380001068115234375 57.770000457763671875 57.979999542236328125 57.5 57.549999237060546875 57.130001068115234375 56.909999847412109375 57.43000030517578125 56.8600006103515625 56.779998779296875 56.659999847412109375 56.270000457763671875 56.54000091552734375 56.470001220703125 56.299999237060546875 56.93000030517578125 57.189998626708984375 57.189998626708984375 -999 57.8300018310546875 57.8300018310546875 57.8899993896484375 57.95999908447265625 58.1100006103515625
60.119998931884765625 60.159999847412109375 60.310001373291015625 59.939998626708984375 59.75 59.619998931884765625 59.229999542236328125 59.90000152587890625 60.3300018310546875 60.840000152587890625 60.1399993896484375 59.200000762939453125 59.130001068115234375 59.6399993896484375 59.630001068115234375 60.529998779296875 59.490001678466796875 58.200000762939453125 58.619998931884765625 57.59999847412109375 57.549999237060546875 57.6699981689453125 57.1100006103515625 56.43000030517578125 56.59999847412109375 56.5800018310546875 56.54000091552734375 56.310001373291015625 56.0800018310546875 56.369998931884765625 56.470001220703125 56.470001220703125 57.200000762939453125 57.189998626708984375 57.189998626708984375 -999 57.6699981689453125 57.8300018310546875 57.8300018310546875 57.95999908447265625 58.1399993896484375
59.799999237060546875 59.909999847412109375 59.700000762939453125 60.060001373291015625 59.779998779296875 59.689998626708984375 59.79000091552734375 60.1699981689453125 60.720001220703125 61.130001068115234375 61.630001068115234375 58.560001373291015625 59.1399993896484375 59.93000030517578125 60.490001678466796875 59.779998779296875 60.020000457763671875 59.70999908447265625 58.909999847412109375 58.119998931884765625 57.549999237060546875 57.229999542236328125 57.1100006103515625 56.909999847412109375 56.740001678466796875 56.770000457763671875 56.729999542236328125 56.590000152587890625 56.59999847412109375 56.56999969482421875 56.56999969482421875 56.619998931884765625 57.189998626708984375 57.189998626708984375 56.560001373291015625 56.560001373291015625 57.520000457763671875 57.520000457763671875 57.6699981689453125 57.95999908447265625 58.1699981689453125
59.220001220703125 59.279998779296875 59.6399993896484375 59.729999542236328125 59.869998931884765625 59.810001373291015625 59.779998779296875 60.270000457763671875 60.70999908447265625 60.909999847412109375 60.84999847412109375 59.759998321533203125 60.119998931884765625 59.770000457763671875 59.740001678466796875 60.549999237060546875 58.81999969482421875 58.279998779296875 58.29000091552734375 58.119998931884765625 57.759998321533203125 57.279998779296875 56.65000152587890625 57.119998931884765625 56.970001220703125 56.8300018310546875 56.75 56.6100006103515625 56.45999908447265625 56.659999847412109375 56.6699981689453125 56.56999969482421875 56.9199981689453125 56.54000091552734375 56.20999908447265625 56.560001373291015625 58.06999969482421875 57.439998626708984375 57.31999969482421875 57.31999969482421875 57.009998321533203125
58.740001678466796875 58.720001220703125 58.8300018310546875 59.45999908447265625 59.520000457763671875 59.659999847412109375 60.060001373291015625 60.799999237060546875 60.779998779296875 60.979999542236328125 61.590000152587890625 60.799999237060546875 60.75 60.090000152587890625 60.490001678466796875 60.189998626708984375 59.0800018310546875 59.1699981689453125 58.700000762939453125 58.04000091552734375 57.740001678466796875 57.04000091552734375 57.029998779296875 56.189998626708984375 57.25 57.3899993896484375 56.8600006103515625 56.84999847412109375 56.8899993896484375 56.779998779296875 56.0800018310546875 56.200000762939453125 57.6399993896484375 57.1699981689453125 56.54000091552734375 56.81999969482421875 58.06999969482421875 57.04000091552734375 57.31999969482421875 57.31999969482421875 57.31999969482421875
