wildfire/work/fuelmodels/1741/ahn1.asc
ncols        599
nrows        323
xllcorner    183500.000000000000
yllcorner    475215.000000000000
cellsize     5.000000000000
NODATA_value   -999
[rows 228 to 246 of 323, columns 123 to 163 of 599]
49.84999847412109375 49.779998779296875 49.68000030517578125 49.520000457763671875 49.31999969482421875 49.220001220703125 49.049999237060546875 48.779998779296875 48.369998931884765625 47.970001220703125 47.3300018310546875 47.159999847412109375 47.31999969482421875 47.409999847412109375 47.380001068115234375 47.450000762939453125 47.619998931884765625 48.090000152587890625 48.630001068115234375 49.18000030517578125 49.369998931884765625 49.560001373291015625 49.4199981689453125 49.45999908447265625 49.6699981689453125 49.79000091552734375 49.95999908447265625 50.229999542236328125 50.560001373291015625 50.84999847412109375 51.06999969482421875 51.299999237060546875 51.3300018310546875 51.31999969482421875 51.369998931884765625 51.3300018310546875 51.31999969482421875 51.299999237060546875 51.1399993896484375 51.200000762939453125 51.65000152587890625
49.619998931884765625 49.590000152587890625 49.619998931884765625 49.4199981689453125 49.380001068115234375 49.229999542236328125 48.9199981689453125 48.310001373291015625 47.90000152587890625 47.439998626708984375 46.9199981689453125 46.979999542236328125 47.1399993896484375 47.130001068115234375 47.18000030517578125 47.240001678466796875 47.240001678466796875 47.6399993896484375 48.15000152587890625 48.90000152587890625 49.220001220703125 49.619998931884765625 49.59999847412109375 49.6100006103515625 49.75 49.840000152587890625 49.869998931884765625 50 50.299999237060546875 50.619998931884765625 50.869998931884765625 51.04000091552734375 51.229999542236328125 51.3899993896484375 51.529998779296875 51.470001220703125 51.439998626708984375 51.25 51.409999847412109375 51.43000030517578125 51.59999847412109375
49.729999542236328125 49.770000457763671875 49.409999847412109375 49.369998931884765625 49.4199981689453125 49.259998321533203125 49.0800018310546875 48.549999237060546875 47.799999237060546875 47.1100006103515625 46.659999847412109375 46.689998626708984375 46.84999847412109375 46.8899993896484375 47 46.939998626708984375 46.93000030517578125 47.200000762939453125 48.09999847412109375 48.779998779296875 49.25 49.6699981689453125 49.759998321533203125 49.840000152587890625 49.8600006103515625 50.1100006103515625 50.159999847412109375 50.439998626708984375 50.840000152587890625 50.939998626708984375 51.1699981689453125 51.340000152587890625 51.340000152587890625 51.380001068115234375 51.3600006103515625 51.29000091552734375 51.3300018310546875 51.34999847412109375 51.310001373291015625 51.45999908447265625 51.6100006103515625
49.8899993896484375 49.810001373291015625 49.529998779296875 49.509998321533203125 49.299999237060546875 49.299999237060546875 49.119998931884765625 48.659999847412109375 47.509998321533203125 46.490001678466796875 46.590000152587890625 46.5800018310546875 46.70999908447265625 46.689998626708984375 46.909999847412109375 46.90000152587890625 47.1100006103515625 47.229999542236328125 48.119998931884765625 48.880001068115234375 49.3600006103515625 49.70999908447265625 49.970001220703125 49.990001678466796875 50.090000152587890625 50.06999969482421875 50.479999542236328125 50.6699981689453125 50.880001068115234375 51 51.310001373291015625 51.490001678466796875 51.529998779296875 51.479999542236328125 51.70999908447265625 51.5800018310546875 51.6399993896484375 51.6399993896484375 51.799999237060546875 51.84999847412109375 51.84999847412109375
49.90000152587890625 49.779998779296875 49.659999847412109375 49.490001678466796875 49.450000762939453125 49.40000152587890625 49.220001220703125 48.740001678466796875 47.84999847412109375 46.40000152587890625 46.520000457763671875 46.59999847412109375 46.560001373291015625 46.6100006103515625 46.869998931884765625 46.909999847412109375 47.20999908447265625 47.549999237060546875 48.25 49.15000152587890625 49.520000457763671875 49.93000030517578125 50.1100006103515625 50.15000152587890625 50.20999908447265625 50.34999847412109375 50.5800018310546875 50.729999542236328125 51.029998779296875 51.20999908447265625 51.369998931884765625 51.630001068115234375 51.729999542236328125 51.759998321533203125 51.720001220703125 51.79000091552734375 51.70999908447265625 51.6699981689453125 51.869998931884765625 52.020000457763671875 52.130001068115234375
49.90000152587890625 49.84999847412109375 49.590000152587890625 49.56999969482421875 49.590000152587890625 49.490001678466796875 49.34999847412109375 48.979999542236328125 47.840000152587890625 47.240001678466796875 46.700000762939453125 46.560001373291015625 46.630001068115234375 46.720001220703125 47.020000457763671875 47.15000152587890625 47.520000457763671875 47.93000030517578125 48.380001068115234375 49.189998626708984375 49.779998779296875 50.1100006103515625 50.340000152587890625 50.310001373291015625 50.409999847412109375 50.56999969482421875 50.700000762939453125 50.950000762939453125 51.31999969482421875 51.409999847412109375 51.75 51.779998779296875 51.779998779296875 51.81999969482421875 51.8600006103515625 51.840000152587890625 51.84999847412109375 51.9199981689453125 52.020000457763671875 52.20999908447265625 52.45999908447265625
50.029998779296875 49.8300018310546875 49.799999237060546875 49.779998779296875 49.729999542236328125 49.68000030517578125 49.59999847412109375 49.3899993896484375 48.529998779296875 47.380001068115234375 46.970001220703125 47.20999908447265625 46.970001220703125 47.009998321533203125 47.3300018310546875 47.340000152587890625 47.6100006103515625 48.369998931884765625 48.9199981689453125 49.509998321533203125 50.029998779296875 50.340000152587890625 50.380001068115234375 50.340000152587890625 50.529998779296875 50.740001678466796875 50.909999847412109375 51.1699981689453125 51.520000457763671875 51.56999969482421875 51.799999237060546875 51.840000152587890625 51.9199981689453125 52 51.95999908447265625 52.04000091552734375 52.060001373291015625 52.1699981689453125 52.18000030517578125 52.25 52.560001373291015625
50.09999847412109375 50.1100006103515625 49.990001678466796875 49.84999847412109375 50.049999237060546875 49.909999847412109375 49.779998779296875 49.5800018310546875 49.090000152587890625 47.95999908447265625 47.43000030517578125 47.549999237060546875 47.68000030517578125 47.549999237060546875 47.560001373291015625 47.840000152587890625 48.45999908447265625 48.990001678466796875 49.470001220703125 49.909999847412109375 50.240001678466796875 50.450000762939453125 50.59999847412109375 50.59999847412109375 50.720001220703125 50.8899993896484375 51.1399993896484375 51.31999969482421875 51.6399993896484375 51.79000091552734375 51.770000457763671875 52.020000457763671875 52.090000152587890625 52.0800018310546875 52.04000091552734375 52.049999237060546875 52.1100006103515625 52.490001678466796875 52.369998931884765625 52.59999847412109375 52.6699981689453125
50.159999847412109375 50.09999847412109375 50.0800018310546875 50.0800018310546875 50.1399993896484375 50.009998321533203125 49.840000152587890625 49.799999237060546875 49.509998321533203125 49.090000152587890625 48.70999908447265625 48.06999969482421875 48.200000762939453125 48.270000457763671875 48.340000152587890625 48.70999908447265625 49.279998779296875 49.740001678466796875 50.020000457763671875 50.25 50.4199981689453125 50.529998779296875 50.75 50.689998626708984375 50.869998931884765625 50.950000762939453125 51.189998626708984375 51.45999908447265625 51.740001678466796875 51.9199981689453125 52.09999847412109375 52.1100006103515625 52.159999847412109375 52.1100006103515625 52.1699981689453125 52.1399993896484375 52.200000762939453125 52.45999908447265625 52.439998626708984375 52.75 52.84999847412109375
50.29000091552734375 50.049999237060546875 50.159999847412109375 50.229999542236328125 50.15000152587890625 50.060001373291015625 49.970001220703125 50.049999237060546875 49.95999908447265625 49.700000762939453125 49.509998321533203125 49.009998321533203125 48.720001220703125 48.70999908447265625 49.1100006103515625 49.5 50.029998779296875 50.31999969482421875 50.5 50.509998321533203125 50.59999847412109375 50.700000762939453125 50.84999847412109375 50.9199981689453125 51.060001373291015625 51.119998931884765625 51.380001068115234375 51.68000030517578125 51.9199981689453125 51.990001678466796875 52.15000152587890625 52.3300018310546875 52.299999237060546875 52.34999847412109375 52.29000091552734375 52.279998779296875 52.409999847412109375 52.68000030517578125 52.659999847412109375 52.939998626708984375 52.950000762939453125
50.369998931884765625 50.369998931884765625 50.259998321533203125 50.130001068115234375 50.279998779296875 50.189998626708984375 50.15000152587890625 50.1699981689453125 50.240001678466796875 50.18000030517578125 50.029998779296875 50.04000091552734375 49.65000152587890625 49.59999847412109375 50.009998321533203125 50.279998779296875 50.45999908447265625 50.549999237060546875 50.6699981689453125 50.689998626708984375 50.810001373291015625 50.90000152587890625 50.979999542236328125 51.090000152587890625 51.189998626708984375 51.369998931884765625 51.54000091552734375 51.799999237060546875 52.06999969482421875 52.1699981689453125 52.4199981689453125 52.5800018310546875 52.509998321533203125 52.3600006103515625 52.380001068115234375 52.340000152587890625 52.549999237060546875 52.59999847412109375 52.549999237060546875 53.1699981689453125 53.240001678466796875
50.520000457763671875 50.529998779296875 50.340000152587890625 50.340000152587890625 50.3300018310546875 50.31999969482421875 50.220001220703125 50.3899993896484375 50.5 50.470001220703125 50.3899993896484375 50.409999847412109375 50.43000030517578125 50.479999542236328125 50.520000457763671875 50.56999969482421875 50.689998626708984375 50.75 50.880001068115234375 50.770000457763671875 50.90000152587890625 50.90000152587890625 51.15000152587890625 51.270000457763671875 51.369998931884765625 51.490001678466796875 51.689998626708984375 51.95999908447265625 52.200000762939453125 52.380001068115234375 52.5800018310546875 52.689998626708984375 52.70999908447265625 52.3300018310546875 52.490001678466796875 52.509998321533203125 52.6399993896484375 52.8300018310546875 52.979999542236328125 53.20999908447265625 53.4199981689453125
50.65000152587890625 50.520000457763671875 50.45999908447265625 50.450000762939453125 50.479999542236328125 50.479999542236328125 50.490001678466796875 50.560001373291015625 50.6699981689453125 50.59999847412109375 50.619998931884765625 50.740001678466796875 50.869998931884765625 50.729999542236328125 50.799999237060546875 50.8600006103515625 50.8600006103515625 50.970001220703125 50.950000762939453125 50.979999542236328125 51.04000091552734375 51.090000152587890625 51.299999237060546875 51.3600006103515625 51.54000091552734375 51.659999847412109375 51.93000030517578125 52.220001220703125 52.31999969482421875 52.619998931884765625 52.779998779296875 52.799999237060546875 52.810001373291015625 52.700000762939453125 52.659999847412109375 52.490001678466796875 52.779998779296875 52.90000152587890625 53.1399993896484375 53.29000091552734375 53.6399993896484375
50.90000152587890625 50.59999847412109375 50.619998931884765625 50.689998626708984375 50.6699981689453125 50.6699981689453125 50.729999542236328125 50.759998321533203125 50.729999542236328125 50.869998931884765625 50.90000152587890625 50.9199981689453125 51.009998321533203125 51.049999237060546875 51.060001373291015625 51.049999237060546875 51.06999969482421875 51.009998321533203125 51.06999969482421875 51.09999847412109375 51.1699981689453125 51.119998931884765625 51.4199981689453125 51.5800018310546875 51.770000457763671875 52.009998321533203125 52.159999847412109375 52.31999969482421875 52.549999237060546875 52.720001220703125 52.880001068115234375 52.90000152587890625 52.95999908447265625 52.8300018310546875 52.590000152587890625 52.869998931884765625 52.779998779296875 52.970001220703125 53.240001678466796875 53.439998626708984375 53.8300018310546875
51.020000457763671875 50.700000762939453125 50.6699981689453125 50.810001373291015625 50.840000152587890625 50.8600006103515625 50.84999847412109375 50.970001220703125 51.04000091552734375 51.049999237060546875 51.189998626708984375 51.15000152587890625 51.220001220703125 51.279998779296875 51.270000457763671875 51.220001220703125 51.09999847412109375 51.25 51.18000030517578125 51.29000091552734375 51.3300018310546875 51.450000762939453125 51.5800018310546875 51.81999969482421875 51.93000030517578125 52.220001220703125 52.3899993896484375 52.6100006103515625 52.740001678466796875 52.75 52.950000762939453125 52.950000762939453125 52.90000152587890625 52.990001678466796875 52.79000091552734375 52.9199981689453125 52.970001220703125 53.189998626708984375 53.409999847412109375 53.630001068115234375 53.970001220703125
51.200000762939453125 51.09999847412109375 51.049999237060546875 50.93000030517578125 51.060001373291015625 51.060001373291015625 51.119998931884765625 51.15000152587890625 51.20999908447265625 51.270000457763671875 51.340000152587890625 51.299999237060546875 51.3600006103515625 51.6100006103515625 51.43000030517578125 51.3600006103515625 51.369998931884765625 51.4199981689453125 51.299999237060546875 51.4199981689453125 51.490001678466796875 51.630001068115234375 51.90000152587890625 52.04000091552734375 52.18000030517578125 52.3300018310546875 52.40000152587890625 52.729999542236328125 52.779998779296875 53.020000457763671875 53.090000152587890625 53.1399993896484375 53.09999847412109375 53.09999847412109375 53.049999237060546875 52.990001678466796875 53.18000030517578125 53.4199981689453125 53.6100006103515625 53.6699981689453125 54.029998779296875
51.3300018310546875 51.229999542236328125 51.049999237060546875 51.189998626708984375 51.229999542236328125 51.40000152587890625 51.450000762939453125 51.4199981689453125 51.4199981689453125 51.43000030517578125 51.40000152587890625 51.5 51.54000091552734375 51.520000457763671875 51.560001373291015625 51.470001220703125 51.509998321533203125 51.54000091552734375 51.549999237060546875 51.590000152587890625 51.619998931884765625 51.95999908447265625 52.130001068115234375 52.270000457763671875 52.509998321533203125 52.549999237060546875 52.689998626708984375 52.81999969482421875 52.8899993896484375 53.15000152587890625 53.189998626708984375 53.200000762939453125 53.200000762939453125 53.240001678466796875 53.1699981689453125 53.049999237060546875 53.40000152587890625 53.529998779296875 53.59999847412109375 53.9199981689453125 54.229999542236328125
51.529998779296875 51.470001220703125 51.380001068115234375 51.380001068115234375 51.54000091552734375 51.45999908447265625 51.529998779296875 51.56999969482421875 51.6100006103515625 51.65000152587890625 51.6399993896484375 51.6399993896484375 51.6699981689453125 51.70999908447265625 51.720001220703125 51.70999908447265625 51.70999908447265625 51.79000091552734375 51.79000091552734375 51.8600006103515625 52 52.1699981689453125 52.3300018310546875 52.4199981689453125 52.560001373291015625 52.68000030517578125 52.799999237060546875 52.950000762939453125 53.060001373291015625 53.189998626708984375 53.240001678466796875 53.31999969482421875 53.3300018310546875 53.439998626708984375 53.3899993896484375 53.270000457763671875 53.6100006103515625 53.560001373291015625 53.869998931884765625 54.020000457763671875 54.31999969482421875
51.529998779296875 51.65000152587890625 51.6399993896484375 51.659999847412109375 51.560001373291015625 51.689998626708984375 51.68000030517578125 51.70999908447265625 51.720001220703125 51.779998779296875 51.84999847412109375 51.840000152587890625 51.90000152587890625 51.9199981689453125 51.990001678466796875 51.95999908447265625 51.880001068115234375 51.950000762939453125 52.04000091552734375 52.09999847412109375 52.1699981689453125 52.340000152587890625 52.450000762939453125 52.560001373291015625 52.729999542236328125 52.84999847412109375 53.310001373291015625 53.049999237060546875 53.119998931884765625 53.29000091552734375 53.470001220703125 53.369998931884765625 53.3899993896484375 53.450000762939453125 53.470001220703125 53.340000152587890625 53.619998931884765625 53.560001373291015625 54.009998321533203125 54.04000091552734375 54.619998931884765625
