wildfire/work/fuelmodels/1741/ahn1.asc
ncols        599
nrows        323
xllcorner    183500.000000000000
yllcorner    475215.000000000000
cellsize     5.000000000000
NODATA_value   -999
[rows 228 to 246 of 323, columns 328 to 368 of 599]
54.84999847412109375 54.259998321533203125 54.240001678466796875 53.8600006103515625 53.56999969482421875 52.740001678466796875 52.3300018310546875 52.18000030517578125 52.490001678466796875 52.5 52.770000457763671875 52.75 52.8600006103515625 53.1399993896484375 53.720001220703125 54.049999237060546875 54.25 54.299999237060546875 54.810001373291015625 55.04000091552734375 54.979999542236328125 55.0800018310546875 54.939998626708984375 54.740001678466796875 54.759998321533203125 55.299999237060546875 55.3600006103515625 55.65000152587890625 55.529998779296875 55.6699981689453125 55.549999237060546875 55.40000152587890625 55.159999847412109375 55.29000091552734375 55.0800018310546875 55.060001373291015625 55.04000091552734375 55.439998626708984375 55.729999542236328125 55.740001678466796875 55.8899993896484375
54.619998931884765625 54.240001678466796875 53.95999908447265625 53.840000152587890625 53.229999542236328125 53.020000457763671875 52.520000457763671875 52.479999542236328125 53.20999908447265625 53.259998321533203125 52.93000030517578125 52.9199981689453125 53.159999847412109375 53.240001678466796875 53.56999969482421875 54.279998779296875 54.3600006103515625 54.4199981689453125 54.56999969482421875 54.5800018310546875 54.8300018310546875 55.029998779296875 54.689998626708984375 54.6399993896484375 54.75 55.0800018310546875 55.240001678466796875 55.54000091552734375 55.6100006103515625 55.68000030517578125 55.68000030517578125 55.720001220703125 55.6699981689453125 55.470001220703125 55.369998931884765625 55.1100006103515625 55.159999847412109375 55.25 55.729999542236328125 56.1100006103515625 56.09999847412109375
54.529998779296875 54.29000091552734375 54.090000152587890625 53.740001678466796875 53.310001373291015625 52.65000152587890625 53 52.990001678466796875 53.3300018310546875 53.68000030517578125 53.630001068115234375 53.299999237060546875 53.279998779296875 53.380001068115234375 53.75 53.869998931884765625 54.20999908447265625 54.220001220703125 54.229999542236328125 54.56999969482421875 54.810001373291015625 54.779998779296875 54.549999237060546875 54.520000457763671875 54.880001068115234375 55.09999847412109375 55.31999969482421875 55.3899993896484375 55.43000030517578125 55.520000457763671875 55.5800018310546875 55.65000152587890625 55.759998321533203125 55.5 55.310001373291015625 55.119998931884765625 55.1699981689453125 55.25 55.380001068115234375 55.880001068115234375 55.840000152587890625
54.18000030517578125 54.1699981689453125 54.020000457763671875 53.520000457763671875 53.1399993896484375 52.799999237060546875 52.810001373291015625 53.43000030517578125 53.810001373291015625 53.759998321533203125 53.6399993896484375 53.720001220703125 53.54000091552734375 53.3600006103515625 53.869998931884765625 53.869998931884765625 54.0800018310546875 54.15000152587890625 54.20999908447265625 54.31999969482421875 54.439998626708984375 54.619998931884765625 54.3899993896484375 54.529998779296875 54.90000152587890625 55 55.09999847412109375 55.060001373291015625 55.119998931884765625 55.25 55.409999847412109375 55.619998931884765625 55.720001220703125 55.3600006103515625 55.3300018310546875 55.189998626708984375 55.1100006103515625 55.20999908447265625 55.439998626708984375 55.34999847412109375 55.1399993896484375
53.720001220703125 53.759998321533203125 53.619998931884765625 53.56999969482421875 53.259998321533203125 52.6699981689453125 52.779998779296875 53.259998321533203125 53.8600006103515625 53.759998321533203125 53.700000762939453125 53.659999847412109375 53.700000762939453125 53.84999847412109375 54.020000457763671875 54.049999237060546875 54.06999969482421875 54.020000457763671875 54.189998626708984375 54.20999908447265625 54.130001068115234375 54.220001220703125 54.29000091552734375 54.409999847412109375 54.549999237060546875 54.630001068115234375 54.810001373291015625 54.840000152587890625 54.869998931884765625 54.939998626708984375 54.93000030517578125 55.060001373291015625 55.1100006103515625 55.240001678466796875 55.380001068115234375 55.200000762939453125 55.130001068115234375 55.259998321533203125 55.049999237060546875 55.06999969482421875 54.979999542236328125
53.6699981689453125 53.700000762939453125 53.70999908447265625 53.6100006103515625 53.25 52.90000152587890625 53.009998321533203125 53.229999542236328125 53.3600006103515625 53.79000091552734375 53.700000762939453125 53.700000762939453125 53.84999847412109375 53.939998626708984375 54.1100006103515625 54.04000091552734375 54.060001373291015625 54.06999969482421875 54.340000152587890625 54.40000152587890625 54.1100006103515625 54.20999908447265625 54.270000457763671875 54.439998626708984375 54.380001068115234375 54.529998779296875 54.490001678466796875 54.56999969482421875 54.5800018310546875 54.68000030517578125 54.75 54.779998779296875 54.9199981689453125 54.909999847412109375 54.909999847412109375 54.93000030517578125 54.8899993896484375 54.84999847412109375 54.79000091552734375 54.770000457763671875 54.79000091552734375
53.70999908447265625 53.759998321533203125 53.810001373291015625 53.59999847412109375 53.409999847412109375 53.1399993896484375 53.119998931884765625 53.229999542236328125 53.229999542236328125 53.779998779296875 53.70999908447265625 53.68000030517578125 53.909999847412109375 53.970001220703125 53.970001220703125 54.090000152587890625 54.0800018310546875 54.0800018310546875 54.279998779296875 54.279998779296875 54.09999847412109375 54.18000030517578125 54.229999542236328125 54.369998931884765625 54.40000152587890625 54.509998321533203125 54.560001373291015625 54.520000457763671875 54.520000457763671875 54.529998779296875 54.720001220703125 54.729999542236328125 54.68000030517578125 54.659999847412109375 54.779998779296875 54.779998779296875 54.770000457763671875 54.479999542236328125 54.740001678466796875 54.81999969482421875 54.869998931884765625
53.70999908447265625 53.689998626708984375 53.56999969482421875 53.490001678466796875 53.259998321533203125 53.15000152587890625 53.119998931884765625 53.119998931884765625 53.409999847412109375 53.509998321533203125 53.619998931884765625 53.740001678466796875 54.18000030517578125 53.909999847412109375 53.970001220703125 53.95999908447265625 54.0800018310546875 54.119998931884765625 54.299999237060546875 54.240001678466796875 54.159999847412109375 54.0800018310546875 54.5 54.340000152587890625 54.40000152587890625 54.409999847412109375 54.490001678466796875 54.43000030517578125 54.5 54.439998626708984375 54.470001220703125 54.43000030517578125 54.659999847412109375 54.81999969482421875 54.84999847412109375 54.8300018310546875 54.720001220703125 54.8300018310546875 54.70999908447265625 54.8600006103515625 54.799999237060546875
53.700000762939453125 53.770000457763671875 53.619998931884765625 53.4199981689453125 53.06999969482421875 53.06999969482421875 53.229999542236328125 53.259998321533203125 53.310001373291015625 53.310001373291015625 53.45999908447265625 53.5 54.18000030517578125 54.159999847412109375 54.020000457763671875 54.06999969482421875 54.20999908447265625 54.020000457763671875 54.25 54.090000152587890625 54.1699981689453125 53.95999908447265625 54.020000457763671875 54.09999847412109375 54.369998931884765625 54.56999969482421875 54.369998931884765625 54.509998321533203125 54.529998779296875 54.520000457763671875 54.470001220703125 54.5800018310546875 54.689998626708984375 54.90000152587890625 54.909999847412109375 54.81999969482421875 54.729999542236328125 54.740001678466796875 54.759998321533203125 54.84999847412109375 55.029998779296875
53.729999542236328125 53.740001678466796875 53.75 53.659999847412109375 53.279998779296875 53.229999542236328125 53.279998779296875 53.310001373291015625 53.31999969482421875 53.799999237060546875 53.740001678466796875 53.81999969482421875 54.1399993896484375 54.119998931884765625 54.060001373291015625 54.1100006103515625 54.1399993896484375 54.049999237060546875 53.950000762939453125 54.189998626708984375 54.229999542236328125 54.09999847412109375 54.34999847412109375 53.93000030517578125 54.590000152587890625 54.3300018310546875 54.470001220703125 54.5 54.5800018310546875 54.54000091552734375 54.490001678466796875 54.6399993896484375 54.740001678466796875 54.720001220703125 54.8600006103515625 54.5 54.8300018310546875 54.740001678466796875 54.880001068115234375 54.8899993896484375 55.09999847412109375
53.729999542236328125 53.6699981689453125 53.810001373291015625 53.729999542236328125 53.65000152587890625 53.279998779296875 53.279998779296875 53.409999847412109375 53.529998779296875 53.759998321533203125 53.909999847412109375 54 54.06999969482421875 54.18000030517578125 54.1100006103515625 54.1399993896484375 54.15000152587890625 54.009998321533203125 54.060001373291015625 54.119998931884765625 54.279998779296875 54.4199981689453125 54.34999847412109375 54.29000091552734375 54.520000457763671875 54.340000152587890625 54.40000152587890625 54.529998779296875 54.490001678466796875 54.450000762939453125 54.799999237060546875 54.56999969482421875 54.619998931884765625 54.810001373291015625 54.70999908447265625 54.8899993896484375 54.84999847412109375 54.81999969482421875 55.009998321533203125 55.060001373291015625 55.020000457763671875
54.009998321533203125 53.3899993896484375 53.869998931884765625 53.979999542236328125 53.68000030517578125 53.270000457763671875 53.270000457763671875 53.380001068115234375 53.720001220703125 53.8899993896484375 53.990001678466796875 54.020000457763671875 54.049999237060546875 54.009998321533203125 54.009998321533203125 54.29000091552734375 54.29000091552734375 54.189998626708984375 54.119998931884765625 54.090000152587890625 54.189998626708984375 54.240001678466796875 54.229999542236328125 54.380001068115234375 54.31999969482421875 54.520000457763671875 54.6399993896484375 54.659999847412109375 54.65000152587890625 54.65000152587890625 54.70999908447265625 54.8899993896484375 54.770000457763671875 54.8600006103515625 54.840000152587890625 55.0800018310546875 54.810001373291015625 54.970001220703125 55.0800018310546875 55.090000152587890625 55.049999237060546875
54.20999908447265625 54.090000152587890625 54.0800018310546875 53.970001220703125 53.759998321533203125 53.45999908447265625 53.34999847412109375 53.560001373291015625 53.770000457763671875 53.93000030517578125 54.049999237060546875 54.15000152587890625 54.090000152587890625 53.950000762939453125 53.970001220703125 54.259998321533203125 54.40000152587890625 54.25 54.229999542236328125 54.31999969482421875 54.3899993896484375 54.45999908447265625 54.240001678466796875 54.06999969482421875 54.560001373291015625 54.659999847412109375 54.65000152587890625 54.5800018310546875 54.799999237060546875 54.84999847412109375 54.75 54.799999237060546875 55 54.90000152587890625 55.049999237060546875 55.090000152587890625 55.04000091552734375 55.20999908447265625 55.439998626708984375 55.15000152587890625 55.1699981689453125
54.340000152587890625 54.229999542236328125 54.1100006103515625 54.1399993896484375 53.84999847412109375 53.470001220703125 53.409999847412109375 53.619998931884765625 53.700000762939453125 53.909999847412109375 54.159999847412109375 54.1100006103515625 54.029998779296875 53.939998626708984375 54.259998321533203125 54.3300018310546875 54.549999237060546875 54.299999237060546875 54.200000762939453125 54.5 54.5 54.590000152587890625 54.6100006103515625 54.5 54.59999847412109375 54.759998321533203125 54.8300018310546875 54.770000457763671875 54.590000152587890625 54.979999542236328125 55 54.84999847412109375 55.1399993896484375 55.090000152587890625 55.130001068115234375 55.279998779296875 55.240001678466796875 54.68000030517578125 55.34999847412109375 55.310001373291015625 55.159999847412109375
54.4199981689453125 54.409999847412109375 54.340000152587890625 54.25 53.909999847412109375 53.520000457763671875 53.810001373291015625 54.0800018310546875 54.189998626708984375 54.090000152587890625 54.090000152587890625 54.06999969482421875 54.060001373291015625 54.220001220703125 54.31999969482421875 54.509998321533203125 54.43000030517578125 54.340000152587890625 54.240001678466796875 54.70999908447265625 54.65000152587890625 54.799999237060546875 54.720001220703125 54.65000152587890625 54.79000091552734375 54.759998321533203125 54.770000457763671875 54.770000457763671875 54.81999969482421875 54.990001678466796875 55.090000152587890625 55.04000091552734375 55.090000152587890625 55.09999847412109375 55.259998321533203125 55.40000152587890625 55.29000091552734375 55.18000030517578125 55.259998321533203125 55.299999237060546875 55.15000152587890625
54.590000152587890625 54.590000152587890625 54.5800018310546875 54.270000457763671875 53.990001678466796875 53.56999969482421875 53.56999969482421875 54.29000091552734375 54.4199981689453125 54.34999847412109375 54.310001373291015625 54.1100006103515625 54.220001220703125 54.31999969482421875 54.470001220703125 54.59999847412109375 54.490001678466796875 54.439998626708984375 54.689998626708984375 54.729999542236328125 54.770000457763671875 54.70999908447265625 54.729999542236328125 54.8600006103515625 54.880001068115234375 54.9199981689453125 54.90000152587890625 55.009998321533203125 54.93000030517578125 55.009998321533203125 55.060001373291015625 55.020000457763671875 55.090000152587890625 55.29000091552734375 55.3600006103515625 55.340000152587890625 55.310001373291015625 55.4199981689453125 55.340000152587890625 55.3600006103515625 55.4199981689453125
54.700000762939453125 54.700000762939453125 54.79000091552734375 54.409999847412109375 54.130001068115234375 53.990001678466796875 54.20999908447265625 54.29000091552734375 54.45999908447265625 54.470001220703125 54.310001373291015625 54.229999542236328125 54.340000152587890625 54.3600006103515625 54.6100006103515625 54.590000152587890625 54.529998779296875 54.630001068115234375 54.8899993896484375 54.8300018310546875 54.909999847412109375 54.8600006103515625 55.04000091552734375 55.119998931884765625 54.970001220703125 55.049999237060546875 54.950000762939453125 54.990001678466796875 55.049999237060546875 55.29000091552734375 55.31999969482421875 55.119998931884765625 55.259998321533203125 55.369998931884765625 55.380001068115234375 55.549999237060546875 55.40000152587890625 55.450000762939453125 55.3600006103515625 55.4199981689453125 55.43000030517578125
54.84999847412109375 54.700000762939453125 54.479999542236328125 54.40000152587890625 54.189998626708984375 53.990001678466796875 54.20999908447265625 54.279998779296875 54.79000091552734375 54.509998321533203125 54.490001678466796875 54.240001678466796875 54.340000152587890625 54.59999847412109375 54.79000091552734375 54.65000152587890625 54.5800018310546875 54.720001220703125 55.200000762939453125 55.009998321533203125 55.1100006103515625 55.31999969482421875 55.1100006103515625 55.229999542236328125 55.159999847412109375 55.1399993896484375 55.159999847412109375 55.200000762939453125 55.18000030517578125 55.159999847412109375 55.130001068115234375 55.130001068115234375 55.25 55.310001373291015625 55.3300018310546875 55.43000030517578125 55.479999542236328125 55.439998626708984375 55.450000762939453125 55.3600006103515625 55.529998779296875
54.979999542236328125 54.9199981689453125 54.130001068115234375 54.159999847412109375 54.229999542236328125 54.240001678466796875 54.340000152587890625 54.479999542236328125 54.729999542236328125 54.5800018310546875 54.5800018310546875 54.630001068115234375 54.630001068115234375 54.75 54.810001373291015625 54.729999542236328125 54.8899993896484375 55.119998931884765625 55.119998931884765625 55.299999237060546875 55.380001068115234375 55.380001068115234375 55.45999908447265625 55.369998931884765625 55.340000152587890625 55.220001220703125 55.299999237060546875 55.40000152587890625 55.31999969482421875 55.189998626708984375 55.020000457763671875 55.310001373291015625 55.369998931884765625 55.520000457763671875 55.31999969482421875 55.45999908447265625 55.43000030517578125 55.549999237060546875 55.5800018310546875 55.590000152587890625 55.619998931884765625
