wildfire/work/fuelmodels/1741/ahn1.asc
ncols        599
nrows        323
xllcorner    183500.000000000000
yllcorner    475215.000000000000
cellsize     5.000000000000
NODATA_value   -999
[rows 19 to 37 of 323, columns 492 to 532 of 599]
67.76000213623046875 67.68000030517578125 67.779998779296875 68.0800018310546875 68.09999847412109375 68.5500030517578125 68.5 68.4499969482421875 68.48000335693359375 68.589996337890625 68.5 68.44000244140625 68.8300018310546875 68.8300018310546875 68.9199981689453125 69.19000244140625 68.84999847412109375 69.40000152587890625 69.589996337890625 69.84999847412109375 70.089996337890625 70.59999847412109375 70.73000335693359375 71.0500030517578125 71.09999847412109375 71.56999969482421875 71.98000335693359375 72.20999908447265625 72.279998779296875 72.06999969482421875 72.15000152587890625 71.9199981689453125 71.8600006103515625 71.84999847412109375 72.029998779296875 72.31999969482421875 72.69000244140625 72.4499969482421875 72.73000335693359375 72.589996337890625 72.8899993896484375
67.62999725341796875 67.8600006103515625 67.910003662109375 67.8600006103515625 67.839996337890625 68.31999969482421875 68.410003662109375 68.6100006103515625 69.279998779296875 68.51999664306640625 68.55999755859375 68.3899993896484375 68.75 68.8600006103515625 68.81999969482421875 69.23000335693359375 69.23999786376953125 69.43000030517578125 69.70999908447265625 70.05999755859375 70.12999725341796875 70.44000244140625 70.76000213623046875 71.339996337890625 71.4499969482421875 71.8300018310546875 72 72.30999755859375 72.15000152587890625 72.09999847412109375 72.05999755859375 71.76000213623046875 71.779998779296875 71.76000213623046875 71.94000244140625 72.12999725341796875 72.089996337890625 72.43000030517578125 72.6999969482421875 72.76000213623046875 72.8899993896484375
67.59999847412109375 67.660003662109375 68 68.1699981689453125 68.20999908447265625 68.12000274658203125 68.15000152587890625 68.84999847412109375 69.34999847412109375 68.529998779296875 68.720001220703125 68.62000274658203125 68.81999969482421875 69.18000030517578125 69.06999969482421875 69.29000091552734375 69.26000213623046875 69.37999725341796875 69.68000030517578125 69.8600006103515625 70.40000152587890625 70.51999664306640625 70.79000091552734375 70.94000244140625 71.5 71.70999908447265625 71.98999786376953125 72.09999847412109375 72.01000213623046875 71.75 71.720001220703125 71.6999969482421875 71.56999969482421875 71.76000213623046875 71.68000030517578125 71.87000274658203125 71.80999755859375 72.48000335693359375 72.8000030517578125 72.839996337890625 72.8300018310546875
67.68000030517578125 67.69000244140625 67.81999969482421875 68.23000335693359375 68.73000335693359375 68.3000030517578125 68.23000335693359375 68.8600006103515625 68.4499969482421875 68.470001220703125 68.87000274658203125 68.8600006103515625 68.8000030517578125 69.25 69.18000030517578125 69.3000030517578125 69.470001220703125 69.54000091552734375 69.6999969482421875 70.029998779296875 70.470001220703125 70.5500030517578125 70.79000091552734375 71.29000091552734375 71.5800018310546875 71.660003662109375 71.98000335693359375 72.029998779296875 71.779998779296875 71.9499969482421875 71.65000152587890625 71.62999725341796875 71.410003662109375 71.6399993896484375 71.6699981689453125 71.8899993896484375 71.98999786376953125 72.1999969482421875 72.68000030517578125 72.76000213623046875 72.65000152587890625
67.4499969482421875 67.62999725341796875 67.9199981689453125 67.87000274658203125 68.06999969482421875 68.06999969482421875 68.43000030517578125 68.279998779296875 68.34999847412109375 68.51999664306640625 68.95999908447265625 68.80999755859375 69 69.4199981689453125 69.529998779296875 69.12999725341796875 69.26999664306640625 69.51000213623046875 69.69000244140625 70.01000213623046875 70.30999755859375 70.6100006103515625 70.93000030517578125 71.05999755859375 71.529998779296875 71.62000274658203125 71.76999664306640625 71.73000335693359375 71.6399993896484375 71.6399993896484375 71.54000091552734375 71.3899993896484375 71.34999847412109375 71.6399993896484375 71.529998779296875 71.84999847412109375 71.94000244140625 72.12999725341796875 72.4499969482421875 72.5500030517578125 72.6399993896484375
67.779998779296875 67.839996337890625 67.839996337890625 68.0500030517578125 68.15000152587890625 68.160003662109375 68.31999969482421875 68.1399993896484375 68.26000213623046875 68.5 68.54000091552734375 68.5800018310546875 68.87000274658203125 68.95999908447265625 69.23000335693359375 69.18000030517578125 69.48999786376953125 69.79000091552734375 70.029998779296875 70.06999969482421875 70.589996337890625 70.59999847412109375 70.80999755859375 71.12999725341796875 71.410003662109375 71.6399993896484375 71.529998779296875 71.660003662109375 71.40000152587890625 71.45999908447265625 71.339996337890625 71.3899993896484375 71.1699981689453125 71.26999664306640625 71.37000274658203125 71.90000152587890625 71.970001220703125 72.26999664306640625 72.5 72.470001220703125 72.62999725341796875
67.720001220703125 67.87999725341796875 67.98000335693359375 68.1999969482421875 68.1999969482421875 68.339996337890625 68.339996337890625 68.1999969482421875 68.279998779296875 68.62999725341796875 68.470001220703125 68.6999969482421875 68.80999755859375 69.1100006103515625 69.25 69.220001220703125 69.55999755859375 69.3899993896484375 69.8600006103515625 70.029998779296875 70.23000335693359375 70.51999664306640625 70.84999847412109375 70.90000152587890625 71.30999755859375 71.48000335693359375 71.4499969482421875 71.5 71.5500030517578125 71.3000030517578125 71.23000335693359375 71.55999755859375 71.4499969482421875 71.43000030517578125 71.75 71.9199981689453125 71.76000213623046875 72.06999969482421875 72.48000335693359375 72.51999664306640625 72.6999969482421875
67.6399993896484375 67.8600006103515625 67.910003662109375 68.09999847412109375 68.31999969482421875 68.37000274658203125 68.15000152587890625 68.12000274658203125 68.37000274658203125 68.589996337890625 68.6999969482421875 68.62000274658203125 69.0800018310546875 69.12000274658203125 69.3000030517578125 69.44000244140625 69.51999664306640625 69.6999969482421875 69.76000213623046875 70.06999969482421875 69.94000244140625 70.45999908447265625 70.80999755859375 70.95999908447265625 71.339996337890625 71.37000274658203125 71.43000030517578125 71.410003662109375 71.44000244140625 71.220001220703125 71.220001220703125 71.30999755859375 71.37000274658203125 71.43000030517578125 71.5 71.87000274658203125 71.6999969482421875 71.970001220703125 72.06999969482421875 72.3600006103515625 72.73000335693359375
67.6999969482421875 68.029998779296875 67.94000244140625 68.05999755859375 68.15000152587890625 68.23000335693359375 68.160003662109375 68.37000274658203125 68.5500030517578125 68.4199981689453125 68.75 68.9199981689453125 69.160003662109375 69.279998779296875 69.25 69.30999755859375 69.37000274658203125 69.48000335693359375 69.98000335693359375 70.04000091552734375 69.529998779296875 70.410003662109375 70.779998779296875 71.05999755859375 71.29000091552734375 71.37999725341796875 71.3000030517578125 71.3600006103515625 71.04000091552734375 71.1100006103515625 71.1999969482421875 71.1999969482421875 71.37999725341796875 71.410003662109375 71.43000030517578125 71.73999786376953125 71.720001220703125 71.80999755859375 71.8899993896484375 72.3300018310546875 72.5500030517578125
67.589996337890625 68.0500030517578125 67.98999786376953125 68.0500030517578125 68.62000274658203125 68.12000274658203125 68.25 68.5500030517578125 68.43000030517578125 68.3600006103515625 68.76999664306640625 68.84999847412109375 68.9199981689453125 69.3000030517578125 69.34999847412109375 69.37000274658203125 69.56999969482421875 69.79000091552734375 70.06999969482421875 69.93000030517578125 70.44000244140625 70.5800018310546875 70.6399993896484375 70.98000335693359375 71.26000213623046875 71.23000335693359375 71.23000335693359375 71.15000152587890625 71.06999969482421875 71.1100006103515625 71.160003662109375 70.95999908447265625 71.15000152587890625 71.19000244140625 71.23999786376953125 71.40000152587890625 71.6399993896484375 71.76999664306640625 72.1999969482421875 72.1399993896484375 72.48999786376953125
67.779998779296875 68.01000213623046875 68.25 68.0500030517578125 68.339996337890625 68.1999969482421875 68.06999969482421875 68.45999908447265625 68.43000030517578125 68.3899993896484375 68.73000335693359375 68.76999664306640625 68.76999664306640625 69.26999664306640625 69.339996337890625 69.44000244140625 69.34999847412109375 69.76999664306640625 70.19000244140625 70.40000152587890625 70.44000244140625 70.6100006103515625 70.81999969482421875 71.48000335693359375 71.37999725341796875 71.279998779296875 71.160003662109375 71.15000152587890625 71.12000274658203125 71.0500030517578125 71.12000274658203125 71.0500030517578125 71.1699981689453125 71.1999969482421875 71.26999664306640625 71.5500030517578125 71.6699981689453125 71.69000244140625 71.8600006103515625 71.8600006103515625 72.04000091552734375
67.9199981689453125 68.20999908447265625 68.29000091552734375 68.26999664306640625 68.1999969482421875 68.19000244140625 68.37000274658203125 68.4199981689453125 68.3000030517578125 68.31999969482421875 68.55999755859375 68.76999664306640625 69.26999664306640625 69.26999664306640625 69.26000213623046875 69.339996337890625 69.37999725341796875 69.5800018310546875 70.09999847412109375 70.25 70.5 70.73000335693359375 70.93000030517578125 71.23999786376953125 71.56999969482421875 71.48999786376953125 71.3000030517578125 70.9199981689453125 71.05999755859375 71.09999847412109375 71.0500030517578125 71.1399993896484375 71.1699981689453125 71.26000213623046875 71.40000152587890625 71.470001220703125 71.69000244140625 71.839996337890625 71.6100006103515625 71.970001220703125 71.90000152587890625
67.90000152587890625 68.0800018310546875 68.26999664306640625 68.29000091552734375 68.1699981689453125 68.29000091552734375 68.339996337890625 68.43000030517578125 68.4499969482421875 68.37999725341796875 68.31999969482421875 69.18000030517578125 69.089996337890625 69.029998779296875 69.23999786376953125 69.44000244140625 69.68000030517578125 69.80999755859375 70.23999786376953125 70.12999725341796875 70.56999969482421875 70.6699981689453125 71.339996337890625 71.5500030517578125 71.55999755859375 71.529998779296875 71.1399993896484375 71.0500030517578125 70.9199981689453125 71.089996337890625 71.04000091552734375 71.0500030517578125 71.1399993896484375 71.15000152587890625 71.220001220703125 71.37999725341796875 71.6399993896484375 71.6699981689453125 71.6100006103515625 71.839996337890625 72.0500030517578125
67.48000335693359375 68.12999725341796875 68.3300018310546875 68.30999755859375 68.18000030517578125 68.3300018310546875 68.45999908447265625 68.470001220703125 68.470001220703125 68.470001220703125 68.79000091552734375 69 69.089996337890625 69.3300018310546875 69.45999908447265625 69.5 69.68000030517578125 70 70.20999908447265625 70.56999969482421875 70.720001220703125 70.87999725341796875 71.160003662109375 71.5 71.62999725341796875 71.12999725341796875 70.8300018310546875 70.970001220703125 70.81999969482421875 70.8300018310546875 70.94000244140625 70.95999908447265625 71.0500030517578125 71.0800018310546875 71.23000335693359375 71.4499969482421875 71.43000030517578125 71.54000091552734375 71.70999908447265625 71.8300018310546875 71.94000244140625
67.8899993896484375 68.26000213623046875 68.26000213623046875 68.23000335693359375 68.410003662109375 68.4199981689453125 68.45999908447265625 68.65000152587890625 68.45999908447265625 68.660003662109375 68.9199981689453125 69.05999755859375 69.220001220703125 69.4199981689453125 69.51999664306640625 69.5 69.65000152587890625 70.06999969482421875 70.0800018310546875 70.1999969482421875 70.589996337890625 71.0800018310546875 71.1399993896484375 71.30999755859375 70.98999786376953125 71.01000213623046875 70.79000091552734375 70.8300018310546875 70.65000152587890625 70.75 70.87999725341796875 70.8000030517578125 70.73999786376953125 71.279998779296875 71.3300018310546875 71.29000091552734375 71.55999755859375 71.54000091552734375 71.87999725341796875 71.94000244140625 72.05999755859375
68.15000152587890625 68.0800018310546875 67.9199981689453125 68.29000091552734375 68.48000335693359375 68.3600006103515625 68.5 68.68000030517578125 68.5500030517578125 68.5500030517578125 68.70999908447265625 69.20999908447265625 69.20999908447265625 69.220001220703125 69.44000244140625 69.589996337890625 69.76000213623046875 70.05999755859375 70.04000091552734375 70.31999969482421875 70.56999969482421875 70.8300018310546875 71.029998779296875 71.279998779296875 70.94000244140625 70.779998779296875 70.62999725341796875 70.62999725341796875 70.62999725341796875 70.76999664306640625 70.8000030517578125 70.970001220703125 71.05999755859375 71.19000244140625 71.26000213623046875 71.40000152587890625 71.589996337890625 71.6699981689453125 71.73999786376953125 72.0500030517578125 72.1100006103515625
68.089996337890625 68 67.970001220703125 68.26000213623046875 68.54000091552734375 68.5 68.5800018310546875 68.589996337890625 68.69000244140625 68.76999664306640625 68.8300018310546875 69.20999908447265625 69.220001220703125 69.25 69.31999969482421875 69.5 70 69.93000030517578125 70.12999725341796875 70.339996337890625 70.51000213623046875 70.5800018310546875 70.660003662109375 70.76000213623046875 70.98999786376953125 70.43000030517578125 70.56999969482421875 70.59999847412109375 70.5500030517578125 70.76000213623046875 70.73000335693359375 70.68000030517578125 71.01000213623046875 71.01000213623046875 71.26999664306640625 71.48999786376953125 71.470001220703125 71.5800018310546875 71.81999969482421875 71.8000030517578125 71.9499969482421875
67.98000335693359375 68.1100006103515625 68.12000274658203125 68.279998779296875 68.5500030517578125 68.55999755859375 68.73000335693359375 68.6999969482421875 69.0500030517578125 68.94000244140625 68.90000152587890625 69.220001220703125 69.339996337890625 69.01999664306640625 69.43000030517578125 69.62000274658203125 69.75 69.69000244140625 69.93000030517578125 69.87000274658203125 70.23000335693359375 70.3300018310546875 70.4199981689453125 70.34999847412109375 70.51999664306640625 70.1999969482421875 70.30999755859375 70.5 70.51999664306640625 70.79000091552734375 70.6100006103515625 70.79000091552734375 71.01999664306640625 71.12000274658203125 71.15000152587890625 71.339996337890625 71.529998779296875 71.5500030517578125 71.9499969482421875 71.8000030517578125 71.9499969482421875
68.31999969482421875 68.18000030517578125 68.1999969482421875 68.37999725341796875 68.5 68.75 68.6699981689453125 68.98999786376953125 68.93000030517578125 68.90000152587890625 68.8899993896484375 69.220001220703125 69.410003662109375 69.6699981689453125 69.3600006103515625 69.56999969482421875 69.5800018310546875 69.79000091552734375 70.1100006103515625 70.01999664306640625 69.87000274658203125 70.220001220703125 69.98999786376953125 70.34999847412109375 70.31999969482421875 70.26999664306640625 70.31999969482421875 70.3300018310546875 70.5500030517578125 70.660003662109375 70.73000335693359375 70.9199981689453125 71.09999847412109375 71.12000274658203125 71.029998779296875 71.3000030517578125 71.48000335693359375 71.45999908447265625 71.87999725341796875 71.9499969482421875 72.09999847412109375
