wildfire/work/fuelmodels/1741/aspect.asc
ncols        599
nrows        323
xllcorner    183500.000000000000
yllcorner    475215.000000000000
cellsize     5.000000000000
NODATA_value   -999
[rows 171 to 189 of 323, columns 0 to 41 of 599]
0 146.0031890869140625 197.592742919921875 247.6195220947265625 200.3221282958984375 128.046844482421875 246.036468505859375 350.86895751953125 359.3895263671875 352.814849853515625 10.840719223022460938 291.57073974609375 312.796630859375 25.905927658081054688 356.184539794921875 313.74468994140625 321.91046142578125 337.93121337890625 340.820037841796875 10.145497322082519531 319.056243896484375 294.488433837890625 30.342966079711914062 38.25432586669921875 23.198419570922851562 27.01854705810546875 338.27813720703125 340.268798828125 17.432859420776367188 23.198270797729492188 22.165813446044921875 345.3104248046875 328.569580078125 43.83051300048828125 162.8959197998046875 214.7775726318359375 52.123546600341796875 269.541107177734375 236.309295654296875 97.59505462646484375 108.43524169921875 260.909149169921875
0 350.90869140625 334.045562744140625 340.55914306640625 238.39227294921875 57.526103973388671875 310.91436767578125 291.8599853515625 348.30963134765625 17.912420272827148438 6.6913514137268066406 13.061687469482421875 302.704254150390625 359.99896240234375 348.942779541015625 315.733795166015625 344.875244140625 340.345428466796875 334.268310546875 359.059783935546875 343.67852783203125 307.05615234375 12.093396186828613281 40.601276397705078125 8.6428918838500976562 353.1810302734375 343.177825927734375 311.986236572265625 23.838941574096679688 44.5223388671875 15.819032669067382812 343.672393798828125 338.80450439453125 82.875518798828125 82.97231292724609375 278.129058837890625 304.45989990234375 298.442626953125 245.3760986328125 114.56659698486328125 64.2884368896484375 293.551788330078125
0 327.464111328125 327.527862548828125 18.97867584228515625 0.0002766649413388222456 343.177886962890625 352.77484130859375 315.362091064453125 316.951934814453125 28.886348724365234375 359.634124755859375 52.393802642822265625 268.363067626953125 279.05712890625 338.02471923828125 312.376983642578125 331.34222412109375 346.312835693359375 349.21466064453125 343.0079345703125 14.037335395812988281 269.999359130859375 290.853668212890625 36.674594879150390625 332.524810791015625 327.6326904296875 8.37425994873046875 0.806793212890625 13.840845108032226562 30.1913299560546875 10.00792694091796875 4.4556913375854492188 355.265838623046875 19.740594863891601562 22.940759658813476562 340.483245849609375 336.643310546875 7.1251678466796875 183.0130767822265625 116.56352996826171875 321.203033447265625 294.828948974609375
0 328.65679931640625 306.72320556640625 18.434686660766601562 349.930267333984375 337.18951416015625 354.47161865234375 357.441375732421875 345.57843017578125 356.307708740234375 348.529632568359375 26.564939498901367188 11.113072395324707031 326.8062744140625 329.480865478515625 329.35443115234375 339.6353759765625 17.83507537841796875 14.2642669677734375 344.4749755859375 33.503814697265625 342.09466552734375 317.934722900390625 351.407989501953125 344.309112548828125 321.709259033203125 0.36972242593765258789 25.709819793701171875 22.195281982421875 17.2411651611328125 15.123994827270507812 352.874176025390625 336.914215087890625 2.5040037631988525391 22.113718032836914062 17.368364334106445312 19.840547561645507812 12.264586448669433594 7.7919220924377441406 357.878204345703125 324.840087890625 9.8660249710083007812
0 325.007110595703125 302.299468994140625 327.26385498046875 322.749298095703125 322.93634033203125 1.2060725688934326172 32.5826263427734375 342.227752685546875 337.44830322265625 345.231964111328125 14.620798110961914062 10.791190147399902344 356.97052001953125 335.445037841796875 333.536956787109375 5.9060759544372558594 46.347805023193359375 358.918212890625 348.494384765625 25.52362060546875 347.00457763671875 324.461517333984375 326.200042724609375 347.572998046875 314.999664306640625 296.56610107421875 36.084827423095703125 24.51291656494140625 13.671161651611328125 3.9085550308227539062 340.25244140625 309.558990478515625 338.10540771484375 51.048248291015625 58.49558258056640625 29.981800079345703125 350.664093017578125 7.4959034919738769531 17.020984649658203125 304.99078369140625 41.34734344482421875
0 304.694915771484375 296.7821044921875 312.613250732421875 311.053985595703125 284.1612548828125 127.56870269775390625 80.75374603271484375 297.81365966796875 305.058746337890625 78.69156646728515625 251.563720703125 353.47918701171875 0.42433249950408935547 326.06964111328125 325.49090576171875 0 28.810834884643554688 11.706419944763183594 346.890045166015625 355.66705322265625 354.288421630859375 343.071624755859375 317.72552490234375 344.677459716796875 1.414456486701965332 18.434906005859375 344.930877685546875 340.676177978515625 359.793731689453125 6.6980333328247070312 22.067930221557617188 216.11962890625 251.0643463134765625 32.863056182861328125 40.030261993408203125 26.80095672607421875 359.369659423828125 83.82979583740234375 109.59181976318359375 244.98284912109375 134.0124664306640625
0 334.982452392578125 327.442626953125 327.686798095703125 334.982177734375 346.428375244140625 65.72570037841796875 60.64226531982421875 286.6302490234375 280.304595947265625 79.5080413818359375 291.64361572265625 259.379638671875 199.4397735595703125 236.30926513671875 291.59478759765625 325.75738525390625 44.530345916748046875 60.852046966552734375 314.01129150390625 321.434051513671875 357.4095458984375 5.9743151664733886719 324.949951171875 330.30511474609375 8.5308351516723632812 32.828521728515625 349.889678955078125 311.968780517578125 351.02655029296875 38.60944366455078125 44.097652435302734375 1.8646731376647949219 323.258575439453125 358.491973876953125 45.748973846435546875 47.9168243408203125 45.6225433349609375 70.66483306884765625 25.016515731811523438 338.8380126953125 63.434688568115234375
0 332.4656982421875 331.8648681640625 1.5275490283966064453 331.698486328125 320.9051513671875 35.272552490234375 356.9403076171875 311.422882080078125 322.432220458984375 18.434421539306640625 311.185394287109375 334.358245849609375 345.113006591796875 325.78338623046875 316.321197509765625 315.97052001953125 60.945068359375 20.907873153686523438 338.662322998046875 332.564239501953125 14.886015892028808594 24.044338226318359375 313.8541259765625 252.4740447998046875 147.757110595703125 142.5944671630859375 290.65740966796875 272.897705078125 223.4080047607421875 97.917388916015625 356.377716064453125 333.97802734375 353.757110595703125 46.8884735107421875 91.1533355712890625 66.8011627197265625 52.80635833740234375 68.19835662841796875 76.60526275634765625 172.8740692138671875 67.47876739501953125
0 330.883026123046875 295.6015625 67.55678558349609375 70.01641082763671875 261.590362548828125 29.876102447509765625 7.73334503173828125 127.87569427490234375 172.0559539794921875 248.5739593505859375 313.330780029296875 348.82965087890625 347.931549072265625 319.863861083984375 328.21563720703125 7.1773400306701660156 12.619139671325683594 348.452362060546875 336.459136962890625 6.8428034782409667969 41.46790313720703125 24.274929046630859375 347.906341552734375 44.999897003173828125 77.73520660400390625 348.11126708984375 282.338226318359375 234.9040069580078125 244.2488250732421875 56.003692626953125 322.76416015625 276.980224609375 358.314117431640625 40.111751556396484375 46.909088134765625 59.435817718505859375 95.13238525390625 101.4181060791015625 142.5945892333984375 338.628509521484375 351.86956787109375
0 12.828495979309082031 321.11444091796875 18.434614181518554688 37.1259307861328125 308.659759521484375 267.2740478515625 92.488922119140625 108.43483734130859375 149.0360260009765625 262.320220947265625 281.417724609375 340.25225830078125 356.185394287109375 280.619110107421875 283.212371826171875 12.87517547607421875 46.12300872802734375 260.361572265625 277.12396240234375 12.051014900207519531 18.838245391845703125 2.1747438907623291016 0.43096041679382324219 8.1942577362060546875 8.999195098876953125 359.1356201171875 2.3211305141448974609 345.25543212890625 304.507904052734375 2.7927606105804443359 31.607381820678710938 260.133514404296875 267.671234130859375 0.73453909158706665039 35.103244781494140625 49.8594818115234375 63.43483734130859375 47.4365997314453125 3.7240810394287109375 24.340970993041992188 127.87451934814453125
0 20.179229736328125 7.7446103096008300781 352.873992919921875 27.050546646118164062 350.598541259765625 352.77484130859375 48.4894256591796875 65.63768768310546875 352.20721435546875 303.34539794921875 290.461517333984375 318.690399169921875 1.6061443090438842773 317.973052978515625 271.218292236328125 162.5965423583984375 134.99951171875 238.1336669921875 286.23828125 350.379302978515625 357.156890869140625 347.759674072265625 356.93280029296875 20.8543701171875 16.28472900390625 3.7241847515106201172 9.7185697555541992188 2.9439198970794677734 306.86944580078125 18.434906005859375 87.99713897705078125 250.4629364013671875 240.3758087158203125 224.4690704345703125 95.5720977783203125 66.941650390625 53.824680328369140625 14.569387435913085938 21.001123428344726562 40.667644500732421875 34.579158782958984375
0 7.2749342918395996094 18.093791961669921875 355.83941650390625 351.346649169921875 352.49615478515625 13.360265731811523438 32.234470367431640625 15.255133628845214844 340.493438720703125 334.965087890625 340.41845703125 346.028717041015625 358.944793701171875 347.431732177734375 342.95001220703125 26.564989089965820312 51.683818817138671875 301.055999755859375 290.97613525390625 348.42364501953125 349.04547119140625 249.4412841796875 180.7435150146484375 131.2684478759765625 41.819362640380859375 20.898221969604492188 27.646142959594726562 31.372400283813476562 247.83367919921875 158.0245513916015625 75.0177764892578125 351.383697509765625 196.6068267822265625 214.007080078125 203.198150634765625 102.112213134765625 78.4530792236328125 15.865258216857910156 26.71868896484375 33.881298065185546875 33.689960479736328125
0 357.878021240234375 50.331729888916015625 316.022491455078125 315.48907470703125 11.142955780029296875 33.82611083984375 24.006998062133789062 357.9537353515625 318.16314697265625 325.6561279296875 353.453033447265625 8.924236297607421875 52.5946807861328125 293.89434814453125 323.61474609375 16.073587417602539062 29.521453857421875 329.31390380859375 286.9747314453125 307.14581298828125 355.76348876953125 35.727138519287109375 2.5639781951904296875 339.144744873046875 7.3053679466247558594 34.57924652099609375 357.510040283203125 7.1248316764831542969 15.94512939453125 357.509552001953125 9.865970611572265625 7.0013904571533203125 19.37770843505859375 331.613739013671875 334.903167724609375 87.329681396484375 70.2008056640625 20.461702346801757812 41.1859893798828125 95.136016845703125 113.19832611083984375
0 276.952667236328125 35.310909271240234375 335.55535888671875 298.243865966796875 11.633797645568847656 23.198535919189453125 15.254915237426757812 3.21541595458984375 278.84112548828125 266.127960205078125 263.6575927734375 67.3802032470703125 79.74289703369140625 278.00408935546875 274.84326171875 71.56488037109375 60.01824188232421875 352.115692138671875 278.6724853515625 287.5595703125 337.889984130859375 9.637485504150390625 350.035614013671875 330.523406982421875 11.583189010620117188 29.780473709106445312 350.384674072265625 4.5481200218200683594 13.570214271545410156 352.71002197265625 22.919689178466796875 2.8421115875244140625 352.365692138671875 349.11383056640625 31.356996536254882812 56.867626190185546875 31.483417510986328125 34.7647552490234375 88.4231109619140625 100.39702606201171875 79.471893310546875
0 312.36651611328125 9.6596879959106445312 356.72857666015625 258.110382080078125 249.22686767578125 10.175458908081054688 31.429147720336914062 358.99407958984375 315.46142578125 305.64605712890625 330.122650146484375 11.888645172119140625 24.0343017578125 331.238250732421875 275.38897705078125 189.4627685546875 40.3329925537109375 41.495639801025390625 276.7886962890625 268.93841552734375 282.6514892578125 329.74267578125 304.694793701171875 280.175048828125 1.7360615730285644531 28.162458419799804688 4.7632913589477539062 21.447612762451171875 36.3470001220703125 13.570303916931152344 41.0091552734375 359.324981689453125 325.1741943359375 306.87005615234375 67.98847198486328125 56.4156494140625 65.82848358154296875 90.506927490234375 93.551513671875 71.56488037109375 15.9453582763671875
0 344.576995849609375 354.325927734375 13.869648933410644531 12.669886589050292969 320.355133056640625 339.690673828125 21.873334884643554688 359.3087158203125 289.289398193359375 281.888336181640625 246.80535888671875 274.39892578125 341.130767822265625 11.310259819030761719 334.65191650390625 288.433685302734375 343.4947509765625 27.203516006469726562 339.6552734375 285.375762939453125 245.924072265625 224.9994659423828125 254.7443695068359375 254.0540618896484375 205.3451995849609375 156.317535400390625 147.994842529296875 168.6921844482421875 85.2364959716796875 89.99979400634765625 18.43927764892578125 0.010932197794318199158 59.041248321533203125 146.3112640380859375 81.02812957763671875 80.69016265869140625 86.91512298583984375 82.6475982666015625 72.9971771240234375 59.03617095947265625 20.055980682373046875
0 349.591583251953125 345.663665771484375 0.23959769308567047119 5.3272151947021484375 352.430938720703125 345.7833251953125 19.093400955200195312 33.8708038330078125 322.73260498046875 319.59368896484375 22.583765029907226562 322.25201416015625 301.568145751953125 6.98142242431640625 14.743547439575195312 335.44866943359375 320.410888671875 6.1025929450988769531 7.4315419197082519531 355.00537109375 337.379241943359375 314.999267578125 317.725616455078125 153.4338531494140625 184.184326171875 260.753326416015625 344.65838623046875 351.572113037109375 28.918378829956054688 24.887620925903320312 9.6053218841552734375 339.655426025390625 346.953369140625 18.0196380615234375 37.77591705322265625 61.31389617919921875 54.90412139892578125 50.710418701171875 60.642040252685546875 56.929027557373046875 17.9279632568359375
0 340.312164306640625 338.198028564453125 311.87689208984375 345.37799072265625 5.7108864784240722656 2.4197025299072265625 48.433376312255859375 64.04103851318359375 315.9306640625 322.205230712890625 29.004358291625976562 0.42449796199798583984 320.402740478515625 337.6192626953125 15.255130767822265625 338.34332275390625 326.9434814453125 344.248046875 359.3896484375 21.694932937622070312 20.119562149047851562 317.2017822265625 340.941375732421875 34.1598052978515625 345.172698974609375 323.17742919921875 341.081573486328125 352.40460205078125 21.139719009399414062 19.033285140991210938 7.594482421875 342.978759765625 336.587158203125 28.950847625732421875 55.692218780517578125 68.80571746826171875 52.695545196533203125 37.87474822998046875 40.1205291748046875 46.775806427001953125 59.036102294921875
0 338.198089599609375 356.185760498046875 279.245391845703125 282.723175048828125 354.426788330078125 52.39963531494140625 52.5947113037109375 65.0369415283203125 291.872772216796875 261.383544921875 109.98270416259765625 8.1313943862915039062 314.999267578125 349.5069580078125 318.178955078125 321.612823486328125 114.44203948974609375 236.4690093994140625 272.120635986328125 59.885860443115234375 44.999897003173828125 309.288665771484375 326.309112548828125 10.383973121643066406 348.485198974609375 320.623931884765625 323.796722412109375 348.942718505859375 31.328416824340820312 22.503408432006835938 8.1300153732299804688 351.86907958984375 331.47607421875 36.202434539794921875 51.13714599609375 52.814983367919921875 42.989532470703125 14.035996437072753906 30.425771713256835938 53.51714324951171875 79.88593292236328125
