wildfire/work/fuelmodels/1741/aspect.asc
ncols        599
nrows        323
xllcorner    183500.000000000000
yllcorner    475215.000000000000
cellsize     5.000000000000
NODATA_value   -999
[rows 228 to 246 of 323, columns 546 to 587 of 599]
128.6128387451171875 143.3924713134765625 133.486480712890625 133.3630828857421875 161.5646209716796875 160.0424041748046875 162.3153839111328125 159.44366455078125 162.645416259765625 199.797821044921875 197.1019744873046875 351.86761474609375 355.36395263671875 301.759552001953125 267.580322265625 268.85382080078125 275.980010986328125 304.874725341796875 41.30910491943359375 341.56317138671875 217.3030242919921875 171.8694000244140625 162.89697265625 140.042236328125 104.03568267822265625 99.46237945556640625 140.1951751708984375 108.4351348876953125 108.4345550537109375 172.998687744140625 239.7960662841796875 243.923431396484375 231.6319427490234375 201.5706024169921875 255.962188720703125 290.896697998046875 254.7437744140625 240.1233978271484375 244.2120819091796875 266.8194580078125 288.995880126953125 305.425079345703125
120.2252960205078125 130.083251953125 123.8978271484375 129.5593414306640625 165.0266265869140625 171.0642242431640625 167.799285888671875 158.12054443359375 179.9991455078125 216.869171142578125 222.7972564697265625 250.8205413818359375 96.341033935546875 236.307708740234375 263.087738037109375 262.029388427734375 258.68939208984375 232.35137939453125 140.5269622802734375 148.828338623046875 165.29620361328125 167.7991180419921875 178.50494384765625 181.6364898681640625 154.65325927734375 138.5754241943359375 153.1655426025390625 156.2090606689453125 124.87514495849609375 177.3969573974609375 259.113555908203125 291.138702392578125 334.982269287109375 11.311587333679199219 257.905242919921875 231.5811767578125 233.1292724609375 254.7444000244140625 258.9056396484375 268.05133056640625 274.9857177734375 282.528106689453125
128.8842315673828125 123.80480194091796875 114.80789947509765625 119.8088226318359375 157.2028961181640625 156.80126953125 163.8554229736328125 161.564666748046875 224.998565673828125 258.02362060546875 250.4629364013671875 223.779876708984375 192.803924560546875 287.591888427734375 308.1175537109375 294.2265625 255.17266845703125 188.745391845703125 155.9924468994140625 145.6192626953125 160.9530181884765625 178.876190185546875 191.4811248779296875 192.78338623046875 168.36614990234375 154.9825439453125 164.054046630859375 172.7752532958984375 158.3342132568359375 274.08428955078125 264.093170166015625 227.28997802734375 184.04425048828125 184.267730712890625 226.145477294921875 212.47088623046875 267.76885986328125 276.74517822265625 262.567779541015625 256.780059814453125 248.7487640380859375 236.3091888427734375
141.2030181884765625 139.4383392333984375 117.62906646728515625 111.39984130859375 156.501129150390625 141.1156463623046875 131.187744140625 294.4423828125 312.87811279296875 318.690399169921875 318.6907958984375 251.562713623046875 246.8009796142578125 260.165802001953125 267.06390380859375 277.12451171875 214.6967620849609375 146.496124267578125 144.727264404296875 140.057037353515625 151.127227783203125 172.215972900390625 190.0447998046875 187.1633453369140625 173.8968963623046875 151.4766845703125 146.003021240234375 164.7442474365234375 210.6184234619140625 240.4603118896484375 230.855072021484375 218.927093505859375 211.759918212890625 251.56475830078125 271.272186279296875 280.839569091796875 262.072662353515625 246.630340576171875 249.1448822021484375 241.126922607421875 236.1125335693359375 237.338714599609375
138.674072265625 143.375457763671875 129.709564208984375 134.1253204345703125 177.4204864501953125 190.0968017578125 231.33966064453125 296.113128662109375 291.25006103515625 289.982177734375 11.313269615173339844 149.03460693359375 267.5107421875 266.423309326171875 250.200775146484375 237.7573699951171875 152.6498870849609375 132.6382598876953125 136.877593994140625 151.5254669189453125 154.0927581787109375 131.185272216796875 192.5283203125 186.498870849609375 190.7837371826171875 197.102508544921875 146.3090362548828125 118.3001861572265625 259.694366455078125 275.331207275390625 293.96124267578125 305.339202880859375 322.12408447265625 331.08990478515625 312.61279296875 263.926177978515625 262.99737548828125 260.78814697265625 261.346893310546875 255.1731414794921875 259.01898193359375 265.300933837890625
115.94200897216796875 114.4436187744140625 121.53433990478515625 132.588592529296875 173.500213623046875 214.0190582275390625 256.108734130859375 273.813751220703125 209.247711181640625 201.800506591796875 194.8264312744140625 215.53875732421875 282.61883544921875 296.564178466796875 266.81951904296875 212.7348785400390625 147.893341064453125 134.9995269775390625 137.7044525146484375 170.5372467041015625 179.9995880126953125 140.7098846435546875 176.63177490234375 160.8658447265625 178.069305419921875 199.0254974365234375 187.9691925048828125 174.9860992431640625 264.143768310546875 282.38043212890625 288.434722900390625 256.865142822265625 247.2025146484375 210.963897705078125 181.9741973876953125 247.6189422607421875 271.546966552734375 282.337982177734375 274.86376953125 293.343170166015625 298.672210693359375 291.613983154296875
75.425750732421875 78.6898345947265625 72.99172210693359375 30.5791473388671875 17.744874954223632812 329.32135009765625 266.11126708984375 213.3647003173828125 170.3105010986328125 224.9994659423828125 258.340423583984375 291.19317626953125 277.000274658203125 223.2634124755859375 169.562530517578125 165.141204833984375 155.984588623046875 146.724700927734375 150.679168701171875 194.9660491943359375 181.930328369140625 169.75543212890625 179.9986419677734375 155.1703948974609375 165.699981689453125 247.0673675537109375 266.98651123046875 281.3096923828125 264.22503662109375 232.5232696533203125 194.981170654296875 205.407196044921875 214.8242950439453125 198.0343475341796875 187.43072509765625 243.4345855712890625 272.045013427734375 298.392242431640625 301.63916015625 299.260528564453125 306.169158935546875 298.995147705078125
77.10613250732421875 73.13116455078125 57.80414581298828125 14.534576416015625 20.272794723510742188 23.749067306518554688 293.4580078125 290.555419921875 340.640380859375 325.30426025390625 296.2210693359375 265.814117431640625 193.7359771728515625 169.3455047607421875 159.5667877197265625 151.73583984375 155.8363800048828125 152.22308349609375 154.38421630859375 209.0538177490234375 185.355865478515625 186.07196044921875 174.8040008544921875 158.498260498046875 231.340972900390625 253.609771728515625 223.4510040283203125 209.7438201904296875 245.2242279052734375 213.6901702880859375 207.0718994140625 224.9994659423828125 248.9623565673828125 285.851226806640625 337.963104248046875 314.999267578125 296.18756103515625 296.2735595703125 281.767730712890625 271.94744873046875 283.594024658203125 296.790740966796875
69.362152099609375 72.962249755859375 49.134662628173828125 8.1300830841064453125 33.147064208984375 37.0925445556640625 338.781402587890625 337.165496826171875 355.81396484375 275.195037841796875 255.9632568359375 191.3097686767578125 152.7837677001953125 147.2153167724609375 150.750762939453125 145.648956298828125 157.1091461181640625 167.00506591796875 138.5753326416015625 224.9994659423828125 176.0098419189453125 173.210479736328125 178.85357666015625 191.3097991943359375 197.9040679931640625 205.8655853271484375 207.9784698486328125 206.9650115966796875 235.8224945068359375 264.03497314453125 320.52691650390625 335.984375 326.82049560546875 309.339752197265625 329.183563232421875 333.43402099609375 312.482330322265625 315.894287109375 302.275299072265625 285.254791259765625 286.3011474609375 291.2613525390625
113.19832611083984375 53.393108367919921875 23.962451934814453125 21.695077896118164062 51.0885467529296875 48.632587432861328125 339.2269287109375 251.564453125 127.64788055419921875 179.999114990234375 203.0083465576171875 171.8694305419921875 144.6478271484375 143.12982177734375 154.3917083740234375 158.790191650390625 175.83984375 193.078887939453125 177.767913818359375 182.1745147705078125 169.186309814453125 162.0120391845703125 200.322357177734375 221.6329803466796875 203.551177978515625 235.71197509765625 280.304473876953125 321.339569091796875 296.56390380859375 291.40399169921875 306.3619384765625 323.857452392578125 328.044769287109375 307.265625 295.70928955078125 309.80474853515625 299.29071044921875 311.477752685546875 317.973052978515625 300.718475341796875 285.0299072265625 275.463134765625
187.7648773193359375 179.1687774658203125 141.0082855224609375 123.11078643798828125 119.3202056884765625 113.1985321044921875 153.9245758056640625 168.6898956298828125 155.1360931396484375 167.6190185546875 172.52783203125 169.874786376953125 149.981231689453125 142.07855224609375 159.7747344970703125 176.5755462646484375 176.9221649169921875 198.43463134765625 187.430694580078125 170.339691162109375 178.0693206787109375 196.25958251953125 268.876251220703125 294.676239013671875 328.238983154296875 288.434539794921875 277.431427001953125 301.551605224609375 306.119140625 278.44696044921875 242.849517822265625 232.3258514404296875 224.9994659423828125 224.0755767822265625 246.9380340576171875 266.632843017578125 258.689300537109375 235.560516357421875 243.1884307861328125 260.406036376953125 260.994476318359375 253.3268280029296875
200.6950836181640625 178.304962158203125 173.8623046875 163.0085601806640625 152.986968994140625 140.1170806884765625 145.8854217529296875 150.1857452392578125 160.463043212890625 169.6581573486328125 158.9622039794921875 159.369659423828125 153.6986846923828125 142.9800262451171875 157.5425567626953125 191.3094940185546875 192.994842529296875 188.971832275390625 184.7071380615234375 188.129669189453125 246.8002777099609375 287.10125732421875 279.63604736328125 249.4424591064453125 221.6336212158203125 249.4437713623046875 254.40643310546875 237.307373046875 224.9998321533203125 198.4342193603515625 201.8730010986328125 224.9996795654296875 225.8177947998046875 220.1555633544921875 240.7081146240234375 238.86041259765625 230.5717315673828125 247.7136688232421875 260.7060546875 263.910858154296875 252.29913330078125 238.717041015625
192.994140625 164.248504638671875 178.5851287841796875 177.70892333984375 169.93878173828125 159.8285980224609375 148.2760467529296875 150.300567626953125 160.2323760986328125 165.5295257568359375 153.7678375244140625 148.70654296875 162.8665008544921875 164.1673736572265625 148.3917694091796875 180.0002288818359375 203.7498779296875 178.725799560546875 179.9989471435546875 247.6194610595703125 277.650054931640625 295.82012939453125 304.377410888671875 207.645721435546875 207.8970794677734375 251.564239501953125 256.53375244140625 215.073333740234375 217.6473236083984375 192.0296173095703125 228.3662567138671875 255.5995025634765625 263.658905029296875 291.80035400390625 285.349334716796875 259.21533203125 242.7001190185546875 262.69378662109375 270.515655517578125 264.122161865234375 254.1236419677734375 245.6292266845703125
185.6770477294921875 165.439300537109375 184.8734893798828125 179.999755859375 177.67181396484375 170.617767333984375 140.5869140625 140.12811279296875 154.3345184326171875 148.5477294921875 148.7812042236328125 143.5302581787109375 179.1043853759765625 204.81390380859375 178.024200439453125 170.7539520263671875 198.4354248046875 247.1654510498046875 325.30438232421875 316.10076904296875 291.665435791015625 275.389434814453125 284.040069580078125 349.98944091796875 318.27044677734375 303.485321044921875 290.0936279296875 254.05255126953125 273.943878173828125 301.86444091796875 301.907012939453125 270.45025634765625 253.7193756103515625 255.699066162109375 258.689544677734375 250.9736785888671875 245.2822265625 237.3388214111328125 238.09112548828125 248.628631591796875 263.3668212890625 273.011871337890625
188.8065338134765625 184.6158447265625 191.86376953125 175.814697265625 179.5414886474609375 181.6053009033203125 140.504974365234375 143.04888916015625 157.7239990234375 157.55706787109375 162.095184326171875 126.86988067626953125 201.0374908447265625 244.6533660888671875 191.8874664306640625 167.7350006103515625 204.44384765625 265.78497314453125 295.42608642578125 313.450775146484375 296.564178466796875 290.22454833984375 303.689910888671875 327.525970458984375 275.439361572265625 264.610076904296875 261.25311279296875 293.747894287109375 284.263641357421875 275.19342041015625 274.08465576171875 275.30029296875 266.3472900390625 258.29302978515625 254.1473541259765625 255.067626953125 270.82952880859375 244.7983245849609375 246.800628662109375 274.807220458984375 298.2572021484375 315.806365966796875
196.77618408203125 201.0369110107421875 189.2019500732421875 173.7284698486328125 169.15936279296875 181.9744720458984375 168.070159912109375 160.2167510986328125 169.6054840087890625 154.722198486328125 233.1292724609375 354.80499267578125 4.0853018760681152344 324.4600830078125 217.4033203125 130.601165771484375 218.6594085693359375 268.918487548828125 287.7835693359375 266.632843017578125 264.80487060546875 255.0678253173828125 235.618682861328125 187.124755859375 239.035675048828125 236.0030364990234375 240.255279541015625 260.311767578125 255.6509552001953125 264.805816650390625 286.990753173828125 286.113128662109375 285.488311767578125 278.79022216796875 264.522064208984375 257.38031005859375 270.602569580078125 330.523101806640625 293.090728759765625 284.637542724609375 286.556182861328125 303.502471923828125
198.838043212890625 194.035736083984375 187.0662384033203125 179.12890625 163.7321319580078125 188.6152496337890625 185.1939239501953125 153.824127197265625 273.23931884765625 11.309064865112304688 254.744964599609375 223.15216064453125 173.65887451171875 120.96433258056640625 298.494598388671875 41.63314056396484375 323.568450927734375 293.197906494140625 335.556243896484375 279.46197509765625 266.18548583984375 251.5657196044921875 228.8144073486328125 217.8754730224609375 260.2178955078125 256.328460693359375 249.3037872314453125 234.4618682861328125 233.3652191162109375 257.549285888671875 260.072906494140625 258.424041748046875 266.496002197265625 269.2745361328125 243.924560546875 248.9620208740234375 265.235626220703125 306.3834228515625 306.58709716796875 288.07183837890625 259.2606201171875 266.688262939453125
194.6298980712890625 185.407958984375 189.363006591796875 189.3780670166015625 178.91864013671875 231.5815582275390625 230.27349853515625 179.2921142578125 208.425506591796875 187.8150177001953125 189.057830810546875 216.869171142578125 205.0149078369140625 283.391448974609375 302.827789306640625 345.464599609375 336.800628662109375 315.724365234375 56.312320709228515625 284.036224365234375 268.6019287109375 278.74468994140625 314.999267578125 191.3078155517578125 251.564453125 271.3968505859375 248.6292266845703125 226.9090118408203125 233.52984619140625 243.1373291015625 243.1521759033203125 247.619354248046875 257.93792724609375 257.79864501953125 264.559478759765625 275.77392578125 269.999359130859375 272.688995361328125 277.373046875 276.881072998046875 273.50274658203125 267.579833984375
178.9188385009765625 161.2002105712890625 194.782318115234375 208.2606353759765625 209.054229736328125 223.1156005859375 198.6340789794921875 182.97308349609375 216.5960693359375 235.6845550537109375 255.0678253173828125 269.9989013671875 297.552520751953125 314.999267578125 307.87432861328125 294.025909423828125 292.931854248046875 115.014556884765625 183.366790771484375 246.03851318359375 235.784210205078125 232.1245574951171875 212.4706878662109375 146.3095855712890625 241.2594757080078125 224.9994659423828125 216.5722198486328125 260.5374755859375 252.6456146240234375 237.90692138671875 240.8319549560546875 249.1204071044921875 255.0679473876953125 239.9946441650390625 239.8581085205078125 262.94146728515625 264.804901123046875 261.572357177734375 263.51617431640625 270.46490478515625 279.742919921875 275.936798095703125
