wildfire/work/fuelmodels/1741/aspect.asc
ncols        599
nrows        323
xllcorner    183500.000000000000
yllcorner    475215.000000000000
cellsize     5.000000000000
NODATA_value   -999
[rows 228 to 246 of 323, columns 0 to 41 of 599]
0 14.037014007568359375 295.426666259765625 288.43426513671875 49.08638763427734375 283.494873046875 295.55865478515625 326.3074951171875 291.370025634765625 42.1379852294921875 330.4775390625 353.263275146484375 25.993833541870117188 332.1016845703125 304.114349365234375 325.4593505859375 338.09637451171875 318.730712890625 334.653076171875 32.828037261962890625 328.171630859375 304.149383544921875 340.593475341796875 1.3638284206390380859 344.7435302734375 2.3531973361968994141 27.40769195556640625 27.25567626953125 342.406951904296875 48.013401031494140625 8.1292085647583007812 125.539154052734375 95.3556976318359375 116.56696319580078125 239.0358428955078125 177.1368408203125 185.194000244140625 208.719940185546875 217.7463226318359375 231.0085296630859375 216.7401580810546875 125.72711181640625
0 354.803314208984375 290.3221435546875 307.0301513671875 10.954234123229980469 323.913970947265625 336.036651611328125 25.346067428588867188 303.230224609375 358.152557373046875 301.3275146484375 269.999359130859375 62.592418670654296875 345.698333740234375 326.49591064453125 335.500701904296875 343.64678955078125 340.8203125 356.267730712890625 40.072513580322265625 324.461181640625 296.13836669921875 322.952606201171875 19.47643280029296875 339.99468994140625 356.3662109375 46.00519561767578125 39.644290924072265625 20.480438232421875 10.669864654541015625 2.9351792335510253906 16.23233795166015625 34.38067626953125 20.555660247802734375 331.697784423828125 18.443647384643554688 52.123546600341796875 247.2483673095703125 239.844696044921875 232.7494659423828125 211.580780029296875 178.9579620361328125
0 17.402246475219726562 311.008026123046875 295.2911376953125 354.8050537109375 351.383697509765625 327.724151611328125 15.945307731628417969 343.6094970703125 348.30987548828125 342.4727783203125 314.999267578125 331.699188232421875 318.84967041015625 325.228179931640625 334.289398193359375 349.50750732421875 6.1883945465087890625 17.744739532470703125 23.198741912841796875 329.43511962890625 296.3369140625 277.43072509765625 95.70998382568359375 292.00006103515625 359.235382080078125 67.350738525390625 49.939067840576171875 35.98040771484375 14.470101356506347656 357.953338623046875 15.255418777465820312 28.217432022094726562 36.869762420654296875 51.911380767822265625 323.128021240234375 348.69024658203125 348.689239501953125 282.42535400390625 245.3759918212890625 204.44342041015625 173.479766845703125
0 34.902324676513671875 348.023162841796875 288.811309814453125 304.114013671875 5.4403681755065917969 333.799468994140625 2.6427454948425292969 347.573577880859375 343.008331298828125 0.64339107275009155273 0.64339107275009155273 324.352447509765625 309.45404052734375 299.147186279296875 302.195220947265625 344.744232177734375 9.3814401626586914062 23.070428848266601562 15.254802703857421875 303.58843994140625 306.86920166015625 330.707916259765625 9.4615612030029296875 267.579833984375 211.37213134765625 84.6901702880859375 51.2633819580078125 41.308074951171875 13.464913368225097656 5.0425233840942382812 22.620134353637695312 40.36407470703125 59.743122100830078125 62.102169036865234375 347.00360107421875 326.311676025390625 300.96563720703125 282.264312744140625 263.9908447265625 159.1015777587890625 146.440582275390625
0 39.559429168701171875 3.9181826114654541016 314.13134765625 328.3914794921875 336.369903564453125 336.447021484375 4.51404571533203125 355.236053466796875 329.035552978515625 343.03289794921875 355.600311279296875 339.290313720703125 328.4951171875 320.193450927734375 320.38848876953125 336.99041748046875 354.19775390625 21.305704116821289062 23.4586944580078125 304.1693115234375 303.916778564453125 358.8531494140625 0 286.15655517578125 188.6727447509765625 99.2796630859375 55.980258941650390625 45.8808135986328125 0 5.3146505355834960938 27.962032318115234375 56.309551239013671875 69.340667724609375 36.5727691650390625 11.611293792724609375 19.23079681396484375 345.963897705078125 300.577850341796875 135.0069580078125 121.6511383056640625 128.9908294677734375
0 59.03597259521484375 352.233795166015625 313.667022705078125 343.866180419921875 342.9962158203125 342.134246826171875 7.7219805717468261719 26.241712570190429688 304.9913330078125 307.62548828125 340.6146240234375 344.196868896484375 328.359619140625 317.77838134765625 318.20880126953125 321.863006591796875 350.048858642578125 27.718465805053710938 26.003108978271484375 334.01007080078125 314.999267578125 347.00323486328125 337.066864013671875 340.941375732421875 47.3845062255859375 66.2497406005859375 56.112491607666015625 58.79929351806640625 9.7823333740234375 343.299652099609375 28.686212539672851562 55.7844085693359375 59.796596527099609375 18.435342788696289062 49.899417877197265625 36.573444366455078125 344.475738525390625 314.999267578125 126.63394927978515625 115.601898193359375 119.81392669677734375
0 26.24121856689453125 335.7713623046875 322.0372314453125 350.25543212890625 359.64306640625 341.83319091796875 12.926241874694824219 30.4033966064453125 331.524993896484375 313.314666748046875 337.248321533203125 330.0177001953125 314.044586181640625 295.2916259765625 288.43438720703125 290.73828125 341.565032958984375 31.217897415161132812 26.00305938720703125 330.592193603515625 353.5404052734375 10.097226142883300781 318.121246337890625 29.744083404541015625 71.56488037109375 90.0001373291015625 93.91825103759765625 84.98679351806640625 56.888874053955078125 314.9970703125 334.653350830078125 71.88683319091796875 73.73940277099609375 86.6327362060546875 95.1939697265625 20.224493026733398438 352.56817626953125 95.19336700439453125 115.820281982421875 104.53418731689453125 84.28934478759765625
0 359.2740478515625 317.76953125 313.102783203125 347.904327392578125 8.7748870849609375 357.18353271484375 11.976244926452636719 21.336711883544921875 341.05279541015625 327.264129638671875 345.734893798828125 326.309112548828125 332.16070556640625 314.999267578125 302.90447998046875 295.749603271484375 310.81451416015625 31.263608932495117188 26.96573638916015625 302.828216552734375 358.26312255859375 0.85527068376541137695 333.16510009765625 57.633453369140625 97.927276611328125 116.9661407470703125 45.000705718994140625 26.565206527709960938 53.276355743408203125 320.191009521484375 191.3111724853515625 101.53426361083984375 86.710601806640625 67.48032379150390625 90.000518798828125 243.4343719482421875 116.5647735595703125 100.4915313720703125 90.97100830078125 67.0680084228515625 55.007900238037109375
0 333.121124267578125 323.56378173828125 328.420989990234375 312.336212158203125 348.942535400390625 20.965620040893554688 11.821279525756835938 8.9724636077880859375 353.516448974609375 352.74639892578125 326.069488525390625 313.635284423828125 333.6268310546875 333.43402099609375 326.188079833984375 323.74530029296875 317.725128173828125 66.448455810546875 69.22794342041015625 278.53021240234375 301.60693359375 318.69073486328125 342.298797607421875 61.80840301513671875 73.98857879638671875 68.96227264404296875 309.80474853515625 27.7584991455078125 64.322967529296875 28.60962677001953125 117.25521087646484375 103.7068328857421875 75.37972259521484375 56.041576385498046875 64.85483551025390625 314.999267578125 14.038781166076660156 48.094024658203125 65.806884765625 99.4622650146484375 117.5529327392578125
0 316.624298095703125 319.589691162109375 7.3937411308288574219 340.924468994140625 334.439605712890625 28.20116424560546875 359.4918212890625 0.41813910007476806641 7.8833041191101074219 358.263580322265625 342.596527099609375 322.124481201171875 321.863189697265625 341.886199951171875 330.349365234375 318.94451904296875 348.689239501953125 29.9312286376953125 23.586610794067382812 334.13262939453125 324.751800537109375 311.565765380859375 217.875823974609375 88.02480316162109375 70.1328125 54.819183349609375 99.460906982421875 166.826812744140625 100.9798431396484375 60.708354949951171875 78.690185546875 84.95784759521484375 348.178558349609375 28.217113494873046875 54.3342132568359375 14.93070220947265625 346.6082763671875 56.308750152587890625 96.7655487060546875 120.78334808349609375 154.230194091796875
0 279.223236083984375 267.70880126953125 336.248870849609375 349.158905029296875 16.189355850219726562 6.6323361396789550781 327.26385498046875 357.136871337890625 5.7928009033203125 359.168670654296875 346.52117919921875 323.266510009765625 325.22149658203125 0.45140576362609863281 358.263519287109375 320.47625732421875 341.86895751953125 16.113286972045898438 35.07375335693359375 336.800689697265625 304.28619384765625 142.123504638671875 152.818634033203125 140.44012451171875 125.311004638671875 118.4957733154296875 43.209583282470703125 48.271087646484375 61.700702667236328125 48.814785003662109375 50.492534637451171875 53.673114776611328125 318.0120849609375 46.59015655517578125 72.18083953857421875 81.87000274658203125 163.6097259521484375 156.0366973876953125 85.36431884765625 67.8331756591796875 56.3090972900390625
0 340.82025146484375 322.0086669921875 332.160980224609375 350.09490966796875 15.488783836364746094 1.7358609437942504883 318.065643310546875 329.035308837890625 345.409820556640625 4.1271109580993652344 345.310302734375 312.336212158203125 325.7833251953125 2.0953011512756347656 7.7337598800659179688 345.62872314453125 321.807830810546875 34.077350616455078125 55.12464141845703125 2.3864309787750244141 325.30426025390625 102.9942474365234375 116.56458282470703125 134.9994049072265625 136.00421142578125 192.994537353515625 191.3111724853515625 39.6449737548828125 23.875371932983398438 21.447408676147460938 40.60113525390625 55.45966339111328125 95.710693359375 146.8885498046875 95.06391143798828125 87.56354522705078125 132.27386474609375 288.43365478515625 37.7466888427734375 43.842529296875 44.999897003173828125
0 352.20703125 340.370697021484375 352.66473388671875 353.795806884765625 349.260406494140625 3.2705514430999755859 1.444427490234375 342.376922607421875 335.554595947265625 351.868927001953125 330.708038330078125 316.974151611328125 322.632415771484375 358.0240478515625 6.3403100967407226562 3.3107314109802246094 344.444580078125 20.409664154052734375 43.842315673828125 27.387424468994140625 30.17359161376953125 68.838409423828125 94.89868927001953125 107.904083251953125 113.7487030029296875 275.710052490234375 302.9052734375 86.18359375 65.5546875 5.1935210227966308594 29.744745254516601562 43.54965972900390625 46.468448638916015625 56.310268402099609375 92.12133026123046875 83.395111083984375 21.80145263671875 313.492095947265625 26.564716339111328125 44.999897003173828125 29.388673782348632812
0 351.118621826171875 346.428680419921875 343.522003173828125 344.123199462890625 346.70074462890625 1.1935102939605712891 3.8787746429443359375 352.2156982421875 2.4891347885131835938 345.5093994140625 309.11358642578125 302.53466796875 317.52557373046875 348.205841064453125 348.8697509765625 1.1533966064453125 353.289459228515625 8.219005584716796875 39.8824615478515625 36.253787994384765625 34.992084503173828125 52.3858795166015625 0 0 309.287384033203125 320.94598388671875 3.6515638828277587891 87.70827484130859375 237.9957733154296875 292.750732421875 43.151905059814453125 55.491100311279296875 71.240997314453125 87.7091522216796875 100.2216949462890625 72.97853851318359375 14.743811607360839844 326.30859375 44.999897003173828125 26.564624786376953125 0
0 319.8638916015625 349.6402587890625 341.198944091796875 329.035491943359375 344.826416015625 2.1210672855377197266 353.56451416015625 352.348541259765625 14.349165916442871094 349.379486083984375 323.129486083984375 301.122100830078125 312.753692626953125 345.172882080078125 346.80828857421875 3.3017210960388183594 337.340057373046875 4.3322386741638183594 44.623016357421875 39.805606842041015625 27.68836212158203125 0 0 0 0 356.986541748046875 84.0945892333984375 95.19384765625 312.138458251953125 281.3099365234375 126.63394927978515625 129.446746826171875 123.943206787109375 104.349029541015625 64.43991851806640625 63.433712005615234375 56.307277679443359375 0 0 0 0
0 304.530242919921875 341.8466796875 352.115875244140625 332.446319580078125 341.094818115234375 8.6156377792358398438 354.986114501953125 353.289154052734375 5.1102595329284667969 347.43170166015625 347.36004638671875 326.888031005859375 319.466522216796875 339.5989990234375 358.45086669921875 7.3341932296752929688 341.13043212890625 44.999897003173828125 85.125885009765625 71.56510162353515625 31.760335922241210938 0 0 0 0 0 0 0 0 147.80438232421875 135.000030517578125 125.3112640380859375 120.677154541015625 59.036102294921875 28.141866683959960938 0 0 0 0 24.820501327514648438 44.999897003173828125
0 311.838897705078125 345.578521728515625 355.235565185546875 335.8968505859375 346.6505126953125 9.1303691864013671875 5.6597113609313964844 350.111053466796875 345.77288818359375 344.7440185546875 346.27679443359375 333.284576416015625 325.365936279296875 322.22357177734375 356.390533447265625 25.820871353149414062 55.125057220458984375 113.0087127685546875 114.84207916259765625 106.11298370361328125 96.336761474609375 0 0 0 0 0 0 0 65.1360626220703125 74.89858245849609375 104.58858489990234375 90.78448486328125 75.25637054443359375 44.999897003173828125 338.199676513671875 0 174.2884979248046875 213.1124725341796875 62.353824615478515625 53.0205841064453125 57.24629974365234375
0 315.618560791015625 351.8690185546875 359.5408935546875 342.7576904296875 342.011810302734375 353.7735595703125 4.4610171318054199219 348.97552490234375 345.04034423828125 345.8009033203125 319.3975830078125 326.022247314453125 350.0732421875 304.795318603515625 314.998260498046875 86.3477325439453125 95.19426727294921875 69.443939208984375 70.9892730712890625 83.36739349365234375 122.47245025634765625 108.43906402587890625 0 0 0 0 0 22.38021087646484375 41.905796051025390625 48.09369659423828125 41.510379791259765625 40.030071258544921875 64.57292938232421875 123.6923065185546875 0 0 198.434326171875 194.6640777587890625 171.7533721923828125 99.8654937744140625 82.27321624755859375
0 320.97357177734375 356.85400390625 14.635823249816894531 11.944447517395019531 331.61968994140625 340.529205322265625 353.117645263671875 353.772796630859375 23.198442459106445312 87.5107421875 265.913665771484375 293.316741943359375 354.439361572265625 0.00024285327526740729809 351.382110595703125 44.090667724609375 33.310810089111328125 22.619909286499023438 60.60385894775390625 76.8271636962890625 63.4326171875 333.44073486328125 0 0 0 0 24.145420074462890625 42.510265350341796875 30.173273086547851562 26.222093582153320312 20.056188583374023438 3.503604888916015625 0 0 0 0 193.3597869873046875 196.69879150390625 206.4418487548828125 123.047821044921875 113.3763427734375
