wildfire/work/fuelmodels/1741/aspect.asc
ncols        599
nrows        323
xllcorner    183500.000000000000
yllcorner    475215.000000000000
cellsize     5.000000000000
NODATA_value   -999
[rows 57 to 75 of 323, columns 420 to 461 of 599]
135.9788360595703125 163.8348236083984375 126.17964935302734375 104.34923553466796875 150.2541046142578125 145.0597991943359375 145.88427734375 161.564666748046875 118.14202117919921875 96.17017364501953125 294.86309814453125 255.1728973388671875 219.745574951171875 245.1511688232421875 216.869171142578125 128.5001373291015625 145.9388885498046875 113.14696502685546875 95.53603363037109375 124.02736663818359375 134.9996795654296875 103.21233367919921875 252.7828521728515625 243.7326202392578125 224.9998779296875 225.665557861328125 221.938018798828125 174.0722808837890625 148.4954071044921875 175.02972412109375 196.792327880859375 201.1934661865234375 215.5364227294921875 266.63311767578125 274.780426025390625 277.733184814453125 274.82989501953125 274.23565673828125 267.078704833984375 246.8010711669921875 243.9699554443359375 246.139312744140625
84.95726776123046875 109.74585723876953125 125.07335662841796875 117.69879913330078125 110.05535125732421875 122.47100067138671875 138.7507781982421875 178.634307861328125 164.0539703369140625 130.4864349365234375 229.6985321044921875 219.289031982421875 260.39404296875 259.9910888671875 186.3396148681640625 120.9633636474609375 112.285125732421875 85.94013214111328125 79.02326202392578125 86.21706390380859375 146.3098602294921875 127.07281494140625 215.5366668701171875 227.3529510498046875 222.897796630859375 231.4484710693359375 209.6140899658203125 175.632904052734375 160.7303466796875 191.3094940185546875 215.8374481201171875 222.136993408203125 246.27923583984375 260.67620849609375 261.192718505859375 267.72509765625 278.45428466796875 283.447967529296875 295.934722900390625 310.235595703125 280.006622314453125 263.017333984375
114.498443603515625 128.6597747802734375 138.1802215576171875 107.30046844482421875 112.45680999755859375 119.05515289306640625 98.366790771484375 134.9980621337890625 152.9487457275390625 147.0115509033203125 217.7248077392578125 228.4884796142578125 263.927001953125 255.5787353515625 158.749237060546875 142.823394775390625 146.3096771240234375 135.9020843505859375 110.1957550048828125 110.0712890625 147.75701904296875 156.1129302978515625 192.1883697509765625 225.4117584228515625 226.217987060546875 229.3243255615234375 179.9995880126953125 171.8697357177734375 176.1859588623046875 195.8017425537109375 238.0607147216796875 267.509674072265625 276.87408447265625 275.8878173828125 281.917999267578125 283.869110107421875 283.53173828125 280.52001953125 287.48724365234375 322.957122802734375 325.19097900390625 312.7681884765625
105.59259033203125 110.745941162109375 164.60467529296875 140.8776092529296875 128.7741546630859375 126.1789703369140625 140.8770294189453125 145.304046630859375 132.0787811279296875 152.8190155029296875 208.64385986328125 228.179290771484375 229.8849639892578125 198.7177581787109375 148.7169189453125 145.80133056640625 157.7614288330078125 146.730560302734375 120.378875732421875 114.4745635986328125 133.9578399658203125 156.447113037109375 201.6147613525390625 223.9480743408203125 224.60150146484375 221.5889739990234375 185.463470458984375 184.236053466796875 177.64642333984375 177.2202911376953125 250.18218994140625 254.232330322265625 268.49188232421875 279.21588134765625 277.37774658203125 272.414031982421875 279.343963623046875 285.625 276.4007568359375 270.5255126953125 291.801788330078125 300.068603515625
95.640472412109375 95.63043975830078125 127.87477874755859375 143.59588623046875 166.09735107421875 133.9764251708984375 114.77426910400390625 133.090118408203125 116.56461334228515625 126.54518890380859375 212.061676025390625 234.3012847900390625 221.5756378173828125 189.9157867431640625 141.679412841796875 130.42584228515625 139.337646484375 141.7814178466796875 126.79279327392578125 114.24901580810546875 120.2562255859375 143.9727935791015625 195.36077880859375 203.1977691650390625 206.5645751953125 211.914703369140625 204.1785736083984375 185.0714874267578125 174.6674652099609375 221.36712646484375 260.05377197265625 242.3277435302734375 258.413482666015625 275.2965087890625 281.223236083984375 278.178253173828125 274.398101806640625 276.482666015625 286.208526611328125 291.369903564453125 294.339935302734375 307.50274658203125
105.80218505859375 86.331787109375 110.88504791259765625 142.6783905029296875 175.91412353515625 173.45343017578125 115.01709747314453125 121.80976104736328125 124.460784912109375 126.950653076171875 220.1693115234375 219.231231689453125 200.19378662109375 187.7262725830078125 159.4101715087890625 141.581634521484375 135.3553619384765625 130.2358856201171875 123.76317596435546875 118.3789520263671875 122.47090911865234375 153.779052734375 165.01751708984375 203.522308349609375 206.7827911376953125 218.5650177001953125 218.7453155517578125 184.985809326171875 206.5648956298828125 253.565093994140625 257.762786865234375 261.303314208984375 274.123077392578125 278.573211669921875 287.2886962890625 295.65093994140625 300.792572021484375 294.96527099609375 294.2406005859375 305.255645751953125 316.908355712890625 335.63690185546875
155.7720947265625 124.29836273193359375 110.19678497314453125 130.9854278564453125 169.4384765625 170.5366058349609375 145.3585968017578125 137.6020050048828125 138.601104736328125 152.650054931640625 209.3885040283203125 185.9057464599609375 181.6206512451171875 176.8198394775390625 171.1188201904296875 159.178863525390625 151.8489227294921875 142.544189453125 130.411773681640625 134.20928955078125 138.1498565673828125 161.8780670166015625 165.3019866943359375 208.7674713134765625 233.8209228515625 251.1468048095703125 237.5286102294921875 189.743682861328125 227.3854827880859375 258.039337158203125 280.221099853515625 288.433868408203125 280.8599853515625 285.5234375 293.419525146484375 294.419342041015625 295.955963134765625 298.5474853515625 294.726470947265625 294.77447509765625 307.80029296875 330.25421142578125
139.0534210205078125 150.018463134765625 110.07158660888671875 93.43414306640625 150.068939208984375 164.0528717041015625 112.9623870849609375 115.9856719970703125 138.620819091796875 199.903594970703125 186.9530029296875 158.662750244140625 160.2402496337890625 166.0679473876953125 172.874420166015625 163.7959747314453125 159.110748291015625 152.46728515625 135.3094635009765625 145.072265625 163.3447723388671875 145.204071044921875 143.88018798828125 208.1784515380859375 210.7270355224609375 205.2183837890625 212.83734130859375 207.73358154296875 250.749298095703125 266.63287353515625 277.754547119140625 294.160125732421875 287.927276611328125 284.857940673828125 283.626190185546875 281.81231689453125 276.44091796875 282.287933349609375 296.56488037109375 285.2550048828125 272.726287841796875 292.6715087890625
107.6313629150390625 41.055286407470703125 89.27497100830078125 110.4719390869140625 138.8145751953125 189.60467529296875 139.0855560302734375 108.19126129150390625 124.19074249267578125 209.5116729736328125 172.5037994384765625 153.842529296875 143.9352569580078125 164.3098907470703125 168.5586395263671875 162.71807861328125 160.984161376953125 151.9790496826171875 131.780059814453125 139.1847686767578125 186.4340362548828125 180.57843017578125 129.3822784423828125 192.19976806640625 219.684326171875 222.172332763671875 228.690673828125 245.1932525634765625 273.85601806640625 279.983062744140625 275.6070556640625 267.935699462890625 271.877288818359375 275.753936767578125 270.7972412109375 272.674652099609375 280.00714111328125 278.65673828125 294.968353271484375 306.25347900390625 277.078369140625 298.760284423828125
163.299835205078125 125.53778076171875 113.81345367431640625 129.20660400390625 155.255859375 177.7452239990234375 154.5027313232421875 105.69486236572265625 98.6732635498046875 169.4387359619140625 150.5496673583984375 156.447357177734375 144.4618988037109375 170.188812255859375 155.6135101318359375 156.011749267578125 168.503143310546875 161.5644073486328125 143.25872802734375 130.642608642578125 169.508056640625 187.3519134521484375 162.23504638671875 183.2954864501953125 235.7008056640625 260.25640869140625 256.3287353515625 260.815521240234375 271.73504638671875 275.919952392578125 271.49383544921875 264.15069580078125 266.71661376953125 266.685821533203125 274.0528564453125 284.460418701171875 297.551971435546875 282.52783203125 285.253936767578125 340.20001220703125 296.702484130859375 293.535980224609375
195.254730224609375 162.3872222900390625 116.44710540771484375 113.56829833984375 141.04296875 166.686065673828125 162.0721893310546875 121.68622589111328125 118.87245941162109375 133.1221466064453125 121.90810394287109375 145.091033935546875 152.675872802734375 164.27520751953125 142.1248016357421875 128.7581787109375 158.3342132568359375 161.3681182861328125 164.4064788818359375 149.0361175537109375 138.052642822265625 163.039520263671875 160.832763671875 212.2417449951171875 246.6015777587890625 237.417510986328125 233.2593231201171875 257.81573486328125 266.267974853515625 271.887481689453125 274.807281494140625 284.600799560546875 280.2364501953125 273.29229736328125 273.186248779296875 274.28485107421875 280.190887451171875 278.544219970703125 275.61102294921875 306.36187744140625 301.428497314453125 276.102325439453125
171.5739288330078125 144.5488739013671875 136.4318084716796875 136.8037109375 134.9992828369140625 158.5225982666015625 162.0834808349609375 136.56182861328125 132.5368194580078125 138.7820587158203125 131.5101470947265625 142.78692626953125 163.10601806640625 162.7338714599609375 155.617645263671875 128.6125030517578125 144.912933349609375 147.898162841796875 164.9687957763671875 188.9087982177734375 151.8213043212890625 133.976043701171875 169.99151611328125 251.82733154296875 247.045257568359375 242.458740234375 252.4279022216796875 264.0452880859375 263.141265869140625 265.36407470703125 274.03424072265625 278.6993408203125 278.920654296875 279.80352783203125 271.651580810546875 262.1353759765625 258.586181640625 265.980072021484375 269.999847412109375 273.27056884765625 288.43463134765625 277.895172119140625
60.78057098388671875 103.085113525390625 124.7599945068359375 152.91204833984375 131.729339599609375 149.0356292724609375 157.5033111572265625 137.7519073486328125 140.964141845703125 137.9948577880859375 140.9310455322265625 149.4207000732421875 153.9701690673828125 157.69342041015625 159.9434661865234375 147.0944671630859375 153.1219024658203125 133.6675262451171875 145.2211151123046875 198.621429443359375 172.7251129150390625 144.3846435546875 194.89794921875 230.281097412109375 243.9827728271484375 258.0059814453125 259.425689697265625 286.698699951171875 301.8046875 281.504180908203125 265.134735107421875 268.5821533203125 272.868988037109375 277.023223876953125 273.133636474609375 267.435699462890625 264.50238037109375 272.33148193359375 276.414276123046875 258.50323486328125 231.6131134033203125 243.615447998046875
103.9025115966796875 90.58454132080078125 73.51552581787109375 56.68946075439453125 76.92047882080078125 81.86956024169921875 102.5288238525390625 101.1427459716796875 113.19832611083984375 120.32326507568359375 121.95391845703125 129.446746826171875 137.2313385009765625 134.9996795654296875 120.83263397216796875 139.474761962890625 161.26666259765625 126.64913177490234375 123.8251800537109375 182.1211395263671875 168.690032958984375 159.6630401611328125 211.30926513671875 247.988311767578125 256.312835693359375 260.7060546875 266.466888427734375 270.312286376953125 266.876983642578125 263.31219482421875 269.999359130859375 268.48626708984375 267.49774169921875 271.098175048828125 271.305816650390625 267.494415283203125 268.64605712890625 262.61322021484375 248.0021209716796875 231.665863037109375 240.1855316162109375 264.250946044921875
143.3756103515625 145.3756103515625 122.47103118896484375 109.15550994873046875 101.8526763916015625 94.3985443115234375 110.695648193359375 89.06075286865234375 85.84027099609375 92.9355316162109375 87.27289581298828125 89.0447540283203125 111.31800079345703125 140.1939697265625 102.29074859619140625 107.70001220703125 130.7634124755859375 138.8392181396484375 170.4626617431640625 154.7985382080078125 140.782196044921875 159.0258026123046875 218.19830322265625 248.5610198974609375 259.035888671875 251.053070068359375 249.192779541015625 248.16473388671875 226.1627044677734375 242.3535919189453125 261.10211181640625 263.521209716796875 264.69866943359375 261.9100341796875 262.468109130859375 263.8580322265625 259.475372314453125 242.8645172119140625 241.9449462890625 247.1897125244140625 271.709197998046875 282.318695068359375
134.9996795654296875 150.7085418701171875 142.8913726806640625 142.3339385986328125 145.9045867919921875 143.1846160888671875 162.0870819091796875 154.16510009765625 134.9996795654296875 137.9249725341796875 158.19842529296875 127.01915740966796875 126.31381988525390625 146.3101959228515625 119.17327117919921875 129.8049163818359375 100.375762939453125 100.15897369384765625 172.4048004150390625 168.1969451904296875 148.5478668212890625 144.4622802734375 236.7679595947265625 254.5001983642578125 261.86932373046875 263.01080322265625 254.5046539306640625 244.6536865234375 246.5491485595703125 259.99151611328125 263.858306884765625 266.008636474609375 258.194427490234375 250.669158935546875 247.102081298828125 244.4673614501953125 242.5793609619140625 246.0063323974609375 259.85382080078125 259.176239013671875 261.664886474609375 271.080322265625
127.7461395263671875 142.9693145751953125 146.3951263427734375 154.746429443359375 143.7140350341796875 139.7962799072265625 152.604339599609375 137.6022186279296875 136.4499359130859375 151.0493927001953125 137.260101318359375 135.800537109375 157.833282470703125 158.9623260498046875 136.818023681640625 153.7676544189453125 141.7658233642578125 115.2530670166015625 132.1935882568359375 171.1925048828125 184.7632904052734375 195.6445159912109375 280.749969482421875 269.999359130859375 264.1256103515625 274.15338134765625 280.464630126953125 262.56805419921875 260.980010986328125 264.7435302734375 267.12841796875 268.27520751953125 260.73138427734375 252.8467864990234375 247.29510498046875 249.6515960693359375 258.76123046875 261.506805419921875 256.194854736328125 250.8797149658203125 259.483428955078125 268.414520263671875
130.388763427734375 138.78851318359375 148.7605133056640625 161.9797821044921875 140.3887481689453125 153.5903778076171875 167.7350006103515625 80.76961517333984375 71.56426239013671875 93.94439697265625 119.4070587158203125 112.5975341796875 134.999267578125 157.4959564208984375 145.1956634521484375 151.276031494140625 155.955230712890625 148.9473876953125 138.9297027587890625 171.713287353515625 228.8137664794921875 270.74359130859375 295.559234619140625 280.221282958984375 271.974334716796875 265.814605712890625 267.413604736328125 285.487518310546875 287.524688720703125 281.166595458984375 270.17803955078125 264.38494873046875 270.700897216796875 271.74853515625 263.257781982421875 264.919647216796875 268.94488525390625 264.709625244140625 252.7583770751953125 254.8583526611328125 255.4882354736328125 257.6798095703125
119.70645904541015625 120.860504150390625 131.347625732421875 146.5344085693359375 133.390838623046875 173.0611419677734375 201.501312255859375 135.51556396484375 121.23899078369140625 126.29242706298828125 134.06829833984375 120.30309295654296875 112.72409820556640625 126.1698150634765625 136.8593902587890625 152.9044189453125 150.163970947265625 139.3563232421875 141.9105987548828125 169.991119384765625 222.5937347412109375 234.0712432861328125 241.031707763671875 258.19244384765625 253.1907806396484375 243.5569000244140625 247.9449005126953125 254.83935546875 265.18756103515625 274.16571044921875 271.140625 263.6593017578125 264.7318115234375 262.719451904296875 261.31341552734375 263.7237548828125 262.36981201171875 247.1951446533203125 241.20306396484375 256.0313720703125 261.963470458984375 261.869384765625
