wildfire/work/fuelmodels/1741/slope.asc
ncols        599
nrows        323
xllcorner    183500.000000000000
yllcorner    475215.000000000000
cellsize     5.000000000000
NODATA_value   -999
[rows 270 to 287 of 323, columns 480 to 519 of 599]
3.7159094810485839844 4.3242883682250976562 4.0472764968872070312 2.2024824619293212891 2.1972110271453857422 3.0985572338104248047 2.8326320648193359375 2.1200919151306152344 2.2210094928741455078 3.2994961738586425781 3.106700897216796875 3.3395459651947021484 3.6025774478912353516 4.2242689132690429688 4.7866663932800292969 4.6128973960876464844 3.6655347347259521484 2.8326308727264404297 1.9653185606002807617 0.99658614397048950195 0.65598458051681518555 1.6198277473449707031 2.2721333503723144531 1.7192360162734985352 0.69784015417098999023 0.13118901848793029785 1.4014121294021606445 2.3381834030151367188 1.7151174545288085938 1.2277725934982299805 1.5603007078170776367 2.3958499431610107422 3.0657515525817871094 2.3984060287475585938 2.5520596504211425781 1.2920527458190917969 1.0818338394165039062 1.0422608852386474609 1.3977838754653930664 1.9320757389068603516
2.8610587120056152344 4.1043801307678222656 4.0467653274536132812 2.6768019199371337891 1.6254442930221557617 3.2876965999603271484 2.3342585563659667969 2.2535657882690429688 1.9186893701553344727 2.4103875160217285156 2.6154532432556152344 2.1763818264007568359 1.8003293275833129883 2.0371167659759521484 2.0571291446685791016 1.7440769672393798828 2.3412039279937744141 3.378055572509765625 3.9287538528442382812 3.6849088668823242188 3.122936248779296875 1.6223332881927490234 0.15909643471240997314 0.28459969162940979004 1.0538469552993774414 1.6050635576248168945 1.7121479511260986328 1.932600855827331543 1.5007917881011962891 0.99911111593246459961 1.3592336177825927734 1.6702684164047241211 2.8883001804351806641 1.8234994411468505859 2.6116039752960205078 1.7103906869888305664 1.1031399965286254883 1.6510697603225708008 2.7738428115844726562 3.0854771137237548828
3.7675991058349609375 4.0578579902648925781 3.7317714691162109375 4.4147038459777832031 4.6317663192749023438 4.3785533905029296875 2.9627690315246582031 3.0103437900543212891 3.4414896965026855469 3.3347094058990478516 2.7617816925048828125 2.3433549404144287109 2.6479310989379882812 2.8587527275085449219 2.7038719654083251953 2.0953869819641113281 2.0331330299377441406 2.5674557685852050781 3.068225860595703125 2.9286224842071533203 3.5972304344177246094 3.6611325740814208984 3.0222561359405517578 2.7623376846313476562 1.9229019880294799805 0.86438417434692382812 0.4148711860179901123 1.8134824037551879883 2.2721333503723144531 2.4809222221374511719 2.3560597896575927734 1.6946166753768920898 1.1776968240737915039 1.4690876007080078125 2.4692502021789550781 2.5139193534851074219 2.0725600719451904297 1.8179413080215454102 0.95351099967956542969 1.0147237777709960938
3.9269518852233886719 3.8017630577087402344 3.4562747478485107422 4.2753386497497558594 5.2597904205322265625 4.9297161102294921875 3.4090466499328613281 2.6241662502288818359 3.1693644523620605469 3.8068103790283203125 3.6267483234405517578 3.6050913333892822266 4.6889328956604003906 4.9373698234558105469 4.752086639404296875 4.0821709632873535156 2.9291396141052246094 2.8481187820434570312 3.1379454135894775391 3.0457408428192138672 2.3755090236663818359 2.5962431430816650391 2.4114327430725097656 2.6218328475952148438 3.4962453842163085938 3.2185618877410888672 2.2774565219879150391 2.5181276798248291016 1.4649742841720581055 0.98020642995834350586 2.4385497570037841797 3.1987149715423583984 3.1107583045959472656 2.3669850826263427734 1.1524882316589355469 1.3890794515609741211 1.5806145668029785156 0.73254120349884033203 0.22945390641689300537 0.38710114359855651855
3.6427412033081054688 4.1731719970703125 4.3938603401184082031 4.1245036125183105469 3.2015664577484130859 3.0799031257629394531 2.7373301982879638672 2.4780609607696533203 3.4637312889099121094 3.3019459247589111328 2.96771240234375 3.1437332630157470703 3.2907834053039550781 2.9364001750946044922 3.8457453250885009766 4.585147857666015625 3.3005933761596679688 2.0146498680114746094 2.2925214767456054688 3.5688967704772949219 3.2789204120635986328 3.6343975067138671875 3.6378695964813232422 2.8251359462738037109 2.6700005531311035156 3.2180888652801513672 2.8545019626617431641 3.2201280593872070312 3.6908154487609863281 3.8227138519287109375 3.8925986289978027344 2.0346128940582275391 0.50309932231903076172 1.0270955562591552734 1.9924091100692749023 2.5678424835205078125 1.9500654935836791992 0.81807208061218261719 0.2565453946590423584 0.44999626278877258301
5.4774231910705566406 4.1018018722534179688 3.5518751144409179688 4.1132078170776367188 3.9436290264129638672 3.6527016162872314453 4.1323180198669433594 4.673191070556640625 4.9780383110046386719 4.5880112648010253906 4.1972951889038085938 3.3443892002105712891 2.1886658668518066406 1.9417439699172973633 3.0503783226013183594 4.6213068962097167969 4.8354144096374511719 3.1692059040069580078 2.9021108150482177734 3.8875410556793212891 3.8833947181701660156 3.6452414989471435547 3.5552806854248046875 2.9828538894653320312 2.4643461704254150391 2.7690916061401367188 2.7364122867584228516 2.6768052577972412109 2.0835149288177490234 2.5853357315063476562 4.1508646011352539062 4.0535054206848144531 3.783267974853515625 3.3995354175567626953 2.8082437515258789062 0.98020917177200317383 1.0672132968902587891 2.0045721530914306641 2.2567236423492431641 1.7032746076583862305
5.3250880241394042969 3.9087789058685302734 3.4597737789154052734 3.5399010181427001953 3.1009998321533203125 3.4136242866516113281 4.1024074554443359375 4.1720857620239257812 3.0907158851623535156 3.3152549266815185547 4.808746337890625 4.128910064697265625 2.4987773895263671875 2.1932773590087890625 2.5960545539855957031 2.94721221923828125 4.3541536331176757812 3.7404236793518066406 3.4492590427398681641 3.6441109180450439453 2.6395151615142822266 2.0033195018768310547 2.3543486595153808594 2.1642780303955078125 2.3594989776611328125 2.1782307624816894531 1.6910543441772460938 2.6204903125762939453 2.0740244388580322266 2.7225039005279541016 3.7331383228302001953 2.8037550449371337891 2.1532523632049560547 2.7038719654083251953 3.9641888141632080078 4.1527805328369140625 3.1048972606658935547 2.3678390979766845703 2.0679197311401367188 2.3197114467620849609
4.2164826393127441406 4.1526641845703125 4.59668731689453125 4.2871317863464355469 3.9495329856872558594 3.9169149398803710938 3.0277590751647949219 2.4310705661773681641 1.7639783620834350586 1.6101183891296386719 2.5643129348754882812 3.7919304370880126953 3.1088171005249023438 2.3793482780456542969 1.8137613534927368164 1.0836910009384155273 2.4162461757659912109 2.3159935474395751953 2.3618447780609130859 3.3894000053405761719 2.6767940521240234375 2.1331841945648193359 2.5782694816589355469 1.9094350337982177734 1.9735343456268310547 2.6737689971923828125 1.9430550336837768555 2.0767037868499755859 2.5641007423400878906 2.7549977302551269531 3.6255056858062744141 3.5393373966217041016 2.2643020153045654297 1.9220902919769287109 2.3646194934844970703 3.6330056190490722656 4.2070097923278808594 4.4279398918151855469 4.2354717254638671875 4.0684185028076171875
4.0943975448608398438 3.8241510391235351562 4.6256766319274902344 4.7758946418762207031 4.6085209846496582031 4.2522554397583007812 3.2648680210113525391 3.4672222137451171875 3.8703606128692626953 2.23374176025390625 1.8359428644180297852 3.0192315578460693359 3.7630462646484375 3.0364358425140380859 2.3197119235992431641 1.6251316070556640625 1.8982728719711303711 1.3184255361557006836 0.97345697879791259766 2.3225409984588623047 2.7143230438232421875 2.6769933700561523438 3.3809032440185546875 3.1503124237060546875 1.9929243326187133789 2.6404836177825927734 2.8138461112976074219 2.7474582195281982422 3.0503690242767333984 2.3433539867401123047 3.2317399978637695312 3.3809278011322021484 2.0932183265686035156 2.2750153541564941406 2.4298300743103027344 3.149532318115234375 3.1617023944854736328 2.3240694999694824219 1.8020145893096923828 2.0224180221557617188
4.6987199783325195312 5.034152984619140625 4.7009663581848144531 3.3433246612548828125 3.2468616962432861328 3.71331787109375 3.4165780544281005859 3.4495511054992675781 3.6039755344390869141 3.1379313468933105469 3.0442264080047607422 3.0217409133911132812 3.7559235095977783203 3.8241415023803710938 3.5428957939147949219 3.1474287509918212891 2.7189700603485107422 2.3844509124755859375 2.0519590377807617188 1.7980589866638183594 2.2463753223419189453 2.2843420505523681641 2.782230377197265625 3.5670671463012695312 2.4536490440368652344 2.5753235816955566406 3.4718844890594482422 4.0447788238525390625 4.5018711090087890625 4.4657373428344726562 4.65470123291015625 3.7209477424621582031 1.3956296443939208984 1.7221901416778564453 1.1026865243911743164 0.64035147428512573242 1.6251316070556640625 1.4967507123947143555 1.4957401752471923828 1.2998503446578979492
3.7339487075805664062 4.7486891746520996094 4.0389051437377929688 2.9840490818023681641 3.3510353565216064453 3.8114583492279052734 4.6646609306335449219 4.0328907966613769531 3.69846343994140625 4.1416006088256835938 4.6917266845703125 3.8193831443786621094 3.7959010601043701172 3.5128204822540283203 2.8672268390655517578 3.0217478275299072266 2.7936310768127441406 2.6858551502227783203 2.9436204433441162109 1.9409575462341308594 1.3060590028762817383 1.7429064512252807617 1.6547578573226928711 2.1353223323822021484 2.1083803176879882812 1.8814028501510620117 1.701783299446105957 1.5495811700820922852 1.3321799039840698242 2.0659737586975097656 4.4657473564147949219 3.680805206298828125 2.1794056892395019531 2.2434630393981933594 1.7429267168045043945 1.1472314596176147461 1.4317729473114013672 0.58063924312591552734 0.81310194730758666992 0.50311619043350219727
3.9401757717132568359 3.3587033748626708984 2.766719818115234375 2.6648809909820556641 3.2350180149078369141 3.0789341926574707031 3.6957459449768066406 3.5938632488250732422 3.8357455730438232422 3.0799031257629394531 3.0157155990600585938 2.8324496746063232422 2.6358685493469238281 2.1972000598907470703 2.1317596435546875 2.6788828372955322266 2.4569432735443115234 1.7183459997177124023 2.4196119308471679688 2.1353328227996826172 0.98687958717346191406 2.134120941162109375 1.7913050651550292969 1.6223213672637939453 2.1088645458221435547 1.9089092016220092773 1.1879718303680419922 0.28812745213508605957 1.3427640199661254883 2.0401132106781005859 3.7100644111633300781 2.3048443794250488281 1.5534853935241699219 2.0603182315826416016 1.9850380420684814453 1.4635790586471557617 2.0934545993804931641 2.0303936004638671875 1.0971484184265136719 0.58674257993698120117
4.5186352729797363281 3.2884607315063476562 3.2287554740905761719 4.1658902168273925781 3.9401743412017822266 2.4264900684356689453 1.5305212736129760742 2.2015664577484130859 4.1391429901123046875 3.5602443218231201172 2.0353693962097167969 1.8090256452560424805 2.3440065383911132812 2.1286664009094238281 1.9094209671020507812 2.6813352108001708984 2.6557598114013671875 2.1953573226928710938 2.9120123386383056641 2.2155535221099853516 1.3184134960174560547 2.1824080944061279297 1.2128324508666992188 1.7121651172637939453 2.4164774417877197266 2.7358472347259521484 2.1083815097808837891 1.6593307256698608398 1.1811238527297973633 1.523554682731628418 3.0640976428985595703 1.5278662443161010742 0.79738295078277587891 1.6251206398010253906 2.2495400905609130859 0.91114312410354614258 2.4760076999664306641 2.7085363864898681641 1.9665931463241577148 1.1140983104705810547
3.0657618045806884766 3.3381855487823486328 3.7547128200531005859 4.4067029953002929688 3.8321924209594726562 2.7293596267700195312 2.6648874282836914062 2.4045073986053466797 2.5591781139373779297 4.2802929878234863281 3.4426636695861816406 2.8030431270599365234 3.2761671543121337891 2.7352983951568603516 2.3774285316467285156 3.2111759185791015625 2.3336379528045654297 1.7133495807647705078 3.0657618045806884766 2.1824250221252441406 1.7567962408065795898 1.9030534029006958008 0.35574677586555480957 0.83703142404556274414 1.5092198848724365234 2.7691032886505126953 2.6830379962921142578 1.551535487174987793 1.1807137727737426758 2.2280743122100830078 3.1583266258239746094 2.0701165199279785156 0.74485564231872558594 2.2414224147796630859 1.3666592836380004883 2.1400628089904785156 0.9677250981330871582 2.0912654399871826172 1.8751970529556274414 1.5168879032135009766
3.7795116901397705078 3.9961788654327392578 3.3570642471313476562 2.4747989177703857422 2.6040387153625488281 2.8324522972106933594 3.1591360569000244141 2.8672442436218261719 1.9394134283065795898 2.4114398956298828125 2.2549233436584472656 1.8496667146682739258 2.6148989200592041016 2.4921121597290039062 2.4651510715484619141 4.0188336372375488281 3.2017085552215576172 2.0825495719909667969 3.0175759792327880859 2.5968348979949951172 2.0774407386779785156 1.5911469459533691406 1.0388561487197875977 0.72558915615081787109 0.36280366778373718262 1.3536435365676879883 2.8779721260070800781 2.1028599739074707031 0.97138428688049316406 2.0482685565948486328 2.9941926002502441406 2.7621486186981201172 2.3138158321380615234 2.0796256065368652344 1.3872606754302978516 1.2607208490371704102 1.350289463996887207 2.0740315914154052734 0.93581914901733398438 0.92273277044296264648
3.5050606727600097656 2.9187738895416259766 2.1893618106842041016 2.1530153751373291016 2.2499804496765136719 2.2909681797027587891 2.2747855186462402344 2.7456173896789550781 2.5753388404846191406 1.9099692106246948242 2.03835296630859375 2.1642556190490722656 1.6223332881927490234 0.61124783754348754883 1.2826075553894042969 2.8578598499298095703 4.0128030776977539062 2.9203355312347412109 2.1083827018737792969 3.6566975116729736328 3.6882016658782958984 2.6557598114013671875 1.2376259565353393555 0.84723168611526489258 1.0364079475402832031 1.2107445001602172852 2.3774344921112060547 2.2452588081359863281 0.78715288639068603516 1.6970191001892089844 1.3861663341522216797 1.6378459930419921875 2.7703659534454345703 2.5395467281341552734 1.5654898881912231445 0.54465365409851074219 1.9796917438507080078 1.6547578573226928711 0.65597987174987792969 1.1981408596038818359
1.8455699682235717773 2.0063290596008300781 1.2955501079559326172 2.4743642807006835938 2.3950138092041015625 1.778538823127746582 2.4087009429931640625 2.0203871726989746094 2.2235136032104492188 1.9919172525405883789 2.8429651260375976562 2.5197408199310302734 0.76498341560363769531 0.5944378972053527832 1.1081649065017700195 1.2735097408294677734 4.5411434173583984375 3.321949005126953125 1.4426929950714111328 2.7055475711822509766 3.2704241275787353516 2.9643111228942871094 2.2155385017395019531 1.8918540477752685547 1.9924110174179077148 2.4352264404296875 3.1016571521759033203 2.8961799144744873047 1.2408927679061889648 1.3813905715942382812 1.309170842170715332 2.3618502616882324219 3.3121764659881591797 2.8395760059356689453 2.067920684814453125 1.165164947509765625 1.3080028295516967773 1.6304184198379516602 1.7218947410583496094 1.7005898952484130859
2.7676298618316650391 2.7356624603271484375 2.5538303852081298828 2.8451018333435058594 3.8448338508605957031 3.3059363365173339844 1.9924280643463134766 2.008365631103515625 2.8825166225433349609 2.6326098442077636719 2.5197408199310302734 2.1670694351196289062 2.2594051361083984375 2.1532495021820068359 1.7524551153182983398 1.2425222396850585938 4.1712365150451660156 3.7891225814819335938 1.6288597583770751953 1.7553511857986450195 2.0353803634643554688 2.5892214775085449219 2.2594013214111328125 2.2326090335845947266 1.3666695356369018555 1.3427548408508300781 3.0462579727172851562 3.5602481365203857422 2.4774372577667236328 3.4893038272857666016 5.232112884521484375 5.3650712966918945312 4.6207566261291503906 3.1438913345336914062 3.0894024372100830078 1.9604095220565795898 0.24232463538646697998 0.41365793347358703613 1.4842008352279663086 1.735935211181640625
