wildfire/work/fuelmodels/1741/slope.asc
ncols        599
nrows        323
xllcorner    183500.000000000000
yllcorner    475215.000000000000
cellsize     5.000000000000
NODATA_value   -999
[rows 252 to 269 of 323, columns 360 to 399 of 599]
3.2110052108764648438 2.8267307281494140625 2.8154439926147460938 2.9692621231079101562 3.0833518505096435547 2.92950439453125 2.6603193283081054688 2.2153191566467285156 1.6657248735427856445 1.0989918708801269531 0.76628714799880981445 1.5599831342697143555 1.981976628303527832 1.9500629901885986328 2.8068010807037353516 3.822948455810546875 3.5093767642974853516 2.8258554935455322266 2.6999406814575195312 2.9465272426605224609 3.4567074775695800781 3.5141265392303466797 3.1282701492309570312 3.3719277381896972656 3.8625311851501464844 3.7425949573516845703 3.5813446044921875 3.4136295318603515625 3.0222456455230712891 3.8341734409332275391 4.7128567695617675781 4.81293487548828125 3.4363300800323486328 3.5790739059448242188 3.9718453884124755859 3.6609883308410644531 3.1066961288452148438 3.0130352973937988281 3.5128340721130371094 3.4606652259826660156
3.4705743789672851562 3.0192272663116455078 3.4723150730133056641 3.6737926006317138672 4.0512576103210449219 4.4147105216979980469 4.3400020599365234375 4.1822218894958496094 4.0026087760925292969 4.0594735145568847656 4.4864773750305175781 5.1044473648071289062 4.6526303291320800781 3.9534723758697509766 4.1818647384643554688 4.02487945556640625 3.7148001194000244141 3.7971017360687255859 4.1079387664794921875 3.7186188697814941406 3.3720695972442626953 3.5141379833221435547 3.6207611560821533203 3.5513026714324951172 3.1835141181945800781 2.6785039901733398438 2.7871124744415283203 2.7066750526428222656 2.8167099952697753906 3.4477896690368652344 3.9538660049438476562 4.2449975013732910156 3.2745912075042724609 3.1746108531951904297 3.6710543632507324219 2.8451073169708251953 2.4943349361419677734 2.6102368831634521484 3.3862814903259277344 3.5507364273071289062
2.7703838348388671875 2.6849162578582763672 3.3996729850769042969 3.3726649284362792969 3.0617959499359130859 2.2909681797027587891 2.1600515842437744141 2.8877811431884765625 3.4019045829772949219 4.4330849647521972656 5.1111760139465332031 5.4161000251770019531 4.9250912666320800781 4.3074398040771484375 3.5851531028747558594 2.99352264404296875 3.8151674270629882812 4.7884545326232910156 4.7750630378723144531 4.1558423042297363281 4.1955018043518066406 4.4522857666015625 4.0578527450561523438 4.2707152366638183594 3.8034827709197998047 2.7474491596221923828 3.0749652385711669922 4.6380953788757324219 5.1484975814819335938 4.3802905082702636719 4.3798336982727050781 4.6848454475402832031 3.3333270549774169922 3.3019459247589111328 4.5733499526977539062 4.521434783935546875 5.0798964500427246094 5.4603681564331054688 5.7798390388488769531 5.53778839111328125
5.5988430976867675781 5.9572253227233886719 4.87569427490234375 4.4359216690063476562 4.3813323974609375 4.1383142471313476562 4.0258917808532714844 3.8718044757843017578 3.8635718822479248047 4.7367749214172363281 4.9397215843200683594 4.9128003120422363281 4.9009847640991210938 5.9777164459228515625 6.7162337303161621094 6.5826101303100585938 5.9548602104187011719 5.1469326019287109375 5.0520339012145996094 5.7273278236389160156 6.1599545478820800781 5.7297773361206054688 5.2446951866149902344 5.4390969276428222656 6.0672760009765625 6.4511594772338867188 6.7311959266662597656 7.3979315757751464844 7.6503539085388183594 7.8135409355163574219 7.1831698417663574219 6.2873516082763671875 6.0885748863220214844 7.3418216705322265625 8.39579010009765625 7.922763824462890625 7.9321188926696777344 8.1005296707153320312 8.2317495346069335938 8.3858385086059570312
6.15686798095703125 6.2003483772277832031 6.4511752128601074219 6.6871562004089355469 7.280872344970703125 8.3649139404296875 8.2395782470703125 7.7882947921752929688 7.9857563972473144531 7.5913367271423339844 6.9141688346862792969 7.2654209136962890625 7.7584424018859863281 8.24729156494140625 8.8434505462646484375 9.664592742919921875 9.751819610595703125 8.9181661605834960938 9.0258073806762695312 8.9000654220581054688 7.659526824951171875 6.9231014251708984375 7.3215060234069824219 7.6375145912170410156 7.6778492927551269531 8.145977020263671875 8.4421672821044921875 8.0170574188232421875 8.4219655990600585938 10.31148529052734375 11.716528892517089844 11.624620437622070312 11.809754371643066406 13.398085594177246094 13.886737823486328125 12.210825920104980469 9.8727273941040039062 9.00403594970703125 9.7678518295288085938 11.635815620422363281
5.057220458984375 5.6133847236633300781 6.5530099868774414062 7.5309343338012695312 7.8653306961059570312 7.4255361557006835938 6.7827177047729492188 7.5442190170288085938 8.3193883895874023438 8.1427698135375976562 8.0129947662353515625 7.7389569282531738281 7.4352483749389648438 7.7083282470703125 7.6571784019470214844 7.6758108139038085938 8.2560367584228515625 8.669742584228515625 9.3074598312377929688 9.65824127197265625 9.4125814437866210938 8.5273494720458984375 7.6396613121032714844 7.7828760147094726562 8.2127981185913085938 9.0264120101928710938 9.8818597793579101562 10.133577346801757812 11.2261505126953125 11.668498039245605469 12.326043128967285156 13.669531822204589844 15.205739021301269531 16.370115280151367188 15.870760917663574219 15.488817214965820312 15.132258415222167969 14.715860366821289062 15.547651290893554688 16.423137664794921875
9.2208032608032226562 11.100457191467285156 11.516042709350585938 11.810755729675292969 13.5293121337890625 16.72480010986328125 17.019834518432617188 12.971076011657714844 10.142222404479980469 9.9134206771850585938 9.6592245101928710938 8.10057830810546875 7.1646132469177246094 8.116153717041015625 8.8744153976440429688 8.3044404983520507812 8.0615987777709960938 9.0187129974365234375 9.551860809326171875 10.190619468688964844 10.669598579406738281 10.312107086181640625 10.134939193725585938 11.1158599853515625 12.640715599060058594 13.611939430236816406 13.077939033508300781 12.253472328186035156 11.887200355529785156 10.001801490783691406 8.7097234725952148438 10.177293777465820312 13.070506095886230469 14.822461128234863281 15.505300521850585938 17.682554244995117188 20.709371566772460938 22.21893310546875 22.65836334228515625 21.7613372802734375
15.595900535583496094 18.46511077880859375 20.101243972778320312 20.277837753295898438 20.3678131103515625 20.97576141357421875 20.730607986450195312 17.825458526611328125 13.227446556091308594 11.081707000732421875 9.793682098388671875 11.459265708923339844 16.22446441650390625 19.333662033081054688 19.38449859619140625 17.339445114135742188 15.571039199829101562 16.520336151123046875 17.235843658447265625 16.313528060913085938 15.305875778198242188 15.641986846923828125 16.639987945556640625 17.550222396850585938 17.754274368286132812 16.781124114990234375 14.37750244140625 10.85050201416015625 8.1168870925903320312 6.3057017326354980469 6.1516895294189453125 8.0186109542846679688 10.214536666870117188 12.272870063781738281 15.924161911010742188 18.802080154418945312 20.211200714111328125 21.246608734130859375 21.221742630004882812 19.936967849731445312
19.319202423095703125 22.5636749267578125 24.007862091064453125 23.019697189331054688 19.939455032348632812 16.740537643432617188 16.548635482788085938 19.011991500854492188 19.590608596801757812 21.199222564697265625 23.68523406982421875 26.309295654296875 24.625288009643554688 21.723260879516601562 22.694255828857421875 24.577880859375 22.56632232666015625 20.466596603393554688 19.298383712768554688 17.842679977416992188 16.724576950073242188 17.17722320556640625 18.237468719482421875 18.418743133544921875 18.593679428100585938 18.051473617553710938 15.596101760864257812 10.17278289794921875 6.9703021049499511719 6.8048348426818847656 7.0419230461120605469 6.9540109634399414062 9.5423221588134765625 11.703037261962890625 15.977817535400390625 17.350780487060546875 16.550060272216796875 14.657601356506347656 12.979485511779785156 12.148659706115722656
17.296331405639648438 19.999614715576171875 18.99799346923828125 19.981037139892578125 20.07806396484375 19.622167587280273438 19.58238983154296875 20.500667572021484375 23.20660400390625 25.257810592651367188 25.554708480834960938 23.253713607788085938 18.123247146606445312 14.713442802429199219 15.679975509643554688 18.554674148559570312 23.471086502075195312 23.29477691650390625 18.283115386962890625 13.78778839111328125 10.995610237121582031 10.795867919921875 13.233715057373046875 15.949491500854492188 18.954029083251953125 19.105060577392578125 20.003305435180664062 15.9044952392578125 10.905864715576171875 9.0157375335693359375 8.38249969482421875 8.2181720733642578125 10.693475723266601562 13.262103080749511719 17.730001449584960938 14.201601028442382812 9.3735437393188476562 6.333164215087890625 3.4420714378356933594 2.0689182281494140625
11.436608314514160156 14.324046134948730469 12.408733367919921875 14.053463935852050781 17.074306488037109375 16.966583251953125 16.919427871704101562 17.218311309814453125 17.72837066650390625 15.78890228271484375 12.409215927124023438 10.171571731567382812 13.376058578491210938 15.592652320861816406 12.940293312072753906 11.565179824829101562 14.11930084228515625 14.501856803894042969 14.141285896301269531 10.516674041748046875 6.08699798583984375 7.156772613525390625 9.785137176513671875 12.177420616149902344 13.874689102172851562 14.162875175476074219 21.040803909301757812 22.820692062377929688 16.537332534790039062 11.165060997009277344 10.807947158813476562 13.768979072570800781 15.755734443664550781 17.16070556640625 17.00203704833984375 8.3599557876586914062 2.7373301982879638672 3.9269595146179199219 4.6256666183471679688 6.6319050788879394531
8.9741792678833007812 10.9854888916015625 7.8859272003173828125 5.8350496292114257812 4.8861374855041503906 5.7389154434204101562 8.2040262222290039062 8.3651704788208007812 7.1536087989807128906 5.380901336669921875 4.9127931594848632812 5.0292453765869140625 7.3418383598327636719 8.458019256591796875 8.35437774658203125 8.3885822296142578125 3.4864127635955810547 8.7365407943725585938 11.495208740234375 10.027545928955078125 3.0616209506988525391 6.6534810066223144531 7.58182525634765625 9.1050310134887695312 8.158412933349609375 5.9764490127563476562 11.798302650451660156 21.179111480712890625 22.164714813232421875 16.793304443359375 14.646341323852539062 15.339770317077636719 12.065602302551269531 9.7936868667602539062 7.7292966842651367188 6.5836176872253417969 9.9244680404663085938 11.182244300842285156 11.716317176818847656 11.833218574523925781
15.809686660766601562 15.32720184326171875 10.529694557189941406 8.2531728744506835938 7.1522774696350097656 6.1585693359375 6.3141489028930664062 5.9510407447814941406 6.9862880706787109375 7.3354706764221191406 6.53702545166015625 6.42962646484375 7.4440259933471679688 4.4553213119506835938 2.9279513359069824219 3.3102159500122070312 5.8852415084838867188 14.556389808654785156 13.393809318542480469 10.511922836303710938 4.0924067497253417969 7.8252682685852050781 8.6418848037719726562 9.3889598846435546875 7.342021942138671875 4.9969491958618164062 3.4606711864471435547 5.7163243293762207031 15.034846305847167969 15.294413566589355469 10.031264305114746094 3.8967578411102294922 3.8803882598876953125 9.84807586669921875 14.608508110046386719 15.268027305603027344 15.344645500183105469 15.208948135375976562 13.953382492065429688 12.641350746154785156
21.4980010986328125 22.775074005126953125 19.232934951782226562 14.476078987121582031 12.229023933410644531 12.738270759582519531 13.584939002990722656 13.831529617309570312 14.29352569580078125 13.981757164001464844 12.743017196655273438 11.536373138427734375 12.220635414123535156 12.575014114379882812 8.4077606201171875 7.4677157402038574219 12.595828056335449219 18.845163345336914062 13.012619972229003906 8.2763700485229492188 4.8052825927734375 8.4959764480590820312 10.299940109252929688 9.3201427459716796875 7.4930009841918945312 6.8716120719909667969 9.8771638870239257812 12.476671218872070312 10.628918647766113281 8.91083526611328125 6.3496541976928710938 10.87508392333984375 13.535664558410644531 12.380445480346679688 12.573733329772949219 13.40126800537109375 13.491913795471191406 12.234059333801269531 10.554402351379394531 9.3532352447509765625
12.043412208557128906 20.56420135498046875 24.732995986938476562 24.06157684326171875 18.935670852661132812 16.032032012939453125 15.384606361389160156 14.535944938659667969 13.363267898559570312 11.977400779724121094 10.611377716064453125 9.3044004440307617188 10.155412673950195312 13.01355743408203125 12.768271446228027344 14.131632804870605469 15.872471809387207031 16.70679473876953125 9.2130174636840820312 4.3947949409484863281 3.7591505050659179688 8.1317605972290039062 10.810744285583496094 9.0359163284301757812 9.56585693359375 11.100914955139160156 12.970661163330078125 16.365377426147460938 19.038766860961914062 18.272520065307617188 16.507890701293945312 15.767104148864746094 13.107927322387695312 10.484723091125488281 10.083002090454101562 10.809461593627929688 10.108236312866210938 8.5200090408325195312 8.2933492660522460938 8.8763751983642578125
5.4685716629028320312 3.1820852756500244141 12.388722419738769531 19.82085418701171875 20.367620468139648438 16.92877197265625 14.0731658935546875 11.868918418884277344 9.5518865585327148438 7.4568309783935546875 6.6055746078491210938 6.9647049903869628906 8.5694856643676757812 10.14849090576171875 10.629054069519042969 12.815394401550292969 13.950280189514160156 11.898671150207519531 5.9358997344970703125 1.016703486442565918 2.6905527114868164062 6.7588329315185546875 9.5587615966796875 8.8194561004638671875 10.666262626647949219 13.414472579956054688 14.875414848327636719 15.597155570983886719 16.51026153564453125 16.78246307373046875 15.690473556518554688 13.243621826171875 10.013231277465820312 9.037685394287109375 9.348957061767578125 8.5340871810913085938 7.4541277885437011719 6.3224382400512695312 5.5717830657958984375 5.54323577880859375
8.587551116943359375 9.8507537841796875 6.8951196670532226562 2.3133883476257324219 9.9326801300048828125 12.394287109375 11.181130409240722656 8.949932098388671875 7.3580718040466308594 6.6359338760375976562 6.0391888618469238281 6.6736097335815429688 9.0456066131591796875 11.010445594787597656 11.369480133056640625 12.061087608337402344 11.822592735290527344 9.9458789825439453125 5.9302058219909667969 3.6021528244018554688 3.0242493152618408203 5.7080450057983398438 7.9406442642211914062 8.6151170730590820312 10.460180282592773438 12.331881523132324219 13.31268310546875 12.6385040283203125 11.269527435302734375 10.803358078002929688 10.785508155822753906 9.2379131317138671875 7.2742528915405273438 6.168605804443359375 5.5884752273559570312 4.7137074470520019531 4.1106410026550292969 3.1229267120361328125 1.6063476800918579102 1.8684371709823608398
1.9929175376892089844 5.5093259811401367188 8.5113725662231445312 6.4754352569580078125 2.5591711997985839844 1.3714599609375 4.1943922042846679688 5.4197149276733398438 6.6446275711059570312 7.2299709320068359375 6.4230508804321289062 6.3264889717102050781 7.9872541427612304688 10.030077934265136719 10.933365821838378906 10.512514114379882812 8.9935436248779296875 6.4402475357055664062 5.0751309394836425781 5.5418853759765625 5.7228646278381347656 6.9595851898193359375 9.2424526214599609375 10.72662353515625 10.931982994079589844 10.174929618835449219 8.5904741287231445312 7.2135133743286132812 5.4386529922485351562 3.591472625732421875 2.4707009792327880859 1.5377792119979858398 1.5301816463470458984 0.38709911704063415527 0.68097501993179321289 1.2392507791519165039 1.3382315635681152344 1.3592379093170166016 1.0270955562591552734 2.0987632274627685547
