wildfire/work/fuelmodels/1741/slope.asc
ncols        599
nrows        323
xllcorner    183500.000000000000
yllcorner    475215.000000000000
cellsize     5.000000000000
NODATA_value   -999
[rows 18 to 35 of 323, columns 440 to 479 of 599]
1.8706204891204833984 2.2271714210510253906 2.0043318271636962891 1.4388135671615600586 1.7553341388702392578 1.1208616495132446289 2.0842235088348388672 2.3083543777465820312 1.9099808931350708008 2.0033049583435058594 2.1893589496612548828 2.5427310466766357422 4.43412017822265625 3.4589006900787353516 2.1381573677062988281 1.7221671342849731445 1.4003036022186279297 2.3257989883422851562 2.6785085201263427734 4.1497240066528320312 4.0562314987182617188 3.3734192848205566406 2.3901844024658203125 1.7888014316558837891 2.0022861957550048828 0.96982944011688232422 1.408985137939453125 1.9697054624557495117 2.5892164707183837891 1.0948541164398193359 1.5403815507888793945 0.38317015767097473145 0.60789990425109863281 1.6593139171600341797 2.8769176006317138672 1.9624725580215454102 0.76499152183532714844 1.3091543912887573242 2.1114706993103027344 3.5812053680419921875
0.67501139640808105469 0.74011033773422241211 0.70434397459030151367 1.4597699642181396484 1.2392860651016235352 1.4003283977508544922 1.4289548397064208984 2.6179983615875244141 2.0043318271636962891 1.5603224039077758789 2.4360668659210205078 3.4798712730407714844 2.7402682304382324219 1.0422663688659667969 1.6238918304443359375 2.5425515174865722656 2.6849501132965087891 2.2856929302215576172 1.7053703069686889648 2.3541021347045898438 2.2452433109283447266 1.8584035634994506836 2.6648604869842529297 3.1327860355377197266 3.3092799186706542969 0.49392980337142944336 1.6129114627838134766 1.6653952598571777344 2.5764858722686767578 3.1293888092041015625 2.8740923404693603516 2.3381497859954833984 2.4086673259735107422 2.1286385059356689453 1.9878560304641723633 1.6251587867736816406 2.45468902587890625 0.6120789647102355957 4.7774863243103027344 3.7274343967437744141
0.58672410249710083008 1.1524775028228759766 0.98016381263732910156 1.0325314998626708984 0.55660200119018554688 0.99911111593246459961 0.74009984731674194336 2.4045310020446777344 3.4186575412750244141 1.4569921493530273438 1.8918523788452148438 1.6050648689270019531 0.65593987703323364258 0.38315406441688537598 1.6937566995620727539 2.0842761993408203125 2.3133988380432128906 2.3646464347839355469 1.6544364690780639648 1.0305199623107910156 1.6063150167465209961 1.6204360723495483398 1.6424441337585449219 2.2269220352172851562 4.0979642868041992188 1.8716729879379272461 2.4195888042449951172 1.1707911491394042969 1.5088647603988647461 3.5642061233520507812 4.6328458786010742188 3.1758892536163330078 1.8900099992752075195 1.4625647068023681641 0.58672147989273071289 0.32451993227005004883 1.0305401086807250977 3.2251613140106201172 5.3417959213256835938 1.9747791290283203125
2.2781128883361816406 2.0842494964599609375 1.3241792917251586914 0.71784377098083496094 0.77679806947708129883 0.71150851249694824219 0.72564238309860229492 0.29335728287696838379 2.5659155845642089844 1.708901524543762207 2.9914693832397460938 1.4331732988357543945 1.985024571418762207 1.1841307878494262695 1.9676610231399536133 1.7289164066314697266 1.5038346052169799805 1.6934531927108764648 1.735945582389831543 1.7315419912338256836 1.6593065261840820312 1.724536895751953125 1.8665829896926879883 2.5018322467803955078 4.3028736114501953125 4.6771898269653320312 3.4923481941223144531 2.2153191566467285156 1.0883543491363525391 1.7218947410583496094 1.1249530315399169922 2.6639602184295654297 2.3040013313293457031 1.2195307016372680664 1.0799556970596313477 1.6260796785354614258 2.1191720962524414062 3.2476193904876708984 4.0082712173461914062 0.88407444953918457031
0.96928250789642333984 0.44999283552169799805 0.3600063025951385498 0.98839384317398071289 1.4003278017044067383 0.44322171807289123535 0.99863350391387939453 1.2731342315673828125 3.2625665664672851562 1.6608555316925048828 3.6428613662719726562 1.5288389921188354492 1.0672295093536376953 0.53341215848922729492 2.0045936107635498047 2.0221440792083740234 1.9409699440002441406 1.4831614494323730469 1.6681504249572753906 2.1374566555023193359 1.3286981582641601562 1.6078952550888061523 2.3414180278778076172 2.6769893169403076172 2.8326220512390136719 2.8530764579772949219 2.5617339611053466797 2.1353223323822021484 2.4385585784912109375 0.60373544692993164062 2.5753438472747802734 0.95509755611419677734 3.1326181888580322266 3.3504316806793212891 1.7648596763610839844 1.5706969499588012695 2.4164774417877197266 3.7687909603118896484 3.248119354248046875 1.0696309804916381836
1.8510328531265258789 1.4292925596237182617 0.90561687946319580078 0.71509081125259399414 1.2920267581939697266 1.8232537508010864258 1.0766620635986328125 1.9218672513961791992 1.6060068607330322266 3.0463821887969970703 3.90155029296875 1.3245627880096435547 0.80311113595962524414 1.3989118337631225586 1.2885297536849975586 2.2524483203887939453 2.3859312534332275391 1.4896092414855957031 1.7913050651550292969 2.2132964134216308594 3.0951313972473144531 3.3882062435150146484 2.3810446262359619141 1.8795341253280639648 1.2982919216156005859 0.94923853874206542969 0.90051621198654174805 1.1131905317306518555 2.9085452556610107422 4.9373497962951660156 3.9513080120086669922 1.9409697055816650391 1.6799280643463134766 3.4297292232513427734 3.8257510662078857422 3.3493750095367431641 2.9934954643249511719 3.1863703727722167969 1.9302723407745361328 1.32416534423828125
1.4666616916656494141 2.435214996337890625 1.4014363288879394531 1.2731342315673828125 0.98840719461441040039 3.0299382209777832031 2.4937176704406738281 2.3609743118286132812 1.9417608976364135742 3.4992949962615966797 3.5466101169586181641 2.3138005733489990234 1.3118559122085571289 1.2281867265701293945 0.66210156679153442383 2.4661812782287597656 3.1092908382415771484 1.5671025514602661133 0.61122316122055053711 0.66211557388305664062 2.0224106311798095703 1.622633814811706543 1.6620844602584838867 2.1654727458953857422 1.8838382959365844727 2.0166618824005126953 1.4321143627166748047 0.53337448835372924805 1.7748262882232666016 2.2863287925720214844 3.0071456432342529297 2.0251445770263671875 1.5275218486785888672 1.2380285263061523438 2.5058462619781494141 3.1048781871795654297 2.6047770977020263672 2.1670706272125244141 1.4967254400253295898 1.1836731433868408203
1.0989785194396972656 2.3541171550750732422 0.22947072982788085938 1.622349858283996582 1.2178567647933959961 3.1073598861694335938 3.7876391410827636719 2.5251815319061279297 4.4420809745788574219 3.1089866161346435547 0.51011687517166137695 1.5538176298141479492 0.52479177713394165039 0.78004789352416992188 1.6310117244720458984 3.7591283321380615234 3.6606955528259277344 2.2843511104583740234 1.8551272153854370117 1.5824999809265136719 0.62513643503189086914 1.1099816560745239258 0.66894090175628662109 1.7785625457763671875 1.6847399473190307617 1.9766204357147216797 1.9352433681488037109 0.85498529672622680664 1.9931807518005371094 1.4800986051559448242 1.4957356452941894531 0.70647907257080078125 1.0823018550872802734 0.6559893488883972168 0.20375522971153259277 0.55658948421478271484 0.67500793933868408203 0.92657184600830078125 1.359226226806640625 0.7448628544807434082
2.067958831787109375 2.2155585289001464844 0.16228428483009338379 1.307994842529296875 0.96772432327270507812 1.9347203969955444336 2.5464861392974853516 2.8545076847076416016 4.2915768623352050781 1.8234741687774658203 1.1772559881210327148 2.0063457489013671875 1.3424291610717773438 0.57628113031387329102 2.2452344894409179688 3.2692058086395263672 2.5753388404846191406 1.5285390615463256836 1.3618426322937011719 1.1533846855163574219 0.78586417436599731445 0.42451661825180053711 0.71147805452346801758 1.4405955076217651367 0.85673594474792480469 1.3977780342102050781 1.3740774393081665039 1.9030705690383911133 2.0659875869750976562 1.2355915307998657227 1.4032322168350219727 0.52478581666946411133 1.2535026073455810547 0.82973778247833251953 1.1956154108047485352 1.3898197412490844727 1.8235249519348144531 2.40535736083984375 2.9279634952545166016 2.1222581863403320312
1.6326153278350830078 2.13793182373046875 0.70647907257080078125 0.22504760324954986572 0.92278426885604858398 0.64034610986709594727 1.5088759660720825195 3.3894011974334716797 3.6606955528259277344 1.3872338533401489258 1.0186812877655029297 1.5248483419418334961 1.8627108335494995117 1.8781517744064331055 3.421009063720703125 2.3086085319519042969 1.3118571043014526367 2.0133755207061767578 1.4909950494766235352 1.5901670455932617188 0.57360768318176269531 0.45560741424560546875 0.98994839191436767578 1.898797154426574707 0.59441453218460083008 0.99911111593246459961 0.57629722356796264648 0.35575437545776367188 0.5179983973503112793 0.95455348491668701172 1.083703160285949707 1.420411229133605957 1.0186873674392700195 0.41486647725105285645 0.9991257786750793457 2.4154369831085205078 2.8869116306304931641 2.87778472900390625 2.6456482410430908203 1.7639901638031005859
2.9436349868774414062 2.2452678680419921875 0.75900304317474365234 1.6129460334777832031 1.1529349088668823242 1.140575408935546875 2.8236937522888183594 4.1040191650390625 3.2017378807067871094 2.4503693580627441406 1.6669546365737915039 0.70291107892990112305 1.7785179615020751953 3.4143538475036621094 3.2838654518127441406 1.2007060050964355469 0.38841718435287475586 1.6226110458374023438 0.57274973392486572266 0.58497673273086547852 0.75633871555328369141 0.36280900239944458008 1.8730567693710327148 1.5716340541839599609 0.13499440252780914307 0.92273235321044921875 0.67500793933868408203 0.58672410249710083008 0.56386142969131469727 1.4405798912048339844 0.4867058098316192627 1.1776795387268066406 0.46980136632919311523 0.49807319045066833496 0.9884408116340637207 2.4104051589965820312 0.89148974418640136719 1.2671064138412475586 1.4625478982925415039 1.8212769031524658203
1.6129522323608398438 1.2671253681182861328 1.9766204357147216797 1.4317995309829711914 2.3040032386779785156 1.9843043088912963867 2.9405431747436523438 3.0329422950744628906 1.9115290641784667969 1.7192418575286865234 2.589244842529296875 2.3927454948425292969 3.1860871315002441406 2.3405625820159912109 1.6378232240676879883 1.42606353759765625 1.5805897712707519531 1.3183997869491577148 0.644287109375 0.51305353641510009766 0.54465365409851074219 1.5125838518142700195 1.5959217548370361328 0.90109723806381225586 0.11473891884088516235 0.77678608894348144531 0.92654848098754882812 0.91833907365798950195 1.1031197309494018555 1.3199297189712524414 0.67647480964660644531 0.47727319598197937012 0.74008834362030029297 1.2534483671188354492 1.97662353515625 2.3646547794342041016 1.5822036266326904297 2.5960347652435302734 2.3708341121673583984 2.2235136032104492188
1.7315647602081298828 1.424692988395690918 0.72698372602462768555 1.435665130615234375 2.0747678279876708984 2.4279587268829345703 2.8424334526062011719 2.1057348251342773438 0.46329149603843688965 0.6178436279296875 1.6154330968856811523 2.7456262111663818359 2.3440029621124267578 1.1529349088668823242 0.58669775724411010742 0.83276522159576416016 0.92326849699020385742 0.63957524299621582031 1.0388642549514770508 0.66441667079925537109 0.75633871555328369141 2.626491546630859375 1.7830764055252075195 0.90049558877944946289 0.50909882783889770508 0.25453931093215942383 0.6559575200080871582 0.32761925458908081055 0.46977996826171875 1.1329914331436157227 0.93635600805282592773 1.0146974325180053711 1.2115978002548217773 3.6076290607452392578 3.7837986946105957031 2.1858747005462646484 2.3714382648468017578 2.9403209686279296875 2.07402801513671875 2.0326437950134277344
2.1179518699645996094 1.6910692453384399414 1.5908110141754150391 2.2008948326110839844 1.412919163703918457 2.2015736103057861328 2.55223846435546875 0.94926702976226806641 0.87372076511383056641 1.5301939249038696289 1.2502471208572387695 1.7379518747329711914 2.2969121932983398438 2.5641176700592041016 2.0934929847717285156 0.18553331494331359863 0.16226048767566680908 1.4031915664672851562 0.8537762761116027832 0.74008834362030029297 0.40748941898345947266 2.3299670219421386719 1.2806165218353271484 0.30190181732177734375 0.51308363676071166992 0.30016297101974487305 0.47302922606468200684 0.74485665559768676758 0.47304555773735046387 1.6507520675659179688 1.3199467658996582031 1.7997771501541137695 3.0855040550231933594 3.6615571975708007812 1.6766436100006103516 1.6363005638122558594 0.86557382345199584961 2.962421417236328125 1.158211827278137207 1.1956360340118408203
0.2933546602725982666 1.1045211553573608398 2.3221216201782226562 1.0152115821838378906 0.71789652109146118164 2.156982421875 0.81560409069061279297 1.0836960077285766602 2.2278308868408203125 1.922908782958984375 1.1529562473297119141 1.8942543268203735352 1.6934531927108764648 1.7394356727600097656 2.546703338623046875 1.7525029182434082031 0.74892592430114746094 1.0324842929840087891 1.8257135152816772461 0.75631624460220336914 1.5357940196990966797 2.6965823173522949219 1.9697054624557495117 0.27370858192443847656 0.44202515482902526855 0.54090005159378051758 0.92496168613433837891 1.5115646123886108398 2.1600515842437744141 2.1400694847106933594 1.3378678560256958008 1.4133020639419555664 2.0066020488739013672 1.8714432716369628906 1.5007892847061157227 0.74285471439361572266 1.1370297670364379883 1.9123241901397705078 1.8918555974960327148 1.3172805309295654297
1.543337702751159668 1.5357940196990966797 2.4890308380126953125 1.4649863243103027344 0.82729285955429077148 3.1055567264556884766 1.0576968193054199219 0.77679210901260375977 1.7472469806671142578 1.3427487611770629883 0.88635045289993286133 1.1529349088668823242 1.2510482072830200195 0.88752281665802001953 1.3956085443496704102 1.3696222305297851562 2.0133962631225585938 2.4969449043273925781 2.0603418350219726562 1.7405923604965209961 1.1529610157012939453 2.8397536277770996094 2.2326142787933349609 0.17134621739387512207 0.48152303695678710938 0.655208587646484375 1.1370446681976318359 0.86847817897796630859 0.28812879323959350586 0.67425036430358886719 1.708901524543762207 1.4597853422164916992 0.77421194314956665039 1.6129522323608398438 1.9142042398452758789 1.1131697893142700195 2.2353098392486572266 2.2244234085083007812 1.7614042758941650391 1.7253974676132202148
2.6195032596588134766 2.4185671806335449219 4.4006237983703613281 1.2128566503524780273 2.3301639556884765625 2.9926729202270507812 0.40748941898345947266 0.12728205323219299316 1.6943134069442749023 2.1222374439239501953 1.3784371614456176758 0.17139129340648651123 1.8706184625625610352 1.0181893110275268555 1.0519148111343383789 1.4649610519409179688 1.622349858283996582 4.3405890464782714844 1.5278766155242919922 1.7227697372436523438 2.3197224140167236328 1.2979096174240112305 2.3170809745788574219 1.3172318935394287109 1.5354506969451904297 1.9155013561248779297 1.7245261669158935547 0.99661397933959960938 1.1494427919387817383 2.0221440792083740234 3.1050541400909423828 2.0363461971282958984 2.9473788738250732422 3.4401524066925048828 2.1203305721282958984 1.2178148031234741211 0.89658492803573608398 0.91614669561386108398 1.630419611930847168 1.9929139614105224609
3.3876259326934814453 1.8532253503799438477 4.4900913238525390625 0.65517556667327880859 2.2398486137390136719 0.48466485738754272461 2.2905352115631103516 1.9840140342712402344 2.8354778289794921875 2.7667126655578613281 2.4227464199066162109 0.43278533220291137695 2.4528295993804931641 0.70073860883712768555 0.89147508144378662109 1.1669036149978637695 3.1490535736083984375 4.3439664840698242188 0.36280050873756408691 0.95455348491668701172 0.41489070653915405273 0.73253226280212402344 1.3970788717269897461 1.1026697158813476562 1.4913288354873657227 1.5088658332824707031 1.9919226169586181641 3.0259318351745605469 4.0193433761596679688 4.2875804901123046875 2.7740154266357421875 1.473927617073059082 2.2643210887908935547 1.5908110141754150391 0.85674673318862915039 0.30019640922546386719 0.54095858335494995117 1.3382352590560913086 1.5911185741424560547 0.87371903657913208008
