wildfire/work/fuelmodels/1741/slope.asc
ncols        599
nrows        323
xllcorner    183500.000000000000
yllcorner    475215.000000000000
cellsize     5.000000000000
NODATA_value   -999
[rows 72 to 89 of 323, columns 520 to 559 of 599]
3.1495571136474609375 1.2290185689926147461 1.4032046794891357422 0.73804843425750732422 2.8396036624908447266 3.1908075809478759766 2.3221375942230224609 1.9017316102981567383 1.9207789897918701172 2.9362392425537109375 3.4421062469482421875 2.9472222328186035156 2.5410981178283691406 1.9719753265380859375 1.1370141506195068359 0.86557382345199584961 1.9518723487854003906 1.8714234828948974609 1.8365163803100585938 1.5008505582809448242 2.4749841690063476562 4.9760346412658691406 4.4806423187255859375 2.8953084945678710938 1.3948601484298706055 4.0278687477111816406 4.0043854713439941406 4.4583706855773925781 5.5780234336853027344 5.6906409263610839844 3.7331256866455078125 3.4845156669616699219 3.3786499500274658203 5.9582362174987792969 6.6750340461730957031 4.7260022163391113281 4.9230217933654785156 4.6448264122009277344 3.737201690673828125 5.0227169990539550781
1.9789475202560424805 1.3153702020645141602 2.0386147499084472656 2.7676417827606201172 3.3420002460479736328 3.2281332015991210938 3.0946495532989501953 3.4143536090850830078 3.8855783939361572266 3.5131168365478515625 2.6133356094360351562 2.0425593852996826172 1.5901815891265869141 2.0659596920013427734 2.6148509979248046875 1.8223671913146972656 1.491302490234375 1.3091762065887451172 1.9368298053741455078 1.0837144851684570312 2.6881361007690429688 4.268253326416015625 4.5374608039855957031 3.8641154766082763672 2.5607688426971435547 3.4875402450561523438 0.86848437786102294922 5.4043493270874023438 6.5144619941711425781 5.6903753280639648438 4.0974836349487304688 3.7262368202209472656 3.7415170669555664062 5.6390709877014160156 4.9715828895568847656 4.1275577545166015625 5.1041250228881835938 4.4694533348083496094 3.4210393428802490234 4.3035936355590820312
1.1356834173202514648 1.6204860210418701172 2.7716627120971679688 3.1953966617584228516 2.8296172618865966797 3.6969430446624755859 3.5760960578918457031 3.4916145801544189453 3.6747634410858154297 2.9465441703796386719 2.6301195621490478516 2.9906399250030517578 3.178287506103515625 2.7189900875091552734 3.0284161567687988281 2.5424971580505371094 1.8835585117340087891 2.6775848865509033203 3.7332775592803955078 3.8730967044830322266 4.6413898468017578125 5.1189546585083007812 6.9646735191345214844 7.9303526878356933594 6.8792204856872558594 6.2500271797180175781 4.8456888198852539062 7.4607830047607421875 5.5909276008605957031 4.5782175064086914062 3.0184044837951660156 2.1605305671691894531 3.0299232006072998047 4.2645807266235351562 4.4294567108154296875 6.3319659233093261719 6.2429990768432617188 4.7419791221618652344 5.0248484611511230469 4.4512581825256347656
1.5671508312225341797 3.2188956737518310547 3.6770799160003662109 3.3636453151702880859 3.7295968532562255859 4.2806315422058105469 3.1528789997100830078 2.67889404296875 2.9076797962188720703 3.2162096500396728516 4.0313820838928222656 3.7993614673614501953 3.6522774696350097656 2.9593751430511474609 2.7740297317504882812 1.8315509557723999023 1.8020498752593994141 2.3258218765258789062 2.1763966083526611328 1.5716212987899780273 3.5734567642211914062 3.8114695549011230469 3.9804847240447998047 5.4578881263732910156 7.7677369117736816406 8.4506769180297851562 8.4848947525024414062 8.5423212051391601562 6.4502582550048828125 4.9931159019470214844 3.191608428955078125 2.0571331977844238281 2.9320585727691650391 4.6420040130615234375 5.8775949478149414062 7.3769378662109375 5.62200164794921875 5.1657052040100097656 5.4671320915222167969 3.9113652706146240234
5.2149481773376464844 4.9857244491577148438 4.523319244384765625 4.1842846870422363281 4.3674874305725097656 4.4962625503540039062 3.4254212379455566406 3.7736155986785888672 4.4420342445373535156 4.3503179550170898438 4.000331878662109375 3.2015607357025146484 3.1127066612243652344 3.2314217090606689453 4.16446685791015625 3.7795090675354003906 3.3736848831176757812 2.6633410453796386719 2.3560786247253417969 1.96532440185546875 2.8545312881469726562 3.5621194839477539062 4.4800677299499511719 4.9336781501770019531 7.1100454330444335938 8.0426883697509765625 7.2327413558959960938 5.8834247589111328125 3.7584781646728515625 3.9976856708526611328 4.85736083984375 4.4707016944885253906 4.0415053367614746094 5.9277491569519042969 6.0504412651062011719 6.8492884635925292969 5.2006916999816894531 4.5117025375366210938 3.3286392688751220703 2.8073337078094482422
5.7664723396301269531 4.7521662712097167969 5.2906098365783691406 4.4586124420166015625 4.0472764968872070312 5.2052659988403320312 4.7652182579040527344 5.4578671455383300781 5.1864438056945800781 3.7704329490661621094 3.1040883064270019531 3.4679486751556396484 3.1474256515502929688 2.7085337638854980469 3.5001513957977294922 3.4730536937713623047 2.4279253482818603516 1.984254002571105957 2.8658113479614257812 3.4618172645568847656 4.2154355049133300781 5.4856362342834472656 6.6251811981201171875 6.2968401908874511719 6.6389527320861816406 7.7542352676391601562 6.6980304718017578125 4.1697745323181152344 2.0291552543640136719 3.0442526340484619141 3.0631163120269775391 3.9485003948211669922 5.3471789360046386719 6.1950731277465820312 5.4723629951477050781 6.5768671035766601562 4.6832180023193359375 3.8457405567169189453 3.4811773300170898438 4.3176112174987792969
5.1710238456726074219 4.7674112319946289062 5.6011486053466796875 4.4406900405883789062 4.7069616317749023438 5.7220616340637207031 4.6547026634216308594 4.2236609458923339844 3.8352591991424560547 3.2224893569946289062 2.9963636398315429688 3.4496898651123046875 3.4143812656402587891 2.1682274341583251953 1.6556553840637207031 2.0294389724731445312 1.6572328805923461914 1.3536700010299682617 2.9156477451324462891 3.5949580669403076172 3.7908108234405517578 4.6351256370544433594 4.2682332992553710938 4.3112931251525878906 4.7085666656494140625 5.1637544631958007812 4.6351556777954101562 3.4373745918273925781 3.3995356559753417969 3.1812758445739746094 1.8910458087921142578 1.9518644809722900391 4.423503875732421875 4.7686095237731933594 5.4994235038757324219 6.8860707283020019531 4.8740668296813964844 4.8687648773193359375 5.2308626174926757812 5.2753958702087402344
5.4471883773803710938 4.8068709373474121094 4.1730585098266601562 3.1897215843200683594 4.1158094406127929688 4.4515986442565917969 3.0103323459625244141 3.0103316307067871094 2.5784828662872314453 2.3996589183807373047 3.4636006355285644531 4.3246335983276367188 4.4340963363647460938 4.0046234130859375 2.9076559543609619141 2.5464861392974853516 2.5016069412231445312 1.9220852851867675781 3.7196736335754394531 3.6026794910430908203 2.5450959205627441406 3.0397546291351318359 3.0036134719848632812 3.1860475540161132812 3.6127839088439941406 4.3420939445495605469 5.1159772872924804688 4.1537570953369140625 3.2838480472564697266 2.5197494029998779297 2.5229439735412597656 3.7891097068786621094 4.41939544677734375 4.580837249755859375 5.7933945655822753906 6.6021542549133300781 4.8662776947021484375 4.810710906982421875 4.8653688430786132812 4.8620438575744628906
3.6009104251861572266 4.8156685829162597656 4.5908675193786621094 3.8797326087951660156 4.0664224624633789062 2.8566250801086425781 1.4490008354187011719 2.9460110664367675781 2.2774732112884521484 1.8773784637451171875 2.3644237518310546875 3.2944486141204833984 3.8740000724792480469 4.3399968147277832031 4.474308013916015625 3.8320660591125488281 3.3079252243041992188 2.626461029052734375 4.6571917533874511719 3.3882298469543457031 3.8115015029907226562 5.1464667320251464844 5.3164777755737304688 5.0604333877563476562 4.1934652328491210938 3.7563478946685791016 5.5570220947265625 7.0973029136657714844 5.8963308334350585938 4.2070431709289550781 4.4047708511352539062 4.0112977027893066406 4.0509009361267089844 5.303577423095703125 5.7830476760864257812 5.8443002700805664062 4.6464676856994628906 4.2460765838623046875 3.9950420856475830078 4.7964091300964355469
2.4445447921752929688 3.8542635440826416016 4.8935580253601074219 4.5534605979919433594 3.6738016605377197266 1.8781809806823730469 0.8406499028205871582 3.2287452220916748047 4.0752282142639160156 4.3659625053405761719 3.8014931678771972656 3.545627593994140625 3.9559330940246582031 2.6909229755401611328 2.5768883228302001953 3.1782970428466796875 2.93968963623046875 2.5480933189392089844 5.1044554710388183594 3.7311284542083740234 4.4965157508850097656 4.8703174591064453125 4.1822218894958496094 4.0467777252197265625 4.0258936882019042969 3.3612887859344482422 4.10106658935546875 5.2764134407043457031 6.1992630958557128906 6.1001076698303222656 7.0230298042297363281 6.1873331069946289062 6.4720478057861328125 7.4271655082702636719 7.0113124847412109375 7.1154103279113769531 6.5449395179748535156 6.08747100830078125 6.2579712867736816406 6.6194543838500976562
2.1654343605041503906 3.5084977149963378906 3.369670867919921875 2.6758780479431152344 1.5008119344711303711 0.95507413148880004883 1.3592143058776855469 3.6345171928405761719 5.2898569107055664062 3.7381441593170166016 2.3749032020568847656 3.2192060947418212891 5.5355210304260253906 4.5147275924682617188 2.6873497962951660156 3.4136242866516113281 2.2278549671173095703 2.462688446044921875 4.6728954315185546875 3.0103619098663330078 4.0879778861999511719 4.7575898170471191406 3.3786721229553222656 3.8936457633972167969 5.52866363525390625 5.7171196937561035156 4.2462034225463867188 2.7201049327850341797 3.3292384147644042969 4.9780316352844238281 5.1065163612365722656 5.1493086814880371094 6.8940424919128417969 7.5795550346374511719 8.0035419464111328125 9.2414426803588867188 7.7106614112854003906 6.9018654823303222656 7.3961744308471679688 6.1725549697875976562
1.8773541450500488281 3.8257186412811279297 2.4346170425415039062 2.2907507419586181641 1.354785919189453125 1.2115945816040039062 2.4246344566345214844 3.3397040367126464844 4.1323289871215820312 3.5670790672302246094 1.7570935487747192383 2.8450908660888671875 4.8554019927978515625 6.0579996109008789062 4.2934699058532714844 4.146083831787109375 2.7485685348510742188 2.7863981723785400391 3.4701592922210693359 4.2102565765380859375 5.4670834541320800781 4.9321379661560058594 3.2876703739166259766 3.9972851276397705078 5.3111567497253417969 5.859340667724609375 6.002323150634765625 5.9498429298400878906 4.8112339973449707031 5.1296634674072265625 4.5633358955383300781 4.8295927047729492188 6.1643652915954589844 6.5826182365417480469 8.3547830581665039062 8.1751890182495117188 4.5431499481201171875 4.0703024864196777344 5.4723868370056152344 3.7408285140991210938
2.7326989173889160156 4.0951356887817382812 3.437229156494140625 2.771999359130859375 2.8906149864196777344 1.5085630416870117188 4.8255286216735839844 3.3726873397827148438 2.2934024333953857422 4.6987099647521972656 3.3565995693206787109 1.8411591053009033203 2.6661915779113769531 4.7657580375671386719 4.7157588005065917969 4.5939488410949707031 3.5811839103698730469 1.7944151163101196289 3.6873912811279296875 6.2990942001342773438 6.0193271636962890625 3.5987744331359863281 2.9492464065551757812 2.9396369457244873047 1.8918361663818359375 3.6814622879028320312 6.5082602500915527344 8.5980157852172851562 8.43521881103515625 7.3299455642700195312 7.1759095191955566406 9.7033033370971679688 10.202098846435546875 9.3964128494262695312 9.8517313003540039062 7.0070047378540039062 4.83049774169921875 4.6948657035827636719 6.7374067306518554688 4.96149444580078125
3.3520977497100830078 5.1492891311645507812 3.6673254966735839844 3.3200986385345458984 3.6805346012115478516 4.1628727912902832031 5.7516460418701171875 3.8503277301788330078 3.8584434986114501953 6.2371411323547363281 4.260799407958984375 2.4528305530548095703 3.0772719383239746094 4.3563814163208007812 4.9297099113464355469 4.4941582679748535156 3.6902737617492675781 2.7949163913726806641 5.7957520484924316406 6.615447998046875 4.9809889793395996094 3.0912103652954101562 2.8317418098449707031 2.3347189426422119141 2.8937225341796875 5.6011486053466796875 5.2073945999145507812 6.30869293212890625 8.1302242279052734375 9.1339931488037109375 9.1704282760620117188 9.493625640869140625 9.2348880767822265625 8.8569993972778320312 7.6459460258483886719 5.4804201126098632812 5.2913045883178710938 5.7768096923828125 6.6431307792663574219 4.659465789794921875
6.6672072410583496094 6.9431085586547851562 4.3699259757995605469 4.6711449623107910156 5.0485291481018066406 2.5741441249847412109 3.7133448123931884766 4.5851287841796875 6.71175384521484375 6.5945234298706054688 4.6827778816223144531 4.0924067497253417969 4.4841108322143554688 4.3991327285766601562 4.5150628089904785156 4.5783467292785644531 4.0395412445068359375 4.8153400421142578125 6.7944593429565429688 6.1641073226928710938 5.3403048515319824219 4.1982426643371582031 5.1189432144165039062 5.8454341888427734375 6.8899779319763183594 7.348606109619140625 5.6840252876281738281 5.9558916091918945312 6.6894688606262207031 8.0227098464965820312 9.1232471466064453125 7.2779526710510253906 6.3351297378540039062 5.2451491355895996094 4.7259950637817382812 4.0158357620239257812 2.9015834331512451172 3.9620327949523925781 4.357746124267578125 2.5419275760650634766
8.5270452499389648438 6.6696200370788574219 5.0172977447509765625 4.1263232231140136719 4.268230438232421875 3.0083391666412353516 4.4602942466735839844 5.9882993698120117188 5.0846638679504394531 3.4102001190185546875 3.6684134006500244141 3.8404889106750488281 5.1766018867492675781 5.5956530570983886719 5.3667244911193847656 4.5043239593505859375 3.3205733299255371094 4.2490234375 5.2546782493591308594 5.2265148162841796875 4.5200901031494140625 4.16477203369140625 5.8251852989196777344 5.1469225883483886719 3.8979189395904541016 4.2611541748046875 4.7711663246154785156 6.1445031166076660156 5.9315629005432128906 5.1469316482543945312 4.5324606895446777344 5.2574710845947265625 6.1489968299865722656 5.0889992713928222656 5.4862375259399414062 5.2025408744812011719 4.8720722198486328125 6.3588471412658691406 4.7265486717224121094 1.9367951154708862305
5.9557700157165527344 5.0845279693603515625 5.4957704544067382812 4.6915159225463867188 4.7069554328918457031 6.8940033912658691406 6.7526154518127441406 5.2447137832641601562 4.7477364540100097656 3.5581064224243164062 4.8135685920715332031 4.1336789131164550781 4.2759304046630859375 5.5874881744384765625 6.9759202003479003906 5.5243778228759765625 3.2736773490905761719 3.2256174087524414062 4.6066632270812988281 4.1954803466796875 2.9779384136199951172 4.1459660530090332031 4.2351202964782714844 2.8008568286895751953 2.6461954116821289062 3.4442796707153320312 3.8879106044769287109 3.2636251449584960938 3.8457677364349365234 3.8969147205352783203 3.8118836879730224609 4.8935937881469726562 5.6576433181762695312 5.1457810401916503906 5.071186065673828125 4.7759113311767578125 5.8840456008911132812 7.0001821517944335938 5.6956019401550292969 4.962612152099609375
4.8904943466186523438 4.8794307708740234375 6.2613010406494140625 7.1892561912536621094 5.887264251708984375 6.2393779754638671875 5.9898347854614257812 6.8116593360900878906 6.879810333251953125 5.1086778640747070312 4.213603973388671875 2.6677136421203613281 2.4464249610900878906 4.0975069999694824219 6.1490206718444824219 5.9429960250854492188 3.921161651611328125 3.5501568317413330078 4.1414599418640136719 4.3281245231628417969 3.9128208160400390625 4.5571274757385253906 5.0961523056030273438 4.9450244903564453125 4.74869537353515625 4.5257849693298339844 3.9133989810943603516 3.7000946998596191406 4.0578365325927734375 4.348003387451171875 4.6499280929565429688 5.0962271690368652344 3.9936237335205078125 2.9472343921661376953 4.4702634811401367188 4.2242484092712402344 3.487583160400390625 4.5397167205810546875 5.5508637428283691406 7.3433933258056640625
