wildfire/work/fuelmodels/1977/ahn1.asc
ncols        455
nrows        378
xllcorner    195425.000000000000
yllcorner    450100.000000000000
cellsize     5.000000000000
NODATA_value   -999
[rows 304 to 322 of 378, columns 294 to 335 of 455]
102.220001220703125 102.3000030517578125 102.339996337890625 102.37999725341796875 102.339996337890625 102.470001220703125 102.5 102.3300018310546875 102.37999725341796875 102.37000274658203125 102.4499969482421875 102.56999969482421875 102.76999664306640625 102.70999908447265625 102.48000335693359375 102.410003662109375 102.55999755859375 102.470001220703125 102.3000030517578125 102.45999908447265625 102.3899993896484375 102.3600006103515625 102.4499969482421875 102.660003662109375 102.910003662109375 103.01000213623046875 103.160003662109375 103.220001220703125 103.09999847412109375 103.19000244140625 103 102.95999908447265625 102.40000152587890625 102.220001220703125 102.01999664306640625 101.70999908447265625 101.5 101.339996337890625 101.20999908447265625 101.089996337890625 100.90000152587890625 100.6100006103515625
102.529998779296875 102.470001220703125 102.51999664306640625 102.69000244140625 102.59999847412109375 102.6100006103515625 102.43000030517578125 102.48999786376953125 102.51000213623046875 102.76999664306640625 102.80999755859375 102.8000030517578125 102.839996337890625 102.660003662109375 102.5 102.48000335693359375 102.529998779296875 102.48000335693359375 102.339996337890625 102.5500030517578125 102.5500030517578125 102.69000244140625 102.589996337890625 102.55999755859375 102.73999786376953125 102.81999969482421875 102.8600006103515625 102.79000091552734375 103.12000274658203125 103.04000091552734375 102.839996337890625 102.62999725341796875 102.40000152587890625 102.19000244140625 101.90000152587890625 101.70999908447265625 101.65000152587890625 101.23999786376953125 101.089996337890625 101.04000091552734375 100.93000030517578125 100.6100006103515625
102.62999725341796875 102.6699981689453125 102.73000335693359375 102.76999664306640625 102.95999908447265625 102.55999755859375 102.59999847412109375 102.84999847412109375 103.15000152587890625 102.84999847412109375 102.76999664306640625 102.9199981689453125 102.70999908447265625 102.68000030517578125 102.81999969482421875 102.839996337890625 102.62000274658203125 102.720001220703125 102.73000335693359375 102.51000213623046875 102.6399993896484375 102.69000244140625 102.73999786376953125 102.73999786376953125 102.660003662109375 102.660003662109375 102.73999786376953125 102.720001220703125 102.81999969482421875 102.76000213623046875 102.6100006103515625 102.26999664306640625 102.1699981689453125 102.0800018310546875 101.75 101.589996337890625 101.529998779296875 101.279998779296875 100.98000335693359375 101.09999847412109375 100.76000213623046875 100.529998779296875
102.6699981689453125 102.720001220703125 102.73999786376953125 102.62999725341796875 102.5800018310546875 102.6399993896484375 102.720001220703125 103.09999847412109375 103.55999755859375 102.98999786376953125 102.87000274658203125 102.910003662109375 102.79000091552734375 102.84999847412109375 102.910003662109375 102.660003662109375 102.75 102.73999786376953125 102.76000213623046875 102.75 102.62999725341796875 102.62000274658203125 102.68000030517578125 102.6399993896484375 102.8300018310546875 102.62000274658203125 102.529998779296875 102.54000091552734375 102.81999969482421875 102.76000213623046875 102.410003662109375 102.160003662109375 102.34999847412109375 101.970001220703125 101.6399993896484375 101.55999755859375 101.470001220703125 101 101.1999969482421875 100.79000091552734375 100.79000091552734375 100.4499969482421875
102.8000030517578125 102.839996337890625 102.76000213623046875 102.720001220703125 102.6699981689453125 102.8600006103515625 103.339996337890625 103.29000091552734375 103.220001220703125 103.18000030517578125 103.04000091552734375 103.029998779296875 103.01999664306640625 103.20999908447265625 103.12000274658203125 102.81999969482421875 102.81999969482421875 102.76000213623046875 102.73999786376953125 102.76000213623046875 102.779998779296875 102.529998779296875 102.779998779296875 102.839996337890625 102.59999847412109375 102.8600006103515625 102.70999908447265625 102.84999847412109375 102.6699981689453125 102.55999755859375 102.20999908447265625 101.910003662109375 102.05999755859375 101.69000244140625 101.34999847412109375 101.3300018310546875 101.1100006103515625 100.9499969482421875 100.9499969482421875 100.69000244140625 100.59999847412109375 100.279998779296875
102.87999725341796875 102.8899993896484375 102.75 102.76999664306640625 102.94000244140625 103.529998779296875 103.75 103.34999847412109375 103.23999786376953125 103.30999755859375 103.20999908447265625 103.40000152587890625 103.220001220703125 103.09999847412109375 103.029998779296875 102.9499969482421875 102.910003662109375 102.839996337890625 102.75 103.0800018310546875 102.90000152587890625 102.68000030517578125 102.75 103.15000152587890625 102.94000244140625 103.29000091552734375 103.90000152587890625 103.5 102.40000152587890625 102.339996337890625 101.65000152587890625 101.69000244140625 101.56999969482421875 101.30999755859375 101.160003662109375 100.970001220703125 100.84999847412109375 100.779998779296875 100.73000335693359375 100.62999725341796875 100.48000335693359375 100.37999725341796875
102.94000244140625 102.87999725341796875 102.779998779296875 103.0500030517578125 103.37999725341796875 103.62999725341796875 103.3300018310546875 103.51000213623046875 103.48999786376953125 103.40000152587890625 103.410003662109375 103.6399993896484375 103.31999969482421875 103.1999969482421875 103.15000152587890625 103.160003662109375 103.04000091552734375 102.98999786376953125 103.220001220703125 103.089996337890625 103 103.0500030517578125 103.01000213623046875 103.160003662109375 103.20999908447265625 103.87000274658203125 103.9199981689453125 103.1399993896484375 102.1399993896484375 101.6699981689453125 101.62000274658203125 101.6399993896484375 101.37000274658203125 101.0800018310546875 100.98999786376953125 100.81999969482421875 100.73999786376953125 100.69000244140625 100.56999969482421875 100.5800018310546875 100.5500030517578125 100.4199981689453125
102.93000030517578125 102.94000244140625 103.12000274658203125 103.6100006103515625 103.75 103.6999969482421875 103.73999786376953125 103.84999847412109375 103.5800018310546875 103.55999755859375 103.5 103.48000335693359375 103.3300018310546875 103.3000030517578125 103.3000030517578125 103.18000030517578125 103.15000152587890625 103.1999969482421875 103.160003662109375 103.1699981689453125 103.45999908447265625 103.48999786376953125 103.01000213623046875 102.87000274658203125 103.12999725341796875 103.26999664306640625 103.029998779296875 101.79000091552734375 101.6399993896484375 101.4499969482421875 101.48000335693359375 101.09999847412109375 100.95999908447265625 100.970001220703125 101.01999664306640625 100.62999725341796875 100.62999725341796875 100.55999755859375 100.5800018310546875 100.5800018310546875 100.5800018310546875 100.56999969482421875
103 103.19000244140625 103.56999969482421875 103.6399993896484375 103.779998779296875 103.76999664306640625 103.75 103.73999786376953125 103.720001220703125 103.6100006103515625 103.62000274658203125 103.6100006103515625 103.9199981689453125 103.31999969482421875 103.48000335693359375 103.26000213623046875 103.25 103.25 103.37999725341796875 103.44000244140625 103.68000030517578125 103.1999969482421875 102.6399993896484375 102.8899993896484375 102.73000335693359375 102.37999725341796875 101.910003662109375 101.40000152587890625 101.20999908447265625 101.12999725341796875 101.01000213623046875 100.95999908447265625 100.8899993896484375 100.94000244140625 100.95999908447265625 100.76000213623046875 100.65000152587890625 100.62999725341796875 100.54000091552734375 100.62000274658203125 100.62000274658203125 100.720001220703125
103.220001220703125 103.51999664306640625 103.79000091552734375 103.73999786376953125 103.51000213623046875 103.70999908447265625 103.75 103.84999847412109375 103.839996337890625 103.79000091552734375 103.779998779296875 103.69000244140625 103.59999847412109375 103.4199981689453125 103.4499969482421875 103.3600006103515625 103.37000274658203125 103.69000244140625 103.93000030517578125 103.44000244140625 102.80999755859375 102.6100006103515625 102.54000091552734375 102.87999725341796875 103.29000091552734375 101.6699981689453125 101.589996337890625 101.089996337890625 101.05999755859375 101.01000213623046875 100.90000152587890625 100.81999969482421875 100.94000244140625 100.84999847412109375 101.089996337890625 100.75 100.6399993896484375 100.73000335693359375 100.4499969482421875 100.56999969482421875 100.839996337890625 100.5500030517578125
103.51000213623046875 103.69000244140625 103.6100006103515625 103.98000335693359375 104.01000213623046875 103.95999908447265625 103.90000152587890625 103.839996337890625 103.839996337890625 103.84999847412109375 103.779998779296875 103.779998779296875 103.68000030517578125 103.720001220703125 103.80999755859375 103.26000213623046875 103.23000335693359375 103.79000091552734375 103.8899993896484375 102.80999755859375 102.45999908447265625 102.3600006103515625 102.4199981689453125 102.19000244140625 101.6399993896484375 101.59999847412109375 101.30999755859375 101.23000335693359375 100.9499969482421875 100.98000335693359375 100.8899993896484375 100.839996337890625 100.95999908447265625 100.8300018310546875 100.8300018310546875 100.70999908447265625 100.6699981689453125 100.51999664306640625 100.37999725341796875 100.29000091552734375 100.470001220703125 100.26000213623046875
103.8600006103515625 103.5800018310546875 103.76999664306640625 103.970001220703125 103.76000213623046875 104.15000152587890625 104.06999969482421875 104.0800018310546875 103.970001220703125 103.87999725341796875 103.95999908447265625 103.9499969482421875 103.8300018310546875 104.04000091552734375 104.44000244140625 104.25 103.26999664306640625 103.20999908447265625 102.90000152587890625 102.470001220703125 102.26000213623046875 102.19000244140625 101.87000274658203125 101.94000244140625 101.79000091552734375 101.4199981689453125 101.04000091552734375 101.18000030517578125 101.1399993896484375 101.01000213623046875 101 100.73000335693359375 100.73999786376953125 100.79000091552734375 100.6399993896484375 100.59999847412109375 100.62999725341796875 100.589996337890625 100.48999786376953125 100.37000274658203125 100.220001220703125 100.37000274658203125
103.87000274658203125 103.8000030517578125 103.79000091552734375 103.8300018310546875 103.8899993896484375 104.1100006103515625 104.339996337890625 104.26000213623046875 104.12999725341796875 104 104.0500030517578125 104.04000091552734375 103.98999786376953125 104.15000152587890625 104.31999969482421875 103.54000091552734375 103.01000213623046875 102.720001220703125 102.45999908447265625 102.25 102.089996337890625 102.0500030517578125 102.01999664306640625 101.79000091552734375 101.31999969482421875 101.12000274658203125 101.089996337890625 101.4199981689453125 101.23999786376953125 101.12999725341796875 101.04000091552734375 100.9499969482421875 100.76000213623046875 100.73000335693359375 100.73999786376953125 100.73000335693359375 100.65000152587890625 100.59999847412109375 100.589996337890625 100.3000030517578125 100.23000335693359375 100.65000152587890625
103.70999908447265625 103.779998779296875 103.76000213623046875 103.90000152587890625 104.0800018310546875 104.1399993896484375 104.19000244140625 104.089996337890625 104.1399993896484375 104.18000030517578125 104.09999847412109375 104.15000152587890625 104.05999755859375 103.70999908447265625 103.48999786376953125 103.05999755859375 102.80999755859375 102.48000335693359375 102.31999969482421875 102.1699981689453125 102.06999969482421875 102.029998779296875 101.98999786376953125 101.90000152587890625 101.410003662109375 101.45999908447265625 101.54000091552734375 101.18000030517578125 101.01000213623046875 101.01999664306640625 101.01999664306640625 101.04000091552734375 100.76999664306640625 100.65000152587890625 100.779998779296875 100.80999755859375 100.68000030517578125 100.62000274658203125 100.54000091552734375 100.589996337890625 100.839996337890625 101.26000213623046875
103.79000091552734375 103.8300018310546875 103.8899993896484375 104.05999755859375 104.220001220703125 104.1699981689453125 104.220001220703125 104.3300018310546875 104.37000274658203125 104.34999847412109375 104.470001220703125 103.90000152587890625 103.65000152587890625 103.3899993896484375 103.1999969482421875 102.94000244140625 102.65000152587890625 102.5500030517578125 102.19000244140625 102.12000274658203125 102.18000030517578125 102.0800018310546875 101.75 101.43000030517578125 101.73999786376953125 101.73999786376953125 101.37999725341796875 101.0500030517578125 101.0800018310546875 100.87999725341796875 100.9199981689453125 101 100.80999755859375 100.75 100.80999755859375 100.8600006103515625 100.8000030517578125 100.65000152587890625 100.65000152587890625 100.76000213623046875 100.93000030517578125 101.3899993896484375
103.94000244140625 103.9199981689453125 103.98000335693359375 104.34999847412109375 104.26999664306640625 104.34999847412109375 104.279998779296875 104.51999664306640625 104.48999786376953125 104.4199981689453125 104.1699981689453125 103.81999969482421875 103.529998779296875 103.339996337890625 103.0500030517578125 102.910003662109375 102.720001220703125 102.56999969482421875 102.339996337890625 102.3000030517578125 102.26999664306640625 102.19000244140625 101.84999847412109375 101.5800018310546875 101.55999755859375 101.45999908447265625 101.160003662109375 101.029998779296875 101.089996337890625 100.87999725341796875 100.90000152587890625 101.089996337890625 101.04000091552734375 100.9499969482421875 100.93000030517578125 101.029998779296875 101.04000091552734375 101 101.25 101.34999847412109375 101.34999847412109375 102.589996337890625
104 104.01999664306640625 104.3300018310546875 104.339996337890625 104.43000030517578125 104.5500030517578125 104.51000213623046875 104.59999847412109375 104.48000335693359375 104.25 103.8600006103515625 103.8300018310546875 103.62000274658203125 103.4499969482421875 103.12000274658203125 103.0500030517578125 102.910003662109375 102.76000213623046875 102.720001220703125 102.79000091552734375 102.29000091552734375 102.26000213623046875 101.98999786376953125 101.6999969482421875 101.6399993896484375 101.1699981689453125 101.1699981689453125 101.26999664306640625 101 100.95999908447265625 101.09999847412109375 101.09999847412109375 101.20999908447265625 101.34999847412109375 101.31999969482421875 101.4199981689453125 101.339996337890625 101.26000213623046875 101.25 101.470001220703125 102.589996337890625 104.51999664306640625
104.05999755859375 104.220001220703125 104.43000030517578125 104.339996337890625 104.62000274658203125 104.68000030517578125 104.720001220703125 104.70999908447265625 104.15000152587890625 104.029998779296875 103.87000274658203125 103.9199981689453125 103.79000091552734375 103.43000030517578125 103.3000030517578125 103.1999969482421875 103.339996337890625 103.20999908447265625 102.73000335693359375 102.470001220703125 102.4199981689453125 102.26999664306640625 102.0500030517578125 101.5 101.3000030517578125 101.26999664306640625 101.26999664306640625 101.12999725341796875 100.94000244140625 101.23999786376953125 101.1399993896484375 101.3899993896484375 101.51999664306640625 101.8899993896484375 101.70999908447265625 101.589996337890625 101.06999969482421875 101.1999969482421875 101.26000213623046875 101.470001220703125 103.8300018310546875 105.45999908447265625
104.339996337890625 104.4199981689453125 104.6100006103515625 104.56999969482421875 104.65000152587890625 104.720001220703125 104.6699981689453125 104.37000274658203125 104.09999847412109375 103.93000030517578125 104 103.910003662109375 103.8300018310546875 103.5500030517578125 103.54000091552734375 103.51999664306640625 103.37000274658203125 103.06999969482421875 102.910003662109375 102.54000091552734375 102.5 101.8300018310546875 101.34999847412109375 101.56999969482421875 101.37000274658203125 101.34999847412109375 101.339996337890625 101.29000091552734375 101.15000152587890625 101.4499969482421875 101.80999755859375 101.69000244140625 101.73000335693359375 101.76999664306640625 101.6999969482421875 101.30999755859375 101.0800018310546875 101.1999969482421875 101.470001220703125 101.470001220703125 104.23999786376953125 105.25
