wildfire/work/fuelmodels/1977/ahn1.asc
ncols        455
nrows        378
xllcorner    195425.000000000000
yllcorner    450100.000000000000
cellsize     5.000000000000
NODATA_value   -999
[rows 190 to 208 of 378, columns 378 to 419 of 455]
92.15000152587890625 92.3600006103515625 92.410003662109375 92.6999969482421875 92.98999786376953125 93.160003662109375 93.44000244140625 93.8600006103515625 94.05999755859375 94.15000152587890625 94.23999786376953125 94.37999725341796875 94.279998779296875 94.3600006103515625 94.220001220703125 93.94000244140625 93.73000335693359375 93.56999969482421875 93.15000152587890625 92.8899993896484375 92.68000030517578125 92.26999664306640625 92.01999664306640625 91.6399993896484375 91.5500030517578125 91.220001220703125 91.01000213623046875 90.81999969482421875 90.589996337890625 90.4499969482421875 90.23000335693359375 90.029998779296875 89.87000274658203125 89.6399993896484375 89.44000244140625 89.279998779296875 89.01999664306640625 88.90000152587890625 88.8600006103515625 88.720001220703125 88.62000274658203125 88.51000213623046875
92.1699981689453125 92.3000030517578125 92.37000274658203125 92.55999755859375 92.76999664306640625 92.9499969482421875 93.3300018310546875 93.65000152587890625 93.98999786376953125 94.089996337890625 94.12999725341796875 94.01999664306640625 94.1999969482421875 94.1100006103515625 94.09999847412109375 93.970001220703125 93.779998779296875 93.45999908447265625 93.3300018310546875 93.01000213623046875 92.62999725341796875 92.37999725341796875 92.01999664306640625 91.8000030517578125 91.51999664306640625 91.23999786376953125 91.0500030517578125 90.87999725341796875 90.6399993896484375 90.5 90.20999908447265625 90.01999664306640625 89.8300018310546875 89.59999847412109375 89.48000335693359375 89.279998779296875 89.15000152587890625 88.95999908447265625 88.87999725341796875 88.779998779296875 88.75 88.65000152587890625
92.26000213623046875 92.279998779296875 92.339996337890625 92.5 92.6100006103515625 92.87000274658203125 93.1100006103515625 93.529998779296875 93.73000335693359375 93.9199981689453125 93.970001220703125 94.06999969482421875 94.029998779296875 93.94000244140625 93.8899993896484375 93.79000091552734375 93.720001220703125 93.55999755859375 93.3300018310546875 93.01000213623046875 92.76000213623046875 92.44000244140625 92.19000244140625 91.68000030517578125 91.529998779296875 91.1999969482421875 90.95999908447265625 90.9199981689453125 90.6699981689453125 90.48000335693359375 90.34999847412109375 90 89.81999969482421875 89.69000244140625 89.410003662109375 89.3000030517578125 89.220001220703125 89.09999847412109375 88.94000244140625 88.8600006103515625 88.80999755859375 88.79000091552734375
92.3000030517578125 92.26000213623046875 92.279998779296875 92.40000152587890625 92.51000213623046875 92.6399993896484375 92.98000335693359375 93.279998779296875 93.69000244140625 93.8600006103515625 93.8600006103515625 93.8600006103515625 93.839996337890625 93.779998779296875 93.6999969482421875 93.6999969482421875 93.62999725341796875 93.45999908447265625 93.29000091552734375 92.95999908447265625 92.720001220703125 92.410003662109375 92.1999969482421875 91.8000030517578125 91.470001220703125 91.23000335693359375 91.029998779296875 90.84999847412109375 90.68000030517578125 90.43000030517578125 90.23999786376953125 90 89.8600006103515625 89.6399993896484375 89.51000213623046875 89.339996337890625 89.279998779296875 89.23999786376953125 89.09999847412109375 89.01000213623046875 88.93000030517578125 88.910003662109375
92.3000030517578125 92.37000274658203125 92.44000244140625 92.37000274658203125 92.45999908447265625 92.56999969482421875 92.68000030517578125 93.05999755859375 93.26999664306640625 93.6399993896484375 93.81999969482421875 93.76999664306640625 93.6999969482421875 93.5800018310546875 93.529998779296875 93.51000213623046875 93.529998779296875 93.3899993896484375 93.220001220703125 92.839996337890625 92.62999725341796875 92.34999847412109375 92.1999969482421875 91.8000030517578125 91.56999969482421875 91.26000213623046875 90.970001220703125 90.81999969482421875 90.48999786376953125 90.3600006103515625 90.25 90.06999969482421875 89.8899993896484375 89.75 89.5500030517578125 89.4199981689453125 89.30999755859375 89.37000274658203125 89.26999664306640625 89.1399993896484375 89.089996337890625 88.98999786376953125
92.30999755859375 92.45999908447265625 92.4199981689453125 92.34999847412109375 92.4199981689453125 92.4199981689453125 92.6399993896484375 92.76000213623046875 93.029998779296875 93.18000030517578125 93.5500030517578125 93.5 93.5 93.45999908447265625 93.37000274658203125 93.30999755859375 93.31999969482421875 93.1399993896484375 93.01999664306640625 92.8300018310546875 92.62999725341796875 92.25 91.98999786376953125 91.87999725341796875 91.73000335693359375 91.339996337890625 91.029998779296875 90.8600006103515625 90.6100006103515625 90.5 90.3300018310546875 90.15000152587890625 89.94000244140625 89.79000091552734375 89.589996337890625 89.48999786376953125 89.51999664306640625 89.5 89.37999725341796875 89.26000213623046875 89.1399993896484375 88.95999908447265625
92.12999725341796875 92.26999664306640625 92.26000213623046875 92.30999755859375 92.44000244140625 92.4199981689453125 92.3899993896484375 92.55999755859375 92.720001220703125 92.9199981689453125 93.160003662109375 93.1999969482421875 93.20999908447265625 93.089996337890625 93.089996337890625 93.12999725341796875 93.220001220703125 92.98000335693359375 92.98999786376953125 92.90000152587890625 92.62999725341796875 92.410003662109375 92.029998779296875 91.8000030517578125 91.70999908447265625 91.43000030517578125 91.04000091552734375 90.87999725341796875 90.6699981689453125 90.48999786376953125 90.3600006103515625 90.1999969482421875 90.05999755859375 89.8300018310546875 89.6699981689453125 89.70999908447265625 89.69000244140625 89.56999969482421875 89.4499969482421875 89.3300018310546875 89.0800018310546875 88.98999786376953125
92.01999664306640625 92.15000152587890625 92.1699981689453125 92.20999908447265625 92.30999755859375 92.3899993896484375 92.37000274658203125 92.4199981689453125 92.62000274658203125 92.62999725341796875 92.73999786376953125 92.910003662109375 92.8600006103515625 92.87000274658203125 92.87000274658203125 92.76999664306640625 92.84999847412109375 92.87999725341796875 92.8899993896484375 92.8300018310546875 92.51000213623046875 92.44000244140625 92.029998779296875 91.87999725341796875 91.5800018310546875 91.37000274658203125 91.160003662109375 90.84999847412109375 90.8000030517578125 90.54000091552734375 90.44000244140625 90.29000091552734375 90.06999969482421875 89.87000274658203125 89.839996337890625 89.84999847412109375 89.73000335693359375 89.6699981689453125 89.59999847412109375 89.279998779296875 89.12000274658203125 89.0500030517578125
92 92.09999847412109375 92.1100006103515625 92.15000152587890625 92.160003662109375 92.37999725341796875 92.279998779296875 92.26999664306640625 92.26000213623046875 92.45999908447265625 92.37999725341796875 92.4199981689453125 92.56999969482421875 92.48999786376953125 92.51000213623046875 92.54000091552734375 92.51999664306640625 92.660003662109375 92.73999786376953125 92.68000030517578125 92.43000030517578125 92.29000091552734375 92.0500030517578125 91.8000030517578125 91.6100006103515625 91.29000091552734375 91.029998779296875 90.8899993896484375 90.6999969482421875 90.59999847412109375 90.44000244140625 90.3000030517578125 90.0800018310546875 90.05999755859375 89.9499969482421875 89.81999969482421875 89.839996337890625 89.79000091552734375 89.5800018310546875 89.410003662109375 89.31999969482421875 89.20999908447265625
92.1399993896484375 92.089996337890625 91.98999786376953125 92.0800018310546875 92.0500030517578125 92.0800018310546875 92.160003662109375 92.06999969482421875 92.06999969482421875 92.1100006103515625 92.089996337890625 92.1699981689453125 92.20999908447265625 92.23999786376953125 92.26999664306640625 92.29000091552734375 92.29000091552734375 92.4499969482421875 92.4499969482421875 92.470001220703125 92.3600006103515625 92.25 92 91.70999908447265625 91.51999664306640625 91.3300018310546875 90.90000152587890625 90.8000030517578125 90.68000030517578125 90.470001220703125 90.4199981689453125 90.25 90.19000244140625 90.05999755859375 90.1100006103515625 89.839996337890625 89.839996337890625 89.68000030517578125 89.6100006103515625 89.48999786376953125 89.40000152587890625 89.18000030517578125
92.1399993896484375 92.23999786376953125 92.220001220703125 92.089996337890625 92.15000152587890625 92.26999664306640625 92.12000274658203125 92.05999755859375 92.06999969482421875 92.0800018310546875 91.95999908447265625 91.9499969482421875 91.970001220703125 91.8899993896484375 91.98999786376953125 92.089996337890625 92.1999969482421875 92.25 92.25 92.4199981689453125 92.4199981689453125 92.26999664306640625 91.98000335693359375 91.76000213623046875 91.43000030517578125 91.4199981689453125 91.0800018310546875 90.80999755859375 90.6100006103515625 90.48000335693359375 90.26000213623046875 90.29000091552734375 90.23000335693359375 90.089996337890625 90.01000213623046875 89.9199981689453125 89.80999755859375 89.73999786376953125 89.6399993896484375 89.410003662109375 89.30999755859375 89.26000213623046875
92.26000213623046875 92.34999847412109375 92.43000030517578125 92.48000335693359375 92.54000091552734375 92.6999969482421875 92.55999755859375 92.40000152587890625 92.34999847412109375 92.23000335693359375 92.1999969482421875 92.029998779296875 91.95999908447265625 91.84999847412109375 91.8600006103515625 91.95999908447265625 91.94000244140625 92.089996337890625 92.160003662109375 92.3000030517578125 92.220001220703125 92.0500030517578125 91.98000335693359375 91.69000244140625 91.5800018310546875 91.30999755859375 91.12999725341796875 90.95999908447265625 90.59999847412109375 90.5 90.3300018310546875 90.339996337890625 90.23999786376953125 90.19000244140625 90.089996337890625 89.9499969482421875 89.81999969482421875 89.660003662109375 89.51000213623046875 89.3899993896484375 89.40000152587890625 89.26000213623046875
92.26999664306640625 92.31999969482421875 92.43000030517578125 92.8899993896484375 93.05999755859375 93.279998779296875 93.3899993896484375 93.30999755859375 93.09999847412109375 92.93000030517578125 92.8000030517578125 92.5500030517578125 92.3899993896484375 92.19000244140625 91.90000152587890625 91.81999969482421875 91.79000091552734375 91.9199981689453125 91.98999786376953125 92.1100006103515625 92.25 92.06999969482421875 91.80999755859375 91.6699981689453125 91.410003662109375 91.31999969482421875 90.98999786376953125 90.9199981689453125 90.720001220703125 90.589996337890625 90.45999908447265625 90.44000244140625 90.26000213623046875 90.12000274658203125 90.160003662109375 89.95999908447265625 89.8899993896484375 89.660003662109375 89.48000335693359375 89.589996337890625 89.3600006103515625 89.23999786376953125
92.160003662109375 92.20999908447265625 92.25 92.529998779296875 92.90000152587890625 93.20999908447265625 93.470001220703125 93.6399993896484375 93.589996337890625 93.6399993896484375 93.589996337890625 93.05999755859375 92.6999969482421875 92.25 92.0500030517578125 91.75 91.69000244140625 91.62999725341796875 91.94000244140625 92.029998779296875 92.05999755859375 91.98000335693359375 91.79000091552734375 91.6699981689453125 91.4499969482421875 91.31999969482421875 91.029998779296875 90.87999725341796875 90.910003662109375 90.73999786376953125 90.55999755859375 90.4199981689453125 90.25 90.19000244140625 90.18000030517578125 90.23000335693359375 90.06999969482421875 89.8600006103515625 89.59999847412109375 89.55999755859375 89.44000244140625 89.4499969482421875
91.98999786376953125 91.94000244140625 91.98999786376953125 92.220001220703125 92.4499969482421875 92.73999786376953125 93.15000152587890625 93.5500030517578125 93.8000030517578125 93.87000274658203125 93.6399993896484375 93.5500030517578125 93.26000213623046875 92.87000274658203125 92.31999969482421875 91.8300018310546875 91.6100006103515625 91.470001220703125 91.589996337890625 91.660003662109375 91.70999908447265625 91.76000213623046875 91.660003662109375 91.65000152587890625 91.43000030517578125 91.34999847412109375 91.0800018310546875 90.8899993896484375 90.87000274658203125 90.69000244140625 90.589996337890625 90.5 90.43000030517578125 90.5 90.4199981689453125 90.339996337890625 90.1699981689453125 90 89.8899993896484375 89.76999664306640625 89.55999755859375 89.4499969482421875
91.90000152587890625 91.839996337890625 91.80999755859375 91.87999725341796875 92 92.23999786376953125 92.660003662109375 93.06999969482421875 93.470001220703125 93.6399993896484375 93.660003662109375 93.5500030517578125 93.12999725341796875 92.75 92.220001220703125 91.87999725341796875 91.589996337890625 91.48999786376953125 91.44000244140625 91.44000244140625 91.43000030517578125 91.69000244140625 91.75 91.529998779296875 91.470001220703125 91.3000030517578125 91.0500030517578125 90.93000030517578125 90.8899993896484375 90.76999664306640625 90.70999908447265625 90.56999969482421875 90.54000091552734375 90.59999847412109375 90.5 90.3300018310546875 90.3300018310546875 90.04000091552734375 89.98999786376953125 89.87000274658203125 89.81999969482421875 89.8600006103515625
91.79000091552734375 91.73000335693359375 91.75 91.6999969482421875 91.70999908447265625 91.81999969482421875 92.0500030517578125 92.37999725341796875 92.6999969482421875 93.12999725341796875 93.1399993896484375 92.9499969482421875 92.6999969482421875 92.44000244140625 92.279998779296875 91.8600006103515625 91.62999725341796875 91.470001220703125 91.220001220703125 91.29000091552734375 91.3000030517578125 91.4499969482421875 91.48999786376953125 91.51999664306640625 91.3899993896484375 91.3899993896484375 91.220001220703125 90.9499969482421875 90.93000030517578125 90.76999664306640625 90.76000213623046875 90.70999908447265625 90.69000244140625 90.68000030517578125 90.51999664306640625 90.5500030517578125 90.529998779296875 90.23000335693359375 90.15000152587890625 90.15000152587890625 90.0800018310546875 90.12999725341796875
91.65000152587890625 91.65000152587890625 91.589996337890625 91.54000091552734375 91.51000213623046875 91.5800018310546875 91.6100006103515625 91.95999908447265625 91.98000335693359375 92.4199981689453125 92.470001220703125 92.40000152587890625 92.26999664306640625 92.04000091552734375 91.93000030517578125 91.55999755859375 91.44000244140625 91.23999786376953125 91.04000091552734375 91.1100006103515625 91.0500030517578125 91.26000213623046875 91.410003662109375 91.37999725341796875 91.3000030517578125 91.23999786376953125 91.0800018310546875 91.029998779296875 90.93000030517578125 90.87000274658203125 90.76000213623046875 90.910003662109375 90.84999847412109375 90.80999755859375 90.73999786376953125 90.73000335693359375 90.660003662109375 90.3899993896484375 90.4499969482421875 90.45999908447265625 90.4199981689453125 90.4199981689453125
91.48000335693359375 91.55999755859375 91.40000152587890625 91.40000152587890625 91.4199981689453125 91.37999725341796875 91.339996337890625 91.37999725341796875 91.660003662109375 91.79000091552734375 92.089996337890625 92.25 92.1699981689453125 91.87999725341796875 91.73999786376953125 91.3899993896484375 91.40000152587890625 91.0500030517578125 91 90.98999786376953125 90.98999786376953125 91.029998779296875 91.12000274658203125 91.26999664306640625 91.3300018310546875 91.1100006103515625 91.06999969482421875 91.160003662109375 90.93000030517578125 90.93000030517578125 90.94000244140625 91.0500030517578125 90.95999908447265625 90.94000244140625 90.93000030517578125 90.779998779296875 90.720001220703125 90.5500030517578125 90.54000091552734375 90.62000274658203125 90.6399993896484375 90.6100006103515625
