wildfire/work/fuelmodels/1977/ahn1.asc
ncols        455
nrows        378
xllcorner    195425.000000000000
yllcorner    450100.000000000000
cellsize     5.000000000000
NODATA_value   -999
[rows 0 to 18 of 378, columns 126 to 167 of 455]
70.660003662109375 70.589996337890625 70.529998779296875 70.29000091552734375 70.12000274658203125 70.06999969482421875 70.20999908447265625 69.75 69.87000274658203125 69.55999755859375 69.4499969482421875 69.40000152587890625 69.3000030517578125 69.05999755859375 68.76999664306640625 68.73000335693359375 68.6999969482421875 68.410003662109375 68.34999847412109375 68.37999725341796875 68.1399993896484375 68.0800018310546875 68.1699981689453125 67.93000030517578125 67.8000030517578125 67.4499969482421875 67.44000244140625 67.06999969482421875 67.089996337890625 66.8899993896484375 66.79000091552734375 66.62000274658203125 66.51999664306640625 66.37000274658203125 66.3300018310546875 66.23000335693359375 66.029998779296875 65.98999786376953125 65.81999969482421875 65.70999908447265625 65.4499969482421875 65.1999969482421875
70.9199981689453125 70.98000335693359375 70.6699981689453125 70.6999969482421875 70.59999847412109375 70.54000091552734375 70.59999847412109375 70.40000152587890625 70.06999969482421875 69.94000244140625 69.970001220703125 69.589996337890625 69.5500030517578125 69.3000030517578125 69.18000030517578125 69.0800018310546875 69.1699981689453125 69.089996337890625 68.8899993896484375 68.84999847412109375 68.5 68.51000213623046875 68.48000335693359375 68.26000213623046875 68.20999908447265625 67.98000335693359375 67.68000030517578125 67.4499969482421875 67.44000244140625 67.26999664306640625 67.25 67.1399993896484375 67.1100006103515625 66.98999786376953125 66.70999908447265625 66.51999664306640625 66.31999969482421875 66.1100006103515625 66.05999755859375 66.01000213623046875 65.5800018310546875 65.62999725341796875
71.34999847412109375 71.23000335693359375 71.20999908447265625 70.720001220703125 70.84999847412109375 70.8899993896484375 70.87999725341796875 70.76999664306640625 70.4499969482421875 70.5800018310546875 70.3899993896484375 70.1999969482421875 70 70.12999725341796875 69.59999847412109375 69.55999755859375 69.5 69.48999786376953125 69.45999908447265625 69.3899993896484375 69.18000030517578125 68.98000335693359375 68.9499969482421875 68.76000213623046875 68.44000244140625 68.34999847412109375 67.970001220703125 67.90000152587890625 67.76999664306640625 68.05999755859375 67.6399993896484375 67.68000030517578125 67.55999755859375 67.23999786376953125 67.0800018310546875 66.910003662109375 66.80999755859375 66.470001220703125 66.26999664306640625 66.1399993896484375 65.94000244140625 65.73999786376953125
71.660003662109375 71.6399993896484375 71.56999969482421875 71.3300018310546875 71.339996337890625 71.3600006103515625 71.1999969482421875 70.98999786376953125 71.06999969482421875 70.94000244140625 70.6699981689453125 70.45999908447265625 70.48999786376953125 70.23999786376953125 70.0800018310546875 70.23000335693359375 69.970001220703125 69.9499969482421875 69.76000213623046875 69.839996337890625 69.4499969482421875 69.51999664306640625 69.37000274658203125 69.05999755859375 68.8600006103515625 68.660003662109375 68.4199981689453125 68.43000030517578125 68.29000091552734375 68.339996337890625 68.30999755859375 68.089996337890625 67.8000030517578125 67.55999755859375 67.3899993896484375 67.18000030517578125 67.01000213623046875 66.65000152587890625 66.529998779296875 66.3600006103515625 66.20999908447265625 66.089996337890625
72.06999969482421875 71.87000274658203125 71.8600006103515625 71.79000091552734375 71.720001220703125 71.73999786376953125 71.81999969482421875 71.4199981689453125 71.31999969482421875 71.410003662109375 71.19000244140625 71.0800018310546875 70.98999786376953125 70.839996337890625 70.62999725341796875 70.34999847412109375 70.44000244140625 70.339996337890625 70.31999969482421875 70.089996337890625 69.90000152587890625 69.69000244140625 69.660003662109375 69.6399993896484375 69.12999725341796875 68.93000030517578125 68.8600006103515625 68.81999969482421875 68.720001220703125 68.6100006103515625 68.54000091552734375 68.44000244140625 68.09999847412109375 67.87999725341796875 67.70999908447265625 67.48000335693359375 67.31999969482421875 67.0500030517578125 66.720001220703125 66.529998779296875 66.37999725341796875 66.3000030517578125
72.3300018310546875 72.279998779296875 72.29000091552734375 72.23000335693359375 72.34999847412109375 72.220001220703125 72.06999969482421875 71.910003662109375 71.80999755859375 71.76999664306640625 71.79000091552734375 71.6100006103515625 71.48000335693359375 71.15000152587890625 71.01999664306640625 70.76000213623046875 70.76000213623046875 70.73999786376953125 70.69000244140625 70.51000213623046875 70.3300018310546875 70.1100006103515625 70.15000152587890625 69.81999969482421875 69.4199981689453125 69.30999755859375 69.23999786376953125 69.20999908447265625 68.98999786376953125 68.75 68.62999725341796875 68.45999908447265625 68.30999755859375 68.26000213623046875 68.09999847412109375 67.73999786376953125 67.51000213623046875 67.1699981689453125 66.910003662109375 66.839996337890625 66.59999847412109375 66.51000213623046875
72.79000091552734375 72.70999908447265625 72.69000244140625 72.779998779296875 72.5 72.45999908447265625 72.279998779296875 72.23000335693359375 72.44000244140625 72.18000030517578125 71.94000244140625 71.970001220703125 71.79000091552734375 71.529998779296875 71.48000335693359375 71.43000030517578125 71.44000244140625 71.029998779296875 70.94000244140625 70.79000091552734375 70.6399993896484375 70.529998779296875 70.40000152587890625 69.94000244140625 69.69000244140625 69.80999755859375 69.589996337890625 69.4499969482421875 69.279998779296875 69.0500030517578125 68.9199981689453125 68.81999969482421875 68.55999755859375 68.55999755859375 68.1999969482421875 67.80999755859375 67.6699981689453125 67.4499969482421875 67.06999969482421875 66.839996337890625 66.73000335693359375 66.6699981689453125
73.1399993896484375 73.0800018310546875 73.1699981689453125 73.05999755859375 73.05999755859375 72.84999847412109375 72.81999969482421875 72.62000274658203125 72.55999755859375 72.51999664306640625 72.529998779296875 72.1999969482421875 72.1999969482421875 72.05999755859375 71.76000213623046875 71.79000091552734375 71.84999847412109375 71.589996337890625 71.4199981689453125 71.1699981689453125 71.19000244140625 70.8899993896484375 70.76999664306640625 70.34999847412109375 70.20999908447265625 70.1999969482421875 69.87999725341796875 69.76999664306640625 69.529998779296875 69.48000335693359375 69.51000213623046875 68.95999908447265625 68.79000091552734375 68.6699981689453125 68.3300018310546875 67.98999786376953125 67.779998779296875 67.470001220703125 67.25 67.01999664306640625 67.01000213623046875 67.01999664306640625
73.5500030517578125 73.51999664306640625 73.410003662109375 73.31999969482421875 73.26999664306640625 73.26000213623046875 73.279998779296875 72.98000335693359375 72.80999755859375 72.81999969482421875 72.62999725341796875 72.59999847412109375 72.43000030517578125 72.44000244140625 72.26000213623046875 72.19000244140625 72.1100006103515625 72.01000213623046875 71.720001220703125 71.51999664306640625 71.37000274658203125 71.19000244140625 70.90000152587890625 70.48000335693359375 70.54000091552734375 70.339996337890625 70.279998779296875 70.18000030517578125 69.81999969482421875 69.84999847412109375 69.62000274658203125 69.15000152587890625 69.0800018310546875 68.79000091552734375 68.44000244140625 68.160003662109375 67.9499969482421875 67.75 67.44000244140625 67.06999969482421875 67.1699981689453125 67.26999664306640625
73.93000030517578125 73.76999664306640625 73.839996337890625 73.80999755859375 73.5800018310546875 73.529998779296875 73.5500030517578125 73.37999725341796875 73.5500030517578125 73.15000152587890625 73 72.9499969482421875 72.80999755859375 72.73000335693359375 72.6999969482421875 72.51999664306640625 72.45999908447265625 72.1999969482421875 72.01999664306640625 71.8600006103515625 71.76000213623046875 71.51999664306640625 71.1999969482421875 70.87999725341796875 70.970001220703125 70.73000335693359375 70.470001220703125 70.339996337890625 70.23000335693359375 70.01999664306640625 69.6699981689453125 69.339996337890625 69.06999969482421875 68.8600006103515625 68.69000244140625 68.23999786376953125 68.089996337890625 67.87999725341796875 67.68000030517578125 67.529998779296875 67.23000335693359375 67.51000213623046875
74.26000213623046875 74.12999725341796875 74.18000030517578125 74.1100006103515625 74.04000091552734375 73.9499969482421875 73.8600006103515625 73.6699981689453125 73.73000335693359375 73.62000274658203125 73.4199981689453125 73.3300018310546875 73.089996337890625 73 73.05999755859375 72.8600006103515625 72.720001220703125 72.55999755859375 72.339996337890625 72.15000152587890625 71.8000030517578125 71.589996337890625 71.44000244140625 71.1699981689453125 71.089996337890625 70.8600006103515625 70.779998779296875 70.660003662109375 70.339996337890625 70.160003662109375 69.79000091552734375 69.56999969482421875 69.23000335693359375 68.970001220703125 68.73000335693359375 68.48000335693359375 68.3899993896484375 68.160003662109375 67.90000152587890625 67.6100006103515625 67.470001220703125 67.48999786376953125
74.54000091552734375 74.410003662109375 74.44000244140625 74.3899993896484375 74.37000274658203125 74.1699981689453125 74.18000030517578125 74.029998779296875 73.98000335693359375 73.94000244140625 73.65000152587890625 73.660003662109375 73.59999847412109375 73.34999847412109375 73.30999755859375 73.09999847412109375 73.01000213623046875 72.81999969482421875 72.660003662109375 72.589996337890625 71.839996337890625 71.8600006103515625 71.8600006103515625 71.51999664306640625 71.3899993896484375 71.04000091552734375 71 70.910003662109375 70.5500030517578125 70.37000274658203125 70.0500030517578125 69.70999908447265625 69.44000244140625 69.25 68.970001220703125 68.80999755859375 68.410003662109375 68.279998779296875 68.089996337890625 67.8300018310546875 67.6999969482421875 67.31999969482421875
74.73000335693359375 74.70999908447265625 74.6699981689453125 74.62000274658203125 74.62000274658203125 74.55999755859375 74.410003662109375 74.29000091552734375 74.29000091552734375 74.23000335693359375 74.12000274658203125 73.8899993896484375 73.76999664306640625 73.76999664306640625 73.56999969482421875 73.51000213623046875 73.29000091552734375 73.18000030517578125 72.98000335693359375 72.6999969482421875 72.1999969482421875 71.87999725341796875 72.05999755859375 71.84999847412109375 71.51000213623046875 71.3899993896484375 71.18000030517578125 71.029998779296875 70.68000030517578125 70.410003662109375 70.1999969482421875 69.80999755859375 69.68000030517578125 69.220001220703125 69.0500030517578125 68.8600006103515625 68.59999847412109375 68.3300018310546875 68.15000152587890625 67.90000152587890625 67.59999847412109375 67.339996337890625
75.23000335693359375 75.089996337890625 74.93000030517578125 74.8899993896484375 75.01000213623046875 74.84999847412109375 74.73999786376953125 74.6100006103515625 74.48999786376953125 74.37999725341796875 74.3600006103515625 74.23000335693359375 73.98999786376953125 74.029998779296875 73.90000152587890625 73.70999908447265625 73.56999969482421875 73.45999908447265625 73.20999908447265625 72.94000244140625 72.6699981689453125 72.40000152587890625 72.1699981689453125 71.90000152587890625 71.720001220703125 71.51000213623046875 71.23000335693359375 70.93000030517578125 70.65000152587890625 70.29000091552734375 70.09999847412109375 70 69.660003662109375 69.37999725341796875 69.19000244140625 68.87999725341796875 68.6100006103515625 68.23999786376953125 68.1399993896484375 67.839996337890625 67.410003662109375 67.029998779296875
75.5 75.410003662109375 75.30999755859375 75.529998779296875 75.23999786376953125 75.25 75.09999847412109375 74.84999847412109375 74.6999969482421875 74.73999786376953125 74.73000335693359375 74.62999725341796875 74.410003662109375 74.30999755859375 74.18000030517578125 73.81999969482421875 73.6399993896484375 73.5500030517578125 73.37999725341796875 73.089996337890625 72.62999725341796875 72.48000335693359375 72.34999847412109375 71.94000244140625 71.8000030517578125 71.56999969482421875 71.20999908447265625 70.90000152587890625 70.6399993896484375 70.37000274658203125 70.1100006103515625 69.98000335693359375 69.779998779296875 69.68000030517578125 69.20999908447265625 69.01999664306640625 68.76999664306640625 68.5500030517578125 68.09999847412109375 67.76000213623046875 67.23000335693359375 66.9199981689453125
75.8000030517578125 75.76999664306640625 75.529998779296875 75.470001220703125 75.51000213623046875 75.3899993896484375 75.3300018310546875 75.1100006103515625 75.1100006103515625 75.1699981689453125 74.87000274658203125 74.839996337890625 74.62999725341796875 74.44000244140625 74.26999664306640625 74 73.90000152587890625 73.59999847412109375 73.44000244140625 73.029998779296875 72.87999725341796875 72.62000274658203125 72.43000030517578125 72.05999755859375 71.81999969482421875 71.65000152587890625 71.09999847412109375 70.9499969482421875 70.54000091552734375 70.31999969482421875 70.05999755859375 70.029998779296875 69.69000244140625 69.44000244140625 69.23000335693359375 68.9499969482421875 68.779998779296875 68.51000213623046875 68.05999755859375 67.6699981689453125 67.29000091552734375 66.80999755859375
76.05999755859375 75.90000152587890625 75.8000030517578125 75.62999725341796875 75.720001220703125 75.62000274658203125 75.51999664306640625 75.4499969482421875 75.44000244140625 75.26000213623046875 75.1999969482421875 75.01000213623046875 74.79000091552734375 74.56999969482421875 74.37000274658203125 74.23000335693359375 74.01999664306640625 73.73000335693359375 73.44000244140625 73.12000274658203125 73.089996337890625 72.779998779296875 72.410003662109375 72.279998779296875 71.93000030517578125 71.56999969482421875 71.29000091552734375 71.029998779296875 70.76999664306640625 70.3899993896484375 70.029998779296875 69.6699981689453125 69.589996337890625 69.30999755859375 69.01000213623046875 68.76000213623046875 68.59999847412109375 68.339996337890625 67.9499969482421875 67.5500030517578125 67.25 66.84999847412109375
76.20999908447265625 76.25 76.3600006103515625 76.23000335693359375 76 75.73999786376953125 75.76999664306640625 75.70999908447265625 75.48000335693359375 75.45999908447265625 75.30999755859375 75.160003662109375 74.98000335693359375 74.81999969482421875 74.44000244140625 74.3000030517578125 74.01000213623046875 73.93000030517578125 73.5 73.3000030517578125 73.01999664306640625 72.839996337890625 72.410003662109375 72.25 71.93000030517578125 71.720001220703125 71.56999969482421875 71.12999725341796875 70.80999755859375 70.5 70.0800018310546875 69.660003662109375 69.54000091552734375 69.1100006103515625 68.910003662109375 68.720001220703125 68.48999786376953125 68.26999664306640625 68.01999664306640625 67.529998779296875 67.23999786376953125 66.910003662109375
76.529998779296875 76.529998779296875 76.51999664306640625 76.48000335693359375 76.51999664306640625 76.06999969482421875 75.93000030517578125 75.87999725341796875 75.69000244140625 75.62000274658203125 75.40000152587890625 75.51000213623046875 75.09999847412109375 74.80999755859375 74.589996337890625 74.45999908447265625 74.089996337890625 73.8000030517578125 73.62000274658203125 73.48999786376953125 73.19000244140625 72.8899993896484375 72.5800018310546875 72.25 72.06999969482421875 71.79000091552734375 71.51000213623046875 71.220001220703125 70.94000244140625 70.45999908447265625 70.0500030517578125 69.81999969482421875 69.529998779296875 69.31999969482421875 69.1100006103515625 68.80999755859375 68.6399993896484375 68.3600006103515625 67.84999847412109375 67.56999969482421875 67.26000213623046875 67.160003662109375
