wildfire/work/fuelmodels/1977/ahn1.asc
ncols        455
nrows        378
xllcorner    195425.000000000000
yllcorner    450100.000000000000
cellsize     5.000000000000
NODATA_value   -999
[rows 266 to 284 of 378, columns 378 to 419 of 455]
87.9499969482421875 87.839996337890625 87.8000030517578125 87.87000274658203125 88.19000244140625 88.23000335693359375 88.34999847412109375 88.65000152587890625 88.12999725341796875 88.12999725341796875 87.95999908447265625 87.910003662109375 87.68000030517578125 87.1999969482421875 87.19000244140625 87.26999664306640625 87.01999664306640625 87.31999969482421875 87.09999847412109375 86.84999847412109375 86.59999847412109375 86 85.720001220703125 85.6699981689453125 85.56999969482421875 85.160003662109375 85.1100006103515625 84.69000244140625 84.51999664306640625 84.34999847412109375 84.37000274658203125 84.3000030517578125 84.3300018310546875 84.5 84.45999908447265625 84.25 83.79000091552734375 83.51000213623046875 82.69000244140625 82.48999786376953125 81.75 81.4199981689453125
88.23000335693359375 88.31999969482421875 88.48000335693359375 88.279998779296875 88.44000244140625 88.45999908447265625 88.12000274658203125 87.98000335693359375 87.8300018310546875 87.910003662109375 87.8600006103515625 87.779998779296875 87.6999969482421875 87.29000091552734375 87.23999786376953125 87.76000213623046875 87.43000030517578125 87.339996337890625 87.26999664306640625 87.48000335693359375 87.12000274658203125 86.5800018310546875 85.59999847412109375 85.220001220703125 85.660003662109375 85.37000274658203125 85.1699981689453125 84.90000152587890625 84.529998779296875 84.31999969482421875 84.30999755859375 84.20999908447265625 84.279998779296875 84.5500030517578125 84.3000030517578125 84.18000030517578125 83.970001220703125 83.6399993896484375 83.3000030517578125 82.73999786376953125 81.8899993896484375 81.4199981689453125
88.6699981689453125 89.01000213623046875 89.04000091552734375 88.589996337890625 88.26999664306640625 88.51000213623046875 88.3000030517578125 87.95999908447265625 87.95999908447265625 87.98000335693359375 87.68000030517578125 87.68000030517578125 87.6100006103515625 87.3899993896484375 87.62999725341796875 87.95999908447265625 87.62999725341796875 87.48999786376953125 87.5800018310546875 87.45999908447265625 87.04000091552734375 86.6999969482421875 86.25 85.1999969482421875 85.25 85.660003662109375 85.06999969482421875 84.84999847412109375 84.5500030517578125 84.34999847412109375 84.19000244140625 83.95999908447265625 84.15000152587890625 84.34999847412109375 83.81999969482421875 83.90000152587890625 83.839996337890625 83.1100006103515625 82.80999755859375 82.720001220703125 81.40000152587890625 81.12000274658203125
89.23999786376953125 89.279998779296875 89.1699981689453125 88.73999786376953125 88.55999755859375 88.529998779296875 88.779998779296875 88.34999847412109375 88.05999755859375 87.79000091552734375 87.6699981689453125 87.54000091552734375 87.589996337890625 87.40000152587890625 87.75 88 87.6399993896484375 87.779998779296875 87.62000274658203125 87.410003662109375 87.01999664306640625 86.779998779296875 86.51000213623046875 85.80999755859375 84.84999847412109375 85.3600006103515625 85.3300018310546875 84.8300018310546875 84.56999969482421875 84.34999847412109375 84.12000274658203125 83.94000244140625 83.87000274658203125 83.910003662109375 83.70999908447265625 83.4199981689453125 83.1999969482421875 83.06999969482421875 82.529998779296875 81.95999908447265625 81.4499969482421875 80.839996337890625
89.62000274658203125 89.48999786376953125 89.1999969482421875 89.0500030517578125 89.1699981689453125 88.660003662109375 88.470001220703125 88.3600006103515625 88.3000030517578125 88.23000335693359375 87.62000274658203125 87.51000213623046875 87.529998779296875 87.48000335693359375 87.589996337890625 88.089996337890625 87.59999847412109375 87.5500030517578125 87.56999969482421875 87.4499969482421875 87.339996337890625 87.12000274658203125 86.56999969482421875 86.220001220703125 85.15000152587890625 85.04000091552734375 85.05999755859375 84.81999969482421875 84.68000030517578125 84.3000030517578125 84.089996337890625 83.87000274658203125 83.839996337890625 83.68000030517578125 83.6100006103515625 83.4499969482421875 83.26000213623046875 82.90000152587890625 82.01000213623046875 81.470001220703125 81.26999664306640625 81.160003662109375
90.0500030517578125 89.62000274658203125 89.5500030517578125 89.339996337890625 89.37000274658203125 88.87999725341796875 88.75 88.45999908447265625 88.529998779296875 88.59999847412109375 87.70999908447265625 87.470001220703125 87.3000030517578125 87.1100006103515625 87.44000244140625 87.70999908447265625 87.51999664306640625 87.62999725341796875 87.62000274658203125 87.48999786376953125 87.8000030517578125 87.37999725341796875 86.98000335693359375 86.37999725341796875 85.59999847412109375 85.06999969482421875 84.910003662109375 84.6100006103515625 84.51000213623046875 84.25 84.0500030517578125 83.70999908447265625 83.68000030517578125 83.6699981689453125 83.5500030517578125 83.55999755859375 83.29000091552734375 82.5 81.75 81.55999755859375 81.90000152587890625 81.93000030517578125
90 89.62000274658203125 89.779998779296875 89.87999725341796875 89.44000244140625 89.1999969482421875 89.220001220703125 88.76999664306640625 88.4499969482421875 88.26999664306640625 87.90000152587890625 87.5800018310546875 87.3899993896484375 87.30999755859375 87.45999908447265625 87.720001220703125 88.0800018310546875 88.44000244140625 88.3000030517578125 87.84999847412109375 87.75 87.25 86.87000274658203125 86.59999847412109375 85.68000030517578125 85.19000244140625 84.80999755859375 84.5 84.45999908447265625 84.34999847412109375 84.05999755859375 83.73999786376953125 83.75 83.62999725341796875 83.55999755859375 83.43000030517578125 83.18000030517578125 82.160003662109375 81.8300018310546875 82.34999847412109375 82.69000244140625 82.56999969482421875
90.31999969482421875 90.06999969482421875 90.23000335693359375 90.4499969482421875 89.4499969482421875 89.37000274658203125 89.29000091552734375 89.05999755859375 88.73999786376953125 88.51999664306640625 88.3600006103515625 87.87000274658203125 87.76000213623046875 87.470001220703125 87.43000030517578125 87.6100006103515625 88.06999969482421875 88.94000244140625 88.839996337890625 88.48000335693359375 88.19000244140625 87.81999969482421875 87.25 86.90000152587890625 86.06999969482421875 85.40000152587890625 84.660003662109375 84.529998779296875 84.3899993896484375 84.3600006103515625 84 83.910003662109375 83.8000030517578125 83.720001220703125 83.6100006103515625 83.410003662109375 83.12999725341796875 82.43000030517578125 82.29000091552734375 82.94000244140625 83.6999969482421875 82.56999969482421875
90.23000335693359375 90.37000274658203125 90.43000030517578125 90.23999786376953125 89.470001220703125 89.470001220703125 89.51000213623046875 89.37999725341796875 89.1399993896484375 88.839996337890625 88.90000152587890625 88.529998779296875 87.98999786376953125 87.73999786376953125 87.51000213623046875 87.5500030517578125 88.1699981689453125 88.62999725341796875 88.8300018310546875 88.54000091552734375 88.37000274658203125 88.23999786376953125 87.51000213623046875 86.84999847412109375 85.9499969482421875 85.6100006103515625 84.6699981689453125 84.55999755859375 84.40000152587890625 84.29000091552734375 84.06999969482421875 83.94000244140625 83.87000274658203125 83.8600006103515625 83.62999725341796875 83.220001220703125 82.910003662109375 82.62000274658203125 82.6100006103515625 83.76000213623046875 83.62000274658203125 82.1399993896484375
90.23999786376953125 90.44000244140625 90.34999847412109375 89.9199981689453125 89.6999969482421875 89.65000152587890625 89.660003662109375 89.76999664306640625 89.4499969482421875 89.51000213623046875 88.90000152587890625 89.19000244140625 88.51999664306640625 87.93000030517578125 87.5500030517578125 87.48000335693359375 87.970001220703125 88.410003662109375 88.6699981689453125 88.09999847412109375 87.73000335693359375 87.51999664306640625 86.98000335693359375 86.65000152587890625 86.12000274658203125 85.62999725341796875 85.23000335693359375 84.5 84.470001220703125 84.31999969482421875 84.160003662109375 84.01999664306640625 83.87999725341796875 83.69000244140625 83.589996337890625 82.970001220703125 82.779998779296875 82.6100006103515625 82.8600006103515625 83.339996337890625 82.6999969482421875 81.87999725341796875
90.6100006103515625 90.660003662109375 90.1999969482421875 90.06999969482421875 89.94000244140625 89.76000213623046875 89.73000335693359375 90.12000274658203125 89.98000335693359375 90.09999847412109375 90.51000213623046875 89.23999786376953125 88.40000152587890625 87.87999725341796875 88.01000213623046875 87.59999847412109375 87.3300018310546875 87.87000274658203125 88.70999908447265625 87.34999847412109375 87.3600006103515625 87 86.8600006103515625 86.589996337890625 86.089996337890625 85.6100006103515625 85.3300018310546875 85.01000213623046875 85.029998779296875 84.410003662109375 84.160003662109375 84.05999755859375 83.9499969482421875 83.8300018310546875 83.51999664306640625 83.18000030517578125 82.40000152587890625 82.23999786376953125 82.410003662109375 82.37000274658203125 82.12000274658203125 81.4499969482421875
89.81999969482421875 89.98000335693359375 90.18000030517578125 90.34999847412109375 89.75 89.8000030517578125 89.84999847412109375 90 89.8300018310546875 89.8300018310546875 89.220001220703125 88.589996337890625 88.18000030517578125 88.25 87.98000335693359375 87.79000091552734375 87.220001220703125 87.06999969482421875 86.94000244140625 86.84999847412109375 86.660003662109375 86.6699981689453125 87.06999969482421875 86.779998779296875 86.25 85.8000030517578125 85.5500030517578125 85.43000030517578125 85.29000091552734375 84.44000244140625 84.29000091552734375 84.26000213623046875 84.26000213623046875 84.089996337890625 83.59999847412109375 83.089996337890625 82.62000274658203125 82.160003662109375 82.089996337890625 81.5500030517578125 81.59999847412109375 81.45999908447265625
89.93000030517578125 90.0500030517578125 90.529998779296875 90.48000335693359375 90.19000244140625 89.910003662109375 89.68000030517578125 89.3000030517578125 89.12000274658203125 88.8300018310546875 88.20999908447265625 88.19000244140625 88.23999786376953125 88.6399993896484375 89.0500030517578125 87.8300018310546875 87.30999755859375 87.15000152587890625 87.029998779296875 86.76000213623046875 86.720001220703125 86.98000335693359375 87.15000152587890625 86.8899993896484375 86.0800018310546875 86.0500030517578125 85.5800018310546875 85.25 84.70999908447265625 84.410003662109375 84.45999908447265625 84.80999755859375 84.410003662109375 84.3000030517578125 83.720001220703125 83.20999908447265625 82.8300018310546875 82.59999847412109375 82.19000244140625 82.05999755859375 82.05999755859375 81.76000213623046875
90.23999786376953125 91.05999755859375 90.80999755859375 90.660003662109375 90.279998779296875 90.1399993896484375 89.76999664306640625 89.3600006103515625 89.09999847412109375 89.23999786376953125 89.529998779296875 89.81999969482421875 89.59999847412109375 89.01000213623046875 88.660003662109375 88.12999725341796875 87.410003662109375 87.26999664306640625 86.720001220703125 86.720001220703125 86.84999847412109375 87.339996337890625 87.1999969482421875 86.93000030517578125 86.06999969482421875 85.910003662109375 85.6699981689453125 85.29000091552734375 84.80999755859375 84.3899993896484375 84.44000244140625 84.93000030517578125 85.05999755859375 84.910003662109375 84.8300018310546875 84.01999664306640625 83.09999847412109375 82.80999755859375 82.44000244140625 82.23000335693359375 82.23000335693359375 82.26999664306640625
90.98999786376953125 90.93000030517578125 90.6399993896484375 90.339996337890625 90.19000244140625 90.26999664306640625 90.1699981689453125 89.90000152587890625 89.76999664306640625 90.26000213623046875 91.09999847412109375 90.76000213623046875 90.75 88.76999664306640625 88.56999969482421875 87.470001220703125 87.29000091552734375 87.220001220703125 86.9499969482421875 86.93000030517578125 86.80999755859375 86.8899993896484375 86.69000244140625 86.87000274658203125 85.90000152587890625 85.779998779296875 85.76000213623046875 85.48000335693359375 84.8899993896484375 84.37000274658203125 84.5 84.73000335693359375 85.160003662109375 85.48999786376953125 85.48000335693359375 84.970001220703125 84.1399993896484375 83.79000091552734375 83.20999908447265625 82.51999664306640625 82.26000213623046875 82.26000213623046875
91.12000274658203125 91.0800018310546875 90.76000213623046875 90.3899993896484375 90.089996337890625 90.29000091552734375 90.19000244140625 89.93000030517578125 90.01999664306640625 91.029998779296875 90.95999908447265625 90.76999664306640625 90.75 88.76999664306640625 88.29000091552734375 87.529998779296875 87.589996337890625 87.4499969482421875 87.3300018310546875 87.51999664306640625 86.98999786376953125 86.65000152587890625 86.48999786376953125 86.26999664306640625 86.01999664306640625 85.73000335693359375 85.62000274658203125 85.48000335693359375 84.8600006103515625 84.470001220703125 84.30999755859375 84.470001220703125 84.98999786376953125 85.43000030517578125 85.54000091552734375 85.40000152587890625 85.589996337890625 85.279998779296875 84.43000030517578125 83.1999969482421875 82.90000152587890625 82.80999755859375
91.15000152587890625 91.1399993896484375 90.94000244140625 90.62000274658203125 90.30999755859375 90.3899993896484375 90.6699981689453125 91.87999725341796875 91.1699981689453125 91.3600006103515625 91 90.720001220703125 90.720001220703125 89.12999725341796875 88.01999664306640625 87.69000244140625 87.910003662109375 88.4199981689453125 87.910003662109375 87.910003662109375 87.68000030517578125 87.029998779296875 86.9499969482421875 86.55999755859375 86.56999969482421875 85.87000274658203125 85.44000244140625 85.1699981689453125 84.8899993896484375 84.59999847412109375 84.279998779296875 84.37999725341796875 84.5800018310546875 84.87999725341796875 84.80999755859375 85.01999664306640625 85.6100006103515625 85.160003662109375 84.69000244140625 83.910003662109375 83.160003662109375 83.15000152587890625
91.01999664306640625 90.8899993896484375 90.81999969482421875 90.4199981689453125 90.69000244140625 90.69000244140625 91.279998779296875 91.73000335693359375 91.18000030517578125 91.279998779296875 90.05999755859375 89.40000152587890625 89.279998779296875 89.12999725341796875 89.12999725341796875 87.75 88.06999969482421875 88.660003662109375 88.3600006103515625 88.26999664306640625 87.9499969482421875 87.1699981689453125 87.04000091552734375 87.05999755859375 86.55999755859375 86.26999664306640625 85.410003662109375 85.1699981689453125 84.95999908447265625 84.55999755859375 84.3899993896484375 84.339996337890625 84.25 84.23999786376953125 84.12000274658203125 84.410003662109375 84.56999969482421875 84.1399993896484375 84.12999725341796875 83.81999969482421875 83.4499969482421875 83.1100006103515625
91.44000244140625 90.84999847412109375 90.59999847412109375 90.6699981689453125 90.8300018310546875 90.8899993896484375 91.75 91.4199981689453125 91.18000030517578125 89.48000335693359375 89.3899993896484375 89.3000030517578125 89.26999664306640625 89.04000091552734375 88.69000244140625 87.84999847412109375 88.01999664306640625 88.56999969482421875 88.720001220703125 88.34999847412109375 88.23999786376953125 87.62000274658203125 87.15000152587890625 86.93000030517578125 86.59999847412109375 86.05999755859375 85.839996337890625 84.910003662109375 84.81999969482421875 84.6100006103515625 84.4499969482421875 84.3600006103515625 84.26999664306640625 84.40000152587890625 84.34999847412109375 83.9499969482421875 83.87999725341796875 83.6999969482421875 83.3000030517578125 83 82.90000152587890625 82.73999786376953125
