wildfire/work/fuelmodels/1977/aspect.asc
ncols        455
nrows        378
xllcorner    195425.000000000000
yllcorner    450100.000000000000
cellsize     5.000000000000
NODATA_value   -999
[rows 209 to 227 of 378, columns 210 to 251 of 455]
11.54656982421875 20.21259307861328125 36.61852264404296875 62.2742767333984375 76.65366363525390625 84.63417816162109375 88.31539154052734375 87.79718017578125 76.21866607666015625 215.5395355224609375 257.7677001953125 260.76934814453125 252.55242919921875 243.2519683837890625 225.55584716796875 219.47161865234375 220.1278076171875 226.8772735595703125 224.3632354736328125 224.3095855712890625 221.0544281005859375 271.7354736328125 341.56427001953125 0.42417418956756591797 15.86568450927734375 19.885004043579101562 12.619311332702636719 43.152378082275390625 50.00048828125 21.250339508056640625 61.6996307373046875 67.72946929931640625 62.5601043701171875 53.129688262939453125 54.018421173095703125 41.268711090087890625 12.030455589294433594 25.3458404541015625 30.963897705078125 37.366870880126953125 19.653110504150390625 65.1232757568359375
10.538896560668945312 25.59160614013671875 49.3738250732421875 68.46120452880859375 68.24703216552734375 61.762447357177734375 68.91628265380859375 59.62129974365234375 47.045719146728515625 23.497432708740234375 263.65869140625 239.2805023193359375 232.0624237060546875 223.423004150390625 205.865325927734375 215.2325286865234375 224.2878875732421875 220.9582061767578125 214.772918701171875 218.0402374267578125 226.5391693115234375 255.7925262451171875 311.378082275390625 340.056488037109375 12.528117179870605469 41.391448974609375 39.495361328125 46.317592620849609375 43.246555328369140625 36.313526153564453125 61.1136932373046875 92.83408355712890625 89.37005615234375 54.2449493408203125 46.73531341552734375 34.26172637939453125 13.782093048095703125 19.884347915649414062 44.06049346923828125 43.636737823486328125 34.216007232666015625 88.0402679443359375
332.240447998046875 41.138858795166015625 58.570491790771484375 63.780315399169921875 60.653766632080078125 64.025360107421875 69.695220947265625 50.711029052734375 60.70916748046875 95.1953582763671875 188.8063201904296875 222.972503662109375 221.8692474365234375 203.1133270263671875 196.586761474609375 203.6138763427734375 212.815948486328125 210.818359375 215.15850830078125 227.2674713134765625 237.0941314697265625 243.2622222900390625 253.5738372802734375 289.48565673828125 34.044586181640625 61.83820343017578125 50.711666107177734375 56.738750457763671875 68.80568695068359375 66.97399139404296875 70.82010650634765625 64.43894195556640625 33.52986907958984375 14.161970138549804688 18.166265487670898438 24.829570770263671875 27.734380722045898438 26.146686553955078125 48.81389617919921875 59.9956817626953125 86.8197174072265625 90.81246185302734375
231.8423004150390625 113.8951873779296875 78.90602874755859375 77.0642852783203125 77.51572418212890625 76.1800537109375 76.39933013916015625 87.61383819580078125 89.30937957763671875 80.6394805908203125 93.17800140380859375 228.0673980712890625 201.8678131103515625 195.750396728515625 200.9494781494140625 202.3796234130859375 208.4700469970703125 206.9583587646484375 216.2945709228515625 223.785888671875 229.0850830078125 233.160552978515625 237.3384857177734375 236.6184234619140625 151.387939453125 86.72991180419921875 77.10655975341796875 82.43828582763671875 90.489593505859375 93.36699676513671875 82.40541839599609375 55.83971405029296875 16.927927017211914062 12.319637298583984375 22.520757675170898438 46.56957244873046875 47.353702545166015625 52.98949432373046875 72.8237457275390625 89.291778564453125 100.63973236083984375 94.6348419189453125
205.1645355224609375 183.219207763671875 136.789520263671875 95.88077545166015625 82.53173828125 78.68979644775390625 84.3636627197265625 96.07163238525390625 120.424163818359375 107.24063873291015625 91.84648895263671875 269.988433837890625 149.035369873046875 206.8003997802734375 215.439605712890625 208.9666290283203125 205.529388427734375 202.9016265869140625 217.4810028076171875 225.99603271484375 233.1937255859375 233.319610595703125 229.024810791015625 215.7420806884765625 200.8277587890625 165.1123809814453125 120.78369140625 119.4755096435546875 111.8007354736328125 107.0188751220703125 83.479827880859375 78.23247528076171875 353.662200927734375 12.995569229125976562 47.936191558837890625 68.318115234375 64.4398345947265625 71.92704010009765625 88.667266845703125 107.0205078125 103.41864776611328125 97.59455108642578125
206.182403564453125 194.8639678955078125 167.78369140625 118.573211669921875 99.96527099609375 95.89688873291015625 96.57526397705078125 96.84310150146484375 109.93257904052734375 129.4279022216796875 170.2176971435546875 173.3668060302734375 144.950897216796875 214.4610748291015625 209.5207061767578125 196.3886260986328125 192.788726806640625 196.3517913818359375 221.2082977294921875 230.65667724609375 231.5192108154296875 225.44183349609375 218.4498138427734375 209.3412017822265625 209.6449432373046875 193.281097412109375 153.302032470703125 145.9046783447265625 140.1284637451171875 152.5918731689453125 124.8231353759765625 97.76458740234375 143.1315155029296875 237.993804931640625 50.441196441650390625 74.445037841796875 92.6623382568359375 105.80218505859375 107.14031219482421875 110.6591033935546875 99.51629638671875 76.390289306640625
215.3730621337890625 198.74078369140625 178.682525634765625 143.3009033203125 123.3712615966796875 111.5649261474609375 105.61339569091796875 112.97679901123046875 110.85430145263671875 120.8217315673828125 161.2498016357421875 171.9826202392578125 174.9576263427734375 196.0728607177734375 194.79608154296875 182.6747589111328125 194.9306488037109375 206.1609954833984375 223.181488037109375 227.6973876953125 222.273162841796875 218.366912841796875 216.1864013671875 208.7020263671875 208.6566314697265625 197.750091552734375 179.1568756103515625 168.6896820068359375 163.482391357421875 173.2896728515625 172.146240234375 167.1952362060546875 163.30072021484375 195.254913330078125 176.2678375244140625 130.4511260986328125 122.39888763427734375 119.4070587158203125 115.75086212158203125 101.00347137451171875 101.142486572265625 83.41632843017578125
210.429168701171875 196.044769287109375 175.2478790283203125 154.1193695068359375 140.8458251953125 127.3458099365234375 121.41149139404296875 141.2930755615234375 140.2300872802734375 138.63238525390625 153.43414306640625 160.513885498046875 184.524658203125 196.8206024169921875 193.62652587890625 191.914825439453125 217.7462615966796875 251.5651092529296875 254.0548248291015625 229.8987884521484375 219.6539154052734375 213.0308837890625 211.3723602294921875 204.2205047607421875 198.615264892578125 202.4394378662109375 200.9091339111328125 184.1219635009765625 169.019195556640625 176.335052490234375 181.4389495849609375 179.390167236328125 176.839080810546875 181.0673065185546875 178.38165283203125 158.26312255859375 143.44683837890625 132.206390380859375 130.235748291015625 113.0322723388671875 123.439422607421875 165.964324951171875
205.01666259765625 196.606658935546875 168.512847900390625 156.690765380859375 151.798065185546875 143.873931884765625 141.282501220703125 146.90814208984375 143.072723388671875 146.4691009521484375 163.871734619140625 161.564849853515625 189.3889617919921875 204.5193634033203125 190.3043365478515625 200.65850830078125 215.6332244873046875 233.701812744140625 229.9696044921875 205.6642913818359375 221.84808349609375 209.227508544921875 210.2561798095703125 207.4362945556640625 193.9498748779296875 203.887969970703125 207.120758056640625 200.2245025634765625 177.8329010009765625 177.996612548828125 181.2187347412109375 177.4790191650390625 184.0847930908203125 174.8669586181640625 178.9704742431640625 169.248870849609375 157.5331878662109375 155.044708251953125 141.40997314453125 120.66827392578125 135.986907958984375 198.4327392578125
201.38671875 193.108917236328125 161.669891357421875 156.2057647705078125 155.129241943359375 150.0235595703125 153.228607177734375 153.970367431640625 143.972625732421875 133.12176513671875 160.5366363525390625 174.6288909912109375 189.554290771484375 209.2324371337890625 201.4669342041015625 200.156524658203125 218.253936767578125 218.506011962890625 209.8266143798828125 212.470123291015625 241.1632232666015625 213.0561676025390625 209.797637939453125 217.199127197265625 199.591766357421875 203.5868377685546875 215.3344268798828125 217.256805419921875 198.43475341796875 185.47662353515625 176.729339599609375 176.1856842041015625 186.3393707275390625 176.5756988525390625 173.7648162841796875 164.1042022705078125 171.0641937255859375 171.5107574462890625 143.285552978515625 122.58233642578125 159.5658721923828125 177.877227783203125
200.9604949951171875 185.922088623046875 153.8466796875 151.042388916015625 156.652008056640625 156.0371246337890625 156.2710723876953125 158.404052734375 164.96661376953125 139.085693359375 139.2361602783203125 182.726470947265625 179.3096771240234375 207.6874237060546875 216.6736602783203125 200.8202056884765625 215.3942718505859375 223.7266693115234375 220.0828094482421875 228.707489013671875 231.67401123046875 205.1154327392578125 196.388671875 212.660125732421875 207.34954833984375 213.1110687255859375 229.267303466796875 224.6946563720703125 210.9632110595703125 189.4616851806640625 176.6722564697265625 187.5940093994140625 196.5564727783203125 183.9003448486328125 162.34967041015625 143.84149169921875 168.6898040771484375 178.7628936767578125 149.5962371826171875 136.3803253173828125 159.3613128662109375 174.92034912109375
195.663818359375 175.7238616943359375 147.87469482421875 139.6159210205078125 147.482208251953125 158.87506103515625 160.073883056640625 149.7140350341796875 175.425506591796875 160.4627227783203125 128.2113189697265625 159.5669097900390625 174.9870758056640625 239.0350494384765625 232.5232696533203125 196.313262939453125 214.8449859619140625 235.5733795166015625 229.204437255859375 232.19842529296875 223.9288330078125 206.1302490234375 191.573974609375 212.90533447265625 234.3346099853515625 230.1270294189453125 229.08502197265625 221.3664398193359375 215.1179046630859375 204.2275543212890625 186.5812835693359375 201.4666748046875 218.7453460693359375 181.50732421875 159.905303955078125 131.5836639404296875 137.68402099609375 177.5624237060546875 154.5917205810546875 136.19342041015625 131.5653839111328125 165.763214111328125
192.2200469970703125 175.6455535888671875 147.99444580078125 139.2533416748046875 136.605621337890625 143.65264892578125 160.66485595703125 160.426544189453125 185.71002197265625 170.7876739501953125 155.8974761962890625 164.98004150390625 214.6963958740234375 260.94219970703125 229.399200439453125 194.41864013671875 241.503387451171875 232.0160064697265625 213.231109619140625 226.2057952880859375 227.51641845703125 217.503692626953125 203.552001953125 237.2250518798828125 264.2884521484375 258.309661865234375 252.29913330078125 236.6883087158203125 217.7928619384765625 224.9998321533203125 220.0999603271484375 237.1992034912109375 249.5370941162109375 188.745849609375 108.43761444091796875 105.376678466796875 120.12480926513671875 183.3654327392578125 144.459625244140625 95.195404052734375 82.74590301513671875 91.3312530517578125
186.527496337890625 179.0204315185546875 163.0723114013671875 158.1479949951171875 155.32244873046875 146.7932891845703125 156.2500152587890625 179.4092559814453125 182.9500579833984375 170.2167205810546875 176.9876861572265625 215.9087371826171875 205.5600128173828125 223.75482177734375 217.0563507080078125 255.0698089599609375 277.35333251953125 264.174530029296875 229.085968017578125 232.124176025390625 226.908050537109375 224.9994659423828125 229.2359466552734375 237.994293212890625 253.072235107421875 281.8887939453125 294.7747802734375 286.259613037109375 273.3665771484375 259.26092529296875 240.3946990966796875 252.7178802490234375 282.264801025390625 334.29071044921875 41.6326904296875 88.47946929931640625 78.3404388427734375 331.503692626953125 39.56085205078125 54.459438323974609375 32.469699859619140625 35.6903533935546875
176.957916259765625 171.4687957763671875 173.389923095703125 170.4835662841796875 168.353424072265625 155.22454833984375 154.4856109619140625 179.9995880126953125 198.4329681396484375 222.509429931640625 240.9464874267578125 224.9973907470703125 190.6185455322265625 226.9732666015625 244.7454833984375 251.56402587890625 262.405242919921875 274.574249267578125 308.659912109375 269.99822998046875 233.1297607421875 227.792236328125 232.3050384521484375 242.8498382568359375 263.95550537109375 266.987091064453125 254.9316864013671875 244.9832916259765625 279.293792724609375 285.59246826171875 259.87469482421875 261.51055908203125 280.068450927734375 12.995569229125976562 88.15181732177734375 66.97399139404296875 28.299753189086914062 348.387420654296875 33.690998077392578125 13.298375129699707031 356.5301513671875 27.700521469116210938
180.87200927734375 163.04412841796875 179.2835540771484375 182.5206451416015625 181.272552490234375 172.3665008544921875 155.556671142578125 177.9537353515625 203.1963043212890625 205.513763427734375 208.740325927734375 224.9994659423828125 257.008209228515625 276.710662841796875 255.2565155029296875 238.7347412109375 232.251708984375 217.6128082275390625 213.23040771484375 208.812103271484375 212.4724884033203125 219.12261962890625 231.340179443359375 248.2785186767578125 254.30133056640625 192.6085357666015625 175.07891845703125 208.4765777587890625 245.3079681396484375 283.706207275390625 310.913787841796875 288.4344482421875 289.194549560546875 2.4194343090057373047 11.513380050659179688 15.708462715148925781 19.249658584594726562 5.4923038482666015625 15.068482398986816406 12.308360099792480469 358.024261474609375 23.026189804077148438
197.1021270751953125 176.6331329345703125 170.33935546875 178.0907440185546875 194.7878875732421875 194.742919921875 178.0922393798828125 179.9995880126953125 169.01727294921875 203.051025390625 234.462066650390625 236.3093719482421875 252.760040283203125 260.2191162109375 192.0938873291015625 234.8645782470703125 246.123809814453125 192.171844482421875 213.5183868408203125 220.6014862060546875 216.5724639892578125 216.3833770751953125 243.4343719482421875 251.1385498046875 241.45916748046875 144.7071990966796875 136.9350128173828125 236.3584747314453125 259.125732421875 289.68646240234375 315.578094482421875 314.999542236328125 319.056549072265625 348.549713134765625 6.4181880950927734375 25.994272232055664062 36.314208984375 22.79592132568359375 0.74364465475082397461 18.812498092651367188 6.7460622787475585938 12.652128219604492188
206.821746826171875 199.3590850830078125 189.4614715576171875 158.1974639892578125 224.9994659423828125 223.6982269287109375 196.92901611328125 189.245635986328125 131.307586669921875 224.9994659423828125 241.698486328125 219.381500244140625 213.90533447265625 218.0451202392578125 163.80999755859375 228.81341552734375 233.530609130859375 163.17919921875 229.9692535400390625 253.9660491943359375 269.998077392578125 297.64385986328125 272.435150146484375 260.16546630859375 260.83709716796875 3.8142979145050048828 29.858884811401367188 314.055999755859375 287.577789306640625 290.077728271484375 301.1531982421875 313.07952880859375 326.792816162109375 349.7154541015625 17.402574539184570312 38.709629058837890625 34.64105987548828125 17.447191238403320312 2.5443892478942871094 22.067901611328125 13.241098403930664062 33.688724517822265625
215.8196563720703125 221.6331787109375 224.9988555908203125 189.46148681640625 257.195159912109375 273.65142822265625 180.006866455078125 181.9733734130859375 152.1026153564453125 189.688385009765625 236.0030364990234375 231.65386962890625 222.3963775634765625 236.767486572265625 235.3064117431640625 264.8056640625 234.039825439453125 181.1698760986328125 236.820648193359375 254.1967010498046875 240.9454803466796875 256.328460693359375 271.3968505859375 269.555450439453125 272.86212158203125 296.3128662109375 348.12890625 320.868682861328125 306.625 305.1656494140625 301.798004150390625 297.50677490234375 307.83563232421875 347.942352294921875 31.052186965942382812 38.780735015869140625 27.517553329467773438 31.102993011474609375 18.434207916259765625 16.630535125732421875 27.216428756713867188 59.2997894287109375
