wildfire/work/fuelmodels/1977/aspect.asc
ncols        455
nrows        378
xllcorner    195425.000000000000
yllcorner    450100.000000000000
cellsize     5.000000000000
NODATA_value   -999
[rows 114 to 132 of 378, columns 0 to 41 of 455]
0 37.567584991455078125 42.954082489013671875 48.066219329833984375 20.118921279907226562 51.739803314208984375 54.223865509033203125 36.304576873779296875 45.000301361083984375 48.4682159423828125 28.009050369262695312 22.567167282104492188 36.1581268310546875 35.1117706298828125 25.880067825317382812 356.63348388671875 337.71392822265625 339.443084716796875 334.141204833984375 333.103179931640625 335.19903564453125 323.5076904296875 335.361236572265625 334.775543212890625 327.264373779296875 351.42138671875 11.205820083618164062 2.6027002334594726562 354.11309814453125 22.671380996704101562 38.6056671142578125 44.99951171875 32.412128448486328125 17.020551681518554688 32.041843414306640625 42.273342132568359375 25.560331344604492188 35.134410858154296875 59.310546875 64.75910186767578125 70.7405242919921875 74.3574981689453125
0 34.113727569580078125 31.130529403686523438 51.2262115478515625 43.314838409423828125 62.198123931884765625 53.28570556640625 27.536211013793945312 40.95024871826171875 44.999542236328125 31.373020172119140625 30.191858291625976562 44.48361968994140625 45.9790496826171875 20.449274063110351562 339.80889892578125 327.906982421875 339.091156005859375 343.382354736328125 339.3487548828125 340.381317138671875 336.249603271484375 337.83270263671875 338.693450927734375 337.379638671875 346.948883056640625 5.1944165229797363281 10.59737396240234375 8.2594470977783203125 31.250719070434570312 40.7806549072265625 39.970806121826171875 30.173578262329101562 21.104906082153320312 44.999897003173828125 48.209674835205078125 32.9055938720703125 48.850505828857421875 57.803768157958984375 63.121761322021484375 78.7992095947265625 72.666656494140625
0 7.8530230522155761719 13.033541679382324219 43.372776031494140625 50.559490203857421875 57.236080169677734375 50.641109466552734375 26.822366714477539062 43.887256622314453125 41.020435333251953125 24.97423553466796875 32.735088348388671875 34.785724639892578125 25.921010971069335938 7.1249513626098632812 341.881866455078125 335.364776611328125 335.223663330078125 334.65289306640625 333.96002197265625 342.92816162109375 353.4998779296875 338.64794921875 337.45599365234375 350.027618408203125 349.1995849609375 355.913330078125 11.309825897216796875 13.627032279968261719 18.621433258056640625 31.148759841918945312 37.25255584716796875 33.970523834228515625 19.462352752685546875 33.419315338134765625 34.99202728271484375 38.4373321533203125 54.28338623046875 51.11554718017578125 58.02594757080078125 61.698974609375 25.8909149169921875
0 353.658477783203125 22.420137405395507812 54.68038177490234375 47.174530029296875 40.8818817138671875 43.8543243408203125 28.559543609619140625 51.188289642333984375 33.81877899169921875 13.050263404846191406 41.729015350341796875 36.16996002197265625 3.3663187026977539062 10.696354866027832031 346.715057373046875 329.035736083984375 334.07989501953125 336.235107421875 336.853668212890625 344.698638916015625 355.913543701171875 337.738311767578125 342.922393798828125 352.762725830078125 335.665374755859375 348.800750732421875 9.8542814254760742188 19.265392303466796875 29.407419204711914062 40.815143585205078125 40.7635955810546875 29.564001083374023438 16.4249267578125 32.905002593994140625 35.46337890625 34.38040924072265625 45.364910125732421875 61.011554718017578125 71.5652008056640625 51.2902374267578125 12.094995498657226562
0 8.446727752685546875 64.91638946533203125 70.01706695556640625 49.053943634033203125 44.18157958984375 43.625118255615234375 15.546074867248535156 34.90854644775390625 28.968240737915039062 13.091660499572753906 59.719146728515625 47.46276092529296875 344.35687255859375 18.43459320068359375 349.47216796875 315.818206787109375 318.438873291015625 327.803192138671875 347.306671142578125 353.659423828125 341.06036376953125 342.20068359375 358.762664794921875 354.9569091796875 342.77178955078125 353.0716552734375 15.813917160034179688 44.522701263427734375 59.55353546142578125 57.723712921142578125 51.202724456787109375 34.065891265869140625 16.927347183227539062 38.99090576171875 38.2901153564453125 40.405879974365234375 65.96239471435546875 69.24554443359375 61.556640625 48.144596099853515625 10.840890884399414062
0 49.39788055419921875 53.637187957763671875 57.242397308349609375 71.8164215087890625 72.4287567138671875 49.763637542724609375 14.280648231506347656 55.256458282470703125 54.210948944091796875 0 42.273342132568359375 36.9954986572265625 4.9274463653564453125 15.851298332214355469 329.82574462890625 305.23004150390625 306.026611328125 315.954071044921875 346.896514892578125 356.774688720703125 340.21490478515625 336.749267578125 359.20892333984375 355.510833740234375 352.7384033203125 3.7083973884582519531 25.920907974243164062 51.9438323974609375 49.466953277587890625 41.020435333251953125 46.54799652099609375 44.999897003173828125 33.6910400390625 64.65393829345703125 68.66314697265625 93.05242919921875 96.820526123046875 71.08496856689453125 48.423725128173828125 38.7176513671875 0.44424322247505187988
0 43.43019866943359375 43.264495849609375 57.994358062744140625 61.12249755859375 34.854526519775390625 23.4839019775390625 30.9637908935546875 60.471233367919921875 24.590089797973632812 345.41912841796875 34.83441162109375 45.855503082275390625 10.060797691345214844 24.962223052978515625 325.242889404296875 298.79046630859375 303.0550537109375 314.4560546875 335.4893798828125 352.850341796875 349.7498779296875 335.85357666015625 351.78009033203125 357.213623046875 1.7152863740921020508 9.2298612594604492188 41.63304901123046875 58.69857025146484375 48.604396820068359375 51.115894317626953125 63.27294921875 67.1908111572265625 73.61121368408203125 65.07071685791015625 71.56472015380859375 80.90975189208984375 67.93218231201171875 49.81356048583984375 49.8135223388671875 33.3498992919921875 359.13092041015625
0 40.17913055419921875 44.265216827392578125 64.93241119384765625 59.534610748291015625 27.606515884399414062 26.350191116333007812 47.1408233642578125 36.218265533447265625 4.350803375244140625 348.976226806640625 41.917758941650390625 33.261425018310546875 14.403697967529296875 27.823820114135742188 335.169586181640625 299.017059326171875 302.259765625 307.803070068359375 316.80816650390625 348.2310791015625 357.824127197265625 347.227874755859375 352.40460205078125 9.352642059326171875 18.435354232788085938 12.464986801147460938 48.28411102294921875 56.1132659912109375 55.49141693115234375 71.56504058837890625 81.253753662109375 71.24135589599609375 39.192646026611328125 30.498956680297851562 66.133880615234375 65.8206939697265625 50.389125823974609375 51.1546783447265625 49.350444793701171875 30.963531494140625 4.5999703407287597656
0 29.054443359375 42.708782196044921875 61.927520751953125 49.76348114013671875 26.564464569091796875 27.847616195678710938 33.08502960205078125 15.421779632568359375 2.6695487499237060547 15.068603515625 36.369281768798828125 17.840192794799804688 28.481603622436523438 28.38555908203125 340.441253662109375 296.649383544921875 292.398895263671875 301.81365966796875 305.339508056640625 345.64990234375 6.9182133674621582031 346.341278076171875 359.99896240234375 24.599964141845703125 31.607858657836914062 28.141683578491210938 53.695713043212890625 66.5223846435546875 70.38182830810546875 72.46010589599609375 68.25916290283203125 51.0084991455078125 39.98565673828125 93.3019256591796875 111.18134307861328125 89.53388214111328125 49.39855194091796875 41.877475738525390625 45.9960784912109375 26.0954437255859375 355.52484130859375
0 12.362460136413574219 39.58280181884765625 52.028583526611328125 12.209185600280761719 16.293819427490234375 23.866102218627929688 8.1304197311401367188 8.7257900238037109375 9.3144998550415039062 37.130893707275390625 39.80571746826171875 14.858647346496582031 50.8151702880859375 36.209804534912109375 333.276763916015625 301.11456298828125 286.163543701171875 290.578582763671875 294.313323974609375 330.053741455078125 11.798569679260253906 351.4151611328125 18.434734344482421875 38.0732879638671875 30.593353271484375 42.466197967529296875 71.56467437744140625 87.58846282958984375 84.31591796875 79.77787017822265625 76.544036865234375 65.13565826416015625 68.19875335693359375 88.38210296630859375 86.72954559326171875 38.5173492431640625 29.157419204711914062 31.218095779418945312 40.855312347412109375 11.9761505126953125 349.398284912109375
0 25.523302078247070312 41.256931304931640625 38.12514495849609375 8.9017877578735351562 28.050655364990234375 26.71886444091796875 350.837005615234375 11.528888702392578125 33.689922332763671875 46.941432952880859375 31.209581375122070312 20.508113861083984375 47.51103973388671875 33.440311431884765625 318.613494873046875 296.923095703125 292.13787841796875 291.275634765625 290.7083740234375 310.913726806640625 4.8207235336303710938 5.5717854499816894531 37.438388824462890625 45.000316619873046875 28.100938796997070312 57.338840484619140625 74.54994964599609375 73.53205108642578125 69.88036346435546875 77.84905242919921875 83.09935760498046875 66.25023651123046875 70.0172882080078125 69.16106414794921875 34.6027069091796875 11.90851593017578125 14.349046707153320312 23.921892166137695312 32.288684844970703125 2.0145876407623291016 347.194915771484375
0 41.682018280029296875 52.214023590087890625 47.147380828857421875 41.633365631103515625 27.838094711303710938 8.4404916763305664062 352.567779541015625 14.703661918640136719 39.59583282470703125 27.168115615844726562 16.949619293212890625 28.894552230834960938 38.289569854736328125 27.181528091430664062 333.4349365234375 295.744140625 290.981658935546875 288.955108642578125 290.967742919921875 310.913360595703125 8.1299810409545898438 27.597257614135742188 53.297504425048828125 49.0447998046875 34.142913818359375 70.6099853515625 81.48035430908203125 79.1956634521484375 75.81583404541015625 74.78507232666015625 64.2190704345703125 35.40665435791015625 46.82776641845703125 43.36297607421875 30.068208694458007812 35.166088104248046875 4.5730767250061035156 12.200058937072753906 16.975433349609375 358.90814208984375 346.791290283203125
0 38.06523895263671875 48.251544952392578125 44.256252288818359375 27.68836212158203125 7.2367153167724609375 356.6885986328125 5.0134091377258300781 9.4621820449829101562 31.5039825439453125 22.380247116088867188 12.707461357116699219 26.368579864501953125 29.300004959106445312 23.786252975463867188 353.65948486328125 310.788970947265625 292.01849365234375 286.872100830078125 282.701385498046875 273.3658447265625 102.9941253662109375 50.52850341796875 51.582118988037109375 54.6600341796875 74.47613525390625 97.05768585205078125 98.319854736328125 93.23974609375 75.0182037353515625 70.163604736328125 48.813671112060546875 22.425817489624023438 29.875885009765625 29.3049163818359375 32.26019287109375 37.806583404541015625 349.99066162109375 353.658599853515625 10.750820159912109375 1.0811498165130615234 350.21685791015625
0 34.176517486572265625 37.56878662109375 16.3900909423828125 4.0039439201354980469 12.239239692687988281 10.823378562927246094 14.743889808654785156 18.924327850341796875 34.215335845947265625 21.297260284423828125 11.908395767211914062 19.93251800537109375 34.66710662841796875 27.216190338134765625 0 324.4615478515625 279.111053466796875 261.394866943359375 249.227142333984375 224.49310302734375 193.522979736328125 178.3613739013671875 102.8463134765625 87.990203857421875 92.792572021484375 99.57672882080078125 100.45577239990234375 111.913848876953125 93.89969635009765625 70.54163360595703125 43.33162689208984375 17.904695510864257812 24.749422073364257812 30.379289627075195312 32.811771392822265625 7.4959692955017089844 1.4474380016326904297 11.433208465576171875 18.7993621826171875 4.6000504493713378906 337.022308349609375
0 18.145692825317382812 22.890901565551757812 358.904510498046875 4.6737475395202636719 28.201541900634765625 23.0918731689453125 30.80133819580078125 30.498956680297851562 12.380530357360839844 4.7198848724365234375 13.695774078369140625 14.931994438171386719 53.8416595458984375 49.719844818115234375 0.55594605207443237305 344.05328369140625 283.911346435546875 248.7489013671875 242.5252227783203125 236.4025115966796875 229.8437957763671875 177.8780059814453125 142.7991180419921875 132.3048248291015625 105.01782989501953125 88.9946746826171875 80.32372283935546875 79.2868194580078125 55.1239471435546875 53.842182159423828125 37.288562774658203125 14.153584480285644531 34.4183502197265625 44.363651275634765625 46.287487030029296875 329.7740478515625 16.059450149536132812 47.91025543212890625 9.4621820449829101562 5.5824995040893554688 324.912109375
0 12.86279296875 12.362111091613769531 2.8826000690460205078 28.300287246704101562 53.34372711181640625 35.217815399169921875 28.494670867919921875 21.50086212158203125 7.8538684844970703125 357.796478271484375 5.5277299880981445312 5.8564476966857910156 43.970783233642578125 43.05168914794921875 10.068772315979003906 357.509735107421875 318.432769775390625 277.7645263671875 261.25341796875 254.475311279296875 240.1718902587890625 157.6196746826171875 125.67549896240234375 128.289703369140625 111.0374298095703125 97.01172637939453125 85.08338165283203125 46.317081451416015625 1.7095278501510620117 29.835418701171875 35.362407684326171875 28.523099899291992188 51.753795623779296875 46.41461944580078125 46.272705078125 305.13525390625 134.9996795654296875 34.87522125244140625 348.46441650390625 2.0866994857788085938 348.988861083984375
0 27.428422927856445312 26.994884490966796875 14.743150711059570312 19.384435653686523438 37.632183074951171875 31.640108108520507812 7.9564156532287597656 31.129894256591796875 26.2891998291015625 348.95849609375 343.558807373046875 353.73187255859375 36.735355377197265625 41.347591400146484375 32.735088348388671875 10.30460357666015625 330.185333251953125 313.471435546875 278.382537841796875 273.53900146484375 271.004669189453125 124.04599761962890625 112.61904144287109375 104.742919921875 92.72669219970703125 84.80584716796875 65.82877349853515625 12.692629814147949219 5.8064398765563964844 40.694988250732421875 53.29692840576171875 65.1124114990234375 68.96209716796875 27.524629592895507812 39.856914520263671875 19.653802871704101562 357.545257568359375 344.357086181640625 337.284759521484375 354.573974609375 357.107940673828125
0 44.999897003173828125 30.67670440673828125 352.7745361328125 359.3087158203125 44.427272796630859375 35.727569580078125 2.6747879981994628906 25.953022003173828125 20.799474716186523438 354.6285400390625 326.432861328125 351.304412841796875 63.26284027099609375 59.237339019775390625 60.593090057373046875 35.753528594970703125 305.095001220703125 319.76287841796875 302.318756103515625 283.391693115234375 277.69464111328125 98.97216033935546875 98.12921142578125 82.1165313720703125 75.96358489990234375 65.8283538818359375 34.303539276123046875 9.5442705154418945312 36.74074554443359375 66.21007537841796875 67.77117156982421875 58.422153472900390625 35.035717010498046875 3.0124905109405517578 27.718534469604492188 9.757823944091796875 350.59375 345.173065185546875 335.04461669921875 338.428466796875 350.433013916015625
0 20.078710556030273438 13.670777320861816406 9.46190643310546875 39.9577178955078125 71.0293121337890625 35.980800628662109375 358.5303955078125 12.699038505554199219 18.666921615600585938 5.0428709983825683594 334.11859130859375 43.698665618896484375 77.1520843505859375 68.428466796875 71.38936614990234375 39.98572540283203125 302.00457763671875 296.37127685546875 302.904205322265625 303.4522705078125 328.624237060546875 58.496288299560546875 39.807270050048828125 42.95560455322265625 65.55562591552734375 47.725372314453125 19.074937820434570312 32.704349517822265625 51.934478759765625 47.898529052734375 38.5296173095703125 29.6588592529296875 18.0040283203125 12.93256378173828125 16.011304855346679688 6.2343616485595703125 0.57841205596923828125 349.5621337890625 335.22332763671875 335.264495849609375 0.74476510286331176758
