wildfire/work/fuelmodels/1977/aspect.asc
ncols        455
nrows        378
xllcorner    195425.000000000000
yllcorner    450100.000000000000
cellsize     5.000000000000
NODATA_value   -999
[rows 209 to 227 of 378, columns 0 to 41 of 455]
0 258.00299072265625 243.0195770263671875 231.8812103271484375 225.76324462890625 214.0945587158203125 214.578582763671875 223.0899200439453125 235.243621826171875 240.421875 235.2505035400390625 230.855072021484375 224.9994659423828125 236.5339508056640625 235.953857421875 236.944549560546875 254.744293212890625 262.970062255859375 258.2056884765625 264.1727294921875 304.872467041015625 293.1971435546875 288.433197021484375 14.040068626403808594 48.013401031494140625 323.130218505859375 293.75 304.693878173828125 348.3094482421875 23.552015304565429688 273.36651611328125 274.971099853515625 298.61407470703125 237.5323638916015625 244.3596954345703125 255.411346435546875 247.8332672119140625 234.4617919921875 185.906951904296875 242.649688720703125 248.781768798828125 256.50457763671875
0 278.47039794921875 281.914306640625 287.280548095703125 269.509552001953125 251.8863983154296875 243.433929443359375 249.7741546630859375 246.8008270263671875 244.322296142578125 241.6300048828125 234.344451904296875 228.5210418701171875 250.25262451171875 269.999969482421875 271.50714111328125 273.690155029296875 271.040435791015625 255.618194580078125 251.5652008056640625 272.6424560546875 300.64990234375 349.508514404296875 327.5311279296875 16.186986923217773438 5.4394350051879882812 298.201080322265625 300.962738037109375 350.13299560546875 39.14363861083984375 310.028564453125 301.26287841796875 328.133697509765625 357.613555908203125 319.634490966796875 282.87542724609375 293.55328369140625 329.742889404296875 346.6063232421875 280.783935546875 245.694793701171875 237.92523193359375
0 289.915283203125 294.58929443359375 302.63690185546875 303.260406494140625 299.96142578125 291.5406494140625 278.530792236328125 251.0954437255859375 247.931182861328125 251.905059814453125 252.37664794921875 248.0687255859375 257.691192626953125 273.502716064453125 287.401763916015625 286.048187255859375 299.87591552734375 285.80279541015625 269.999908447265625 270.6585693359375 281.30950927734375 3.3672063350677490234 1.6356462240219116211 328.239593505859375 0.83112132549285888672 318.415985107421875 301.2171630859375 354.803680419921875 26.564016342163085938 318.465576171875 291.61334228515625 307.64788818359375 340.708953857421875 334.852935791015625 309.804656982421875 297.071502685546875 322.351654052734375 354.400360107421875 330.750518798828125 321.339874267578125 290.694671630859375
0 287.948638916015625 286.74920654296875 279.865020751953125 285.163848876953125 303.06982421875 314.999267578125 318.178924560546875 305.538726806640625 262.806365966796875 255.8373870849609375 259.1591796875 267.82470703125 266.93304443359375 264.804931640625 275.855621337890625 286.1435546875 295.70843505859375 310.029327392578125 303.501708984375 290.22320556640625 265.730499267578125 263.6595458984375 339.1436767578125 332.19720458984375 347.621063232421875 303.024261474609375 292.6929931640625 331.92645263671875 4.6000504493713378906 359.998504638671875 314.089691162109375 327.2005615234375 357.454833984375 343.07122802734375 331.259246826171875 328.391357421875 314.999267578125 355.815277099609375 323.128021240234375 323.4263916015625 352.874755859375
0 284.206207275390625 303.260833740234375 304.0181884765625 285.5235595703125 283.535369873046875 296.56390380859375 325.617156982421875 337.930450439453125 289.854522705078125 264.22528076171875 259.094451904296875 268.22796630859375 273.433258056640625 262.613372802734375 253.7391357421875 255.11322021484375 258.33978271484375 277.124298095703125 298.29998779296875 309.804656982421875 292.832611083984375 265.60101318359375 267.709197998046875 304.87396240234375 347.61981201171875 326.88934326171875 308.47943115234375 320.639892578125 359.482879638671875 8.5303182601928710938 327.77801513671875 328.30859375 16.975982666015625 359.089569091796875 325.53765869140625 335.0938720703125 327.20037841796875 343.17877197265625 321.786468505859375 303.688507080078125 322.125946044921875
0 277.6954345703125 295.795745849609375 319.829437255859375 306.76373291015625 296.37213134765625 305.7886962890625 339.62274169921875 341.979522705078125 340.27667236328125 262.874603271484375 256.42864990234375 256.086822509765625 253.02392578125 251.938720703125 243.9699554443359375 235.6690826416015625 237.72369384765625 255.7184295654296875 271.5478515625 307.69415283203125 326.888031005859375 329.82464599609375 301.826690673828125 307.4754638671875 340.6015625 334.8551025390625 320.491485595703125 323.129058837890625 352.982147216796875 12.528779029846191406 331.926971435546875 312.9892578125 20.462274551391601562 7.5942440032958984375 340.74005126953125 338.458587646484375 346.292938232421875 348.976226806640625 340.972564697265625 337.378387451171875 338.197601318359375
0 268.78045654296875 273.16015625 299.054412841796875 303.995208740234375 301.19976806640625 320.439483642578125 344.05389404296875 348.325958251953125 14.68798828125 1.7367031574249267578 278.1302490234375 260.803802490234375 256.55157470703125 254.6381683349609375 247.7824859619140625 242.818634033203125 248.304412841796875 254.8262481689453125 251.2873992919921875 241.0904998779296875 257.735870361328125 297.2547607421875 299.538421630859375 300.762115478515625 325.78314208984375 326.97540283203125 306.3624267578125 305.026947021484375 337.16461181640625 18.69324493408203125 0.00084064214024692773819 328.6259765625 2.7916970252990722656 7.7324414253234863281 348.68994140625 334.722503662109375 338.68194580078125 359.32501220703125 351.673492431640625 344.30975341796875 358.06866455078125
0 263.971923828125 260.6846923828125 268.918609619140625 286.388702392578125 285.591827392578125 300.962371826171875 335.896087646484375 356.98724365234375 21.974365234375 15.751909255981445312 328.70587158203125 274.969573974609375 269.370574951171875 259.562347412109375 246.59405517578125 255.617156982421875 258.929046630859375 252.52484130859375 248.894927978515625 240.945556640625 244.0930633544921875 253.493988037109375 259.775787353515625 266.69677734375 287.2802734375 320.011932373046875 306.72393798828125 274.898681640625 273.99005126953125 35.272686004638671875 358.06964111328125 335.1934814453125 14.299092292785644531 20.461130142211914062 342.09527587890625 332.35382080078125 335.375885009765625 357.372589111328125 355.9134521484375 351.15789794921875 4.028461456298828125
0 265.600433349609375 252.3626556396484375 249.9856719970703125 257.00482177734375 259.339263916015625 252.3682098388671875 216.63446044921875 160.0156402587890625 188.1300201416015625 284.03814697265625 352.872802734375 284.26300048828125 268.22662353515625 280.71142578125 288.43426513671875 270.762847900390625 257.00421142578125 260.36187744140625 262.7467041015625 266.26812744140625 279.359283447265625 291.296417236328125 271.467376708984375 255.9630584716796875 254.2485809326171875 254.4755401611328125 268.78021240234375 268.602447509765625 260.837493896484375 277.12335205078125 312.7969970703125 321.5185546875 23.662242889404296875 12.692337989807128906 343.42041015625 339.81378173828125 344.180572509765625 0.62973439693450927734 4.1442670822143554688 5.9066929817199707031 16.260236740112304688
0 254.1470794677734375 251.317840576171875 248.31719970703125 242.0197906494140625 236.7060394287109375 224.5301055908203125 205.30078125 202.0094146728515625 294.074310302734375 322.764068603515625 349.694091796875 349.11376953125 310.060028076171875 305.76910400390625 323.74591064453125 324.246307373046875 285.255035400390625 279.461822509765625 284.1611328125 284.299468994140625 280.8397216796875 285.7091064453125 320.529266357421875 288.434600830078125 260.638671875 236.6584320068359375 241.8861236572265625 265.399322509765625 279.271697998046875 306.67388916015625 297.474395751953125 292.379730224609375 24.772630691528320312 348.069732666015625 333.8848876953125 339.375762939453125 350.538421630859375 18.435342788696289062 25.559299468994140625 1.2732858657836914062 16.606571197509765625
0 230.28985595703125 249.3042449951171875 257.76318359375 252.9617156982421875 237.295135498046875 237.7237396240234375 252.197174072265625 294.205352783203125 320.805755615234375 331.341766357421875 347.904266357421875 358.3626708984375 348.061279296875 326.426361083984375 325.7838134765625 1.1460049152374267578 328.34765625 290.556060791015625 275.193878173828125 266.759796142578125 269.999847412109375 274.513092041015625 301.463531494140625 317.4893798828125 318.94451904296875 305.908935546875 274.39837646484375 254.84521484375 258.689300537109375 258.689178466796875 260.67645263671875 262.57025146484375 309.560028076171875 310.36395263671875 296.027587890625 296.562164306640625 323.615753173828125 4.2895369529724121094 23.962251663208007812 357.062835693359375 10.71297454833984375
0 253.4427032470703125 254.5203704833984375 254.184814453125 254.290496826171875 259.694366455078125 275.709930419921875 292.506744384765625 307.203826904296875 321.5938720703125 332.795257568359375 346.274017333984375 0.27663743495941162109 6.7661423683166503906 350.610321044921875 321.187713623046875 359.43133544921875 346.19903564453125 321.808563232421875 266.1829833984375 249.726348876953125 253.3000030517578125 255.9627685546875 265.27862548828125 277.027496337890625 295.709747314453125 306.6741943359375 311.187225341796875 274.51373291015625 252.937103271484375 232.8530426025390625 231.1154327392578125 240.801910400390625 273.36529541015625 309.4718017578125 291.031402587890625 266.984771728515625 288.9698486328125 330.751251220703125 14.930989265441894531 3.7425310611724853516 22.166463851928710938
0 335.554534912109375 275.313568115234375 255.618194580078125 256.63958740234375 281.46331787109375 299.103973388671875 304.214935302734375 312.123809814453125 321.7950439453125 332.37335205078125 350.537261962890625 6.6482272148132324219 20.8206329345703125 10.176117897033691406 328.851165771484375 341.938232421875 345.464599609375 2.021831512451171875 33.689990997314453125 266.551788330078125 245.55499267578125 242.160675048828125 253.55859375 245.2239532470703125 242.4174652099609375 258.688446044921875 300.962799072265625 311.184356689453125 282.992767333984375 270.8292236328125 264.610626220703125 258.406951904296875 258.91619873046875 264.804779052734375 348.689239501953125 299.8756103515625 288.868408203125 307.029693603515625 344.74407958984375 3.2400031089782714844 30.154790878295898438
0 340.865936279296875 312.83856201171875 292.067626953125 291.583526611328125 293.599761962890625 298.53363037109375 303.372314453125 310.895294189453125 320.679962158203125 335.83599853515625 6.5328202247619628906 21.278804779052734375 32.390811920166015625 14.796982765197753906 346.108367919921875 331.38909912109375 335.2244873046875 32.7990264892578125 21.036830902099609375 329.469970703125 305.868682861328125 271.50653076171875 245.5559234619140625 234.335296630859375 245.658599853515625 256.428466796875 258.97576904296875 266.1854248046875 279.63653564453125 284.380279541015625 304.79486083984375 303.689361572265625 259.77716064453125 246.6148834228515625 284.036590576171875 305.9088134765625 273.53131103515625 279.3433837890625 300.962005615234375 345.96337890625 33.518157958984375
0 270.000640869140625 292.796356201171875 286.50360107421875 286.974639892578125 286.581634521484375 284.724853515625 288.964813232421875 299.053741455078125 311.114501953125 343.105621337890625 25.93141937255859375 33.99633026123046875 28.217462539672851562 14.489719390869140625 9.4625949859619140625 335.7259521484375 333.85308837890625 22.987659454345703125 350.75311279296875 336.217498779296875 350.111053466796875 338.383758544921875 257.19561767578125 244.7078704833984375 252.1979217529296875 245.2244720458984375 226.789764404296875 230.2738494873046875 255.6192626953125 274.970062255859375 276.910858154296875 280.489990234375 309.642425537109375 292.03570556640625 292.988311767578125 343.30035400390625 265.46136474609375 259.640380859375 281.05609130859375 329.322021484375 18.43524169921875
0 258.6888427734375 275.299652099609375 277.8409423828125 279.81884765625 283.172027587890625 279.98675537109375 279.8582763671875 287.318206787109375 300.360504150390625 346.108154296875 35.417774200439453125 34.380100250244140625 21.903070449829101562 17.280916213989257812 18.03415679931640625 351.468780517578125 334.057037353515625 11.575016021728515625 345.46527099609375 317.245513916015625 344.05340576171875 6.4991235733032226562 14.533017158508300781 274.266845703125 266.422943115234375 277.495208740234375 276.338470458984375 253.36846923828125 255.2031707763671875 257.34722900390625 233.3239593505859375 237.307830810546875 261.430328369140625 277.905792236328125 263.88409423828125 240.944000244140625 287.240570068359375 285.865631103515625 281.30987548828125 301.7003173828125 356.710235595703125
0 283.8143310546875 281.673126220703125 286.974822998046875 289.835174560546875 287.57073974609375 286.37054443359375 289.54498291015625 295.059234619140625 309.011138916015625 358.331329345703125 33.6905517578125 33.260494232177734375 28.378353118896484375 17.24088287353515625 16.189279556274414062 1.3325003385543823242 348.27398681640625 9.1629467010498046875 343.61090087890625 322.12628173828125 259.694366455078125 321.5806884765625 29.356128692626953125 329.93084716796875 280.922210693359375 271.929901123046875 304.28607177734375 307.56640625 258.0701904296875 241.630157470703125 226.3309783935546875 226.1014251708984375 239.5101318359375 243.1516571044921875 250.276397705078125 274.89837646484375 290.853973388671875 297.0498046875 282.380340576171875 252.8962860107421875 267.183258056640625
0 278.745635986328125 273.269927978515625 277.3436279296875 280.06829833984375 283.735595703125 288.34716796875 293.98968505859375 299.698638916015625 310.3636474609375 18.97087860107421875 51.11499786376953125 59.7958221435546875 38.36688232421875 5.1944165229797363281 15.046789169311523438 15.018277168273925781 24.145313262939453125 26.564989089965820312 333.43743896484375 8.1313943862915039062 307.30413818359375 298.610137939453125 359.29168701171875 349.874603271484375 323.129180908203125 293.199005126953125 292.3800048828125 322.813507080078125 335.28045654296875 299.26751708984375 305.5379638671875 311.054656982421875 278.582855224609375 265.814666748046875 250.4073486328125 266.632843017578125 276.0716552734375 270.628631591796875 264.172576904296875 247.0677947998046875 242.10247802734375
0 286.388458251953125 268.408172607421875 266.2840576171875 263.417510986328125 267.255767822265625 268.780548095703125 271.389739990234375 277.210662841796875 269.05999755859375 134.9996795654296875 118.03276824951171875 120.6493682861328125 330.52197265625 343.95001220703125 16.39028167724609375 24.549932479858398438 24.227643966674804688 26.259235382080078125 6.115268707275390625 339.101898193359375 339.67620849609375 294.19256591796875 307.724456787109375 338.19781494140625 340.25140380859375 322.989593505859375 291.31756591796875 291.64276123046875 319.842041015625 318.81298828125 329.574188232421875 329.7967529296875 307.60040283203125 306.027130126953125 281.658966064453125 282.803924560546875 276.66571044921875 248.96136474609375 212.987335205078125 213.05535888671875 221.6329498291015625
