wildfire/work/fuelmodels/1977/aspect.asc
ncols        455
nrows        378
xllcorner    195425.000000000000
yllcorner    450100.000000000000
cellsize     5.000000000000
NODATA_value   -999
[rows 323 to 341 of 378, columns 252 to 293 of 455]
308.018463134765625 305.715850830078125 310.35430908203125 322.7825927734375 325.78350830078125 348.38787841796875 14.443545341491699219 354.2884521484375 310.6031494140625 156.8010406494140625 126.869384765625 134.9977874755859375 209.0528717041015625 99.7812652587890625 80.53670501708984375 42.39481353759765625 352.566314697265625 49.57477569580078125 45.002323150634765625 307.402923583984375 315.680938720703125 312.4300537109375 300.509765625 288.80535888671875 278.745361328125 273.812591552734375 284.7392578125 84.507568359375 88.36350250244140625 106.63100433349609375 140.116851806640625 165.96337890625 274.350677490234375 282.15911865234375 232.1250152587890625 238.0678253173828125 305.533416748046875 274.896820068359375 257.241729736328125 262.64599609375 295.0159912109375 296.923187255859375
280.75042724609375 290.461639404296875 301.7779541015625 321.939849853515625 321.08734130859375 338.74884033203125 59.825916290283203125 84.8058013916015625 138.4686279296875 177.1376800537109375 132.6132965087890625 129.95751953125 185.1935577392578125 170.361480712890625 106.18845367431640625 4.3985233306884765625 21.036710739135742188 81.8691253662109375 93.81153106689453125 287.240570068359375 285.671966552734375 285.77996826171875 281.1771240234375 267.878143310546875 258.50250244140625 246.3357086181640625 186.1474761962890625 127.5390625 114.21099090576171875 126.95059967041015625 138.251861572265625 232.7653656005859375 265.754180908203125 240.690032958984375 226.1014251708984375 264.804931640625 239.035675048828125 194.537139892578125 256.46356201171875 285.46063232421875 300.32318115234375 294.67626953125
280.783538818359375 278.416900634765625 269.42633056640625 250.3014984130859375 218.480743408203125 165.9628143310546875 145.4916839599609375 148.448699951171875 161.966033935546875 190.61932373046875 163.925140380859375 139.5145721435546875 180.00177001953125 187.123565673828125 231.34124755859375 302.005279541015625 49.898799896240234375 72.64603424072265625 3.0132634639739990234 287.3543701171875 278.026336669921875 276.125885009765625 269.574859619140625 262.5682373046875 256.463653564453125 231.2250823974609375 165.114471435546875 136.4878692626953125 112.419921875 115.31258392333984375 146.6345977783203125 283.347930908203125 268.47210693359375 242.04833984375 270.423553466796875 289.09295654296875 21.799097061157226562 131.8190460205078125 272.519927978515625 286.969329833984375 294.92755126953125 274.898529052734375
266.905548095703125 261.6163330078125 238.4375762939453125 201.2504425048828125 189.404998779296875 174.326202392578125 148.4725799560546875 154.057708740234375 161.0037078857421875 171.7137603759765625 188.9138031005859375 195.017852783203125 217.879180908203125 168.6913604736328125 195.642181396484375 235.304656982421875 99.4632720947265625 55.204437255859375 33.23046875 264.172576904296875 265.864593505859375 264.676605224609375 262.491790771484375 257.17047119140625 244.7075042724609375 226.1679840087890625 140.1952667236328125 129.56024169921875 97.3939971923828125 89.24607086181640625 312.562103271484375 301.164031982421875 324.08892822265625 314.999267578125 264.99871826171875 262.43829345703125 59.035247802734375 353.15667724609375 295.321685791015625 287.70013427734375 273.01239013671875 274.84326171875
255.529266357421875 240.3403472900390625 214.742431640625 189.8332366943359375 178.5159149169921875 175.7104034423828125 182.0552520751953125 204.6464996337890625 136.3018951416015625 141.4831085205078125 245.694793701171875 261.529205322265625 167.0084381103515625 156.8016510009765625 166.218841552734375 221.9860992431640625 217.873931884765625 108.43274688720703125 57.52832794189453125 306.25274658203125 271.77825927734375 266.5426025390625 257.419921875 241.29345703125 243.177001953125 263.8109130859375 24.442251205444335938 62.744113922119140625 93.0584564208984375 71.92758941650390625 313.73992919921875 298.809814453125 326.723724365234375 17.744472503662109375 270.7247314453125 242.3536376953125 239.4688568115234375 310.6004638671875 306.434783935546875 304.84539794921875 265.683258056640625 265.531951904296875
237.5279541015625 222.5879364013671875 203.8051300048828125 178.9579925537109375 167.4065399169921875 170.537322998046875 197.5529022216796875 205.6211395263671875 180.417877197265625 184.9694366455078125 263.3323974609375 253.7396240234375 139.5728302001953125 142.4947509765625 163.178558349609375 230.079132080078125 232.1250152587890625 195.642181396484375 63.43698883056640625 312.50921630859375 272.1524658203125 264.0111083984375 260.971923828125 254.3580474853515625 261.869537353515625 273.632415771484375 332.239990234375 75.30286407470703125 82.606231689453125 342.197235107421875 326.7242431640625 331.063507080078125 357.929229736328125 77.8288116455078125 330.942138671875 277.25213623046875 286.698638916015625 287.607086181640625 269.548126220703125 213.3091888427734375 240.8320770263671875 214.487213134765625
214.5914459228515625 215.8107147216796875 198.4342193603515625 171.0270233154296875 161.9276580810546875 165.96337890625 198.867950439453125 215.71563720703125 215.3398590087890625 223.2091827392578125 245.6579742431640625 217.304351806640625 151.1438751220703125 139.5728302001953125 225.0213470458984375 278.842132568359375 282.338104248046875 314.999267578125 343.073211669921875 310.59967041015625 277.814208984375 269.999359130859375 276.13177490234375 287.902862548828125 268.227508544921875 260.469390869140625 223.151458740234375 99.75225830078125 70.3874969482421875 304.969268798828125 307.61328125 4.9502711296081542969 89.16930389404296875 278.973388671875 335.89678955078125 314.15655517578125 278.010009765625 250.640228271484375 224.9994659423828125 224.9994659423828125 219.0532073974609375 171.8697967529296875
248.197265625 228.5764923095703125 190.4908599853515625 179.9986724853515625 171.870086669921875 281.307586669921875 340.2010498046875 288.43426513671875 261.501007080078125 251.1468048095703125 232.5951080322265625 188.12994384765625 185.3551788330078125 213.69012451171875 298.609344482421875 304.93927001953125 318.093353271484375 351.870025634765625 1.3974896669387817383 318.466888427734375 295.200653076171875 293.298858642578125 289.563140869140625 298.60943603515625 295.199615478515625 265.683685302734375 187.5227813720703125 116.00231170654296875 3.0133843421936035156 284.949493408203125 249.834808349609375 151.2382659912109375 110.02567291259765625 304.8233642578125 325.8848876953125 350.7890625 267.435089111328125 228.6908721923828125 235.3749847412109375 239.224884033203125 182.5638580322265625 141.2544708251953125
192.7232208251953125 235.12628173828125 236.312744140625 240.944000244140625 241.7022857666015625 278.131195068359375 285.948028564453125 268.60296630859375 279.245391845703125 275.710296630859375 210.06890869140625 192.9929351806640625 242.101531982421875 291.500244140625 327.153472900390625 313.766998291015625 321.70867919921875 28.010160446166992188 68.96277618408203125 271.39678955078125 283.542877197265625 292.379730224609375 294.81329345703125 295.1668701171875 310.912811279296875 287.35235595703125 153.0033721923828125 176.9860687255859375 311.391204833984375 318.944671630859375 344.19671630859375 106.1126861572265625 336.80169677734375 307.56756591796875 285.707366943359375 352.4058837890625 48.57418060302734375 262.775421142578125 262.69378662109375 207.8236541748046875 172.1164093017578125 170.7541046142578125
190.4070587158203125 248.355499267578125 281.30859375 3.8148396015167236328 243.4518585205078125 201.2492828369140625 195.6417236328125 238.09112548828125 252.680419921875 221.906036376953125 214.213287353515625 281.308319091796875 293.70245361328125 298.360870361328125 317.661834716796875 254.0535888671875 227.2905731201171875 136.5063018798828125 123.30939483642578125 268.151397705078125 273.575347900390625 270.45025634765625 265.06011962890625 272.778717041015625 280.560211181640625 117.64678192138671875 138.8135528564453125 286.38861083984375 307.2122802734375 336.897491455078125 34.611064910888671875 59.534168243408203125 269.2745361328125 266.185882568359375 264.80517578125 304.508148193359375 23.343873977661132812 324.865234375 305.5364990234375 131.9333648681640625 167.5347900390625 236.4812164306640625
342.298370361328125 291.973358154296875 272.8602294921875 341.55987548828125 63.436550140380859375 119.74628448486328125 251.563507080078125 262.14593505859375 234.0899200439453125 221.6331787109375 252.8237762451171875 276.5826416015625 271.27313232421875 257.004730224609375 183.1215667724609375 177.5104522705078125 195.8321533203125 176.4228515625 199.5907135009765625 271.30059814453125 267.074127197265625 256.86541748046875 268.919036865234375 276.582275390625 246.03851318359375 116.2417449951171875 131.0552825927734375 269.999176025390625 263.09381103515625 216.6486358642578125 123.055511474609375 107.91608428955078125 257.22760009765625 184.968414306640625 247.6797027587890625 268.578826904296875 82.6948394775390625 160.9417877197265625 179.9999847412109375 138.8131256103515625 123.6847381591796875 279.811431884765625
349.3455810546875 343.6103515625 346.328094482421875 19.653085708618164062 90.00099945068359375 117.8983001708984375 237.3384857177734375 267.50994873046875 291.036376953125 280.374969482421875 272.9100341796875 213.3660430908203125 221.234649658203125 216.68841552734375 191.3092803955078125 148.601104736328125 175.461883544921875 197.3776397705078125 240.5921173095703125 270.923614501953125 275.193939208984375 258.895599365234375 259.0067138671875 244.65350341796875 183.365509033203125 142.3046417236328125 334.98089599609375 275.63018798828125 232.882293701171875 186.4492950439453125 156.8734588623046875 156.31689453125 257.6187744140625 165.9620819091796875 250.20050048828125 217.724395751953125 161.365142822265625 157.8334503173828125 187.3738861083984375 225.0001068115234375 315.44696044921875 327.143585205078125
327.6331787109375 339.927825927734375 9.8192853927612304688 35.838436126708984375 59.323734283447265625 92.56414031982421875 231.7093658447265625 255.5469970703125 243.4358367919921875 265.06072998046875 239.6213226318359375 164.9813079833984375 226.0405426025390625 203.838287353515625 192.6695404052734375 157.31927490234375 170.4453582763671875 244.8545989990234375 268.2427978515625 275.19427490234375 287.28118896484375 279.7265625 240.5605010986328125 197.0376739501953125 186.131591796875 248.33306884765625 312.1927490234375 312.21624755859375 336.801513671875 4.6000504493713378906 9.4612874984741210938 338.62835693359375 342.30059814453125 357.3970947265625 292.751220703125 188.129669189453125 125.66445159912109375 132.4360198974609375 224.9994659423828125 261.868621826171875 279.92071533203125 276.910125732421875
262.873382568359375 284.46923828125 46.975238800048828125 69.7022552490234375 62.41710662841796875 56.975250244140625 2.1198937892913818359 235.923065185546875 200.9427337646484375 235.6192779541015625 228.2706756591796875 6.3412427902221679688 291.03741455078125 141.7095794677734375 174.400787353515625 171.0272979736328125 246.8008270263671875 282.26409912109375 281.440216064453125 278.333770751953125 285.875701904296875 312.662353515625 293.199432373046875 187.2525787353515625 261.688385009765625 290.897125244140625 295.640472412109375 284.688079833984375 278.5299072265625 27.897443771362304688 74.3571929931640625 256.9993896484375 298.60797119140625 10.007662773132324219 164.7440032958984375 166.6604156494140625 134.180419921875 108.43080902099609375 300.499725341796875 291.222808837890625 270.21710205078125 155.4159393310546875
224.3487701416015625 224.3258056640625 160.6012420654296875 130.683563232421875 110.0934600830078125 76.864593505859375 79.99144744873046875 187.12744140625 211.5507965087890625 225.697784423828125 217.2653656005859375 215.908294677734375 203.1978607177734375 123.68910980224609375 131.729736328125 242.100372314453125 280.1231689453125 287.07562255859375 283.850921630859375 270.854644775390625 256.32769775390625 231.2023468017578125 138.5754241943359375 304.315460205078125 309.715423583984375 318.269500732421875 293.89434814453125 243.79827880859375 235.0792388916015625 160.710693359375 141.2025604248046875 194.0348663330078125 186.952880859375 160.2009735107421875 158.962066650390625 179.153167724609375 182.563568115234375 223.726165771484375 283.93463134765625 289.60675048828125 244.3593292236328125 120.5725250244140625
240.3338165283203125 229.8983917236328125 163.538787841796875 156.94903564453125 176.9066925048828125 139.634918212890625 111.36983489990234375 210.973541259765625 286.926544189453125 214.378692626953125 209.743865966796875 205.114593505859375 193.570770263671875 165.962738037109375 83.6542816162109375 301.29241943359375 282.803436279296875 277.266387939453125 274.397979736328125 273.543365478515625 251.5626220703125 212.59136962890625 205.201934814453125 289.4698486328125 300.164642333984375 343.236663818359375 330.52197265625 271.39691162109375 231.70953369140625 163.3027801513671875 120.46363067626953125 158.746307373046875 149.7742462158203125 149.2310791015625 158.8497314453125 206.2583465576171875 245.896728515625 281.672698974609375 282.698883056640625 232.066253662109375 155.237762451171875 133.7073974609375
257.12432861328125 219.426055908203125 147.77008056640625 159.9046478271484375 201.0376129150390625 184.0852508544921875 107.818511962890625 273.576385498046875 300.960479736328125 94.39899444580078125 198.434478759765625 209.93255615234375 204.4442291259765625 213.8856048583984375 266.053253173828125 304.79571533203125 288.15240478515625 277.74395751953125 272.562713623046875 263.6593017578125 220.364044189453125 277.431427001953125 319.367218017578125 311.283782958984375 307.291748046875 63.43567657470703125 320.190826416015625 288.43603515625 195.2549896240234375 198.4366607666015625 115.34848785400390625 122.4709625244140625 135.4581451416015625 144.057464599609375 280.30316162109375 306.5098876953125 309.2310791015625 300.48260498046875 276.58099365234375 152.7606201171875 147.19390869140625 149.8650665283203125
215.2172698974609375 192.6793975830078125 132.6776580810546875 143.841644287109375 246.036773681640625 256.606048583984375 61.9275970458984375 303.230224609375 329.03033447265625 93.015472412109375 359.99481201171875 317.288543701171875 307.874481201171875 259.59088134765625 252.64508056640625 265.50177001953125 285.325775146484375 298.177642822265625 283.078460693359375 246.5722503662109375 268.025482177734375 290.523468017578125 300.475250244140625 305.30206298828125 336.800933837890625 111.97454833984375 233.1313018798828125 291.8026123046875 1.7360213994979858398 332.879058837890625 22.52140045166015625 86.59723663330078125 105.25506591796875 172.56781005859375 258.055877685546875 297.6453857421875 316.60479736328125 288.432525634765625 148.2403564453125 138.5135955810546875 145.1677398681640625 175.325286865234375
206.915618896484375 213.1784820556640625 108.43360137939453125 62.354503631591796875 278.971221923828125 272.28955078125 36.861942291259765625 315.00323486328125 318.57635498046875 356.267913818359375 22.4571380615234375 318.36260986328125 326.3087158203125 347.618804931640625 303.87054443359375 284.499786376953125 282.56671142578125 281.97576904296875 258.690216064453125 282.905853271484375 307.567626953125 288.90386962890625 274.88446044921875 232.732574462890625 172.2071990966796875 145.7846221923828125 299.357574462890625 236.3118896484375 249.22662353515625 302.735382080078125 99.089263916015625 101.00324249267578125 101.44073486328125 288.437164306640625 292.147796630859375 301.949554443359375 339.226409912109375 138.257232666015625 139.722137451171875 143.129852294921875 158.7285919189453125 175.8143157958984375
