wildfire/work/fuelmodels/1977/slope.asc
ncols        455
nrows        378
xllcorner    195425.000000000000
yllcorner    450100.000000000000
cellsize     5.000000000000
NODATA_value   -999
[rows 180 to 197 of 378, columns 120 to 159 of 455]
4.0072507858276367188 4.1469473838806152344 3.5020189285278320312 2.1932895183563232422 2.5251436233520507812 3.2798569202423095703 3.1073822975158691406 2.4707086086273193359 2.3963150978088378906 3.2211022377014160156 3.7213575839996337891 2.8853480815887451172 2.1222498416900634766 3.1592755317687988281 3.9355616569519042969 3.2435894012451171875 3.5406305789947509766 4.5455021858215332031 4.9910154342651367188 5.1292672157287597656 3.9666049480438232422 3.3334658145904541016 3.3466308116912841797 3.6693890094757080078 4.3539395332336425781 3.9015526771545410156 3.0103595256805419922 2.4385344982147216797 2.7089023590087890625 2.5169160366058349609 2.2685482501983642578 3.2630069255828857422 3.7425632476806640625 3.1009671688079833984 3.2510483264923095703 4.7632164955139160156 4.9657692909240722656 4.7350811958312988281 4.3803105354309082031 3.7284064292907714844
3.9108290672302246094 3.9313378334045410156 3.8953578472137451172 3.3713550567626953125 3.5372207164764404297 3.333499908447265625 2.832645416259765625 3.0397601127624511719 3.1878063678741455078 3.333499908447265625 4.0071811676025390625 4.3785905838012695312 3.2251589298248291016 2.6618316173553466797 3.2317044734954833984 3.9134223461151123047 4.4856829643249511719 4.1020140647888183594 4.4222736358642578125 5.9084720611572265625 4.8674168586730957031 4.2849812507629394531 4.3754019737243652344 3.6084115505218505859 4.1367030143737792969 4.5914196968078613281 4.689579010009765625 3.7948405742645263672 3.1456403732299804688 3.4032187461853027344 2.5615372657775878906 2.5096998214721679688 4.004268646240234375 4.2241330146789550781 3.3610825538635253906 3.59272003173828125 3.8797171115875244141 3.9108445644378662109 4.4231753349304199219 5.0341467857360839844
3.1443934440612792969 3.6277222633361816406 3.6572680473327636719 2.6532716751098632812 2.9513220787048339844 3.6565537452697753906 3.5255806446075439453 2.9627661705017089844 2.5251586437225341797 2.8338825702667236328 3.4179103374481201172 4.7770867347717285156 4.9308338165283203125 3.7434070110321044922 2.5293600559234619141 2.8138380050659179688 4.5851559638977050781 4.2277941703796386719 3.4385266304016113281 5.6251420974731445312 6.1995935440063476562 5.2192811965942382812 4.3281307220458984375 3.6138803958892822266 3.8925876617431640625 4.3545427322387695312 5.1507782936096191406 4.8620438575744628906 3.4420650005340576172 3.8292801380157470703 3.4320728778839111328 2.2513468265533447266 2.7776875495910644531 4.3140234947204589844 4.9066476821899414062 4.6757965087890625 4.9066376686096191406 5.4028768539428710938 5.9497780799865722656 6.0053205490112304688
2.5181405544281005859 3.2063124179840087891 4.3150768280029296875 3.0898797512054443359 2.0032763481140136719 3.2349939346313476562 4.567935943603515625 4.1056966781616210938 3.2784359455108642578 3.053691864013671875 2.5016131401062011719 3.5118520259857177734 4.3647141456604003906 4.537014007568359375 3.2766294479370117188 2.0146622657775878906 3.6076493263244628906 4.5590949058532714844 3.4280977249145507812 3.8183672428131103516 4.8703188896179199219 4.5174345970153808594 4.135677337646484375 3.9875733852386474609 3.6211404800415039062 2.8691456317901611328 3.1896953582763671875 3.9754216670989990234 3.314182281494140625 3.832050323486328125 4.7701787948608398438 4.4390001296997070312 3.7159256935119628906 3.4497268199920654297 4.0329227447509765625 4.3227639198303222656 5.0388498306274414062 6.134021759033203125 6.7915863990783691406 6.6684622764587402344
3.2722570896148681641 3.0123531818389892578 3.4619929790496826172 3.8004448413848876953 2.8429543972015380859 2.6767933368682861328 3.408435821533203125 3.4349992275238037109 3.1806313991546630859 3.2251346111297607422 2.4528095722198486328 3.3371613025665283203 3.3558645248413085938 4.14095306396484375 3.8142461776733398438 2.2623081207275390625 2.6525213718414306641 4.5159707069396972656 4.9009757041931152344 3.5128703117370605469 3.8542730808258056641 4.4832944869995117188 4.3241891860961914062 3.8166322708129882812 3.4784181118011474609 3.2331256866455078125 2.5181148052215576172 3.2392418384552001953 3.8151700496673583984 3.67641448974609375 4.9004549980163574219 6.1760907173156738281 5.8062381744384765625 4.8958020210266113281 4.7964329719543457031 4.5200910568237304688 4.4549665451049804688 4.8673777580261230469 5.1480917930603027344 5.8611397743225097656
3.7310824394226074219 3.4297060966491699219 3.4032585620880126953 4.1451554298400878906 3.84839630126953125 2.7178714275360107422 2.6873738765716552734 3.0985562801361083984 3.1503131389617919922 3.5710058212280273438 3.2111561298370361328 3.1865592002868652344 2.4977922439575195312 3.7436361312866210938 4.1512265205383300781 3.2945985794067382812 2.4747536182403564453 2.66770172119140625 4.2489991188049316406 5.027111053466796875 4.5783166885375976562 4.5802631378173828125 5.5704240798950195312 4.7077288627624511719 4.2724862098693847656 4.0077867507934570312 3.514133453369140625 3.4090387821197509766 3.5734302997589111328 3.1366486549377441406 3.6410746574401855469 4.3763551712036132812 4.869049072265625 5.38800048828125 6.2300467491149902344 6.4168076515197753906 6.1363019943237304688 4.5187425613403320312 3.4644927978515625 4.0562815666198730469
3.3905656337738037109 3.6110887527465820312 3.9825081825256347656 4.3260626792907714844 3.7795724868774414062 3.6212155818939208984 3.3061087131500244141 3.4032437801361083984 3.0277528762817382812 3.63897705078125 4.145839691162109375 3.4143643379211425781 1.7964195013046264648 2.4064044952392578125 3.2017321586608886719 3.0735151767730712891 2.8635280132293701172 2.1428945064544677734 1.639971613883972168 3.9125199317932128906 4.5174326896667480469 3.5913515090942382812 5.5624785423278808594 6.0703806877136230469 5.9266490936279296875 4.8508267402648925781 3.6727135181427001953 3.4912161827087402344 3.4019348621368408203 3.018413543701171875 2.9472575187683105469 2.5050837993621826172 3.1591732501983642578 3.7598676681518554688 4.9221467971801757812 5.7529516220092773438 5.44062042236328125 4.7799253463745117188 4.3405895233154296875 4.0697803497314453125
3.0537025928497314453 3.2784597873687744141 2.4747536182403564453 2.5418796539306640625 2.9336252212524414062 3.7013487815856933594 4.3032269477844238281 3.9289922714233398438 2.5082592964172363281 3.1422827243804931641 4.1645531654357910156 3.9912290573120117188 2.9960503578186035156 2.4790875911712646484 2.6017076969146728516 2.2414343357086181641 2.8869347572326660156 2.6410775184631347656 1.4462033510208129883 2.3912172317504882812 3.9134469032287597656 3.3862833976745605469 4.4676718711853027344 6.0137219429016113281 6.849338531494140625 5.7523226737976074219 3.4036784172058105469 3.516567230224609375 4.08330535888671875 4.0970125198364257812 3.8241775035858154297 2.8340847492218017578 2.6995928287506103516 3.3582570552825927734 4.0702490806579589844 4.7968478202819824219 5.5048556327819824219 6.0591683387756347656 5.8645405769348144531 5.2825913429260253906
2.8653099536895751953 3.1567718982696533203 2.7314126491546630859 2.7621195316314697266 2.7885444164276123047 2.5892512798309326172 4.0781350135803222656 4.8938508033752441406 3.5632178783416748047 3.5364675521850585938 3.8226795196533203125 3.6295270919799804688 3.5987758636474609375 3.1965081691741943359 2.6737689971923828125 2.7085366249084472656 3.0858211517333984375 2.3962907791137695312 2.1064755916595458984 2.1691715717315673828 2.7327141761779785156 3.0682373046875 2.8396177291870117188 3.8135740756988525391 6.42168426513671875 6.9874315261840820312 4.4941091537475585938 3.7932457923889160156 4.8139896392822265625 5.2092370986938476562 4.5927286148071289062 3.5717220306396484375 2.1428842544555664062 2.1967222690582275391 2.5579912662506103516 3.0357868671417236328 4.4964971542358398438 5.7846479415893554688 6.0270509719848632812 6.0191969871520996094
3.3393714427947998047 3.5404729843139648438 3.8341796398162841797 4.1027684211730957031 3.4718754291534423828 1.8098638057708740234 3.0682680606842041016 4.203418731689453125 3.6655380725860595703 3.7402851581573486328 4.2030558586120605469 3.9451968669891357422 3.9115114212036132812 3.8983173370361328125 2.9031124114990234375 3.0594792366027832031 3.7296397686004638672 2.1635739803314208984 2.5806319713592529297 3.0813734531402587891 1.1777044534683227539 1.6378505229949951172 2.0363905429840087891 2.3197307586669921875 5.0034976005554199219 7.2082629203796386719 5.8662843704223632812 4.9287662506103515625 5.1060028076171875 4.8761916160583496094 4.1131868362426757812 3.7848181724548339844 1.7887529134750366211 2.0403280258178710938 2.7068796157836914062 2.4864306449890136719 2.1485512256622314453 2.3223285675048828125 2.9703004360198974609 3.6574120521545410156
3.2543342113494873047 3.8089330196380615234 3.1908152103424072266 3.2456042766571044922 3.6947710514068603516 2.2984745502471923828 2.7269587516784667969 3.5812067985534667969 3.4056286811828613281 3.4403018951416015625 4.8566350936889648438 5.0163812637329101562 4.5322527885437011719 4.9589834213256835938 3.689540863037109375 2.6633410453796386719 3.5823276042938232422 2.2940738201141357422 2.7239887714385986328 4.4990506172180175781 2.7129864692687988281 1.793263554573059082 2.5283672809600830078 2.1189177036285400391 2.6950705051422119141 5.4104061126708984375 5.5917959213256835938 5.0993800163269042969 4.2616887092590332031 3.8336162567138671875 3.7634472846984863281 4.1664891242980957031 3.1877622604370117188 3.9748785495758056641 3.7607474327087402344 3.0071268081665039062 2.2729887962341308594 1.5524973869323730469 1.5278638601303100586 2.0301315784454345703
2.4780585765838623047 2.8853247165679931641 2.9596896171569824219 2.9702806472778320312 3.6805274486541748047 2.9982416629791259766 3.0175604820251464844 3.1589834690093994141 2.705547332763671875 2.5764944553375244141 3.3175377845764160156 4.0312552452087402344 3.9087903499603271484 4.9271755218505859375 5.0224161148071289062 4.1469521522521972656 4.603687286376953125 4.2166056632995605469 3.5364778041839599609 4.7377486228942871094 4.1731591224670410156 2.8877799510955810547 3.1873290538787841797 3.0497295856475830078 2.5357758998870849609 3.8668704032897949219 5.1883096694946289062 5.1136388778686523438 4.2985386848449707031 3.7381238937377929688 3.9442923069000244141 3.9780881404876708984 4.2508406639099121094 4.5799846649169921875 3.8209693431854248047 3.4280695915222167969 3.4705438613891601562 3.4539306163787841797 3.2909307479858398438 3.7460999488830566406
1.7368319034576416016 1.7180637121200561523 2.9031345844268798828 3.2442276477813720703 3.7645151615142822266 3.2704193592071533203 3.6406812667846679688 3.3744747638702392578 2.3772032260894775391 2.4528107643127441406 2.9374463558197021484 2.8672320842742919922 3.7239058017730712891 4.4041986465454101562 4.5258021354675292969 4.2099056243896484375 5.3950242996215820312 5.7934069633483886719 4.4259128570556640625 4.5481615066528320312 4.3975439071655273438 3.6902546882629394531 3.6211578845977783203 3.9003682136535644531 3.4711525440216064453 2.5353541374206542969 2.87145233154296875 4.3088445663452148438 4.8513307571411132812 4.464817047119140625 4.5622906684875488281 4.4284262657165527344 3.7159438133239746094 3.6410856246948242188 3.969287872314453125 3.5835955142974853516 3.354656219482421875 4.1392874717712402344 4.812938690185546875 4.9221272468566894531
2.5784819126129150391 1.6745187044143676758 2.4019770622253417969 3.3809154033660888672 4.1244878768920898438 3.4992678165435791016 3.6882443428039550781 3.7402851581573486328 3.4875416755676269531 3.8499217033386230469 3.4875566959381103516 2.4645624160766601562 3.3546261787414550781 4.1263337135314941406 3.2617907524108886719 2.0121042728424072266 3.3141646385192871094 4.1493577957153320312 4.0801901817321777344 3.8859868049621582031 4.4468207359313964844 4.1885046958923339844 3.2091443538665771484 3.3077688217163085938 4.0909228324890136719 3.467784881591796875 2.2216761112213134766 3.0853178501129150391 4.9997754096984863281 5.5034632682800292969 5.3395366668701171875 4.9222245216369628906 4.3056702613830566406 4.1098818778991699219 3.469112396240234375 3.317554473876953125 4.3736310005187988281 5.1328186988830566406 5.1628508567810058594 4.6526193618774414062
3.0541882514953613281 2.2649824619293212891 1.6399947404861450195 2.6115925312042236328 4.0258641242980957031 3.6139044761657714844 3.5823585987091064453 2.9636487960815429688 3.0772571563720703125 4.4732842445373535156 3.8183159828186035156 2.0091404914855957031 3.2722818851470947266 3.7425920963287353516 4.5930876731872558594 4.9901027679443359375 3.8082954883575439453 3.9442682266235351562 3.9748852252960205078 2.9415416717529296875 3.8114321231842041016 3.9723367691040039062 3.4236898422241210938 3.8635919094085693359 4.65472412109375 5.1740088462829589844 4.0026259422302246094 2.7262337207794189453 3.3297240734100341797 4.2916007041931152344 4.7419586181640625 4.4765477180480957031 4.4453258514404296875 4.4904985427856445312 4.3946471214294433594 5.614101409912109375 6.3105688095092773438 5.7455563545227050781 5.1741366386413574219 4.6995439529418945312
1.8212921619415283203 2.0607936382293701172 1.4356415271759033203 1.5515154600143432617 2.9677116870880126953 3.4508419036865234375 3.4679768085479736328 2.260791778564453125 1.5048602819442749023 3.5303134918212890625 4.2934460639953613281 3.5501818656921386719 3.9794604778289794922 4.18282318115234375 5.7749714851379394531 5.703121185302734375 4.0921912193298339844 4.5996546745300292969 4.5790982246398925781 3.4137721061706542969 3.5283057689666748047 4.5048689842224121094 4.5432572364807128906 4.4539775848388671875 4.8072896003723144531 4.9173445701599121094 3.9334108829498291016 2.6462175846099853516 2.6633620262145996094 2.9511535167694091797 3.5191218852996826172 3.5914540290832519531 3.7746801376342773438 4.4005055427551269531 5.1803994178771972656 5.8538331985473632812 5.4014725685119628906 5.4203882217407226562 5.6653885841369628906 5.0259265899658203125
1.9142148494720458984 2.5835452079772949219 2.7999532222747802734 2.0679280757904052734 2.3465912342071533203 2.9272267818450927734 3.1636168956756591797 2.7822413444519042969 2.3347418308258056641 2.9472131729125976562 3.7644672393798828125 4.2988634109497070312 4.5043392181396484375 4.7689337730407714844 3.9906201362609863281 3.6622378826141357422 3.4495542049407958984 3.9134476184844970703 4.7346596717834472656 4.2092199325561523438 3.6738266944885253906 4.3387193679809570312 4.340915679931640625 3.2784523963928222656 3.0933346748352050781 3.3152740001678466797 3.4679815769195556641 3.3618988990783691406 3.4910676479339599609 3.3371229171752929688 3.2317323684692382812 3.6607153415679931641 4.6028146743774414062 4.6491765975952148438 4.7385005950927734375 4.8170304298400878906 4.8128209114074707031 5.2600731849670410156 5.3228564262390136719 5.0412640571594238281
1.9383944272994995117 2.1782724857330322266 2.8635282516479492188 2.8841347694396972656 3.0535264015197753906 3.3017928600311279297 4.2546110153198242188 4.3035626411437988281 3.6622436046600341797 3.3433461189270019531 3.0591433048248291016 3.6289503574371337891 2.8530972003936767578 2.6546118259429931641 2.5782537460327148438 3.3478491306304931641 3.17588043212890625 3.0477132797241210938 3.9534747600555419922 4.0940504074096679688 3.4868791103363037109 2.9513428211212158203 2.9161734580993652344 3.1249914169311523438 2.6618142127990722656 2.2136969566345214844 3.1539738178253173828 3.4195237159729003906 3.2995469570159912109 4.0423026084899902344 5.1080155372619628906 5.3487048149108886719 4.6485342979431152344 4.4284262657165527344 5.9539465904235839844 6.8627457618713378906 6.3363184928894042969 5.3164587020874023438 4.6987099647521972656 5.2126307487487792969
