wildfire/work/fuelmodels/1977/slope.asc
ncols        455
nrows        378
xllcorner    195425.000000000000
yllcorner    450100.000000000000
cellsize     5.000000000000
NODATA_value   -999
[rows 324 to 341 of 378, columns 400 to 439 of 455]
3.5576860904693603516 3.5027527809143066406 4.9221467971801757812 2.5337564945220947266 2.3483366966247558594 3.0015940666198730469 0.7563152313232421875 4.3294034004211425781 5.895404815673828125 2.9239604473114013672 0.68685203790664672852 1.5208965539932250977 7.991268157958984375 9.1490697860717773438 5.2477869987487792969 7.2160282135009765625 12.225356101989746094 8.18299102783203125 2.9307019710540771484 2.8401284217834472656 2.6364638805389404297 5.9898166656494140625 5.1173548698425292969 2.0033152103424072266 1.9221189022064208984 1.9500621557235717773 0.59189867973327636719 0.85675674676895141602 2.4626705646514892578 2.9675531387329101562 2.6339821815490722656 2.3996777534484863281 1.7929919958114624023 2.1267755031585693359 2.5847330093383789062 2.2934024333953857422 3.2192060947418212891 4.2803096771240234375 4.5163989067077636719 4.1382875442504882812
3.9814815521240234375 3.7331371307373046875 4.3868589401245117188 1.9969857931137084961 2.8237140178680419922 2.7278778553009033203 2.6873600482940673828 6.4296870231628417969 2.5862851142883300781 2.8608837127685546875 3.5811717510223388672 4.9091920852661132812 10.212475776672363281 8.4490203857421875 6.1558775901794433594 7.2398824691772460938 11.54778289794921875 8.9445066452026367188 1.9979559183120727539 3.5307757854461669922 3.4539499282836914062 4.6827864646911621094 4.4283952713012695312 2.6593501567840576172 2.1831212043762207031 2.3765673637390136719 1.0403352975845336914 0.50912308692932128906 1.9676232337951660156 3.2630155086517333984 3.6076250076293945312 3.03244781494140625 2.4743661880493164062 2.7505698204040527344 2.9980690479278564453 3.1107726097106933594 3.0031199455261230469 2.7385809421539306641 3.1141254901885986328 3.9712998867034912109
4.5730042457580566406 4.6245846748352050781 4.5002965927124023438 2.2136762142181396484 3.8772923946380615234 1.3184190988540649414 5.2169694900512695312 3.2884607315063476562 4.6837558746337890625 5.3942675590515136719 4.4932303428649902344 6.259120941162109375 11.1451263427734375 8.5340776443481445312 5.7647485733032226562 6.4952111244201660156 9.6651897430419921875 7.3466658592224121094 1.6498225927352905273 3.5790863037109375 3.7137172222137451172 3.9189782142639160156 3.2625546455383300781 2.8312053680419921875 3.5307393074035644531 4.2385325431823730469 2.7992310523986816406 1.1472198963165283203 1.6913305521011352539 2.9597153663635253906 3.7489163875579833984 3.1503131389617919922 2.6264503002166748047 2.7261815071105957031 2.6745116710662841797 2.7871198654174804688 2.6148831844329833984 2.2425296306610107422 2.5894055366516113281 3.6428411006927490234
7.5912113189697265625 8.4402065277099609375 6.0733714103698730469 3.9559264183044433594 4.7880411148071289062 3.1089689731597900391 5.2807250022888183594 4.6128849983215332031 7.0601091384887695312 5.0938367843627929688 3.8515250682830810547 5.934101104736328125 9.8748865127563476562 6.2248873710632324219 1.7571176290512084961 4.7884459495544433594 8.1753292083740234375 5.7565236091613769531 1.3566128015518188477 3.2625546455383300781 3.8979189395904541016 3.9340167045593261719 3.183197021484375 2.9291703701019287109 1.9155327081680297852 3.4401214122772216797 3.2111561298370361328 1.5178921222686767578 1.3291070461273193359 2.2495453357696533203 2.7905662059783935547 2.6633651256561279297 2.2925214767456054688 2.215541839599609375 2.3952264785766601562 2.5443031787872314453 2.564304351806640625 2.5591750144958496094 3.2543432712554931641 3.7586436271667480469
6.9955396652221679688 11.431066513061523438 7.2306671142578125 5.202159881591796875 5.624843597412109375 6.4044356346130371094 4.8107123374938964844 5.8496928215026855469 4.0876183509826660156 4.2290444374084472656 3.7714984416961669922 4.8316397666931152344 7.3276004791259765625 5.4300479888916015625 2.5617558956146240234 4.8901195526123046875 7.476627349853515625 5.4086675643920898438 0.71784913539886474609 2.1150949001312255859 3.7859494686126708984 4.224117279052734375 3.1172358989715576172 3.4916617870330810547 1.5908411741256713867 2.5448768138885498047 2.4387481212615966797 1.1529349088668823242 1.5641928911209106445 2.4519975185394287109 2.1914422512054443359 2.5451145172119140625 2.5373466014862060547 2.2353296279907226562 2.2781467437744140625 2.5229411125183105469 2.4114353656768798828 2.3916656970977783203 3.3203203678131103516 3.4203329086303710938
3.5712919235229492188 9.7692270278930664062 4.3679385185241699219 4.1963205337524414062 2.55918121337890625 6.6871361732482910156 2.8931941986083984375 4.8228816986083984375 2.1551513671875 3.0641248226165771484 2.9534099102020263672 4.515087127685546875 6.0485310554504394531 4.0213847160339355469 4.1629877090454101562 5.0159277915954589844 6.245616912841796875 5.6291909217834472656 1.2873383760452270508 1.9407027959823608398 2.5107405185699462891 3.3905887603759765625 3.9269404411315917969 4.4084520339965820312 2.2993617057800292969 2.1341264247894287109 1.8752027750015258789 1.1699450016021728516 1.6022341251373291016 2.7105882167816162109 2.4346170425415039062 2.5155436992645263672 2.7269587516784667969 2.6065440177917480469 2.4520051479339599609 2.7174947261810302734 2.8154506683349609375 2.7621502876281738281 3.4784402847290039062 3.7436532974243164062
5.7473149299621582031 7.0424108505249023438 0.69491964578628540039 1.9941892623901367188 3.5676267147064208984 6.1781287193298339844 0.61204612255096435547 3.2950551509857177734 1.2763118743896484375 0.6112194061279296875 3.1482434272766113281 5.1430263519287109375 5.2993640899658203125 4.1167826652526855469 4.6698594093322753906 5.0867061614990234375 5.9539408683776855469 6.7803721427917480469 2.6890218257904052734 3.8748807907104492188 5.4349446296691894531 6.7577986717224121094 6.5174407958984375 4.9443039894104003906 3.6969671249389648438 2.8905827999114990234 1.3813897371292114258 0.70650643110275268555 0.83520978689193725586 2.0400912761688232422 2.6479482650756835938 2.9779510498046875 3.1863787174224853516 3.2722806930541992188 2.9921624660491943359 3.0027980804443359375 3.3678870201110839844 3.7048695087432861328 3.4950792789459228516 2.5774526596069335938
3.3737015724182128906 2.8919806480407714844 0.43280848860740661621 1.4848563671112060547 5.1963529586791992188 4.0235047340393066406 1.6461714506149291992 2.1805527210235595703 0.28461056947708129883 1.5088981389999389648 3.8566336631774902344 3.1907854080200195312 3.7316236495971679688 4.4857163429260253906 4.9993877410888671875 6.1159267425537109375 6.2003331184387207031 5.6420369148254394531 2.2461526393890380859 3.7473139762878417969 7.0743489265441894531 8.9871540069580078125 9.9393548965454101562 4.9654545783996582031 4.1542401313781738281 5.3088903427124023438 2.5464916229248046875 0.87372606992721557617 1.5463231801986694336 2.2260198593139648438 2.9733216762542724609 3.6343908309936523438 3.6977913379669189453 3.3665204048156738281 2.9921624660491943359 3.1503124237060546875 3.8557198047637939453 4.8844099044799804688 4.02539825439453125 1.6050916910171508789
3.3678681850433349609 2.4293966293334960938 0.85379803180694580078 1.8910878896713256836 3.9340479373931884766 2.0204141139984130859 2.9014270305633544922 2.8454539775848388672 2.1960556507110595703 2.2305765151977539062 3.3393840789794921875 2.0502080917358398438 3.5106656551361083984 5.8566746711730957031 5.8610577583312988281 5.1684260368347167969 4.0528664588928222656 3.1327970027923583984 3.2130513191223144531 2.6364476680755615234 2.6256909370422363281 4.6636991500854492188 9.9938364028930664062 4.2374978065490722656 2.4912767410278320312 5.2735719680786132812 3.5266022682189941406 2.1821908950805664062 1.9425423145294189453 1.9583609104156494141 2.2730231285095214844 2.75738525390625 3.3504254817962646484 3.3803114891052246094 2.9914865493774414062 2.9377646446228027344 3.1605699062347412109 3.0715222358703613281 2.8592939376831054688 2.8172612190246582031
5.5598688125610351562 3.5324635505676269531 1.5462987422943115234 2.1067233085632324219 2.3485279083251953125 2.0679190158843994141 3.0595049858093261719 2.1066744327545166016 1.2678902149200439453 3.1636013984680175781 3.5615262985229492188 3.0219030380249023438 5.3131532669067382812 7.51363372802734375 5.5968708992004394531 3.2575931549072265625 2.3823037147521972656 2.4051527976989746094 3.8237330913543701172 2.5915737152099609375 0.96930480003356933594 4.5860233306884765625 7.0342230796813964844 4.0455265045166015625 2.9473788738250732422 3.9707150459289550781 3.1439006328582763672 3.1141726970672607422 2.3620543479919433594 2.1712634563446044922 2.2810184955596923828 2.2962582111358642578 2.8372416496276855469 3.1605470180511474609 2.762134552001953125 2.9170403480529785156 3.2368907928466796875 2.4661812782287597656 2.2325925827026367188 2.788539886474609375
6.5655293464660644531 4.4277334213256835938 3.4771296977996826172 3.4560182094573974609 2.9784650802612304688 2.9609200954437255859 2.6173946857452392578 0.84542977809906005859 1.8551272153854370117 3.6105902194976806641 2.9636249542236328125 3.069698333740234375 6.1912446022033691406 6.3220272064208984375 3.3719475269317626953 2.4692695140838623047 2.1457021236419677734 2.9547402858734130859 4.4047298431396484375 4.7477397918701171875 4.44170379638671875 6.4077506065368652344 6.2692332267761230469 4.7632098197937011719 3.7662613391876220703 2.6462194919586181641 2.5229368209838867188 2.5355362892150878906 2.4443557262420654297 2.3015561103820800781 1.9802021980285644531 1.8496880531311035156 2.219875335693359375 2.7749154567718505859 2.9840490818023681641 3.0442545413970947266 2.6616539955139160156 1.6201455593109130859 1.9155347347259521484 3.0798652172088623047
6.9396338462829589844 2.5090694427490234375 2.2271740436553955078 3.0855035781860351562 2.4464488029479980469 1.8982968330383300781 1.6865627765655517578 1.8902487754821777344 3.1812911033630371094 3.7311053276062011719 2.3085424900054931641 3.0879371166229248047 5.7418141365051269531 4.9286642074584960938 2.7189803123474121094 3.2442021369934082031 3.2017085552215576172 3.5128221511840820312 3.8525888919830322266 4.0961236953735351562 0.81496202945709228516 5.1473054885864257812 6.8844609260559082031 5.5235724449157714844 3.4420788288116455078 2.1935176849365234375 2.6462066173553466797 2.7615792751312255859 2.2216880321502685547 1.667235255241394043 1.9788994789123535156 2.3671877384185791016 2.2623069286346435547 2.0346076488494873047 2.0934288501739501953 2.1200809478759765625 3.5020189285278320312 4.7351708412170410156 5.1367592811584472656 3.9829854965209960938
7.0095963478088378906 1.0971332788467407227 1.6063150167465209961 2.5072598457336425781 1.271502375602722168 0.79038071632385253906 1.3970700502395629883 2.1388704776763916016 2.8326332569122314453 2.8705708980560302734 2.8159646987915039062 3.9977056980133056641 6.4716472625732421875 6.3237295150756835938 4.7753810882568359375 4.6888284683227539062 3.8480029106140136719 2.1654489040374755859 1.9218492507934570312 3.8352260589599609375 4.7817144393920898438 3.4702484607696533203 6.7615680694580078125 5.4497776031494140625 2.6540355682373046875 2.0301573276519775391 2.3742744922637939453 2.7262401580810546875 2.3223166465759277344 1.0061610937118530273 1.2920267581939697266 1.4093230962753295898 1.8532204627990722656 1.601268768310546875 1.7842168807983398438 2.5040316581726074219 5.8204641342163085938 7.9140744209289550781 10.844683647155761719 8.9626493453979492188
5.6401371955871582031 1.169943690299987793 2.1682507991790771484 2.891971588134765625 1.3381891250610351562 1.5796391963958740234 1.1568595170974731445 0.96613001823425292969 1.5524973869323730469 2.6086909770965576172 3.2617714405059814453 4.3396935462951660156 7.3155674934387207031 5.5049653053283691406 3.3433320522308349609 4.1024074554443359375 3.9000134468078613281 2.565898895263671875 0.9055938720703125 1.2983080148696899414 2.7306826114654541016 2.2210030555725097656 4.1336798667907714844 5.7424449920654296875 3.5949835777282714844 1.8389863967895507812 1.9155126810073852539 2.5058493614196777344 2.9758930206298828125 1.601268768310546875 1.791296839714050293 1.6961187124252319336 1.9320908784866333008 2.1619436740875244141 2.6633739471435546875 2.7740154266357421875 4.9329509735107421875 6.4987335205078125 7.1925640106201171875 11.425546646118164062
4.4097757339477539062 0.64897900819778442383 2.44974517822265625 2.3646383285522460938 0.56653177738189697266 1.1285147666931152344 1.2027838230133056641 1.582226872444152832 2.9609112739562988281 4.2014951705932617188 4.4358320236206054688 5.4182567596435546875 7.4411439895629882812 5.3883156776428222656 3.6864056587219238281 3.4718754291534423828 3.3546545505523681641 2.5774767398834228516 3.5337891578674316406 1.697054743766784668 1.1926736831665039062 0.88751679658889770508 1.9817296266555786133 4.9201869964599609375 4.4793629646301269531 1.961686253547668457 0.65286082029342651367 1.5651782751083374023 2.4254624843597412109 4.8421907424926757812 5.5668110847473144531 4.2664670944213867188 3.1036062240600585938 2.7441349029541015625 3.0030984878540039062 2.5331370830535888672 3.3396663665771484375 7.8717498779296875 1.5008032321929931641 9.687801361083984375
2.8672189712524414062 1.7309411764144897461 2.6678941249847412109 1.6214025020599365234 1.4246838092803955078 1.3245528936386108398 1.5018339157104492188 2.6849415302276611328 4.7689270973205566406 4.599761962890625 3.8801603317260742188 5.7078824043273925781 7.0213575363159179688 6.6352519989013671875 4.6289300918579101562 3.2784647941589355469 2.7856686115264892578 1.1651519536972045898 3.0324270725250244141 1.8943055868148803711 1.1249647140502929688 0.7689431309700012207 0.79802358150482177734 3.0442657470703125 4.2904148101806640625 3.2704224586486816406 1.1669015884399414062 0.64352220296859741211 1.6657520532608032227 2.8488259315490722656 2.5751368999481201172 3.2944550514221191406 2.9627895355224609375 2.4078536033630371094 2.2907419204711914062 2.1189177036285400391 2.2607421875 5.7549576759338378906 4.6811666488647460938 7.9934406280517578125
0.97399926185607910156 2.2807810306549072266 2.4841318130493164062 3.3975622653961181641 4.1822133064270019531 2.9291601181030273438 1.926052093505859375 2.5456864833831787109 5.0861353874206542969 4.4015660285949707031 4.2150912284851074219 5.80323028564453125 6.9806647300720214844 6.0872316360473632812 2.7224791049957275391 2.2533202171325683594 3.1634402275085449219 2.4447767734527587891 3.1990277767181396484 1.7599649429321289062 0.56920456886291503906 0.48674869537353515625 0.24850469827651977539 1.8773784637451171875 3.5972542762756347656 4.4512581825256347656 4.1109075546264648438 5.0977268218994140625 4.2692971229553222656 1.7362012863159179688 2.4397950172424316406 2.8195695877075195312 3.6957392692565917969 2.4387688636779785156 1.6696733236312866211 1.4260975122451782227 0.89601564407348632812 2.1654353141784667969 2.9139075279235839844 3.0523557662963867188
1.71337890625 2.5451145172119140625 3.2585012912750244141 3.4962339401245117188 2.6477460861206054688 3.1073377132415771484 2.3301510810852050781 2.0922482013702392578 5.113140106201171875 4.5342488288879394531 3.6295232772827148438 5.0271191596984863281 6.6774258613586425781 5.3159952163696289062 2.8610470294952392578 2.3609743118286132812 2.2907426357269287109 1.7887288331985473633 3.6066448688507080078 1.3536483049392700195 0.92329353094100952148 1.0167076587677001953 0.23165397346019744873 0.42452207207679748535 1.9406850337982177734 3.6260266304016113281 3.2237446308135986328 3.7741682529449462891 4.4719486236572265625 5.0413508415222167969 4.54238128662109375 3.5875446796417236328 4.3965024948120117188 3.2417366504669189453 2.2500157356262207031 1.6865683794021606445 1.3118594884872436523 1.7385487556457519531 2.2280628681182861328 2.5905857086181640625
