wildfire/work/fuelmodels/1977/slope.asc
ncols        455
nrows        378
xllcorner    195425.000000000000
yllcorner    450100.000000000000
cellsize     5.000000000000
NODATA_value   -999
[rows 126 to 143 of 378, columns 240 to 279 of 455]
6.7030620574951171875 6.2635159492492675781 5.8027853965759277344 5.4405241012573242188 4.3918328285217285156 4.2048826217651367188 4.5808124542236328125 5.1570892333984375 5.7623362541198730469 5.3726572990417480469 5.0324044227600097656 5.0272064208984375 5.7452187538146972656 6.0699248313903808594 5.8724493980407714844 6.4486956596374511719 4.5164275169372558594 3.5191218852996826172 3.9160027503967285156 3.4562802314758300781 4.4833188056945800781 4.8967342376708984375 4.7782034873962402344 5.0220174789428710938 5.2597050666809082031 5.6583399772644042969 6.6421370506286621094 7.12590789794921875 5.11286163330078125 2.2132809162139892578 4.3522167205810546875 6.9032692909240722656 8.7012157440185546875 9.8854780197143554688 10.843628883361816406 14.546816825866699219 18.1846160888671875 18.74310302734375 16.967477798461914062 12.08927154541015625
6.3588471412658691406 5.0509448051452636719 4.6733942031860351562 5.4994287490844726562 5.1254639625549316406 4.9471921920776367188 4.8654627799987792969 5.1379098892211914062 6.5860004425048828125 6.6419963836669921875 5.8479719161987304688 4.6137633323669433594 4.675983428955078125 5.2559213638305664062 4.9958295822143554688 6.5228810310363769531 5.3398561477661132812 4.3261475563049316406 4.7791457176208496094 4.3002820014953613281 4.4877405166625976562 4.56444549560546875 4.565097808837890625 5.0387353897094726562 4.9937090873718261719 4.6693067550659179688 4.3881053924560546875 5.219631195068359375 5.2821326255798339844 3.2025129795074462891 2.9752402305603027344 4.9971547126770019531 6.9852643013000488281 8.2550907135009765625 9.6826353073120117188 13.228215217590332031 17.105512619018554688 17.109663009643554688 16.677003860473632812 15.0650482177734375
7.8449254035949707031 6.3889355659484863281 5.2513279914855957031 5.6672000885009765625 5.6533441543579101562 5.8280682563781738281 5.49176025390625 5.0708723068237304688 5.9124617576599121094 6.2142248153686523438 6.05377197265625 4.6944422721862792969 4.00980377197265625 4.5048804283142089844 4.8641009330749511719 6.0036911964416503906 5.856006622314453125 5.3726863861083984375 4.9820990562438964844 4.5503711700439453125 4.6177358627319335938 4.5464768409729003906 3.8967418670654296875 3.4302959442138671875 3.5790622234344482422 4.0568699836730957031 3.8634545803070068359 3.6382679939270019531 3.3255724906921386719 3.2430894374847412109 2.3637704849243164062 3.3461787700653076172 5.0509390830993652344 6.823131561279296875 9.2051382064819335938 11.895508766174316406 16.120500564575195312 16.416353225708007812 16.112775802612304688 16.886690139770507812
7.4622073173522949219 6.609371185302734375 5.3470940589904785156 5.13408660888671875 4.2308344841003417969 4.4249868392944335938 4.9272294044494628906 4.9604845046997070312 5.6839938163757324219 5.7589244842529296875 5.6440939903259277344 4.99979400634765625 3.5399193763732910156 3.0352544784545898438 4.1396322250366210938 5.244304656982421875 5.0898966789245605469 5.1292672157287597656 4.8379955291748046875 3.5946838855743408203 3.3466475009918212891 3.5581212043762207031 3.2111561298370361328 3.3928532600402832031 3.5717120170593261719 4.2594714164733886719 4.92267608642578125 2.6557548046112060547 1.7008886337280273438 2.0519347190856933594 1.0934177637100219727 1.8087105751037597656 3.6412136554718017578 5.0259451866149902344 8.4369335174560546875 10.279427528381347656 13.650122642517089844 14.648219108581542969 14.546750068664550781 16.682331085205078125
5.8621835708618164062 5.3958687782287597656 5.0640053749084472656 5.4792723655700683594 4.30194854736328125 3.7343661785125732422 4.2806324958801269531 4.2053089141845703125 5.0961260795593261719 5.6833052635192871094 5.1487870216369628906 4.8111286163330078125 4.299930572509765625 3.5353379249572753906 3.0561726093292236328 4.261722564697265625 4.7419805526733398438 4.2044916152954101562 5.062091827392578125 3.695697784423828125 2.8468511104583740234 3.5814752578735351562 3.2745993137359619141 4.0495433807373046875 4.2378664016723632812 4.7431321144104003906 5.1178960800170898438 2.3046495914459228516 2.6576747894287109375 3.3696787357330322266 2.9855468273162841797 1.113612055778503418 2.6339821815490722656 3.8901696205139160156 7.0024290084838867188 9.7785358428955078125 10.787161827087402344 10.291072845458984375 11.363079071044921875 14.907529830932617188
5.9724102020263671875 5.1807851791381835938 5.0027723312377929688 5.5034632682800292969 4.7350749969482421875 3.9423861503601074219 4.2242808341979980469 4.4580340385437011719 4.7226910591125488281 5.4071679115295410156 5.4497475624084472656 4.6889004707336425781 4.0879535675048828125 4.1415987014770507812 2.8610744476318359375 3.3786756992340087891 4.7520914077758789062 3.4989886283874511719 4.6987247467041015625 4.0033931732177734375 2.6017076969146728516 2.7130105495452880859 2.9194436073303222656 4.0712866783142089844 4.712139129638671875 5.4093823432922363281 4.0535001754760742188 2.0845074653625488281 1.5298705101013183594 2.0912995338439941406 2.9720122814178466797 2.3772499561309814453 1.6477336883544921875 3.6430494785308837891 5.9690093994140625 9.4915094375610351562 9.7849912643432617188 7.717334747314453125 8.496761322021484375 11.552500724792480469
5.8981113433837890625 4.5830454826354980469 4.658580780029296875 5.2129826545715332031 4.8963475227355957031 4.6073198318481445312 4.1635985374450683594 4.4728550910949707031 5.036045074462890625 4.7260255813598632812 5.2419414520263671875 5.0188913345336914062 3.8059918880462646484 4.00864410400390625 3.7316467761993408203 3.7801749706268310547 4.7179822921752929688 4.3041291236877441406 4.6863369941711425781 3.7257046699523925781 2.8068287372589111328 2.5985741615295410156 2.5923290252685546875 3.8999979496002197266 4.5186614990234375 5.217250823974609375 3.1092994213104248047 1.4994620084762573242 0.52671968936920166016 0.39357662200927734375 1.7613898515701293945 3.2858793735504150391 2.99217987060546875 2.66619873046875 4.6741733551025390625 8.5551662445068359375 9.5156431198120117188 7.0550055503845214844 6.4477105140686035156 7.4744153022766113281
5.7392649650573730469 4.7419767379760742188 4.5768818855285644531 4.9706263542175292969 4.780429840087890625 4.6509156227111816406 3.9565415382385253906 3.516567230224609375 4.8641123771667480469 4.4458403587341308594 4.9813122749328613281 5.5884914398193359375 4.0762262344360351562 3.7639701366424560547 3.9444105625152587891 4.0086684226989746094 4.1982502937316894531 4.9500970840454101562 5.349720001220703125 4.2332282066345214844 3.8123815059661865234 3.4236700534820556641 3.3534264564514160156 4.2421417236328125 4.2517600059509277344 3.8250696659088134766 2.6318449974060058594 2.7936415672302246094 2.1151044368743896484 1.6886512041091918945 2.3907871246337890625 3.56334686279296875 4.1995630264282226562 2.4360668659210205078 2.2362368106842041016 6.9468679428100585938 8.83153533935546875 8.0380163192749023438 7.7133383750915527344 7.1229653358459472656
5.0973315238952636719 4.9736914634704589844 4.8263339996337890625 5.0485520362854003906 5.1895360946655273438 5.0060315132141113281 4.5860323905944824219 3.66388702392578125 4.336879730224609375 4.2001981735229492188 5.1183786392211914062 6.4261946678161621094 5.3503804206848144531 4.3692083358764648438 4.2217535972595214844 4.5150628089904785156 4.0395407676696777344 4.682796478271484375 5.5096044540405273438 5.3009481430053710938 4.3652939796447753906 3.9324789047241210938 4.6079630851745605469 4.1146788597106933594 3.6432757377624511719 2.4823446273803710938 1.9533991813659667969 3.3334701061248779297 3.2798795700073242188 2.4643857479095458984 2.0759770870208740234 2.8804235458374023438 3.6084599494934082031 4.263294219970703125 2.7051877975463867188 3.9401841163635253906 5.9653501510620117188 7.893157958984375 8.9893541336059570312 7.913150787353515625
4.4694762229919433594 4.6863603591918945312 5.0035958290100097656 5.2735652923583984375 5.6090779304504394531 5.7739019393920898438 5.5906186103820800781 4.7120909690856933594 4.2953600883483886719 3.3019361495971679688 3.6924381256103515625 5.6280059814453125 5.9443545341491699219 5.617950439453125 5.0640053749084472656 4.5547552108764648438 4.1415743827819824219 4.3947739601135253906 4.9091954231262207031 5.5429019927978515625 4.8153519630432128906 4.3937230110168457031 4.8106050491333007812 3.7050194740295410156 3.6738092899322509766 2.5798535346984863281 2.2414293289184570312 2.9170398712158203125 3.5734152793884277344 3.3175284862518310547 2.9995706081390380859 3.4702970981597900391 3.2298617362976074219 4.6638035774230957031 4.4797310829162597656 3.4079816341400146484 1.8835862874984741211 3.4328043460845947266 6.222900390625 6.1771540641784667969
5.2932977676391601562 4.7274966239929199219 4.7009367942810058594 5.0373125076293945312 4.9009485244750976562 5.4898214340209960938 5.8645539283752441406 5.4478058815002441406 5.04795074462890625 4.0746169090270996094 2.9270756244659423828 3.5734345912933349609 3.7317945957183837891 4.1684622764587402344 5.0572509765625 4.4143767356872558594 4.3874011039733886719 4.7647867202758789062 4.9346089363098144531 5.4608306884765625 5.3451995849609375 5.2826061248779296875 4.6909618377685546875 3.1153130531311035156 3.0772750377655029297 3.3455796241760253906 3.5364778041839599609 3.3017976284027099609 3.6427066326141357422 3.7133145332336425781 3.8490386009216308594 3.6816172599792480469 2.8768951892852783203 3.3275482654571533203 4.9050040245056152344 5.8017611503601074219 5.6853237152099609375 4.8196191787719726562 4.2403621673583984375 3.7339568138122558594
6.0345215797424316406 5.0063509941101074219 4.5420441627502441406 4.9857211112976074219 4.7812585830688476562 5.0623064041137695312 5.6962141990661621094 5.4834117889404296875 5.1824698448181152344 5.3394551277160644531 4.0067791938781738281 3.2665565013885498047 3.0789208412170410156 3.3961229324340820312 4.2233071327209472656 4.5494861602783203125 4.8473997116088867188 5.0412554740905761719 5.2924609184265136719 5.5863041877746582031 5.0356225967407226562 5.5297522544860839844 5.1651968955993652344 4.0664224624633789062 3.89325714111328125 3.9577074050903320312 4.4515838623046875 4.5147275924682617188 4.1923589706420898438 3.4679622650146484375 3.7397770881652832031 3.9375095367431640625 3.6651363372802734375 3.7048757076263427734 4.7088885307312011719 5.1824550628662109375 4.706756591796875 4.0147004127502441406 4.2030491828918457031 4.3153929710388183594
6.0799374580383300781 5.5596003532409667969 4.8069844245910644531 4.9987630844116210938 5.0308084487915039062 4.8290143013000488281 5.4603748321533203125 5.3342771530151367188 4.0445380210876464844 4.9787459373474121094 4.9230451583862304688 3.7256517410278320312 3.6410470008850097656 3.8266806602478027344 3.4338269233703613281 4.1146650314331054688 5.119335174560546875 5.0208196640014648438 5.2577924728393554688 5.6155428886413574219 4.3101320266723632812 4.9566369056701660156 5.8463454246520996094 5.9167780876159667969 5.8150229454040527344 5.2621145248413085938 5.2265486717224121094 5.7424373626708984375 6.380947113037109375 5.7581024169921875 5.1081042289733886719 4.8139829635620117188 5.5484309196472167969 5.9226555824279785156 5.2104611396789550781 3.9381160736083984375 3.3286178112030029297 2.9702672958374023438 3.3881976604461669922 3.0867891311645507812
5.5029683113098144531 6.1053166389465332031 5.4980792999267578125 5.086254119873046875 5.086254119873046875 5.1843886375427246094 5.7483119964599609375 6.0971632003784179688 4.5463619232177734375 4.4964919090270996094 5.48487091064453125 4.7205257415771484375 3.8978884220123291016 4.1422247886657714844 3.7043483257293701172 3.8542418479919433594 5.2631058692932128906 5.2891111373901367188 5.0977311134338378906 5.2066135406494140625 4.5201144218444824219 5.0893359184265136719 6.5063576698303222656 6.9731283187866210938 6.8883881568908691406 7.1176381111145019531 6.7379827499389648438 5.9451284408569335938 6.3283987045288085938 6.5835294723510742188 6.1781287193298339844 5.9290876388549804688 6.1239252090454101562 5.6840066909790039062 4.5980181694030761719 3.7932791709899902344 4.0429072380065917969 3.6511695384979248047 3.0789208412170410156 1.6051119565963745117
3.9015262126922607422 5.3192148208618164062 5.8252096176147460938 5.4494800567626953125 4.7119073867797851562 4.990966796875 5.698863983154296875 6.2348232269287109375 5.7254681587219238281 4.6848406791687011719 5.061923980712890625 5.444187164306640625 4.5839066505432128906 4.0046277046203613281 4.4522876739501953125 4.5643839836120605469 5.3085842132568359375 5.51739501953125 5.2989039421081542969 5.1491670608520507812 4.8819108009338378906 4.91156768798828125 6.3423113822937011719 8.6225328445434570312 9.9986133575439453125 10.215954780578613281 9.2208013534545898438 7.3777627944946289062 6.2910990715026855469 6.4621243476867675781 6.3127017021179199219 5.7732934951782226562 4.7758989334106445312 3.3097405433654785156 3.3587083816528320312 3.5683488845825195312 3.5497577190399169922 2.9872851371765136719 2.3560798168182373047 1.6226123571395874023
3.4103643894195556641 4.5330271720886230469 5.2886109352111816406 5.5693306922912597656 4.8028607368469238281 4.0598034858703613281 4.5431132316589355469 5.5111675262451171875 6.1185693740844726562 5.9001679420471191406 5.2365446090698242188 4.9934172630310058594 5.2620635032653808594 4.3346509933471679688 4.3954830169677734375 4.8582625389099121094 5.3921837806701660156 6.10410308837890625 5.9817714691162109375 5.6464557647705078125 5.4502081871032714844 5.5133414268493652344 6.4682698249816894531 8.6108541488647460938 10.79886627197265625 11.097495079040527344 10.540712356567382812 9.6108083724975585938 7.8457484245300292969 7.0116291046142578125 6.4402608871459960938 5.1684479713439941406 3.9189944267272949219 3.2946012020111083984 3.5066251754760742188 4.0227246284484863281 4.2735457420349121094 3.5965437889099121094 2.5516595840454101562 2.2643070220947265625
2.8138337135314941406 4.1003308296203613281 4.3585801124572753906 4.564422607421875 4.9727907180786132812 4.4134449958801269531 4.0066289901733398438 4.9155664443969726562 5.5624785423278808594 6.0703806877136230469 6.1034302711486816406 4.8082261085510253906 5.0867609977722167969 4.9133090972900390625 4.4494600296020507812 4.3041753768920898438 4.9102025032043457031 5.2680068016052246094 5.0419468879699707031 5.4828958511352539062 5.7468976974487304688 6.5658855438232421875 7.1091909408569335938 7.8016633987426757812 8.0273046493530273438 8.0365924835205078125 7.9985404014587402344 8.0897045135498046875 7.0965552330017089844 6.0766940116882324219 5.5757770538330078125 4.83414459228515625 4.1020369529724121094 4.0247507095336914062 3.8008260726928710938 3.640651702880859375 4.24358367919921875 4.3038129806518554688 3.4202902317047119141 2.9995770454406738281
2.7313709259033203125 3.6727018356323242188 4.0822086334228515625 3.9423835277557373047 4.2241387367248535156 4.8357324600219726562 4.5835046768188476562 4.7457051277160644531 4.9460582733154296875 5.1645550727844238281 5.8080821037292480469 5.0496411323547363281 4.7249503135681152344 4.765750885009765625 4.4450101852416992188 4.1659183502197265625 4.7419948577880859375 4.6047163009643554688 4.1422429084777832031 4.9898047447204589844 6.0251955986022949219 6.5085163116455078125 6.6853461265563964844 6.5297908782958984375 4.8060154914855957031 4.333934783935546875 5.1887636184692382812 5.436885833740234375 5.4307475090026855469 5.3384127616882324219 4.9906892776489257812 4.5556569099426269531 4.1802821159362792969 4.844562530517578125 4.7699670791625976562 3.7672007083892822266 3.9166827201843261719 4.4461622238159179688 4.4657397270202636719 4.0568423271179199219
