wildfire/work/fuelmodels/1977/slope.asc
ncols        455
nrows        378
xllcorner    195425.000000000000
yllcorner    450100.000000000000
cellsize     5.000000000000
NODATA_value   -999
[rows 36 to 53 of 378, columns 120 to 159 of 455]
2.5203700065612792969 3.6506631374359130859 4.2125439643859863281 2.9119861125946044922 3.2858250141143798828 3.1908113956451416016 2.7878427505493164062 2.9336490631103515625 3.35176849365234375 3.9021914005279541016 4.9800701141357421875 5.1804323196411132812 4.4765987396240234375 4.8263182640075683594 5.9011964797973632812 6.343414306640625 5.5570111274719238281 5.4071455001831054688 5.7136712074279785156 5.6961903572082519531 6.0514345169067382812 6.0274567604064941406 5.1178712844848632812 4.4648461341857910156 4.8069620132446289062 5.4438323974609375 5.3417897224426269531 5.6988625526428222656 6.645854949951171875 6.5290050506591796875 6.1633973121643066406 6.7708773612976074219 6.6078739166259765625 5.9266695976257324219 5.1507310867309570312 6.0003905296325683594 7.0224165916442871094 6.7047910690307617188 6.3252277374267578125 6.3943910598754882812
2.3205780982971191406 3.0437304973602294922 3.0879411697387695312 2.2774753570556640625 2.9120035171508789062 2.8644101619720458984 2.6700117588043212891 3.4023592472076416016 3.9258015155792236328 3.2907636165618896484 3.4315984249114990234 4.7435464859008789062 5.1843962669372558594 5.1589655876159667969 5.4807157516479492188 5.4474644660949707031 5.417888641357421875 5.2592148780822753906 5.6493496894836425781 6.4402461051940917969 6.7413439750671386719 6.6264662742614746094 5.7378454208374023438 5.25919342041015625 5.3981342315673828125 5.8157286643981933594 5.7031025886535644531 5.4029507637023925781 6.0885729789733886719 6.3296661376953125 6.1953744888305664062 6.5290069580078125 6.4694490432739257812 6.5792756080627441406 5.8440470695495605469 5.2913045883178710938 6.089542388916015625 6.650592803955078125 6.8094930648803710938 6.5663943290710449219
1.9604113101959228516 2.5155155658721923828 3.3734297752380371094 3.5747137069702148438 4.2806415557861328125 4.7226910591125488281 4.2370381355285644531 3.7875201702117919922 3.8604118824005126953 3.6851799488067626953 3.7395920753479003906 4.1380510330200195312 4.49906158447265625 4.2283306121826171875 4.7405972480773925781 4.9775381088256835938 5.6090154647827148438 5.3726863861083984375 4.5747151374816894531 4.7515578269958496094 5.1178622245788574219 5.3403277397155761719 4.9736804962158203125 4.4534010887145996094 4.6888284683227539062 4.8674421310424804688 5.287891387939453125 4.9036502838134765625 5.0639824867248535156 6.0420064926147460938 6.0613961219787597656 6.178813934326171875 6.0854983329772949219 6.7213091850280761719 6.879451751708984375 5.2451105117797851562 5.1193356513977050781 5.7223911285400390625 6.6838326454162597656 7.1006999015808105469
2.7090961933135986328 3.0384027957916259766 3.7928380966186523438 3.8368084430694580078 4.5765581130981445312 5.2126913070678710938 4.5401434898376464844 3.8293039798736572266 3.6312193870544433594 4.50357818603515625 5.4449710845947265625 4.851348876953125 4.50701904296875 4.6577429771423339844 4.9994788169860839844 4.8935580253601074219 4.7453756332397460938 5.145854949951171875 4.4458165168762207031 4.2299752235412597656 4.8238239288330078125 4.5517950057983398438 4.4283852577209472656 5.275371551513671875 5.34888458251953125 4.5950422286987304688 5.3001642227172851562 4.8901791572570800781 4.5808610916137695312 5.5354666709899902344 5.5344705581665039062 6.2003540992736816406 6.5824103355407714844 6.2248659133911132812 6.862457275390625 6.665538787841796875 6.1771755218505859375 5.7780957221984863281 6.1890940666198730469 6.5590395927429199219
4.1138215065002441406 3.9333968162536621094 4.1552333831787109375 3.9184682369232177734 3.4932255744934082031 3.7494647502899169922 4.0415010452270507812 4.3762273788452148438 4.8449826240539550781 5.3369097709655761719 5.3909101486206054688 5.4360222816467285156 5.427127838134765625 5.1571025848388671875 5.3126840591430664062 4.2260503768920898438 3.4985308647155761719 3.9442682266235351562 4.7367658615112304688 4.268207550048828125 4.4566946029663085938 4.8341603279113769531 4.0664038658142089844 4.805362701416015625 5.4182372093200683594 5.1214008331298828125 5.4527077674865722656 5.1657071113586425781 4.8757390975952148438 5.9075870513916015625 5.7199926376342773438 5.4887051582336425781 6.7601161003112792969 6.25417327880859375 5.5581216812133789062 5.5271863937377929688 5.8800096511840820312 6.1382279396057128906 5.6955804824829101562 5.5468578338623046875
3.8938989639282226562 3.8859796524047851562 4.1099033355712890625 4.0568556785583496094 3.8713939189910888672 3.8352360725402832031 4.26895904541015625 4.749538421630859375 4.2417936325073242188 3.5762617588043212891 3.5128498077392578125 3.9844307899475097656 4.9987640380859375 4.0979642868041992188 4.4262356758117675781 4.9690384864807128906 3.8384051322937011719 3.4619734287261962891 4.5783224105834960938 4.4512343406677246094 4.1101498603820800781 4.4674663543701171875 4.074642181396484375 4.39650726318359375 4.9720540046691894531 5.3220462799072265625 4.9250025749206542969 5.4163684844970703125 5.3689260482788085938 5.5450649261474609375 5.7462787628173828125 5.1496725082397460938 6.4996118545532226562 6.8193240165710449219 5.909832000732421875 5.0348958969116210938 5.8412451744079589844 6.5872163772583007812 5.5338664054870605469 5.2165770530700683594
5.6497673988342285156 4.6916995048522949219 3.6715803146362304688 3.546169281005859375 3.9921290874481201172 3.9519650936126708984 3.905071258544921875 4.0184912681579589844 2.6950755119323730469 1.4800986051559448242 1.5325074195861816406 1.8321120738983154297 3.9830338954925537109 3.3641314506530761719 3.6655380725860595703 5.1526904106140136719 4.7520971298217773438 3.5655105113983154297 3.8183431625366210938 4.0086684226989746094 3.7559003829956054688 3.5307364463806152344 4.3753347396850585938 4.2716984748840332031 4.23595428466796875 5.3899369239807128906 5.1080026626586914062 5.6248688697814941406 5.2393250465393066406 5.0763263702392578125 5.4785280227661132812 5.5406928062438964844 6.1986064910888671875 6.6793341636657714844 6.5804390907287597656 6.0590033531188964844 6.6696119308471679688 6.6838550567626953125 6.1513695716857910156 5.9234089851379394531
4.2877340316772460938 4.2947816848754882812 3.5983824729919433594 3.6452581882476806641 3.8949725627899169922 3.5428917407989501953 2.8166775703430175781 3.7294440269470214844 3.1177287101745605469 2.4618647098541259766 2.5607471466064453125 2.6341464519500732422 4.0752515792846679688 4.3647317886352539062 3.8803973197937011719 4.3262338638305664062 5.323760986328125 4.5192103385925292969 3.5191648006439208984 3.532501220703125 4.0404162406921386719 3.8320586681365966797 4.5712628364562988281 4.6485443115234375 4.5431585311889648438 5.931537628173828125 5.988796234130859375 5.9645724296569824219 5.7157015800476074219 5.2513241767883300781 5.2216286659240722656 5.5995793342590332031 5.6955890655517578125 5.9124350547790527344 5.4014725685119628906 5.4872584342956542969 6.4545106887817382812 5.6308646202087402344 5.0603847503662109375 5.8953685760498046875
3.0184044837951660156 3.8320586681365966797 3.5811848640441894531 3.5187096595764160156 3.7891337871551513672 3.2443835735321044922 2.2086808681488037109 3.2149100303649902344 3.6737780570983886719 4.0712857246398925781 4.0512666702270507812 3.5314519405364990234 3.8703277111053466797 4.7571711540222167969 4.3176350593566894531 3.9559350013732910156 5.0367484092712402344 5.5158896446228027344 4.4198517799377441406 3.7331125736236572266 4.0114316940307617188 4.2289247512817382812 4.2924356460571289062 4.8040456771850585938 5.4129528999328613281 5.9226574897766113281 5.9273781776428222656 6.3711709976196289062 6.4026570320129394531 5.6919450759887695312 5.71634674072265625 5.7819232940673828125 5.3580255508422851562 5.78436279296875 5.5210022926330566406 5.6797504425048828125 6.2303743362426757812 5.5356006622314453125 4.6835370063781738281 5.9124202728271484375
3.6517307758331298828 4.0106573104858398438 3.4226164817810058594 3.4430742263793945312 4.3242578506469726562 3.8667230606079101562 2.4230034351348876953 2.7038929462432861328 3.9437649250030517578 3.8457305431365966797 3.7109775543212890625 3.7328319549560546875 3.1903166770935058594 3.6305069923400878906 3.7848420143127441406 3.8859879970550537109 4.5534577369689941406 5.7346720695495605469 5.0226922035217285156 3.9242467880249023438 3.4689629077911376953 3.8772413730621337891 3.7611422538757324219 3.9227168560028076172 5.2066292762756347656 5.496623992919921875 5.1304297447204589844 5.5584688186645507812 6.2073111534118652344 6.1808409690856933594 6.254638671875 5.6289544105529785156 5.3091673851013183594 5.8590788841247558594 6.3224253654479980469 6.3977184295654296875 6.0699744224548339844 5.9548587799072265625 5.4160761833190917969 5.5874776840209960938
3.0815575122833251953 3.0642862319946289062 3.2337613105773925781 3.6968319416046142578 4.4512338638305664062 4.6737184524536132812 3.9620635509490966797 3.5534589290618896484 3.5428957939147949219 3.1048977375030517578 3.2722818851470947266 3.8056235313415527344 4.1058440208435058594 3.759815216064453125 4.2433185577392578125 3.9269464015960693359 4.030513763427734375 5.6269984245300292969 5.5012607574462890625 4.5236573219299316406 3.7525861263275146484 3.9559090137481689453 4.4331660270690917969 4.8785943984985351562 5.4474472999572753906 5.0090699195861816406 4.8336234092712402344 5.3774213790893554688 5.8621702194213867188 6.0265302658081054688 6.1199278831481933594 5.7094540596008300781 5.0961384773254394531 5.5224714279174804688 6.9739708900451660156 7.1986665725708007812 6.5853857994079589844 5.8266921043395996094 5.1481828689575195312 5.7326912879943847656
3.1533534526824951172 3.1903393268585205078 3.0142171382904052734 3.4019110202789306641 4.2838120460510253906 5.0042777061462402344 4.9172916412353515625 3.3650166988372802734 3.1602547168731689453 3.6330263614654541016 3.5325090885162353516 3.3995702266693115234 4.8421082496643066406 4.3368864059448242188 4.5996546745300292969 4.3283643722534179688 3.4361996650695800781 4.3350062370300292969 4.9752969741821289062 4.7547240257263183594 4.1416196823120117188 4.0846514701843261719 4.3950014114379882812 5.2111687660217285156 6.0391941070556640625 4.9760403633117675781 4.920074462890625 5.8131718635559082031 5.7420802116394042969 5.6877126693725585938 6.1912531852722167969 6.1690135002136230469 5.2492966651916503906 5.6856770515441894531 7.1382284164428710938 7.3354945182800292969 6.761806488037109375 6.1408934593200683594 5.8062348365783691406 6.4449367523193359375
3.3696787357330322266 3.3166100978851318359 2.5863058567047119141 2.8267521858215332031 4.0235133171081542969 4.6066713333129882812 5.0349402427673339844 3.8273348808288574219 3.6455271244049072266 4.1245093345642089844 3.5638082027435302734 2.6637392044067382812 3.7121109962463378906 4.0429310798645019531 4.2611541748046875 4.458393096923828125 4.0072989463806152344 4.0358972549438476562 4.2660965919494628906 4.3577713966369628906 4.0384163856506347656 3.3334896564483642578 3.7122130393981933594 4.9115476608276367188 5.6863107681274414062 5.2089433670043945312 5.1370148658752441406 6.341094970703125 6.1506452560424804688 5.3607439994812011719 5.8013024330139160156 6.7882714271545410156 6.2548375129699707031 6.1416187286376953125 6.7299299240112304688 6.7610220909118652344 6.2359442710876464844 6.2828669548034667969 7.3292412757873535156 7.2277393341064453125
3.6274712085723876953 3.9973177909851074219 3.8332571983337402344 3.4730496406555175781 4.0484995841979980469 4.5592069625854492188 4.9593768119812011719 4.5241117477416992188 4.0697803497314453125 4.3178420066833496094 4.4971361160278320312 3.9087789058685302734 4.1954693794250488281 5.0683851242065429688 4.9906110763549804688 4.5164031982421875 4.8323931694030761719 5.023921966552734375 4.9275360107421875 4.2460827827453613281 4.1929402351379394531 3.8114328384399414062 3.9814815521240234375 4.2217397689819335938 4.5222377777099609375 4.763957977294921875 4.5242152214050292969 6.1690135002136230469 6.4436879158020019531 5.3395638465881347656 4.6213011741638183594 6.15801239013671875 7.2139840126037597656 6.5507321357727050781 6.4355502128601074219 6.2738904953002929688 5.8545904159545898438 5.2057356834411621094 6.88089752197265625 7.8872442245483398438
3.9512944221496582031 4.0467443466186523438 4.4294342994689941406 3.9748940467834472656 3.6452045440673828125 4.3711481094360351562 4.5494685173034667969 4.2946667671203613281 4.1625223159790039062 4.4516010284423828125 4.6655440330505371094 4.5676321983337402344 4.2868781089782714844 4.886959075927734375 5.4438562393188476562 4.8463263511657714844 5.2688488960266113281 5.2150259017944335938 5.0373549461364746094 4.3400492668151855469 4.9958243370056152344 5.1753268241882324219 4.1610507965087890625 3.8146336078643798828 3.9844217300415039062 4.5865540504455566406 4.1916255950927734375 6.3683319091796875 6.74273681640625 4.9897809028625488281 4.2217431068420410156 4.7172780036926269531 6.8940525054931640625 7.1133408546447753906 6.7500634193420410156 6.4346208572387695312 6.4100933074951171875 5.7819428443908691406 6.2468967437744140625 7.8631224632263183594
3.9115123748779296875 3.1953833103179931641 3.4044101238250732422 4.07462310791015625 4.0846629142761230469 4.6682286262512207031 4.7076120376586914062 4.3736095428466796875 4.7025814056396484375 4.6760087013244628906 3.9952807426452636719 3.6274385452270507812 3.5214383602142333984 4.2607746124267578125 5.1495833396911621094 4.7204394340515136719 4.6820206642150878906 5.3046870231628417969 5.2007040977478027344 4.0752744674682617188 5.0762228965759277344 5.5903773307800292969 4.8803553581237792969 4.5147318840026855469 4.3622846603393554688 4.8313002586364746094 4.2833390235900878906 6.0177464485168457031 6.5682282447814941406 5.3711562156677246094 4.8588075637817382812 4.2649445533752441406 6.1897954940795898438 7.1715364456176757812 6.93878173828125 6.8321728706359863281 6.583805084228515625 6.6106038093566894531 7.1602072715759277344 7.600368499755859375
3.5403451919555664062 3.6111197471618652344 3.5992016792297363281 4.4765691757202148438 5.2821521759033203125 5.9429264068603515625 5.8529658317565917969 4.8520569801330566406 4.9451045989990234375 4.5790791511535644531 4.3543877601623535156 4.3949985504150390625 4.8228678703308105469 5.2462582588195800781 5.1610226631164550781 4.5494570732116699219 4.3103780746459960938 4.9447031021118164062 5.0041813850402832031 3.9119029045104980469 4.9297075271606445312 5.2303986549377441406 4.8669376373291015625 5.1753482818603515625 4.9557142257690429688 4.8674039840698242188 4.4283933639526367188 5.7220511436462402344 5.5235724449157714844 4.9419689178466796875 5.35037994384765625 5.0655856132507324219 6.4927511215209960938 7.4322118759155273438 7.0950565338134765625 6.7446908950805664062 6.3572335243225097656 6.8048686981201171875 8.0783739089965820312 7.1936297416687011719
3.3614342212677001953 3.5101068019866943359 3.7198369503021240234 4.8495554924011230469 5.10808563232421875 5.097316741943359375 5.8080668449401855469 6.25525665283203125 5.6150903701782226562 4.398807525634765625 3.7523193359375 4.0033755302429199219 4.1190867424011230469 4.7454075813293457031 5.4438309669494628906 4.9966397285461425781 5.1296854019165039062 5.1410517692565917969 4.7009458541870117188 3.5273067951202392578 4.603588104248046875 5.0684833526611328125 4.4658780097961425781 5.1685261726379394531 5.0271096229553222656 4.7674322128295898438 4.6256661415100097656 5.9849462509155273438 5.2711691856384277344 4.3188104629516601562 5.8062567710876464844 6.293727874755859375 6.6255707740783691406 7.117671966552734375 6.6811223030090332031 6.4611325263977050781 6.4484133720397949219 6.8104658126831054688 7.9661769866943359375 7.3671231269836425781
