wildfire/work/fuelmodels/1707/ahn1.asc
ncols        49
nrows        44
xllcorner    198995.000000000000
yllcorner    448410.000000000000
cellsize     5.000000000000
NODATA_value   -999
[rows 19 to 37 of 44, columns 0 to 40 of 49]
65.62999725341796875 65.3600006103515625 65.09999847412109375 64.8600006103515625 64.73000335693359375 64.37000274658203125 63.950000762939453125 63.470001220703125 63.1399993896484375 62.68000030517578125 62.04000091552734375 61.529998779296875 60.950000762939453125 60.229999542236328125 59.59999847412109375 58.869998931884765625 58.310001373291015625 57.84999847412109375 57.18000030517578125 56.549999237060546875 55.979999542236328125 55.470001220703125 54.8899993896484375 54.159999847412109375 53.3899993896484375 52.810001373291015625 51.970001220703125 51.1699981689453125 50.04000091552734375 48.8600006103515625 47.729999542236328125 46.8899993896484375 46.1699981689453125 45.6100006103515625 45.5800018310546875 46.130001068115234375 46.310001373291015625 46.95999908447265625 47.8600006103515625 49.220001220703125 50.869998931884765625
65.76999664306640625 65.660003662109375 65.44000244140625 65.279998779296875 64.910003662109375 64.660003662109375 64.26000213623046875 63.84999847412109375 63.409999847412109375 62.93000030517578125 62.439998626708984375 61.869998931884765625 61.15000152587890625 60.529998779296875 59.770000457763671875 58.8899993896484375 58.240001678466796875 57.720001220703125 57.130001068115234375 56.630001068115234375 55.909999847412109375 55.529998779296875 54.799999237060546875 54.159999847412109375 53.439998626708984375 52.759998321533203125 52.1399993896484375 51.220001220703125 50.220001220703125 48.939998626708984375 47.8600006103515625 46.970001220703125 46.1699981689453125 45.590000152587890625 45.470001220703125 45.990001678466796875 46.06999969482421875 46.659999847412109375 47.560001373291015625 48.880001068115234375 50.509998321533203125
65.8600006103515625 65.69000244140625 65.589996337890625 65.3600006103515625 65.12999725341796875 64.87999725341796875 64.410003662109375 63.970001220703125 63.59999847412109375 63.1699981689453125 62.59999847412109375 61.970001220703125 61.310001373291015625 60.40000152587890625 59.3899993896484375 58.720001220703125 58.189998626708984375 57.65000152587890625 56.93000030517578125 56.479999542236328125 55.84999847412109375 55.40000152587890625 54.799999237060546875 54.049999237060546875 53.479999542236328125 52.6100006103515625 52.090000152587890625 51.3899993896484375 50.240001678466796875 49.04000091552734375 48 46.939998626708984375 46.259998321533203125 45.590000152587890625 45.4199981689453125 45.799999237060546875 45.869998931884765625 46.450000762939453125 47.340000152587890625 48.5800018310546875 49.79000091552734375
65.5500030517578125 65.660003662109375 65.6399993896484375 65.43000030517578125 65.3000030517578125 64.95999908447265625 64.51000213623046875 64.09999847412109375 63.68000030517578125 63.130001068115234375 62.6100006103515625 61.939998626708984375 61.20999908447265625 60.34999847412109375 59.520000457763671875 58.759998321533203125 58.130001068115234375 57.509998321533203125 57.029998779296875 56.439998626708984375 55.950000762939453125 55.310001373291015625 54.689998626708984375 54.0800018310546875 53.5 52.700000762939453125 52.020000457763671875 51.270000457763671875 50.409999847412109375 49.200000762939453125 48.029998779296875 47.009998321533203125 46.29000091552734375 45.6100006103515625 45.34999847412109375 45.56999969482421875 45.779998779296875 46.200000762939453125 47.029998779296875 48.0800018310546875 49.45999908447265625
65.43000030517578125 65.5500030517578125 65.529998779296875 65.4199981689453125 65.279998779296875 65.01000213623046875 64.660003662109375 64.0800018310546875 63.6399993896484375 63.220001220703125 62.75 62.009998321533203125 61.220001220703125 60.43000030517578125 59.65000152587890625 58.79000091552734375 58.189998626708984375 57.380001068115234375 56.8899993896484375 56.310001373291015625 55.9199981689453125 55.240001678466796875 54.689998626708984375 54.06999969482421875 53.479999542236328125 52.729999542236328125 51.990001678466796875 51.380001068115234375 50.409999847412109375 49.369998931884765625 48.0800018310546875 47.049999237060546875 46.240001678466796875 45.65000152587890625 45.3600006103515625 45.439998626708984375 45.630001068115234375 45.8899993896484375 46.700000762939453125 47.6399993896484375 48.9199981689453125
65.40000152587890625 65.5500030517578125 65.589996337890625 65.470001220703125 65.20999908447265625 64.9499969482421875 64.589996337890625 64.01999664306640625 63.68000030517578125 63.310001373291015625 62.779998779296875 62.060001373291015625 61.31999969482421875 60.40000152587890625 59.590000152587890625 58.79000091552734375 58.15000152587890625 57.4199981689453125 56.729999542236328125 56.189998626708984375 55.700000762939453125 55.1399993896484375 54.5800018310546875 53.939998626708984375 53.479999542236328125 52.810001373291015625 52.15000152587890625 51.369998931884765625 50.5 49.479999542236328125 48.3899993896484375 47.15000152587890625 46.220001220703125 45.68000030517578125 45.439998626708984375 45.340000152587890625 45.509998321533203125 45.700000762939453125 46.29000091552734375 47.45999908447265625 48.740001678466796875
65.15000152587890625 65.40000152587890625 65.44000244140625 65.29000091552734375 65.15000152587890625 64.6999969482421875 64.3300018310546875 64.1100006103515625 63.65000152587890625 63.15000152587890625 62.700000762939453125 62.029998779296875 61.200000762939453125 60.439998626708984375 59.490001678466796875 58.65000152587890625 58.06999969482421875 57.3600006103515625 56.5800018310546875 56.119998931884765625 55.6100006103515625 55.029998779296875 54.40000152587890625 54.029998779296875 53.31999969482421875 52.770000457763671875 52.15000152587890625 51.3899993896484375 50.590000152587890625 49.560001373291015625 48.5 47.18000030517578125 46.18000030517578125 45.56999969482421875 45.299999237060546875 45.200000762939453125 45.3600006103515625 45.529998779296875 46.159999847412109375 46.990001678466796875 48.20999908447265625
65.089996337890625 65.220001220703125 65.26000213623046875 65.31999969482421875 65.15000152587890625 64.779998779296875 64.529998779296875 64 63.439998626708984375 62.970001220703125 62.45999908447265625 61.799999237060546875 61.18000030517578125 60.34999847412109375 59.520000457763671875 58.759998321533203125 58.009998321533203125 57.299999237060546875 56.729999542236328125 56.06999969482421875 55.560001373291015625 55.009998321533203125 54.520000457763671875 53.8899993896484375 53.29000091552734375 52.740001678466796875 52.25 51.279998779296875 50.659999847412109375 49.81999969482421875 48.689998626708984375 47.520000457763671875 46.43000030517578125 45.56999969482421875 45.259998321533203125 45.1399993896484375 45.279998779296875 45.380001068115234375 45.8600006103515625 46.68000030517578125 47.619998931884765625
64.9199981689453125 65.1699981689453125 65.3000030517578125 65.20999908447265625 65.01999664306640625 64.839996337890625 64.3600006103515625 63.740001678466796875 63.279998779296875 62.70999908447265625 62.119998931884765625 61.659999847412109375 61.020000457763671875 60.189998626708984375 59.380001068115234375 58.6100006103515625 57.9199981689453125 57.270000457763671875 56.6699981689453125 56.049999237060546875 55.5800018310546875 54.9199981689453125 54.34999847412109375 53.779998779296875 53.270000457763671875 52.6399993896484375 52.049999237060546875 51.369998931884765625 50.659999847412109375 49.840000152587890625 48.840000152587890625 47.75 46.65000152587890625 45.79000091552734375 45.15000152587890625 45.020000457763671875 45.1399993896484375 45.560001373291015625 45.869998931884765625 46.6699981689453125 47.009998321533203125
64.70999908447265625 65.0500030517578125 65.01999664306640625 65.1100006103515625 64.87999725341796875 64.59999847412109375 64.1399993896484375 63.6399993896484375 63.159999847412109375 62.5800018310546875 61.970001220703125 61.40000152587890625 60.840000152587890625 59.950000762939453125 59.20999908447265625 58.439998626708984375 57.759998321533203125 57.09999847412109375 56.54000091552734375 55.93000030517578125 55.5 54.8899993896484375 54.340000152587890625 53.75 53.119998931884765625 52.59999847412109375 51.9199981689453125 51.340000152587890625 50.6399993896484375 49.9199981689453125 48.939998626708984375 48.020000457763671875 47 45.8899993896484375 45.1699981689453125 45.029998779296875 45 45.310001373291015625 46.009998321533203125 46.4199981689453125 46.84999847412109375
64.470001220703125 64.76000213623046875 64.80999755859375 64.90000152587890625 64.69000244140625 64.37000274658203125 63.8600006103515625 63.340000152587890625 62.799999237060546875 62.25 61.5800018310546875 61.09999847412109375 60.5800018310546875 59.81999969482421875 59.090000152587890625 58.18000030517578125 57.59999847412109375 56.8600006103515625 56.299999237060546875 55.659999847412109375 55.310001373291015625 54.79000091552734375 54.380001068115234375 53.759998321533203125 53.20999908447265625 52.5 51.869998931884765625 51.270000457763671875 50.509998321533203125 49.869998931884765625 49.09999847412109375 48.270000457763671875 47.029998779296875 46.119998931884765625 45.159999847412109375 44.950000762939453125 45.029998779296875 45.4199981689453125 45.979999542236328125 46 45.90000152587890625
64.15000152587890625 64.3899993896484375 64.51000213623046875 64.56999969482421875 64.3899993896484375 64.09999847412109375 63.659999847412109375 63.0800018310546875 62.45999908447265625 61.990001678466796875 61.4199981689453125 60.81999969482421875 60.299999237060546875 59.479999542236328125 58.6100006103515625 57.90000152587890625 57.43000030517578125 56.659999847412109375 56.0800018310546875 55.549999237060546875 55.04000091552734375 54.560001373291015625 54.09999847412109375 53.479999542236328125 53.06999969482421875 52.560001373291015625 51.8300018310546875 51.229999542236328125 50.619998931884765625 49.840000152587890625 49.240001678466796875 48.3600006103515625 47.270000457763671875 46.259998321533203125 45.34999847412109375 44.880001068115234375 45.0800018310546875 45.299999237060546875 45.509998321533203125 45.6100006103515625 45.340000152587890625
63.779998779296875 64.05999755859375 64.160003662109375 64.1699981689453125 64 63.65000152587890625 63.20999908447265625 62.6699981689453125 62.09999847412109375 61.56999969482421875 61.049999237060546875 60.630001068115234375 59.93000030517578125 59.270000457763671875 58.340000152587890625 57.70999908447265625 57.049999237060546875 56.3899993896484375 55.880001068115234375 55.31999969482421875 54.79000091552734375 54.4199981689453125 53.970001220703125 53.409999847412109375 52.970001220703125 52.340000152587890625 51.65000152587890625 51.09999847412109375 50.479999542236328125 49.79000091552734375 49.1399993896484375 48.520000457763671875 47.3899993896484375 46.3899993896484375 45.380001068115234375 44.939998626708984375 44.970001220703125 45.09999847412109375 45.009998321533203125 45.009998321533203125 45.09999847412109375
63.479999542236328125 63.659999847412109375 63.799999237060546875 63.75 63.54000091552734375 63.159999847412109375 62.659999847412109375 62.1399993896484375 61.6100006103515625 61.18000030517578125 60.799999237060546875 60.3899993896484375 59.84999847412109375 59 57.9199981689453125 57.279998779296875 56.68000030517578125 56.130001068115234375 55.54000091552734375 55.009998321533203125 54.59999847412109375 54.130001068115234375 53.700000762939453125 53.279998779296875 52.8300018310546875 52.29000091552734375 51.590000152587890625 51.04000091552734375 50.189998626708984375 49.689998626708984375 49.0800018310546875 48.25 47.509998321533203125 46.56999969482421875 45.54000091552734375 44.8600006103515625 44.75 44.68000030517578125 44.520000457763671875 44.630001068115234375 44.689998626708984375
63.0800018310546875 63.20999908447265625 63.310001373291015625 63.259998321533203125 62.939998626708984375 62.520000457763671875 62.1100006103515625 61.560001373291015625 61.159999847412109375 60.799999237060546875 60.479999542236328125 59.970001220703125 59.279998779296875 58.45999908447265625 57.560001373291015625 56.9199981689453125 56.20999908447265625 55.689998626708984375 55.049999237060546875 54.770000457763671875 54.4199981689453125 53.93000030517578125 53.549999237060546875 53.189998626708984375 52.619998931884765625 52.130001068115234375 51.45999908447265625 50.75 50.06999969482421875 49.5 48.8300018310546875 48.18000030517578125 47.509998321533203125 46.3899993896484375 45.40000152587890625 44.770000457763671875 44.59999847412109375 44.619998931884765625 44.3600006103515625 44.29000091552734375 44.529998779296875
62.700000762939453125 62.75 62.779998779296875 62.619998931884765625 62.31999969482421875 61.950000762939453125 61.5800018310546875 61.1399993896484375 60.75 60.43000030517578125 59.990001678466796875 59.380001068115234375 58.65000152587890625 57.950000762939453125 57.189998626708984375 56.479999542236328125 55.799999237060546875 55.479999542236328125 55.04000091552734375 54.450000762939453125 53.770000457763671875 53.65000152587890625 53.259998321533203125 52.8899993896484375 52.43000030517578125 51.950000762939453125 51.31999969482421875 50.470001220703125 49.869998931884765625 49.3300018310546875 48.68000030517578125 47.990001678466796875 47.45999908447265625 46 45.45999908447265625 45.029998779296875 44.43000030517578125 44.4199981689453125 44.220001220703125 44.189998626708984375 44.200000762939453125
62.25 62.18000030517578125 62.159999847412109375 61.90000152587890625 61.509998321533203125 61.270000457763671875 60.979999542236328125 60.409999847412109375 60.090000152587890625 59.84999847412109375 59.340000152587890625 58.729999542236328125 58.1699981689453125 57.479999542236328125 56.799999237060546875 56.060001373291015625 55.549999237060546875 55.060001373291015625 54.630001068115234375 54.18000030517578125 53.6699981689453125 53.3600006103515625 53.009998321533203125 52.520000457763671875 52.130001068115234375 51.630001068115234375 51 50.43000030517578125 49.729999542236328125 49.15000152587890625 48.479999542236328125 47.950000762939453125 47.0800018310546875 45.659999847412109375 45.479999542236328125 44.759998321533203125 44.1399993896484375 44.119998931884765625 44 43.8899993896484375 44.060001373291015625
61.95999908447265625 61.720001220703125 61.409999847412109375 61.229999542236328125 60.8600006103515625 60.490001678466796875 60.240001678466796875 59.90000152587890625 59.59999847412109375 59.15000152587890625 58.779998779296875 58.270000457763671875 57.630001068115234375 56.979999542236328125 56.3600006103515625 55.740001678466796875 55.18000030517578125 54.689998626708984375 54.189998626708984375 53.840000152587890625 53.509998321533203125 53.20999908447265625 52.6399993896484375 52.279998779296875 51.659999847412109375 51.259998321533203125 50.659999847412109375 50.0800018310546875 49.509998321533203125 48.90000152587890625 48.3300018310546875 47.79000091552734375 47.18000030517578125 45.970001220703125 45.470001220703125 45.29000091552734375 44.779998779296875 44 43.869998931884765625 43.869998931884765625 44.060001373291015625
61.490001678466796875 61.240001678466796875 60.95999908447265625 60.65000152587890625 60.200000762939453125 59.8600006103515625 59.54000091552734375 59.369998931884765625 58.979999542236328125 58.54000091552734375 58.09999847412109375 57.59999847412109375 57 56.439998626708984375 55.770000457763671875 55.34999847412109375 54.779998779296875 54.299999237060546875 53.8899993896484375 53.6100006103515625 53.299999237060546875 52.729999542236328125 52.3600006103515625 51.9199981689453125 51.4199981689453125 50.869998931884765625 50.34999847412109375 49.799999237060546875 49.259998321533203125 48.590000152587890625 48.119998931884765625 47.5800018310546875 47.04000091552734375 46.479999542236328125 45.3300018310546875 45.15000152587890625 44.31999969482421875 43.939998626708984375 44.1399993896484375 44.25 44.270000457763671875
