wildfire/work/fuelmodels/1707/ahn1.asc
ncols        49
nrows        44
xllcorner    198995.000000000000
yllcorner    448410.000000000000
cellsize     5.000000000000
NODATA_value   -999
[rows 0 to 18 of 44, columns 0 to 40 of 49]
65.3600006103515625 65.26999664306640625 65.30999755859375 65.19000244140625 64.98000335693359375 64.76000213623046875 64.5500030517578125 64.3000030517578125 63.840000152587890625 63.3899993896484375 62.93000030517578125 62.529998779296875 62.1399993896484375 61.810001373291015625 61.450000762939453125 61.15000152587890625 60.5800018310546875 60.20999908447265625 59.65000152587890625 58.8300018310546875 57.770000457763671875 56.18000030517578125 54.59999847412109375 52.970001220703125 51.369998931884765625 49.970001220703125 49.369998931884765625 49.3300018310546875 49.5 50.1699981689453125 51.630001068115234375 53.479999542236328125 55 56.1399993896484375 57.04000091552734375 57.8600006103515625 58.520000457763671875 59.20999908447265625 59.470001220703125 59.450000762939453125 59.4199981689453125
65.48000335693359375 65.56999969482421875 65.43000030517578125 65.26000213623046875 65.0800018310546875 64.76000213623046875 64.4199981689453125 64.0500030517578125 63.549999237060546875 63.090000152587890625 62.75 62.340000152587890625 61.950000762939453125 61.490001678466796875 61.1699981689453125 60.8899993896484375 60.529998779296875 60.1100006103515625 59.6100006103515625 58.689998626708984375 57.479999542236328125 56.15000152587890625 54.40000152587890625 52.869998931884765625 51.25 49.8300018310546875 49.189998626708984375 49.200000762939453125 49.259998321533203125 49.740001678466796875 50.93000030517578125 52.340000152587890625 53.659999847412109375 55.06999969482421875 55.990001678466796875 56.970001220703125 57.81999969482421875 58.869998931884765625 59.6399993896484375 59.0800018310546875 59.3300018310546875
65.6699981689453125 65.75 65.51000213623046875 65.3000030517578125 65.01000213623046875 64.589996337890625 64.1399993896484375 63.79000091552734375 63.0800018310546875 62.740001678466796875 62.29000091552734375 61.990001678466796875 61.6100006103515625 61.270000457763671875 60.909999847412109375 60.68000030517578125 60.31999969482421875 60.15000152587890625 59.409999847412109375 58.659999847412109375 57.54000091552734375 56.20999908447265625 54.6399993896484375 52.840000152587890625 50.950000762939453125 49.590000152587890625 49.130001068115234375 49.130001068115234375 49.060001373291015625 49.29000091552734375 50.1100006103515625 51.470001220703125 52.68000030517578125 54.029998779296875 54.95999908447265625 56.130001068115234375 57.409999847412109375 58.6399993896484375 59.20999908447265625 58.84999847412109375 58.8300018310546875
66.04000091552734375 65.9199981689453125 65.76999664306640625 65.40000152587890625 64.8000030517578125 64.4499969482421875 63.90000152587890625 63.3600006103515625 62.8300018310546875 62.479999542236328125 62.09999847412109375 61.659999847412109375 61.310001373291015625 61.009998321533203125 60.689998626708984375 60.520000457763671875 60.04000091552734375 59.79000091552734375 59.20999908447265625 58.490001678466796875 57.490001678466796875 56.18000030517578125 54.45999908447265625 52.619998931884765625 50.90000152587890625 49.619998931884765625 49.029998779296875 48.93000030517578125 48.810001373291015625 48.869998931884765625 49.509998321533203125 50.79000091552734375 51.659999847412109375 52.700000762939453125 54.0800018310546875 55.59999847412109375 56.909999847412109375 58.29000091552734375 59.220001220703125 58.81999969482421875 58.770000457763671875
66.40000152587890625 66.1100006103515625 65.81999969482421875 65.3000030517578125 64.65000152587890625 64.1999969482421875 63.520000457763671875 63.090000152587890625 62.529998779296875 62.200000762939453125 61.8899993896484375 61.479999542236328125 61.04000091552734375 60.779998779296875 60.470001220703125 60.200000762939453125 59.970001220703125 59.590000152587890625 59.090000152587890625 58.479999542236328125 57.56999969482421875 56.060001373291015625 54.380001068115234375 52.630001068115234375 50.84999847412109375 49.68000030517578125 48.979999542236328125 48.729999542236328125 48.4199981689453125 48.450000762939453125 48.70999908447265625 49.84999847412109375 50.8600006103515625 51.880001068115234375 53.259998321533203125 54.70999908447265625 56.060001373291015625 57.68000030517578125 58.840000152587890625 58.409999847412109375 58.95999908447265625
66.589996337890625 66.220001220703125 65.720001220703125 65.19000244140625 64.48999786376953125 63.8300018310546875 63.189998626708984375 62.70999908447265625 62.20999908447265625 61.759998321533203125 61.43000030517578125 61.119998931884765625 60.770000457763671875 60.470001220703125 60.220001220703125 59.970001220703125 59.720001220703125 59.3600006103515625 58.979999542236328125 58.380001068115234375 57.340000152587890625 55.990001678466796875 54.549999237060546875 52.970001220703125 51.299999237060546875 49.700000762939453125 48.68000030517578125 48.659999847412109375 48.090000152587890625 48.340000152587890625 48.3899993896484375 49.090000152587890625 49.75 50.880001068115234375 52.590000152587890625 53.840000152587890625 55.310001373291015625 56.90000152587890625 58.200000762939453125 58.1399993896484375 58.689998626708984375
66.660003662109375 66.1100006103515625 65.529998779296875 64.9499969482421875 64.23999786376953125 63.590000152587890625 62.8899993896484375 62.45999908447265625 61.79000091552734375 61.31999969482421875 61 60.619998931884765625 60.310001373291015625 60.049999237060546875 59.8600006103515625 59.68000030517578125 59.4199981689453125 59 58.59999847412109375 57.979999542236328125 57.200000762939453125 56 54.84999847412109375 53.65000152587890625 51.470001220703125 49.70999908447265625 48.470001220703125 48.45999908447265625 48.3600006103515625 47.990001678466796875 48.060001373291015625 48.130001068115234375 49.159999847412109375 50.279998779296875 51.619998931884765625 53.200000762939453125 54.799999237060546875 56.450000762939453125 57.56999969482421875 57.79000091552734375 57.75
66.70999908447265625 66.12000274658203125 65.29000091552734375 64.6100006103515625 63.9199981689453125 63.189998626708984375 62.689998626708984375 61.970001220703125 61.3899993896484375 60.869998931884765625 60.439998626708984375 60.06999969482421875 59.740001678466796875 59.479999542236328125 59.340000152587890625 59.04000091552734375 58.869998931884765625 58.6100006103515625 58.1699981689453125 57.490001678466796875 56.81999969482421875 56.020000457763671875 54.909999847412109375 53.4199981689453125 51.700000762939453125 49.6100006103515625 48.509998321533203125 48.090000152587890625 48.1699981689453125 47.84999847412109375 47.81999969482421875 47.95999908447265625 48.59999847412109375 49.279998779296875 50.549999237060546875 52.1399993896484375 53.75 55.3300018310546875 56.65000152587890625 57.450000762939453125 57.470001220703125
66.529998779296875 65.75 64.84999847412109375 64.160003662109375 63.450000762939453125 62.490001678466796875 61.979999542236328125 61.45999908447265625 60.79000091552734375 60.29000091552734375 59.8300018310546875 59.3600006103515625 58.970001220703125 58.810001373291015625 58.6100006103515625 58.3300018310546875 58.020000457763671875 57.75 57.40000152587890625 56.939998626708984375 56.1699981689453125 55.369998931884765625 54.54000091552734375 53.3600006103515625 51.65000152587890625 49.970001220703125 48.700000762939453125 48.06999969482421875 47.8899993896484375 47.520000457763671875 47.6399993896484375 47.700000762939453125 47.880001068115234375 48.630001068115234375 49.509998321533203125 50.840000152587890625 52.520000457763671875 54.060001373291015625 55.619998931884765625 56.68000030517578125 57.029998779296875
66.01999664306640625 65.25 64.44000244140625 63.3899993896484375 62.840000152587890625 62.0800018310546875 61.310001373291015625 60.70999908447265625 60.220001220703125 59.59999847412109375 59.15000152587890625 58.3899993896484375 58.060001373291015625 57.4199981689453125 57.43000030517578125 57.159999847412109375 56.970001220703125 56.770000457763671875 56.520000457763671875 55.8300018310546875 55.259998321533203125 54.770000457763671875 53.8899993896484375 52.970001220703125 51.770000457763671875 50.31999969482421875 48.8600006103515625 48.060001373291015625 47.549999237060546875 47.310001373291015625 47.279998779296875 47.3600006103515625 47.520000457763671875 48 48.590000152587890625 49.700000762939453125 51.3300018310546875 52.81999969482421875 54.270000457763671875 55.75 56.5800018310546875
65.529998779296875 64.62000274658203125 63.700000762939453125 62.95999908447265625 62.3899993896484375 61.509998321533203125 60.909999847412109375 60.090000152587890625 59.279998779296875 58.529998779296875 57.939998626708984375 57.340000152587890625 56.939998626708984375 56.529998779296875 56.31999969482421875 56.0800018310546875 55.840000152587890625 55.4199981689453125 55.029998779296875 54.700000762939453125 54.240001678466796875 53.4199981689453125 53.04000091552734375 52.1699981689453125 51.060001373291015625 49.95999908447265625 48.729999542236328125 47.939998626708984375 47.299999237060546875 46.990001678466796875 46.880001068115234375 46.970001220703125 47.270000457763671875 47.450000762939453125 47.979999542236328125 48.880001068115234375 50.409999847412109375 52.1699981689453125 53.34999847412109375 55.549999237060546875 56.09999847412109375
65.09999847412109375 64.220001220703125 63.340000152587890625 62.409999847412109375 61.6399993896484375 60.81999969482421875 60.04000091552734375 59.29000091552734375 58.619998931884765625 57.759998321533203125 57.04000091552734375 56.340000152587890625 55.9199981689453125 55.56999969482421875 55.1399993896484375 54.79000091552734375 54.340000152587890625 54.20999908447265625 53.68000030517578125 53.20999908447265625 53 52.380001068115234375 51.909999847412109375 51.229999542236328125 50.020000457763671875 49.18000030517578125 48.299999237060546875 47.8600006103515625 47.3300018310546875 46.779998779296875 46.6100006103515625 46.5 46.729999542236328125 47.15000152587890625 47.479999542236328125 48.220001220703125 49.59999847412109375 51.189998626708984375 52.479999542236328125 54.409999847412109375 55.240001678466796875
64.6999969482421875 63.79000091552734375 62.84999847412109375 62.020000457763671875 61.25 60.380001068115234375 59.439998626708984375 58.490001678466796875 57.799999237060546875 57.09999847412109375 56.479999542236328125 55.909999847412109375 55.520000457763671875 55.049999237060546875 54.450000762939453125 54.060001373291015625 53.65000152587890625 53.259998321533203125 52.950000762939453125 52.54000091552734375 51.970001220703125 51.40000152587890625 50.75 49.90000152587890625 49.0800018310546875 48.560001373291015625 48.09999847412109375 47.700000762939453125 47.270000457763671875 46.5800018310546875 46.340000152587890625 46.29000091552734375 46.259998321533203125 46.95999908447265625 47.049999237060546875 47.659999847412109375 48.779998779296875 50.1399993896484375 51.810001373291015625 53.09999847412109375 54.29000091552734375
64.1999969482421875 63.340000152587890625 62.479999542236328125 61.479999542236328125 60.5800018310546875 59.810001373291015625 59.0800018310546875 58.29000091552734375 57.6399993896484375 57.029998779296875 56.470001220703125 55.9199981689453125 55.5800018310546875 55.15000152587890625 54.56999969482421875 53.979999542236328125 53.6699981689453125 53.299999237060546875 52.84999847412109375 52.439998626708984375 51.939998626708984375 51.009998321533203125 50.3300018310546875 49.70999908447265625 49.1100006103515625 48.59999847412109375 48.20999908447265625 47.759998321533203125 47.240001678466796875 46.619998931884765625 46.259998321533203125 46.1399993896484375 46.09999847412109375 46.740001678466796875 46.880001068115234375 47.229999542236328125 47.939998626708984375 49.3899993896484375 50.939998626708984375 52.0800018310546875 53.770000457763671875
64.01999664306640625 63.0800018310546875 62.279998779296875 61.3899993896484375 60.529998779296875 59.759998321533203125 59.020000457763671875 58.409999847412109375 57.8300018310546875 57.310001373291015625 56.779998779296875 56.6100006103515625 56.270000457763671875 55.659999847412109375 55.310001373291015625 54.770000457763671875 54.310001373291015625 53.84999847412109375 53.29000091552734375 52.9199981689453125 52.470001220703125 51.81999969482421875 51.3300018310546875 50.70999908447265625 50.189998626708984375 49.560001373291015625 49.18000030517578125 48.529998779296875 47.770000457763671875 47.1399993896484375 46.200000762939453125 46.049999237060546875 45.979999542236328125 46.259998321533203125 46.729999542236328125 46.970001220703125 47.75 48.770000457763671875 50.630001068115234375 51.8600006103515625 53.189998626708984375
64.06999969482421875 63.31999969482421875 62.43000030517578125 61.54000091552734375 60.84999847412109375 60.229999542236328125 59.630001068115234375 59.159999847412109375 58.56999969482421875 58.270000457763671875 58.310001373291015625 57.95999908447265625 57.45999908447265625 57.119998931884765625 56.6399993896484375 56.1100006103515625 55.759998321533203125 55.3300018310546875 54.84999847412109375 54.380001068115234375 53.8899993896484375 53.490001678466796875 52.95999908447265625 52.259998321533203125 51.869998931884765625 51.369998931884765625 50.3300018310546875 49.299999237060546875 48.590000152587890625 47.630001068115234375 46.619998931884765625 46.009998321533203125 45.9199981689453125 46.119998931884765625 46.5 46.75 47.34999847412109375 48.380001068115234375 49.970001220703125 51.1699981689453125 52.740001678466796875
64.48999786376953125 63.729999542236328125 62.93000030517578125 62.220001220703125 61.720001220703125 61.3300018310546875 60.8300018310546875 60.6699981689453125 60.279998779296875 59.95999908447265625 59.6100006103515625 59.15000152587890625 58.939998626708984375 58.529998779296875 58.04000091552734375 57.5 56.95999908447265625 56.34999847412109375 56.04000091552734375 55.560001373291015625 55.049999237060546875 54.54000091552734375 54.04000091552734375 53.409999847412109375 52.6100006103515625 51.759998321533203125 51.200000762939453125 50.189998626708984375 49.189998626708984375 48.090000152587890625 47.159999847412109375 46.380001068115234375 45.970001220703125 45.81999969482421875 46.31999969482421875 46.529998779296875 46.979999542236328125 47.79000091552734375 49.40000152587890625 50.84999847412109375 52.259998321533203125
64.9199981689453125 64.30999755859375 63.560001373291015625 63.15000152587890625 62.84999847412109375 62.45999908447265625 62.119998931884765625 61.909999847412109375 61.6100006103515625 61.380001068115234375 60.979999542236328125 60.5 60.049999237060546875 59.439998626708984375 58.79000091552734375 58.229999542236328125 57.779998779296875 57.229999542236328125 56.810001373291015625 56.29000091552734375 55.759998321533203125 55.229999542236328125 54.470001220703125 53.700000762939453125 53.130001068115234375 52.45999908447265625 51.779998779296875 50.700000762939453125 49.520000457763671875 48.439998626708984375 47.479999542236328125 46.6699981689453125 46.020000457763671875 45.70999908447265625 46 46.380001068115234375 46.75 47.43000030517578125 48.5800018310546875 50.25 51.729999542236328125
65.15000152587890625 64.9199981689453125 64.48999786376953125 64.12999725341796875 63.93000030517578125 63.84999847412109375 63.45999908447265625 63 62.509998321533203125 62.1399993896484375 61.6699981689453125 61.04000091552734375 60.470001220703125 59.9199981689453125 59.279998779296875 58.70999908447265625 58.259998321533203125 57.8300018310546875 57.229999542236328125 56.630001068115234375 56.020000457763671875 55.369998931884765625 54.700000762939453125 54.009998321533203125 53.439998626708984375 52.909999847412109375 51.90000152587890625 50.909999847412109375 49.869998931884765625 48.65000152587890625 47.630001068115234375 46.799999237060546875 46.09999847412109375 45.68000030517578125 45.799999237060546875 46.299999237060546875 46.4199981689453125 47.159999847412109375 48.1100006103515625 49.70999908447265625 51.380001068115234375
