wildfire/work/fuelmodels/1707/slope.asc
ncols        49
nrows        44
xllcorner    198995.000000000000
yllcorner    448410.000000000000
cellsize     5.000000000000
NODATA_value   -999
[rows 0 to 18 of 44, columns 0 to 41 of 49]
0 0 0 0 0 0 0 0 0 0 0 0 0 0 0 0 0 0 0 0 0 0 0 0 0 0 0 0 0 0 0 0 0 0 0 0 0 0 0 0 0 0
0 3.3786797523498535156 3.4125816822052001953 3.5863933563232421875 4.8104295730590820312 6.1041994094848632812 6.8967189788818359375 9.275661468505859375 10.561344146728515625 9.5574512481689453125 8.9067287445068359375 8.5383024215698242188 8.5241689682006835938 8.190593719482421875 7.2301878929138183594 7.2870802879333496094 7.1998429298400878906 8.3724470138549804688 12.858239173889160156 17.875593185424804688 22.4661712646484375 26.706548690795898438 28.565521240234375 28.759260177612304688 27.062061309814453125 17.908300399780273438 5.8129267692565917969 2.4706904888153076172 6.4195160865783691406 16.695627212524414062 26.69402313232421875 29.993692398071289062 29.92542266845703125 27.15236663818359375 24.253925323486328125 22.2409210205078125 19.6914825439453125 15.2978515625 4.2735805511474609375 5.1766171455383300781 3.0523591041564941406 9.9581899642944335938
0 3.8749029636383056641 4.6948103904724121094 5.2697091102600097656 6.6510229110717773438 8.0616302490234375 8.8922815322875976562 10.819510459899902344 10.746571540832519531 9.0754251480102539062 9.00714111328125 8.8932600021362304688 8.5704212188720703125 7.82830047607421875 6.5209341049194335938 6.7466917037963867188 6.8826308250427246094 8.7117862701416015625 13.071714401245117188 16.96588134765625 21.520343780517578125 26.046689987182617188 29.456869125366210938 30.525287628173828125 27.45124053955078125 16.957019805908203125 5.3454880714416503906 2.6677157878875732422 4.9253945350646972656 12.839983940124511719 22.726453781127929688 26.137226104736328125 27.401340484619140625 27.685796737670898438 25.722208023071289062 24.276868820190429688 22.730831146240234375 18.027536392211914062 4.5895390510559082031 4.8003334999084472656 3.9882154464721679688 4.9557347297668457031
0 4.8917188644409179688 5.6178431510925292969 8.1012945175170898438 8.6860866546630859375 9.3883419036865234375 10.542508125305175781 11.004446029663085938 9.811130523681640625 7.9258236885070800781 8.1198587417602539062 8.2839269638061523438 7.7677483558654785156 7.1917638778686523438 6.3711576461791992188 6.652782440185546875 7.0248503684997558594 8.7177648544311523438 12.032790184020996094 15.288156509399414062 20.973064422607421875 26.564233779907226562 30.19603729248046875 31.02268218994140625 26.652025222778320312 16.529842376708984375 6.4148993492126464844 4.3088555335998535156 5.6880888938903808594 10.349528312683105469 20.122241973876953125 24.35091400146484375 24.589048385620117188 26.890228271484375 27.863195419311523438 27.051218032836914062 26.209260940551757812 21.823291778564453125 6.5787096023559570312 3.6260509490966796875 2.6858665943145751953 4.2450113296508789062
0 5.7286601066589355469 7.1176381111145019531 10.319189071655273438 10.609683036804199219 11.191776275634765625 11.596590995788574219 10.775799751281738281 9.9819164276123046875 8.755069732666015625 8.7359142303466796875 8.73493194580078125 7.76050567626953125 6.9949746131896972656 6.6409764289855957031 6.4299249649047851562 6.8034358024597167969 8.11443328857421875 10.326432228088378906 14.340528488159179688 21.111474990844726562 26.6597137451171875 29.18207550048828125 30.142200469970703125 26.7092437744140625 18.268423080444335938 8.3850574493408203125 5.6476464271545410156 5.4590840339660644531 7.4137673377990722656 15.73204803466796875 22.2943572998046875 23.485258102416992188 26.805192947387695312 28.8025665283203125 28.203615188598632812 28.896787643432617188 26.311595916748046875 11.695216178894042969 5.5636453628540039062 4.5062427520751953125 6.3191823959350585938
0 7.7436213493347167969 9.2728595733642578125 11.447338104248046875 12.247767448425292969 12.430426597595214844 11.480594635009765625 10.812957763671875 11.054826736450195312 10.127480506896972656 9.940959930419921875 9.8540859222412109375 8.944347381591796875 7.8818669319152832031 7.0661182403564453125 6.5878963470458984375 7.5071811676025390625 8.6988801956176757812 10.269191741943359375 14.439049720764160156 20.499074935913085938 24.403825759887695312 26.172748565673828125 29.8397674560546875 29.54454803466796875 22.283885955810546875 9.9973134994506835938 4.8495688438415527344 3.6638720035552978516 3.8979077339172363281 10.350951194763183594 18.449380874633789062 22.608976364135742188 27.063051223754882812 28.900005340576171875 28.002275466918945312 29.121397018432617188 27.013828277587890625 14.108994483947753906 8.8232421875 9.0899248123168945312 7.7156000137329101562
0 10.256976127624511719 11.40935516357421875 12.545812606811523438 13.366967201232910156 12.813553810119628906 11.588792800903320312 11.818399429321289062 12.13449859619140625 10.932775497436523438 10.838785171508789062 11.076564788818359375 10.617081642150878906 9.6546888351440429688 9.0711841583251953125 9.0562601089477539062 9.29399871826171875 9.88861846923828125 11.788403511047363281 14.65688323974609375 17.868360519409179688 20.77422332763671875 22.871061325073242188 28.938257217407226562 32.299041748046875 25.838621139526367188 11.541520118713378906 3.7864673137664794922 3.9333851337432861328 3.6144795417785644531 6.7064418792724609375 13.154932975769042969 19.82393646240234375 25.45287322998046875 29.89777374267578125 30.571069717407226562 30.824131011962890625 28.157758712768554688 17.928537368774414062 10.023509025573730469 8.6123094558715820312 6.9344005584716796875
0 13.077547073364257812 14.04259490966796875 13.901269912719726562 15.19649505615234375 14.638905525207519531 13.496252059936523438 13.973872184753417969 13.506192207336425781 12.49010467529296875 12.618648529052734375 13.02850341796875 12.667906761169433594 11.8990325927734375 12.023859977722167969 12.741817474365234375 12.96240234375 13.042141914367675781 13.861280441284179688 15.2743988037109375 16.649850845336914062 18.245203018188476562 21.376062393188476562 27.689130783081054688 32.197872161865234375 26.982706069946289062 13.837214469909667969 4.2661190032958984375 5.2659063339233398438 4.9812908172607421875 4.0963826179504394531 8.6766500473022460938 16.388397216796875 22.937261581420898438 29.533172607421875 33.3503570556640625 33.98957061767578125 31.782205581665039062 24.247816085815429688 13.092889785766601562 7.2601046562194824219 7.0030908584594726562
0 15.932394027709960938 16.827913284301757812 16.111339569091796875 16.7903289794921875 16.409711837768554688 15.425761222839355469 15.507305145263671875 14.859265327453613281 14.203958511352539062 15.044980049133300781 16.111215591430664062 16.859327316284179688 17.5623931884765625 17.626157760620117188 17.459398269653320312 17.281106948852539062 16.9306793212890625 17.184844970703125 18.342830657958984375 18.36421966552734375 18.373090744018554688 20.374464035034179688 24.702112197875976562 28.78066253662109375 26.520338058471679688 17.125614166259765625 7.3783049583435058594 6.21094512939453125 5.6275324821472167969 5.1246461868286132812 7.1715474128723144531 12.430421829223632812 18.659833908081054688 25.797513961791992188 32.537220001220703125 34.39101409912109375 33.343669891357421875 29.598932266235351562 19.785909652709960938 9.8636455535888671875 8.4381914138793945312
0 17.757045745849609375 18.559600830078125 16.671215057373046875 15.967347145080566406 16.180177688598632812 15.292131423950195312 16.248056411743164062 17.537506103515625 18.245220184326171875 19.529150009155273438 19.760942459106445312 19.892076492309570312 20.256755828857421875 20.3988800048828125 20.320703506469726562 20.272144317626953125 20.986532211303710938 21.867673873901367188 21.802961349487304688 20.902286529541015625 20.359357833862304688 20.35999298095703125 22.360288619995117188 24.480649948120117188 24.393642425537109375 18.716291427612304688 11.033949851989746094 7.8981204032897949219 6.0584020614624023438 6.2721109390258789062 6.8266549110412597656 9.2532444000244140625 14.168890953063964844 20.732378005981445312 28.852687835693359375 32.4654083251953125 31.1905670166015625 30.430179595947265625 22.765045166015625 9.760051727294921875 8.6610965728759765625
0 17.986673355102539062 18.11132049560546875 16.23189544677734375 16.523952484130859375 17.491235733032226562 17.242755889892578125 18.020092010498046875 19.17813873291015625 20.157131195068359375 21.055791854858398438 20.669191360473632812 19.582208633422851562 18.954423904418945312 19.942501068115234375 21.86122894287109375 22.986150741577148438 24.01950836181640625 24.933057785034179688 23.99124908447265625 23.141143798828125 22.568202972412109375 21.52748870849609375 23.623563766479492188 24.424844741821289062 22.81314849853515625 17.781278610229492188 11.79779815673828125 8.767833709716796875 6.008029937744140625 6.1628165245056152344 7.5828776359558105469 8.93854522705078125 10.844637870788574219 16.112787246704101562 24.818756103515625 30.845041275024414062 29.340097427368164062 31.252401351928710938 26.358118057250976562 12.242178916931152344 9.3140878677368164062
0 17.629205703735351562 17.45754241943359375 16.46871185302734375 16.966339111328125 18.012090682983398438 18.904821395874023438 19.2085723876953125 18.8130340576171875 18.233692169189453125 17.3070068359375 15.837588310241699219 14.685261726379394531 15.689232826232910156 17.41253662109375 19.052896499633789062 19.815443038940429688 20.0128631591796875 20.241777420043945312 20.383947372436523438 21.257101058959960938 21.52414703369140625 22.485532760620117188 25.246999740600585938 23.743700027465820312 19.168371200561523438 13.917668342590332031 9.7535400390625 9.6139001846313476562 6.9992909431457519531 5.2543120384216308594 6.6512904167175292969 9.0197839736938476562 9.3853616714477539062 12.443095207214355469 21.572000503540039062 29.0882568359375 29.85735321044921875 31.990406036376953125 29.3972625732421875 18.057413101196289062 9.8460454940795898438
0 17.757854461669921875 17.8256683349609375 17.289129257202148438 17.110719680786132812 17.42116546630859375 17.50574493408203125 16.236246109008789062 14.895634651184082031 13.781641960144042969 12.116236686706542969 9.6424875259399414062 8.0714025497436523438 9.6424808502197265625 10.280993461608886719 9.786716461181640625 9.3898382186889648438 9.849445343017578125 10.51624298095703125 11.050884246826171875 13.89630889892578125 16.55239105224609375 18.074304580688476562 18.83624267578125 15.665529251098632812 11.333270072937011719 8.9126300811767578125 8.122852325439453125 10.041834831237792969 8.16800689697265625 4.0746288299560546875 3.8490426540374755859 7.387542724609375 8.3568477630615234375 8.835926055908203125 17.5020904541015625 25.808942794799804688 29.779705047607421875 30.007730484008789062 28.369253158569335938 21.964033126831054688 11.359804153442382812
0 16.724676132202148438 16.890409469604492188 16.879266738891601562 15.889714241027832031 15.052930831909179688 14.423870086669921875 12.819560050964355469 11.222094535827636719 10.680591583251953125 9.8127985000610351562 9.1261138916015625 9.79917144775390625 11.060759544372558594 11.636880874633789062 10.411237716674804688 9.0673322677612304688 8.9818677902221679688 8.4179296493530273438 8.87621307373046875 12.095378875732421875 13.182341575622558594 12.809863090515136719 13.853786468505859375 13.837194442749023438 12.628509521484375 11.9752655029296875 11.830864906311035156 11.973430633544921875 10.524853706359863281 5.2597727775573730469 2.4583883285522460938 5.7621278762817382812 8.2772350311279296875 7.0410599708557128906 12.481085777282714844 21.062734603881835938 28.072528839111328125 27.1853790283203125 25.6333770751953125 23.505346298217773438 12.520247459411621094
0 15.250288009643554688 15.636338233947753906 15.566512107849121094 14.109594345092773438 13.3455352783203125 12.970339775085449219 13.062363624572753906 13.156316757202148438 14.117482185363769531 16.702175140380859375 18.357404708862304688 18.900674819946289062 19.351732254028320312 20.222522735595703125 20.409320831298828125 19.852224349975585938 19.8748779296875 19.4345550537109375 19.018426895141601562 20.919124603271484375 23.500074386596679688 24.848928451538085938 25.092052459716796875 25.531190872192382812 24.850896835327148438 21.814073562622070312 19.00016021728515625 17.047943115234375 15.900845527648925781 10.236535072326660156 2.9295053482055664062 3.5621075630187988281 7.5854063034057617188 7.0689053535461425781 9.8521127700805664062 17.457189559936523438 26.0861968994140625 26.812726974487304688 24.946483612060546875 23.330331802368164062 13.145842552185058594
0 15.615903854370117188 16.266475677490234375 15.701551437377929688 15.633861541748046875 17.372081756591796875 18.9047393798828125 21.179973602294921875 22.9905548095703125 23.764514923095703125 24.272357940673828125 24.079694747924804688 24.63448333740234375 25.562643051147460938 25.695178985595703125 25.195587158203125 24.441621780395507812 24.275957107543945312 24.652034759521484375 24.667896270751953125 24.61176300048828125 25.101568222045898438 25.848875045776367188 25.303045272827148438 23.656633377075195312 22.916967391967773438 22.860429763793945312 21.325777053833007812 19.356258392333984375 19.210477828979492188 15.232351303100585938 7.2708830833435058594 0.41364583373069763184 5.8579592704772949219 7.1259160041809082031 8.8772344589233398438 15.545887947082519531 24.69460296630859375 27.353336334228515625 25.672832489013671875 22.721220016479492188 13.433571815490722656
0 16.223199844360351562 17.094644546508789062 17.5623931884765625 19.282705307006835938 21.403490066528320312 22.861196517944335938 24.880441665649414062 26.793806076049804688 26.512880325317382812 24.8700103759765625 23.73503875732421875 23.144929885864257812 22.367139816284179688 21.479024887084960938 20.633108139038085938 19.990724563598632812 19.11063385009765625 18.786817550659179688 19.120098114013671875 18.62572479248046875 17.9052276611328125 17.716915130615234375 17.202280044555664062 16.497266769409179688 16.719839096069335938 19.513034820556640625 21.0871124267578125 20.114908218383789062 19.405548095703125 16.72504425048828125 11.369917869567871094 4.5428133010864257812 3.9436364173889160156 7.2979512214660644531 7.7464032173156738281 12.912176132202148438 22.199558258056640625 27.501415252685546875 27.030242919921875 22.475671768188476562 13.054343223571777344
0 15.045919418334960938 17.219905853271484375 18.26934814453125 20.367610931396484375 22.6285552978515625 22.980478286743164062 21.725664138793945312 20.661334991455078125 20.095319747924804688 19.864068984985351562 18.327676773071289062 16.513067245483398438 16.060802459716796875 15.359747886657714844 14.3841400146484375 14.827303886413574219 14.927289962768554688 13.988177299499511719 13.578551292419433594 13.047821998596191406 13.202733039855957031 13.826564788818359375 13.41347503662109375 13.9353790283203125 15.211508750915527344 17.349294662475585938 19.945173263549804688 20.483142852783203125 19.17392730712890625 16.366001129150390625 13.005788803100585938 8.1681118011474609375 1.5075311660766601562 6.7808771133422851562 7.1356205940246582031 10.441096305847167969 18.5631256103515625 26.358448028564453125 28.692441940307617188 23.2801666259765625 12.995227813720703125
0 12.090612411499023438 14.889412879943847656 15.995875358581542969 16.860263824462890625 17.589344024658203125 17.321308135986328125 16.10668182373046875 14.837667465209960938 13.861853599548339844 13.707253456115722656 13.344365119934082031 13.0777435302734375 13.349431037902832031 13.066084861755371094 11.345921516418457031 9.9385480880737304688 10.478254318237304688 11.00286102294921875 10.748837471008300781 10.646261215209960938 11.509538650512695312 12.892091751098632812 12.504761695861816406 11.128170967102050781 13.316373825073242188 16.674072265625 18.658140182495117188 20.543996810913085938 19.86598968505859375 16.739645004272460938 13.703074455261230469 10.081807136535644531 2.9196331501007080078 6.0786385536193847656 6.8292222023010253906 8.8354730606079101562 15.763818740844726562 23.3057861328125 28.710287094116210938 24.59886932373046875 14.351251602172851562
