wildfire/work/fuelmodels/1707/slope.asc
ncols        49
nrows        44
xllcorner    198995.000000000000
yllcorner    448410.000000000000
cellsize     5.000000000000
NODATA_value   -999
[rows 19 to 37 of 44, columns 0 to 41 of 49]
0 8.2454252243041992188 9.7876148223876953125 10.324467658996582031 9.743656158447265625 9.7030811309814453125 10.646277427673339844 10.798493385314941406 10.767813682556152344 11.549881935119628906 12.222808837890625 12.542437553405761719 12.922312736511230469 12.930215835571289062 13.057656288146972656 11.627459526062011719 9.1708660125732421875 9.88951873779296875 10.969934463500976562 10.825262069702148438 10.127927780151367188 10.350056648254394531 12.020092964172363281 12.594141006469726562 11.634743690490722656 12.69580841064453125 15.2643585205078125 17.556032180786132812 20.456787109375 20.544118881225585938 17.363592147827148438 14.218042373657226562 11.335428237915039062 4.9987392425537109375 5.2068033218383789062 6.689617156982421875 7.9204745292663574219 14.632243156433105469 21.204484939575195312 27.508604049682617188 24.420614242553710938 16.25406646728515625
0 4.5164031982421875 5.4141516685485839844 6.0049901008605957031 6.4164304733276367188 7.5704150199890136719 8.8269481658935546875 8.6029376983642578125 8.8051586151123046875 10.100260734558105469 11.009491920471191406 11.803988456726074219 12.754969596862792969 13.5098419189453125 14.131168365478515625 12.4869384765625 10.013973236083984375 10.468721389770507812 10.556298255920410156 10.634495735168457031 9.812137603759765625 9.8044157028198242188 12.103474617004394531 12.395845413208007812 12.499902725219726562 12.106442451477050781 13.280553817749023438 17.024065017700195312 20.462890625 20.574861526489257812 17.867094039916992188 14.927211761474609375 12.063922882080078125 6.3616704940795898438 3.7559382915496826172 6.0500216484069824219 7.41526031494140625 14.099598884582519531 20.127063751220703125 25.65073394775390625 22.844774246215820312 16.507692337036132812
0 1.7553684711456298828 3.1127331256866455078 4.4941091537475585938 5.3726630210876464844 7.0406765937805175781 8.1776056289672851562 7.7523932456970214844 8.1400585174560546875 9.2516841888427734375 10.504179000854492188 11.818271636962890625 13.554107666015625 15.443304061889648438 14.804106712341308594 11.979756355285644531 10.291975975036621094 10.685986518859863281 10.171091079711914062 10.041843414306640625 9.8656511306762695312 10.080386161804199219 11.912212371826171875 11.62201690673828125 12.651089668273925781 12.436777114868164062 12.111838340759277344 16.098081588745117188 20.081560134887695312 20.478399276733398438 18.595819473266601562 15.417185783386230469 12.271828651428222656 7.4534544944763183594 2.2696862220764160156 5.1680502891540527344 6.6968474388122558594 13.269232749938964844 19.223125457763671875 23.6514434814453125 21.627410888671875 14.742096900939941406
0 1.7324242591857910156 2.1179854869842529297 3.1616714000701904297 4.2593722343444824219 6.7231855392456054688 8.1587915420532226562 7.9154577255249023438 8.0960683822631835938 9.0602140426635742188 10.761590957641601562 12.566610336303710938 14.1274566650390625 15.316555976867675781 14.562936782836914062 12.197811126708984375 11.15653228759765625 10.737975120544433594 9.8842792510986328125 9.4631147384643554688 9.8916645050048828125 10.77851104736328125 11.176438331604003906 10.9936065673828125 12.390109062194824219 13.051500320434570312 12.144919395446777344 14.827306747436523438 18.89975738525390625 20.7182159423828125 19.533384323120117188 15.735171318054199219 12.411620140075683594 8.0787448883056640625 0.96194338798522949219 4.2283215522766113281 6.1643743515014648438 12.126314163208007812 18.0468292236328125 22.291423797607421875 21.476354598999023438 13.433571815490722656
0 1.4349365234375 1.3382618427276611328 2.7474501132965087891 4.083652496337890625 5.9541668891906738281 8.1913194656372070312 8.481719970703125 7.63492584228515625 8.49602508544921875 10.974703788757324219 13.274184226989746094 14.326904296875 14.642849922180175781 14.462610244750976562 12.853796005249023438 12.165450096130371094 11.503352165222167969 10.167944908142089844 9.3796606063842773438 9.8978662490844726562 10.948968887329101562 10.747179985046386719 10.588449478149414062 11.613664627075195312 12.958333969116210938 12.496110916137695312 14.352960586547851562 17.764795303344726562 20.358060836791992188 20.411676406860351562 16.923265457153320312 12.674010276794433594 7.8185596466064453125 1.8003377914428710938 2.7467286586761474609 5.11786651611328125 10.36945343017578125 16.895658493041992188 21.418498992919921875 20.225194931030273438 11.996701240539550781
0 2.2960240840911865234 1.371470332145690918 3.1167507171630859375 4.8480243682861328125 6.4899516105651855469 7.8734731674194335938 7.9210529327392578125 7.2742352485656738281 8.17743682861328125 10.820315361022949219 13.290209770202636719 14.476362228393554688 15.028023719787597656 14.8601837158203125 12.9313812255859375 12.197818756103515625 12.628037452697753906 10.84102630615234375 9.2443389892578125 9.816802978515625 10.726113319396972656 10.404123306274414062 10.129657745361328125 10.904980659484863281 11.901472091674804688 12.56760406494140625 14.388775825500488281 16.986614227294921875 19.264921188354492188 20.840450286865234375 18.893285751342773438 13.290958404541015625 7.4792714118957519531 3.0017788410186767578 2.1066980361938476562 4.23595428466796875 8.4257879257202148438 15.694818496704101562 21.02440643310546875 18.246517181396484375 11.156893730163574219
0 3.6076250076293945312 2.60343170166015625 2.8636927604675292969 5.1307730674743652344 6.5505518913269042969 6.5283074378967285156 7.58061981201171875 8.4243936538696289062 8.9215974807739257812 10.797762870788574219 13.010480880737304688 14.098169326782226562 15.192396163940429688 15.119168281555175781 12.951518058776855469 12.136789321899414062 12.723119735717773438 11.071919441223144531 9.3206892013549804688 9.6882886886596679688 10.31148529052734375 9.7056093215942382812 10.090663909912109375 10.806185722351074219 10.561369895935058594 12.651340484619140625 14.192319869995117188 15.664427757263183594 18.496294021606445312 20.945577621459960938 20.251520156860351562 14.88103485107421875 8.3345470428466796875 3.7148165702819824219 1.8824840784072875977 3.5896441936492919922 7.2582387924194335938 14.044168472290039062 19.64589691162109375 17.307180404663085938 11.308033943176269531
0 2.9403934478759765625 1.3592467308044433594 2.0234339237213134766 4.6079974174499511719 6.1239190101623535156 7.3063783645629882812 9.1602573394775390625 9.7191104888916015625 9.9992589950561523438 11.017980575561523438 12.018639564514160156 13.488181114196777344 14.972714424133300781 14.651284217834472656 13.201541900634765625 12.4449920654296875 11.867938995361328125 11.014769554138183594 9.8619604110717773438 9.7417039871215820312 10.149145126342773438 9.8694429397583007812 10.435277938842773438 10.580969810485839844 10.057643890380859375 12.476689338684082031 13.686902046203613281 14.043521881103515625 17.570165634155273438 20.342182159423828125 20.42765045166015625 17.045576095581054688 10.706015586853027344 4.5340247154235839844 1.6547483205795288086 3.3134222030639648438 6.127124786376953125 11.729191780090332031 15.679323196411132812 14.634370803833007812 11.487837791442871094
0 3.5266292095184326172 2.0086193084716796875 2.7740521430969238281 4.5348300933837890625 6.4409399032592773438 9.3158435821533203125 9.9771203994750976562 9.75330352783203125 10.637699127197265625 10.72440338134765625 10.947461128234863281 13.454263687133789062 14.997845649719238281 14.282945632934570312 13.402754783630371094 12.461514472961425781 11.347137451171875 10.955403327941894531 9.9089717864990234375 9.8081836700439453125 10.492692947387695312 10.265061378479003906 10.422064781188964844 10.353079795837402344 10.625615119934082031 11.882033348083496094 12.639269828796386719 13.270702362060546875 16.295495986938476562 18.741077423095703125 19.427066802978515625 18.276889801025390625 13.628070831298828125 6.3572678565979003906 1.3814004659652709961 3.9638326168060302734 6.8759260177612304688 10.371538162231445312 11.217173576354980469 11.578325271606445312 10.75605010986328125
0 4.9720511436462402344 3.8817019462585449219 3.5811839103698730469 5.3935170173645019531 7.7598900794982910156 9.9956512451171875 10.015330314636230469 10.336056709289550781 11.502298355102539062 11.236958503723144531 10.835940361022949219 13.252277374267578125 14.622990608215332031 14.258738517761230469 13.470219612121582031 12.389071464538574219 11.664525032043457031 11.198410987854003906 9.8507432937622070312 9.449878692626953125 10.099976539611816406 9.9735212326049804688 10.505702018737792969 10.54522705078125 11.163561820983886719 11.315382957458496094 11.936377525329589844 12.919691085815429688 14.787872314453125 16.824808120727539062 18.438611984252929688 18.895139694213867188 15.8277435302734375 8.2359943389892578125 1.2074049711227416992 3.6605865955352783203 8.3249731063842773438 8.8682622909545898438 8.0854167938232421875 12.817856788635253906 16.200040817260742188
0 6.1663970947265625 5.1246356964111328125 4.808719635009765625 6.4484376907348632812 8.2976980209350585938 10.120058059692382812 10.91819000244140625 11.247496604919433594 11.777182579040527344 11.578331947326660156 10.768231391906738281 12.868037223815917969 14.792928695678710938 15.029287338256835938 13.310329437255859375 12.235078811645507812 12.149945259094238281 11.17642974853515625 9.8467006683349609375 9.2091093063354492188 9.3866329193115234375 9.8918476104736328125 10.447813034057617188 10.323099136352539062 11.468152046203613281 11.326551437377929688 11.679981231689453125 12.551110267639160156 13.182648658752441406 14.796145439147949219 18.0822601318359375 19.105245590209960938 16.86370849609375 10.341533660888671875 1.5774000883102416992 3.6879243850708007812 7.5620751380920410156 7.0893206596374511719 8.2247304916381835938 13.800461769104003906 17.790056228637695312
0 6.9507017135620117188 6.2837309837341308594 6.3969364166259765625 7.7648453712463378906 9.3021593093872070312 10.886002540588378906 11.862418174743652344 11.553483963012695312 11.330756187438964844 11.082629203796386719 10.855252265930175781 12.968184471130371094 15.432416915893554688 15.244866371154785156 12.533843040466308594 12.32315826416015625 12.32334136962890625 10.712174415588378906 10.003283500671386719 9.2780208587646484375 8.9606657028198242188 10.023583412170410156 9.9497175216674804688 9.6066236495971679688 11.632184982299804688 11.607025146484375 11.158819198608398438 12.295109748840332031 12.324460983276367188 13.037581443786621094 17.358545303344726562 18.995731353759765625 17.334278106689453125 12.132979393005371094 2.4497132301330566406 3.4572873115539550781 5.600345611572265625 7.7083430290222167969 8.4452486038208007812 7.2154645919799804688 6.7752618789672851562
0 7.1494169235229492188 6.7601060867309570312 7.3538484573364257812 9.0757875442504882812 10.988194465637207031 12.458275794982910156 13.007805824279785156 12.240525245666503906 11.225263595581054688 10.240803718566894531 10.57642364501953125 12.833384513854980469 15.847150802612304688 15.335154533386230469 12.679592132568359375 12.70696258544921875 12.0136566162109375 10.90441131591796875 10.398247718811035156 9.21497344970703125 8.68724822998046875 9.4174585342407226562 9.050998687744140625 9.3262996673583984375 11.680354118347167969 11.516527175903320312 11.325171470642089844 12.281726837158203125 11.736606597900390625 12.277387619018554688 15.682468414306640625 17.914201736450195312 17.720989227294921875 13.460278511047363281 4.2461848258972167969 3.1835186481475830078 5.7863569259643554688 8.0355777740478515625 8.0882692337036132812 6.5440249443054199219 6.849582672119140625
0 7.8150124549865722656 7.8028931617736816406 8.6915721893310546875 10.799126625061035156 12.439723014831542969 13.318040847778320312 13.299411773681640625 11.92580413818359375 10.150265693664550781 9.4650115966796875 11.026744842529296875 14.043017387390136719 17.314615249633789062 16.16654205322265625 13.48314666748046875 12.946631431579589844 12.383292198181152344 11.489355087280273438 9.57572174072265625 8.806690216064453125 8.776721954345703125 8.4847249984741210938 8.6678304672241210938 9.5545806884765625 11.307248115539550781 11.647089958190917969 12.331892013549804688 12.207037925720214844 11.131948471069335938 12.542916297912597656 13.995072364807128906 16.20415496826171875 17.897977828979492188 14.479198455810546875 6.4555425643920898438 3.223751068115234375 4.6917266845703125 5.7375879287719726562 6.1258687973022460938 6.5624165534973144531 7.335384368896484375
0 8.3476686477661132812 9.1493473052978515625 10.595357894897460938 12.319143295288085938 12.844536781311035156 12.868027687072753906 12.209626197814941406 10.55667877197265625 9.6751031875610351562 10.894140243530273438 13.803838729858398438 16.351306915283203125 17.614767074584960938 15.788661003112792969 13.888154029846191406 12.557227134704589844 11.189910888671875 10.218473434448242188 9.5217571258544921875 9.6611175537109375 8.6569728851318359375 7.9691929817199707031 8.7724580764770507812 9.7032823562622070312 10.884360313415527344 12.691285133361816406 13.157515525817871094 11.70368194580078125 11.174633026123046875 12.525091171264648438 12.333148002624511719 16.266693115234375 18.387533187866210938 13.282183647155761719 7.6775193214416503906 2.9506587982177734375 3.2946021556854248047 3.6076149940490722656 3.9134371280670166016 4.107929229736328125 3.4875566959381103516
0 9.0840539932250976562 10.561189651489257812 12.615487098693847656 13.629962921142578125 12.965219497680664062 12.942425727844238281 12.741179466247558594 11.298913002014160156 11.3228759765625 13.470201492309570312 15.415673255920410156 15.94611358642578125 15.868439674377441406 15.132524490356445312 13.904204368591308594 11.365335464477539062 9.6238880157470703125 9.8054180145263671875 10.641637802124023438 9.432224273681640625 7.9050455093383789062 8.684955596923828125 9.4201955795288085938 9.8429937362670898438 11.000296592712402344 12.974715232849121094 12.835034370422363281 11.182767868041992188 11.334767341613769531 11.978026390075683594 11.871206283569335938 18.333719253540039062 17.591608047485351562 10.077181816101074219 9.457794189453125 5.5432376861572265625 4.4694623947143554688 4.3040423393249511719 3.6902642250061035156 3.7133145332336425781 2.7467167377471923828
0 9.4607934951782226562 11.840902328491210938 13.547433853149414062 14.186400413513183594 13.863721847534179688 13.882110595703125 13.264293670654296875 12.225149154663085938 12.969706535339355469 14.204214096069335938 14.646100044250488281 14.826947212219238281 14.83718109130859375 14.48297119140625 13.082497596740722656 10.985127449035644531 10.550454139709472656 10.706846237182617188 10.121013641357421875 7.7392315864562988281 7.2360811233520507812 9.1359691619873046875 9.9099826812744140625 10.518041610717773438 11.624757766723632812 12.51934051513671875 12.178761482238769531 11.451550483703613281 11.450635910034179688 11.256316184997558594 11.793139457702636719 18.687719345092773438 15.4127655029296875 7.7635512351989746094 10.0540313720703125 7.2417593002319335938 3.6714572906494140625 3.7263617515563964844 2.6241538524627685547 2.1717441082000732422 7.29319000244140625
0 9.4324331283569335938 11.078501701354980469 12.526547431945800781 13.45285797119140625 13.569449424743652344 13.179926872253417969 12.021577835083007812 12.092728614807128906 13.2884368896484375 13.90329742431640625 14.572897911071777344 14.993425369262695312 14.911493301391601562 14.011700630187988281 12.551779747009277344 11.472447395324707031 10.864642143249511719 9.6635599136352539062 8.2531862258911132812 7.9422879219055175781 9.0681972503662109375 9.6975450515747070312 10.227682113647460938 10.870080947875976562 11.397008895874023438 11.976902961730957031 11.706864356994628906 11.84955596923828125 11.490194320678710938 10.5873260498046875 11.001509666442871094 15.678836822509765625 15.339684486389160156 8.309276580810546875 8.5622005462646484375 10.008220672607421875 4.8112511634826660156 1.1113598346710205078 2.7269666194915771484 5.6190319061279296875 12.593924522399902344
0 9.305267333984375 10.332941055297851562 11.790919303894042969 12.157572746276855469 11.80979156494140625 11.434939384460449219 12.216146469116210938 13.243071556091308594 13.263857841491699219 13.862003326416015625 14.691113471984863281 14.851687431335449219 14.498507499694824219 13.412990570068359375 12.514735221862792969 12.123867988586425781 11.029440879821777344 9.4493350982666015625 8.48783111572265625 9.9253177642822265625 10.971561431884765625 10.457136154174804688 10.046550750732421875 10.510046958923339844 11.007550239562988281 11.041753768920898438 11.320436477661132812 11.895542144775390625 11.459119796752929688 10.299040794372558594 10.482339859008789062 11.724471092224121094 14.219365119934082031 10.19780731201171875 9.4339933395385742188 13.7828369140625 7.4464497566223144531 4.6073164939880371094 2.9336473941802978516 7.29815673828125 10.840288162231445312
