wildfire/work/fuelmodels/1903/ahn1.asc
ncols        234
nrows        176
xllcorner    194875.000000000000
yllcorner    448975.000000000000
cellsize     5.000000000000
NODATA_value   -999
[rows 0 to 18 of 176, columns 126 to 167 of 234]
91.79000091552734375 91.76000213623046875 91.55999755859375 91.75 91.95999908447265625 91.59999847412109375 91.12000274658203125 90.73999786376953125 90.6100006103515625 90.279998779296875 90.25 90.19000244140625 90.23000335693359375 90.3899993896484375 90.37000274658203125 90.31999969482421875 90.26000213623046875 90.220001220703125 90.1399993896484375 89.84999847412109375 89.839996337890625 89.6999969482421875 89.51999664306640625 89.4499969482421875 89.4499969482421875 89.18000030517578125 89.1399993896484375 89.05999755859375 89.01000213623046875 88.93000030517578125 88.79000091552734375 88.6399993896484375 88.43000030517578125 88.31999969482421875 88.29000091552734375 88.3600006103515625 88.470001220703125 88.529998779296875 88.44000244140625 88.4199981689453125 88.73999786376953125 88.98000335693359375
91.6699981689453125 91.76000213623046875 91.69000244140625 91.839996337890625 91.87999725341796875 91.589996337890625 91.12999725341796875 90.6999969482421875 90.40000152587890625 90.1399993896484375 89.95999908447265625 89.98000335693359375 90.15000152587890625 90.4199981689453125 90.220001220703125 90.15000152587890625 90.029998779296875 89.87000274658203125 89.6699981689453125 89.660003662109375 89.529998779296875 89.4199981689453125 89.220001220703125 89.220001220703125 89 88.68000030517578125 88.69000244140625 88.6699981689453125 88.70999908447265625 88.6100006103515625 88.5500030517578125 88.4199981689453125 88.3000030517578125 88.20999908447265625 88.089996337890625 88.05999755859375 88.15000152587890625 88.20999908447265625 88.1999969482421875 88.40000152587890625 88.5500030517578125 88.720001220703125
91.48000335693359375 91.6100006103515625 91.8000030517578125 91.8000030517578125 91.76999664306640625 91.5500030517578125 91.04000091552734375 90.529998779296875 90.12000274658203125 89.9499969482421875 89.8300018310546875 89.79000091552734375 90.089996337890625 90.54000091552734375 90.48999786376953125 90.37999725341796875 90.12999725341796875 89.70999908447265625 89.3300018310546875 89.29000091552734375 89.1399993896484375 88.98000335693359375 88.8000030517578125 88.8600006103515625 88.75 88.48999786376953125 88.44000244140625 88.410003662109375 88.470001220703125 88.37000274658203125 88.339996337890625 88.279998779296875 88.01000213623046875 87.90000152587890625 87.8899993896484375 87.8600006103515625 87.95999908447265625 88.0500030517578125 88.25 88.12999725341796875 88.3000030517578125 88.44000244140625
91.37999725341796875 91.55999755859375 91.59999847412109375 91.73000335693359375 91.6399993896484375 91.4499969482421875 90.95999908447265625 90.51000213623046875 90 89.8000030517578125 89.65000152587890625 89.660003662109375 90.0800018310546875 90.55999755859375 90.73000335693359375 90.73000335693359375 90.4199981689453125 89.95999908447265625 89.470001220703125 89.0800018310546875 88.8300018310546875 88.75 88.660003662109375 88.5 88.3899993896484375 88.26000213623046875 88.1699981689453125 88.089996337890625 88.05999755859375 88.01000213623046875 88.029998779296875 88.029998779296875 87.73000335693359375 87.73999786376953125 87.8899993896484375 87.8899993896484375 87.90000152587890625 88 88.0800018310546875 87.80999755859375 87.8300018310546875 88.06999969482421875
91.12999725341796875 91.1699981689453125 91.26999664306640625 91.34999847412109375 91.34999847412109375 91.18000030517578125 90.84999847412109375 90.48000335693359375 89.93000030517578125 89.59999847412109375 89.48999786376953125 89.48999786376953125 89.839996337890625 90.3000030517578125 90.660003662109375 90.779998779296875 90.76999664306640625 90.4499969482421875 89.79000091552734375 89.29000091552734375 88.84999847412109375 88.59999847412109375 88.3899993896484375 88.23000335693359375 88.12999725341796875 87.94000244140625 87.80999755859375 87.6699981689453125 87.5800018310546875 87.5800018310546875 87.589996337890625 87.51000213623046875 87.37999725341796875 87.4199981689453125 87.55999755859375 87.51999664306640625 87.54000091552734375 87.70999908447265625 87.65000152587890625 87.5 87.529998779296875 87.54000091552734375
91.09999847412109375 90.9199981689453125 90.90000152587890625 90.9499969482421875 90.98999786376953125 90.76000213623046875 90.4499969482421875 90.1399993896484375 89.79000091552734375 89.34999847412109375 89.20999908447265625 89.1699981689453125 89.410003662109375 89.81999969482421875 90.30999755859375 90.5500030517578125 90.59999847412109375 90.48999786376953125 89.9199981689453125 89.3600006103515625 88.8000030517578125 88.34999847412109375 88.1399993896484375 87.87999725341796875 87.76999664306640625 87.5800018310546875 87.470001220703125 87.37999725341796875 87.339996337890625 87.279998779296875 87.19000244140625 87.20999908447265625 87.1999969482421875 87.23000335693359375 87.3300018310546875 87.40000152587890625 87.43000030517578125 87.5500030517578125 87.529998779296875 87.3899993896484375 87.3300018310546875 87.3899993896484375
91 90.84999847412109375 90.6399993896484375 90.6399993896484375 90.410003662109375 90.37000274658203125 90.12000274658203125 89.73000335693359375 89.59999847412109375 89.19000244140625 89.089996337890625 88.910003662109375 89.18000030517578125 89.44000244140625 89.65000152587890625 90.09999847412109375 90.3300018310546875 90.01999664306640625 89.5800018310546875 89.19000244140625 88.73999786376953125 88.34999847412109375 88.01000213623046875 87.779998779296875 87.75 87.5500030517578125 87.4199981689453125 87.37999725341796875 87.3000030517578125 87.20999908447265625 87.1399993896484375 87 87.029998779296875 87.1999969482421875 87.1699981689453125 87.06999969482421875 87.220001220703125 87.48999786376953125 87.3600006103515625 87.15000152587890625 87.09999847412109375 87.12000274658203125
90.70999908447265625 90.720001220703125 90.56999969482421875 90.29000091552734375 90.09999847412109375 90.01999664306640625 89.81999969482421875 89.589996337890625 89.1999969482421875 88.98000335693359375 88.76000213623046875 88.69000244140625 88.62000274658203125 88.73999786376953125 89.04000091552734375 89.37000274658203125 89.62999725341796875 89.68000030517578125 89.43000030517578125 89.12999725341796875 88.75 88.44000244140625 88.089996337890625 87.9199981689453125 87.6100006103515625 87.5800018310546875 87.65000152587890625 87.5800018310546875 87.43000030517578125 87.09999847412109375 87 86.8600006103515625 86.8600006103515625 87.0800018310546875 87.029998779296875 86.5800018310546875 86.93000030517578125 87.339996337890625 87.25 86.910003662109375 86.839996337890625 86.80999755859375
90.73999786376953125 90.37000274658203125 90.3000030517578125 90.01999664306640625 89.8899993896484375 89.589996337890625 89.51000213623046875 89.40000152587890625 88.94000244140625 88.65000152587890625 88.4499969482421875 88.20999908447265625 88.23000335693359375 88.3600006103515625 88.59999847412109375 88.94000244140625 89.160003662109375 89.26999664306640625 89.0800018310546875 88.9499969482421875 88.8300018310546875 88.54000091552734375 88.30999755859375 87.9199981689453125 87.56999969482421875 87.44000244140625 87.34999847412109375 87.25 87.23999786376953125 87.12999725341796875 86.73999786376953125 86.8000030517578125 86.6100006103515625 86.75 86.69000244140625 86.220001220703125 86.68000030517578125 87.01999664306640625 86.9199981689453125 86.62000274658203125 86.55999755859375 86.6100006103515625
90.3899993896484375 90.029998779296875 90.089996337890625 89.9199981689453125 89.51000213623046875 89.3000030517578125 88.970001220703125 88.90000152587890625 88.55999755859375 88.3600006103515625 88.1999969482421875 88.09999847412109375 87.970001220703125 88.1699981689453125 88.31999969482421875 88.470001220703125 88.51000213623046875 88.65000152587890625 88.75 88.90000152587890625 88.73999786376953125 88.40000152587890625 88.04000091552734375 87.62999725341796875 87.26000213623046875 87.23999786376953125 86.8899993896484375 86.95999908447265625 86.80999755859375 86.8899993896484375 86.59999847412109375 86.26999664306640625 86.1999969482421875 86.37000274658203125 86.3000030517578125 86.19000244140625 86.54000091552734375 86.79000091552734375 86.51000213623046875 86.279998779296875 86.339996337890625 86.34999847412109375
89.80999755859375 89.68000030517578125 89.65000152587890625 89.51000213623046875 89.26999664306640625 89.0800018310546875 88.80999755859375 88.6699981689453125 88.3300018310546875 88.12999725341796875 88.01000213623046875 88.029998779296875 87.98000335693359375 88.15000152587890625 88.18000030517578125 88.160003662109375 88.23999786376953125 88.3899993896484375 88.6399993896484375 88.6699981689453125 88.65000152587890625 88.12999725341796875 87.68000030517578125 87.3000030517578125 87.1999969482421875 87.18000030517578125 86.9499969482421875 86.87999725341796875 86.62999725341796875 86.65000152587890625 86.339996337890625 85.84999847412109375 85.9199981689453125 85.8300018310546875 85.73000335693359375 85.910003662109375 86.37000274658203125 86.410003662109375 86.220001220703125 85.98000335693359375 85.87000274658203125 86.09999847412109375
89.55999755859375 89.51000213623046875 89.4499969482421875 89.26000213623046875 88.970001220703125 88.8000030517578125 88.6999969482421875 88.37999725341796875 88.0800018310546875 87.93000030517578125 87.87999725341796875 87.87000274658203125 87.76000213623046875 87.80999755859375 87.90000152587890625 87.970001220703125 88.220001220703125 88.339996337890625 88.34999847412109375 88.19000244140625 87.98999786376953125 87.68000030517578125 87.44000244140625 87.1699981689453125 87.279998779296875 87.31999969482421875 87.1399993896484375 86.8000030517578125 86.3000030517578125 86.26000213623046875 85.8899993896484375 85.4199981689453125 85.4499969482421875 85.4199981689453125 85.589996337890625 85.660003662109375 85.9199981689453125 85.8300018310546875 85.84999847412109375 85.660003662109375 85.73999786376953125 85.48000335693359375
89.48000335693359375 89.279998779296875 89.12999725341796875 89.029998779296875 88.8300018310546875 88.62000274658203125 88.37000274658203125 88.12000274658203125 87.9499969482421875 87.81999969482421875 87.69000244140625 87.720001220703125 87.720001220703125 87.68000030517578125 87.80999755859375 88.089996337890625 88.1699981689453125 88.04000091552734375 87.98999786376953125 87.80999755859375 87.8000030517578125 87.54000091552734375 87.279998779296875 87.15000152587890625 87.470001220703125 87.55999755859375 87.43000030517578125 86.90000152587890625 86.29000091552734375 85.8000030517578125 85.43000030517578125 85.0500030517578125 85.18000030517578125 85.160003662109375 85.4499969482421875 85.26000213623046875 85.48000335693359375 85.73000335693359375 85.5800018310546875 85.12999725341796875 85.23999786376953125 85.220001220703125
89.23000335693359375 89.15000152587890625 88.9499969482421875 88.70999908447265625 88.54000091552734375 88.410003662109375 88.12999725341796875 87.93000030517578125 87.75 87.68000030517578125 87.59999847412109375 87.55999755859375 87.65000152587890625 87.6399993896484375 87.970001220703125 88.12000274658203125 88.0500030517578125 87.8600006103515625 87.81999969482421875 88.12999725341796875 88.18000030517578125 87.76999664306640625 87.31999969482421875 87.15000152587890625 87.4199981689453125 87.5800018310546875 87.51999664306640625 87.089996337890625 86.6399993896484375 85.37000274658203125 85 84.95999908447265625 84.87999725341796875 85.01000213623046875 85.089996337890625 85.0800018310546875 85.0800018310546875 85.1999969482421875 85.1100006103515625 84.70999908447265625 84.8300018310546875 85.1699981689453125
89.1399993896484375 89.1999969482421875 88.910003662109375 88.65000152587890625 88.339996337890625 88.15000152587890625 87.98999786376953125 87.720001220703125 87.59999847412109375 87.54000091552734375 87.5 87.54000091552734375 87.6100006103515625 87.84999847412109375 88.12000274658203125 88.0500030517578125 87.87000274658203125 87.79000091552734375 88.089996337890625 88.29000091552734375 88.339996337890625 87.98000335693359375 87.160003662109375 87.15000152587890625 87.3000030517578125 87.51000213623046875 87.410003662109375 87.029998779296875 86.30999755859375 85.31999969482421875 84.95999908447265625 84.8000030517578125 84.70999908447265625 84.76999664306640625 84.79000091552734375 84.62000274658203125 84.69000244140625 84.720001220703125 84.62999725341796875 84.40000152587890625 84.5800018310546875 84.73999786376953125
88.970001220703125 88.87999725341796875 88.80999755859375 88.5800018310546875 88.19000244140625 88.12000274658203125 87.68000030517578125 87.5 87.43000030517578125 87.34999847412109375 87.37999725341796875 87.410003662109375 87.73999786376953125 88.01000213623046875 88.12999725341796875 87.910003662109375 87.75 87.779998779296875 87.9199981689453125 88.01000213623046875 87.98000335693359375 87.660003662109375 87.26000213623046875 87.19000244140625 87.339996337890625 87.470001220703125 87.26999664306640625 86.79000091552734375 85.9499969482421875 85.18000030517578125 84.81999969482421875 84.62000274658203125 84.51999664306640625 84.529998779296875 84.470001220703125 84.279998779296875 84.31999969482421875 84.3300018310546875 84.25 84.12000274658203125 84.339996337890625 84.470001220703125
88.660003662109375 88.5800018310546875 88.48999786376953125 88.37999725341796875 88.029998779296875 87.589996337890625 87.4199981689453125 87.339996337890625 87.15000152587890625 87.12999725341796875 87.25 87.62000274658203125 87.9499969482421875 87.8899993896484375 87.81999969482421875 87.65000152587890625 87.5800018310546875 87.68000030517578125 87.660003662109375 87.69000244140625 87.51000213623046875 87.25 87.3000030517578125 87.26000213623046875 87.26999664306640625 87.37999725341796875 87.279998779296875 86.62000274658203125 85.589996337890625 84.98999786376953125 84.5800018310546875 84.31999969482421875 84.26000213623046875 84.1100006103515625 83.9499969482421875 83.55999755859375 83.8600006103515625 83.84999847412109375 84.01999664306640625 83.84999847412109375 84.01999664306640625 84.19000244140625
88.37000274658203125 88.31999969482421875 88.029998779296875 87.90000152587890625 87.529998779296875 87.5500030517578125 87.089996337890625 87.09999847412109375 86.98000335693359375 87.01999664306640625 87.1699981689453125 87.51000213623046875 87.69000244140625 87.5800018310546875 87.48000335693359375 87.37999725341796875 87.4499969482421875 87.45999908447265625 87.5800018310546875 87.40000152587890625 87.43000030517578125 87.3899993896484375 87.220001220703125 87.279998779296875 87.410003662109375 87.23999786376953125 87.26999664306640625 86.910003662109375 85.95999908447265625 85.04000091552734375 84.5500030517578125 84.1699981689453125 83.80999755859375 83.62999725341796875 83.470001220703125 83.25 83.65000152587890625 83.48000335693359375 83.4499969482421875 83.59999847412109375 83.76999664306640625 83.970001220703125
87.90000152587890625 87.62000274658203125 87.5 87.55999755859375 87.05999755859375 86.84999847412109375 86.8000030517578125 86.94000244140625 86.79000091552734375 86.8600006103515625 87.1100006103515625 87.37000274658203125 87.44000244140625 87.25 87.0800018310546875 86.98999786376953125 87.089996337890625 87.25 87.279998779296875 87.220001220703125 87.26999664306640625 87.18000030517578125 87.1399993896484375 87.20999908447265625 87.26000213623046875 87.18000030517578125 87.05999755859375 86.65000152587890625 86.19000244140625 85.5500030517578125 84.6999969482421875 84.279998779296875 83.51999664306640625 83.089996337890625 82.84999847412109375 83.12999725341796875 83.0800018310546875 83.089996337890625 83.12999725341796875 83.3600006103515625 83.6399993896484375 83.76999664306640625
