wildfire/work/fuelmodels/1903/ahn1.asc
ncols        234
nrows        176
xllcorner    194875.000000000000
yllcorner    448975.000000000000
cellsize     5.000000000000
NODATA_value   -999
[rows 38 to 56 of 176, columns 0 to 41 of 234]
85.70999908447265625 85.8000030517578125 85.87000274658203125 85.93000030517578125 86.06999969482421875 86.25 86.26999664306640625 86.34999847412109375 86.4199981689453125 86.4199981689453125 86.48999786376953125 86.5500030517578125 86.6100006103515625 86.73000335693359375 86.779998779296875 86.76999664306640625 86.80999755859375 86.98000335693359375 86.839996337890625 86.87999725341796875 86.98999786376953125 87.01000213623046875 87.01999664306640625 87.09999847412109375 87.1999969482421875 87.30999755859375 87.4199981689453125 87.3300018310546875 87.5 87.589996337890625 87.68000030517578125 87.69000244140625 87.79000091552734375 87.6100006103515625 87.69000244140625 87.68000030517578125 87.80999755859375 87.660003662109375 87.87000274658203125 88.04000091552734375 88.06999969482421875 88.26999664306640625
85.589996337890625 85.76000213623046875 85.76000213623046875 85.779998779296875 86.01000213623046875 86.06999969482421875 86.12999725341796875 86.23000335693359375 86.31999969482421875 86.339996337890625 86.48000335693359375 86.51000213623046875 86.5500030517578125 86.56999969482421875 86.62999725341796875 86.660003662109375 86.6999969482421875 86.73000335693359375 86.779998779296875 86.79000091552734375 86.84999847412109375 86.94000244140625 87.01000213623046875 87.089996337890625 87.12999725341796875 87.20999908447265625 87.34999847412109375 87.23000335693359375 87.3899993896484375 87.44000244140625 87.44000244140625 87.5 87.48000335693359375 87.529998779296875 87.40000152587890625 87.5 87.59999847412109375 87.5800018310546875 87.68000030517578125 87.910003662109375 87.9199981689453125 88.0500030517578125
85.34999847412109375 85.3300018310546875 85.55999755859375 85.76000213623046875 85.76000213623046875 85.94000244140625 85.95999908447265625 86.04000091552734375 86.160003662109375 86.25 86.220001220703125 86.29000091552734375 86.410003662109375 86.3600006103515625 86.4499969482421875 86.4499969482421875 86.48999786376953125 86.69000244140625 86.80999755859375 86.779998779296875 86.80999755859375 86.98999786376953125 87.01999664306640625 86.87999725341796875 87 87.12000274658203125 87.15000152587890625 87.12999725341796875 87.26999664306640625 87.3000030517578125 87.3600006103515625 87.51000213623046875 87.410003662109375 87.3000030517578125 87.29000091552734375 87.31999969482421875 87.51999664306640625 87.48000335693359375 87.48999786376953125 87.70999908447265625 87.69000244140625 87.8000030517578125
85.1699981689453125 85.25 85.37000274658203125 85.59999847412109375 85.65000152587890625 85.75 85.90000152587890625 85.95999908447265625 86.12999725341796875 86.1100006103515625 86.12999725341796875 86.19000244140625 86.29000091552734375 86.3300018310546875 86.37999725341796875 86.3300018310546875 86.3899993896484375 86.48999786376953125 86.6699981689453125 86.69000244140625 86.70999908447265625 86.81999969482421875 86.8000030517578125 86.81999969482421875 86.970001220703125 86.970001220703125 86.8000030517578125 87.01999664306640625 86.98000335693359375 87.160003662109375 87.26000213623046875 87.279998779296875 87.3000030517578125 87.19000244140625 87.12000274658203125 87.1399993896484375 87.09999847412109375 87.30999755859375 87.31999969482421875 87.44000244140625 87.51000213623046875 87.51000213623046875
84.95999908447265625 85.05999755859375 85.1399993896484375 85.34999847412109375 85.48999786376953125 85.5800018310546875 85.5800018310546875 85.9499969482421875 85.94000244140625 85.93000030517578125 86.1100006103515625 86.04000091552734375 85.95999908447265625 86.15000152587890625 86.26999664306640625 86.29000091552734375 86.3300018310546875 86.26000213623046875 86.660003662109375 86.59999847412109375 86.65000152587890625 86.80999755859375 86.5800018310546875 86.660003662109375 86.6100006103515625 86.73999786376953125 86.73999786376953125 86.87000274658203125 86.94000244140625 87.1100006103515625 87.029998779296875 87.26999664306640625 87.26999664306640625 87.04000091552734375 86.910003662109375 86.95999908447265625 87 87.1399993896484375 87.089996337890625 87.06999969482421875 87.23999786376953125 87.37999725341796875
84.779998779296875 84.9499969482421875 85.0500030517578125 85.0800018310546875 85.160003662109375 85.3000030517578125 85.48999786376953125 85.65000152587890625 85.720001220703125 85.87000274658203125 85.95999908447265625 85.98000335693359375 86 86.029998779296875 86.12999725341796875 86.23000335693359375 86.3600006103515625 86.3600006103515625 86.43000030517578125 86.529998779296875 86.779998779296875 86.5500030517578125 86.48999786376953125 86.43000030517578125 86.48999786376953125 86.48999786376953125 86.6100006103515625 86.69000244140625 86.6999969482421875 86.720001220703125 86.90000152587890625 87.220001220703125 87.089996337890625 86.84999847412109375 86.76000213623046875 86.9199981689453125 86.80999755859375 86.81999969482421875 86.94000244140625 86.95999908447265625 87.220001220703125 87.09999847412109375
84.660003662109375 84.660003662109375 84.81999969482421875 84.910003662109375 85.06999969482421875 85.15000152587890625 85.29000091552734375 85.43000030517578125 85.56999969482421875 85.59999847412109375 85.779998779296875 85.87000274658203125 85.8899993896484375 86.05999755859375 86.12999725341796875 86.12999725341796875 86.089996337890625 86.3899993896484375 86.34999847412109375 86.48999786376953125 86.529998779296875 86.45999908447265625 86.3300018310546875 86.3899993896484375 86.410003662109375 86.26999664306640625 86.4199981689453125 86.56999969482421875 86.6399993896484375 86.589996337890625 86.720001220703125 86.9199981689453125 86.84999847412109375 86.65000152587890625 86.73000335693359375 86.6699981689453125 86.68000030517578125 86.69000244140625 86.81999969482421875 86.76999664306640625 86.80999755859375 86.910003662109375
84.4499969482421875 84.54000091552734375 84.589996337890625 84.68000030517578125 84.779998779296875 84.8300018310546875 85.0800018310546875 85.220001220703125 85.30999755859375 85.43000030517578125 85.54000091552734375 85.65000152587890625 85.73999786376953125 85.80999755859375 85.93000030517578125 86 86.1100006103515625 86.25 86.23000335693359375 86.1100006103515625 86.30999755859375 86.45999908447265625 86.26000213623046875 86.31999969482421875 86.37000274658203125 86.40000152587890625 86.34999847412109375 86.3600006103515625 86.51000213623046875 86.54000091552734375 86.54000091552734375 86.76000213623046875 86.79000091552734375 86.5500030517578125 86.51000213623046875 86.55999755859375 86.5500030517578125 86.62000274658203125 86.65000152587890625 86.6100006103515625 86.6399993896484375 86.720001220703125
84.30999755859375 84.37999725341796875 84.31999969482421875 84.410003662109375 84.56999969482421875 84.59999847412109375 84.6999969482421875 84.90000152587890625 85.01999664306640625 85.19000244140625 85.31999969482421875 85.3600006103515625 85.3899993896484375 85.65000152587890625 85.90000152587890625 85.94000244140625 85.9499969482421875 86.05999755859375 86.04000091552734375 86.0500030517578125 86.089996337890625 86.26000213623046875 86.29000091552734375 86.20999908447265625 86.44000244140625 86.43000030517578125 86.26000213623046875 86.31999969482421875 86.410003662109375 86.4499969482421875 86.410003662109375 86.5500030517578125 86.65000152587890625 86.410003662109375 86.3899993896484375 86.4499969482421875 86.43000030517578125 86.5 86.470001220703125 86.40000152587890625 86.4199981689453125 86.45999908447265625
84.05999755859375 84.1100006103515625 84.18000030517578125 84.3899993896484375 84.26000213623046875 84.26000213623046875 84.470001220703125 84.69000244140625 84.779998779296875 84.73999786376953125 84.98999786376953125 85.089996337890625 85.220001220703125 85.51000213623046875 85.6699981689453125 85.62999725341796875 85.69000244140625 85.839996337890625 85.87000274658203125 85.84999847412109375 85.98999786376953125 86.06999969482421875 86.09999847412109375 86.1699981689453125 86.279998779296875 86.3000030517578125 86.18000030517578125 86.23000335693359375 86.30999755859375 86.34999847412109375 86.3300018310546875 86.31999969482421875 86.4499969482421875 86.37000274658203125 86.37000274658203125 86.31999969482421875 86.3000030517578125 86.23999786376953125 86.30999755859375 86.160003662109375 86.19000244140625 86.18000030517578125
83.87999725341796875 84.05999755859375 84.1100006103515625 84.01999664306640625 84.0800018310546875 84.23000335693359375 84.160003662109375 84.51000213623046875 84.6999969482421875 84.51999664306640625 84.80999755859375 84.87999725341796875 84.95999908447265625 85.12000274658203125 85.3000030517578125 85.1999969482421875 85.54000091552734375 85.59999847412109375 85.65000152587890625 85.68000030517578125 85.73000335693359375 85.84999847412109375 85.87999725341796875 86 86.1399993896484375 86.19000244140625 86.160003662109375 86.19000244140625 86.23999786376953125 86.279998779296875 86.3000030517578125 86.23000335693359375 86.1999969482421875 86.09999847412109375 86.12999725341796875 86.18000030517578125 86.19000244140625 86.1999969482421875 86.20999908447265625 86.029998779296875 86.0800018310546875 86.09999847412109375
83.98000335693359375 83.9199981689453125 83.910003662109375 83.9199981689453125 84.01000213623046875 84.12000274658203125 84.18000030517578125 84.37000274658203125 84.339996337890625 84.4499969482421875 84.56999969482421875 84.6100006103515625 84.70999908447265625 84.81999969482421875 84.9499969482421875 85.1100006103515625 85.1999969482421875 85.3600006103515625 85.410003662109375 85.44000244140625 85.54000091552734375 85.68000030517578125 85.73000335693359375 85.87999725341796875 85.970001220703125 86.06999969482421875 86.0800018310546875 86.0800018310546875 86.089996337890625 86.1699981689453125 86.18000030517578125 86.12999725341796875 86.160003662109375 86.05999755859375 85.8600006103515625 85.98000335693359375 85.95999908447265625 85.98000335693359375 86.0800018310546875 85.87000274658203125 85.84999847412109375 86
83.9199981689453125 83.8000030517578125 83.910003662109375 83.8899993896484375 83.779998779296875 83.98000335693359375 84 84.12000274658203125 84.160003662109375 84.1699981689453125 84.30999755859375 84.29000091552734375 84.339996337890625 84.73000335693359375 84.660003662109375 84.779998779296875 85.01000213623046875 85.089996337890625 85.12999725341796875 85.31999969482421875 85.31999969482421875 85.55999755859375 85.48000335693359375 85.65000152587890625 85.8000030517578125 85.76999664306640625 85.87999725341796875 85.94000244140625 85.93000030517578125 86.01999664306640625 85.970001220703125 86.09999847412109375 86.12000274658203125 86.06999969482421875 85.94000244140625 85.87000274658203125 85.8899993896484375 85.87999725341796875 85.839996337890625 85.8000030517578125 85.80999755859375 85.779998779296875
84.09999847412109375 83.90000152587890625 83.80999755859375 83.8000030517578125 83.76999664306640625 83.87999725341796875 84.01999664306640625 83.98000335693359375 83.76999664306640625 83.970001220703125 84.12999725341796875 84.19000244140625 84.1999969482421875 84.31999969482421875 84.529998779296875 84.589996337890625 84.5500030517578125 84.8300018310546875 84.94000244140625 85.12000274658203125 85.09999847412109375 85.25 85.339996337890625 85.470001220703125 85.62000274658203125 85.69000244140625 85.8000030517578125 85.8300018310546875 85.9199981689453125 85.8000030517578125 85.8000030517578125 86.01999664306640625 85.95999908447265625 85.93000030517578125 85.84999847412109375 85.8300018310546875 85.779998779296875 85.68000030517578125 85.68000030517578125 85.73000335693359375 85.660003662109375 85.70999908447265625
84.160003662109375 84.05999755859375 83.839996337890625 83.80999755859375 83.720001220703125 83.73999786376953125 83.79000091552734375 83.8300018310546875 83.87000274658203125 83.98000335693359375 83.970001220703125 83.94000244140625 83.90000152587890625 83.95999908447265625 84.15000152587890625 84.23999786376953125 84.45999908447265625 84.5500030517578125 84.529998779296875 84.76999664306640625 84.8899993896484375 84.970001220703125 85.20999908447265625 85.29000091552734375 85.3899993896484375 85.44000244140625 85.529998779296875 85.62999725341796875 85.660003662109375 85.68000030517578125 85.779998779296875 85.8899993896484375 85.76999664306640625 85.6999969482421875 85.660003662109375 85.73000335693359375 85.68000030517578125 85.529998779296875 85.529998779296875 85.660003662109375 85.45999908447265625 85.48999786376953125
84.029998779296875 83.970001220703125 83.839996337890625 83.73999786376953125 83.589996337890625 83.5500030517578125 83.65000152587890625 83.6699981689453125 83.62999725341796875 83.660003662109375 83.5800018310546875 83.65000152587890625 83.65000152587890625 83.84999847412109375 83.8899993896484375 84 84.18000030517578125 84.339996337890625 84.3300018310546875 84.51000213623046875 84.660003662109375 84.75 84.970001220703125 85.06999969482421875 85.26000213623046875 85.23000335693359375 85.3300018310546875 85.40000152587890625 85.56999969482421875 85.56999969482421875 85.45999908447265625 85.55999755859375 85.48000335693359375 85.410003662109375 85.51999664306640625 85.43000030517578125 85.37999725341796875 85.410003662109375 85.37999725341796875 85.279998779296875 85.3000030517578125 85.3300018310546875
83.84999847412109375 83.95999908447265625 83.95999908447265625 83.8300018310546875 83.5500030517578125 83.5 83.4199981689453125 83.48999786376953125 83.4499969482421875 83.43000030517578125 83.48999786376953125 83.4199981689453125 83.44000244140625 83.54000091552734375 83.73999786376953125 83.73999786376953125 83.95999908447265625 84.0800018310546875 84.1999969482421875 84.23000335693359375 84.40000152587890625 84.62999725341796875 84.73999786376953125 84.9499969482421875 85.1100006103515625 85.25 85.40000152587890625 85.1999969482421875 85.3300018310546875 85.4199981689453125 85.279998779296875 85.3300018310546875 85.279998779296875 85.279998779296875 85.23000335693359375 85.18000030517578125 85.12999725341796875 85.19000244140625 85.160003662109375 85 85.0800018310546875 85.05999755859375
83.70999908447265625 83.87999725341796875 83.80999755859375 83.65000152587890625 83.660003662109375 83.48000335693359375 83.37000274658203125 83.339996337890625 83.26000213623046875 83.25 83.3000030517578125 83.23999786376953125 83.339996337890625 83.44000244140625 83.37999725341796875 83.589996337890625 83.6999969482421875 83.75 83.84999847412109375 84.01000213623046875 84.15000152587890625 84.37000274658203125 84.529998779296875 84.69000244140625 84.95999908447265625 84.94000244140625 85.20999908447265625 85.1999969482421875 85.1399993896484375 85.1100006103515625 85 85.1399993896484375 85.01000213623046875 85.0800018310546875 85.18000030517578125 85.0500030517578125 84.970001220703125 85.0500030517578125 84.95999908447265625 84.84999847412109375 84.8600006103515625 84.73000335693359375
83.54000091552734375 83.65000152587890625 83.6100006103515625 83.6100006103515625 83.529998779296875 83.4199981689453125 83.3300018310546875 83.26000213623046875 83.12000274658203125 83.279998779296875 83.04000091552734375 83.26999664306640625 82.9499969482421875 83.089996337890625 83.1999969482421875 83.19000244140625 83.3300018310546875 83.48000335693359375 83.59999847412109375 83.8300018310546875 83.94000244140625 84.15000152587890625 84.279998779296875 84.5500030517578125 84.65000152587890625 84.62000274658203125 84.87999725341796875 84.87999725341796875 84.839996337890625 84.79000091552734375 84.80999755859375 84.9499969482421875 85.04000091552734375 85 84.970001220703125 84.839996337890625 84.81999969482421875 84.76000213623046875 84.79000091552734375 84.529998779296875 84.65000152587890625 84.62000274658203125
