wildfire/work/fuelmodels/1903/ahn1.asc
ncols        234
nrows        176
xllcorner    194875.000000000000
yllcorner    448975.000000000000
cellsize     5.000000000000
NODATA_value   -999
[rows 38 to 56 of 176, columns 126 to 167 of 234]
81.1399993896484375 80.98000335693359375 80.779998779296875 80.54000091552734375 80.660003662109375 80.6100006103515625 80.45999908447265625 80.1699981689453125 79.95999908447265625 79.9199981689453125 79.98999786376953125 80.62000274658203125 81.01000213623046875 81.589996337890625 82.37000274658203125 83.30999755859375 83.87000274658203125 84.4499969482421875 84.73000335693359375 84.59999847412109375 84.1399993896484375 83.69000244140625 82.73000335693359375 81.839996337890625 80.90000152587890625 80.26999664306640625 79.23999786376953125 78.23000335693359375 77.4499969482421875 76.81999969482421875 76.25 76.15000152587890625 76.20999908447265625 76.3300018310546875 76.31999969482421875 76.62999725341796875 76.51999664306640625 76.470001220703125 76.529998779296875 76.54000091552734375 76.56999969482421875 76.69000244140625
80.8899993896484375 80.68000030517578125 80.51999664306640625 80.3300018310546875 80.3899993896484375 80.3300018310546875 80.160003662109375 79.9499969482421875 79.73000335693359375 79.62999725341796875 79.95999908447265625 80.3300018310546875 80.8899993896484375 81.73999786376953125 82.55999755859375 83.55999755859375 84.1399993896484375 84.54000091552734375 84.70999908447265625 84.34999847412109375 83.79000091552734375 83.01000213623046875 81.95999908447265625 81.029998779296875 80 79.18000030517578125 78.44000244140625 77.5500030517578125 76.76999664306640625 76.23000335693359375 76.09999847412109375 75.98000335693359375 76.0800018310546875 76.09999847412109375 76.3300018310546875 76.339996337890625 76.23999786376953125 76.279998779296875 76.23999786376953125 76.34999847412109375 76.4199981689453125 76.55999755859375
80.62000274658203125 80.410003662109375 80.15000152587890625 80.19000244140625 80.23000335693359375 80.12000274658203125 80.01000213623046875 79.59999847412109375 79.529998779296875 79.43000030517578125 79.8000030517578125 80.26000213623046875 80.98999786376953125 81.910003662109375 82.73999786376953125 83.59999847412109375 84.220001220703125 84.48000335693359375 84.6399993896484375 83.970001220703125 83.3899993896484375 82.34999847412109375 81.1699981689453125 80.04000091552734375 79.1399993896484375 78.410003662109375 77.73999786376953125 77.01999664306640625 76.529998779296875 75.9199981689453125 75.95999908447265625 75.779998779296875 75.910003662109375 75.98000335693359375 76.23000335693359375 75.98999786376953125 76.05999755859375 76.029998779296875 76.01999664306640625 76.1100006103515625 76.1999969482421875 76.3600006103515625
80.29000091552734375 79.98000335693359375 80.01999664306640625 79.970001220703125 79.94000244140625 79.79000091552734375 79.5800018310546875 79.20999908447265625 79.25 79.220001220703125 79.8300018310546875 80.12999725341796875 81.06999969482421875 82.0500030517578125 82.8000030517578125 83.6699981689453125 84.23000335693359375 84.160003662109375 83.8000030517578125 83.25 82.5500030517578125 81.529998779296875 80.3899993896484375 79.3300018310546875 78.40000152587890625 77.6699981689453125 77.04000091552734375 76.62000274658203125 76.160003662109375 75.8600006103515625 75.8600006103515625 75.62999725341796875 75.529998779296875 75.79000091552734375 75.94000244140625 75.81999969482421875 75.84999847412109375 75.95999908447265625 75.80999755859375 75.910003662109375 76.029998779296875 76.1399993896484375
79.87000274658203125 79.70999908447265625 79.6399993896484375 79.660003662109375 79.62999725341796875 79.48000335693359375 79.29000091552734375 79.01000213623046875 78.9199981689453125 79.3000030517578125 79.70999908447265625 80.279998779296875 81.06999969482421875 82.12000274658203125 83.15000152587890625 83.55999755859375 83.84999847412109375 83.51999664306640625 83.31999969482421875 82.56999969482421875 81.75 80.839996337890625 79.6699981689453125 78.5800018310546875 77.76000213623046875 77.18000030517578125 76.62000274658203125 76.29000091552734375 75.93000030517578125 75.51000213623046875 75.5800018310546875 75.4499969482421875 75.3300018310546875 75.59999847412109375 75.70999908447265625 75.589996337890625 75.51000213623046875 75.59999847412109375 75.6399993896484375 75.76999664306640625 75.87000274658203125 75.9199981689453125
79.6100006103515625 79.48000335693359375 79.37000274658203125 79.3300018310546875 79.25 79.15000152587890625 78.98000335693359375 78.75 78.8000030517578125 79.19000244140625 79.76000213623046875 80.19000244140625 81.1699981689453125 82.15000152587890625 82.9199981689453125 83.26000213623046875 83.34999847412109375 83.0800018310546875 82.56999969482421875 81.6699981689453125 80.779998779296875 79.8000030517578125 78.69000244140625 77.94000244140625 77.09999847412109375 76.65000152587890625 76.30999755859375 76.089996337890625 75.62999725341796875 75.48999786376953125 75.31999969482421875 75.18000030517578125 75.23000335693359375 75.48999786376953125 75.48000335693359375 75.48000335693359375 75.4199981689453125 75.4499969482421875 75.5 75.69000244140625 75.69000244140625 75.62000274658203125
79.1100006103515625 79.18000030517578125 79.12000274658203125 79.01999664306640625 78.94000244140625 78.8899993896484375 78.6699981689453125 78.529998779296875 78.6100006103515625 79.029998779296875 79.589996337890625 80.0800018310546875 80.94000244140625 81.970001220703125 82.75 83.09999847412109375 83.0800018310546875 82.75 82.1699981689453125 81.30999755859375 80.19000244140625 79.279998779296875 78.18000030517578125 77.29000091552734375 76.62999725341796875 76.23000335693359375 76.05999755859375 75.9199981689453125 75.37000274658203125 75.26000213623046875 75.19000244140625 75.01999664306640625 75.25 75.34999847412109375 75.30999755859375 75.220001220703125 75.26000213623046875 75.20999908447265625 75.470001220703125 75.5500030517578125 75.51000213623046875 75.4199981689453125
78.9499969482421875 78.95999908447265625 78.87999725341796875 78.70999908447265625 78.5800018310546875 78.54000091552734375 78.29000091552734375 78.25 78.410003662109375 79.01999664306640625 79.3000030517578125 80 80.87999725341796875 81.90000152587890625 82.73999786376953125 83.30999755859375 83.23999786376953125 82.84999847412109375 82.220001220703125 81.089996337890625 79.8899993896484375 78.87000274658203125 77.839996337890625 76.9499969482421875 76.30999755859375 75.81999969482421875 75.62999725341796875 75.5500030517578125 75.34999847412109375 75.34999847412109375 75.05999755859375 74.95999908447265625 75.19000244140625 75.09999847412109375 75.1399993896484375 75.15000152587890625 75.29000091552734375 75.25 75.37000274658203125 75.37999725341796875 75.37999725341796875 75.279998779296875
78.55999755859375 78.529998779296875 78.589996337890625 78.40000152587890625 78.40000152587890625 78.34999847412109375 77.8899993896484375 78 78.51999664306640625 78.84999847412109375 79.26999664306640625 80.1100006103515625 81 82.1399993896484375 83.160003662109375 83.81999969482421875 83.98000335693359375 83.4499969482421875 82.4199981689453125 81.160003662109375 79.839996337890625 78.4499969482421875 77.410003662109375 76.62999725341796875 76.01999664306640625 75.6399993896484375 75.44000244140625 75.3600006103515625 75.529998779296875 74.80999755859375 74.839996337890625 74.87000274658203125 74.98000335693359375 74.87000274658203125 74.910003662109375 75.09999847412109375 75.37000274658203125 75.29000091552734375 75.26000213623046875 75.1999969482421875 75.089996337890625 75.1999969482421875
78.23000335693359375 78.23999786376953125 78.23000335693359375 78.1999969482421875 78.089996337890625 77.839996337890625 77.69000244140625 77.98999786376953125 78.43000030517578125 79 79.69000244140625 80.51999664306640625 81.6100006103515625 82.62999725341796875 83.3899993896484375 83.98000335693359375 84.04000091552734375 83.40000152587890625 82.3899993896484375 80.94000244140625 79.529998779296875 78.1699981689453125 77.09999847412109375 76.3899993896484375 75.8000030517578125 75.339996337890625 75.160003662109375 74.94000244140625 75.18000030517578125 74.70999908447265625 74.6999969482421875 74.73999786376953125 74.79000091552734375 74.660003662109375 75.01000213623046875 75.29000091552734375 75.470001220703125 75.30999755859375 74.98000335693359375 74.98999786376953125 75.01999664306640625 75.09999847412109375
78.01000213623046875 78.089996337890625 77.9199981689453125 77.8899993896484375 77.90000152587890625 77.68000030517578125 77.660003662109375 78.09999847412109375 78.6399993896484375 79.3300018310546875 80.23000335693359375 81.37000274658203125 82.68000030517578125 83.089996337890625 83.44000244140625 83.779998779296875 83.5800018310546875 82.94000244140625 81.9199981689453125 80.6699981689453125 79.29000091552734375 77.76000213623046875 76.76000213623046875 76.12000274658203125 75.5800018310546875 75.1699981689453125 75.01999664306640625 74.81999969482421875 74.8000030517578125 74.62999725341796875 74.529998779296875 74.660003662109375 74.5800018310546875 74.75 75.12999725341796875 75.37000274658203125 75.34999847412109375 75.1399993896484375 74.8899993896484375 74.839996337890625 75 75.05999755859375
77.8000030517578125 77.6999969482421875 77.76999664306640625 77.51999664306640625 77.5800018310546875 77.45999908447265625 77.59999847412109375 78.1399993896484375 78.87000274658203125 79.9499969482421875 81.1100006103515625 82.09999847412109375 82.93000030517578125 83.25 83.20999908447265625 83.25 82.9499969482421875 82.220001220703125 81.18000030517578125 80.06999969482421875 78.8600006103515625 77.6100006103515625 76.6399993896484375 76.01999664306640625 75.45999908447265625 75.1100006103515625 74.80999755859375 74.81999969482421875 74.70999908447265625 74.5 74.51999664306640625 74.48999786376953125 74.48000335693359375 74.970001220703125 75.3000030517578125 75.37000274658203125 74.910003662109375 74.80999755859375 74.73000335693359375 74.79000091552734375 74.9199981689453125 74.910003662109375
77.589996337890625 77.470001220703125 77.3300018310546875 77.3899993896484375 77.1699981689453125 77.44000244140625 77.93000030517578125 78.410003662109375 79.3000030517578125 80.3000030517578125 81.37999725341796875 82.3000030517578125 82.970001220703125 82.94000244140625 82.8600006103515625 82.43000030517578125 81.95999908447265625 81.01000213623046875 80.09999847412109375 79.37000274658203125 78.220001220703125 77.26999664306640625 76.40000152587890625 75.9199981689453125 75.31999969482421875 74.93000030517578125 74.8000030517578125 74.87000274658203125 74.5500030517578125 74.40000152587890625 74.339996337890625 74.30999755859375 74.44000244140625 74.95999908447265625 74.94000244140625 75.19000244140625 74.69000244140625 74.660003662109375 74.589996337890625 74.76999664306640625 74.81999969482421875 74.8300018310546875
77.3000030517578125 77.1999969482421875 77.09999847412109375 77.0500030517578125 77.26999664306640625 77.589996337890625 78.1100006103515625 78.87999725341796875 79.470001220703125 80.410003662109375 81.3300018310546875 82.029998779296875 82.44000244140625 82.31999969482421875 82.26999664306640625 81.76999664306640625 81.1699981689453125 80.26000213623046875 79.23999786376953125 78.37000274658203125 77.4199981689453125 76.660003662109375 76.15000152587890625 75.6999969482421875 75.1999969482421875 74.73999786376953125 74.6699981689453125 74.75 74.26999664306640625 74.31999969482421875 74.1999969482421875 74.09999847412109375 74.25 74.5800018310546875 74.5800018310546875 74.48999786376953125 74.470001220703125 74.470001220703125 74.5 74.65000152587890625 74.62999725341796875 74.8000030517578125
77.06999969482421875 76.98000335693359375 76.94000244140625 76.9499969482421875 77.29000091552734375 78.01999664306640625 78.37999725341796875 79.0800018310546875 79.6100006103515625 80.30999755859375 81.01999664306640625 81.65000152587890625 81.94000244140625 82.19000244140625 81.56999969482421875 81.029998779296875 80.23999786376953125 79.26999664306640625 78.34999847412109375 77.48000335693359375 76.90000152587890625 76.25 75.75 75.40000152587890625 75.01999664306640625 74.720001220703125 74.65000152587890625 74.48000335693359375 74.279998779296875 74.1399993896484375 74.06999969482421875 73.87999725341796875 73.98999786376953125 74.1399993896484375 74.26999664306640625 74.26000213623046875 74.34999847412109375 74.3600006103515625 74.3899993896484375 74.51000213623046875 74.65000152587890625 74.70999908447265625
76.720001220703125 76.80999755859375 76.8000030517578125 77.0500030517578125 77.5500030517578125 77.970001220703125 78.3600006103515625 78.84999847412109375 79.4199981689453125 80.09999847412109375 80.59999847412109375 81.37000274658203125 81.470001220703125 81.3899993896484375 80.9499969482421875 80.37000274658203125 79.4499969482421875 78.5800018310546875 77.6399993896484375 76.79000091552734375 76.18000030517578125 75.68000030517578125 75.529998779296875 75.029998779296875 74.6699981689453125 74.59999847412109375 74.55999755859375 74.30999755859375 74.089996337890625 74.01999664306640625 74.06999969482421875 73.8300018310546875 73.8600006103515625 73.94000244140625 74.220001220703125 74.19000244140625 74.15000152587890625 74.19000244140625 74.25 74.410003662109375 74.529998779296875 74.68000030517578125
76.59999847412109375 76.65000152587890625 76.75 77.0500030517578125 77.720001220703125 77.93000030517578125 78.339996337890625 78.80999755859375 79.31999969482421875 79.87000274658203125 80.62999725341796875 81.089996337890625 81.160003662109375 80.93000030517578125 80.29000091552734375 79.37000274658203125 78.56999969482421875 77.79000091552734375 76.98000335693359375 76.220001220703125 75.76000213623046875 75.5 75.3000030517578125 74.87000274658203125 74.470001220703125 74.51999664306640625 74.4199981689453125 74.0500030517578125 73.9499969482421875 73.93000030517578125 73.910003662109375 73.6999969482421875 73.70999908447265625 74 74.09999847412109375 73.8899993896484375 73.84999847412109375 74.01000213623046875 74.160003662109375 74.37999725341796875 74.37000274658203125 74.68000030517578125
76.5500030517578125 76.6699981689453125 76.76000213623046875 77.279998779296875 77.75 77.9499969482421875 78.3899993896484375 78.87000274658203125 79.51999664306640625 80.04000091552734375 80.59999847412109375 80.76999664306640625 80.6699981689453125 80.20999908447265625 79.65000152587890625 78.65000152587890625 77.69000244140625 76.95999908447265625 76.160003662109375 75.839996337890625 75.62999725341796875 75.4499969482421875 75.05999755859375 74.73000335693359375 74.3899993896484375 74.30999755859375 74.160003662109375 73.98999786376953125 73.8000030517578125 73.68000030517578125 73.720001220703125 73.5500030517578125 73.65000152587890625 73.94000244140625 73.98999786376953125 73.6999969482421875 73.779998779296875 73.98000335693359375 74.04000091552734375 74.25 74.31999969482421875 74.68000030517578125
76.3300018310546875 76.6399993896484375 77.0500030517578125 77.470001220703125 77.8600006103515625 78.20999908447265625 79.01000213623046875 79.70999908447265625 80.12000274658203125 80.1999969482421875 80.55999755859375 80.55999755859375 80.18000030517578125 79.5800018310546875 78.87999725341796875 77.95999908447265625 77.0800018310546875 76.3600006103515625 75.8000030517578125 75.69000244140625 75.48000335693359375 75.31999969482421875 74.79000091552734375 74.529998779296875 74.26999664306640625 74.1100006103515625 73.95999908447265625 73.8600006103515625 73.62000274658203125 73.720001220703125 73.54000091552734375 73.5500030517578125 73.720001220703125 73.80999755859375 73.68000030517578125 73.69000244140625 73.76999664306640625 74.029998779296875 73.98999786376953125 74.26999664306640625 74.44000244140625 74.56999969482421875
