wildfire/work/fuelmodels/1903/ahn1.asc
ncols        234
nrows        176
xllcorner    194875.000000000000
yllcorner    448975.000000000000
cellsize     5.000000000000
NODATA_value   -999
[rows 133 to 151 of 176, columns 126 to 167 of 234]
67.23000335693359375 67.0800018310546875 67.160003662109375 67.15000152587890625 67.1999969482421875 67.1999969482421875 67.18000030517578125 67.1399993896484375 67.089996337890625 67.12000274658203125 67.19000244140625 67.1999969482421875 67.26000213623046875 67.4199981689453125 67.6699981689453125 67.6999969482421875 67.93000030517578125 68.1699981689453125 68.6100006103515625 69.26000213623046875 69.55999755859375 69.87999725341796875 70.19000244140625 70.26000213623046875 70.26999664306640625 70.9199981689453125 71.470001220703125 71.79000091552734375 72.05999755859375 71.75 71.20999908447265625 70.31999969482421875 69.84999847412109375 69.529998779296875 69.29000091552734375 68.98999786376953125 69.279998779296875 69.23000335693359375 69.1999969482421875 69.279998779296875 69.43000030517578125 69.65000152587890625
67.54000091552734375 67.29000091552734375 67.3000030517578125 67.43000030517578125 67.410003662109375 67.3000030517578125 67.26999664306640625 67.279998779296875 67.279998779296875 67.37000274658203125 67.34999847412109375 67.37000274658203125 67.54000091552734375 67.55999755859375 67.6399993896484375 67.93000030517578125 68.1999969482421875 68.45999908447265625 68.8600006103515625 69.6999969482421875 69.839996337890625 69.98999786376953125 70.12999725341796875 70.44000244140625 70.51000213623046875 70.65000152587890625 70.98000335693359375 71.30999755859375 71.18000030517578125 70.970001220703125 70.3300018310546875 69.70999908447265625 69.48000335693359375 69.1699981689453125 69.339996337890625 69.20999908447265625 69.19000244140625 69.220001220703125 69.31999969482421875 69.3899993896484375 69.6999969482421875 69.98999786376953125
67.839996337890625 67.660003662109375 67.5500030517578125 67.65000152587890625 67.51999664306640625 67.44000244140625 67.51000213623046875 67.3899993896484375 67.62999725341796875 67.70999908447265625 67.62999725341796875 67.62999725341796875 67.59999847412109375 67.779998779296875 67.94000244140625 68.1699981689453125 68.51000213623046875 68.56999969482421875 69.339996337890625 69.839996337890625 70.220001220703125 70.37000274658203125 70.51000213623046875 70.6699981689453125 70.55999755859375 70.51000213623046875 70.59999847412109375 70.70999908447265625 70.51000213623046875 70.1399993896484375 69.69000244140625 69.3000030517578125 69.26000213623046875 69.30999755859375 69.339996337890625 69.12999725341796875 69.1999969482421875 69.279998779296875 69.5800018310546875 69.779998779296875 70 70.31999969482421875
67.84999847412109375 68.0500030517578125 68.04000091552734375 67.8600006103515625 67.75 67.5800018310546875 67.45999908447265625 67.589996337890625 67.98999786376953125 68.1699981689453125 68.23000335693359375 68.12000274658203125 68.1100006103515625 68.29000091552734375 68.51000213623046875 68.62999725341796875 68.81999969482421875 69.05999755859375 69.40000152587890625 69.970001220703125 70.37999725341796875 70.5500030517578125 70.48000335693359375 70.56999969482421875 70.23000335693359375 70.09999847412109375 69.94000244140625 69.8600006103515625 69.81999969482421875 69.55999755859375 69.26000213623046875 69.1699981689453125 69.1699981689453125 69.1399993896484375 69.18000030517578125 69.1999969482421875 69.23000335693359375 69.470001220703125 69.9499969482421875 70.220001220703125 70.37999725341796875 70.51000213623046875
68.48000335693359375 68.29000091552734375 68.279998779296875 68.09999847412109375 67.94000244140625 67.84999847412109375 67.48999786376953125 67.8600006103515625 68.1999969482421875 68.54000091552734375 68.62999725341796875 68.73999786376953125 68.6999969482421875 68.8899993896484375 69.1100006103515625 69.4199981689453125 69.1399993896484375 69.40000152587890625 69.48000335693359375 70 70.26000213623046875 70.51000213623046875 70.37999725341796875 70.1399993896484375 69.75 69.5500030517578125 69.410003662109375 69.3000030517578125 69.29000091552734375 69.23999786376953125 69 68.970001220703125 68.98000335693359375 68.98999786376953125 69.19000244140625 69.19000244140625 69.4499969482421875 69.779998779296875 70.09999847412109375 70.51999664306640625 70.62999725341796875 70.80999755859375
68.73000335693359375 68.65000152587890625 68.6999969482421875 68.3300018310546875 68.01000213623046875 67.87999725341796875 67.779998779296875 68.029998779296875 68.1999969482421875 68.62000274658203125 68.84999847412109375 69.029998779296875 69.12999725341796875 69.23000335693359375 69.31999969482421875 69.37999725341796875 69.470001220703125 69.62999725341796875 69.8000030517578125 69.970001220703125 70.26000213623046875 70.26999664306640625 70.029998779296875 69.62000274658203125 69.1699981689453125 69.1699981689453125 69.04000091552734375 69.12000274658203125 68.95999908447265625 68.8899993896484375 69.01000213623046875 69.09999847412109375 69.12000274658203125 69.04000091552734375 69.12000274658203125 69.29000091552734375 69.5500030517578125 69.94000244140625 70.3000030517578125 70.6699981689453125 70.6399993896484375 70.81999969482421875
68.8000030517578125 68.73999786376953125 68.6399993896484375 68.23999786376953125 68.12000274658203125 67.93000030517578125 67.9499969482421875 68.19000244140625 68.31999969482421875 68.56999969482421875 68.839996337890625 69.09999847412109375 69.20999908447265625 69.3300018310546875 69.37999725341796875 69.470001220703125 69.51000213623046875 69.69000244140625 69.87000274658203125 69.93000030517578125 69.98999786376953125 69.93000030517578125 69.87000274658203125 69.34999847412109375 69.029998779296875 69.01999664306640625 68.98999786376953125 68.98999786376953125 68.98000335693359375 69.0500030517578125 69.220001220703125 69.220001220703125 69.3899993896484375 69.26000213623046875 69.15000152587890625 69.410003662109375 69.6699981689453125 70.01000213623046875 70.410003662109375 70.62000274658203125 70.70999908447265625 70.81999969482421875
68.9499969482421875 68.59999847412109375 68.44000244140625 68.26000213623046875 68.12999725341796875 68.25 68.1999969482421875 68.410003662109375 68.4499969482421875 68.589996337890625 68.8000030517578125 68.98000335693359375 69.12999725341796875 69.3300018310546875 69.3899993896484375 69.59999847412109375 69.589996337890625 69.65000152587890625 69.62999725341796875 69.73999786376953125 69.6699981689453125 69.6100006103515625 69.4199981689453125 69.1399993896484375 69 68.95999908447265625 69.0800018310546875 69.09999847412109375 69.15000152587890625 69.15000152587890625 69.29000091552734375 69.37000274658203125 69.3899993896484375 69.45999908447265625 69.3000030517578125 69.51999664306640625 69.720001220703125 69.98000335693359375 70.20999908447265625 70.3899993896484375 70.470001220703125 70.62000274658203125
68.98000335693359375 68.65000152587890625 68.410003662109375 68.40000152587890625 68.40000152587890625 68.470001220703125 68.5 68.79000091552734375 68.9499969482421875 68.87999725341796875 68.910003662109375 69.029998779296875 69.089996337890625 69.089996337890625 69.43000030517578125 69.44000244140625 69.4199981689453125 69.4199981689453125 69.40000152587890625 69.29000091552734375 69.279998779296875 69.20999908447265625 69.1100006103515625 69.05999755859375 69.12000274658203125 69.15000152587890625 69.12000274658203125 69.25 69.3300018310546875 69.31999969482421875 69.45999908447265625 69.48000335693359375 69.5500030517578125 69.69000244140625 69.79000091552734375 69.76999664306640625 69.84999847412109375 70.029998779296875 70.089996337890625 70.12999725341796875 70.1999969482421875 70.6100006103515625
68.90000152587890625 68.69000244140625 68.44000244140625 68.68000030517578125 68.45999908447265625 68.65000152587890625 68.839996337890625 69.19000244140625 69.20999908447265625 69.029998779296875 69.089996337890625 69.26000213623046875 69.3300018310546875 69.37999725341796875 69.279998779296875 69.20999908447265625 69.089996337890625 69.15000152587890625 69.1100006103515625 69.19000244140625 69.0800018310546875 69.04000091552734375 69.1399993896484375 69.18000030517578125 69.19000244140625 69.23000335693359375 69.20999908447265625 69.25 69.44000244140625 69.48000335693359375 69.62000274658203125 69.59999847412109375 69.8000030517578125 69.93000030517578125 70.089996337890625 70.12999725341796875 70.089996337890625 70.1699981689453125 70.19000244140625 70.40000152587890625 70.54000091552734375 70.6999969482421875
68.95999908447265625 68.779998779296875 68.720001220703125 69 68.81999969482421875 68.70999908447265625 68.95999908447265625 69.23000335693359375 69.1100006103515625 69.12999725341796875 69.3000030517578125 69.30999755859375 69.23000335693359375 69.1699981689453125 69.0800018310546875 68.98000335693359375 68.98999786376953125 68.98000335693359375 68.8899993896484375 68.90000152587890625 69.160003662109375 69.0500030517578125 69.23000335693359375 69.1399993896484375 69.26000213623046875 69.31999969482421875 69.34999847412109375 69.40000152587890625 69.55999755859375 69.529998779296875 69.68000030517578125 69.6999969482421875 69.76000213623046875 70.06999969482421875 70.19000244140625 70.26999664306640625 70.220001220703125 70.30999755859375 70.31999969482421875 70.5 70.65000152587890625 70.87000274658203125
69.1100006103515625 68.98999786376953125 69.01000213623046875 69.18000030517578125 69.25 69.01999664306640625 69.18000030517578125 69.15000152587890625 68.98999786376953125 68.98000335693359375 68.970001220703125 68.90000152587890625 68.95999908447265625 68.720001220703125 68.73999786376953125 68.779998779296875 68.75 68.720001220703125 68.98999786376953125 68.9499969482421875 68.95999908447265625 69.1399993896484375 69.18000030517578125 69.15000152587890625 69.26999664306640625 69.3899993896484375 69.51000213623046875 69.45999908447265625 69.5800018310546875 69.75 69.8899993896484375 70.01000213623046875 70.1399993896484375 70.26000213623046875 70.279998779296875 70.30999755859375 70.3600006103515625 70.34999847412109375 70.45999908447265625 70.68000030517578125 70.87000274658203125 71.029998779296875
69.089996337890625 69.01999664306640625 68.76000213623046875 68.93000030517578125 68.73000335693359375 68.69000244140625 68.73999786376953125 68.62999725341796875 68.529998779296875 68.56999969482421875 68.6399993896484375 68.59999847412109375 68.6399993896484375 68.589996337890625 68.5800018310546875 68.6100006103515625 68.81999969482421875 68.839996337890625 68.84999847412109375 68.93000030517578125 69 69.12000274658203125 69.30999755859375 69.20999908447265625 69.44000244140625 69.529998779296875 69.589996337890625 69.589996337890625 69.6100006103515625 69.8000030517578125 69.98000335693359375 70.18000030517578125 70.3300018310546875 70.410003662109375 70.48000335693359375 70.5800018310546875 70.76000213623046875 70.75 70.80999755859375 71.01000213623046875 71.04000091552734375 71.04000091552734375
68.8300018310546875 68.56999969482421875 68.56999969482421875 68.56999969482421875 68.3600006103515625 68.3899993896484375 68.470001220703125 68.3000030517578125 68.339996337890625 68.26999664306640625 68.43000030517578125 68.5 68.51999664306640625 68.51999664306640625 68.56999969482421875 68.68000030517578125 68.87999725341796875 68.80999755859375 68.8600006103515625 68.98999786376953125 69.09999847412109375 69.1699981689453125 69.3300018310546875 69.4199981689453125 69.51000213623046875 69.56999969482421875 69.6699981689453125 69.779998779296875 69.80999755859375 69.87000274658203125 70.0800018310546875 70.279998779296875 70.3600006103515625 70.48999786376953125 70.6999969482421875 70.87000274658203125 70.9499969482421875 70.95999908447265625 71.12000274658203125 71.25 71.09999847412109375 71.1999969482421875
68.529998779296875 68.34999847412109375 68.26999664306640625 68.18000030517578125 68.18000030517578125 68.3000030517578125 68.43000030517578125 68.20999908447265625 68.1699981689453125 68.3000030517578125 68.55999755859375 68.470001220703125 68.5800018310546875 68.5800018310546875 68.70999908447265625 68.81999969482421875 68.90000152587890625 68.93000030517578125 69.029998779296875 69.12999725341796875 69.1699981689453125 69.279998779296875 69.410003662109375 69.5 69.56999969482421875 69.69000244140625 69.76000213623046875 70.01000213623046875 69.9499969482421875 70.0500030517578125 70.19000244140625 70.44000244140625 70.4499969482421875 70.62000274658203125 70.73999786376953125 70.910003662109375 71.01999664306640625 71.1100006103515625 71.12999725341796875 71.0800018310546875 71.26999664306640625 71.43000030517578125
68.1699981689453125 68.12999725341796875 68.04000091552734375 67.98999786376953125 68.06999969482421875 68.09999847412109375 68.12000274658203125 68.19000244140625 68.220001220703125 68.43000030517578125 68.55999755859375 68.69000244140625 68.779998779296875 68.8300018310546875 68.87999725341796875 68.910003662109375 68.98999786376953125 69.1100006103515625 69.23999786376953125 69.26999664306640625 69.3899993896484375 69.410003662109375 69.5 69.62000274658203125 69.6999969482421875 69.81999969482421875 69.910003662109375 70 70.09999847412109375 70.279998779296875 70.410003662109375 70.55999755859375 70.5800018310546875 70.70999908447265625 70.8300018310546875 70.84999847412109375 71.029998779296875 71.0800018310546875 71.160003662109375 71.23000335693359375 71.48000335693359375 71.62999725341796875
68.029998779296875 67.95999908447265625 67.9499969482421875 67.970001220703125 68.12000274658203125 68.1100006103515625 68.23000335693359375 68.3600006103515625 68.43000030517578125 68.56999969482421875 68.6699981689453125 68.8000030517578125 68.79000091552734375 68.8899993896484375 68.87999725341796875 68.9499969482421875 69.04000091552734375 69.15000152587890625 69.220001220703125 69.30999755859375 69.40000152587890625 69.529998779296875 69.68000030517578125 69.79000091552734375 69.8600006103515625 69.95999908447265625 70.089996337890625 70.26000213623046875 70.339996337890625 70.44000244140625 70.589996337890625 70.6399993896484375 70.76000213623046875 70.73999786376953125 70.87999725341796875 70.98000335693359375 71.12000274658203125 71.12999725341796875 71.30999755859375 71.51999664306640625 71.62999725341796875 71.779998779296875
67.94000244140625 68.01999664306640625 67.93000030517578125 68.029998779296875 68.1699981689453125 68.23000335693359375 68.40000152587890625 68.45999908447265625 68.470001220703125 68.660003662109375 68.70999908447265625 68.73999786376953125 68.8300018310546875 68.81999969482421875 68.84999847412109375 68.94000244140625 69.029998779296875 69.20999908447265625 69.339996337890625 69.3899993896484375 69.5 69.55999755859375 69.81999969482421875 69.8899993896484375 69.94000244140625 70.089996337890625 70.19000244140625 70.48000335693359375 70.470001220703125 70.59999847412109375 70.660003662109375 70.720001220703125 70.81999969482421875 70.839996337890625 70.87000274658203125 70.94000244140625 71.09999847412109375 71.29000091552734375 71.3600006103515625 71.51999664306640625 71.79000091552734375 71.84999847412109375
67.90000152587890625 67.9199981689453125 67.970001220703125 68.0800018310546875 68.18000030517578125 68.29000091552734375 68.40000152587890625 68.44000244140625 68.529998779296875 68.62999725341796875 68.6699981689453125 68.69000244140625 68.8000030517578125 68.80999755859375 68.95999908447265625 69.01999664306640625 69.01999664306640625 69.25 69.37000274658203125 69.51000213623046875 69.6100006103515625 69.6699981689453125 69.84999847412109375 70.05999755859375 70.06999969482421875 70.19000244140625 70.34999847412109375 70.59999847412109375 70.56999969482421875 70.6100006103515625 70.69000244140625 70.8000030517578125 70.8300018310546875 70.84999847412109375 70.9499969482421875 71.06999969482421875 71.20999908447265625 71.23999786376953125 71.30999755859375 71.5 71.69000244140625 71.75
