wildfire/work/fuelmodels/1903/aspect.asc
ncols        234
nrows        176
xllcorner    194875.000000000000
yllcorner    448975.000000000000
cellsize     5.000000000000
NODATA_value   -999
[rows 152 to 170 of 176, columns 84 to 125 of 234]
298.0738525390625 303.689910888671875 326.495269775390625 332.101654052734375 329.0345458984375 314.999267578125 289.3580322265625 298.925140380859375 333.923614501953125 297.799774169921875 294.716064453125 314.999267578125 323.879669189453125 332.019744873046875 303.689208984375 310.1336669921875 306.86920166015625 294.676116943359375 300.8270263671875 302.19537353515625 298.8980712890625 287.32720947265625 275.346527099609375 271.228973388671875 267.41021728515625 260.98016357421875 141.339508056640625 109.32311248779296875 76.70177459716796875 30.962657928466796875 42.272998809814453125 53.744266510009765625 243.060394287109375 221.6816253662109375 195.3498382568359375 190.1239776611328125 205.2912750244140625 208.140228271484375 248.2002716064453125 291.570037841796875 294.443572998046875 309.95697021484375
331.587310791015625 310.0726318359375 303.68951416015625 328.391571044921875 331.585601806640625 322.38525390625 295.710174560546875 280.539337158203125 313.56793212890625 329.03521728515625 292.108734130859375 289.931610107421875 313.15057373046875 346.183380126953125 312.337677001953125 282.99346923828125 272.725830078125 283.045135498046875 290.135345458984375 278.258819580078125 272.160888671875 273.423583984375 263.04681396484375 251.399688720703125 242.818206787109375 224.99908447265625 162.8665008544921875 153.28485107421875 172.7851409912109375 178.2900390625 162.3239593505859375 165.6511688232421875 258.23101806640625 271.218536376953125 289.7984619140625 311.5316162109375 305.86956787109375 313.830780029296875 331.82000732421875 320.43939208984375 305.073455810546875 305.90936279296875
313.53125 306.634063720703125 282.52838134765625 272.86346435546875 280.1759033203125 293.427703857421875 302.470794677734375 288.0040283203125 287.353515625 317.487396240234375 295.55908203125 276.458404541015625 275.6298828125 312.611053466796875 320.44085693359375 346.6070556640625 281.705841064453125 273.214813232421875 271.6358642578125 264.90753173828125 268.09051513671875 279.810791015625 280.0072021484375 249.2530517578125 219.8045654296875 195.6596527099609375 174.4274444580078125 165.06805419921875 179.104217529296875 199.5016632080078125 203.749542236328125 279.2442626953125 306.118621826171875 325.922088623046875 332.17486572265625 327.52789306640625 320.388824462890625 309.98663330078125 324.832611083984375 330.689361572265625 324.67279052734375 314.308837890625
215.75244140625 229.083892822265625 239.4205780029296875 231.912109375 251.5653839111328125 272.06982421875 289.02459716796875 281.30926513671875 254.9306640625 270.000213623046875 307.332672119140625 298.21783447265625 285.101470947265625 296.915374755859375 320.27301025390625 355.134552001953125 314.999267578125 279.70611572265625 282.8621826171875 302.10491943359375 297.120452880859375 286.059600830078125 279.9398193359375 253.6087493896484375 213.6892852783203125 197.447265625 189.1619873046875 203.7491302490234375 298.30072021484375 326.689056396484375 345.546478271484375 314.999267578125 296.833404541015625 311.185394287109375 316.060394287109375 323.274505615234375 332.101654052734375 314.999267578125 319.5728759765625 330.25439453125 331.2083740234375 325.839080810546875
254.3567657470703125 254.5774688720703125 255.964019775390625 271.331817626953125 278.129974365234375 269.9998779296875 260.39404296875 271.003936767578125 285.7506103515625 285.0458984375 302.10552978515625 327.425567626953125 315.0001220703125 299.553466796875 311.02655029296875 345.962371826171875 327.847412109375 298.050140380859375 298.300323486328125 307.40447998046875 299.053375244140625 280.358367919921875 247.2026824951171875 226.5072479248046875 268.5313720703125 310.0718994140625 341.160675048828125 330.81829833984375 304.176177978515625 327.937408447265625 9.8254108428955078125 355.191375732421875 310.029144287109375 318.23876953125 310.91436767578125 316.76202392578125 326.975341796875 329.035675048828125 319.763458251953125 323.74560546875 339.30389404296875 330.09100341796875
339.904266357421875 332.849639892578125 319.762969970703125 309.557769775390625 291.159088134765625 278.613616943359375 276.708160400390625 287.621734619140625 318.121246337890625 303.309539794921875 297.813446044921875 332.299468994140625 331.630096435546875 315.4808349609375 327.632659912109375 358.314117431640625 342.45037841796875 308.21026611328125 301.58343505859375 297.82440185546875 278.53021240234375 275.041656494140625 276.0721435546875 273.367340087890625 269.02960205078125 272.245147705078125 305.361297607421875 332.40191650390625 291.914031982421875 279.161224365234375 81.87123870849609375 64.179595947265625 283.67041015625 301.929595947265625 317.09442138671875 321.679443359375 320.876617431640625 341.564056396484375 334.69842529296875 306.633758544921875 335.184783935546875 336.6143798828125
336.907684326171875 347.956329345703125 349.86151123046875 349.938751220703125 336.500335693359375 320.526611328125 327.88726806640625 329.141845703125 336.70928955078125 326.989837646484375 313.85369873046875 320.09161376953125 333.43426513671875 328.1715087890625 327.528076171875 10.06067657470703125 344.395355224609375 307.43780517578125 307.4498291015625 317.120849609375 306.178558349609375 302.774383544921875 317.641693115234375 330.331634521484375 324.637359619140625 291.50091552734375 289.439056396484375 307.028839111328125 266.423187255859375 224.2740936279296875 181.004119873046875 353.657928466796875 308.990203857421875 309.862823486328125 311.14263916015625 303.572418212890625 295.952728271484375 314.999267578125 338.084503173828125 306.6739501953125 313.7259521484375 344.536376953125
348.054931640625 345.140411376953125 349.454376220703125 1.1597427129745483398 355.0721435546875 334.2440185546875 334.02471923828125 342.197235107421875 345.164093017578125 336.3878173828125 334.982421875 322.594207763671875 322.695770263671875 325.09637451171875 304.777069091796875 12.426440238952636719 336.64373779296875 309.65972900390625 321.752593994140625 324.7518310546875 320.781219482421875 320.88519287109375 326.30889892578125 343.609039306640625 340.462890625 317.02105712890625 305.311065673828125 313.8973388671875 314.99847412109375 318.97198486328125 327.723876953125 341.104156494140625 331.83087158203125 326.617431640625 321.6317138671875 304.561676025390625 288.43328857421875 287.722412109375 317.289764404296875 330.61041259765625 330.018798828125 326.53271484375
352.81500244140625 346.184051513671875 342.80072021484375 0.62957251071929931641 358.75384521484375 339.39288330078125 335.67987060546875 347.0526123046875 352.634002685546875 333.2510986328125 324.384613037109375 330.5235595703125 328.39190673828125 321.33880615234375 312.038421630859375 343.071624755859375 328.4951171875 311.1109619140625 328.464324951171875 329.2496337890625 311.184967041015625 304.28607177734375 301.8258056640625 314.997711181640625 316.431640625 302.005218505859375 303.99639892578125 320.116973876953125 321.036895751953125 331.649322509765625 325.068115234375 329.03509521484375 336.61395263671875 335.622650146484375 333.634002685546875 330.123748779296875 319.6971435546875 305.787811279296875 316.788665771484375 351.42926025390625 341.0032958984375 316.866851806640625
338.96173095703125 339.77398681640625 325.8399658203125 346.865631103515625 352.961334228515625 341.353240966796875 335.360687255859375 346.39898681640625 357.74444580078125 338.447265625 311.290863037109375 330.5238037109375 349.85369873046875 333.88507080078125 332.48699951171875 334.652923583984375 327.18353271484375 316.997039794921875 323.42626953125 324.2728271484375 305.53790283203125 295.278228759765625 303.40704345703125 314.99847412109375 326.468658447265625 317.890716552734375 320.616973876953125 333.8629150390625 324.188140869140625 337.409271240234375 327.77813720703125 317.100555419921875 334.821380615234375 335.623077392578125 336.990753173828125 344.331146240234375 339.518890380859375 318.9903564453125 324.89324951171875 357.661346435546875 341.015869140625 320.23291015625
302.31842041015625 298.441162109375 298.908233642578125 311.248138427734375 328.6265869140625 341.563323974609375 328.779632568359375 330.945037841796875 339.701934814453125 334.98211669921875 318.1444091796875 326.3095703125 337.478668212890625 331.259490966796875 335.74462890625 328.19989013671875 327.380523681640625 327.09405517578125 332.299285888671875 331.85748291015625 325.71234130859375 322.733428955078125 328.8905029296875 329.60028076171875 334.65301513671875 335.01287841796875 328.373748779296875 330.523590087890625 328.411865234375 341.774322509765625 338.9619140625 328.599517822265625 335.896453857421875 336.006256103515625 337.833160400390625 343.484771728515625 345.624755859375 336.637481689453125 338.962066650390625 350.598480224609375 338.373443603515625 325.71234130859375
306.6728515625 309.5057373046875 306.429473876953125 312.977996826171875 327.43951416015625 344.2479248046875 340.251068115234375 342.049163818359375 324.12921142578125 316.68304443359375 319.266815185546875 326.688995361328125 324.21051025390625 334.6033935546875 335.983734130859375 325.69561767578125 333.224273681640625 333.059600830078125 338.262176513671875 343.177520751953125 342.376617431640625 336.2021484375 328.19580078125 331.538970947265625 334.178131103515625 337.618988037109375 338.79400634765625 330.406890869140625 329.14190673828125 336.40472412109375 338.057464599609375 340.82958984375 342.644805908203125 337.8328857421875 341.060455322265625 343.0712890625 347.506378173828125 343.1007080078125 338.781402587890625 352.055816650390625 333.568695068359375 325.577423095703125
322.5943603515625 328.464324951171875 309.87054443359375 301.67425537109375 319.926666259765625 335.353485107421875 338.7713623046875 350.47412109375 347.90447998046875 330.618408203125 333.64056396484375 336.800323486328125 322.3338623046875 335.496490478515625 342.5517578125 335.734771728515625 341.262054443359375 341.696502685546875 344.744049072265625 348.010040283203125 346.8516845703125 348.14129638671875 335.22418212890625 333.24200439453125 338.786468505859375 337.9683837890625 344.4119873046875 340.708984375 338.3682861328125 338.859832763671875 332.66253662109375 340.650634765625 349.19464111328125 341.70635986328125 345.398193359375 348.78021240234375 356.251068115234375 348.689239501953125 338.4832763671875 352.50323486328125 340.533660888671875 326.5745849609375
325.81396484375 337.6802978515625 320.04150390625 304.50714111328125 318.762420654296875 326.546142578125 329.930908203125 348.689178466796875 358.304443359375 343.03985595703125 334.653289794921875 338.5511474609375 330.851104736328125 335.58990478515625 347.095794677734375 342.632904052734375 332.084686279296875 342.361175537109375 353.532257080078125 347.004486083984375 350.091064453125 357.708465576171875 348.5653076171875 342.007659912109375 346.41619873046875 349.490997314453125 339.6671142578125 332.211273193359375 342.6339111328125 344.577392578125 335.18499755859375 340.386962890625 347.24908447265625 347.118896484375 351.318878173828125 344.227325439453125 355.57196044921875 1.5911786556243896484 345.708740234375 341.5638427734375 342.1806640625 336.193511962890625
322.124725341796875 338.498687744140625 333.837738037109375 319.7628173828125 329.51593017578125 325.783416748046875 325.49066162109375 349.26654052734375 357.4130859375 350.10546875 334.119354248046875 331.885986328125 334.28131103515625 342.12347412109375 0.21625563502311706543 3.6523027420043945312 321.80242919921875 333.149169921875 355.003021240234375 344.764251708984375 351.52294921875 0.6186631321907043457 356.675872802734375 352.521026611328125 353.5523681640625 2.3781428337097167969 346.00677490234375 331.1605224609375 345.293212890625 344.981109619140625 338.8199462890625 345.498931884765625 334.203277587890625 345.01763916015625 359.20343017578125 339.868804931640625 351.811370849609375 10.823067665100097656 356.156707763671875 349.093780517578125 335.65179443359375 335.010894775390625
335.873748779296875 344.804473876953125 338.198089599609375 324.46173095703125 328.240386962890625 317.385345458984375 319.360626220703125 342.012115478515625 345.482391357421875 347.931304931640625 335.97607421875 327.41253662109375 327.83343505859375 341.00714111328125 13.936079025268554688 27.370403289794921875 320.5489501953125 310.434173583984375 343.02734375 344.078643798828125 347.62823486328125 350.654449462890625 357.913726806640625 2.3192102909088134766 359.998992919921875 355.8228759765625 346.035858154296875 338.19775390625 349.367919921875 345.7679443359375 342.3487548828125 352.24383544921875 330.786285400390625 338.865142822265625 1.9250420331954956055 338.997802734375 357.136962890625 5.7440752983093261719 349.54296875 7.78697967529296875 337.003204345703125 325.61895751953125
336.514892578125 348.30987548828125 326.57427978515625 318.1439208984375 321.556640625 310.710296630859375 318.393768310546875 325.88507080078125 327.900634765625 337.56011962890625 329.655975341796875 313.183563232421875 306.012969970703125 323.153839111328125 43.19295501708984375 62.302928924560546875 312.971527099609375 280.741302490234375 293.921905517578125 321.33941650390625 321.0078125 313.208984375 351.084564208984375 20.5559539794921875 359.10382080078125 330.52325439453125 330.094635009765625 333.54290771484375 346.74462890625 347.0045166015625 339.14434814453125 348.590362548828125 333.980194091796875 337.1497802734375 2.9678778648376464844 339.980133056640625 3.5218729972839355469 349.72796630859375 336.349884033203125 9.2025995254516601562 336.424591064453125 327.17645263671875
330.572265625 352.30322265625 319.46600341796875 307.4041748046875 310.5518798828125 305.537078857421875 311.45416259765625 310.3131103515625 305.2889404296875 320.630126953125 325.822235107421875 295.6854248046875 264.48077392578125 230.7373809814453125 120.1659698486328125 92.0898590087890625 310.600311279296875 276.158447265625 265.945953369140625 264.667816162109375 275.19427490234375 277.057342529296875 309.4720458984375 359.27435302734375 346.456024169921875 325.060333251953125 318.012054443359375 322.53167724609375 335.03057861328125 343.704986572265625 330.591278076171875 326.180877685546875 327.094573974609375 337.619476318359375 345.605712890625 346.246185302734375 355.425445556640625 342.717803955078125 347.333831787109375 356.5096435546875 327.170745849609375 323.0386962890625
334.90374755859375 341.564544677734375 339.9727783203125 317.09442138671875 305.45013427734375 305.837127685546875 310.40521240234375 306.935791015625 292.726593017578125 297.875030517578125 315.841949462890625 295.95806884765625 244.920989990234375 208.8982391357421875 150.2260284423828125 98.53057098388671875 311.081390380859375 283.619384765625 286.6990966796875 293.522705078125 290.820343017578125 277.1929931640625 295.2767333984375 321.33941650390625 337.541717529296875 330.944854736328125 318.661651611328125 321.468597412109375 327.449554443359375 340.01666259765625 331.6190185546875 318.4053955078125 330.1002197265625 333.1649169921875 324.129791259765625 356.681640625 12.7708282470703125 300.6187744140625 344.40631103515625 348.452423095703125 304.962493896484375 296.7474365234375
