wildfire/work/fuelmodels/1903/aspect.asc
ncols        234
nrows        176
xllcorner    194875.000000000000
yllcorner    448975.000000000000
cellsize     5.000000000000
NODATA_value   -999
[rows 133 to 151 of 176, columns 168 to 209 of 234]
322.359130859375 327.08026123046875 339.75872802734375 352.6295166015625 346.328094482421875 336.43994140625 343.1851806640625 352.18408203125 348.5885009765625 338.116546630859375 344.4967041015625 354.189178466796875 351.192138671875 343.140533447265625 345.59033203125 334.958221435546875 334.014984130859375 326.308990478515625 331.820281982421875 66.18570709228515625 329.714752197265625 312.815399169921875 323.888275146484375 309.661773681640625 337.5196533203125 3.9185011386871337891 311.90496826171875 340.290985107421875 330.523834228515625 312.327423095703125 333.791229248046875 3.3309559822082519531 6.7573084831237792969 1.8610209226608276367 355.998748779296875 344.420166015625 332.524810791015625 322.023834228515625 333.81097412109375 318.027923583984375 295.89599609375 308.270538330078125
314.513427734375 310.27911376953125 331.46685791015625 345.447479248046875 340.053436279296875 331.03558349609375 342.6448974609375 357.70892333984375 344.931060791015625 322.06597900390625 324.627899169921875 341.35406494140625 345.48468017578125 343.60931396484375 340.875762939453125 330.08251953125 327.90704345703125 325.267578125 79.5627593994140625 114.23919677734375 276.565338134765625 303.72918701171875 328.7408447265625 308.216522216796875 347.734771728515625 28.1127471923828125 305.90887451171875 316.75213623046875 340.23992919921875 298.331787109375 321.47332763671875 15.5615386962890625 344.3092041015625 351.79901123046875 353.520721435546875 346.83453369140625 342.9122314453125 321.339385986328125 313.5426025390625 310.814544677734375 294.144927978515625 297.120361328125
312.721405029296875 297.783111572265625 297.19744873046875 319.572418212890625 327.093658447265625 311.5308837890625 326.06903076171875 338.06988525390625 338.874542236328125 312.8782958984375 303.959136962890625 309.0687255859375 319.599273681640625 329.40582275390625 338.516998291015625 334.571868896484375 306.416259765625 317.864471435546875 102.21550750732421875 47.86237335205078125 296.620849609375 296.68414306640625 316.08697509765625 309.332122802734375 351.02703857421875 6.7538347244262695312 327.13043212890625 311.515228271484375 335.853271484375 312.907135009765625 324.68792724609375 9.1115970611572265625 347.783538818359375 344.000457763671875 334.057281494140625 335.224090576171875 353.2327880859375 333.434417724609375 316.802947998046875 315.388824462890625 301.7738037109375 304.44287109375
317.404998779296875 289.884521484375 249.73370361328125 231.6739501953125 200.955291748046875 210.43939208984375 209.0548553466796875 221.47857666015625 248.1990203857421875 273.01220703125 265.913330078125 266.633026123046875 280.738555908203125 294.4437255859375 323.583892822265625 325.4896240234375 304.41204833984375 41.775951385498046875 58.26575469970703125 330.411712646484375 308.623199462890625 305.6546630859375 307.145751953125 308.98974609375 331.259490966796875 352.843963623046875 348.205902099609375 333.27838134765625 331.770294189453125 336.383697509765625 345.029388427734375 2.7265024185180664062 14.036482810974121094 352.79949951171875 332.744110107421875 338.748687744140625 354.804473876953125 337.918975830078125 332.5704345703125 328.855316162109375 295.84381103515625 292.75048828125
334.177520751953125 164.4768829345703125 220.74017333984375 219.1302642822265625 196.6543426513671875 200.0557861328125 196.8043975830078125 216.8011932373046875 224.426849365234375 229.1339874267578125 230.7916412353515625 242.4290771484375 265.502288818359375 285.320892333984375 328.571319580078125 299.42626953125 300.962982177734375 31.413944244384765625 38.366962432861328125 303.3514404296875 301.33819580078125 318.79241943359375 325.74517822265625 317.504302978515625 323.6519775390625 343.634521484375 344.779815673828125 328.04241943359375 322.259002685546875 336.673828125 352.639923095703125 2.5295121669769287109 28.515689849853515625 359.753021240234375 333.54937744140625 351.303619384765625 340.016021728515625 331.494140625 339.531585693359375 350.1234130859375 312.549530029296875 290.114776611328125
130.426544189453125 119.05538177490234375 246.800140380859375 253.4118804931640625 224.9994659423828125 203.748077392578125 204.442474365234375 238.2075042724609375 244.8845977783203125 259.776763916015625 273.366058349609375 278.1297607421875 277.216552734375 281.887451171875 338.49853515625 293.324310302734375 280.551239013671875 69.05633544921875 26.995700836181640625 299.54229736328125 299.555694580078125 317.289764404296875 325.053558349609375 317.39947509765625 311.572540283203125 329.4698486328125 331.163726806640625 309.01885986328125 301.114837646484375 302.124664306640625 342.758880615234375 13.570303916931152344 66.6822052001953125 358.190032958984375 323.201385498046875 350.598602294921875 324.52362060546875 316.887359619140625 332.855316162109375 350.57843017578125 329.660736083984375 314.144317626953125
160.905487060546875 86.18630218505859375 292.067291259765625 286.38897705078125 321.63116455078125 342.552215576171875 335.984130859375 316.004150390625 307.6728515625 313.250274658203125 322.593841552734375 313.69769287109375 297.473846435546875 286.60614013671875 304.991729736328125 307.6607666015625 304.214752197265625 42.563629150390625 328.146514892578125 306.1533203125 307.81072998046875 315.3941650390625 318.890869140625 316.947479248046875 309.804656982421875 319.55322265625 318.01202392578125 301.573394775390625 287.1021728515625 226.974822998046875 174.6674041748046875 172.8739166259765625 137.45361328125 276.952667236328125 306.002349853515625 333.676055908203125 330.4212646484375 329.72662353515625 328.726348876953125 339.808563232421875 331.524871826171875 316.73468017578125
268.602935791015625 334.883819580078125 325.059814453125 299.054290771484375 321.281890869140625 343.73919677734375 340.11383056640625 337.68768310546875 326.36590576171875 329.110870361328125 336.57696533203125 331.833160400390625 328.626312255859375 334.713470458984375 325.027130126953125 321.69219970703125 353.210540771484375 354.28839111328125 314.509490966796875 307.320465087890625 314.39630126953125 320.394439697265625 325.813201904296875 329.035858154296875 324.343963623046875 328.930908203125 317.2718505859375 300.80816650390625 236.3093719482421875 173.5166015625 179.9995880126953125 241.387725830078125 355.970703125 310.6309814453125 310.96173095703125 317.71136474609375 325.656219482421875 345.8878173828125 325.547454833984375 348.07861328125 6.6547150611877441406 329.533599853515625
309.351226806640625 330.13983154296875 341.563812255859375 314.999267578125 304.491455078125 320.52728271484375 326.106170654296875 334.526031494140625 331.548004150390625 325.600616455078125 330.302764892578125 337.552276611328125 345.637603759765625 335.461456298828125 319.15301513671875 319.96881103515625 31.569948196411132812 316.217926025390625 297.37115478515625 298.77410888671875 301.978424072265625 306.13067626953125 305.76348876953125 311.111358642578125 307.18402099609375 314.483001708984375 325.813018798828125 36.868061065673828125 155.98455810546875 182.009185791015625 264.507537841796875 317.833526611328125 332.487213134765625 323.726531982421875 327.38604736328125 318.71038818359375 318.441558837890625 339.6552734375 326.99951171875 0.69583564996719360352 12.264871597290039062 358.116912841796875
311.087982177734375 328.47247314453125 333.003387451171875 332.74383544921875 325.593780517578125 312.172332763671875 318.116241455078125 332.9827880859375 338.748626708984375 327.394775390625 320.47210693359375 335.9234619140625 350.6173095703125 320.1939697265625 307.5343017578125 329.380950927734375 52.6963348388671875 299.112060546875 293.293670654296875 298.75146484375 300.067474365234375 297.348297119140625 279.528961181640625 284.152496337890625 294.506561279296875 297.60589599609375 163.30078125 133.0472564697265625 146.888671875 305.095123291015625 301.563995361328125 322.926483154296875 320.777587890625 311.728790283203125 334.931427001953125 330.37506103515625 325.9266357421875 336.4468994140625 337.99664306640625 9.519924163818359375 0.85484230518341064453 5.58990478515625
310.029632568359375 320.92388916015625 318.7308349609375 324.757354736328125 339.622589111328125 317.70953369140625 303.58074951171875 322.24072265625 340.12420654296875 331.738433837890625 318.53912353515625 343.807891845703125 276.3358154296875 285.523193359375 298.4814453125 355.100677490234375 36.501560211181640625 300.392578125 293.197906494140625 291.2635498046875 284.77752685546875 296.33197021484375 293.653533935546875 294.274200439453125 296.92706298828125 168.34130859375 163.7397003173828125 167.27490234375 324.751739501953125 328.14794921875 325.184234619140625 343.656463623046875 324.644073486328125 297.978973388671875 331.7308349609375 339.27349853515625 313.685089111328125 326.376129150390625 5.4776325225830078125 5.6671314239501953125 348.364990234375 7.8958749771118164062
295.223236083984375 302.420501708984375 312.8651123046875 319.085052490234375 338.568023681640625 337.88006591796875 285.336456298828125 287.082275390625 323.03466796875 329.93096923828125 348.689971923828125 107.52443695068359375 232.1240386962890625 274.104095458984375 280.995147705078125 51.585018157958984375 22.890424728393554688 291.709197998046875 285.851348876953125 281.996368408203125 268.70758056640625 257.524810791015625 253.5511932373046875 258.3204345703125 241.059112548828125 117.99193572998046875 271.63623046875 309.73687744140625 317.60186767578125 322.187774658203125 336.351837158203125 5.0132355690002441406 328.814422607421875 308.267669677734375 333.181365966796875 346.5284423828125 319.373748779296875 322.187744140625 4.3386120796203613281 356.921478271484375 357.808349609375 9.1623964309692382812
307.27728271484375 302.734588623046875 306.953277587890625 315.84588623046875 337.09906005859375 9.9125146865844726562 305.537506103515625 274.479156494140625 281.533843994140625 308.98883056640625 54.16306304931640625 53.972026824951171875 318.22442626953125 293.2586669921875 285.7177734375 75.963836669921875 313.208984375 295.918121337890625 289.329620361328125 281.148773193359375 275.0921630859375 262.6656494140625 266.575531005859375 268.95751953125 274.043853759765625 23.748823165893554688 327.67938232421875 313.34686279296875 320.0072021484375 326.8607177734375 353.94482421875 10.830169677734375 323.70654296875 307.0169677734375 327.066986083984375 339.403533935546875 325.966705322265625 330.548980712890625 347.05706787109375 353.588409423828125 11.453566551208496094 29.68683624267578125
320.6763916015625 313.068267822265625 299.576934814453125 296.5643310546875 317.50653076171875 19.405542373657226562 346.674896240234375 294.660003662109375 276.46929931640625 256.328460693359375 88.02434539794921875 353.4166259765625 313.195220947265625 303.758056640625 306.430633544921875 12.263483047485351562 303.583587646484375 292.259918212890625 290.83837890625 293.09100341796875 305.948883056640625 322.93463134765625 329.56292724609375 329.61016845703125 336.439788818359375 350.5592041015625 341.941131591796875 318.721649169921875 317.9183349609375 333.777435302734375 4.3207483291625976562 12.242262840270996094 314.296417236328125 292.538818359375 312.613250732421875 329.5882568359375 310.954833984375 319.552825927734375 335.0555419921875 357.536773681640625 23.629150390625 16.459695816040039062
314.999267578125 313.813751220703125 300.4649658203125 281.846160888671875 277.213958740234375 3.1792845726013183594 2.534099578857421875 311.053955078125 261.632904052734375 254.744964599609375 347.46832275390625 311.495880126953125 283.5694580078125 276.7091064453125 303.69036865234375 336.613677978515625 302.97686767578125 287.21551513671875 272.321044921875 280.885009765625 293.673248291015625 305.741668701171875 324.59814453125 331.71575927734375 335.257537841796875 343.48291015625 344.762939453125 326.4443359375 314.999267578125 331.587005615234375 359.458740234375 27.040197372436523438 320.984405517578125 299.016082763671875 327.036468505859375 340.266387939453125 332.019622802734375 326.732147216796875 322.056976318359375 3.3667540550231933594 10.59759521484375 353.087799072265625
302.630645751953125 297.6126708984375 288.43450927734375 257.69915771484375 241.9659271240234375 235.979888916015625 243.425628662109375 119.051025390625 249.2275238037109375 274.938507080078125 321.338897705078125 317.9100341796875 294.303497314453125 288.04693603515625 308.3448486328125 312.136962890625 298.973236083984375 294.22698974609375 276.0081787109375 284.71673583984375 296.158111572265625 302.225860595703125 317.208465576171875 329.46954345703125 331.36712646484375 333.3018798828125 338.454345703125 338.400787353515625 334.898895263671875 340.595458984375 353.990234375 20.72043609619140625 341.45452880859375 319.728851318359375 342.11383056640625 339.029266357421875 339.99468994140625 347.73419189453125 333.72552490234375 345.34246826171875 333.799041748046875 329.2152099609375
294.0147705078125 270.55615234375 256.550689697265625 233.1296539306640625 225.5252227783203125 226.761566162109375 224.1041107177734375 89.99979400634765625 292.10919189453125 288.1375732421875 310.15576171875 318.62152099609375 311.70556640625 309.6563720703125 332.849639892578125 309.068206787109375 306.118804931640625 329.952789306640625 327.80340576171875 321.961181640625 316.8720703125 311.355682373046875 317.3162841796875 325.918304443359375 326.17333984375 329.9449462890625 336.513031005859375 343.13043212890625 342.552001953125 348.45208740234375 5.1940908432006835938 7.88344573974609375 324.1243896484375 319.784027099609375 347.668212890625 341.95782470703125 332.03680419921875 356.599151611328125 5.0426397323608398438 347.275146484375 333.969329833984375 319.299041748046875
236.9434356689453125 234.056732177734375 242.7439422607421875 240.01873779296875 244.17803955078125 249.88629150390625 256.26275634765625 303.90478515625 321.417816162109375 305.438995361328125 312.953948974609375 314.99969482421875 300.279754638671875 295.739990234375 323.568389892578125 321.38641357421875 314.389862060546875 316.603118896484375 324.522552490234375 323.33917236328125 321.958709716796875 317.0711669921875 317.903076171875 326.0111083984375 312.301544189453125 311.459869384765625 321.869384765625 349.451263427734375 338.197998046875 349.990478515625 21.878643035888671875 346.2822265625 299.97210693359375 295.537017822265625 335.225372314453125 334.147308349609375 318.393798828125 341.3319091796875 9.5160923004150390625 352.47564697265625 343.35400390625 285.5224609375
231.20318603515625 254.63726806640625 259.344940185546875 265.9129638671875 296.877044677734375 290.77142333984375 279.967742919921875 290.135772705078125 309.14312744140625 310.13421630859375 311.565338134765625 311.819549560546875 309.052490234375 302.004638671875 302.69097900390625 310.324951171875 310.52740478515625 297.533111572265625 301.21771240234375 303.201995849609375 304.591552734375 305.536865234375 311.136962890625 332.36865234375 330.944580078125 312.1163330078125 292.026580810546875 343.950714111328125 334.69793701171875 347.523406982421875 10.0075531005859375 349.23138427734375 313.4818115234375 304.85845947265625 335.433258056640625 314.999755859375 312.613250732421875 320.31298828125 1.4680504798889160156 15.461071968078613281 52.430877685546875 253.07220458984375
