wildfire/work/fuelmodels/1903/aspect.asc
ncols        234
nrows        176
xllcorner    194875.000000000000
yllcorner    448975.000000000000
cellsize     5.000000000000
NODATA_value   -999
[rows 133 to 151 of 176, columns 0 to 41 of 234]
0 166.89117431640625 225.550079345703125 239.4515228271484375 239.420745849609375 187.2751617431640625 211.096435546875 158.7814178466796875 121.8661346435546875 156.714141845703125 170.65460205078125 198.4343109130859375 205.3160247802734375 189.359619140625 184.0076751708984375 189.8877105712890625 210.9637451171875 222.6780242919921875 209.2677154541015625 187.40673828125 173.5293121337890625 147.0017547607421875 127.9235992431640625 135.5848846435546875 169.5074615478515625 212.004730224609375 210.310882568359375 182.58563232421875 184.856353759765625 185.825408935546875 192.592803955078125 198.4347076416015625 192.9072113037109375 174.55914306640625 173.78350830078125 193.4482574462890625 172.438079833984375 160.601776123046875 165.2171478271484375 167.96844482421875 158.874359130859375 173.0889739990234375
0 160.9422607421875 221.5311431884765625 212.2881927490234375 207.0403289794921875 176.4676055908203125 199.653167724609375 185.1936492919921875 129.4081573486328125 136.18157958984375 172.56854248046875 186.842376708984375 199.6317901611328125 196.2315826416015625 190.137786865234375 202.9055328369140625 214.21551513671875 226.8273773193359375 202.729156494140625 182.7551116943359375 181.2444915771484375 157.8993377685546875 134.1383056640625 144.4623260498046875 176.57574462890625 206.341400146484375 196.388641357421875 176.58880615234375 185.1326751708984375 185.3759002685546875 184.342376708984375 201.4251251220703125 212.424102783203125 192.8622283935546875 177.79693603515625 192.355133056640625 157.0355377197265625 155.3042449951171875 168.215484619140625 183.3656463623046875 177.4537200927734375 187.883209228515625
0 203.198333740234375 170.90911865234375 182.5442047119140625 202.285308837890625 191.4107818603515625 192.2906494140625 179.1848297119140625 156.2857208251953125 158.2673492431640625 166.661468505859375 172.6653900146484375 198.9690399169921875 198.4339752197265625 185.50567626953125 206.146484375 225.90155029296875 223.6513214111328125 176.9328460693359375 176.423309326171875 176.2615966796875 165.9632415771484375 158.96240234375 150.56121826171875 179.9995880126953125 203.3552398681640625 185.1935577392578125 169.650848388671875 176.987457275390625 186.842071533203125 200.6056365966796875 218.2461395263671875 228.1790008544921875 197.8348846435546875 176.583251953125 185.476898193359375 159.2739410400390625 154.0931396484375 165.9635772705078125 185.314178466796875 194.66729736328125 205.345611572265625
0 209.2747039794921875 165.7183685302734375 149.311065673828125 193.686248779296875 204.205474853515625 197.4951019287109375 165.5787506103515625 162.757965087890625 188.8804779052734375 174.4282684326171875 160.2525177001953125 190.3574981689453125 191.6729278564453125 180.7745513916015625 208.9921875 223.2094573974609375 214.539703369140625 170.1538238525390625 155.555633544921875 163.57989501953125 165.27984619140625 179.999786376953125 192.2645416259765625 190.3747100830078125 184.8990478515625 180.00006103515625 165.8271331787109375 166.7591552734375 191.9751434326171875 218.8837432861328125 226.9972686767578125 215.537261962890625 184.843902587890625 180.4893798828125 173.1571044921875 159.3619384765625 159.1603546142578125 160.20062255859375 181.4498291015625 210.037506103515625 226.1450347900390625
0 200.9839324951171875 179.638885498046875 149.33538818359375 169.9920654296875 211.865234375 207.8311767578125 166.8088531494140625 164.51080322265625 236.4962005615234375 178.3639373779296875 136.9084930419921875 174.50653076171875 181.374359130859375 176.0699310302734375 205.016448974609375 204.723876953125 205.1589202880859375 190.0970458984375 149.7226104736328125 153.2991180419921875 160.073883056640625 188.02685546875 204.4436798095703125 201.249755859375 201.928558349609375 188.132720947265625 125.53832244873046875 144.4619903564453125 222.613006591796875 229.3983001708984375 233.22686767578125 201.9145965576171875 178.330474853515625 187.6662750244140625 155.0823822021484375 158.8500823974609375 163.2489471435546875 146.3094482421875 171.303680419921875 224.4210662841796875 236.401885986328125
0 178.6015777587890625 186.673858642578125 187.6240234375 155.5555877685546875 196.975006103515625 207.6171112060546875 194.565338134765625 196.8576202392578125 231.1460418701171875 174.66802978515625 133.7403717041015625 155.7532501220703125 179.6479949951171875 180.37908935546875 194.7433929443359375 188.1295318603515625 203.847869873046875 199.3917083740234375 161.7224273681640625 162.21588134765625 160.4070892333984375 183.8133544921875 203.6939239501953125 212.2597808837890625 216.7135467529296875 210.2565155029296875 137.386077880859375 66.807281494140625 306.383148193359375 0 211.651611328125 187.2362823486328125 179.1035308837890625 170.5370635986328125 157.69970703125 182.6024169921875 193.6088714599609375 142.6671905517578125 149.47003173828125 213.9168853759765625 222.580078125
0 175.6517181396484375 209.907928466796875 201.6142730712890625 174.06195068359375 190.5815887451171875 198.79949951171875 207.0869903564453125 211.11474609375 213.231689453125 168.917266845703125 135.5502777099609375 139.0034027099609375 173.0461883544921875 187.28387451171875 196.13275146484375 189.0891876220703125 200.912384033203125 198.251953125 176.30810546875 181.3114166259765625 168.231048583984375 175.39898681640625 207.2840576171875 215.0590362548828125 214.8240203857421875 211.583160400390625 192.9066009521484375 205.1447296142578125 234.6881103515625 137.2907562255859375 168.0706329345703125 189.5824737548828125 174.8049163818359375 153.6710357666015625 158.735504150390625 203.3617401123046875 204.9277801513671875 165.6298065185546875 147.85760498046875 200.2656097412109375 214.6951141357421875
0 173.6602325439453125 213.6896514892578125 172.874237060546875 198.434478759765625 256.786834716796875 91.3322906494140625 203.3847808837890625 201.800933837890625 200.85418701171875 175.2361602783203125 140.9369659423828125 150.61871337890625 168.975341796875 182.1211395263671875 203.4769744873046875 190.49053955078125 178.26416015625 195.945556640625 193.8142852783203125 198.76690673828125 187.49578857421875 176.6332244873046875 205.0166473388671875 199.4112396240234375 202.3057403564453125 208.3384552001953125 201.5566558837890625 187.0831298828125 183.9176788330078125 160.5878143310546875 169.451690673828125 205.9063873291015625 157.1661529541015625 137.544403076171875 162.107666015625 211.238677978515625 204.97332763671875 176.3984375 155.6368408203125 206.5650177001953125 222.273651123046875
0 94.667724609375 185.9371337890625 172.6053619384765625 241.857635498046875 249.18670654296875 130.600860595703125 154.65325927734375 162.1645050048828125 200.34375 186.0439300537109375 141.92303466796875 167.2750701904296875 194.600677490234375 176.9867401123046875 182.778472900390625 181.947784423828125 179.575408935546875 208.685791015625 204.074310302734375 214.17547607421875 206.9169464111328125 194.30108642578125 187.124359130859375 160.8438568115234375 182.6939239501953125 196.042144775390625 198.3005828857421875 179.9999237060546875 181.49365234375 186.5810089111328125 180.5669708251953125 200.135986328125 153.768035888671875 135.4584808349609375 174.019073486328125 205.015594482421875 207.757843017578125 184.8077392578125 183.9174346923828125 236.5590667724609375 236.5598297119140625
0 105.25498199462890625 72.89745330810546875 311.681396484375 301.50341796875 241.630523681640625 210.65106201171875 92.6018524169921875 104.8398590087890625 194.1844329833984375 190.980255126953125 139.5736541748046875 152.6840667724609375 197.63116455078125 197.57061767578125 164.744110107421875 167.61944580078125 192.4652557373046875 217.874542236328125 209.744110107421875 217.9712677001953125 211.185699462890625 211.2642059326171875 192.5286102294921875 116.05312347412109375 146.4410247802734375 183.0122222900390625 197.9620513916015625 188.436767578125 206.564056396484375 224.309051513671875 179.2553558349609375 180.5550994873046875 150.524261474609375 144.8193817138671875 185.3142242431640625 212.36627197265625 219.5593414306640625 194.420257568359375 221.56512451171875 246.412017822265625 270.853973388671875
0 22.922533035278320312 16.284437179565429688 325.222137451171875 278.131195068359375 280.78472900390625 257.3792724609375 128.15740966796875 111.80135345458984375 153.2327117919921875 188.9718017578125 169.93048095703125 137.2459259033203125 167.7987060546875 217.9541015625 212.618896484375 112.88951873779296875 182.20343017578125 225.783843994140625 208.559112548828125 194.600860595703125 199.340301513671875 199.6036834716796875 181.8961944580078125 148.5699005126953125 140.2470245361328125 165.8156280517578125 197.499969482421875 205.114593505859375 225.9541473388671875 220.379486083984375 184.7632904052734375 162.717193603515625 136.9087677001953125 149.4703826904296875 198.996734619140625 226.06060791015625 227.2448577880859375 210.57806396484375 269.4205322265625 304.286224365234375 323.497589111328125
0 19.643863677978515625 29.207561492919921875 24.558300018310546875 348.069732666015625 314.999267578125 206.5635986328125 134.9990081787109375 110.8852386474609375 118.610015869140625 197.047210693359375 199.7987060546875 152.475189208984375 148.1722412109375 232.8829193115234375 237.6994476318359375 120.96053314208984375 118.14044189453125 220.3133697509765625 196.9276275634765625 171.590850830078125 183.63751220703125 191.50433349609375 183.674041748046875 165.65020751953125 165.310882568359375 165.3784027099609375 194.0355377197265625 236.5140838623046875 242.6217193603515625 217.62567138671875 188.4091644287109375 168.27392578125 139.084930419921875 150.018218994140625 189.903717041015625 209.3885040283203125 219.666778564453125 254.744293212890625 293.338287353515625 310.479461669921875 325.05718994140625
0 40.28525543212890625 28.477001190185546875 28.22876739501953125 33.52448272705078125 88.49261474609375 154.746429443359375 158.1259613037109375 130.2797393798828125 116.565155029296875 215.534820556640625 184.398406982421875 150.84326171875 179.3556976318359375 242.1016845703125 254.844879150390625 153.432952880859375 117.89598846435546875 187.8824462890625 197.2416534423828125 161.0956573486328125 148.649993896484375 184.267425537109375 199.8846435546875 186.6049652099609375 194.656280517578125 191.307952880859375 217.8749237060546875 248.5510711669921875 217.873626708984375 202.4791717529296875 187.8692779541015625 177.5095062255859375 161.2109222412109375 164.1479339599609375 179.9995880126953125 197.19842529296875 231.339599609375 268.74029541015625 288.20550537109375 293.866485595703125 302.40789794921875
0 53.695713043212890625 14.534420967102050781 43.924022674560546875 72.03052520751953125 106.69875335693359375 141.13177490234375 164.41510009765625 151.1131744384765625 150.945465087890625 224.9994659423828125 126.25295257568359375 129.035858154296875 196.8583984375 246.9147491455078125 224.118560791015625 164.930816650390625 157.1653594970703125 150.1222381591796875 182.726470947265625 170.2176666259765625 150.7509307861328125 162.6458282470703125 201.57073974609375 211.1085662841796875 190.3036041259765625 191.7921600341796875 213.856903076171875 197.591461181640625 184.1592864990234375 201.037139892578125 192.1308746337890625 173.233489990234375 166.3282470703125 179.2148895263671875 188.4087371826171875 191.309661865234375 240.7243499755859375 260.247039794921875 267.606658935546875 269.9991455078125 266.801605224609375
0 14.301506996154785156 0.85462808609008789062 65.72537994384765625 71.47568511962890625 66.5014801025390625 58.916713714599609375 63.7575836181640625 67.83092498779296875 81.86795806884765625 206.5631103515625 104.620513916015625 97.3342742919921875 166.5356903076171875 226.8773956298828125 195.7078094482421875 160.5813140869140625 190.3043060302734375 171.3461456298828125 154.7673187255859375 165.4652557373046875 162.82373046875 158.009246826171875 203.790313720703125 228.0771026611328125 192.598419189453125 185.7736663818359375 197.327850341796875 191.8017120361328125 187.4807891845703125 209.7442779541015625 192.723846435546875 160.017120361328125 159.16619873046875 183.544342041015625 186.24798583984375 195.1854705810546875 237.3507843017578125 248.8131256103515625 250.70953369140625 249.15106201171875 242.891510009765625
0 12.724724769592285156 27.148843765258789062 70.07393646240234375 59.215709686279296875 44.381801605224609375 49.24547576904296875 72.3634033203125 130.6002197265625 137.202667236328125 167.2755126953125 156.7999114990234375 98.1295318603515625 121.569580078125 219.1728363037109375 195.3259124755859375 156.6951751708984375 190.839874267578125 187.906158447265625 163.9093017578125 156.447296142578125 159.36163330078125 160.346710205078125 206.96575927734375 217.7108154296875 198.7574005126953125 179.999114990234375 181.1019287109375 207.6453857421875 202.574005126953125 210.123809814453125 183.2147979736328125 157.479736328125 164.0540771484375 151.699432373046875 161.965118408203125 212.61883544921875 246.14886474609375 244.8977508544921875 244.729888916015625 244.2175445556640625 240.4564361572265625
0 36.717494964599609375 59.714557647705078125 77.73496246337890625 42.954448699951171875 36.444293975830078125 46.218494415283203125 51.898860931396484375 47.7014923095703125 61.9293365478515625 110.3773651123046875 165.6511688232421875 104.57372283935546875 64.0255889892578125 11.304020881652832031 170.5368194580078125 178.0247955322265625 197.3000640869140625 191.00244140625 194.4203948974609375 143.84149169921875 153.0330810546875 182.0450897216796875 187.2531280517578125 210.9632568359375 200.2240753173828125 192.049560546875 178.2106475830078125 214.77728271484375 202.4420013427734375 214.90167236328125 183.467193603515625 164.74517822265625 209.290191650390625 127.0565643310546875 129.1729736328125 234.4623565673828125 251.011810302734375 243.81549072265625 245.3686981201171875 248.7782135009765625 241.7855682373046875
0 60.757785797119140625 69.54567718505859375 62.525508880615234375 28.30052947998046875 26.0119171142578125 40.253971099853515625 44.2559051513671875 36.980358123779296875 32.9051055908203125 57.679821014404296875 102.9941253662109375 115.34505462646484375 52.59604644775390625 83.254547119140625 115.48395538330078125 206.8332061767578125 215.8689422607421875 181.46923828125 217.0929718017578125 143.4261322021484375 122.618927001953125 169.3297271728515625 191.0226287841796875 199.397369384765625 183.73126220703125 193.347991943359375 190.7130126953125 210.3429412841796875 201.6651458740234375 224.9994659423828125 180.6897430419921875 164.6588134765625 200.9728240966796875 158.4285430908203125 141.0725860595703125 217.332672119140625 244.3690948486328125 249.7165985107421875 255.629150390625 253.0587310791015625 231.9589080810546875
0 61.96613311767578125 45.914306640625 27.688442230224609375 22.890314102172851562 8.3925609588623046875 32.619274139404296875 41.411289215087890625 36.670528411865234375 36.2260284423828125 44.21846771240234375 59.620594024658203125 88.1525421142578125 161.56365966796875 113.96263885498046875 98.259429931640625 170.3616180419921875 206.9651641845703125 203.96234130859375 187.2244720458984375 183.81329345703125 132.3970947265625 128.6597747802734375 178.8978424072265625 194.369537353515625 178.87603759765625 181.041229248046875 208.044281005859375 222.6780548095703125 206.9388427734375 215.5370635986328125 168.6895904541015625 158.1982574462890625 202.194976806640625 179.9995880126953125 169.8546600341796875 204.6763458251953125 237.5283966064453125 249.52447509765625 260.23291015625 250.75946044921875 215.6465911865234375
