wildfire/work/fuelmodels/1903/aspect.asc
ncols        234
nrows        176
xllcorner    194875.000000000000
yllcorner    448975.000000000000
cellsize     5.000000000000
NODATA_value   -999
[rows 38 to 56 of 176, columns 126 to 167 of 234]
143.0129547119140625 150.55401611328125 148.37957763671875 165.186492919921875 180.791595458984375 160.615020751953125 151.2934417724609375 147.161865234375 157.047698974609375 180.2538909912109375 242.0324859619140625 261.869415283203125 269.218048095703125 276.273590087890625 280.0455322265625 282.256439208984375 281.938873291015625 280.270355224609375 263.989166259765625 115.0167388916015625 123.23151397705078125 127.3508453369140625 130.901336669921875 134.2794952392578125 137.653350830078125 136.150360107421875 128.4270477294921875 126.89490509033203125 131.5379180908203125 134.330322265625 134.37225341796875 168.129425048828125 206.8614959716796875 199.9533233642578125 217.0664215087890625 196.0391387939453125 166.184967041015625 183.2957000732421875 189.3715667724609375 188.373870849609375 199.439788818359375 196.1687164306640625
140.3997344970703125 145.565338134765625 148.04144287109375 170.32659912109375 179.9995880126953125 154.6799468994140625 138.730682373046875 137.669464111328125 151.097320556640625 205.407196044921875 247.227294921875 257.128204345703125 269.156829833984375 278.725555419921875 280.83966064453125 281.953765869140625 284.373809814453125 277.532135009765625 136.5068511962890625 119.71103668212890625 123.66443634033203125 124.391387939453125 127.62963104248046875 131.6515045166015625 136.1389312744140625 138.4783782958984375 132.217926025390625 127.35808563232421875 127.48758697509765625 134.0636444091796875 144.697174072265625 174.4174346923828125 205.158782958984375 220.4709625244140625 214.0269927978515625 175.3131561279296875 173.1571044921875 179.070587158203125 188.722930908203125 198.434478759765625 208.663330078125 188.4403076171875
142.2530517578125 147.70654296875 158.77587890625 178.2850799560546875 169.9189910888671875 153.98028564453125 140.658966064453125 145.8950347900390625 162.877960205078125 223.351409912109375 255.100799560546875 265.6005859375 274.054290771484375 278.57086181640625 277.51708984375 275.26312255859375 268.40350341796875 211.8090057373046875 147.2817535400390625 132.96783447265625 128.7702178955078125 124.3897857666015625 125.6849365234375 129.359130859375 133.4351043701171875 136.4635009765625 133.821807861328125 127.90654754638671875 120.488555908203125 126.99965667724609375 147.6522369384765625 163.1951141357421875 201.1243743896484375 219.8051605224609375 190.2099761962890625 164.0535888671875 185.6402587890625 175.3007965087890625 186.3400421142578125 204.0871734619140625 209.819580078125 185.9315032958984375
146.888427734375 155.006195068359375 172.655303955078125 177.6249237060546875 165.56591796875 153.7883453369140625 141.1569976806640625 148.968597412109375 184.1273651123046875 246.6143035888671875 265.431610107421875 270.340972900390625 273.04498291015625 277.114715576171875 278.83343505859375 269.544647216796875 226.2868194580078125 164.9596405029296875 146.734771728515625 137.273773193359375 132.353057861328125 125.54993438720703125 123.6455841064453125 126.21590423583984375 130.6380767822265625 133.3182830810546875 133.79779052734375 130.98541259765625 124.53668975830078125 139.8201751708984375 156.249664306640625 149.3490447998046875 199.7118377685546875 219.2551727294921875 181.8874359130859375 163.60980224609375 189.7024993896484375 180.319488525390625 185.5992431640625 211.4459381103515625 210.845977783203125 188.02685546875
150.6216583251953125 157.397003173828125 173.9173583984375 175.1997222900390625 164.853912353515625 152.9906158447265625 140.144989013671875 147.603546142578125 216.538543701171875 259.46856689453125 268.371368408203125 271.5994873046875 272.725677490234375 273.145904541015625 269.284423828125 244.1416473388671875 184.0476531982421875 152.0039215087890625 140.5037384033203125 134.9068756103515625 134.17535400390625 129.48883056640625 127.23114013671875 127.9924468994140625 131.0654449462890625 132.574493408203125 131.601837158203125 128.2774658203125 123.8708343505859375 144.1045074462890625 160.843719482421875 152.1325531005859375 209.6989593505859375 226.2358245849609375 179.9995880126953125 160.6931304931640625 184.3469390869140625 189.672760009765625 201.43438720703125 218.5955657958984375 197.9490203857421875 184.8433990478515625
161.808013916015625 163.3453521728515625 167.0049285888671875 170.201629638671875 165.6024169921875 155.2100677490234375 144.7918701171875 157.3152618408203125 230.63543701171875 255.2709808349609375 260.007537841796875 263.295623779296875 265.440399169921875 263.591094970703125 253.5968475341796875 222.1227569580078125 164.8495025634765625 139.0726165771484375 129.7294464111328125 126.26053619384765625 128.3789215087890625 126.725189208984375 126.184906005859375 128.0653533935546875 131.760040283203125 137.4964752197265625 136.4437408447265625 124.16976165771484375 123.38828277587890625 141.5817108154296875 147.782928466796875 164.4535064697265625 232.6326141357421875 223.8057403564453125 173.5713043212890625 165.093658447265625 177.272674560546875 202.6194305419921875 226.181365966796875 213.826416015625 175.2358245849609375 185.1316375732421875
173.9799041748046875 172.45660400390625 161.24090576171875 161.99554443359375 166.6474609375 156.9082489013671875 150.478271484375 175.0538330078125 236.7301177978515625 252.6537628173828125 252.581390380859375 258.76690673828125 262.394866943359375 262.3580322265625 263.317291259765625 263.1846923828125 106.62091064453125 104.25930023193359375 104.01371002197265625 106.542755126953125 111.9827728271484375 113.80570220947265625 115.00864410400390625 120.1989288330078125 126.82930755615234375 140.1761322021484375 152.025054931640625 131.0813751220703125 120.32318878173828125 130.5025634765625 126.71387481689453125 192.2001953125 238.133392333984375 195.421295166015625 171.0696258544921875 179.492828369140625 183.620208740234375 221.308685302734375 233.7460174560546875 194.79608154296875 161.2943572998046875 189.7512664794921875
184.9889373779296875 177.5936737060546875 161.2701416015625 157.2217254638671875 166.93035888671875 150.4607391357421875 153.871917724609375 202.7669219970703125 252.882568359375 257.62615966796875 259.517547607421875 268.163543701171875 272.372894287109375 276.01220703125 286.89453125 321.980377197265625 26.990427017211914062 60.515655517578125 81.75907135009765625 92.4839019775390625 100.3705596923828125 108.03125 111.6071624755859375 114.22748565673828125 119.81627655029296875 133.8354034423828125 154.6946868896484375 143.714385986328125 113.19852447509765625 126.93316650390625 143.55548095703125 206.565521240234375 207.5359649658203125 176.1385345458984375 188.1299285888671875 233.25921630859375 295.345672607421875 282.99493408203125 216.4683380126953125 175.2709808349609375 166.8271636962890625 199.65338134765625
185.850341796875 179.7956390380859375 167.734893798828125 159.2115936279296875 163.95062255859375 145.520599365234375 158.749237060546875 242.575897216796875 266.054107666015625 275.787689208984375 284.303802490234375 287.240753173828125 288.561981201171875 289.634857177734375 293.805267333984375 314.999420166015625 32.260234832763671875 70.32717132568359375 85.1930084228515625 92.71025848388671875 98.57627105712890625 104.98467254638671875 110.4701690673828125 112.901702880859375 116.343902587890625 128.0343475341796875 148.7876434326171875 177.536468505859375 136.1010589599609375 130.0922393798828125 171.362823486328125 202.6202392578125 182.3530731201171875 181.218414306640625 243.8381195068359375 282.170867919921875 318.23883056640625 98.13025665283203125 161.5641937255859375 169.266082763671875 180.443817138671875 215.3113555908203125
188.129302978515625 178.3628692626953125 169.84906005859375 167.387603759765625 155.7936859130859375 143.1741790771484375 199.7592926025390625 271.66778564453125 281.309356689453125 292.76983642578125 299.996734619140625 302.756256103515625 304.9478759765625 300.780609130859375 286.168243408203125 264.9420166015625 119.6663818359375 106.4082183837890625 101.91278839111328125 100.52130126953125 101.54639434814453125 104.72027587890625 109.60179901123046875 112.20114898681640625 114.72066497802734375 126.64170074462890625 142.2971038818359375 177.6883544921875 151.1683502197265625 126.0976715087890625 188.4476318359375 198.1305999755859375 176.4552459716796875 245.460968017578125 285.6212158203125 294.819793701171875 0.0054645347408950328827 113.99687957763671875 140.511138916015625 180.969696044921875 212.9051666259765625 232.2371673583984375
186.6170196533203125 173.914520263671875 163.8425140380859375 170.976593017578125 158.0084686279296875 147.6923980712890625 256.2054443359375 279.29779052734375 290.555389404296875 299.373260498046875 304.71746826171875 304.32733154296875 305.843231201171875 303.615447998046875 260.231048583984375 193.7885284423828125 141.18658447265625 124.65948486328125 116.0363616943359375 109.1234130859375 104.0725860595703125 103.0460357666015625 105.5460662841796875 107.6499786376953125 108.34563446044921875 115.50913238525390625 127.0673980712890625 153.869384765625 143.784820556640625 131.485595703125 185.572418212890625 188.616180419921875 226.0047760009765625 285.66143798828125 293.136932373046875 257.8287353515625 147.001434326171875 138.701904296875 141.9267425537109375 210.962921142578125 228.633209228515625 224.0458831787109375
177.9221954345703125 169.672027587890625 164.4497528076171875 166.429412841796875 172.74664306640625 210.783477783203125 282.506103515625 287.586669921875 291.0938720703125 294.707550048828125 296.728912353515625 293.251861572265625 286.269073486328125 244.005828857421875 183.870849609375 165.3596343994140625 146.4721832275390625 135.9571990966796875 129.921722412109375 120.96344757080078125 111.59192657470703125 105.33213043212890625 102.87232208251953125 102.44989013671875 104.32259368896484375 111.966766357421875 122.47022247314453125 118.90842437744140625 117.6124420166015625 136.3009185791015625 175.2358856201171875 183.888671875 256.1217041015625 271.91571044921875 258.023651123046875 146.200347900390625 136.48333740234375 154.3972015380859375 168.6895294189453125 229.2669830322265625 218.2341156005859375 222.5106658935546875
171.78662109375 160.9333343505859375 168.0234832763671875 169.9574127197265625 211.1383819580078125 280.938232421875 295.79730224609375 295.7476806640625 288.627197265625 281.895111083984375 276.0966796875 266.16046142578125 233.947113037109375 178.0844879150390625 159.8986053466796875 150.9108123779296875 142.4548797607421875 135.83660888671875 135.8478851318359375 130.6368255615234375 123.4521331787109375 118.242919921875 113.19821929931640625 107.9525146484375 107.4470672607421875 117.1810455322265625 150.945465087890625 125.75363922119140625 123.76802825927734375 148.7353973388671875 161.2805328369140625 188.9730987548828125 241.2470703125 231.177490234375 195.861175537109375 161.095123291015625 142.011627197265625 165.464599609375 202.0102081298828125 224.2740936279296875 205.1681671142578125 234.462066650390625
165.3162078857421875 157.3151092529296875 166.5166778564453125 204.7426605224609375 279.799163818359375 296.10791015625 295.002410888671875 291.540191650390625 281.8785400390625 269.7608642578125 258.32147216796875 240.37213134765625 206.9606475830078125 167.8841552734375 149.6453094482421875 142.6749420166015625 136.7028961181640625 132.4043121337890625 134.6800994873046875 134.5022125244140625 129.4274444580078125 126.04561614990234375 124.578887939453125 118.20818328857421875 110.328125 114.04413604736328125 162.718658447265625 130.1998443603515625 125.472564697265625 152.1519622802734375 147.28759765625 184.3431854248046875 221.01519775390625 207.552276611328125 183.1485443115234375 172.261199951171875 166.175567626953125 179.99920654296875 212.8552398681640625 220.1207122802734375 217.8749847412109375 248.113800048828125
162.446258544921875 167.105926513671875 181.7352294921875 269.292449951171875 284.633453369140625 288.613861083984375 281.206573486328125 271.64263916015625 265.199432373046875 256.56268310546875 246.4293975830078125 231.6705474853515625 201.4924468994140625 160.9865875244140625 141.949432373046875 137.99072265625 133.7113800048828125 131.61431884765625 131.66265869140625 134.153045654296875 133.6674346923828125 132.15155029296875 131.1243133544921875 127.28768157958984375 124.2153472900390625 123.6899261474609375 136.4687957763671875 126.0059051513671875 128.1569061279296875 150.732025146484375 131.7475433349609375 163.20111083984375 213.296875 211.622772216796875 193.547576904296875 179.10455322265625 188.392547607421875 190.5273284912109375 214.4605865478515625 228.251617431640625 235.6690826416015625 261.65521240234375
167.47100830078125 187.7650299072265625 234.3346099853515625 278.8677978515625 282.927886962890625 273.60797119140625 263.217620849609375 258.638427734375 254.9266204833984375 252.928466796875 250.75946044921875 234.326141357421875 187.082794189453125 153.534637451171875 139.02166748046875 136.0226593017578125 133.118927001953125 130.1998138427734375 128.295166015625 131.9812469482421875 135.8123016357421875 136.7179718017578125 128.1021881103515625 122.13037109375 134.075439453125 151.525634765625 130.1966552734375 128.5809173583984375 141.339691162109375 162.3242645263671875 129.2171173095703125 138.8134002685546875 221.5524139404296875 242.2920074462890625 210.963409423828125 167.600067138671875 187.2885589599609375 201.0372467041015625 225.602691650390625 233.218475341796875 235.3040771484375 259.0272216796875
188.2967376708984375 230.28985595703125 270.346435546875 279.56243896484375 280.31903076171875 274.039306640625 270.964874267578125 272.345184326171875 272.017791748046875 269.76458740234375 261.5443115234375 224.9994659423828125 165.7244720458984375 143.667877197265625 133.9766693115234375 133.289825439453125 135.9332427978515625 134.82342529296875 132.42852783203125 131.576995849609375 127.79380035400390625 124.66721343994140625 119.20220184326171875 112.9375457763671875 126.57225799560546875 160.749908447265625 132.2917633056640625 126.92101287841796875 145.8846893310546875 172.2349700927734375 149.420318603515625 148.7355194091796875 237.52850341796875 253.4422149658203125 167.534454345703125 153.7257080078125 199.85504150390625 224.42108154296875 237.2874908447265625 232.942596435546875 245.9551849365234375 257.04412841796875
222.662109375 270.443603515625 292.4029541015625 288.799224853515625 288.318023681640625 294.188079833984375 300.843170166015625 306.932464599609375 306.035430908203125 289.569488525390625 263.617706298828125 187.825531005859375 149.521240234375 140.4051361083984375 131.531524658203125 127.55347442626953125 131.578948974609375 133.00067138671875 133.958038330078125 134.1043243408203125 124.18177032470703125 116.664794921875 118.30072784423828125 117.32663726806640625 125.537322998046875 151.010986328125 138.179595947265625 127.40503692626953125 140.3004150390625 165.96337890625 149.0360260009765625 166.3720855712890625 256.56866455078125 232.5113372802734375 150.0042572021484375 147.199859619140625 251.564453125 258.688812255859375 249.4970703125 255.3017730712890625 266.862945556640625 269.9991455078125
249.0820770263671875 279.535736083984375 293.412933349609375 295.803924560546875 304.024993896484375 306.55609130859375 311.0504150390625 322.398895263671875 334.277374267578125 335.955078125 327.214874267578125 128.3102569580078125 131.554046630859375 134.555450439453125 131.7989349365234375 127.31085968017578125 128.1728363037109375 129.7715301513671875 134.7958984375 141.1023712158203125 134.1751708984375 116.09880828857421875 112.2699432373046875 120.1470794677734375 126.3723297119140625 138.012786865234375 144.9815521240234375 134.003509521484375 135.0003509521484375 139.573699951171875 139.666656494140625 271.845977783203125 265.81353759765625 183.7425537109375 163.810272216796875 214.378692626953125 268.957122802734375 239.0345916748046875 238.876312255859375 252.22821044921875 262.7462158203125 281.77569580078125
