wildfire/work/fuelmodels/1903/slope.asc
ncols        234
nrows        176
xllcorner    194875.000000000000
yllcorner    448975.000000000000
cellsize     5.000000000000
NODATA_value   -999
[rows 36 to 53 of 176, columns 40 to 79 of 234]
3.9811329841613769531 2.9690945148468017578 3.309146881103515625 3.7239267826080322266 3.4316122531890869141 3.5811717510223388672 4.0458822250366210938 3.66924285888671875 3.0277421474456787109 2.8166668415069580078 2.3196947574615478516 1.6260588169097900391 1.4405714273452758789 1.7827891111373901367 3.0800430774688720703 4.1030063629150390625 2.8932006359100341797 2.4279665946960449219 3.0007703304290771484 3.2192060947418212891 3.9218318462371826172 3.6693890094757080078 4.1658945083618164062 2.6084923744201660156 2.7085592746734619141 3.2815554141998291016 3.6771259307861328125 3.4539499282836914062 3.5959477424621582031 3.7522776126861572266 4.227848052978515625 3.9749090671539306641 4.1098132133483886719 4.4707217216491699219 4.1526656150817871094 3.8040175437927246094 3.6851835250854492188 3.2838523387908935547 3.6737768650054931641 4.1527647972106933594
3.6489663124084472656 3.3230142593383789062 2.7716510295867919922 3.5585627555847167969 3.9443049430847167969 3.7148377895355224609 3.5920541286468505859 3.3611247539520263672 3.5433361530303955078 3.4637298583984375 3.2909245491027832031 3.0326068401336669922 2.2098443508148193359 1.6799335479736328125 1.7089138031005859375 2.83263397216796875 3.3636634349822998047 3.3296685218811035156 3.5751054286956787109 3.8002946376800537109 4.2230710983276367188 3.7005333900451660156 3.9791150093078613281 3.9750163555145263672 2.9677426815032958984 3.0477437973022460938 2.767475128173828125 3.2611773014068603516 4.0713033676147460938 4.5588049888610839844 4.2753629684448242188 3.3166422843933105469 4.2290525436401367188 4.3242673873901367188 4.1380343437194824219 4.0891866683959960938 4.0902075767517089844 3.6345698833465576172 3.3067195415496826172 3.4126060009002685547
3.3492019176483154297 4.2144494056701660156 3.62673187255859375 3.5020184516906738281 3.3928444385528564453 3.2999901771545410156 3.6378905773162841797 3.6107261180877685547 3.3546836376190185547 2.7999699115753173828 2.3353502750396728516 2.4774219989776611328 2.5058588981628417969 2.6148881912231445312 2.1265301704406738281 2.6739418506622314453 4.2875719070434570312 4.5018639564514160156 4.0773534774780273438 3.6474328041076660156 4.0801815986633300781 4.4765939712524414062 3.9538822174072265625 4.3125772476196289062 4.1392407417297363281 3.35205078125 3.2736566066741943359 3.9242501258850097656 3.7396264076232910156 4.1097917556762695312 4.3139824867248535156 3.7907009124755859375 4.1079158782958984375 2.7038505077362060547 2.9656786918640136719 4.1017961502075195312 4.4707422256469726562 4.0944314002990722656 3.7778146266937255859 3.59600067138671875
3.7584562301635742188 4.5966620445251464844 3.9423251152038574219 3.3817706108093261719 3.3004064559936523438 3.3862721920013427734 3.7586081027984619141 4.0790810585021972656 4.1836881637573242188 3.7444612979888916016 3.1903166770935058594 2.8890130519866943359 2.8714673519134521484 3.2884626388549804688 3.869953155517578125 4.5908412933349609375 4.6176981925964355469 4.1726922988891601562 3.6869823932647705078 3.4679479598999023438 4.2990021705627441406 5.7072620391845703125 5.0379405021667480469 4.6509137153625488281 4.0106763839721679688 3.6903796195983886719 3.6411919593811035156 3.5465898513793945312 3.6881728172302246094 4.4039144515991210938 4.3041291236877441406 4.2059450149536132812 4.4067397117614746094 3.3395848274230957031 3.2858576774597167969 3.9119029045104980469 3.8832635879516601562 4.025363922119140625 4.1829376220703125 4.2308192253112792969
4.206890106201171875 4.7943572998046875 3.8875555992126464844 3.2991878986358642578 3.7038912773132324219 3.7251255512237548828 3.6382875442504882812 3.670352935791015625 4.09796905517578125 4.3874239921569824219 4.2394185066223144531 4.1063485145568847656 4.0086603164672851562 3.800312042236328125 3.8671059608459472656 4.0628519058227539062 4.0523824691772460938 4.0272288322448730469 3.3928077220916748047 3.5513010025024414062 4.0046515464782714844 4.935733795166015625 4.7162885665893554688 4.9443135261535644531 4.4800815582275390625 4.9251170158386230469 4.7563366889953613281 4.8031897544860839844 5.2539453506469726562 5.9168000221252441406 5.5895714759826660156 5.2837796211242675781 4.8357524871826171875 3.9135787487030029297 3.8123600482940673828 3.7412393093109130859 3.214786529541015625 3.2387404441833496094 3.3965446949005126953 4.1697745323181152344
4.5704102516174316406 4.9136419296264648438 4.6987614631652832031 4.2833909988403320312 4.2125344276428222656 3.697780609130859375 3.2466993331909179688 3.4573032855987548828 3.8733913898468017578 4.7369151115417480469 5.4458022117614746094 5.315448760986328125 4.8068561553955078125 4.4752168655395507812 4.0562314987182617188 3.4320740699768066406 3.2884626388549804688 4.1645760536193847656 4.0355515480041503906 3.5118577480316162109 3.6849260330200195312 4.3088245391845703125 3.5823206901550292969 4.0563778877258300781 3.9850494861602783203 5.1237926483154296875 5.6803026199340820312 5.3594307899475097656 4.4658594131469726562 4.9690480232238769531 4.8056974411010742188 4.9916839599609375 4.6932225227355957031 3.8999979496002197266 4.3294224739074707031 4.4286589622497558594 3.8807704448699951172 3.3152155876159667969 3.3880324363708496094 4.3798069953918457031
3.7960619926452636719 4.3836255073547363281 4.7367792129516601562 4.3154277801513671875 4.5747022628784179688 4.9197773933410644531 4.5865807533264160156 4.4266958236694335938 4.4204468727111816406 4.5908894538879394531 5.0154852867126464844 5.0078382492065429688 4.7893991470336914062 5.0127716064453125 4.8603754043579101562 4.0248622894287109375 3.5756800174713134766 3.9538822174072265625 4.0106768608093261719 3.8927328586578369141 4.7701787948608398438 4.2394037246704101562 3.6924545764923095703 3.7714984416961669922 4.2508444786071777344 4.2603278160095214844 4.2734532356262207031 3.9615147113800048828 3.6211404800415039062 4.3854632377624511719 3.5712878704071044922 4.3309240341186523438 5.037921905517578125 4.6917104721069335938 4.2131133079528808594 4.3947520256042480469 4.4624338150024414062 3.7848372459411621094 3.7748284339904785156 4.7851800918579101562
4.0158329010009765625 4.5837955474853515625 4.8759865760803222656 4.4895253181457519531 4.7762389183044433594 5.3101339340209960938 5.0914921760559082031 4.9654393196105957031 5.1178236007690429688 4.6380677223205566406 4.1238641738891601562 4.0875945091247558594 4.2421245574951171875 4.6895813941955566406 4.6779756546020507812 4.2557005882263183594 3.8562383651733398438 3.6836915016174316406 3.7694733142852783203 4.1610321998596191406 4.9858288764953613281 3.6211917400360107422 3.8068435192108154297 3.7218844890594482422 4.3035893440246582031 3.6654093265533447266 3.5585412979125976562 4.0046257972717285156 5.2285408973693847656 6.2322163581848144531 5.0715360641479492188 4.1664977073669433594 3.7104508876800537109 4.7061085700988769531 4.3513817787170410156 3.8352191448211669922 3.2884607315063476562 3.7048833370208740234 4.2816100120544433594 5.0419759750366210938
4.413005828857421875 4.5785307884216308594 4.8172903060913085938 4.2702159881591796875 4.1610321998596191406 4.724308013916015625 4.8357410430908203125 4.7175588607788085938 4.5908346176147460938 4.4810504913330078125 4.6076335906982421875 4.6728711128234863281 4.8333048820495605469 4.36249542236328125 4.1392846107482910156 4.0587482452392578125 3.8102669715881347656 3.9647243022918701172 4.3122677803039550781 5.0259466171264648438 5.9168000221252441406 5.1410431861877441406 5.1589784622192382812 5.1403794288635253906 5.0142598152160644531 4.6792097091674804688 4.2682261466979980469 3.8294343948364257812 5.0176019668579101562 6.0505199432373046875 5.4604587554931640625 4.2049679756164550781 3.7209157943725585938 4.5387969017028808594 4.87819671630859375 4.451282501220703125 4.1219563484191894531 4.6318082809448242188 5.0764327049255371094 5.8877940177917480469
3.7198452949523925781 4.1263551712036132812 4.4877181053161621094 4.1818385124206542969 3.8739781379699707031 4.3739175796508789062 4.8787112236022949219 4.1663069725036621094 3.7847628593444824219 4.2863106727600097656 5.2204456329345703125 5.04795074462890625 4.2145771980285644531 3.6879405975341796875 4.0721483230590820312 4.6647925376892089844 4.3229017257690429688 4.252246856689453125 4.771137237548828125 4.9898729324340820312 5.0882143974304199219 4.8157358169555664062 4.7651124000549316406 5.2130880355834960938 5.2473673820495605469 5.4400000572204589844 5.1020522117614746094 4.3204226493835449219 4.8868741989135742188 4.4604282379150390625 4.0077919960021972656 4.9206914901733398438 4.5662903785705566406 4.1490345001220703125 4.5420408248901367188 4.9283728599548339844 5.2978711128234863281 5.6738982200622558594 5.8270206451416015625 6.3947901725769042969
4.2862768173217773438 4.5941591262817382812 4.9419817924499511719 4.9801025390625 4.8238320350646972656 4.5340247154235839844 4.4047522544860839844 4.15850067138671875 4.5400500297546386719 4.8802638053894042969 4.4640469551086425781 3.4363613128662109375 2.2907643318176269531 2.7807712554931640625 4.1020503044128417969 5.3369116783142089844 6.0387883186340332031 5.2597818374633789062 5.3160891532897949219 6.2516312599182128906 5.3277273178100585938 4.7162647247314453125 3.8227097988128662109 4.4589719772338867188 4.2990198135375976562 4.3699097633361816406 4.8206572532653808594 5.4002428054809570312 6.1506595611572265625 4.7201528549194335938 3.5602917671203613281 4.1042819023132324219 4.7943735122680664062 5.0388722419738769531 5.2374949455261230469 5.2834644317626953125 5.3220586776733398438 5.5424213409423828125 5.8080930709838867188 6.0620779991149902344
3.1941220760345458984 3.3219282627105712891 3.8678667545318603516 4.1828441619873046875 4.3699278831481933594 4.3309369087219238281 4.4441113471984863281 4.296161651611328125 4.1458349227905273438 3.8886981010437011719 5.0619111061096191406 6.2805681228637695312 5.2659282684326171875 4.8445782661437988281 4.7758779525756835938 4.3600435256958007812 5.2890849113464355469 5.1301617622375488281 4.8106222152709960938 5.9983091354370117188 5.22701263427734375 5.8327994346618652344 4.8031535148620605469 4.2541456222534179688 3.9584720134735107422 3.8356337547302246094 4.2308530807495117188 4.7817277908325195312 5.1563434600830078125 5.4833879470825195312 5.602893829345703125 4.6728887557983398438 4.4303483963012695312 4.6425418853759765625 4.7306809425354003906 5.0259189605712890625 5.3343553543090820312 4.877872467041015625 4.4971718788146972656 5.3503966331481933594
2.6677384376525878906 2.4906849861145019531 3.006317138671875 3.5381944179534912109 3.5633783340454101562 3.7436513900756835938 4.2583966255187988281 3.8146433830261230469 3.7300202846527099609 4.5491275787353515625 6.8743977546691894531 9.1309423446655273438 8.752376556396484375 6.873931884765625 6.0036535263061523438 5.1275992393493652344 5.3192205429077148438 5.8212194442749023438 5.7863588333129882812 6.2359571456909179688 5.3858089447021484375 6.6055860519409179688 6.430225372314453125 4.9921741485595703125 3.9381175041198730469 4.0077919960021972656 4.2774958610534667969 3.6710774898529052734 4.0785894393920898438 4.6636729240417480469 5.0349369049072265625 5.7080450057983398438 5.2370200157165527344 4.8851141929626464844 4.7178864479064941406 5.2034230232238769531 5.7469015121459960938 5.2377719879150390625 4.9221048355102539062 5.4883265495300292969
2.5490779876708984375 2.8231704235076904297 3.08335113525390625 3.2110185623168945312 2.8344068527221679688 3.1998190879821777344 4.3808388710021972656 4.503864288330078125 4.8370938301086425781 5.52651214599609375 5.5790967941284179688 6.0090951919555664062 8.4887151718139648438 8.2560396194458007812 7.1917743682861328125 6.4876451492309570312 6.2489805221557617188 6.8353824615478515625 7.6072330474853515625 7.2654275894165039062 6.1897826194763183594 5.9615426063537597656 6.3274626731872558594 6.3686580657958984375 5.8339543342590332031 5.5820016860961914062 4.8777666091918945312 4.9099144935607910156 6.3064274787902832031 5.42975616455078125 5.3017764091491699219 5.8714399337768554688 5.6880626678466796875 5.647914886474609375 5.489837646484375 5.8786511421203613281 5.5815434455871582031 5.2190060615539550781 5.4235434532165527344 5.6498689651489257812
1.8290153741836547852 2.3353600502014160156 3.1591396331787109375 3.8927185535430908203 3.8151345252990722656 4.0830273628234863281 5.1621775627136230469 6.113544464111328125 6.1211266517639160156 5.6337170600891113281 4.7715659141540527344 4.6035952568054199219 6.3357949256896972656 7.4111433029174804688 6.6774463653564453125 6.8768553733825683594 6.8969182968139648438 6.8721346855163574219 7.3031072616577148438 6.093173980712890625 5.4375271797180175781 4.8706345558166503906 5.3395590782165527344 6.462158203125 7.2077355384826660156 7.5112051963806152344 7.5117287635803222656 8.1435594558715820312 8.35149383544921875 7.3186841011047363281 7.3022699356079101562 6.1329407691955566406 5.0520310401916503906 4.922138214111328125 5.4364504814147949219 6.0744347572326660156 5.8473787307739257812 5.6321802139282226562 5.8538198471069335938 6.5645542144775390625
2.5939154624938964844 2.6593790054321289062 3.2091443538665771484 3.1746196746826171875 3.6882071495056152344 4.848834991455078125 4.9549932479858398438 5.3274455070495605469 5.8419170379638671875 5.9106893539428710938 5.7584319114685058594 5.5380573272705078125 6.2603220939636230469 7.7686972618103027344 8.0714044570922851562 7.702606201171875 7.6296949386596679688 7.5646915435791015625 7.7129755020141601562 7.5433702468872070312 7.624439239501953125 6.8354954719543457031 6.103076934814453125 6.0738816261291503906 6.5116529464721679688 7.0196366310119628906 7.5041522979736328125 7.6921672821044921875 6.5543618202209472656 6.0290846824645996094 5.7131304740905761719 5.0078363418579101562 4.5271229743957519531 4.4453425407409667969 4.8578410148620605469 5.1637101173400878906 5.5249342918395996094 5.8179535865783691406 5.9830875396728515625 5.8495121002197265625
3.5547289848327636719 3.4420526027679443359 3.9185786247253417969 3.4916296005249023438 3.4019298553466796875 3.9494025707244873047 4.0475263595581054688 4.5592045783996582031 4.9696063995361328125 5.6262068748474121094 6.1829619407653808594 6.8633580207824707031 7.0018725395202636719 7.0136270523071289062 7.8724503517150878906 7.6321849822998046875 7.5901660919189453125 7.4977498054504394531 7.2714900970458984375 7.2017736434936523438 7.540805816650390625 7.1337842941284179688 6.7022423744201660156 6.3384871482849121094 6.69503021240234375 7.1860790252685546875 6.8268609046936035156 5.9111723899841308594 4.5214552879333496094 4.7927718162536621094 4.8262114524841308594 4.9266462326049804688 4.9848527908325195312 5.0791015625 5.2668433189392089844 5.3899736404418945312 4.8819017410278320312 4.6038150787353515625 5.7348070144653320312 5.4360761642456054688
4.1595931053161621094 3.81514739990234375 4.6546778678894042969 4.8516345024108886719 5.0867452621459960938 5.1004815101623535156 4.6607604026794433594 4.6771898269653320312 5.1252717971801757812 6.0766940116882324219 7.0920310020446777344 7.5212588310241699219 6.8012061119079589844 6.4552273750305175781 7.8188848495483398438 8.8366136550903320312 8.70513916015625 7.9210710525512695312 6.9021577835083007812 5.9510297775268554688 6.1161723136901855469 6.8712534904479980469 7.3598761558532714844 7.3439693450927734375 7.7975673675537109375 7.9091095924377441406 7.1675081253051757812 5.9763746261596679688 5.0388536453247070312 5.6832017898559570312 5.4400343894958496094 6.0671105384826660156 6.1107773780822753906 5.742473602294921875 5.6833052635192871094 5.2944493293762207031 4.9029412269592285156 5.5867567062377929688 7.0025067329406738281 7.1213297843933105469
