wildfire/work/fuelmodels/1903/slope.asc
ncols        234
nrows        176
xllcorner    194875.000000000000
yllcorner    448975.000000000000
cellsize     5.000000000000
NODATA_value   -999
[rows 126 to 143 of 176, columns 160 to 199 of 234]
12.273441314697265625 18.552919387817382812 16.211252212524414062 14.296091079711914062 14.362531661987304688 13.934817314147949219 8.5973539352416992188 0.80117768049240112305 4.4207372665405273438 3.8226866722106933594 2.5451035499572753906 1.3107228279113769531 0.60789227485656738281 1.1960169076919555664 2.6341464519500732422 1.4711681604385375977 0.44660711288452148438 1.3378655910491943359 2.1638305187225341797 3.4738140106201171875 4.5860462188720703125 4.9496121406555175781 4.654720306396484375 4.5597944259643554688 5.2959733009338378906 5.8556141853332519531 6.3685269355773925781 7.713809967041015625 6.6476263999938964844 3.1250414848327636719 2.6032719612121582031 4.9523825645446777344 5.2611417770385742188 5.6305117607116699219 5.0067110061645507812 3.8018887042999267578 4.0578622817993164062 6.9167356491088867188 8.1494550704956054688 7.3755636215209960938
16.102834701538085938 19.516933441162109375 16.011676788330078125 12.496941566467285156 10.965166091918945312 10.064738273620605469 5.7117319107055664062 2.4019534587860107422 3.2662496566772460938 0.92766588926315307617 0.76961052417755126953 0.17132818698883056641 0.22273722290992736816 1.6421306133270263672 2.1372096538543701172 1.6943470239639282227 2.4955565929412841797 3.8530933856964111328 4.355892181396484375 4.3846707344055175781 4.2909059524536132812 4.5976848602294921875 5.1763315200805664062 5.6676793098449707031 6.1769156455993652344 5.9925827980041503906 6.5787081718444824219 7.1412324905395507812 5.5134510993957519531 3.2838666439056396484 3.9313302040100097656 5.0419368743896484375 4.7731614112854003906 4.67859649658203125 5.3004159927368164062 5.0397405624389648438 6.1790556907653808594 7.7612328529357910156 7.1399688720703125 5.3343458175659179688
19.733373641967773438 19.240560531616210938 15.540431976318359375 10.710440635681152344 8.9368009567260742188 7.0214443206787109375 2.6177880764007568359 2.6456482410430908203 1.6101106405258178711 1.1733983755111694336 1.5822205543518066406 0.91005724668502807617 1.90596771240234375 2.3463637828826904297 2.5520346164703369141 3.4842488765716552734 4.2294020652770996094 3.469112396240234375 3.0364272594451904297 2.7029476165771484375 2.8644094467163085938 3.8918211460113525391 4.77588653564453125 5.4943785667419433594 6.1317901611328125 6.3664269447326660156 6.5507750511169433594 5.9386091232299804688 4.3946666717529296875 3.2592902183532714844 4.5820717811584472656 4.361812591552734375 3.8670721054077148438 4.6650862693786621094 5.2112345695495605469 3.6714456081390380859 5.0360293388366699219 5.8813428878784179688 4.9272050857543945312 3.5295941829681396484
20.723897933959960938 17.862348556518554688 13.954482078552246094 8.9938001632690429688 5.9670171737670898438 3.3611247539520263672 0.81806594133377075195 2.1619508266448974609 0.42809510231018066406 0.96197032928466796875 1.4681007862091064453 2.5425100326538085938 2.7666997909545898438 3.0379407405853271484 4.1906800270080566406 4.6312499046325683594 3.7844662666320800781 2.2807905673980712891 2.3055095672607421875 2.6745438575744628906 3.7013330459594726562 4.3837418556213378906 3.8294243812561035156 3.6328649520874023438 4.7359304428100585938 5.5977382659912109375 5.9679379463195800781 5.6208367347717285156 3.8562541007995605469 2.9733734130859375 5.7957763671875 5.5282115936279296875 5.5743889808654785156 6.4353375434875488281 6.4534273147583007812 6.0749096870422363281 6.1986212730407714844 5.4279723167419433594 3.8103764057159423828 2.3457129001617431641
19.596155166625976562 15.680240631103515625 10.536160469055175781 4.2682576179504394531 0.54928600788116455078 1.5390964746475219727 2.1866123676300048828 1.5298725366592407227 0.62517720460891723633 1.4656537771224975586 3.3079252243041992188 3.6594531536102294922 3.3965752124786376953 3.3084075450897216797 3.9769220352172851562 4.0762286186218261719 3.3876192569732666016 2.7740154266357421875 3.1806557178497314453 4.1673560142517089844 4.8383383750915527344 4.5471353530883789062 3.6969656944274902344 3.9931488037109375 5.4162678718566894531 5.5185399055480957031 5.1434202194213867188 4.9020023345947265625 4.4995131492614746094 4.8914122581481933594 8.4707803726196289062 8.09320831298828125 8.7367792129516601562 9.2702283859252929688 9.1446971893310546875 8.2353925704956054688 6.7750554084777832031 5.8332104682922363281 5.0882639884948730469 4.4092497825622558594
16.621320724487304688 11.277207374572753906 4.6948342323303222656 1.1081665754318237305 2.7929308414459228516 2.8395993709564208984 2.6724369525909423828 2.3571064472198486328 2.7883648872375488281 4.5768904685974121094 6.44144439697265625 5.9399099349975585938 5.4088521003723144531 5.2045798301696777344 5.1747531890869140625 5.4538006782531738281 4.9897828102111816406 4.6234040260314941406 4.7759237289428710938 4.9907140731811523438 4.7702150344848632812 4.6256680488586425781 4.5835089683532714844 5.49835968017578125 6.674724578857421875 6.5566821098327636719 5.908275604248046875 3.9597320556640625 3.5983393192291259766 6.23140716552734375 8.5691204071044921875 7.52484893798828125 7.5744986534118652344 7.9683642387390136719 7.8616151809692382812 6.357341766357421875 5.4949626922607421875 6.4671425819396972656 7.2940521240234375 7.4692196846008300781
11.281975746154785156 4.7664012908935546875 0.72629845142364501953 1.9625108242034912109 1.5038346052169799805 1.601268768310546875 2.4706749916076660156 3.6182496547698974609 5.7179293632507324219 8.2281169891357421875 8.8355045318603515625 7.6691536903381347656 7.2587060928344726562 7.8060092926025390625 8.1476030349731445312 7.3423681259155273438 5.9835233688354492188 6.2208991050720214844 6.8883881568908691406 6.4806962013244628906 5.8806676864624023438 5.8911952972412109375 5.9246196746826171875 6.7942132949829101562 6.8412871360778808594 6.13116455078125 6.0283594131469726562 5.2826514244079589844 4.0524168014526367188 6.6195006370544433594 6.0971598625183105469 6.9089417457580566406 5.3935341835021972656 3.8294022083282470703 3.9790630340576171875 4.13733673095703125 5.3763165473937988281 6.1317839622497558594 5.7389092445373535156 5.8032236099243164062
5.3069124221801757812 1.512553095817565918 1.7683126926422119141 0.7448711395263671875 1.1208560466766357422 2.5705916881561279297 4.5081229209899902344 5.6715106964111328125 7.6815166473388671875 9.2414188385009765625 8.10748291015625 7.1766567230224609375 7.6922006607055664062 8.41919708251953125 7.5274753570556640625 5.7833228111267089844 4.9987425804138183594 5.9077425003051757812 6.3869905471801757812 6.4346032142639160156 6.4551219940185546875 6.1969161033630371094 5.869037628173828125 6.4211554527282714844 5.9484815597534179688 5.832794189453125 4.2849969863891601562 4.3987898826599121094 3.2555909156799316406 7.4975419044494628906 6.7827043533325195312 9.2037258148193359375 5.6418128013610839844 3.291210174560546875 3.5353620052337646484 3.2012789249420166016 3.5648074150085449219 4.7736830711364746094 4.8353796005249023438 4.2564845085144042969
1.4405777454376220703 1.1581650972366333008 0.92495751380920410156 1.5482532978057861328 3.56153106689453125 5.407810211181640625 7.0250668525695800781 7.1992821693420410156 7.492389678955078125 6.9464735984802246094 5.2697176933288574219 5.4560580253601074219 5.9275116920471191406 5.5221157073974609375 3.7694833278656005859 3.3760964870452880859 3.6330173015594482422 3.8773136138916015625 3.6128075122833251953 3.8682718276977539062 4.5746898651123046875 4.7799234390258789062 4.7346448898315429688 4.6425418853759765625 4.6965541839599609375 4.4589467048645019531 1.7385224103927612305 5.2006869316101074219 6.2860369682312011719 8.9255504608154296875 7.4841551780700683594 7.2582426071166992188 2.1179854869842529297 1.8619618415832519531 3.2211022377014160156 3.1185629367828369141 2.4618706703186035156 5.5399484634399414062 4.5116162300109863281 3.6882138252258300781
0.99911111593246459961 0.91112703084945678711 1.4903266429901123047 4.4743175506591796875 6.7975149154663085938 7.6261959075927734375 7.5207982063293457031 6.4134211540222167969 5.5974926948547363281 4.7260022163391113281 3.6407771110534667969 3.1908059120178222656 2.7326614856719970703 2.1035406589508056641 1.491321563720703125 1.867374420166015625 2.1222817897796630859 2.5785062313079833984 2.6576492786407470703 2.4626834392547607422 2.7764210700988769531 3.5790886878967285156 3.7456653118133544922 3.038257598876953125 3.4094617366790771484 0.63717234134674072266 4.462432861328125 2.548069000244140625 10.149852752685546875 9.5832147598266601562 5.0232186317443847656 4.1858639717102050781 2.5960867404937744141 3.4422290325164794922 3.480724334716796875 3.6640081405639648438 4.2870917320251464844 6.9592657089233398438 5.2878870964050292969 4.8263502120971679688
1.2986491918563842773 0.70004975795745849609 3.7372040748596191406 6.8239898681640625 7.9990863800048828125 7.1682391166687011719 6.427417755126953125 5.2423853874206542969 3.7876670360565185547 2.2486560344696044922 3.1167407035827636719 3.0103564262390136719 2.2643289566040039062 2.5307450294494628906 2.31598663330078125 2.0718131065368652344 1.4538726806640625 1.7121651172637939453 1.8945109844207763672 2.2984423637390136719 2.6557824611663818359 2.9894621372222900391 1.705350041389465332 1.7472858428955078125 3.4619495868682861328 2.2623322010040283203 4.0184512138366699219 6.0969362258911132812 11.117356300354003906 7.6244330406188964844 3.7239058017730712891 3.6455056667327880859 3.9748554229736328125 5.2323679924011230469 6.2648081779479980469 7.3892297744750976562 9.6667919158935546875 10.511211395263671875 8.6835508346557617188 7.5507860183715820312
1.6238918304443359375 2.4575524330139160156 5.4354081153869628906 7.1934289932250976562 7.5742697715759277344 5.3319864273071289062 3.6805346012115478516 3.3152499198913574219 1.5495885610580444336 0.84064078330993652344 2.9982192516326904297 3.4210116863250732422 2.7468788623809814453 3.0168619155883789062 3.5003023147583007812 3.7912859916687011719 3.1808388233184814453 2.6471529006958007812 2.2063748836517333984 2.8672268390655517578 4.0147347450256347656 3.4044313430786132812 0.94922554492950439453 2.0146453380584716797 4.7187266349792480469 3.9258196353912353516 4.1294932365417480469 7.3907947540283203125 9.3966054916381835938 5.7641267776489257812 4.4335432052612304688 5.0906224250793457031 5.9137125015258789062 5.9009423255920410156 6.3319959640502929688 8.4348154067993164062 10.03044891357421875 7.9912824630737304688 6.1385889053344726562 5.6007013320922851562
2.1229832172393798828 3.9423472881317138672 5.9409794807434082031 6.8601536750793457031 6.6618466377258300781 3.6456310749053955078 1.8781846761703491211 1.7785521745681762695 0.79801487922668457031 1.6213958263397216797 1.8846297264099121094 2.2064197063446044922 1.0500360727310180664 1.2290185689926147461 1.6310288906097412109 3.2017321586608886719 3.1794185638427734375 2.7883710861206054688 1.9154965877532958984 2.7038600444793701172 5.1879143714904785156 3.4931981563568115234 0.79797905683517456055 2.6699981689453125 4.6647925376892089844 1.9511123895645141602 2.6758716106414794922 8.688571929931640625 8.4589996337890625 4.7723093032836914062 4.5526938438415527344 5.312389373779296875 5.3172245025634765625 4.0721416473388671875 4.5679655075073242188 6.7063050270080566406 5.8262658119201660156 2.2843511104583740234 0.68320298194885253906 0.67122894525527954102
2.65402984619140625 4.6224870681762695312 5.3692917823791503906 6.1211428642272949219 5.3869776725769042969 3.2687139511108398438 2.5456860065460205078 2.1987988948822021484 1.2380503416061401367 0.67647480964660644531 1.7963972091674804688 2.3916542530059814453 1.3773622512817382812 1.6507419347763061523 2.48720550537109375 3.6260747909545898438 4.4877238273620605469 4.1673488616943359375 3.3690817356109619141 4.1982493400573730469 5.0666675567626953125 2.6758565902709960938 1.6477056741714477539 4.2318048477172851562 3.3995432853698730469 1.4967254400253295898 4.472949981689453125 9.6876592636108398438 7.1051430702209472656 4.6099600791931152344 4.6840915679931640625 4.6759843826293945312 4.5650792121887207031 3.6050872802734375 4.2347693443298339844 5.06529998779296875 3.0591433048248291016 0.92329353094100952148 1.6946166753768920898 2.1763689517974853516
4.7192559242248535156 4.7088599205017089844 4.33397674560546875 4.412197113037109375 4.2498888969421386719 4.5747227668762207031 4.6387705802917480469 3.3650052547454833984 0.92271560430526733398 1.590212702751159668 2.0033392906188964844 3.0103552341461181641 3.4875566959381103516 4.4962286949157714844 5.615436553955078125 6.09517669677734375 6.2863078117370605469 5.8646655082702636719 6.0474238395690917969 6.4714436531066894531 5.39585113525390625 4.0533914566040039062 5.2933173179626464844 6.2693376541137695312 3.8044219017028808594 3.6159884929656982422 7.4291987419128417969 8.546970367431640625 6.0370316505432128906 5.7452688217163085938 5.75847625732421875 5.3726687431335449219 5.0897188186645507812 4.2260560989379882812 4.0098028182983398438 2.8545138835906982422 1.1356834173202514648 1.9924110174179077148 1.6648224592208862305 0.563831329345703125
6.0499844551086425781 5.4842820167541503906 4.1531472206115722656 2.9133896827697753906 1.9236806631088256836 1.8738645315170288086 3.3906118869781494141 4.307788848876953125 2.9087023735046386719 2.8010606765747070312 2.8451018333435058594 3.5619416236877441406 4.0102901458740234375 3.9615247249603271484 5.279582977294921875 5.7989859580993652344 5.8010702133178710938 6.0445127487182617188 6.6189026832580566406 6.2949118614196777344 4.8031773567199707031 4.547149658203125 5.7031025886535644531 4.4041743278503417969 2.1914503574371337891 2.9906449317932128906 7.1300210952758789062 6.2533001899719238281 5.2196621894836425781 4.5370454788208007812 3.9626643657684326172 3.2835142612457275391 3.2745928764343261719 3.5303318500518798828 2.8821737766265869141 0.22499953210353851318 2.48720550537109375 2.56586456298828125 2.3502409458160400391 3.2163732051849365234
4.0751047134399414062 3.9850478172302246094 3.5234661102294921875 2.8779795169830322266 3.0130591392517089844 4.0944204330444335938 4.7384939193725585938 4.9561367034912109375 3.7294909954071044922 3.1398971080780029297 4.0123033523559570312 5.006195068359375 4.4959135055541992188 5.1554274559020996094 6.4261946678161621094 6.3790874481201171875 6.0744156837463378906 5.9208188056945800781 5.3319649696350097656 3.4730849266052246094 2.6218764781951904297 3.5128486156463623047 4.6491856575012207031 2.5615432262420654297 2.3755362033843994141 4.2975983619689941406 7.0407075881958007812 5.7920598983764648438 4.9347949028015136719 2.9374306201934814453 3.1243839263916015625 2.6677052974700927734 3.3614113330841064453 2.7667272090911865234 0.46980136632919311523 2.8008561134338378906 1.2355726957321166992 2.0346443653106689453 5.8803496360778808594 5.0706696510314941406
2.4790673255920410156 1.8714432716369628906 2.0564148426055908203 2.2155499458312988281 3.0867891311645507812 4.1226639747619628906 4.233219146728515625 4.38547515869140625 3.6710534095764160156 3.3894011974334716797 4.3969521522521972656 5.0636973381042480469 5.0351438522338867188 5.3771452903747558594 6.5781097412109375 5.79767608642578125 5.0905947685241699219 4.4157328605651855469 3.0912089347839355469 0.72628676891326904297 0.40750458836555480957 3.3611156940460205078 4.807888031005859375 2.3706018924713134766 2.7981631755828857422 5.4190731048583984375 6.6705889701843261719 4.8963255882263183594 3.7907197475433349609 2.4848027229309082031 2.9711704254150390625 3.7741594314575195312 3.1784186363220214844 1.4472452402114868164 3.3734021186828613281 0.71502387523651123047 4.1297526359558105469 7.9522862434387207031 9.501659393310546875 6.2270364761352539062
