wildfire/work/fuelmodels/1903/slope.asc
ncols        234
nrows        176
xllcorner    194875.000000000000
yllcorner    448975.000000000000
cellsize     5.000000000000
NODATA_value   -999
[rows 54 to 71 of 176, columns 0 to 39 of 234]
0 1.2277851104736328125 1.707409977912902832 2.762111663818359375 2.2949352264404296875 1.354761958122253418 2.1614580154418945312 2.9506428241729736328 3.3650064468383789062 3.3097584247589111328 3.1050829887390136719 3.1712920665740966797 3.5437834262847900391 4.1846299171447753906 4.4259009361267089844 4.7038893699645996094 5.1419558525085449219 5.119335174560546875 4.8914122581481933594 5.036468505859375 5.3040261268615722656 4.9250750541687011719 4.6766486167907714844 4.7054796218872070312 3.6489877700805664062 3.0259397029876708984 1.8022986650466918945 2.1381905078887939453 3.6126658916473388672 4.1450047492980957031 4.0631947517395019531 3.9804673194885253906 3.8635718822479248047 3.3152499198913574219 3.1616714000701904297 3.6138927936553955078 3.5081992149353027344 3.4875576496124267578 3.9976963996887207031 3.9423635005950927734
0 3.0030984878540039062 3.1081435680389404297 2.5450904369354248047 2.0803732872009277344 2.1353328227996826172 1.4967486858367919922 2.1744897365570068359 2.3911855220794677734 2.4310617446899414062 2.7006824016571044922 2.7923815250396728516 3.6344449520111083984 4.564113616943359375 4.8660721778869628906 5.5649805068969726562 5.8204431533813476562 5.7553753852844238281 5.4494738578796386719 4.9036684036254882812 5.1807851791381835938 5.3220257759094238281 5.0706386566162109375 5.2794589996337890625 4.7997937202453613281 5.53094482421875 4.7647967338562011719 3.7527158260345458984 4.3406052589416503906 5.0549302101135253906 4.3937549591064453125 3.3534603118896484375 2.5784630775451660156 2.4352269172668457031 2.6633739471435546875 3.1897215843200683594 3.1301982402801513672 3.4635829925537109375 4.1226887702941894531 4.0247631072998046875
0 3.5637745857238769531 3.1801507472991943359 2.5892403125762939453 2.3646712303161621094 2.2280681133270263672 1.4046499729156494141 1.821284174919128418 1.2408974170684814453 1.9221174716949462891 2.5894443988800048828 3.0662486553192138672 3.7794950008392333984 4.3260207176208496094 4.0790562629699707031 4.847866058349609375 5.4471440315246582031 5.1882638931274414062 5.3742337226867675781 5.3190379142761230469 5.8483500480651855469 6.6321444511413574219 6.7534775733947753906 6.917232513427734375 5.6596851348876953125 5.1272144317626953125 5.0643625259399414062 4.8445439338684082031 4.6163744926452636719 4.1614079475402832031 3.7413582801818847656 3.2889363765716552734 2.5877041816711425781 3.1041224002838134766 3.5638082027435302734 3.7415089607238769531 3.5683293342590332031 3.6923134326934814453 4.1333079338073730469 3.7714719772338867188
0 4.0392861366271972656 3.7396264076232910156 3.3478682041168212891 2.6204862594604492188 2.2709863185882568359 1.9367827177047729492 2.8037919998168945312 2.6357038021087646484 2.8777942657470703125 2.9733622074127197266 3.2201361656188964844 3.0820176601409912109 3.5701446533203125 3.7425737380981445312 3.0076737403869628906 3.3335230350494384766 4.13625335693359375 4.8194222450256347656 4.7989683151245117188 4.9836230278015136719 5.7283902168273925781 5.9226574897766113281 6.8413777351379394531 6.6359400749206542969 5.6615586280822753906 5.2331547737121582031 4.8789892196655273438 4.4006237983703613281 4.0026092529296875 4.1244764328002929688 4.4694395065307617188 3.9365947246551513672 3.7462291717529296875 3.6127839088439941406 3.7035000324249267578 3.4053096771240234375 3.8483822345733642578 4.333980560302734375 3.3275821208953857422
0 4.1226911544799804688 3.6688911914825439453 3.1119284629821777344 2.7894642353057861328 2.8172154426574707031 2.5466949939727783203 3.0219519138336181641 2.5835492610931396484 2.7476439476013183594 2.7358336448669433594 2.6602909564971923828 3.0339183807373046875 3.5185718536376953125 4.2631511688232421875 4.2849879264831542969 3.5428984165191650391 3.8875489234924316406 5.2419424057006835938 5.7286591529846191406 4.5556802749633789062 4.6888265609741210938 4.5069956779479980469 5.6607198715209960938 7.7563405036926269531 7.4994096755981445312 6.7285089492797851562 5.5354967117309570312 4.6534028053283691406 4.3154091835021972656 4.3747720718383789062 4.7837095260620117188 3.9374845027923583984 2.8372759819030761719 2.7447223663330078125 3.4910585880279541016 3.8968822956085205078 4.4010944366455078125 4.2003107070922851562 3.68795013427734375
0 3.7198369503021240234 3.7547202110290527344 3.7153744697570800781 3.3360736370086669922 2.8145527839660644531 2.5490872859954833984 2.6593713760375976562 2.1960361003875732422 2.7364017963409423828 2.9487612247467041016 2.9600250720977783203 2.6750791072845458984 2.1849713325500488281 2.8919925689697265625 4.6789069175720214844 5.3584775924682617188 4.6728625297546386719 4.586566925048828125 5.8010540008544921875 6.4355831146240234375 7.5257997512817382812 7.1760897636413574219 4.9679026603698730469 5.4193401336669921875 5.9518189430236816406 4.8971843719482421875 3.4514296054840087891 3.0192091464996337891 3.2585012912750244141 3.9087789058685302734 4.8357095718383789062 5.3220586776733398438 4.8958215713500976562 4.1915102005004882812 4.4640321731567382812 4.6757740974426269531 4.422153472900390625 4.1450247764587402344 4.61257171630859375
0 3.7848181724548339844 4.2564663887023925781 4.6526041030883789062 4.4721693992614746094 3.6430151462554931641 3.6441226005554199219 3.1322813034057617188 2.4143679141998291016 3.2350180149078369141 3.2004544734954833984 3.7266438007354736328 3.6902737617492675781 3.0616307258605957031 2.6546292304992675781 3.4532408714294433594 4.9479088783264160156 5.0708746910095214844 3.9010171890258789062 4.6494946479797363281 5.6248769760131835938 5.6677021980285644531 5.8927636146545410156 3.8104004859924316406 3.7109956741333007812 5.2100090980529785156 4.5729522705078125 3.1720571517944335938 3.8901309967041015625 4.0086584091186523438 3.8229568004608154297 4.3056659698486328125 5.1747541427612304688 5.370025634765625 4.7884454727172851562 4.6403632164001464844 4.2840542793273925781 4.0193724632263183594 4.3846707344055175781 4.9127898216247558594
0 3.8452394008636474609 4.2059283256530761719 4.476551055908203125 4.7769370079040527344 4.4210915565490722656 4.6454854011535644531 4.6758098602294921875 4.572040557861328125 4.4676485061645507812 3.9227123260498046875 3.9139592647552490234 3.8269345760345458984 3.926311492919921875 3.3995177745819091797 3.0616307258605957031 3.1405286788940429688 4.48954010009765625 4.4657382965087890625 3.5277359485626220703 2.8454539775848388672 3.4186625480651855469 5.1430263519287109375 4.8836612701416015625 4.9835786819458007812 6.313114166259765625 5.7258505821228027344 5.1817808151245117188 5.1763315200805664062 4.7711510658264160156 3.9535083770751953125 3.8250875473022460938 4.1336655616760253906 4.4839076995849609375 4.6995782852172851562 5.117847442626953125 4.9045705795288085938 4.3213629722595214844 3.8890841007232666016 4.1943693161010742188
0 4.0046434402465820312 3.7339658737182617188 3.5313477516174316406 4.2164931297302246094 5.1917939186096191406 5.8744602203369140625 5.7298140525817871094 5.5159316062927246094 4.7447829246520996094 4.2735762596130371094 4.3569350242614746094 3.8562383651733398438 4.3652873039245605469 4.8370599746704101562 4.7072672843933105469 4.1082873344421386719 4.1571645736694335938 3.9790630340576171875 3.2466709613800048828 2.7740037441253662109 3.5706088542938232422 5.8204584121704101562 5.5418920516967773438 4.7880296707153320312 6.3322014808654785156 6.4393086433410644531 5.1583809852600097656 4.4085526466369628906 4.6572008132934570312 4.7088947296142578125 4.1822133064270019531 4.166851043701171875 4.7269463539123535156 5.04192352294921875 5.6568050384521484375 5.73322296142578125 5.0365567207336425781 4.4577260017395019531 4.8757009506225585938
0 3.6081736087799072266 2.849727630615234375 2.5706236362457275391 3.3570642471313476562 4.2858338356018066406 4.1558256149291992188 3.7120840549468994141 4.2060599327087402344 4.3204226493835449219 4.7885441780090332031 5.3469977378845214844 4.7240977287292480469 4.8604836463928222656 4.9075565338134765625 4.4998273849487304688 4.5720210075378417969 4.8346858024597167969 5.0818967819213867188 5.2886166572570800781 5.0544099807739257812 4.3476819992065429688 4.0026302337646484375 4.6047163009643554688 4.859981536865234375 5.4034342765808105469 5.8032360076904296875 5.1178798675537109375 4.5413737297058105469 4.8720722198486328125 5.3869776725769042969 5.0882258415222167969 4.4385581016540527344 4.3559260368347167969 4.60799407958984375 4.7546434402465820312 4.3671326637268066406 4.2354707717895507812 4.6567678451538085938 5.1414384841918945312
0 3.1640882492065429688 2.9377524852752685547 2.4888186454772949219 2.9036512374877929688 2.9446225166320800781 2.7350776195526123047 3.7563149929046630859 5.0044012069702148438 5.2814564704895019531 5.4375271797180175781 4.9657845497131347656 3.832210540771484375 3.4858353137969970703 3.2036232948303222656 2.723072052001953125 2.8568243980407714844 3.6703829765319824219 3.9891059398651123047 4.5117025375366210938 5.01546478271484375 5.1543612480163574219 4.5812959671020507812 4.6464753150939941406 5.2566289901733398438 5.1579003334045410156 5.1344060897827148438 5.2789206504821777344 5.4645414352416992188 5.13153076171875 5.0667724609375 5.3715395927429199219 5.4604730606079101562 5.1370282173156738281 4.8720722198486328125 4.8357095718383789062 4.411632537841796875 4.0961222648620605469 4.3697667121887207031 4.640354156494140625
0 4.2702498435974121094 4.4647221565246582031 4.029876708984375 3.6172556877136230469 3.503032684326171875 4.3113145828247070312 5.21764373779296875 5.0187931060791015625 4.90531158447265625 5.2451925277709960938 4.9050741195678710938 4.1121115684509277344 3.2443735599517822266 3.7256677150726318359 4.7072811126708984375 4.2242484092712402344 4.1581387519836425781 4.3951253890991210938 4.6547079086303710938 4.4443540573120117188 5.1118421554565429688 5.900897979736328125 5.7423219680786132812 5.5874786376953125 5.8288211822509765625 5.8680877685546875 5.0878267288208007812 4.8839654922485351562 5.0100531578063964844 5.0351457595825195312 5.0715360641479492188 5.4449186325073242188 5.4162569046020507812 4.8571276664733886719 4.9523468017578125 4.9479875564575195312 4.9687166213989257812 4.9833846092224121094 5.0090379714965820312
0 5.3801774978637695312 5.2493500709533691406 4.9580640792846679688 4.4539775848388671875 4.7350926399230957031 5.25060272216796875 5.038066864013671875 4.6213121414184570312 4.5035400390625 4.5799746513366699219 4.3093233108520507812 4.34209442138671875 4.5090432167053222656 5.0341467857360839844 5.483394622802734375 5.6849608421325683594 5.5717797279357910156 5.5874996185302734375 5.4718809127807617188 4.8229556083679199219 4.5677390098571777344 4.6636991500854492188 5.1056470870971679688 5.5273084640502929688 5.706157684326171875 6.0499901771545410156 5.0639805793762207031 4.0027141571044921875 4.0924234390258789062 4.9075746536254882812 5.1081042289733886719 4.6373372077941894531 4.8520765304565429688 5.3503999710083007812 5.3602771759033203125 5.0440258979797363281 5.4293675422668457031 5.6885356903076171875 5.529788970947265625
0 4.5075621604919433594 4.647434234619140625 4.7178955078125 5.1434159278869628906 5.6583499908447265625 5.2169795036315917969 4.6641430854797363281 4.6776342391967773438 4.8336215019226074219 4.5209636688232421875 3.8503375053405761719 4.1323070526123046875 4.8603596687316894531 4.6912970542907714844 4.1822304725646972656 4.6225094795227050781 4.5844988822937011719 4.2241544723510742188 4.84882354736328125 5.3591136932373046875 5.1088948249816894531 4.6636881828308105469 4.640377044677734375 5.2026700973510742188 6.3415307998657226562 7.1204838752746582031 6.1488447189331054688 5.1492748260498046875 5.2092242240905761719 5.4474539756774902344 5.6122422218322753906 5.5360541343688964844 5.515899658203125 5.5581183433532714844 5.4159970283508300781 5.2392177581787109375 5.5001087188720703125 5.7125716209411621094 5.5183720588684082031
0 5.1198029518127441406 6.1081175804138183594 6.1920518875122070312 5.9479970932006835938 5.4574885368347167969 4.8761782646179199219 4.7829289436340332031 4.5370116233825683594 4.3144745826721191406 4.7316656112670898438 5.0989170074462890625 4.6328635215759277344 4.0772104263305664062 3.7783064842224121094 3.9666106700897216797 4.7059798240661621094 5.3417959213256835938 5.1096067428588867188 4.902042388916015625 5.4560403823852539062 6.252838134765625 6.2956442832946777344 6.1672902107238769531 6.1445178985595703125 6.5332880020141601562 7.6480212211608886719 7.2292766571044921875 6.4146609306335449219 6.0915422439575195312 5.650146484375 5.9483609199523925781 6.4838271141052246094 6.2923817634582519531 6.1001439094543457031 5.8676800727844238281 5.3111753463745117188 5.5446081161499023438 5.4810743331909179688 5.1878805160522460938
0 5.6437425613403320312 5.4300327301025390625 5.2104868888854980469 4.6689686775207519531 4.4358949661254882812 4.6035618782043457031 4.8660488128662109375 4.9397192001342773438 5.0589518547058105469 4.7377810478210449219 4.3647394180297851562 3.9952874183654785156 3.5557112693786621094 3.4858527183532714844 3.9423770904541015625 4.4453554153442382812 5.2308211326599121094 5.5345034599304199219 5.1786966323852539062 5.1928567886352539062 6.0286893844604492188 6.3702502250671386719 6.0885667800903320312 5.8660144805908203125 5.2467164993286132812 6.3411040306091308594 7.5239672660827636719 6.9056520462036132812 5.5787372589111328125 5.2951960563659667969 5.4608359336853027344 5.6355962753295898438 5.96945953369140625 6.0107097625732421875 5.4695901870727539062 4.9997754096984863281 5.4792523384094238281 4.9230341911315917969 4.6281919479370117188
0 4.3395266532897949219 3.4526200294494628906 3.7133345603942871094 4.2117013931274414062 4.4621338844299316406 4.7952132225036621094 5.147369384765625 5.0440735816955566406 4.3577570915222167969 3.2162096500396728516 2.6532864570617675781 2.8653042316436767578 3.1589612960815429688 3.4846754074096679688 3.2130563259124755859 3.1806607246398925781 4.0772190093994140625 5.1583600044250488281 5.7497963905334472656 5.797130584716796875 5.888111114501953125 6.2319083213806152344 5.7038316726684570312 5.5264916419982910156 5.5267572402954101562 5.9121184349060058594 6.6067376136779785156 6.9032793045043945312 6.671794891357421875 6.448352813720703125 5.6561865806579589844 5.2446970939636230469 5.3639273643493652344 5.3517022132873535156 5.3418169021606445312 5.367511749267578125 5.7016797065734863281 5.2189717292785644531 5.1340670585632324219
0 4.2574496269226074219 4.1720857620239257812 4.8106226921081542969 5.0956554412841796875 5.0992431640625 4.8032107353210449219 3.8457767963409423828 2.735111236572265625 2.3859167098999023438 2.9057278633117675781 3.2704091072082519531 3.3285090923309326172 3.6948080062866210938 4.237030029296875 3.6710412502288818359 3.6441242694854736328 4.1880207061767578125 4.7419629096984863281 5.20998382568359375 5.1252393722534179688 5.0977320671081542969 5.6477446556091308594 5.6297879219055175781 5.7468843460083007812 5.528743743896484375 5.1622786521911621094 5.1599569320678710938 5.7421026229858398438 6.184673309326171875 6.3658046722412109375 6.1529278755187988281 5.7044234275817871094 5.4502277374267578125 5.4171237945556640625 5.7263541221618652344 5.8422040939331054688 5.7037892341613769531 5.393707275390625 5.5773744583129882812
