wildfire/work/fuelmodels/1903/slope.asc
ncols        234
nrows        176
xllcorner    194875.000000000000
yllcorner    448975.000000000000
cellsize     5.000000000000
NODATA_value   -999
[rows 72 to 89 of 176, columns 160 to 199 of 234]
8.5085630416870117188 6.0994510650634765625 7.3138818740844726562 6.1580119132995605469 1.14720916748046875 4.6777315139770507812 3.8142218589782714844 2.2425377368927001953 2.6849358081817626953 4.0404171943664550781 2.6179704666137695312 3.6211614608764648438 4.9736676216125488281 5.1088948249816894531 5.3395695686340332031 5.0897188186645507812 3.4256036281585693359 3.0937969684600830078 5.1727223396301269531 7.102203369140625 7.9161729812622070312 8.00955963134765625 7.8231472969055175781 8.3464937210083007812 8.71392822265625 7.8293857574462890625 6.7153267860412597656 8.0201005935668945312 10.299396514892578125 9.1798458099365234375 4.2116851806640625 1.744084477424621582 5.4266986846923828125 11.302340507507324219 16.25620269775390625 19.059495925903320312 21.166799545288085938 23.110124588012695312 22.731069564819335938 21.156572341918945312
6.8091878890991210938 6.9984230995178222656 8.1338434219360351562 4.0772385597229003906 3.7981722354888916016 6.1241765022277832031 4.3588137626647949219 2.2344040870666503906 3.4578859806060791016 5.1249508857727050781 4.2947559356689453125 3.9538567066192626953 3.6252119541168212891 4.044536590576171875 5.6165189743041992188 5.4177398681640625 4.1023640632629394531 4.0106339454650878906 6.7956881523132324219 9.2406673431396484375 9.4072666168212890625 9.1625967025756835938 9.4261846542358398438 9.9264783859252929688 10.204059600830078125 9.6250543594360351562 8.6367702484130859375 8.437160491943359375 9.2154674530029296875 7.32989501953125 3.2185773849487304688 3.2073988914489746094 9.25103759765625 14.928610801696777344 17.859033584594726562 19.79405975341796875 21.323362350463867188 21.895153045654296875 20.35813140869140625 19.348691940307617188
6.4483523368835449219 7.7677669525146484375 6.3010225296020507812 3.5959515571594238281 5.7979063987731933594 4.9942455291748046875 1.8551639318466186523 1.6163948774337768555 5.020832061767578125 5.8000001907348632812 3.1300182342529296875 2.9547402858734130859 3.6344003677368164062 4.7627239227294921875 5.2634115219116210938 3.9145848751068115234 5.0440325736999511719 7.1508703231811523438 9.7651700973510742188 12.053447723388671875 12.315932273864746094 12.206919670104980469 12.054098129272460938 12.867001533508300781 13.491433143615722656 12.273214340209960938 9.87741851806640625 7.5901699066162109375 7.5699024200439453125 5.8700270652770996094 1.7133545875549316406 5.8113412857055664062 12.384877204895019531 15.743536949157714844 19.035821914672851562 20.722412109375 19.949522018432617188 19.037082672119140625 17.72906494140625 18.243183135986328125
6.7909107208251953125 8.0783901214599609375 3.6607439517974853516 6.0583524703979492188 5.9009637832641601562 3.8832635879516601562 1.7133076190948486328 2.160068511962890625 5.1710872650146484375 5.3160929679870605469 1.9099565744400024414 2.5862908363342285156 3.5965213775634765625 5.96097564697265625 6.5872163772583007812 4.1995630264282226562 5.39823150634765625 9.3819732666015625 12.95912933349609375 15.080312728881835938 14.418763160705566406 14.063246726989746094 14.251690864562988281 14.669694900512695312 14.550334930419921875 13.076930046081542969 11.439913749694824219 9.8355274200439453125 8.41396331787109375 4.8238239288330078125 2.0519437789916992188 10.006991386413574219 15.848879814147949219 18.689634323120117188 22.004365921020507812 20.673563003540039062 17.516857147216796875 17.578060150146484375 18.180223464965820312 18.71570587158203125
8.744983673095703125 5.9996562004089355469 3.8719146251678466797 5.5476884841918945312 3.5534415245056152344 3.0670754909515380859 4.1537485122680664062 4.5481123924255371094 5.4701237678527832031 5.8288516998291015625 2.2907559871673583984 2.4519879817962646484 5.1768956184387207031 6.9353041648864746094 7.2251973152160644531 7.5527148246765136719 11.676609039306640625 16.255687713623046875 17.907421112060546875 17.94330596923828125 16.572963714599609375 16.2283172607421875 17.285200119018554688 18.324880599975585938 17.355493545532226562 14.986552238464355469 12.818806648254394531 10.527592658996582031 6.9106211662292480469 2.5373432636260986328 9.0500507354736328125 16.40860748291015625 20.330015182495117188 22.0380096435546875 23.042718887329101562 20.4553070068359375 17.417776107788085938 17.143098831176757812 17.501932144165039062 17.176095962524414062
8.35186004638671875 5.8611268997192382812 7.1853241920471191406 2.6890435218811035156 0.880046844482421875 5.0691905021667480469 7.0629477500915527344 8.09521484375 6.5332455635070800781 5.6401472091674804688 4.48027801513671875 4.7711510658264160156 6.6401662826538085938 7.6595473289489746094 10.738673210144042969 16.119607925415039062 21.899759292602539062 24.917753219604492188 23.680021286010742188 23.115583419799804688 23.038190841674804688 21.995080947875976562 21.408834457397460938 21.5883941650390625 19.852323532104492188 16.33141326904296875 11.724154472351074219 7.8518075942993164062 4.3112931251525878906 9.3681535720825195312 16.916227340698242188 21.038997650146484375 21.052747726440429688 21.0316162109375 21.076597213745117188 19.134716033935546875 16.763406753540039062 15.347341537475585938 15.086646080017089844 14.352334022521972656
6.9806876182556152344 7.0629143714904785156 4.5217690467834472656 4.4684934616088867188 3.8735125064849853516 7.2932333946228027344 4.3822689056396484375 8.0922498703002929688 6.8838257789611816406 5.7223911285400390625 6.8739500045776367188 6.4014148712158203125 7.4591627120971679688 11.162889480590820312 18.958927154541015625 25.318271636962890625 26.997928619384765625 26.031431198120117188 24.074182510375976562 24.219617843627929688 23.527387619018554688 21.121606826782226562 18.741710662841796875 16.776544570922851562 13.64333343505859375 11.147985458374023438 9.4054231643676757812 9.5235080718994140625 10.980545997619628906 16.51271820068359375 20.54032135009765625 22.239078521728515625 21.026502609252929688 20.714124679565429688 20.1538543701171875 17.763032913208007812 15.586480140686035156 14.140026092529296875 14.308074951171875 13.373169898986816406
4.8853106498718261719 4.3697900772094726562 4.8228592872619628906 4.5008859634399414062 7.7681956291198730469 6.5117602348327636719 4.1391363143920898438 7.1842303276062011719 5.6847300529479980469 6.8983736038208007812 9.3983144760131835938 8.0932226181030273438 12.015962600708007812 18.928731918334960938 25.807064056396484375 26.02851104736328125 21.655225753784179688 18.721883773803710938 15.834729194641113281 14.579718589782714844 13.328792572021484375 11.242746353149414062 9.3158702850341796875 7.2711548805236816406 3.9733517169952392578 1.8551156520843505859 7.3771376609802246094 11.564592361450195312 17.175228118896484375 20.865926742553710938 20.542341232299804688 21.899295806884765625 20.059785842895507812 18.72805023193359375 18.342830657958984375 16.629808425903320312 15.370854377746582031 13.923986434936523438 13.641312599182128906 10.959749221801757812
4.4595289230346679688 5.5469584465026855469 6.703441619873046875 6.335163116455078125 8.9765310287475585938 4.9174284934997558594 6.3533854484558105469 7.349948883056640625 6.8354754447937011719 8.5473766326904296875 11.61542510986328125 13.163906097412109375 19.412599563598632812 24.56735992431640625 25.942417144775390625 20.342815399169921875 13.849905014038085938 12.095389366149902344 9.95250701904296875 8.0773601531982421875 6.1527318954467773438 2.4227502346038818359 1.229407191276550293 2.0558941364288330078 3.2798569202423095703 4.7964549064636230469 9.2131805419921875 13.201116561889648438 17.537342071533203125 20.4297027587890625 19.299245834350585938 19.878389358520507812 17.778844833374023438 16.152845382690429688 16.204706192016601562 15.376502037048339844 14.23011016845703125 12.113037109375 11.186748504638671875 6.7332921028137207031
5.8111085891723632812 5.4666237831115722656 5.3935341835021972656 5.8908538818359375 6.8574962615966796875 3.1644077301025390625 6.1741809844970703125 7.7418813705444335938 8.8205547332763671875 10.846918106079101562 15.536420822143554688 18.7260894775390625 21.757196426391601562 21.79795074462890625 18.4834747314453125 12.70262908935546875 8.8420076370239257812 9.5264196395874023438 9.9579315185546875 8.5974531173706054688 6.9520153999328613281 5.103366851806640625 5.4293675422668457031 5.9930090904235839844 6.9915385246276855469 8.2589502334594726562 9.51043701171875 10.552911758422851562 13.98215484619140625 18.669603347778320312 20.79248809814453125 21.208354949951171875 21.145624160766601562 19.495862960815429688 16.685245513916015625 14.917724609375 12.437722206115722656 10.201342582702636719 8.750003814697265625 2.7579147815704345703
4.4204468727111816406 4.567935943603515625 3.8398423194885253906 4.90201568603515625 5.7593412399291992188 4.4841108322143554688 7.7780675888061523438 8.5532312393188476562 10.056576728820800781 13.94469451904296875 18.887279510498046875 20.075235366821289062 19.0429534912109375 16.237150192260742188 11.860051155090332031 9.710491180419921875 10.328077316284179688 10.955920219421386719 11.775448799133300781 11.163405418395996094 10.517313957214355469 10.085540771484375 10.485774993896484375 10.795278549194335938 10.441697120666503906 10.080554962158203125 9.8655996322631835938 9.0696935653686523438 11.0159454345703125 14.764430046081542969 16.355428695678710938 19.010686874389648438 24.197244644165039062 24.776205062866210938 20.534027099609375 16.7784423828125 12.009779930114746094 9.7125730514526367188 6.7231211662292480469 1.2194945812225341797
4.0314154624938964844 3.7209362983703613281 5.5974802970886230469 6.3711595535278320312 6.0005750656127929688 5.5049290657043457031 9.9787044525146484375 8.3869581222534179688 10.610400199890136719 16.523954391479492188 19.698244094848632812 18.45481109619140625 15.263258934020996094 12.201135635375976562 9.8109989166259765625 10.627816200256347656 12.942343711853027344 13.29421234130859375 12.926579475402832031 12.503240585327148438 13.482028007507324219 14.761944770812988281 14.410638809204101562 13.799386978149414062 13.488725662231445312 13.061826705932617188 12.967570304870605469 12.648762702941894531 13.097092628479003906 13.905245780944824219 12.75527191162109375 16.029882431030273438 23.21636199951171875 24.59050750732421875 22.76811981201171875 19.46022796630859375 13.850537300109863281 9.7477807998657226562 4.1653857231140136719 2.1353545188903808594
4.1659188270568847656 4.9760189056396484375 6.0693516731262207031 6.1677656173706054688 3.9073405265808105469 7.5932478904724121094 9.3220129013061523438 8.6017999649047851562 12.085169792175292969 17.50606536865234375 18.68508148193359375 16.915531158447265625 13.878778457641601562 12.818640708923339844 12.841039657592773438 12.862990379333496094 13.662039756774902344 14.555627822875976562 14.941644668579101562 15.62042999267578125 16.663427352905273438 17.614759445190429688 17.39606475830078125 15.898517608642578125 14.78786468505859375 14.547532081604003906 14.992251396179199219 14.961489677429199219 15.202780723571777344 16.011194229125976562 15.993839263916015625 18.827877044677734375 22.512254714965820312 22.205038070678710938 22.585210800170898438 21.590318679809570312 15.45407867431640625 8.0859832763671875 1.9352265596389770508 2.7351183891296386719
5.6320047378540039062 6.7481589317321777344 5.969440460205078125 4.5860462188720703125 4.6294941902160644531 7.7431116104125976562 8.07976531982421875 9.9543104171752929688 12.983244895935058594 15.533693313598632812 16.5202178955078125 16.207813262939453125 14.323987007141113281 12.848732948303222656 11.288157463073730469 10.782048225402832031 12.971308708190917969 15.502264022827148438 16.600965499877929688 17.281101226806640625 17.0659332275390625 16.420339584350585938 16.137073516845703125 15.889347076416015625 15.50217437744140625 14.967937469482421875 14.663305282592773438 14.868875503540039062 16.333539962768554688 17.53353118896484375 16.921689987182617188 18.735124588012695312 22.018934249877929688 21.99553680419921875 22.183795928955078125 21.116090774536132812 14.590189933776855469 6.0818910598754882812 1.7861808538436889648 2.9880986213684082031
6.7305750846862792969 7.0812449455261230469 4.7172713279724121094 3.3205716609954833984 6.1383767127990722656 6.3818430900573730469 7.2901544570922851562 11.219220161437988281 13.175496101379394531 12.591719627380371094 13.612242698669433594 13.986539840698242188 12.323312759399414062 10.313709259033203125 8.0616054534912109375 6.7445998191833496094 8.4077062606811523438 11.328469276428222656 13.043600082397460938 14.181878089904785156 14.384219169616699219 13.254213333129882812 12.900035858154296875 14.076750755310058594 14.911513328552246094 14.830615043640136719 13.666395187377929688 13.859761238098144531 16.178508758544921875 17.631992340087890625 18.155294418334960938 20.199817657470703125 22.353872299194335938 21.394178390502929688 19.711734771728515625 17.863933563232421875 13.233697891235351562 5.0875301361083984375 2.303924560546875 2.7716343402862548828
5.8988084793090820312 4.0721631050109863281 4.2645807266235351562 5.7528500556945800781 6.0691370964050292969 4.9373879432678222656 7.3956704139709472656 12.079989433288574219 13.202921867370605469 10.660703659057617188 10.999021530151367188 11.324963569641113281 10.127919197082519531 8.9305467605590820312 6.1090488433837890625 3.038257598876953125 0.95455837249755859375 3.3618574142456054688 6.3789777755737304688 7.8962397575378417969 8.85543060302734375 9.6548318862915039062 10.586997032165527344 11.493319511413574219 11.779604911804199219 11.331964492797851562 10.245143890380859375 11.521557807922363281 14.816205978393554688 17.059276580810546875 18.615865707397460938 19.666116714477539062 20.010808944702148438 18.815465927124023438 16.9904632568359375 15.712008476257324219 11.592632293701171875 2.2768018245697021484 3.1863787174224853516 3.4019052982330322266
2.9609200954437255859 2.1464152336120605469 5.2159132957458496094 6.6255536079406738281 5.3674778938293457031 5.48954010009765625 10.943449020385742188 14.133683204650878906 13.008614540100097656 11.7798919677734375 12.913372993469238281 14.170383453369140625 13.620623588562011719 11.839000701904296875 8.4449300765991210938 5.3454937934875488281 3.1990580558776855469 2.2567157745361328125 2.3759613037109375 3.6455106735229492188 4.9226422309875488281 7.0511264801025390625 8.8619337081909179688 9.9973239898681640625 10.011630058288574219 8.439044952392578125 6.9681153297424316406 9.9006748199462890625 14.151694297790527344 16.072649002075195312 17.102146148681640625 17.229808807373046875 16.88629150390625 16.937740325927734375 16.441263198852539062 13.783384323120117188 6.9176793098449707031 2.0715610980987548828 4.9321651458740234375 4.7419805526733398438
1.9801907539367675781 3.0503969192504882812 6.1333713531494140625 5.9485073089599609375 5.7199926376342773438 9.9338579177856445312 14.707396507263183594 14.468265533447265625 13.162036895751953125 13.509797096252441406 14.16692352294921875 14.09316253662109375 11.209688186645507812 8.0185451507568359375 4.6344127655029296875 1.2798285484313964844 3.0352537631988525391 4.083667755126953125 3.5429155826568603516 4.2378773689270019531 5.6916327476501464844 7.2473306655883789062 8.6854419708251953125 9.0708074569702148438 8.4424428939819335938 7.5047712326049804688 6.6032838821411132812 10.202252388000488281 14.461191177368164062 17.177478790283203125 18.064411163330078125 16.700845718383789062 15.832286834716796875 16.637607574462890625 15.597619056701660156 9.8078517913818359375 1.7133481502532958984 4.0842566490173339844 4.2450304031372070312 3.4565684795379638672
