wildfire/work/fuelmodels/1937/ahn1.asc
ncols        432
nrows        229
xllcorner    191480.000000000000
yllcorner    461505.000000000000
cellsize     5.000000000000
NODATA_value   -999
[rows 76 to 94 of 229, columns 378 to 419 of 432]
51.95999908447265625 52.020000457763671875 51.619998931884765625 51.479999542236328125 51.189998626708984375 50.970001220703125 51.04000091552734375 50.770000457763671875 50.990001678466796875 50.700000762939453125 50.43000030517578125 50.20999908447265625 50.130001068115234375 50.119998931884765625 49.970001220703125 49.939998626708984375 49.95999908447265625 49.81999969482421875 49.630001068115234375 49.479999542236328125 49.43000030517578125 49.34999847412109375 49.3300018310546875 49.369998931884765625 49.29000091552734375 49.09999847412109375 49.200000762939453125 49.1399993896484375 49.259998321533203125 49.340000152587890625 49.299999237060546875 49.20999908447265625 49.04000091552734375 48.479999542236328125 48.720001220703125 48.6699981689453125 48.6100006103515625 48.380001068115234375 48.229999542236328125 47.8899993896484375 47.970001220703125 47.869998931884765625
51.740001678466796875 52.049999237060546875 51.549999237060546875 51.189998626708984375 50.8899993896484375 50.90000152587890625 50.979999542236328125 50.779998779296875 50.70999908447265625 50.409999847412109375 50.25 50.020000457763671875 49.990001678466796875 49.880001068115234375 49.939998626708984375 49.8300018310546875 49.740001678466796875 49.6699981689453125 49.450000762939453125 49.3600006103515625 49.310001373291015625 49.270000457763671875 49.159999847412109375 49.1100006103515625 49.130001068115234375 49.0800018310546875 48.909999847412109375 48.990001678466796875 49.060001373291015625 49.009998321533203125 49.020000457763671875 49.009998321533203125 48.720001220703125 48.279998779296875 48.68000030517578125 48.549999237060546875 48.560001373291015625 48.279998779296875 48.15000152587890625 47.810001373291015625 47.779998779296875 47.720001220703125
51.740001678466796875 51.979999542236328125 51 50.759998321533203125 50.880001068115234375 50.79000091552734375 50.759998321533203125 50.6100006103515625 50.31999969482421875 50.369998931884765625 50.009998321533203125 49.909999847412109375 49.8300018310546875 49.810001373291015625 49.6699981689453125 49.689998626708984375 49.6100006103515625 49.590000152587890625 49.3300018310546875 49.20999908447265625 49.220001220703125 49.060001373291015625 48.939998626708984375 49 49.04000091552734375 48.939998626708984375 48.729999542236328125 48.720001220703125 48.779998779296875 48.840000152587890625 48.8899993896484375 48.979999542236328125 48.56999969482421875 48.310001373291015625 48.6399993896484375 48.3600006103515625 48.299999237060546875 48.09999847412109375 47.81999969482421875 47.68000030517578125 47.5800018310546875 47.5
51.279998779296875 51.009998321533203125 50.840000152587890625 50.779998779296875 50.5 50.529998779296875 50.3899993896484375 50.3600006103515625 50.15000152587890625 50.3300018310546875 50.020000457763671875 49.90000152587890625 49.6699981689453125 49.54000091552734375 49.54000091552734375 49.509998321533203125 49.45999908447265625 49.40000152587890625 49.18000030517578125 49.0800018310546875 49.04000091552734375 48.93000030517578125 48.770000457763671875 48.79000091552734375 48.8300018310546875 48.630001068115234375 48.520000457763671875 48.479999542236328125 48.490001678466796875 48.5 48.659999847412109375 48.5800018310546875 48.220001220703125 48.20999908447265625 48.479999542236328125 48.3600006103515625 48.09999847412109375 47.799999237060546875 47.70999908447265625 47.31999969482421875 47.3899993896484375 47.240001678466796875
51.029998779296875 50.700000762939453125 50.740001678466796875 50.68000030517578125 50.5800018310546875 50.659999847412109375 50.340000152587890625 50.3600006103515625 49.770000457763671875 50.029998779296875 49.909999847412109375 49.70999908447265625 49.6399993896484375 49.409999847412109375 49.3600006103515625 49.31999969482421875 49.279998779296875 49.240001678466796875 49.04000091552734375 48.810001373291015625 48.759998321533203125 48.70999908447265625 48.56999969482421875 48.560001373291015625 48.590000152587890625 48.40000152587890625 48.20999908447265625 48.15000152587890625 48.259998321533203125 48.29000091552734375 48.279998779296875 48.34999847412109375 48.049999237060546875 48.06999969482421875 48.25 48.259998321533203125 47.8600006103515625 47.729999542236328125 47.380001068115234375 47.240001678466796875 47.090000152587890625 46.9199981689453125
50.8300018310546875 50.59999847412109375 50.65000152587890625 50.279998779296875 50.54000091552734375 50.4199981689453125 50.340000152587890625 50.220001220703125 50.009998321533203125 49.6399993896484375 50.009998321533203125 49.630001068115234375 49.380001068115234375 49.3300018310546875 49.279998779296875 49.189998626708984375 49.049999237060546875 49.09999847412109375 48.909999847412109375 48.59999847412109375 48.56999969482421875 48.56999969482421875 48.43000030517578125 48.259998321533203125 48.29000091552734375 48.159999847412109375 48.009998321533203125 47.950000762939453125 47.979999542236328125 48.049999237060546875 48.06999969482421875 48.1399993896484375 47.90000152587890625 48.119998931884765625 48.049999237060546875 47.799999237060546875 47.729999542236328125 47.479999542236328125 47.229999542236328125 47.1100006103515625 46.779998779296875 46.65000152587890625
50.590000152587890625 50.470001220703125 50.380001068115234375 50.450000762939453125 50.279998779296875 50.259998321533203125 50.18000030517578125 50.130001068115234375 49.700000762939453125 49.380001068115234375 49.5800018310546875 49.380001068115234375 49.240001678466796875 49.18000030517578125 49.0800018310546875 48.990001678466796875 48.8899993896484375 48.81999969482421875 48.70999908447265625 48.470001220703125 48.509998321533203125 48.340000152587890625 48.1699981689453125 47.939998626708984375 48.009998321533203125 47.9199981689453125 47.779998779296875 47.700000762939453125 47.75 47.810001373291015625 47.950000762939453125 47.8300018310546875 47.810001373291015625 47.90000152587890625 47.659999847412109375 47.59999847412109375 47.340000152587890625 47.0800018310546875 47.04000091552734375 46.869998931884765625 46.779998779296875 46.840000152587890625
50.3899993896484375 50.229999542236328125 50.1100006103515625 50.200000762939453125 50.009998321533203125 50.0800018310546875 50.04000091552734375 49.869998931884765625 49.759998321533203125 49.18000030517578125 49.229999542236328125 49.450000762939453125 49.1399993896484375 49.020000457763671875 48.90000152587890625 48.810001373291015625 48.6699981689453125 48.439998626708984375 48.380001068115234375 48.240001678466796875 48.15000152587890625 48 47.909999847412109375 47.8300018310546875 47.700000762939453125 47.6399993896484375 47.590000152587890625 47.520000457763671875 47.5800018310546875 47.59999847412109375 47.70999908447265625 47.65000152587890625 47.590000152587890625 47.590000152587890625 47.54000091552734375 47.220001220703125 46.8300018310546875 46.779998779296875 46.659999847412109375 46.659999847412109375 46.720001220703125 47.130001068115234375
50.240001678466796875 50.09999847412109375 49.979999542236328125 50.020000457763671875 49.5 49.9199981689453125 49.8300018310546875 49.770000457763671875 49.68000030517578125 49.470001220703125 49.1699981689453125 49.25 49.060001373291015625 48.81999969482421875 48.6699981689453125 48.549999237060546875 48.40000152587890625 48.1699981689453125 48.04000091552734375 47.950000762939453125 47.869998931884765625 47.720001220703125 47.700000762939453125 47.529998779296875 47.4199981689453125 47.560001373291015625 47.4199981689453125 47.380001068115234375 47.380001068115234375 47.40000152587890625 47.45999908447265625 47.6100006103515625 47.490001678466796875 47.439998626708984375 47.220001220703125 46.75 46.659999847412109375 46.529998779296875 46.5 46.759998321533203125 47.04000091552734375 47.34999847412109375
49.979999542236328125 49.8899993896484375 49.770000457763671875 49.740001678466796875 49.630001068115234375 49.79000091552734375 49.65000152587890625 49.529998779296875 49.3600006103515625 49.04000091552734375 48.770000457763671875 48.659999847412109375 48.70999908447265625 48.529998779296875 48.4199981689453125 48.3300018310546875 48.15000152587890625 47.950000762939453125 47.70999908447265625 47.450000762939453125 47.549999237060546875 47.65000152587890625 47.490001678466796875 47.470001220703125 47.119998931884765625 47.159999847412109375 47.229999542236328125 47.1699981689453125 47.229999542236328125 47.18000030517578125 47.270000457763671875 47.509998321533203125 47.4199981689453125 47.310001373291015625 46.840000152587890625 46.56999969482421875 46.409999847412109375 46.3300018310546875 46.4199981689453125 47.029998779296875 47.43000030517578125 47.490001678466796875
49.8899993896484375 49.720001220703125 49.549999237060546875 49.5800018310546875 49.549999237060546875 49.450000762939453125 49.270000457763671875 49.18000030517578125 49.060001373291015625 48.939998626708984375 48.95999908447265625 48.81999969482421875 48.720001220703125 48.54000091552734375 48.3300018310546875 48.159999847412109375 47.95999908447265625 47.810001373291015625 47.479999542236328125 47.3300018310546875 47.229999542236328125 47.439998626708984375 47.279998779296875 47.18000030517578125 46.95999908447265625 46.9199981689453125 46.95999908447265625 47.1100006103515625 46.93000030517578125 46.979999542236328125 47.310001373291015625 47.490001678466796875 47.29000091552734375 46.8600006103515625 46.659999847412109375 46.40000152587890625 46.20999908447265625 46.229999542236328125 46.200000762939453125 46.75 47.15000152587890625 46.759998321533203125
49.740001678466796875 49.490001678466796875 49.369998931884765625 49.3600006103515625 49.049999237060546875 49.25 49.1699981689453125 48.95999908447265625 49.0800018310546875 49.200000762939453125 49.240001678466796875 48.369998931884765625 48.520000457763671875 49.029998779296875 48.54000091552734375 48.06999969482421875 47.8899993896484375 47.6699981689453125 47.409999847412109375 46.95999908447265625 47.04000091552734375 47.18000030517578125 47.0800018310546875 47.060001373291015625 46.8300018310546875 46.729999542236328125 46.810001373291015625 46.8300018310546875 46.729999542236328125 46.81999969482421875 47.259998321533203125 47.31999969482421875 46.799999237060546875 46.56999969482421875 46.529998779296875 46.369998931884765625 46.310001373291015625 46.509998321533203125 46.6699981689453125 46.15000152587890625 46.1699981689453125 45.810001373291015625
49.5 49.34999847412109375 49.200000762939453125 49.20999908447265625 49.29000091552734375 49.0800018310546875 49.060001373291015625 49.029998779296875 49.15000152587890625 49.34999847412109375 49.310001373291015625 48.259998321533203125 48.43000030517578125 48.880001068115234375 48.45999908447265625 48.1699981689453125 47.95999908447265625 47.75 47.3899993896484375 46.700000762939453125 46.95999908447265625 47.04000091552734375 46.970001220703125 46.970001220703125 46.810001373291015625 46.740001678466796875 46.70999908447265625 46.6399993896484375 46.470001220703125 46.75 47.279998779296875 47.090000152587890625 46.380001068115234375 46.3899993896484375 46.40000152587890625 46.439998626708984375 46.409999847412109375 46.56999969482421875 46.6399993896484375 46.049999237060546875 45.65000152587890625 45.34999847412109375
49.560001373291015625 49.34999847412109375 49.310001373291015625 49.1399993896484375 49.20999908447265625 49.18000030517578125 49.20999908447265625 49.1399993896484375 49.060001373291015625 49.04000091552734375 48.970001220703125 48.119998931884765625 48.270000457763671875 49.0800018310546875 48.479999542236328125 48.20999908447265625 47.9199981689453125 47.740001678466796875 47.310001373291015625 46.6699981689453125 46.84999847412109375 46.8899993896484375 47.06999969482421875 46.840000152587890625 46.8600006103515625 46.939998626708984375 46.779998779296875 46.509998321533203125 46.6100006103515625 47.049999237060546875 47.299999237060546875 46.759998321533203125 46.409999847412109375 46.549999237060546875 46.95999908447265625 46.659999847412109375 46.6699981689453125 46.4199981689453125 45.689998626708984375 45.40000152587890625 45.229999542236328125 45.31999969482421875
49.439998626708984375 49.279998779296875 49.240001678466796875 49.20999908447265625 49.29000091552734375 49.229999542236328125 49.299999237060546875 49.270000457763671875 49.020000457763671875 49.159999847412109375 49.18000030517578125 48.279998779296875 48.6100006103515625 49.009998321533203125 48.549999237060546875 48.25 47.970001220703125 47.59999847412109375 47.34999847412109375 46.619998931884765625 46.700000762939453125 46.810001373291015625 46.9199981689453125 47.049999237060546875 47.060001373291015625 47.0800018310546875 46.939998626708984375 46.689998626708984375 46.720001220703125 47.5 47.299999237060546875 46.869998931884765625 46.75 46.770000457763671875 47.3300018310546875 46.549999237060546875 45.93000030517578125 45.529998779296875 45.31999969482421875 45.31999969482421875 45.34999847412109375 45.549999237060546875
49.3600006103515625 49.54000091552734375 49.5 49.45999908447265625 49.439998626708984375 49.240001678466796875 49.520000457763671875 49.380001068115234375 49.189998626708984375 49.43000030517578125 49.619998931884765625 49.340000152587890625 48.8600006103515625 48.93000030517578125 49.020000457763671875 48.31999969482421875 47.8600006103515625 47.6699981689453125 47.380001068115234375 46.810001373291015625 46.68000030517578125 46.729999542236328125 46.840000152587890625 47.220001220703125 47.09999847412109375 47.119998931884765625 46.729999542236328125 46.409999847412109375 46.75 47.270000457763671875 47.279998779296875 46.5 46.779998779296875 45.770000457763671875 46.619998931884765625 45.729999542236328125 45.529998779296875 45.479999542236328125 45.340000152587890625 45.299999237060546875 45.549999237060546875 45.56999969482421875
49.4199981689453125 49.490001678466796875 49.520000457763671875 49.68000030517578125 49.520000457763671875 49.279998779296875 49.6699981689453125 49.700000762939453125 49.6100006103515625 49.31999969482421875 49.340000152587890625 49.09999847412109375 48.15000152587890625 47.5 48.84999847412109375 48.340000152587890625 47.75 47.549999237060546875 47.270000457763671875 46.8600006103515625 46.93000030517578125 46.75 46.8899993896484375 47.029998779296875 46.880001068115234375 46.93000030517578125 46.6100006103515625 46.439998626708984375 46.3899993896484375 47.15000152587890625 47.220001220703125 46.189998626708984375 47.15000152587890625 46.3899993896484375 45.54000091552734375 45.520000457763671875 45.759998321533203125 45.770000457763671875 45.40000152587890625 45.380001068115234375 45.549999237060546875 45.689998626708984375
49.18000030517578125 49.31999969482421875 49.40000152587890625 49.560001373291015625 49.29000091552734375 49.04000091552734375 49.6100006103515625 49.720001220703125 49.3600006103515625 49.520000457763671875 49.189998626708984375 48.8600006103515625 48.3300018310546875 47.59999847412109375 48.310001373291015625 48.310001373291015625 47.5 47.409999847412109375 47.1399993896484375 47.1699981689453125 46.939998626708984375 46.880001068115234375 46.770000457763671875 47 46.8899993896484375 46.770000457763671875 46.470001220703125 46.560001373291015625 47.04000091552734375 47.279998779296875 47.700000762939453125 47.450000762939453125 47.770000457763671875 46.3899993896484375 46.40000152587890625 45.70999908447265625 45.56999969482421875 45.45999908447265625 45.470001220703125 45.59999847412109375 45.68000030517578125 45.770000457763671875
48.720001220703125 49.009998321533203125 49.229999542236328125 49.340000152587890625 49.380001068115234375 49.439998626708984375 49.310001373291015625 49.369998931884765625 49.3899993896484375 49.29000091552734375 49.15000152587890625 49.0800018310546875 48.560001373291015625 47.799999237060546875 47.8300018310546875 47.689998626708984375 47.470001220703125 47.20999908447265625 47.130001068115234375 46.979999542236328125 46.979999542236328125 46.79000091552734375 46.6100006103515625 46.93000030517578125 46.840000152587890625 46.560001373291015625 46.529998779296875 47.130001068115234375 47.34999847412109375 47.3600006103515625 47.439998626708984375 47.529998779296875 47.4199981689453125 46.6100006103515625 46.1699981689453125 45.70999908447265625 45.56999969482421875 45.56999969482421875 45.759998321533203125 45.8600006103515625 46.029998779296875 46.049999237060546875
