wildfire/work/fuelmodels/1937/ahn1.asc
ncols        432
nrows        229
xllcorner    191480.000000000000
yllcorner    461505.000000000000
cellsize     5.000000000000
NODATA_value   -999
[rows 209 to 227 of 229, columns 210 to 251 of 432]
65.01999664306640625 64.8899993896484375 64.80999755859375 64.69000244140625 64.9499969482421875 65.0500030517578125 64.87000274658203125 64.20999908447265625 63.9199981689453125 64.19000244140625 63.43000030517578125 63.31999969482421875 63.119998931884765625 62.90000152587890625 62.549999237060546875 62.119998931884765625 61.869998931884765625 61.979999542236328125 62.34999847412109375 62.56999969482421875 62.8300018310546875 63.1100006103515625 63.409999847412109375 63.909999847412109375 64.18000030517578125 64.6399993896484375 64.90000152587890625 65.23000335693359375 65.51999664306640625 65.70999908447265625 65.9499969482421875 66.05999755859375 66.26000213623046875 66.40000152587890625 66.51000213623046875 66.779998779296875 67.26999664306640625 67.529998779296875 67.87999725341796875 67.90000152587890625 67.93000030517578125 68.23999786376953125
65.29000091552734375 65.0500030517578125 64.970001220703125 65.1399993896484375 65.48999786376953125 65.31999969482421875 64.839996337890625 64.220001220703125 64.04000091552734375 63.990001678466796875 63.3899993896484375 63.3300018310546875 63.229999542236328125 63.189998626708984375 62.6399993896484375 62.229999542236328125 61.93000030517578125 62.049999237060546875 62.520000457763671875 62.799999237060546875 62.979999542236328125 63.34999847412109375 63.619998931884765625 64.06999969482421875 64.40000152587890625 65.23000335693359375 65.48999786376953125 65.37999725341796875 65.51000213623046875 65.720001220703125 66.0800018310546875 66.15000152587890625 66.529998779296875 66.6100006103515625 66.779998779296875 67.48000335693359375 67.59999847412109375 67.84999847412109375 68.05999755859375 68.12000274658203125 68.20999908447265625 68.34999847412109375
65.31999969482421875 65.23999786376953125 65.12000274658203125 65.3600006103515625 65.1699981689453125 64.79000091552734375 64.54000091552734375 64.37000274658203125 64.15000152587890625 64.029998779296875 63.799999237060546875 63.439998626708984375 63.34999847412109375 63.29000091552734375 62.8300018310546875 62.270000457763671875 61.95999908447265625 62.380001068115234375 62.75 63.029998779296875 63.119998931884765625 63.43000030517578125 64.029998779296875 64.220001220703125 64.56999969482421875 65.1999969482421875 65.29000091552734375 65.30999755859375 65.4499969482421875 65.839996337890625 66.18000030517578125 66.37999725341796875 66.6100006103515625 66.80999755859375 67.06999969482421875 67.4199981689453125 67.6699981689453125 67.9199981689453125 68.19000244140625 68.34999847412109375 68.45999908447265625 68.54000091552734375
65.470001220703125 65.3600006103515625 65.19000244140625 65.20999908447265625 65.20999908447265625 64.76999664306640625 64.65000152587890625 64.44000244140625 64.410003662109375 64.339996337890625 64.69000244140625 63.5 63.409999847412109375 63.43000030517578125 62.95999908447265625 62.4199981689453125 62.220001220703125 62.619998931884765625 63.090000152587890625 63.45999908447265625 63.43000030517578125 63.68000030517578125 64.0500030517578125 64.45999908447265625 64.8000030517578125 64.98999786376953125 65.12000274658203125 65.339996337890625 65.5500030517578125 65.970001220703125 66.31999969482421875 66.55999755859375 66.73999786376953125 67.09999847412109375 67.279998779296875 67.5800018310546875 67.84999847412109375 68.089996337890625 68.37000274658203125 68.470001220703125 68.59999847412109375 68.6999969482421875
65.68000030517578125 65.5500030517578125 65.3300018310546875 65.26000213623046875 65.0800018310546875 64.84999847412109375 64.75 64.6100006103515625 64.62000274658203125 64.62000274658203125 64.48999786376953125 63.34999847412109375 63.29000091552734375 63.549999237060546875 63.34999847412109375 62.529998779296875 62.409999847412109375 62.770000457763671875 63.299999237060546875 63.939998626708984375 64.18000030517578125 63.93000030517578125 64.12000274658203125 64.51000213623046875 64.839996337890625 65.029998779296875 65.3600006103515625 65.44000244140625 65.76999664306640625 66.1399993896484375 66.37999725341796875 66.5500030517578125 67.01999664306640625 67.1399993896484375 67.3000030517578125 67.73999786376953125 67.970001220703125 68.220001220703125 68.4499969482421875 68.720001220703125 68.970001220703125 68.9499969482421875
65.8000030517578125 65.6999969482421875 65.529998779296875 65.40000152587890625 65.220001220703125 65.0500030517578125 64.87000274658203125 64.69000244140625 64.6100006103515625 64.3300018310546875 63.9199981689453125 63.520000457763671875 63.34999847412109375 63.6699981689453125 63.6399993896484375 62.779998779296875 62.720001220703125 63.1100006103515625 63.6100006103515625 64.09999847412109375 64.30999755859375 64.29000091552734375 64.3600006103515625 64.6999969482421875 65.04000091552734375 65.1399993896484375 65.3300018310546875 65.6699981689453125 65.8600006103515625 66.1699981689453125 66.43000030517578125 66.6999969482421875 67.04000091552734375 67.23999786376953125 67.90000152587890625 67.9499969482421875 68.0800018310546875 68.29000091552734375 68.51999664306640625 68.779998779296875 69.12000274658203125 69.12999725341796875
66.029998779296875 65.79000091552734375 65.87999725341796875 65.48999786376953125 65.410003662109375 65.279998779296875 65.089996337890625 64.87999725341796875 64.76000213623046875 64.4199981689453125 64.0500030517578125 63.65000152587890625 63.340000152587890625 63.740001678466796875 63.8899993896484375 63.34999847412109375 63.15000152587890625 63.56999969482421875 63.6100006103515625 63.939998626708984375 64.220001220703125 64.44000244140625 64.660003662109375 64.81999969482421875 64.95999908447265625 65.1399993896484375 65.45999908447265625 65.76000213623046875 66.0500030517578125 66.23000335693359375 66.3899993896484375 66.6699981689453125 66.94000244140625 67.30999755859375 67.6399993896484375 68.04000091552734375 68.19000244140625 68.470001220703125 68.87000274658203125 69.06999969482421875 69.23000335693359375 69.29000091552734375
66.279998779296875 66.09999847412109375 65.80999755859375 65.68000030517578125 65.54000091552734375 65.54000091552734375 65.1999969482421875 65.09999847412109375 64.93000030517578125 64.56999969482421875 64.25 63.740001678466796875 63.470001220703125 63.54000091552734375 64 63.630001068115234375 63.6399993896484375 63.8600006103515625 63.79000091552734375 63.990001678466796875 64.339996337890625 64.6100006103515625 65.0800018310546875 65.12000274658203125 65.26999664306640625 65.3600006103515625 65.73999786376953125 65.839996337890625 66.029998779296875 66.25 66.529998779296875 66.59999847412109375 66.98000335693359375 67.4199981689453125 67.9199981689453125 68.0800018310546875 68.37000274658203125 68.55999755859375 68.8600006103515625 69.029998779296875 69.29000091552734375 69.43000030517578125
66.34999847412109375 66.19000244140625 66.01000213623046875 65.80999755859375 65.76000213623046875 65.56999969482421875 65.34999847412109375 65.19000244140625 65.05999755859375 64.73999786376953125 64.43000030517578125 64.12000274658203125 63.659999847412109375 63.54000091552734375 64.06999969482421875 64.089996337890625 64.15000152587890625 64 64.12000274658203125 64.12999725341796875 64.45999908447265625 64.839996337890625 65.089996337890625 65.1999969482421875 65.40000152587890625 65.529998779296875 65.8000030517578125 65.84999847412109375 66.15000152587890625 66.37000274658203125 66.56999969482421875 66.839996337890625 67.12999725341796875 67.45999908447265625 67.8600006103515625 68.15000152587890625 68.3600006103515625 68.6100006103515625 69.0800018310546875 69.1699981689453125 69.44000244140625 69.54000091552734375
66.44000244140625 66.29000091552734375 65.93000030517578125 65.87999725341796875 65.9199981689453125 65.79000091552734375 65.660003662109375 65.40000152587890625 65.1999969482421875 64.98999786376953125 64.93000030517578125 64.8600006103515625 64.06999969482421875 63.68000030517578125 64.1100006103515625 64.29000091552734375 64.45999908447265625 64.55999755859375 64.44000244140625 64.44000244140625 64.720001220703125 65.06999969482421875 65.25 65.3600006103515625 65.51999664306640625 65.65000152587890625 65.81999969482421875 65.98999786376953125 66.1399993896484375 66.51000213623046875 66.73999786376953125 66.95999908447265625 67.339996337890625 67.65000152587890625 67.81999969482421875 68.1399993896484375 68.45999908447265625 68.70999908447265625 68.970001220703125 69.34999847412109375 69.48999786376953125 69.910003662109375
66.51999664306640625 66.40000152587890625 66.40000152587890625 66.1699981689453125 66.05999755859375 65.98999786376953125 65.8000030517578125 65.589996337890625 65.48000335693359375 65.529998779296875 65.9199981689453125 65.0500030517578125 64.20999908447265625 64.0500030517578125 64.43000030517578125 64.44000244140625 64.3899993896484375 64.8899993896484375 64.75 64.6399993896484375 64.98000335693359375 65.20999908447265625 65.40000152587890625 65.51000213623046875 65.65000152587890625 65.75 65.8899993896484375 66.089996337890625 66.220001220703125 66.54000091552734375 66.910003662109375 67.48000335693359375 67.37000274658203125 67.6699981689453125 67.910003662109375 68.1999969482421875 68.3300018310546875 69.01999664306640625 69.04000091552734375 69.45999908447265625 69.62999725341796875 69.98999786376953125
66.62999725341796875 66.6399993896484375 66.59999847412109375 66.4199981689453125 66.29000091552734375 66.25 65.93000030517578125 65.8300018310546875 65.839996337890625 65.90000152587890625 65.720001220703125 65.01999664306640625 64.20999908447265625 64.43000030517578125 64.6999969482421875 64.62000274658203125 64.529998779296875 64.56999969482421875 65 65.0500030517578125 65.23999786376953125 65.339996337890625 65.5 65.589996337890625 65.779998779296875 65.80999755859375 65.970001220703125 66.15000152587890625 66.37000274658203125 66.65000152587890625 67.01999664306640625 67.23000335693359375 67.51000213623046875 67.720001220703125 67.9499969482421875 68.3300018310546875 68.69000244140625 68.95999908447265625 69.160003662109375 69.589996337890625 69.76999664306640625 70.25
67.06999969482421875 66.8000030517578125 66.910003662109375 66.970001220703125 66.8600006103515625 66.37999725341796875 66.06999969482421875 66.089996337890625 66.30999755859375 65.839996337890625 65.4199981689453125 64.6100006103515625 64.40000152587890625 64.95999908447265625 65.0500030517578125 64.93000030517578125 64.76999664306640625 64.4499969482421875 65 65.15000152587890625 65.339996337890625 65.470001220703125 65.68000030517578125 65.8300018310546875 66.01000213623046875 66.089996337890625 66.23999786376953125 66.3300018310546875 66.6399993896484375 66.8300018310546875 67.1100006103515625 67.26000213623046875 67.589996337890625 67.76999664306640625 68.09999847412109375 68.3899993896484375 68.720001220703125 69.06999969482421875 69.26000213623046875 69.68000030517578125 69.8600006103515625 70.37000274658203125
67.160003662109375 66.8600006103515625 67.15000152587890625 67.18000030517578125 66.9499969482421875 66.3000030517578125 66.23000335693359375 66.45999908447265625 66.1399993896484375 65.589996337890625 64.9199981689453125 64.56999969482421875 64.79000091552734375 65.34999847412109375 65.23999786376953125 65.20999908447265625 65.01000213623046875 64.73000335693359375 65.1999969482421875 65.339996337890625 65.44000244140625 65.55999755859375 65.84999847412109375 66.01999664306640625 66.23999786376953125 66.339996337890625 66.3300018310546875 66.470001220703125 66.79000091552734375 67.0800018310546875 67.34999847412109375 67.529998779296875 67.76999664306640625 68.029998779296875 68.339996337890625 68.589996337890625 68.8600006103515625 69.23000335693359375 69.529998779296875 69.8600006103515625 70.089996337890625 70.4499969482421875
67.339996337890625 67.8300018310546875 67.69000244140625 67 66.589996337890625 66.40000152587890625 66.589996337890625 66.410003662109375 65.95999908447265625 65.20999908447265625 64.87999725341796875 65.0800018310546875 65.75 65.56999969482421875 65.470001220703125 65.48999786376953125 65.23999786376953125 65.089996337890625 65.23999786376953125 65.51000213623046875 65.62999725341796875 65.6999969482421875 66.06999969482421875 66.279998779296875 66.4499969482421875 66.6100006103515625 66.68000030517578125 66.62000274658203125 66.9199981689453125 67.1999969482421875 67.45999908447265625 67.76999664306640625 68.089996337890625 68.3000030517578125 68.48000335693359375 68.839996337890625 69.18000030517578125 69.37999725341796875 69.73999786376953125 69.98000335693359375 70.37000274658203125 70.62999725341796875
67.779998779296875 68.01999664306640625 67.910003662109375 67.15000152587890625 66.69000244140625 66.589996337890625 66.5 66.339996337890625 65.73000335693359375 65.15000152587890625 65.81999969482421875 66.48999786376953125 66.80999755859375 66.51000213623046875 65.94000244140625 65.8300018310546875 65.59999847412109375 65.26999664306640625 65.470001220703125 65.6999969482421875 65.76000213623046875 65.8600006103515625 66.1999969482421875 66.37000274658203125 66.6399993896484375 66.79000091552734375 66.80999755859375 66.93000030517578125 67.09999847412109375 67.3600006103515625 67.62000274658203125 67.98999786376953125 68.3000030517578125 68.56999969482421875 68.81999969482421875 69.1999969482421875 69.44000244140625 69.5 69.839996337890625 70.1699981689453125 70.3899993896484375 70.8000030517578125
67.95999908447265625 68.01000213623046875 67.68000030517578125 67.1699981689453125 66.8600006103515625 66.6100006103515625 66.45999908447265625 66.1999969482421875 65.660003662109375 65.660003662109375 66.51000213623046875 66.9499969482421875 67.1399993896484375 66.62000274658203125 66.59999847412109375 66.1399993896484375 65.76000213623046875 65.5 65.59999847412109375 65.80999755859375 65.95999908447265625 66.0500030517578125 66.410003662109375 66.589996337890625 66.8300018310546875 66.95999908447265625 67.1699981689453125 67.220001220703125 67.339996337890625 67.55999755859375 67.9499969482421875 68.4499969482421875 68.65000152587890625 68.8300018310546875 69.01000213623046875 69.3600006103515625 69.45999908447265625 69.6699981689453125 70.05999755859375 70.23000335693359375 70.470001220703125 70.779998779296875
68 67.76999664306640625 67.3899993896484375 67.1699981689453125 67.0500030517578125 66.6399993896484375 66.5 66.23000335693359375 65.970001220703125 66.30999755859375 66.65000152587890625 66.6999969482421875 66.76000213623046875 66.589996337890625 66.779998779296875 66.279998779296875 65.84999847412109375 65.720001220703125 65.79000091552734375 66.12999725341796875 66.1699981689453125 66.37000274658203125 66.720001220703125 67.06999969482421875 67.54000091552734375 67.37999725341796875 67.26000213623046875 67.51000213623046875 67.59999847412109375 67.9499969482421875 68.4199981689453125 69.1399993896484375 69.089996337890625 68.970001220703125 69.23000335693359375 69.48000335693359375 69.81999969482421875 70.06999969482421875 70.1399993896484375 70.29000091552734375 70.59999847412109375 70.95999908447265625
68.0800018310546875 67.94000244140625 67.48000335693359375 67.20999908447265625 67.089996337890625 66.8600006103515625 66.69000244140625 66.37999725341796875 66.339996337890625 66.4499969482421875 66.529998779296875 66.37999725341796875 66.4199981689453125 66.660003662109375 66.8300018310546875 66.62999725341796875 66.0800018310546875 66.0500030517578125 65.94000244140625 66.15000152587890625 66.30999755859375 66.6399993896484375 66.93000030517578125 67.220001220703125 67.529998779296875 67.56999969482421875 68.09999847412109375 68.18000030517578125 68.06999969482421875 68.3899993896484375 68.69000244140625 68.94000244140625 69.04000091552734375 69.26999664306640625 69.660003662109375 69.839996337890625 70.06999969482421875 70.279998779296875 70.3300018310546875 70.5800018310546875 70.8000030517578125 71.34999847412109375
