wildfire/work/fuelmodels/1937/ahn1.asc
ncols        432
nrows        229
xllcorner    191480.000000000000
yllcorner    461505.000000000000
cellsize     5.000000000000
NODATA_value   -999
[rows 171 to 189 of 229, columns 252 to 293 of 432]
57.65000152587890625 57.689998626708984375 57.619998931884765625 57.520000457763671875 57.560001373291015625 57.770000457763671875 57.84999847412109375 58.020000457763671875 58.009998321533203125 58.1399993896484375 57.70999908447265625 57.509998321533203125 57.56999969482421875 57.68000030517578125 57.779998779296875 58.04000091552734375 57.9199981689453125 58.229999542236328125 58.45999908447265625 58.54000091552734375 58.799999237060546875 58.9199981689453125 59.029998779296875 59.09999847412109375 59.060001373291015625 59.15000152587890625 59.4199981689453125 59.20999908447265625 59.3899993896484375 59.59999847412109375 59.909999847412109375 59.950000762939453125 59.9199981689453125 59.909999847412109375 60.0800018310546875 59.990001678466796875 60.31999969482421875 60.6100006103515625 60.700000762939453125 60.950000762939453125 61.369998931884765625 61.619998931884765625
57.59999847412109375 57.630001068115234375 57.439998626708984375 57.659999847412109375 57.75 57.779998779296875 57.8899993896484375 57.93000030517578125 57.9199981689453125 57.799999237060546875 57.81999969482421875 57.950000762939453125 58.060001373291015625 58.060001373291015625 58.29000091552734375 58.31999969482421875 58.310001373291015625 58.45999908447265625 58.869998931884765625 58.970001220703125 59.060001373291015625 59.3600006103515625 59.369998931884765625 59.479999542236328125 59.759998321533203125 59.619998931884765625 60.299999237060546875 60.43000030517578125 60.1699981689453125 60.240001678466796875 60.3600006103515625 60.380001068115234375 60.4199981689453125 60.6100006103515625 60.6699981689453125 60.799999237060546875 60.84999847412109375 61.130001068115234375 61.3300018310546875 61.59999847412109375 61.950000762939453125 62.0800018310546875
57.81999969482421875 57.81999969482421875 57.70999908447265625 57.799999237060546875 58.200000762939453125 58.060001373291015625 58.130001068115234375 58.0800018310546875 58.009998321533203125 58.119998931884765625 58.09999847412109375 58.229999542236328125 58.4199981689453125 58.6699981689453125 58.740001678466796875 58.909999847412109375 58.799999237060546875 58.79000091552734375 58.979999542236328125 59.369998931884765625 59.45999908447265625 59.490001678466796875 59.6399993896484375 59.990001678466796875 60.090000152587890625 60.369998931884765625 60.529998779296875 60.59999847412109375 60.3899993896484375 60.689998626708984375 60.700000762939453125 60.950000762939453125 60.950000762939453125 61.04000091552734375 61.1699981689453125 61.529998779296875 61.509998321533203125 61.5800018310546875 61.90000152587890625 62 62.31999969482421875 62.54000091552734375
57.909999847412109375 58.009998321533203125 58.060001373291015625 58.240001678466796875 58.279998779296875 58.5800018310546875 58.409999847412109375 58.3600006103515625 58.31999969482421875 58.549999237060546875 58.65000152587890625 58.689998626708984375 58.81999969482421875 58.81999969482421875 59.090000152587890625 59.15000152587890625 59.259998321533203125 59.4199981689453125 59.490001678466796875 59.68000030517578125 59.8600006103515625 59.8899993896484375 60.15000152587890625 60.31999969482421875 60.630001068115234375 60.79000091552734375 60.8300018310546875 60.93000030517578125 60.95999908447265625 61.060001373291015625 61.119998931884765625 61.560001373291015625 61.65000152587890625 61.740001678466796875 61.81999969482421875 61.95999908447265625 61.8300018310546875 62.200000762939453125 62.490001678466796875 62.529998779296875 62.81999969482421875 63.340000152587890625
58.310001373291015625 58.40000152587890625 58.43000030517578125 58.490001678466796875 58.509998321533203125 58.529998779296875 58.8300018310546875 58.740001678466796875 59.06999969482421875 58.799999237060546875 59.15000152587890625 59.240001678466796875 59.270000457763671875 59.1699981689453125 59.4199981689453125 59.619998931884765625 59.759998321533203125 59.939998626708984375 60.04000091552734375 60.06999969482421875 60.159999847412109375 60.279998779296875 60.45999908447265625 60.799999237060546875 61.020000457763671875 61.189998626708984375 61.43000030517578125 61.40000152587890625 61.549999237060546875 61.740001678466796875 61.869998931884765625 61.840000152587890625 62.1100006103515625 62.18000030517578125 62.299999237060546875 62.43000030517578125 62.590000152587890625 62.95999908447265625 63.200000762939453125 63.3300018310546875 63.479999542236328125 63.689998626708984375
58.470001220703125 58.56999969482421875 58.56999969482421875 58.759998321533203125 58.779998779296875 58.799999237060546875 59.15000152587890625 59.130001068115234375 59.619998931884765625 60.25 60.68000030517578125 59.75 59.59999847412109375 59.68000030517578125 59.75 59.939998626708984375 59.9199981689453125 60.240001678466796875 60.340000152587890625 60.220001220703125 60.5800018310546875 60.75 60.909999847412109375 61.18000030517578125 61.340000152587890625 61.6399993896484375 61.779998779296875 62.18000030517578125 62.1100006103515625 62.119998931884765625 62.25 62.31999969482421875 62.659999847412109375 62.759998321533203125 62.95999908447265625 62.93000030517578125 63.130001068115234375 63.509998321533203125 63.799999237060546875 63.869998931884765625 63.990001678466796875 64.1999969482421875
58.770000457763671875 58.689998626708984375 59.220001220703125 59.869998931884765625 59.529998779296875 59.59999847412109375 59.5800018310546875 60.29000091552734375 59.759998321533203125 60.470001220703125 60.3600006103515625 60.0800018310546875 60 60.090000152587890625 60.189998626708984375 60.220001220703125 60.3300018310546875 60.3899993896484375 60.630001068115234375 60.799999237060546875 61.009998321533203125 61.18000030517578125 61.560001373291015625 61.700000762939453125 62.520000457763671875 62.8300018310546875 62.479999542236328125 62.630001068115234375 62.65000152587890625 62.720001220703125 63.04000091552734375 63.029998779296875 63.3600006103515625 63.43000030517578125 63.43000030517578125 63.590000152587890625 63.759998321533203125 63.68000030517578125 64 64.29000091552734375 64.43000030517578125 64.5
59.1699981689453125 59.409999847412109375 59.529998779296875 60.060001373291015625 59.9199981689453125 59.9199981689453125 60.06999969482421875 60.270000457763671875 60.04000091552734375 60.229999542236328125 60.189998626708984375 60.3899993896484375 60.369998931884765625 60.619998931884765625 60.59999847412109375 60.529998779296875 60.65000152587890625 60.9199981689453125 61.119998931884765625 61.29000091552734375 61.509998321533203125 61.79000091552734375 62.020000457763671875 62.380001068115234375 62.9199981689453125 63.4199981689453125 62.970001220703125 63.1100006103515625 63.18000030517578125 63.3600006103515625 63.470001220703125 63.630001068115234375 63.81999969482421875 63.8300018310546875 63.939998626708984375 64.25 64.55999755859375 64.6699981689453125 64.6100006103515625 64.70999908447265625 65.01000213623046875 64.95999908447265625
59.90000152587890625 60.130001068115234375 60.1399993896484375 60.200000762939453125 60.259998321533203125 60.25 60.6100006103515625 60.56999969482421875 60.450000762939453125 60.479999542236328125 60.700000762939453125 60.770000457763671875 61.009998321533203125 61.060001373291015625 60.950000762939453125 60.8899993896484375 61.18000030517578125 61.409999847412109375 61.630001068115234375 61.9199981689453125 62.020000457763671875 61.9199981689453125 62.520000457763671875 62.81999969482421875 63.18000030517578125 63.3300018310546875 63.520000457763671875 63.720001220703125 63.759998321533203125 64 64.0800018310546875 64.19000244140625 64.410003662109375 64.529998779296875 64.80999755859375 64.73000335693359375 64.98000335693359375 65.05999755859375 65.160003662109375 65.339996337890625 65.55999755859375 65.69000244140625
60.1699981689453125 60.259998321533203125 60.450000762939453125 60.59999847412109375 60.630001068115234375 61.3899993896484375 60.990001678466796875 60.93000030517578125 61.029998779296875 60.9199981689453125 61.009998321533203125 61.009998321533203125 61.020000457763671875 61.369998931884765625 61.45999908447265625 61.529998779296875 61.759998321533203125 61.939998626708984375 62.6100006103515625 62.310001373291015625 62.3600006103515625 62.79000091552734375 62.970001220703125 63.479999542236328125 63.779998779296875 64.01000213623046875 64.029998779296875 64.19000244140625 64.339996337890625 64.51000213623046875 64.6399993896484375 64.98000335693359375 65.1100006103515625 65 65.30999755859375 65.18000030517578125 65.69000244140625 65.81999969482421875 65.76000213623046875 65.970001220703125 66.20999908447265625 66.160003662109375
60.509998321533203125 60.759998321533203125 60.840000152587890625 60.939998626708984375 61.119998931884765625 61.270000457763671875 61.1399993896484375 61.529998779296875 61.5 61.310001373291015625 61.31999969482421875 61.3600006103515625 61.29000091552734375 61.450000762939453125 61.759998321533203125 61.8600006103515625 62.159999847412109375 62.700000762939453125 63.060001373291015625 62.9199981689453125 63.240001678466796875 63.520000457763671875 63.799999237060546875 63.93000030517578125 64.220001220703125 64.6100006103515625 64.68000030517578125 64.70999908447265625 65.529998779296875 65.160003662109375 65.26000213623046875 65.48000335693359375 65.81999969482421875 65.79000091552734375 65.69000244140625 65.68000030517578125 66.05999755859375 66.31999969482421875 66.26999664306640625 66.339996337890625 66.43000030517578125 66.59999847412109375
60.880001068115234375 61.240001678466796875 61.270000457763671875 61.3300018310546875 61.380001068115234375 61.520000457763671875 61.720001220703125 61.779998779296875 61.770000457763671875 61.659999847412109375 61.810001373291015625 61.799999237060546875 61.909999847412109375 61.979999542236328125 62.090000152587890625 62.5800018310546875 62.5800018310546875 62.8300018310546875 62.93000030517578125 63.509998321533203125 63.93000030517578125 64.1999969482421875 64.44000244140625 64.4199981689453125 64.65000152587890625 64.93000030517578125 65.18000030517578125 65.44000244140625 65.43000030517578125 65.87000274658203125 66.23999786376953125 66.04000091552734375 66.44000244140625 66.410003662109375 66.410003662109375 66.470001220703125 66.8600006103515625 66.6999969482421875 66.8600006103515625 66.9199981689453125 66.80999755859375 66.910003662109375
61.4199981689453125 61.479999542236328125 61.450000762939453125 61.560001373291015625 61.740001678466796875 61.8600006103515625 62.020000457763671875 62 62.090000152587890625 62.240001678466796875 62.15000152587890625 62.240001678466796875 62.3300018310546875 62.3300018310546875 62.470001220703125 62.659999847412109375 63.04000091552734375 63.1399993896484375 63.590000152587890625 63.970001220703125 64.65000152587890625 65 65.26999664306640625 65.5800018310546875 65.5 65.5800018310546875 65.76000213623046875 65.81999969482421875 66.04000091552734375 66.51000213623046875 66.51000213623046875 66.5800018310546875 66.910003662109375 67.01999664306640625 66.93000030517578125 67.3000030517578125 67.26000213623046875 67.45999908447265625 67.4199981689453125 67.37000274658203125 67.29000091552734375 67.19000244140625
61.369998931884765625 61.659999847412109375 61.759998321533203125 61.70999908447265625 61.970001220703125 62.029998779296875 62.65000152587890625 62.529998779296875 62.520000457763671875 62.6699981689453125 62.509998321533203125 62.8300018310546875 62.8600006103515625 62.81999969482421875 62.939998626708984375 63.279998779296875 63.560001373291015625 63.79000091552734375 64.1999969482421875 64.59999847412109375 65.04000091552734375 65.6399993896484375 65.98000335693359375 66.01999664306640625 65.9199981689453125 66.20999908447265625 66.26999664306640625 66.589996337890625 66.73000335693359375 66.90000152587890625 67.1399993896484375 67.19000244140625 67.4499969482421875 67.87999725341796875 67.62000274658203125 67.720001220703125 67.69000244140625 67.9199981689453125 67.98999786376953125 67.93000030517578125 67.87999725341796875 67.76999664306640625
62.1699981689453125 61.95999908447265625 62.009998321533203125 62.369998931884765625 62.340000152587890625 62.45999908447265625 62.56999969482421875 62.68000030517578125 63.119998931884765625 63.029998779296875 63.060001373291015625 63.25 63.340000152587890625 63.369998931884765625 63.439998626708984375 63.65000152587890625 63.90000152587890625 64.37999725341796875 64.80999755859375 65.3000030517578125 65.9199981689453125 66.1699981689453125 66.6100006103515625 66.59999847412109375 66.5 66.62000274658203125 66.98000335693359375 67.01999664306640625 67.26000213623046875 67.51999664306640625 67.62999725341796875 67.76999664306640625 67.98000335693359375 68.1399993896484375 68.05999755859375 68.1100006103515625 68.220001220703125 68.660003662109375 68.25 68.410003662109375 68.43000030517578125 68.48000335693359375
62.130001068115234375 62.31999969482421875 62.439998626708984375 63.090000152587890625 63.59999847412109375 62.90000152587890625 62.8899993896484375 63 63.3899993896484375 63.5800018310546875 63.6699981689453125 63.560001373291015625 63.729999542236328125 63.8300018310546875 63.840000152587890625 64.160003662109375 64.4499969482421875 64.87999725341796875 65.40000152587890625 65.81999969482421875 66.23000335693359375 66.87000274658203125 67.089996337890625 67.089996337890625 67.1999969482421875 67.529998779296875 67.470001220703125 67.779998779296875 67.73999786376953125 68.23000335693359375 68.48000335693359375 68.51000213623046875 68.37999725341796875 68.79000091552734375 68.56999969482421875 68.48999786376953125 68.6399993896484375 68.660003662109375 68.660003662109375 68.55999755859375 68.68000030517578125 68.59999847412109375
62.560001373291015625 63.1100006103515625 63.3300018310546875 63.09999847412109375 63.0800018310546875 63.479999542236328125 63.229999542236328125 63.659999847412109375 63.6100006103515625 64.01000213623046875 64.15000152587890625 64.029998779296875 64.45999908447265625 64.48999786376953125 64.34999847412109375 64.589996337890625 64.80999755859375 65.51000213623046875 65.98000335693359375 66.68000030517578125 67 67.279998779296875 67.51999664306640625 67.839996337890625 67.8300018310546875 67.95999908447265625 68.01999664306640625 68.40000152587890625 68.30999755859375 68.55999755859375 68.9199981689453125 68.8300018310546875 69.0800018310546875 69.12999725341796875 68.8600006103515625 68.84999847412109375 68.90000152587890625 69.18000030517578125 69.1999969482421875 68.9499969482421875 69.01000213623046875 68.8600006103515625
63.1399993896484375 63.6100006103515625 63.75 63.270000457763671875 63.270000457763671875 63.470001220703125 63.70999908447265625 63.810001373291015625 64.26000213623046875 64.48999786376953125 64.51000213623046875 64.6100006103515625 64.79000091552734375 65.04000091552734375 64.8600006103515625 65.1399993896484375 65.40000152587890625 65.8000030517578125 66.55999755859375 67.1100006103515625 67.410003662109375 67.87000274658203125 68.12000274658203125 68.23000335693359375 68.410003662109375 68.40000152587890625 68.720001220703125 68.720001220703125 69.23999786376953125 69.76000213623046875 69.6399993896484375 69.660003662109375 69.70999908447265625 69.65000152587890625 69.45999908447265625 69.37000274658203125 69.12000274658203125 69.62000274658203125 69.55999755859375 69.4499969482421875 69.37999725341796875 69.089996337890625
63.15000152587890625 63.3600006103515625 63.56999969482421875 63.529998779296875 63.529998779296875 63.909999847412109375 64.089996337890625 64.3600006103515625 64.779998779296875 64.910003662109375 65.160003662109375 65.30999755859375 65.23999786376953125 65.529998779296875 65.5 65.660003662109375 65.94000244140625 66.339996337890625 66.9199981689453125 67.62999725341796875 68.12000274658203125 68.26999664306640625 68.720001220703125 68.8300018310546875 68.98999786376953125 69.1100006103515625 69.1399993896484375 69.51000213623046875 69.87000274658203125 69.76000213623046875 69.75 70.3300018310546875 70.51999664306640625 70.3000030517578125 70.0500030517578125 69.970001220703125 70 69.94000244140625 69.90000152587890625 69.76999664306640625 69.76999664306640625 69.589996337890625
