wildfire/work/fuelmodels/1937/ahn1.asc
ncols        432
nrows        229
xllcorner    191480.000000000000
yllcorner    461505.000000000000
cellsize     5.000000000000
NODATA_value   -999
[rows 152 to 170 of 229, columns 42 to 83 of 432]
84.65000152587890625 84.6399993896484375 84.59999847412109375 84.48999786376953125 84.3300018310546875 84.15000152587890625 84.09999847412109375 83.98999786376953125 83.8899993896484375 83.95999908447265625 83.8600006103515625 83.6699981689453125 83.5500030517578125 83.59999847412109375 83.54000091552734375 83.45999908447265625 83.37000274658203125 83.26000213623046875 83.1100006103515625 83.15000152587890625 83.01000213623046875 82.68000030517578125 82.59999847412109375 82.410003662109375 82.26000213623046875 82.15000152587890625 82.04000091552734375 81.9199981689453125 81.8600006103515625 81.76999664306640625 81.48999786376953125 81.20999908447265625 81.1100006103515625 80.95999908447265625 80.6999969482421875 80.59999847412109375 80.3600006103515625 80.31999969482421875 79.95999908447265625 79.970001220703125 79.98000335693359375 79.8300018310546875
84.87000274658203125 84.73000335693359375 84.6999969482421875 84.5800018310546875 84.3899993896484375 84.220001220703125 84.1699981689453125 84.089996337890625 84.1699981689453125 84.1999969482421875 83.910003662109375 83.8300018310546875 83.73000335693359375 83.6399993896484375 83.51999664306640625 83.56999969482421875 83.529998779296875 83.37000274658203125 83.26999664306640625 83.29000091552734375 82.94000244140625 82.660003662109375 82.5800018310546875 82.54000091552734375 82.529998779296875 82.3600006103515625 82.29000091552734375 81.9199981689453125 82.1100006103515625 81.779998779296875 81.59999847412109375 81.3600006103515625 81.23000335693359375 81.0500030517578125 80.87000274658203125 80.54000091552734375 80.4199981689453125 80.29000091552734375 80.09999847412109375 80.01000213623046875 79.839996337890625 79.87999725341796875
84.75 84.75 84.59999847412109375 84.62000274658203125 84.37000274658203125 84.25 84.19000244140625 84.26999664306640625 84.15000152587890625 84.01000213623046875 84.0500030517578125 83.90000152587890625 83.79000091552734375 83.68000030517578125 83.59999847412109375 83.5500030517578125 83.529998779296875 83.31999969482421875 83.25 83.31999969482421875 82.8300018310546875 82.529998779296875 82.5800018310546875 82.970001220703125 82.779998779296875 82.3899993896484375 82.37000274658203125 82.20999908447265625 82.1699981689453125 81.839996337890625 81.54000091552734375 81.3000030517578125 81.18000030517578125 81.01000213623046875 80.80999755859375 80.6100006103515625 80.5800018310546875 80.5500030517578125 80.51000213623046875 80.05999755859375 79.9499969482421875 79.95999908447265625
84.68000030517578125 84.5800018310546875 84.69000244140625 84.5800018310546875 84.48999786376953125 84.31999969482421875 84.20999908447265625 84.04000091552734375 84.01000213623046875 83.87999725341796875 83.8300018310546875 83.779998779296875 83.62000274658203125 83.529998779296875 83.75 83.56999969482421875 83.410003662109375 83.279998779296875 83.04000091552734375 82.87000274658203125 82.6999969482421875 82.6100006103515625 82.69000244140625 82.81999969482421875 82.84999847412109375 82.720001220703125 82.62000274658203125 82.40000152587890625 82.12000274658203125 81.839996337890625 81.589996337890625 81.18000030517578125 81.0500030517578125 81.04000091552734375 80.65000152587890625 80.73999786376953125 80.59999847412109375 80.410003662109375 80.279998779296875 80.05999755859375 80.0800018310546875 79.779998779296875
84.79000091552734375 84.779998779296875 84.69000244140625 84.55999755859375 84.62999725341796875 84.4499969482421875 84.15000152587890625 84.23999786376953125 84.1999969482421875 83.93000030517578125 83.98999786376953125 83.75 83.470001220703125 83.5800018310546875 83.31999969482421875 83.4499969482421875 83.3300018310546875 83.1100006103515625 82.95999908447265625 82.87000274658203125 82.65000152587890625 82.87999725341796875 82.62999725341796875 82.65000152587890625 82.75 82.6399993896484375 82.68000030517578125 82.3899993896484375 82.1100006103515625 81.94000244140625 81.5800018310546875 81.34999847412109375 81.18000030517578125 80.93000030517578125 80.68000030517578125 80.589996337890625 80.5 80.45999908447265625 80.1699981689453125 80.1399993896484375 80.06999969482421875 79.93000030517578125
84.65000152587890625 84.65000152587890625 84.73000335693359375 84.62999725341796875 84.54000091552734375 84.31999969482421875 84.279998779296875 84.20999908447265625 84.0800018310546875 83.8000030517578125 83.76999664306640625 83.68000030517578125 83.6699981689453125 83.62000274658203125 83.62000274658203125 83.5 83.26999664306640625 82.9199981689453125 82.9199981689453125 83.01000213623046875 83 82.79000091552734375 82.65000152587890625 82.51000213623046875 82.43000030517578125 82.56999969482421875 82.48999786376953125 82.339996337890625 82.23999786376953125 81.98000335693359375 81.839996337890625 81.3899993896484375 81.12000274658203125 80.95999908447265625 80.76999664306640625 80.56999969482421875 80.589996337890625 80.3600006103515625 80.1699981689453125 79.98999786376953125 80.01999664306640625 79.8000030517578125
84.6399993896484375 84.54000091552734375 84.69000244140625 84.59999847412109375 84.51000213623046875 84.4499969482421875 84.15000152587890625 84.15000152587890625 83.9499969482421875 84.029998779296875 83.80999755859375 83.6699981689453125 83.48000335693359375 83.470001220703125 83.62999725341796875 83.6100006103515625 83.1999969482421875 83.09999847412109375 82.94000244140625 83.12000274658203125 83.0500030517578125 82.6999969482421875 82.6399993896484375 82.55999755859375 82.37999725341796875 82.5800018310546875 82.44000244140625 82.1699981689453125 82.3000030517578125 81.95999908447265625 81.73999786376953125 81.37999725341796875 81 80.79000091552734375 80.69000244140625 80.5500030517578125 80.70999908447265625 80.339996337890625 80.1699981689453125 80.089996337890625 79.87999725341796875 79.6399993896484375
84.6399993896484375 84.529998779296875 84.54000091552734375 84.68000030517578125 84.68000030517578125 84.3000030517578125 84.3000030517578125 84.279998779296875 84.23000335693359375 83.80999755859375 83.68000030517578125 83.62999725341796875 83.589996337890625 83.65000152587890625 83.59999847412109375 83.1999969482421875 83.09999847412109375 83.05999755859375 83.09999847412109375 82.9199981689453125 83.1100006103515625 83 82.9199981689453125 82.6100006103515625 82.65000152587890625 82.3899993896484375 82.29000091552734375 82.0800018310546875 82.029998779296875 81.8300018310546875 81.51000213623046875 81.09999847412109375 81.01999664306640625 81.19000244140625 80.73000335693359375 80.76999664306640625 80.5800018310546875 80.44000244140625 80.30999755859375 80.01999664306640625 79.6699981689453125 79.59999847412109375
84.65000152587890625 84.62999725341796875 84.79000091552734375 84.51000213623046875 84.5500030517578125 84.4499969482421875 84.25 84.26999664306640625 84.23999786376953125 83.8600006103515625 83.65000152587890625 83.59999847412109375 83.589996337890625 83.54000091552734375 83.44000244140625 83.25 83.12000274658203125 83.15000152587890625 83.1399993896484375 83.06999969482421875 82.98999786376953125 83.01999664306640625 83.089996337890625 82.69000244140625 82.55999755859375 82.30999755859375 82.09999847412109375 82.12999725341796875 82.12000274658203125 81.720001220703125 81.51999664306640625 81.1399993896484375 81.029998779296875 80.970001220703125 80.98999786376953125 80.62999725341796875 80.720001220703125 80.3899993896484375 80.18000030517578125 79.80999755859375 79.8000030517578125 79.8000030517578125
84.8300018310546875 84.6100006103515625 84.660003662109375 84.90000152587890625 84.5500030517578125 84.4199981689453125 84.20999908447265625 84.15000152587890625 84.1399993896484375 83.8600006103515625 83.76000213623046875 83.6999969482421875 83.5800018310546875 83.6100006103515625 83.3600006103515625 83.05999755859375 82.98000335693359375 83.220001220703125 82.970001220703125 82.84999847412109375 82.68000030517578125 82.76000213623046875 82.839996337890625 82.589996337890625 82.55999755859375 82.23000335693359375 82.15000152587890625 82.06999969482421875 82.01999664306640625 81.839996337890625 81.3000030517578125 81.1100006103515625 80.98000335693359375 81 80.98000335693359375 80.910003662109375 80.5 80.37000274658203125 80.20999908447265625 79.839996337890625 79.529998779296875 79.87000274658203125
84.839996337890625 84.75 84.68000030517578125 84.54000091552734375 84.529998779296875 84.43000030517578125 84.279998779296875 83.65000152587890625 84 84.04000091552734375 83.76999664306640625 83.62000274658203125 83.73000335693359375 83.54000091552734375 83.51999664306640625 83.1999969482421875 83.05999755859375 83.05999755859375 82.90000152587890625 82.87999725341796875 82.70999908447265625 82.76000213623046875 82.5800018310546875 82.279998779296875 82.18000030517578125 82.05999755859375 81.970001220703125 82.01000213623046875 81.98999786376953125 81.76999664306640625 81.339996337890625 81.15000152587890625 81.029998779296875 80.98999786376953125 81 80.8000030517578125 80.6399993896484375 80.26999664306640625 80.12999725341796875 79.93000030517578125 79.9199981689453125 79.69000244140625
84.9499969482421875 84.6399993896484375 84.48999786376953125 84.56999969482421875 84.44000244140625 84.5 84.3000030517578125 84.19000244140625 83.76999664306640625 83.8600006103515625 83.81999969482421875 83.76000213623046875 83.62000274658203125 83.44000244140625 83.40000152587890625 83.15000152587890625 83.04000091552734375 82.8899993896484375 82.93000030517578125 82.81999969482421875 82.8300018310546875 82.529998779296875 82.48999786376953125 82.3600006103515625 82.089996337890625 81.970001220703125 81.95999908447265625 81.910003662109375 81.76000213623046875 81.68000030517578125 81.470001220703125 81.160003662109375 80.98999786376953125 81.029998779296875 80.8600006103515625 80.73999786376953125 80.5800018310546875 80.4499969482421875 80.37000274658203125 79.98000335693359375 79.87000274658203125 79.8000030517578125
84.8600006103515625 84.87999725341796875 84.6399993896484375 84.5 84.4199981689453125 84.37999725341796875 84.31999969482421875 84.29000091552734375 84 83.8300018310546875 83.6999969482421875 83.73000335693359375 83.6100006103515625 83.470001220703125 83.410003662109375 83.20999908447265625 83.029998779296875 82.8300018310546875 82.970001220703125 82.8899993896484375 82.720001220703125 82.5800018310546875 82.62000274658203125 82.1999969482421875 82.18000030517578125 82 82.06999969482421875 81.779998779296875 81.6699981689453125 81.589996337890625 81.48000335693359375 81.23999786376953125 81.05999755859375 81 80.84999847412109375 80.8300018310546875 80.59999847412109375 80.55999755859375 80.34999847412109375 80.160003662109375 80.05999755859375 79.94000244140625
84.75 84.720001220703125 84.73999786376953125 84.69000244140625 84.44000244140625 84.589996337890625 84.1999969482421875 84.12000274658203125 84.0500030517578125 83.93000030517578125 83.8600006103515625 83.79000091552734375 83.51000213623046875 83.43000030517578125 83.31999969482421875 83.18000030517578125 83.01000213623046875 83.029998779296875 82.98000335693359375 82.720001220703125 82.55999755859375 82.529998779296875 82.40000152587890625 82.0500030517578125 82.01000213623046875 81.8899993896484375 81.75 81.80999755859375 81.5800018310546875 81.62000274658203125 81.470001220703125 81.26999664306640625 81.12000274658203125 80.98999786376953125 81.01000213623046875 80.98999786376953125 80.8000030517578125 80.70999908447265625 80.51000213623046875 80.3899993896484375 80.12000274658203125 79.98000335693359375
84.84999847412109375 84.84999847412109375 84.62999725341796875 84.68000030517578125 84.37999725341796875 84.43000030517578125 84.3300018310546875 84.26000213623046875 84.06999969482421875 83.84999847412109375 83.6699981689453125 83.68000030517578125 83.55999755859375 83.5 83.40000152587890625 83.3300018310546875 83.1399993896484375 83.029998779296875 82.9199981689453125 82.87999725341796875 82.6999969482421875 82.589996337890625 82.339996337890625 82.12999725341796875 82.09999847412109375 82.089996337890625 81.98000335693359375 81.910003662109375 81.660003662109375 81.70999908447265625 81.529998779296875 81.40000152587890625 81.30999755859375 81.19000244140625 81.05999755859375 81 80.90000152587890625 80.76999664306640625 80.55999755859375 80.51999664306640625 80.12999725341796875 80
84.81999969482421875 84.779998779296875 84.79000091552734375 84.5 84.51000213623046875 84.31999969482421875 84.410003662109375 84.25 84.1699981689453125 83.98000335693359375 83.51000213623046875 83.65000152587890625 83.660003662109375 83.660003662109375 83.410003662109375 83.339996337890625 83.04000091552734375 83.12999725341796875 82.970001220703125 82.98000335693359375 82.76000213623046875 82.48999786376953125 82.31999969482421875 82.1999969482421875 81.98999786376953125 81.98000335693359375 81.910003662109375 81.720001220703125 81.6999969482421875 81.6999969482421875 81.720001220703125 81.529998779296875 81.529998779296875 81.4199981689453125 81.31999969482421875 80.910003662109375 80.94000244140625 80.76000213623046875 80.73000335693359375 80.62999725341796875 80.5 80.12999725341796875
84.94000244140625 84.76999664306640625 84.69000244140625 84.62000274658203125 84.51000213623046875 84.37000274658203125 84.410003662109375 84.06999969482421875 84.15000152587890625 83.9199981689453125 83.839996337890625 83.76000213623046875 83.76999664306640625 83.65000152587890625 83.55999755859375 83.23999786376953125 83.06999969482421875 83.029998779296875 82.73000335693359375 82.9499969482421875 82.73000335693359375 82.5800018310546875 82.51999664306640625 82.26999664306640625 82.0500030517578125 81.95999908447265625 81.8300018310546875 81.73000335693359375 81.69000244140625 81.73000335693359375 81.81999969482421875 81.76999664306640625 81.6699981689453125 81.54000091552734375 81.40000152587890625 81.19000244140625 80.79000091552734375 80.910003662109375 80.76000213623046875 80.6399993896484375 80.55999755859375 80.220001220703125
84.839996337890625 84.8600006103515625 84.839996337890625 84.48000335693359375 84.4499969482421875 84.44000244140625 84.43000030517578125 84.26000213623046875 84.06999969482421875 84.089996337890625 83.8600006103515625 83.87000274658203125 83.6699981689453125 83.59999847412109375 83.51999664306640625 83.29000091552734375 82.98999786376953125 82.94000244140625 82.98000335693359375 82.80999755859375 82.660003662109375 82.48999786376953125 82.48000335693359375 82.4199981689453125 82.1699981689453125 82 81.87999725341796875 81.93000030517578125 81.75 81.8300018310546875 81.779998779296875 81.6100006103515625 81.5 81.5 81.48000335693359375 81.23999786376953125 81.12999725341796875 81.0800018310546875 80.93000030517578125 80.62999725341796875 80.529998779296875 80.34999847412109375
84.9499969482421875 84.90000152587890625 84.79000091552734375 84.73999786376953125 84.54000091552734375 84.48000335693359375 84.3600006103515625 84.48999786376953125 84.4199981689453125 84.01000213623046875 83.94000244140625 83.8899993896484375 83.75 83.5500030517578125 83.410003662109375 83.34999847412109375 83.12999725341796875 83.01000213623046875 82.87999725341796875 82.75 82.65000152587890625 82.48999786376953125 82.5500030517578125 82.26000213623046875 82.51999664306640625 82.15000152587890625 82.029998779296875 81.910003662109375 81.9199981689453125 81.6999969482421875 81.70999908447265625 81.81999969482421875 81.3600006103515625 81.5500030517578125 81.5500030517578125 81.4199981689453125 81.220001220703125 81.09999847412109375 81.01000213623046875 80.8000030517578125 80.51999664306640625 80.5
