wildfire/work/fuelmodels/1937/aspect.asc
ncols        432
nrows        229
xllcorner    191480.000000000000
yllcorner    461505.000000000000
cellsize     5.000000000000
NODATA_value   -999
[rows 0 to 17 of 229, columns 126 to 167 of 432]
0 0 0 0 0 0 0 0 0 0 0 0 0 0 0 0 0 0 0 0 0 0 0 0 0 0 0 0 0 0 0 0 0 0 0 0 0 0 0 0 0 0
6.8747844696044921875 12.002152442932128906 345.734893798828125 351.026275634765625 29.167612075805664062 60.287078857421875 94.95453643798828125 175.3330230712890625 123.3661346435546875 75.65050506591796875 82.7630767822265625 88.2852783203125 69.44415283203125 76.8141326904296875 79.99144744873046875 77.904449462890625 105.66429901123046875 117.20354461669921875 303.502777099609375 1.8477332592010498047 71.08889007568359375 83.65970611572265625 82.00641632080078125 86.18625640869140625 96.84326171875 92.239501953125 89.99979400634765625 83.89713287353515625 86.28447723388671875 105.85144805908203125 115.34564208984375 103.366546630859375 93.91825103759765625 98.97296142578125 131.8199920654296875 149.380859375 272.602447509765625 316.301483154296875 57.61934661865234375 67.6803741455078125 352.56817626953125 291.800689697265625
3.3384354114532470703 6.9853520393371582031 355.814605712890625 356.064453125 42.745166778564453125 70.7957916259765625 70.83020782470703125 72.3780059814453125 144.7279052734375 107.56015777587890625 93.21494293212890625 83.41771697998046875 75.96358489990234375 83.5457916259765625 63.10353851318359375 77.7684783935546875 84.5929412841796875 348.91650390625 301.9765625 87.51020050048828125 102.50658416748046875 105.10097503662109375 93.36652374267578125 85.50978851318359375 87.43646240234375 83.15723419189453125 78.68988800048828125 83.40288543701171875 87.01087188720703125 93.4528961181640625 106.20876312255859375 108.23896026611328125 111.40428924560546875 105.25502777099609375 97.22509765625 341.55987548828125 289.931884765625 311.26800537109375 73.02436065673828125 75.14092254638671875 320.491851806640625 294.408966064453125
3.9575748443603515625 353.289154052734375 1.9093723297119140625 33.604583740234375 86.66585540771484375 98.47971343994140625 91.4248504638671875 85.5441436767578125 105.2541961669921875 123.2751312255859375 96.33983612060546875 80.41656494140625 92.0694732666015625 80.21704864501953125 39.95702362060546875 77.27535247802734375 56.309803009033203125 334.652740478515625 335.194091796875 91.99411773681640625 101.15160369873046875 108.99652099609375 111.80127716064453125 106.31346893310546875 95.8765106201171875 96.2476348876953125 99.46187591552734375 102.17095947265625 95.3255462646484375 90.22827911376953125 88.75487518310546875 92.7853240966796875 102.86243438720703125 113.024261474609375 95.43829345703125 322.593994140625 293.4580078125 316.63494873046875 80.86920166015625 72.89603424072265625 303.146484375 288.068084716796875
204.4414825439453125 290.398651123046875 349.15838623046875 50.95977020263671875 75.513763427734375 87.95456695556640625 94.06354522705078125 92.689544677734375 86.1849517822265625 86.8198699951171875 85.52512359619140625 98.707366943359375 103.4220428466796875 95.94744873046875 77.12566375732421875 65.83327484130859375 4.1539788246154785156 345.81475830078125 46.487499237060546875 90.21250152587890625 96.29645538330078125 104.77127838134765625 108.43454742431640625 109.230194091796875 107.13226318359375 107.73030853271484375 100.138092041015625 91.13820648193359375 86.7602386474609375 86.3379669189453125 92.245361328125 93.17957305908203125 92.689544677734375 108.4340667724609375 164.054840087890625 276.14666748046875 289.653411865234375 340.557403564453125 76.2002105712890625 20.8206329345703125 311.681396484375 298.9217529296875
210.02630615234375 273.51141357421875 323.2689208984375 25.258544921875 45.145717620849609375 53.99840545654296875 62.060089111328125 65.37647247314453125 64.7082977294921875 84.351806640625 97.431243896484375 99.3343505859375 99.3524322509765625 117.09539794921875 129.8057708740234375 64.53719329833984375 344.929901123046875 117.9789581298828125 124.1915130615234375 103.58405303955078125 97.1971588134765625 97.82574462890625 98.41422271728515625 105.03740692138671875 111.6656646728515625 111.6556396484375 104.60132598876953125 97.69631195068359375 91.2454071044921875 89.99979400634765625 95.6857147216796875 98.74582672119140625 89.60456085205078125 32.6924591064453125 3.6745128631591796875 321.2021484375 261.714263916015625 191.310821533203125 75.57881927490234375 335.35223388671875 305.815155029296875 297.931610107421875
228.742462158203125 270.377227783203125 296.325927734375 7.4132990837097167969 34.777706146240234375 50.45599365234375 61.699031829833984375 76.03204345703125 87.27371978759765625 92.36615753173828125 99.90431976318359375 95.8774871826171875 89.66069793701171875 97.9971160888671875 123.68978118896484375 216.02734375 140.7114715576171875 126.253936767578125 131.0548095703125 111.037353515625 105.42192840576171875 110.77199554443359375 108.194091796875 97.907135009765625 99.8510894775390625 109.5103607177734375 112.37969970703125 105.75102996826171875 108.0339508056640625 100.08028411865234375 97.244354248046875 87.0389862060546875 40.865375518798828125 342.265228271484375 10.819416046142578125 41.665737152099609375 249.4434661865234375 238.239166259765625 348.23077392578125 322.4593505859375 295.87176513671875 288.2939453125
237.8284912109375 265.675994873046875 279.439208984375 345.865997314453125 29.492998123168945312 57.6596527099609375 65.09026336669921875 70.189117431640625 85.5243072509765625 77.86801910400390625 74.0541839599609375 88.47222137451171875 97.84156036376953125 93.63278961181640625 8.1293840408325195312 340.67584228515625 43.619251251220703125 71.56488037109375 94.134552001953125 107.709320068359375 106.6064300537109375 107.6495513916015625 100.00814056396484375 89.588134765625 90.62291717529296875 95.79315185546875 105.35027313232421875 102.49208831787109375 104.18402862548828125 98.46108245849609375 93.57590484619140625 86.0807342529296875 357.398040771484375 297.254791259765625 76.29193115234375 86.2271728515625 321.84173583984375 303.550140380859375 328.24017333984375 316.996551513671875 289.7294921875 284.438568115234375
216.7867584228515625 259.202880859375 261.931610107421875 247.3051605224609375 78.02353668212890625 79.728729248046875 80.83744049072265625 78.5051727294921875 55.8636627197265625 45.674068450927734375 63.885799407958984375 78.4757232666015625 88.3628692626953125 59.534038543701171875 332.524749755859375 352.198883056640625 54.637378692626953125 83.77404022216796875 96.2867431640625 99.98150634765625 92.74776458740234375 84.06817626953125 87.0484161376953125 91.291900634765625 82.15853118896484375 75.51837158203125 73.15613555908203125 78.9510650634765625 87.015716552734375 92.55609893798828125 89.44876861572265625 90.78417205810546875 184.3958740234375 195.945343017578125 151.990753173828125 115.93007659912109375 303.17828369140625 290.071197509765625 291.571990966796875 284.898040771484375 277.7393798828125 281.031768798828125
259.1595458984375 254.0110015869140625 237.8334808349609375 211.4030303955078125 163.276947021484375 126.60440826416015625 112.9884033203125 107.0728302001953125 73.811126708984375 38.418773651123046875 66.354461669921875 85.03946685791015625 83.50048828125 339.10162353515625 329.43115234375 42.2407379150390625 99.6884613037109375 106.07328033447265625 98.8000640869140625 92.8624420166015625 87.510772705078125 80.29361724853515625 84.970703125 81.57232666015625 67.66400146484375 64.94197845458984375 55.468952178955078125 72.3113861083984375 87.84670257568359375 94.47901153564453125 85.34642791748046875 62.613311767578125 10.924466133117675781 342.406097412109375 6.5193223953247070312 23.690845489501953125 349.591827392578125 289.915313720703125 288.434814453125 284.53436279296875 279.51556396484375 280.1043701171875
4.5535531044006347656 247.817535400390625 224.5285797119140625 203.359222412109375 164.4212799072265625 142.4077301025390625 127.82352447509765625 115.5939178466796875 152.1985626220703125 144.752044677734375 106.9753570556640625 84.9783477783203125 38.480388641357421875 324.864990234375 343.978363037109375 98.972412109375 113.79441070556640625 114.44342041015625 104.03594970703125 98.0588531494140625 88.6028594970703125 77.95775604248046875 81.33957672119140625 82.95398712158203125 77.592010498046875 73.73915863037109375 73.55877685546875 88.95794677734375 93.052734375 90.58454132080078125 72.69933319091796875 34.624980926513671875 344.41522216796875 327.79132080078125 350.094818115234375 24.003040313720703125 24.444122314453125 355.538604736328125 333.433563232421875 293.748931884765625 282.56695556640625 277.09197998046875
46.1121063232421875 266.985870361328125 217.1331939697265625 189.2140960693359375 161.6374053955078125 136.50714111328125 121.66707611083984375 98.00485992431640625 109.5024261474609375 141.654083251953125 138.105712890625 73.5229949951171875 0.93963503837585449219 340.973480224609375 80.893096923828125 107.70708465576171875 118.06069183349609375 127.72440338134765625 116.6970367431640625 100.25083160400390625 89.56233978271484375 85.23603057861328125 83.97198486328125 87.797149658203125 99.1625823974609375 94.11849212646484375 90.412384033203125 93.44720458984375 91.4165496826171875 82.2496337890625 64.98348236083984375 3.5330827236175537109 321.735321044921875 307.11602783203125 321.13641357421875 38.3900299072265625 45.719203948974609375 12.496325492858886719 7.2364172935485839844 304.764129638671875 285.667388916015625 288.137481689453125
74.74457550048828125 39.9577178955078125 91.97357177734375 130.168853759765625 132.6136932373046875 115.97418212890625 122.863067626953125 112.2174224853515625 92.3532867431640625 94.87932586669921875 97.594696044921875 304.33917236328125 338.126495361328125 65.55562591552734375 109.34821319580078125 106.57391357421875 105.40775299072265625 115.1446990966796875 104.16223907470703125 85.38327789306640625 92.418853759765625 96.91083526611328125 92.86229705810546875 93.42362213134765625 101.30970001220703125 111.476959228515625 112.5368804931640625 103.29059600830078125 96.28636932373046875 82.77490234375 64.9038848876953125 321.76544189453125 304.50787353515625 298.087432861328125 285.09124755859375 86.56610107421875 78.221832275390625 6.9113297462463378906 20.036884307861328125 340.5225830078125 312.866668701171875 309.311126708984375
82.09311676025390625 79.99285888671875 117.59723663330078125 120.963470458984375 119.4754791259765625 118.56549835205078125 131.532012939453125 130.913970947265625 112.0867462158203125 104.91025543212890625 323.740875244140625 295.512847900390625 66.25152587890625 118.19640350341796875 123.4990692138671875 112.97663116455078125 96.0089263916015625 83.089111328125 79.50914764404296875 95.99265289306640625 100.57314300537109375 97.47109222412109375 89.204193115234375 80.0493316650390625 89.24578857421875 104.4812164306640625 113.70217132568359375 106.9656829833984375 101.54640960693359375 82.36670684814453125 16.526824951171875 326.16888427734375 324.2017822265625 318.3333740234375 240.2540740966796875 116.43363189697265625 82.40497589111328125 339.56622314453125 9.5829944610595703125 341.236083984375 316.2445068359375 309.54052734375
95.86972808837890625 106.5180816650390625 128.96697998046875 149.74371337890625 129.805145263671875 114.315185546875 124.5922088623046875 124.93888092041015625 112.02660369873046875 95.527069091796875 303.689178466796875 295.654388427734375 114.35796356201171875 118.2577972412109375 122.10927581787109375 125.9095001220703125 111.80091094970703125 97.25211334228515625 105.64160919189453125 107.38689422607421875 105.60357666015625 81.71314239501953125 72.13422393798828125 78.85683441162109375 92.1666717529296875 98.30988311767578125 100.81362152099609375 93.70047760009765625 76.349853515625 23.35602569580078125 336.16064453125 320.8438720703125 344.1558837890625 14.621024131774902344 28.927310943603515625 73.739715576171875 12.200181007385253906 335.296478271484375 352.207305908203125 316.7353515625 307.934539794921875 304.99127197265625
90.4977264404296875 95.80094146728515625 102.85736846923828125 127.107940673828125 134.3174896240234375 113.4982452392578125 117.8970947265625 130.4259490966796875 109.61208343505859375 351.444061279296875 324.46160888671875 67.713043212890625 109.8120574951171875 108.31827545166015625 108.725372314453125 116.8617095947265625 123.46521759033203125 127.4048309326171875 114.9274749755859375 98.7967376708984375 87.13730621337890625 78.9761962890625 86.478271484375 96.6484832763671875 98.1298065185546875 96.126556396484375 87.87877655029296875 76.130615234375 50.315093994140625 345.962799072265625 324.201629638671875 308.5 349.302520751953125 39.093990325927734375 23.895320892333984375 37.600154876708984375 355.029571533203125 344.94091796875 355.932769775390625 321.0369873046875 310.615814208984375 305.75750732421875
64.98307037353515625 85.76331329345703125 96.73952484130859375 106.16396331787109375 126.02680206298828125 126.25359344482421875 111.9141998291015625 102.80377197265625 29.7454833984375 299.5474853515625 337.066741943359375 110.7718048095703125 119.348236083984375 118.6100311279296875 114.66341400146484375 105.18584442138671875 103.26666259765625 109.0941314697265625 102.78408050537109375 86.0552825927734375 69.4439697265625 81.0982208251953125 93.01262664794921875 97.95713043212890625 101.975616455078125 101.02304840087890625 94.46063995361328125 89.99979400634765625 49.288848876953125 312.19683837890625 320.01702880859375 313.904632568359375 342.596710205078125 46.1234283447265625 38.088512420654296875 26.726963043212890625 348.78887939453125 345.0535888671875 348.24615478515625 328.435760498046875 320.078826904296875 314.49896240234375
73.21732330322265625 89.5658111572265625 93.71512603759765625 93.81398773193359375 107.74401092529296875 127.40477752685546875 111.25012969970703125 32.6924591064453125 337.079742431640625 312.0380859375 110.11251068115234375 113.7493438720703125 120.44849395751953125 125.20749664306640625 131.7289581298828125 105.72467803955078125 93.92980194091796875 93.4332733154296875 87.797149658203125 87.61379241943359375 89.99979400634765625 91.701080322265625 91.82370758056640625 91.71807098388671875 92.53842926025390625 97.0281829833984375 98.97202301025390625 89.9994049072265625 336.54052734375 295.54290771484375 303.689117431640625 316.683013916015625 299.84564208984375 37.19995880126953125 66.8009490966796875 347.274810791015625 319.949615478515625 332.84954833984375 333.49871826171875 330.780029296875 331.3768310546875 332.3697509765625
