wildfire/work/fuelmodels/1937/aspect.asc
ncols        432
nrows        229
xllcorner    191480.000000000000
yllcorner    461505.000000000000
cellsize     5.000000000000
NODATA_value   -999
[rows 54 to 71 of 229, columns 42 to 83 of 432]
152.5067901611328125 149.036041259765625 147.3391265869140625 129.55963134765625 93.94579315185546875 44.999897003173828125 62.52519989013671875 41.63539886474609375 333.886444091796875 319.898101806640625 314.999267578125 320.781280517578125 320.772918701171875 308.324737548828125 314.9998779296875 303.943511962890625 303.475677490234375 327.618560791015625 328.1898193359375 338.681304931640625 340.406890869140625 338.536346435546875 342.724700927734375 356.461639404296875 12.002552032470703125 301.605926513671875 209.5752716064453125 105.06830596923828125 97.2919921875 108.072540283203125 111.3242034912109375 114.0262298583984375 108.0192718505859375 103.09145355224609375 104.69713592529296875 98.59571075439453125 97.48070526123046875 106.735748291015625 103.39221954345703125 105.98624420166015625 137.386138916015625 138.2702178955078125
105.75102996826171875 85.236358642578125 60.422695159912109375 21.193563461303710938 46.101825714111328125 29.92963409423828125 14.619408607482910156 0.83176392316818237305 327.42572021484375 316.788848876953125 312.90411376953125 316.867340087890625 323.568389892578125 305.27154541015625 304.69464111328125 296.199920654296875 301.342010498046875 332.570526123046875 324.751739501953125 332.92742919921875 320.08740234375 320.792022705078125 342.31060791015625 22.4256439208984375 25.533969879150390625 15.001085281372070312 45.000637054443359375 88.574737548828125 89.99979400634765625 103.59476470947265625 109.10297393798828125 116.1139984130859375 113.1984710693359375 104.560272216796875 104.14615631103515625 101.70052337646484375 102.03894805908203125 110.51753997802734375 106.83374786376953125 103.824066162109375 114.5672149658203125 15.641691207885742188
23.599704742431640625 33.690082550048828125 25.512990951538085938 24.2735748291015625 48.50412750244140625 3.6206252574920654297 357.04815673828125 354.400299072265625 344.743804931640625 319.61016845703125 304.270355224609375 314.999267578125 325.78369140625 318.223846435546875 317.9730224609375 300.3106689453125 291.80059814453125 313.023895263671875 324.46148681640625 327.4642333984375 304.127532958984375 285.1722412109375 181.12225341796875 316.633697509765625 14.958253860473632812 56.51374053955078125 93.23958587646484375 108.276824951171875 115.806732177734375 121.34944915771484375 111.3705596923828125 105.5844268798828125 104.534393310546875 105.12398529052734375 110.55605316162109375 104.7779541015625 104.14540863037109375 119.0012054443359375 119.23728179931640625 103.29804229736328125 82.30187225341796875 309.19281005859375
38.796176910400390625 57.030055999755859375 51.339008331298828125 51.340389251708984375 12.848876953125 351.468170166015625 5.96453094482421875 338.497161865234375 353.04541015625 329.2501220703125 296.77490234375 300.172821044921875 319.143463134765625 322.494964599609375 316.807952880859375 312.56256103515625 301.534210205078125 296.564727783203125 307.266204833984375 314.403228759765625 297.52447509765625 328.239593505859375 311.190032958984375 288.1827392578125 56.55986785888671875 98.130035400390625 114.0310821533203125 120.2278900146484375 125.4328765869140625 127.5491790771484375 117.89652252197265625 103.8146514892578125 93.871185302734375 94.673828125 104.74340057373046875 111.0878143310546875 98.8804931640625 98.36534881591796875 98.55477142333984375 88.36318206787109375 114.86431884765625 214.991302490234375
57.09519195556640625 43.85388946533203125 34.991718292236328125 32.30075836181640625 354.09332275390625 350.9603271484375 12.528470039367675781 338.7803955078125 346.906890869140625 340.30059814453125 305.3939208984375 295.5596923828125 313.651611328125 326.309173583984375 305.32574462890625 312.73828125 315.783660888671875 305.416595458984375 293.343597412109375 279.16192626953125 255.1914520263671875 225.0017852783203125 300.32470703125 281.3099365234375 98.30994415283203125 99.07463836669921875 106.66072845458984375 109.20378875732421875 114.3040771484375 118.60953521728515625 107.7830047607421875 107.50041961669921875 108.69263458251953125 103.15705108642578125 99.824920654296875 104.0359344482421875 90.2846832275390625 75.14102935791015625 66.80144500732421875 79.15972900390625 67.891143798828125 111.04175567626953125
30.352647781372070312 22.890077590942382812 28.46550750732421875 36.19366455078125 0.85462808609008789062 336.25030517578125 4.3987593650817871094 350.80218505859375 355.36383056640625 343.610107421875 309.956390380859375 298.897674560546875 301.674652099609375 319.96917724609375 291.6943359375 292.889678955078125 304.044342041015625 301.428070068359375 285.7069091796875 253.8094024658203125 245.170684814453125 270.763427734375 294.9434814453125 286.858184814453125 104.9311065673828125 97.80774688720703125 98.44736480712890625 102.804229736328125 105.71868896484375 108.82543182373046875 103.6104888916015625 99.8458404541015625 100.9924468994140625 101.9292144775390625 92.79227447509765625 86.71848297119140625 91.33179473876953125 93.5165863037109375 96.24848175048828125 98.3537445068359375 53.127353668212890625 1.7356203794479370117
30.963397979736328125 28.123270034790039062 26.565717697143554688 36.870288848876953125 9.4618778228759765625 328.1893310546875 350.432891845703125 356.565673828125 10.619135856628417969 350.5372314453125 318.94476318359375 304.33868408203125 299.60345458984375 320.946533203125 303.51751708984375 291.037109375 286.9906005859375 287.402587890625 296.5655517578125 295.017486572265625 296.33251953125 307.518096923828125 314.16876220703125 118.30208587646484375 116.156524658203125 110.600128173828125 106.88321685791015625 105.85144805908203125 100.4598846435546875 91.33278656005859375 85.061126708984375 67.504058837890625 65.0717315673828125 75.80123138427734375 93.36594390869140625 101.8696136474609375 98.30988311767578125 97.95050811767578125 102.19997406005859375 108.43419647216796875 178.66705322265625 207.0496673583984375
41.672298431396484375 22.285333633422851562 24.381931304931640625 32.4711151123046875 13.6428985595703125 334.438507080078125 338.8856201171875 359.47381591796875 9.4620380401611328125 349.471282958984375 329.38055419921875 314.245269775390625 307.970611572265625 321.45855712890625 309.805755615234375 304.69464111328125 288.433837890625 283.3238525390625 300.963623046875 305.726593017578125 289.334320068359375 269.3831787109375 181.636505126953125 145.644989013671875 136.0508880615234375 130.3179473876953125 117.7303009033203125 102.9496002197265625 95.76238250732421875 99.56607818603515625 98.879638671875 89.1927032470703125 89.60456085205078125 93.9642333984375 97.7263031005859375 101.870361328125 101.68959808349609375 98.3176727294921875 96.5817718505859375 103.970306396484375 149.7191925048828125 175.7486114501953125
44.999897003173828125 22.216888427734375 37.568206787109375 35.960521697998046875 18.434906005859375 344.6373291015625 327.75689697265625 6.5832691192626953125 3.8149363994598388672 337.832305908203125 336.03631591796875 323.003662109375 305.216461181640625 310.02947998046875 302.845062255859375 321.7105712890625 274.89703369140625 254.3563079833984375 253.924530029296875 257.96783447265625 220.3133087158203125 192.9943084716796875 162.9792633056640625 144.36279296875 133.5308074951171875 123.0557708740234375 107.59262847900390625 88.23735809326171875 80.37957000732421875 90.54473114013671875 116.56415557861328125 135.742767333984375 120.28009033203125 110.4623260498046875 104.25484466552734375 99.46268463134765625 96.3405303955078125 99.78281402587890625 108.63155364990234375 108.4351348876953125 122.35459136962890625 144.08966064453125
35.1345367431640625 18.434614181518554688 30.773921966552734375 33.38837432861328125 21.279048919677734375 4.8206791877746582031 345.96337890625 346.504608154296875 346.607452392578125 336.94805908203125 337.108612060546875 340.25177001953125 318.751007080078125 320.100982666015625 301.4627685546875 335.558258056640625 319.08575439453125 267.954345703125 260.5374755859375 260.706512451171875 154.0937652587890625 166.6078643798828125 143.53057861328125 111.9487457275390625 96.8144683837890625 84.8052520751953125 70.709381103515625 56.309589385986328125 58.495891571044921875 78.958831787109375 104.13857269287109375 123.6890411376953125 115.41548919677734375 104.190704345703125 100.799072265625 105.31610870361328125 101.0127410888671875 94.443267822265625 102.416900634765625 103.9166107177734375 95.68370819091796875 90.90006256103515625
24.623821258544921875 9.1302709579467773438 27.535928726196289062 40.236263275146484375 21.665567398071289062 14.036596298217773438 7.9281039237976074219 332.649383544921875 339.033447265625 354.09332275390625 328.735443115234375 334.09185791015625 328.626129150390625 332.64886474609375 303.22808837890625 298.60797119140625 330.253692626953125 323.4703369140625 299.05377197265625 276.5819091796875 66.37104034423828125 67.37946319580078125 58.2405242919921875 64.358673095703125 65.738037109375 61.525394439697265625 74.22765350341796875 88.22840118408203125 97.0167083740234375 97.6821441650390625 104.3814849853515625 114.51910400390625 115.75754547119140625 115.50608062744140625 110.00887298583984375 113.04506683349609375 126.2140350341796875 109.4571685791015625 94.3609771728515625 88.209503173828125 79.05539703369140625 73.2720794677734375
24.73467254638671875 6.789398193359375 34.28670501708984375 45.596836090087890625 21.124689102172851562 358.263519287109375 357.1573486328125 347.559661865234375 343.177825927734375 17.879808425903320312 334.229156494140625 316.940460205078125 327.406890869140625 347.15118408203125 353.884063720703125 326.559783935546875 323.324493408203125 319.898162841796875 314.996826171875 244.1768951416015625 156.8000335693359375 84.28888702392578125 40.237018585205078125 59.46974945068359375 64.31584930419921875 75.256317138671875 92.662872314453125 111.43404388427734375 120.96276092529296875 108.251739501953125 95.12347412109375 94.65838623046875 103.392608642578125 113.02558135986328125 115.46305084228515625 109.88507843017578125 114.91837310791015625 114.8803863525390625 103.1943511962890625 98.31717681884765625 96.78861236572265625 97.863739013671875
22.584423065185546875 16.588045120239257812 29.744701385498046875 32.862735748291015625 19.212594985961914062 355.5244140625 337.478179931640625 359.2032470703125 4.8742451667785644531 3.1063237190246582031 354.72491455078125 337.2490234375 330.70855712890625 346.605926513671875 0.51626944541931152344 348.6898193359375 345.734619140625 326.04034423828125 11.821959495544433594 63.439174652099609375 177.513336181640625 134.9996795654296875 165.960784912109375 54.727313995361328125 73.56589508056640625 87.1085968017578125 89.37029266357421875 85.3256988525390625 92.29035186767578125 99.0899200439453125 90.51567840576171875 89.3009490966796875 96.27429962158203125 100.04559326171875 98.0272979736328125 85.544403076171875 85.4859619140625 102.49259185791015625 106.32114410400390625 104.60698699951171875 108.06658172607421875 113.8502960205078125
21.271966934204101562 30.808916091918945312 27.095190048217773438 20.1701812744140625 21.03736114501953125 4.9273819923400878906 327.5989990234375 345.962615966796875 354.90728759765625 358.820343017578125 11.200581550598144531 2.4200229644775390625 334.611724853515625 339.9427490234375 6.2415781021118164062 10.204390525817871094 12.994684219360351562 324.46099853515625 44.999897003173828125 85.7625732421875 164.7525634765625 108.4364471435546875 293.963134765625 34.3777923583984375 84.61045074462890625 88.69182586669921875 82.18450164794921875 77.88128662109375 86.50730133056640625 86.58281707763671875 80.53667449951171875 88.15179443359375 89.70867156982421875 90.62952423095703125 93.86548614501953125 97.17662811279296875 97.95009613037109375 99.2722930908203125 101.3102874755859375 101.57561492919921875 101.82135772705078125 106.32668304443359375
20.897935867309570312 30.963510513305664062 26.564716339111328125 7.3061003684997558594 8.80683135986328125 354.172698974609375 340.413330078125 344.62689208984375 348.9874267578125 358.522705078125 17.1915740966796875 17.922391891479492188 350.33935546875 349.84515380859375 38.55767059326171875 62.9692535400390625 85.81508636474609375 184.0875091552734375 151.259429931640625 77.7344970703125 15.943915367126464844 74.3592681884765625 264.46923828125 101.31305694580078125 95.25368499755859375 92.7522125244140625 84.5589752197265625 83.95543670654296875 83.54561614990234375 72.7276611328125 81.6068267822265625 92.0558929443359375 92.92043304443359375 92.78482818603515625 97.25299835205078125 107.52529144287109375 105.9893341064453125 99.8406829833984375 100.1241912841796875 99.2930450439453125 93.99054718017578125 91.7010650634765625
35.0152435302734375 40.802097320556640625 35.53730010986328125 351.9827880859375 359.67218017578125 335.25531005859375 331.825408935546875 344.2083740234375 347.60968017578125 358.164459228515625 27.723924636840820312 30.899843215942382812 14.949869155883789062 60.39554595947265625 113.600006103515625 134.9996795654296875 143.9719390869140625 171.2533111572265625 191.3090057373046875 142.76641845703125 144.865875244140625 127.87317657470703125 215.537872314453125 155.925048828125 101.70072174072265625 90.65872955322265625 80.2174530029296875 78.4163360595703125 78.5864410400390625 84.446868896484375 98.857879638671875 101.310028076171875 102.90724945068359375 102.26427459716796875 101.93804931640625 102.34938812255859375 106.127471923828125 104.892913818359375 102.29447174072265625 101.5599517822265625 103.035888671875 99.80229949951171875
55.165668487548828125 50.8151702880859375 28.686067581176757812 340.709625244140625 344.1041259765625 319.619049072265625 318.502655029296875 343.739105224609375 349.286163330078125 111.2977447509765625 120.8504791259765625 111.96063995361328125 98.13025665283203125 104.620697021484375 116.56461334228515625 122.573944091796875 138.4673919677734375 220.2343292236328125 218.6576995849609375 135.0009613037109375 157.3809967041015625 146.6885223388671875 162.7579803466796875 189.78106689453125 81.44481658935546875 74.2813720703125 77.42087554931640625 83.24652099609375 87.124725341796875 97.975250244140625 113.19844818115234375 109.81925201416015625 105.78066253662109375 105.66461181640625 104.5600738525390625 87.613922119140625 76.60746002197265625 72.36354827880859375 71.34615325927734375 80.15838623046875 87.09765625 93.69101715087890625
73.60985565185546875 51.155101776123046875 16.279863357543945312 348.905670166015625 316.6055908203125 298.9954833984375 261.6893310546875 176.2687835693359375 156.99029541015625 146.724853515625 141.8921661376953125 157.4896240234375 151.89837646484375 129.5595855712890625 111.929351806640625 93.36699676513671875 71.5683746337890625 284.034271240234375 296.5731201171875 80.536163330078125 64.65209197998046875 90.00197601318359375 98.74700164794921875 246.0355682373046875 98.12921142578125 83.1293487548828125 80.1337127685546875 93.21520233154296875 100.64884185791015625 102.75295257568359375 106.9514617919921875 105.592254638671875 97.63993072509765625 61.587085723876953125 19.277349472045898438 21.1204071044921875 33.640872955322265625 41.972843170166015625 53.673198699951171875 64.72206878662109375 73.38526153564453125 74.400665283203125
