wildfire/work/fuelmodels/1937/aspect.asc
ncols        432
nrows        229
xllcorner    191480.000000000000
yllcorner    461505.000000000000
cellsize     5.000000000000
NODATA_value   -999
[rows 144 to 161 of 229, columns 294 to 335 of 432]
15.890242576599121094 47.935604095458984375 163.5395965576171875 130.1890411376953125 123.1319580078125 133.624908447265625 132.240692138671875 115.701629638671875 133.1619110107421875 159.4915771484375 100.49106597900390625 89.839263916015625 116.94476318359375 148.0722503662109375 145.3508148193359375 145.4754791259765625 152.353668212890625 158.234405517578125 158.1439666748046875 155.4719390869140625 174.09344482421875 162.8859100341796875 173.2284088134765625 194.13275146484375 147.6082763671875 105.38185882568359375 116.564544677734375 162.97894287109375 173.884246826171875 161.181640625 26.565717697143554688 4.7636771202087402344 0.62405425310134887695 344.97467041015625 346.8543701171875 9.0349712371826171875 7.4487504959106445312 348.464508056640625 9.4625949859619140625 91.122894287109375 19.411523818969726562 4.7941102981567382812
182.614013671875 169.6774444580078125 167.7839202880859375 112.02269744873046875 72.9127960205078125 45.523040771484375 43.867649078369140625 59.760326385498046875 58.133838653564453125 107.93863677978515625 160.0337677001953125 130.4816741943359375 111.70648193359375 118.46256256103515625 127.48564910888671875 133.4940338134765625 136.5150604248046875 154.8787078857421875 170.07000732421875 169.7181854248046875 307.874359130859375 356.21234130859375 8.539127349853515625 348.304290771484375 359.18389892578125 8.9096469879150390625 17.47090911865234375 22.1732330322265625 14.403896331787109375 354.3868408203125 339.884796142578125 343.925628662109375 2.5894455909729003906 6.5663661956787109375 1.236201167106628418 7.0736083984375 358.08099365234375 26.564989089965820312 29.981485366821289062 351.253143310546875 4.5741481781005859375 9.0714216232299804688
263.971923828125 66.80200958251953125 301.86444091796875 35.655406951904296875 24.809396743774414062 14.073266029357910156 24.193126678466796875 43.5496978759765625 51.49924468994140625 77.85887908935546875 123.8958587646484375 140.368316650390625 121.7772064208984375 107.3090667724609375 106.74663543701171875 116.85172271728515625 127.18437957763671875 142.8828277587890625 207.8980865478515625 294.3468017578125 292.20281982421875 326.640380859375 357.527008056640625 350.884124755859375 356.13055419921875 3.9701380729675292969 18.532522201538085938 24.398380279541015625 11.28324127197265625 359.3125 356.551788330078125 354.776092529296875 24.03726959228515625 36.3136749267578125 18.224826812744140625 348.689300537109375 347.194976806640625 43.198627471923828125 30.302469253540039062 354.093109130859375 14.146162033081054688 11.482067108154296875
246.6437225341796875 165.06817626953125 217.874481201171875 271.908538818359375 73.6861114501953125 140.9466552734375 135.63641357421875 109.48270416259765625 108.1266632080078125 112.46878814697265625 121.78421783447265625 140.74481201171875 118.526824951171875 116.2854766845703125 120.8820037841796875 117.17214202880859375 94.1727142333984375 351.49053955078125 331.75201416015625 321.977630615234375 312.2200927734375 316.237884521484375 340.7724609375 356.776214599609375 351.827972412109375 1.1573008298873901367 35.680606842041015625 39.957492828369140625 20.34209442138671875 12.738615989685058594 23.042507171630859375 21.879026412963867188 31.336750030517578125 25.016876220703125 21.665775299072265625 28.16253662109375 181.5474853515625 100.3047027587890625 33.158069610595703125 356.5753173828125 358.284393310546875 356.859588623046875
192.4390716552734375 184.8030548095703125 194.956756591796875 193.569976806640625 166.0175018310546875 161.5646514892578125 155.9132080078125 142.8313751220703125 135.867706298828125 130.19775390625 126.4741363525390625 152.1904296875 117.4190673828125 106.376190185546875 108.33972930908203125 83.751434326171875 19.093461990356445312 338.2266845703125 326.752960205078125 323.360137939453125 323.981658935546875 317.55108642578125 292.19464111328125 128.436920166015625 179.090118408203125 179.0829010009765625 131.54095458984375 76.2727508544921875 55.77243804931640625 64.73903656005859375 58.8405914306640625 26.444845199584960938 34.72283935546875 52.218990325927734375 73.78655242919921875 85.3643798828125 57.99466705322265625 345.464599609375 3.9767565727233886719 359.671661376953125 338.5137939453125 350.271575927734375
196.12982177734375 194.116485595703125 204.6462860107421875 187.5418701171875 167.5677642822265625 168.227569580078125 152.72930908203125 139.8258514404296875 116.1070556640625 110.1225433349609375 111.7320404052734375 134.7500762939453125 127.618194580078125 97.6837310791015625 48.897212982177734375 14.111421585083007812 7.9696063995361328125 330.559112548828125 319.2955322265625 319.548736572265625 299.21875 182.6129302978515625 175.7528076171875 160.5458984375 170.2684478759765625 178.65594482421875 177.721099853515625 175.69525146484375 95.3706207275390625 85.332916259765625 69.19318389892578125 14.322365760803222656 67.14107513427734375 83.5116729736328125 80.90944671630859375 35.53759765625 353.33258056640625 342.658050537109375 7.291950225830078125 9.9341144561767578125 328.477142333984375 346.4285888671875
192.7749786376953125 196.018402099609375 207.40460205078125 190.9688720703125 163.7088775634765625 168.1987762451171875 158.433837890625 146.2630157470703125 113.143280029296875 110.328460693359375 122.9691162109375 137.65960693359375 152.1601715087890625 104.56231689453125 32.42887115478515625 17.275812149047851562 9.7908658981323242188 324.75927734375 288.434295654296875 225.4147491455078125 161.450469970703125 159.44354248046875 168.594085693359375 166.0232696533203125 168.524017333984375 180.9387359619140625 191.3095245361328125 198.1270751953125 158.5368194580078125 108.28699493408203125 40.10042572021484375 41.90517425537109375 96.70960235595703125 88.3314208984375 19.536594390869140625 354.267547607421875 346.453369140625 356.94049072265625 15.908759117126464844 12.994520187377929688 342.587493896484375 342.757904052734375
194.1341400146484375 212.2086181640625 222.768280029296875 196.4436798095703125 167.252960205078125 172.5681610107421875 179.999664306640625 138.983978271484375 123.03942108154296875 130.066925048828125 134.45355224609375 145.1480255126953125 203.2597198486328125 259.96014404296875 44.999897003173828125 42.197307586669921875 8.7195892333984375 306.7398681640625 205.503662109375 180.5812530517578125 163.61004638671875 152.4608612060546875 156.9970245361328125 165.4105072021484375 153.995880126953125 187.22393798828125 234.8333740234375 254.8859710693359375 177.273773193359375 80.98044586181640625 339.178375244140625 83.40314483642578125 96.5196533203125 358.263427734375 350.165679931640625 348.23095703125 352.85150146484375 19.653863906860351562 13.078966140747070312 11.112784385681152344 358.86480712890625 343.8101806640625
224.7265777587890625 256.286102294921875 245.332000732421875 172.7935638427734375 170.5372467041015625 179.7638397216796875 186.6775970458984375 154.05731201171875 129.4998626708984375 121.41500091552734375 123.366058349609375 154.653594970703125 292.237274169921875 273.754638671875 123.38809967041015625 98.42652130126953125 118.686004638671875 139.89898681640625 165.9633331298828125 178.181243896484375 159.62298583984375 70.86710357666015625 42.473873138427734375 28.610635757446289062 7.5947213172912597656 331.836883544921875 322.529144287109375 330.30853271484375 10.045186042785644531 43.007762908935546875 2.1211512088775634766 79.2709503173828125 37.91867828369140625 333.13726806640625 355.001312255859375 344.525146484375 358.051116943359375 36.06931304931640625 1.4994034767150878906 18.618373870849609375 11.309960365295410156 334.465240478515625
309.856475830078125 263.366973876953125 177.1439361572265625 161.461822509765625 178.2532958984375 168.57012939453125 172.9221343994140625 168.832061767578125 140.194091796875 116.450653076171875 99.57758331298828125 304.204803466796875 297.97357177734375 274.80694580078125 126.75384521484375 123.690093994140625 48.65241241455078125 53.48142242431640625 12.474884033203125 342.95037841796875 355.364013671875 352.84124755859375 9.176052093505859375 10.681219100952148438 354.979278564453125 340.48333740234375 332.004241943359375 347.00439453125 77.98845672607421875 84.98679351806640625 54.211132049560546875 17.744482040405273438 352.44976806640625 347.03216552734375 23.198724746704101562 358.478057861328125 3.9907391071319580078 21.336917877197265625 356.55926513671875 31.064996719360351562 16.097463607788085938 328.814361572265625
330.761260986328125 147.5784454345703125 143.5365753173828125 155.902435302734375 173.8968048095703125 162.1448516845703125 167.0244903564453125 177.0964508056640625 154.8423004150390625 130.934722900390625 63.8524627685546875 305.537078857421875 301.923828125 335.13568115234375 31.209018707275390625 8.0110063552856445312 338.85943603515625 15.003221511840820312 10.776280403137207031 344.183013916015625 2.1212172508239746094 348.502655029296875 354.32867431640625 1.2188996076583862305 356.5994873046875 354.4593505859375 5.7628488540649414062 90.881378173828125 35.537464141845703125 19.612150192260742188 5.2854013442993164062 344.08416748046875 339.61004638671875 14.489795684814453125 17.592462539672851562 1.3320749998092651367 11.876176834106445312 2.4110774993896484375 0.34718266129493713379 30.863729476928710938 4.3159055709838867188 341.724334716796875
154.98284912109375 152.0290069580078125 149.11199951171875 154.0931396484375 163.3107452392578125 158.611419677734375 171.7296905517578125 184.7745513916015625 136.5477142333984375 10.813809394836425781 342.35394287109375 340.12420654296875 335.224212646484375 351.2401123046875 17.39751434326171875 11.652387619018554688 321.400665283203125 1.1934392452239990234 6.7426214218139648438 348.783233642578125 12.039061546325683594 358.635345458984375 347.98760986328125 0.76386559009552001953 20.26593780517578125 71.22198486328125 74.511627197265625 351.544219970703125 345.140533447265625 2.7728104591369628906 4.947475433349609375 351.519378662109375 2.2647337913513183594 21.5711212158203125 355.155364990234375 6.0088958740234375 19.35886383056640625 3.3018198013305664062 4.2758207321166992188 18.434965133666992188 357.530975341796875 342.46343994140625
151.40264892578125 150.424224853515625 155.275665283203125 153.177642822265625 154.52581787109375 122.1247406005859375 317.99310302734375 341.997344970703125 2.8260238170623779297 357.08642578125 356.52447509765625 355.788665771484375 352.089019775390625 3.5286180973052978516 11.5601806640625 16.612018585205078125 334.61932373046875 340.3333740234375 349.35546875 354.50439453125 31.115175247192382812 5.8774218559265136719 5.73757171630859375 56.426860809326171875 87.22069549560546875 42.646697998046875 350.1533203125 339.89691162109375 347.06121826171875 10.353333473205566406 13.890961647033691406 353.778106689453125 24.06555938720703125 23.19857025146484375 340.687591552734375 1.9749087095260620117 9.1804409027099609375 0.52554690837860107422 353.42535400390625 9.547580718994140625 354.891326904296875 340.786529541015625
153.8727874755859375 141.97589111328125 138.3968353271484375 345.37841796875 340.517059326171875 345.383575439453125 331.82659912109375 342.221771240234375 14.598347663879394531 14.123172760009765625 11.703455924987792969 4.6072649955749511719 12.331154823303222656 18.542669296264648438 3.1288344860076904297 16.684442520141601562 349.185302734375 335.612823486328125 341.00250244140625 66.61458587646484375 92.1563568115234375 85.60066986083984375 59.74317169189453125 51.441616058349609375 15.83252716064453125 348.33428955078125 339.917205810546875 349.379547119140625 12.942781448364257812 44.3704071044921875 21.929124832153320312 329.348388671875 42.67211151123046875 37.746738433837890625 338.397247314453125 341.406005859375 358.17755126953125 3.1578576564788818359 346.54595947265625 358.61175537109375 350.753173828125 341.804962158203125
141.881378173828125 33.81829071044921875 342.563507080078125 330.093841552734375 332.4132080078125 338.982574462890625 331.919189453125 348.08111572265625 47.421112060546875 53.072124481201171875 46.114437103271484375 32.87892913818359375 43.198764801025390625 30.378995895385742188 6.4698324203491210938 12.056690216064453125 0.57294940948486328125 331.761962890625 96.0719146728515625 122.0382537841796875 94.6352691650390625 16.279401779174804688 350.922210693359375 5.6483316421508789062 357.051605224609375 344.4359130859375 340.65643310546875 12.994597434997558594 37.746753692626953125 43.074680328369140625 353.971466064453125 336.459228515625 34.8507537841796875 17.447061538696289062 336.01788330078125 338.313446044921875 352.374908447265625 9.3369617462158203125 2.5935158729553222656 350.854644775390625 348.68951416015625 11.610719680786132812
6.8427968025207519531 334.64190673828125 321.127166748046875 317.983551025390625 317.080169677734375 303.100311279296875 239.3486175537109375 155.7516632080078125 130.6952362060546875 124.76285552978515625 119.95336151123046875 112.4666595458984375 98.26723480224609375 48.43340301513671875 3.3665280342102050781 14.314746856689453125 34.38014984130859375 351.253143310546875 61.871227264404296875 45.874420166015625 347.0416259765625 352.853607177734375 353.132781982421875 2.2026414871215820312 348.523712158203125 342.57373046875 342.658050537109375 23.91620635986328125 36.17502593994140625 10.503908157348632812 350.13946533203125 355.10009765625 28.638990402221679688 6.1591439247131347656 329.44677734375 331.957305908203125 352.1837158203125 20.695432662963867188 17.368473052978515625 9.4128808975219726562 19.057788848876953125 46.709095001220703125
359.158050537109375 334.01812744140625 314.32720947265625 304.322967529296875 266.7032470703125 184.426422119140625 181.4316558837890625 153.86419677734375 143.94622802734375 145.2841949462890625 131.92205810546875 72.01259613037109375 54.926082611083984375 359.998870849609375 337.28448486328125 29.438356399536132812 20.82089996337890625 353.87225341796875 22.963779449462890625 10.088064193725585938 348.829681396484375 341.287506103515625 352.277252197265625 10.109344482421875 350.04119873046875 342.913848876953125 0.36487343907356262207 28.97942352294921875 18.292593002319335938 359.65606689453125 351.922027587890625 21.146137237548828125 44.644222259521484375 4.2006459236145019531 317.50433349609375 312.36676025390625 352.567108154296875 36.41648101806640625 38.2901611328125 31.7989501953125 44.999897003173828125 36.76422882080078125
345.74139404296875 329.6044921875 307.491912841796875 260.586700439453125 164.744476318359375 169.85748291015625 168.0430450439453125 138.1794281005859375 100.3663482666015625 27.645816802978515625 357.025634765625 2.6754775047302246094 11.867640495300292969 6.1080279350280761719 0.58453130722045898438 357.272796630859375 355.62841796875 359.4951171875 9.4031085968017578125 11.309814453125 358.292999267578125 346.341644287109375 352.12506103515625 358.378082275390625 349.966156005859375 354.5921630859375 20.332439422607421875 4.1050262451171875 3.3664875030517578125 14.123172760009765625 1.1457908153533935547 50.5115814208984375 42.455204010009765625 354.258514404296875 331.112701416015625 349.84490966796875 0.46590623259544372559 355.79388427734375 18.831417083740234375 17.87874603271484375 28.373836517333984375 14.8586273193359375
