wildfire/work/fuelmodels/1937/aspect.asc
ncols        432
nrows        229
xllcorner    191480.000000000000
yllcorner    461505.000000000000
cellsize     5.000000000000
NODATA_value   -999
[rows 144 to 161 of 229, columns 42 to 83 of 432]
354.2877197265625 41.366207122802734375 73.21710968017578125 80.31114959716796875 75.20308685302734375 52.431125640869140625 52.43166351318359375 60.44675445556640625 70.34667205810546875 71.0543975830078125 70.46463775634765625 88.45131683349609375 81.38405609130859375 68.78217315673828125 60.642040252685546875 183.1789398193359375 120.34299468994140625 94.5533447265625 117.119873046875 119.64868927001953125 70.6764678955078125 59.295074462890625 58.363857269287109375 57.951984405517578125 63.244945526123046875 70.01662445068359375 87.137359619140625 89.55588531494140625 67.899688720703125 37.9986724853515625 35.892604827880859375 41.321506500244140625 48.230869293212890625 64.1333770751953125 68.68129730224609375 66.94789886474609375 75.14068603515625 78.33991241455078125 81.027008056640625 66.64412689208984375 54.088649749755859375 89.99910736083984375
330.944610595703125 49.237232208251953125 74.80509185791015625 79.380126953125 87.50971221923828125 58.568775177001953125 68.6289825439453125 80.3802947998046875 67.1665496826171875 41.988002777099609375 49.927341461181640625 81.1579742431640625 91.33127593994140625 89.25501251220703125 89.99979400634765625 117.7184600830078125 134.274871826171875 135.867919921875 113.42777252197265625 108.4346923828125 91.004302978515625 78.2744598388671875 74.37355804443359375 70.30078125 67.30605316162109375 56.20122528076171875 51.863765716552734375 46.846954345703125 32.799190521240234375 24.543613433837890625 36.069286346435546875 43.40871429443359375 58.0500946044921875 61.741672515869140625 49.65274810791015625 56.73863983154296875 62.94245147705078125 49.085353851318359375 35.24742889404296875 30.963941574096679688 33.94307708740234375 32.799152374267578125
296.5665283203125 71.56604766845703125 73.85562896728515625 69.44353485107421875 53.3924560546875 42.5098114013671875 76.607086181640625 74.6495208740234375 52.3858795166015625 19.48630523681640625 47.759052276611328125 65.28281402587890625 75.141754150390625 95.30048370361328125 116.9646148681640625 105.48830413818359375 96.89273834228515625 114.59122467041015625 135.8067626953125 165.9642181396484375 41.6326904296875 81.9505767822265625 83.24921417236328125 72.9921875 50.50604248046875 22.109991073608398438 21.529140472412109375 20.142721176147460938 13.371199607849121094 23.45056915283203125 46.03546142578125 72.7586212158203125 87.8183135986328125 62.24120330810546875 55.4513092041015625 66.08399200439453125 56.4494476318359375 48.012409210205078125 27.071931838989257812 19.840948104858398438 27.854244232177734375 42.70922088623046875
94.76432037353515625 137.860504150390625 89.99929046630859375 46.218570709228515625 27.474147796630859375 55.813640594482421875 69.65621185302734375 48.752410888671875 39.957660675048828125 25.252162933349609375 80.9715576171875 83.8529205322265625 75.9638519287109375 76.07941436767578125 60.593944549560546875 63.122364044189453125 56.658969879150390625 71.56488037109375 81.86997222900390625 303.904937744140625 340.19976806640625 62.622211456298828125 69.75336456298828125 40.674999237060546875 34.81313323974609375 22.620134353637695312 19.323322296142578125 29.6937408447265625 24.101888656616210938 55.80428314208984375 75.33551788330078125 80.502838134765625 72.31095123291015625 37.971240997314453125 55.34856414794921875 62.52581024169921875 83.99103546142578125 91.68485260009765625 53.97332763671875 79.11534881591796875 111.61519622802734375 97.8691864013671875
62.0206146240234375 89.99979400634765625 26.569360733032226562 30.963254928588867188 70.345733642578125 88.45160675048828125 82.87499237060546875 73.07262420654296875 77.65998077392578125 90.96955108642578125 93.01204681396484375 67.61923980712890625 49.496494293212890625 59.161869049072265625 49.927280426025390625 54.12960052490234375 54.618671417236328125 50.19390869140625 19.119997024536132812 343.785919189453125 354.09149169921875 84.4727020263671875 55.088348388671875 21.9084320068359375 49.166141510009765625 67.5743865966796875 129.09381103515625 172.9719696044921875 121.50266265869140625 101.6181182861328125 100.7576141357421875 72.6287689208984375 47.245258331298828125 47.6754608154296875 52.04569244384765625 60.56613922119140625 66.64424896240234375 67.61957550048828125 102.65224456787109375 97.65069580078125 106.38979339599609375 112.54345703125
71.56561279296875 63.153141021728515625 347.47100830078125 100.175445556640625 96.97281646728515625 85.12657928466796875 81.8703765869140625 97.81500244140625 102.61937713623046875 100.008697509765625 81.30504608154296875 64.23069000244140625 57.993865966796875 61.597705841064453125 40.763172149658203125 40.30084228515625 45.795177459716796875 40.66735076904296875 14.421844482421875 6.14716339111328125 66.64353179931640625 60.523723602294921875 32.79956817626953125 54.039051055908203125 68.603912353515625 52.125408172607421875 56.30960845947265625 55.780818939208984375 116.5638427734375 90.85462188720703125 84.4722747802734375 80.11199188232421875 77.1786041259765625 72.897369384765625 47.68355560302734375 56.74961090087890625 54.68857574462890625 60.172412872314453125 91.8084259033203125 119.05432891845703125 74.74478912353515625 78.32602691650390625
66.1610870361328125 54.03926849365234375 50.355495452880859375 87.35733795166015625 74.7453765869140625 67.620147705078125 74.57762908935546875 79.694671630859375 83.85321807861328125 77.97016143798828125 93.36696624755859375 116.56523895263671875 139.0860748291015625 50.19545745849609375 28.244129180908203125 49.441234588623046875 66.501556396484375 45.0009613037109375 25.7110137939453125 353.08782958984375 53.70172119140625 70.20068359375 117.25467681884765625 107.5711517333984375 121.70139312744140625 113.789947509765625 92.58919525146484375 95.96503448486328125 73.30228424072265625 69.7396697998046875 68.80587005615234375 72.3496856689453125 81.7474365234375 60.422306060791015625 27.203760147094726562 59.03619384765625 78.15363311767578125 78.111297607421875 74.4761199951171875 75.57985687255859375 28.495021820068359375 25.800693511962890625
76.42830657958984375 44.999897003173828125 58.172454833984375 74.14813232421875 89.29232025146484375 89.5010833740234375 78.11089324951171875 71.56488037109375 52.12529754638671875 38.7743682861328125 62.056671142578125 63.188655853271484375 5.195491790771484375 355.426025390625 39.709438323974609375 63.272457122802734375 53.470958709716796875 23.962884902954101562 24.044183731079101562 352.87359619140625 91.18500518798828125 108.838104248046875 132.51007080078125 105.67914581298828125 103.8146514892578125 115.11399078369140625 88.58533477783203125 53.583831787109375 29.476886749267578125 69.02709197998046875 75.963836669921875 75.32329559326171875 70.13269805908203125 70.42734527587890625 97.69689178466796875 103.042022705078125 95.03372955322265625 81.28031158447265625 71.56505584716796875 21.801076889038085938 356.466705322265625 357.356048583984375
41.098598480224609375 27.475248336791992188 40.601612091064453125 60.851551055908203125 79.26045989990234375 87.0488433837890625 66.975311279296875 39.59665679931640625 3.1060407161712646484 18.676527023315429688 44.999553680419921875 37.811023712158203125 15.642436981201171875 19.134799957275390625 61.389331817626953125 47.174564361572265625 33.878284454345703125 30.547624588012695312 21.21788787841796875 48.730190277099609375 94.3100128173828125 95.61138153076171875 80.63855743408203125 57.582424163818359375 32.69936370849609375 25.58448028564453125 41.295444488525390625 25.2010345458984375 21.104906082153320312 64.3845672607421875 78.023712158203125 70.93033599853515625 58.590381622314453125 70.51329803466796875 96.24756622314453125 103.24010467529296875 89.57529449462890625 77.34720611572265625 72.6207275390625 46.973735809326171875 106.38887786865234375 150.7081451416015625
347.90484619140625 59.349971771240234375 67.5200042724609375 75.00408172607421875 77.76811981201171875 68.78189849853515625 35.538478851318359375 15.361522674560546875 4.7072763442993164062 49.76238250732421875 59.93067169189453125 46.25872039794921875 40.3014373779296875 53.42769622802734375 54.72710418701171875 28.809930801391601562 60.478664398193359375 68.38559722900390625 27.89783477783203125 75.73534393310546875 97.6838531494140625 109.91608428955078125 10.71297454833984375 8.4271640777587890625 33.1115264892578125 39.84777069091796875 47.30908203125 31.239307403564453125 39.225811004638671875 76.09716796875 82.36614227294921875 78.54058074951171875 76.429046630859375 79.42610931396484375 81.06008148193359375 76.60710906982421875 51.0084381103515625 42.063991546630859375 44.593463897705078125 56.5605316162109375 72.257415771484375 79.136016845703125
157.620269775390625 137.3852081298828125 112.51937103271484375 84.6986083984375 77.560516357421875 68.4287567138671875 70.6406707763671875 128.1552734375 140.43988037109375 143.9725494384765625 127.52869415283203125 107.67627716064453125 113.3554534912109375 102.26398468017578125 39.642940521240234375 76.826141357421875 109.15496063232421875 114.00678253173828125 153.1987457275390625 130.9430084228515625 111.0374908447265625 104.8088836669921875 294.886566162109375 332.74444580078125 48.366424560546875 43.27686309814453125 36.747310638427734375 39.71868133544921875 68.74929046630859375 87.01328277587890625 93.70842742919921875 108.6455535888671875 118.10123443603515625 105.64212799072265625 98.82636260986328125 69.4441375732421875 45.8297576904296875 52.43096160888671875 71.77887725830078125 71.78295135498046875 54.818698883056640625 87.6714630126953125
63.777698516845703125 50.4393310546875 66.8009490966796875 71.5660247802734375 56.57602691650390625 63.060665130615234375 83.15731048583984375 97.3059844970703125 90.6441650390625 104.2381591796875 125.53856658935546875 119.538848876953125 134.9996795654296875 174.288299560546875 166.6750946044921875 132.5808868408203125 121.690460205078125 123.21128082275390625 139.47479248046875 134.1751708984375 109.485687255859375 26.9654388427734375 281.657623291015625 225.908355712890625 99.34423065185546875 50.3140869140625 45.54051971435546875 70.98423004150390625 85.28473663330078125 85.36395263671875 84.636627197265625 85.64894866943359375 91.73586273193359375 99.8510894775390625 105.03746795654296875 116.1142425537109375 107.62310028076171875 119.98191070556640625 114.5579986572265625 93.23935699462890625 71.56427764892578125 81.192962646484375
105.57212066650390625 36.25173187255859375 66.5019073486328125 69.5681610107421875 79.248748779296875 85.42575836181640625 69.057281494140625 32.00579833984375 79.060516357421875 99.35955047607421875 117.34976959228515625 98.8419189453125 82.116912841796875 65.5546875 125.2152862548828125 121.46414947509765625 114.6110687255859375 123.870697021484375 119.89936065673828125 62.402530670166015625 26.56555938720703125 32.828449249267578125 111.6147613525390625 189.461944580078125 177.3567962646484375 159.9626922607421875 114.11461639404296875 93.93517303466796875 80.0279541015625 71.91088104248046875 70.72022247314453125 70.240325927734375 79.15960693359375 89.01796722412109375 90.41840362548828125 111.29724884033203125 106.6996002197265625 98.93070220947265625 104.03607940673828125 119.4075164794921875 100.8141021728515625 95.5527191162109375
149.7433624267578125 189.904510498046875 134.99749755859375 93.69049072265625 102.80340576171875 95.042022705078125 97.027923583984375 128.0180206298828125 111.4049530029296875 103.339080810546875 113.55207061767578125 107.4472198486328125 109.13355255126953125 44.999897003173828125 18.94734954833984375 65.94269561767578125 93.132476806640625 97.2840728759765625 11.305703163146972656 2.6021053791046142578 44.334072113037109375 87.466094970703125 105.04625701904296875 132.95465087890625 188.309600830078125 188.5688018798828125 124.15897369384765625 112.0455780029296875 82.56829071044921875 78.3408050537109375 81.05257415771484375 89.11170196533203125 104.10814666748046875 106.59429931640625 96.70912933349609375 74.9299468994140625 71.11365509033203125 91.00508880615234375 97.3939971923828125 112.796783447265625 124.69556427001953125 123.770965576171875
93.27032470703125 190.30535888671875 209.0531158447265625 83.0464935302734375 72.612548828125 84.95691680908203125 82.9704742431640625 65.17032623291015625 71.2586669921875 85.98593902587890625 102.171234130859375 107.6224822998046875 112.2502288818359375 261.251190185546875 136.9091644287109375 114.7962646484375 106.03204345703125 71.56458282470703125 1.3953584432601928711 289.534515380859375 70.8665771484375 59.534610748291015625 48.179931640625 55.660472869873046875 18.434175491333007812 152.1030731201171875 121.7006378173828125 139.6525421142578125 128.86248779296875 112.37969970703125 113.9190673828125 110.57920074462890625 99.70684814453125 75.74941253662109375 74.81934356689453125 39.644420623779296875 74.8453216552734375 80.694793701171875 73.17855072021484375 96.248199462890625 119.94879913330078125 116.21143341064453125
92.489837646484375 1.9738910198211669922 309.80377197265625 105.9426727294921875 90.590118408203125 84.36913299560546875 58.393207550048828125 29.055362701416015625 70.1734161376953125 96.54579925537109375 119.74407196044921875 108.4346923828125 44.999897003173828125 341.55987548828125 122.54083251953125 119.49694061279296875 117.8371124267578125 47.488040924072265625 40.364566802978515625 26.569362640380859375 64.1812896728515625 33.81877899169921875 42.79715728759765625 56.210178375244140625 74.6235504150390625 122.0056610107421875 129.28948974609375 133.1523895263671875 119.74468231201171875 111.8010406494140625 109.34810638427734375 106.8652496337890625 89.99979400634765625 53.426609039306640625 58.800018310546875 49.485492706298828125 82.30362701416015625 85.76306915283203125 97.16666412353515625 107.9039459228515625 102.15412139892578125 73.3682098388671875
31.759550094604492188 358.780029296875 339.67523193359375 46.301120758056640625 85.3328857421875 89.13222503662109375 106.29457855224609375 160.016204833984375 99.34455108642578125 87.5572662353515625 71.96532440185546875 61.6992340087890625 86.98386383056640625 122.9051666259765625 112.67083740234375 112.83316802978515625 140.7096099853515625 336.8111572265625 104.2361602783203125 140.35528564453125 174.6285552978515625 189.7426910400390625 108.996734619140625 97.4317169189453125 105.0378570556640625 108.02681732177734375 118.46466827392578125 115.90709686279296875 90.8817138671875 94.6859588623046875 98.68021392822265625 97.3213043212890625 125.836517333984375 114.6766510009765625 69.2856292724609375 68.9617767333984375 93.81372833251953125 101.0406494140625 102.03870391845703125 106.090576171875 114.86385345458984375 55.618865966796875
2.6630771160125732422 48.365818023681640625 254.357666015625 96.5467376708984375 91.52086639404296875 91.3968963623046875 111.13947296142578125 163.4816741943359375 146.8881072998046875 81.36272430419921875 66.250762939453125 56.887538909912109375 46.8450469970703125 74.6235504150390625 86.36211395263671875 92.97415924072265625 197.10308837890625 161.564666748046875 127.234405517578125 134.3699493408203125 160.8870086669921875 192.4819183349609375 145.7649993896484375 138.932586669921875 137.0899810791015625 124.1312103271484375 138.8775634765625 156.24896240234375 106.557159423828125 94.4639434814453125 96.43460845947265625 96.3398284912109375 86.8778076171875 54.464557647705078125 73.52225494384765625 80.36187744140625 93.402557373046875 102.7891387939453125 92.89121246337890625 80.96689605712890625 37.2326202392578125 92.386260986328125
