wildfire/work/fuelmodels/1937/slope.asc
ncols        432
nrows        229
xllcorner    191480.000000000000
yllcorner    461505.000000000000
cellsize     5.000000000000
NODATA_value   -999
[rows 0 to 17 of 229, columns 240 to 279 of 432]
0 0 0 0 0 0 0 0 0 0 0 0 0 0 0 0 0 0 0 0 0 0 0 0 0 0 0 0 0 0 0 0 0 0 0 0 0 0 0 0
2.6394994258880615234 1.909945368766784668 0.93148088455200195312 2.2984604835510253906 2.6195151805877685547 1.5959062576293945312 3.0933067798614501953 3.6714694499969482422 5.9137048721313476562 4.6524486541748046875 3.432079315185546875 2.3742547035217285156 1.0201767683029174805 0.7702662348747253418 1.3890693187713623047 1.7842466831207275391 0.95721685886383056641 0.49700561165809631348 0.56918287277221679688 1.5088499784469604492 1.8534768819808959961 2.1336503028869628906 2.1332073211669921875 1.073395848274230957 0.38317215442657470703 1.1392827033996582031 2.7550420761108398438 4.712039947509765625 7.3762135505676269531 10.429677009582519531 11.555739402770996094 10.699883460998535156 9.0147066116333007812 8.27326202392578125 6.7207345962524414062 9.4049549102783203125 6.9002289772033691406 7.8096256256103515625 6.6702375411987304688 7.1007103919982910156
2.4070301055908203125 1.7773959636688232422 1.3707419633865356445 2.5863058567047119141 2.1379122734069824219 0.41851457953453063965 1.642464756965637207 3.835086822509765625 4.5342173576354980469 2.4476740360260009766 0.72000110149383544922 1.6223433017730712891 1.5515387058258056641 2.1976652145385742188 2.0234038829803466797 1.3427666425704956055 0.60035270452499389648 0.48149254918098449707 0.80557191371917724609 1.4189847707748413086 2.2059354782104492188 2.4352269172668457031 1.5515366792678833008 0.3322245180606842041 1.2376606464385986328 3.6185526847839355469 6.5391168594360351562 7.9255514144897460938 8.0554475784301757812 7.4217581748962402344 5.1233777999877929688 3.2538602352142333984 2.9120204448699951172 0.92657184600830078125 9.7027416229248046875 13.532360076904296875 9.1077556610107421875 8.1790151596069335938 8.2422704696655273438 9.5211362838745117188
1.8942722082138061523 2.1858785152435302734 2.1191470623016357422 1.7301059961318969727 1.7183340787887573242 1.3045045137405395508 1.4855551719665527344 2.6841692924499511719 2.5442867279052734375 1.5420569181442260742 1.1582344770431518555 0.66897320747375488281 2.077472686767578125 2.5774908065795898438 1.8447523117065429688 1.2599294185638427734 1.0837144851684570312 1.3241990804672241211 1.4691412448883056641 1.4650096893310546875 1.5092029571533203125 2.0042834281921386719 5.7571358680725097656 10.515913963317871094 11.037041664123535156 9.4533538818359375 9.6851434707641601562 9.5702371597290039062 8.4021615982055664062 5.2289195060729980469 1.2806273698806762695 1.8464162349700927734 3.4165828227996826172 9.8378925323486328125 15.1319580078125 13.282154083251953125 8.85184478759765625 5.5111641883850097656 6.5713887214660644531 6.8670687675476074219
1.7785583734512329102 2.5325715541839599609 2.2260198593139648438 1.5357995033264160156 1.8551373481750488281 1.8469159603118896484 2.766719818115234375 2.7178628444671630859 1.6088501214981079102 1.5446667671203613281 1.710421442985534668 1.1733877658843994141 1.6937325000762939453 1.7842285633087158203 1.8551614284515380859 1.5515366792678833008 1.0808758735656738281 0.9677250981330871582 0.96931439638137817383 0.58674514293670654297 0.92929130792617797852 4.8566217422485351562 14.929518699645996094 19.972681045532226562 20.650632858276367188 16.351512908935546875 10.367679595947265625 7.0748486518859863281 4.8935441970825195312 3.6561462879180908203 4.5008826255798339844 5.1999287605285644531 8.65541839599609375 13.766837120056152344 13.451642036437988281 9.5741090774536132812 4.293468475341796875 1.6079384088516235352 7.0321507453918457031 7.6681418418884277344
2.5017988681793212891 3.3546478748321533203 1.4722018241882324219 0.92764425277709960938 2.8400986194610595703 3.6567332744598388672 3.4103856086730957031 2.0400884151458740234 1.2554917335510253906 2.0740358829498291016 1.7006051540374755859 0.73458856344223022461 1.3970700502395629883 0.69784516096115112305 0.79038071632385253906 0.90054965019226074219 0.89999061822891235352 0.8690903782844543457 0.80999672412872314453 1.3897897005081176758 6.1016983985900878906 12.2949981689453125 17.733617782592773438 13.881103515625 11.297095298767089844 11.857928276062011719 5.3409409523010253906 1.5946736335754394531 7.3647799491882324219 13.556290626525878906 15.41133880615234375 15.569512367248535156 15.687894821166992188 13.709722518920898438 10.361428260803222656 7.1450433731079101562 3.11727142333984375 2.3242750167846679688 7.003795623779296875 8.8932561874389648438
4.0801987648010253906 3.3171012401580810547 1.519573211669921875 2.7263748645782470703 4.1673488616943359375 3.7591769695281982422 2.2305536270141601562 1.0186616182327270508 1.046619415283203125 1.6424788236618041992 1.3091874122619628906 0.75432837009429931641 1.1977407932281494141 0.72560620307922363281 1.6063596010208129883 1.2607426643371582031 0.43278533220291137695 0.81806033849716186523 0.61455613374710083008 6.1869149208068847656 11.646999359130859375 12.806527137756347656 11.748270034790039062 7.4482083320617675781 1.8510328531265258789 11.495561599731445312 12.421038627624511719 13.187252044677734375 15.999889373779296875 16.798173904418945312 13.931872367858886719 11.69507598876953125 9.5850372314453125 7.4997529983520507812 7.3990125656127929688 6.1817374229431152344 5.5001020431518554688 7.701885223388671875 9.0637264251708984375 6.3489589691162109375
3.5376150608062744141 1.9809566736221313477 1.5603075027465820312 3.2636013031005859375 3.0879490375518798828 1.6424853801727294922 1.0883479118347167969 0.86850214004516601562 1.1564483642578125 1.4121800661087036133 1.3696012496948242188 1.8886505365371704102 3.0472426414489746094 3.5670790672302246094 3.3655035495758056641 2.5229752063751220703 1.7406132221221923828 2.2271714210510253906 5.2880506515502929688 10.121984481811523438 10.473797798156738281 6.1527004241943359375 6.3106007575988769531 6.5901861190795898438 2.292728424072265625 13.222228050231933594 18.34690093994140625 13.463463783264160156 11.222080230712890625 9.3634672164916992188 5.9895906448364257812 1.9765962362289428711 1.2244485616683959961 3.7932593822479248047 5.7664852142333984375 3.4875733852386474609 0.9991257786750793457 1.6669213771820068359 2.4749987125396728516 2.93741607666015625
2.6849215030670166016 1.6970337629318237305 2.9203288555145263672 3.7820572853088378906 1.3184478282928466797 1.2027645111083984375 2.9914522171020507812 4.4073557853698730469 4.571140289306640625 3.5437519550323486328 3.8741099834442138672 6.1090025901794433594 9.2363376617431640625 11.465174674987792969 11.281329154968261719 10.085488319396972656 8.9817380905151367188 7.8913249969482421875 7.7189846038818359375 9.589801788330078125 7.5726985931396484375 2.1972117424011230469 3.6423401832580566406 7.1777863502502441406 5.4740862846374511719 14.500926971435546875 20.275157928466796875 10.957469940185546875 4.2632303237915039062 4.8963303565979003906 3.0985746383666992188 0.72626549005508422852 1.8789708614349365234 3.7148168087005615234 3.9850478172302246094 7.2254695892333984375 10.503681182861328125 10.975762367248535156 9.0937061309814453125 6.2415599822998046875
2.7113318443298339844 2.5293643474578857422 3.5020184516906738281 2.4164927005767822266 3.1495234966278076172 3.9134478569030761719 3.5642199516296386719 2.9161663055419921875 3.6522846221923828125 5.8927674293518066406 9.8719415664672851562 13.154999732971191406 16.0226898193359375 16.66559600830078125 15.761133193969726562 13.368915557861328125 10.59529876708984375 7.6316194534301757812 7.1510858535766601562 9.9892902374267578125 7.1061029434204101562 3.4990367889404296875 4.4357838630676269531 9.4611797332763671875 10.81735992431640625 16.2855072021484375 18.048381805419921875 8.3307628631591796875 3.8195021152496337891 3.3906168937683105469 2.0502603054046630859 1.8364809751510620117 2.7513186931610107422 1.6994035243988037109 4.9671754837036132812 10.277741432189941406 12.789234161376953125 13.48085784912109375 12.328799247741699219 5.943920135498046875
3.4705622196197509766 2.5985741615295410156 2.5139186382293701172 3.4730687141418457031 3.5307641029357910156 2.1960556507110595703 0.70437467098236083984 1.5590319633483886719 4.7553539276123046875 8.8698415756225585938 11.657924652099609375 13.8287200927734375 13.640774726867675781 10.061017990112304688 8.30141448974609375 7.0248923301696777344 5.3720369338989257812 5.5622096061706542969 7.6349544525146484375 9.2934818267822265625 3.3793802261352539062 7.02928924560546875 9.7121782302856445312 9.05979156494140625 12.320024490356445312 15.305532455444335938 12.645837783813476562 4.7829618453979492188 3.8008434772491455078 3.1089870929718017578 2.4503483772277832031 2.5355138778686523438 1.2157608270645141602 2.5389263629913330078 7.042407989501953125 8.7364788055419921875 8.5439462661743164062 8.5521459579467773438 13.834956169128417969 10.748668670654296875
4.2217555046081542969 1.3769788742065429688 0.89826577901840209961 0.93583971261978149414 0.92765676975250244141 0.39870801568031311035 2.5968451499938964844 6.7084393501281738281 8.2699375152587890625 7.2659091949462890625 7.3875331878662109375 9.3132410049438476562 6.2364907264709472656 4.7451953887939453125 9.1193437576293945312 5.5286722183227539062 1.5978195667266845703 2.8509762287139892578 3.5020010471343994141 4.3895978927612304688 4.427738189697265625 9.22686767578125 8.3395891189575195312 4.8706488609313964844 6.1715550422668457031 10.401268959045410156 7.572139739990234375 3.1269474029541015625 3.5200295448303222656 3.229381561279296875 2.6395151615142822266 1.6799280643463134766 2.1529853343963623047 4.9296841621398925781 8.4910192489624023438 9.2424459457397460938 6.1953983306884765625 5.2182354927062988281 14.936354637145996094 15.331662178039550781
4.10106658935546875 1.4013922214508056641 2.2907507419586181641 3.4868578910827636719 2.3381683826446533203 3.6127946376800537109 6.6999611854553222656 8.6827802658081054688 6.4189772605895996094 2.9031569957733154297 3.3983473777770996094 8.1989116668701171875 8.6248006820678710938 10.646473884582519531 8.0824565887451171875 0.72556579113006591797 2.4397678375244140625 1.7862051725387573242 1.4666959047317504883 5.2189931869506835938 6.7064352035522460938 7.1399631500244140625 6.6515216827392578125 6.6194009780883789062 7.0439133644104003906 7.06528472900390625 4.2125110626220703125 2.5892202854156494141 3.1634700298309326172 2.9752104282379150391 2.1849713325500488281 1.1476457118988037109 3.6703593730926513672 5.403720855712890625 7.3292512893676757812 6.1526093482971191406 3.1321268081665039062 11.284457206726074219 16.124444961547851562 13.537005424499511719
4.01331329345703125 2.6637392044067382812 2.2927496433258056641 2.3197224140167236328 9.0306768417358398438 12.811715126037597656 12.625510215759277344 10.883812904357910156 9.1074514389038085938 8.9782629013061523438 6.1034369468688964844 3.1758799552917480469 8.4825506210327148438 6.1949963569641113281 2.22235870361328125 0.91114908456802368164 0.47302922606468200684 1.487580418586730957 2.9085609912872314453 3.59374237060546875 5.2577481269836425781 7.3299093246459960938 8.6929616928100585938 8.6367979049682617188 7.4901294708251953125 5.3675284385681152344 3.4658827781677246094 3.2050120830535888672 3.1413166522979736328 3.0498538017272949219 1.2413004636764526367 2.1544260978698730469 2.7484109401702880859 2.4331417083740234375 5.8163104057312011719 7.8896298408508300781 8.7969875335693359375 13.560769081115722656 12.911916732788085938 5.703128814697265625
4.1273036003112792969 2.9374444484710693359 6.5218577384948730469 16.00998687744140625 21.56555938720703125 21.283529281616210938 17.949869155883789062 12.748618125915527344 8.5045032501220703125 7.54708099365234375 9.5423250198364257812 8.6293792724609375 2.1710252761840820312 0.95668768882751464844 2.8973846435546875 4.0248966217041015625 3.3152599334716796875 2.6769747734069824219 5.2100124359130859375 6.0467782020568847656 6.7465991973876953125 8.1440372467041015625 8.40776824951171875 7.1545228958129882812 5.5107016563415527344 3.1332552433013916016 2.6648478507995605469 5.0335192680358886719 4.4334096908569335938 3.6295270919799804688 2.7217776775360107422 3.9681706428527832031 4.8274021148681640625 6.4876451492309570312 7.312458038330078125 7.2346186637878417969 5.145854949951171875 8.1890506744384765625 8.3809556961059570312 3.6815037727355957031
5.7549128532409667969 11.143970489501953125 17.155122756958007812 21.416265487670898438 19.17212677001953125 14.691147804260253906 10.721063613891601562 8.2076711654663085938 4.0846562385559082031 0.49804061651229858398 6.4296236038208007812 9.4200010299682617188 2.3823101520538330078 3.8511023521423339844 5.1491913795471191406 3.6978013515472412109 4.4549198150634765625 5.3186583518981933594 7.4532647132873535156 8.0515270233154296875 7.8734459877014160156 6.4265766143798828125 6.5431919097900390625 5.3179998397827148438 3.63897705078125 3.2835385799407958984 5.1110563278198242188 6.9668378829956054688 4.1713438034057617188 1.973546147346496582 2.1457426548004150391 4.9458093643188476562 7.3556766510009765625 6.7344160079956054688 5.6405358314514160156 4.5473604202270507812 3.2847712039947509766 5.6275439262390136719 8.1220722198486328125 7.4154748916625976562
18.151475906372070312 18.542398452758789062 14.930446624755859375 13.853067398071289062 10.601525306701660156 7.0748162269592285156 6.9094896316528320312 9.4198198318481445312 7.25208282470703125 2.1267795562744140625 5.8454012870788574219 9.2305479049682617188 6.7941231727600097656 5.9315900802612304688 4.321506500244140625 3.6330072879791259766 6.0858154296875 8.2890138626098632812 8.8541479110717773438 8.113986968994140625 5.7790379524230957031 3.6739642620086669922 6.1697821617126464844 4.6136698722839355469 3.1648805141448974609 4.9764347076416015625 6.1435213088989257812 5.6969823837280273438 2.6905698776245117188 1.3153573274612426758 3.1282629966735839844 4.1029982566833496094 3.2510356903076171875 3.1228876113891601562 5.0308389663696289062 7.9872636795043945312 9.59517669677734375 9.85193634033203125 11.114136695861816406 8.818115234375
17.626379013061523438 11.8735504150390625 6.5290312767028808594 7.6820497512817382812 7.836956024169921875 3.8795981407165527344 4.88697052001953125 10.211700439453125 10.964699745178222656 7.3592486381530761719 9.0237560272216796875 9.5633058547973632812 8.5101022720336914062 6.6854634284973144531 5.7989954948425292969 6.1074538230895996094 6.3827352523803710938 6.39012908935546875 6.4862799644470214844 5.7396101951599121094 4.3281245231628417969 5.0738353729248046875 5.4014568328857421875 3.0746266841888427734 3.4950621128082275391 5.481098175048828125 5.5134344100952148438 4.3908457756042480469 3.3152599334716796875 4.4864773750305175781 5.2435579299926757812 3.8796150684356689453 1.3382289409637451172 2.1286425590515136719 5.4435482025146484375 9.5766887664794921875 11.325613975524902344 11.982291221618652344 11.787557601928710938 9.1355419158935546875
