wildfire/work/fuelmodels/1937/slope.asc
ncols        432
nrows        229
xllcorner    191480.000000000000
yllcorner    461505.000000000000
cellsize     5.000000000000
NODATA_value   -999
[rows 0 to 17 of 229, columns 360 to 399 of 432]
0 0 0 0 0 0 0 0 0 0 0 0 0 0 0 0 0 0 0 0 0 0 0 0 0 0 0 0 0 0 0 0 0 0 0 0 0 0 0 0
2.9415280818939208984 4.0112977027893066406 5.9592533111572265625 8.4873533248901367188 13.035777091979980469 12.113358497619628906 8.4823522567749023438 7.392963409423828125 6.7345533370971679688 7.5892877578735351562 8.5157270431518554688 7.0025200843811035156 4.7044000625610351562 4.8358240127563476562 3.2575900554656982422 3.5072162151336669922 4.7885646820068359375 4.0392894744873046875 4.7371892929077148438 3.0985555648803710938 2.2461557388305664062 2.7461748123168945312 2.9616000652313232422 2.3708245754241943359 2.7364137172698974609 3.4195399284362792969 3.1784186363220214844 3.3166213035583496094 3.6836972236633300781 4.3877773284912109375 4.6037044525146484375 4.6938853263854980469 4.1380572319030761719 3.6923134326934814453 4.3281393051147460938 4.0127992630004882812 3.2956681251525878906 2.4645450115203857422 3.2448506355285644531 3.6116874217987060547
1.8496872186660766602 4.6289515495300292969 7.3861765861511230469 9.7718172073364257812 13.85434722900390625 12.322874069213867188 9.6553478240966796875 10.075428009033203125 9.1066036224365234375 10.863162994384765625 9.6414079666137695312 5.0997090339660644531 3.5965328216552734375 3.5780918598175048828 4.2943010330200195312 4.4702501296997070312 3.9042465686798095703 4.0746235847473144531 4.8591341972351074219 3.6038372516632080078 2.4643342494964599609 2.8488328456878662109 3.2248404026031494141 3.2389085292816162109 2.9899690151214599609 3.4811754226684570312 4.0086565017700195312 4.1971797943115234375 3.7197098731994628906 4.8673143386840820312 4.9482779502868652344 4.17559051513671875 3.2248339653015136719 3.6923110485076904297 4.8960418701171875 3.3060843944549560547 2.897216796875 4.1807837486267089844 5.513454437255859375 4.4968276023864746094
4.0494017601013183594 6.6903772354125976562 8.9369668960571289062 9.0575666427612304688 11.261714935302734375 11.44458770751953125 12.100081443786621094 12.20824432373046875 8.7710418701171875 9.82802581787109375 5.3364410400390625 2.6156530380249023438 3.7035043239593505859 4.5209760665893554688 5.3001332283020019531 3.7433872222900390625 3.0772705078125 4.9373831748962402344 5.61761474609375 4.2044916152954101562 2.7540705204010009766 2.8082537651062011719 3.7110114097595214844 4.0072765350341796875 3.8901362419128417969 4.435794830322265625 4.2934694290161132812 4.1020264625549316406 4.1226496696472167969 4.4023542404174804688 4.6136622428894042969 3.6703586578369140625 4.5111484527587890625 5.9419913291931152344 4.9532794952392578125 3.8068206310272216797 4.4134488105773925781 4.7346448898315429688 4.1667542457580566406 2.5233438014984130859
2.7905564308166503906 4.059467315673828125 7.8104619979858398438 8.3014116287231445312 10.987298011779785156 14.235161781311035156 17.8944854736328125 15.754658699035644531 6.7168574333190917969 7.9058480262756347656 2.9779272079467773438 3.27613067626953125 4.1972794532775878906 4.2044892311096191406 3.7932553291320800781 3.0384328365325927734 3.0462522506713867188 5.2308697700500488281 5.287570953369140625 3.2426457405090332031 1.9931758642196655273 2.5892283916473388672 3.9091892242431640625 4.1275486946105957031 3.5980784893035888672 3.9851653575897216797 3.5942804813385009766 3.4596345424652099609 3.4120035171508789062 3.0754690170288085938 4.4838857650756835938 5.1911020278930664062 6.3560814857482910156 5.671924591064453125 3.2435894012451171875 3.2773888111114501953 3.9108366966247558594 3.7634484767913818359 3.0103468894958496094 3.2251410484313964844
4.1347503662109375 7.205127716064453125 10.920518875122070312 11.647330284118652344 12.256810188293457031 14.927710533142089844 20.377035140991210938 19.541412353515625 10.132607460021972656 9.1459951400756835938 4.2150378227233886719 2.8317286968231201172 2.9071507453918457031 3.3650212287902832031 3.9374990463256835938 4.0414090156555175781 3.5638141632080078125 4.6308135986328125 4.6311125755310058594 2.8608655929565429688 2.0679233074188232422 2.6603181362152099609 3.4753866195678710938 3.8670866489410400391 3.4054751396179199219 3.3493750095367431641 3.1784265041351318359 3.2946240901947021484 4.0349183082580566406 4.6503648757934570312 5.4663710594177246094 5.9039392471313476562 5.0296368598937988281 3.6267428398132324219 2.2486400604248046875 3.1439006328582763672 4.4395442008972167969 4.1665124893188476562 3.6345491409301757812 4.5756831169128417969
7.9980034828186035156 5.6924881935119628906 7.3682131767272949219 7.9735178947448730469 8.5850172042846679688 13.6499176025390625 17.946552276611328125 18.7793731689453125 14.999509811401367188 10.874677658081054688 3.7522819042205810547 0.89658492803573608398 2.5058767795562744141 2.8653025627136230469 5.6330056190490722656 3.9799726009368896484 0.89997339248657226562 4.0951385498046875 5.2600555419921875 3.7137253284454345703 2.5337464809417724609 3.1602454185485839844 3.0588231086730957031 3.7331283092498779297 3.7396252155303955078 3.4864127635955810547 3.9134314060211181641 3.4094791412353515625 3.8046839237213134766 4.2351088523864746094 3.8515291213989257812 3.9875791072845458984 3.8250696659088134766 3.3478567600250244141 3.2162065505981445312 4.0631871223449707031 4.7346358299255371094 3.8699767589569091797 3.5393364429473876953 4.3336086273193359375
5.7304773330688476562 1.4132814407348632812 4.5018472671508789062 7.9872918128967285156 9.9848270416259765625 12.516469001770019531 14.673707008361816406 17.652822494506835938 17.803113937377929688 10.571166038513183594 4.3469696044921875 2.3799734115600585938 2.1067042350769042969 2.5853204727172851562 5.8262529373168945312 3.9794714450836181641 2.4304673671722412109 3.5632419586181640625 6.059085845947265625 4.7998185157775878906 3.0382428169250488281 3.4962382316589355469 3.5620987415313720703 4.261142730712890625 3.871795654296875 3.5633707046508789062 3.9304325580596923828 3.3275780677795410156 3.0304281711578369141 3.9529829025268554688 3.9628126621246337891 3.7694783210754394531 4.0772175788879394531 3.5050563812255859375 3.808269500732421875 4.252239227294921875 3.8003115653991699219 3.3312203884124755859 3.2575740814208984375 3.42101287841796875
2.30328369140625 5.733356475830078125 7.9987268447875976562 10.067522048950195312 8.26184844970703125 8.718921661376953125 13.23772430419921875 17.985321044921875 18.926912307739257812 12.034845352172851562 5.8180284500122070312 4.1925878524780273438 3.3786630630493164062 3.1501581668853759766 4.5649738311767578125 4.28383636474609375 1.5911426544189453125 1.8389743566513061523 5.23154449462890625 5.5049448013305664062 3.7632951736450195312 2.6080968379974365234 3.7548582553863525391 4.83050537109375 3.9252932071685791016 3.7748231887817382812 3.826656341552734375 3.7010674476623535156 3.1088056564331054688 3.3298532962799072266 3.8967633247375488281 4.2435679435729980469 4.1238861083984375 3.884548187255859375 4.4185929298400878906 4.1138377189636230469 3.8749189376831054688 4.0671753883361816406 4.0587282180786132812 3.2617714405059814453
7.4241042137145996094 9.0159807205200195312 9.2599353790283203125 8.9436511993408203125 5.3579187393188476562 5.1048269271850585938 11.08870697021484375 15.802430152893066406 17.846654891967773438 15.172219276428222656 8.7773656845092773438 4.7435789108276367188 3.5734179019927978516 3.1965022087097167969 2.9170510768890380859 3.6432964801788330078 3.2125873565673828125 2.5466911792755126953 4.5503716468811035156 5.8611469268798828125 4.5147128105163574219 2.4706835746765136719 3.1503322124481201172 4.3947849273681640625 4.1581568717956542969 4.1645646095275878906 3.9134314060211181641 3.3983438014984130859 3.5512952804565429688 3.1067094802856445312 3.4186520576477050781 4.1167759895324707031 3.60846710205078125 3.8807773590087890625 4.296161651611328125 3.8530945777893066406 4.2871274948120117188 4.2951149940490722656 4.5257730484008789062 4.2252140045166015625
6.7162237167358398438 5.4412441253662109375 5.2769064903259277344 5.7526183128356933594 4.557445526123046875 5.78331756591796875 8.9951601028442382812 12.44846343994140625 14.038405418395996094 13.067461967468261719 8.4511432647705078125 5.6208248138427734375 4.4743142127990722656 2.6318414211273193359 2.5468938350677490234 2.7029476165771484375 2.5468881130218505859 2.3032977581024169922 4.2060785293579101562 5.6596784591674804688 4.5838065147399902344 3.4514415264129638672 3.17254638671875 3.4707250595092773438 3.8040385246276855469 4.6237111091613769531 4.3802828788757324219 3.3737187385559082031 3.7801768779754638672 3.2293894290924072266 3.0409286022186279297 3.9371039867401123047 3.7598221302032470703 3.3433272838592529297 3.5903472900390625 3.9620289802551269531 4.6237177848815917969 4.429317474365234375 4.0482568740844726562 4.3763647079467773438
3.3876137733459472656 3.5615072250366210938 3.8383798599243164062 4.9901132583618164062 3.9127867221832275391 5.3853058815002441406 9.06964874267578125 12.749648094177246094 13.724429130554199219 12.505158424377441406 7.8779101371765136719 5.9470758438110351562 5.113140106201171875 2.4246165752410888672 3.0550179481506347656 2.8763945102691650391 1.8221105337142944336 1.9320677518844604492 4.243587493896484375 5.698863983154296875 4.3947629928588867188 3.7563216686248779297 3.5751197338104248047 2.8231637477874755859 3.5565721988677978516 5.0796031951904296875 5.0584082603454589844 3.5513026714324951172 2.9533903598785400391 3.1878004074096679688 3.2877075672149658203 3.9374845027923583984 3.9875543117523193359 3.1198482513427734375 2.8165366649627685547 4.5587782859802246094 4.9699425697326660156 4.4595117568969726562 3.9780519008636474609 4.0308966636657714844
3.0242371559143066406 4.9364228248596191406 4.5659542083740234375 5.55416107177734375 4.9019885063171386719 6.5369548797607421875 10.258776664733886719 11.867373466491699219 12.320150375366210938 12.130922317504882812 7.9232125282287597656 5.1488013267517089844 3.584156036376953125 2.6888611316680908203 3.2833812236785888672 1.7955467700958251953 1.4841903448104858398 2.1939790248870849609 4.3656406402587890625 6.05275726318359375 4.2727208137512207031 3.6890370845794677734 3.5873975753784179688 2.7883749008178710938 3.8237578868865966797 4.9735927581787109375 5.1763138771057128906 3.7795138359069824219 2.3706140518188476562 2.6231958866119384766 3.4916377067565917969 3.6903979778289794922 3.4316151142120361328 3.2907574176788330078 2.81168365478515625 4.7708277702331542969 4.950115203857421875 3.7795133590698242188 3.9505414962768554688 4.4386477470397949219
1.6913237571716308594 4.4548754692077636719 4.6071906089782714844 5.3463501930236816406 5.4093823432922363281 7.2785425186157226562 10.363501548767089844 11.169973373413085938 12.432340621948242188 12.12517547607421875 7.7702698707580566406 4.4253373146057128906 2.8408281803131103516 2.4890444278717041016 2.8989539146423339844 4.338726043701171875 3.7086980342864990234 2.5451145172119140625 4.8153548240661621094 6.78553009033203125 4.7435669898986816406 3.5814793109893798828 3.6783359050750732422 3.2876803874969482422 3.7928595542907714844 4.5192065238952636719 4.6485171318054199219 3.9627976417541503906 2.6661922931671142578 2.6326270103454589844 3.8056235313415527344 3.7907273769378662109 3.1801838874816894531 3.2909209728240966797 3.8195292949676513672 4.6688714027404785156 4.1336655616760253906 3.3761148452758789062 3.6706359386444091797 4.544689178466796875
4.0671830177307128906 4.691539764404296875 4.5494570732116699219 5.6046719551086425781 6.7246303558349609375 8.8364477157592773438 9.8587846755981445312 10.196382522583007812 11.916439056396484375 10.993984222412109375 7.729907989501953125 4.8591380119323730469 3.5494577884674072266 2.3301551342010498047 1.2810398340225219727 2.7573869228363037109 3.8499469757080078125 3.5848729610443115234 4.9050002098083496094 6.9491634368896484375 5.2539124488830566406 4.0702767372131347656 4.1106481552124023438 3.2075595855712890625 2.9518461227416992188 4.2957067489624023438 4.5018630027770996094 3.5980784893035888672 2.9326002597808837891 3.0384335517883300781 3.8562302589416503906 4.3056850433349609375 3.598377227783203125 3.2798414230346679688 4.1694102287292480469 3.8598949909210205078 3.2025129795074462891 3.8374762535095214844 3.9458189010620117188 3.9087789058685302734
4.8153486251831054688 4.6519937515258789062 5.7482876777648925781 7.0024342536926269531 7.4105210304260253906 7.4568147659301757812 7.029998779296875 8.7949342727661132812 11.537515640258789062 11.3101348876953125 8.8991603851318359375 5.1458587646484375 3.5689215660095214844 4.5997719764709472656 1.7121651172637939453 1.063419342041015625 2.9031364917755126953 4.4020180702209472656 5.596408843994140625 6.4727153778076171875 4.9897789955139160156 4.9167952537536621094 4.1176481246948242188 2.8695230484008789062 3.3995184898376464844 4.5800809860229492188 4.3387360572814941406 3.2251505851745605469 2.9855709075927734375 3.8807806968688964844 4.4294247627258300781 4.1523113250732421875 3.4173247814178466797 3.2337596416473388672 3.3782174587249755859 3.0472230911254882812 3.1890654563903808594 3.9135782718658447266 3.9087882041931152344 3.8842885494232177734
5.0076541900634765625 4.0703020095825195312 4.9332752227783203125 4.6256604194641113281 3.9211602210998535156 6.2682681083679199219 6.9491724967956542969 8.7957973480224609375 11.936205863952636719 12.501125335693359375 9.7387285232543945312 6.3711576461791992188 3.8927426338195800781 4.1846499443054199219 2.3935565948486328125 0.84003996849060058594 2.2045407295227050781 4.8106222152709960938 6.4130268096923828125 6.004589080810546875 4.80118560791015625 4.9821014404296875 4.0727648735046386719 2.9914824962615966797 4.2331995964050292969 4.5464801788330078125 3.7795310020446777344 3.2387502193450927734 3.0175588130950927734 4.3308091163635253906 4.4589591026306152344 2.9506428241729736328 2.9656713008880615234 3.3520872592926025391 3.2375242710113525391 3.3761057853698730469 3.8776545524597167969 3.8983178138732910156 3.3170773983001708984 3.7371847629547119141
3.4094946384429931641 1.0695992708206176758 4.3969521522521972656 4.2971258163452148438 4.9679026603698730469 6.9572443962097167969 6.794185638427734375 7.6944799423217773438 11.264763832092285156 12.208483695983886719 10.270545005798339844 7.6232275962829589844 4.4589567184448242188 4.3577694892883300781 2.4348156452178955078 1.1568673849105834961 3.9753851890563964844 6.5181512832641601562 7.3614253997802734375 6.2837405204772949219 4.9256191253662109375 4.1726880073547363281 4.0146927833557128906 3.7672069072723388672 4.3697886466979980469 4.145877838134765625 3.3880665302276611328 3.6159946918487548828 3.2401523590087890625 3.6529843807220458984 4.0218834877014160156 3.2401564121246337891 3.1282439231872558594 2.9609122276306152344 3.3067111968994140625 3.9127867221832275391 4.0697889328002929688 3.6890287399291992188 2.9568111896514892578 3.3433246612548828125
