wildfire/work/fuelmodels/1937/slope.asc
ncols        432
nrows        229
xllcorner    191480.000000000000
yllcorner    461505.000000000000
cellsize     5.000000000000
NODATA_value   -999
[rows 0 to 17 of 229, columns 280 to 319 of 432]
0 0 0 0 0 0 0 0 0 0 0 0 0 0 0 0 0 0 0 0 0 0 0 0 0 0 0 0 0 0 0 0 0 0 0 0 0 0 0 0
10.659592628479003906 10.829724311828613281 5.5272221565246582031 2.7500603199005126953 4.6785721778869628906 5.861049652099609375 3.7242069244384765625 1.7748497724533081055 2.1821637153625488281 2.1018805503845214844 1.6937589645385742188 2.313854217529296875 1.622952580451965332 0.4773120582103729248 0.43280494213104248047 0.91780263185501098633 1.0671914815902709961 1.3769946098327636719 1.0957678556442260742 1.4426850080490112305 2.5766923427581787109 3.7827126979827880859 4.7072834968566894531 3.4173150062561035156 1.4031981229782104492 1.5551199913024902344 6.3159012794494628906 16.8427276611328125 26.195592880249023438 32.955501556396484375 35.064907073974609375 27.492692947387695312 5.188762664794921875 21.16640472412109375 22.419036865234375 15.479964256286621094 8.867092132568359375 3.8979303836822509766 1.7103884220123291016 1.2294116020202636719
8.2898159027099609375 4.4990930557250976562 5.6961894035339355469 6.4993691444396972656 3.2575850486755371094 3.9436409473419189453 3.0192453861236572266 1.2790327072143554688 1.7440482378005981445 1.5936996936798095703 1.5667963027954101562 1.9067966938018798828 0.64351862668991088867 0.46981126070022583008 1.2735006809234619141 0.91113811731338500977 0.84063470363616943359 1.9678894281387329102 0.095455490052700042725 1.9778921604156494141 3.6412026882171630859 3.1269507408142089844 3.7198412418365478516 2.2344255447387695312 1.5048220157623291016 8.139492034912109375 17.59856414794921875 26.799272537231445312 30.698625564575195312 29.518003463745117188 22.810335159301757812 10.886386871337890625 16.87697601318359375 24.743396759033203125 19.180543899536132812 10.339292526245117188 6.2439198493957519531 4.3991556167602539062 2.9855289459228515625 0.54184126853942871094
5.102386474609375 5.4004564285278320312 8.6878662109375 6.528850555419921875 1.3737004995346069336 2.9473905563354492188 4.1097807884216308594 1.9500522613525390625 1.1738094091415405273 1.6326153278350830078 2.1805527210235595703 0.54465651512145996094 1.5742148160934448242 1.7510360479354858398 2.093212127685546875 0.35574352741241455078 1.0671914815902709961 2.7588419914245605469 2.7446825504302978516 3.8292932510375976562 2.6873509883880615234 3.4578757286071777344 4.0752391815185546875 1.7133460044860839844 6.8815417289733886719 18.091678619384765625 25.660030364990234375 28.82784271240234375 24.72492218017578125 15.52498626708984375 10.708109855651855469 15.248076438903808594 22.75014495849609375 22.649251937866210938 14.103709220886230469 6.3090848922729492188 5.3606457710266113281 6.0004129409790039062 4.5519809722900390625 1.9141744375228881836
2.0221662521362304688 4.1542644500732421875 6.6705889701843261719 2.4103734493255615234 1.6535314321517944336 3.7271854877471923828 6.1201505661010742188 6.4361724853515625 5.5884447097778320312 4.1416025161743164062 3.1301822662353515625 1.1330105066299438477 1.6012912988662719727 2.5419089794158935547 2.0716109275817871094 0.30017325282096862793 1.6304113864898681641 1.9980100393295288086 2.6881129741668701172 2.4661872386932373047 2.4120678901672363281 3.0568435192108154297 3.8731007575988769531 0.85496813058853149414 12.551522254943847656 23.001556396484375 23.203083038330078125 19.331241607666015625 12.395826339721679688 6.8187875747680664062 13.621220588684082031 17.3753662109375 12.750644683837890625 5.5868005752563476562 4.6137633323669433594 2.2180383205413818359 4.02475738525390625 7.9765329360961914062 7.3080363273620605469 5.6711897850036621094
3.0477206707000732422 2.6433415412902832031 5.1173872947692871094 3.509403228759765625 7.4688053131103515625 8.9157094955444335938 10.411248207092285156 11.107364654541015625 10.538338661193847656 9.383480072021484375 5.3508467674255371094 1.590189814567565918 1.70536041259765625 3.3710150718688964844 1.4332108497619628906 0.44205227494239807129 1.8020049333572387695 1.3813736438751220703 4.6814737319946289062 6.0567297935485839844 2.8395795822143554688 3.2287583351135253906 2.9458410739898681641 2.9906406402587890625 17.098707199096679688 23.746974945068359375 17.621450424194335938 12.701382637023925781 7.9387292861938476562 6.9580492973327636719 10.258538246154785156 5.3470983505249023438 1.795551300048828125 6.6868538856506347656 8.0337362289428710938 8.1035375595092773438 1.7731196880340576172 6.2625789642333984375 6.6480560302734375 8.0174913406372070312
1.8204429149627685547 3.7844748497009277344 7.4038510322570800781 9.5047931671142578125 9.0256872177124023438 6.3344206809997558594 7.1450266838073730469 7.8089289665222167969 8.6805362701416015625 11.725650787353515625 7.0325107574462890625 1.2240710258483886719 1.7680010795593261719 2.9597263336181640625 0.78587448596954345703 0.68689304590225219727 2.1400671005249023438 4.7835054397583007812 6.4420537948608398438 8.1435556411743164062 6.7272424697875976562 4.9467549324035644531 2.2337176799774169922 6.5073571205139160156 18.320451736450195312 20.241886138916015625 14.328278541564941406 11.005846023559570312 11.88156890869140625 14.678044319152832031 9.99726104736328125 5.9708051681518554688 4.2465648651123046875 4.0429072380065917969 0.86907786130905151367 8.984035491943359375 7.3739185333251953125 1.1841334104537963867 7.1278223991394042969 10.151511192321777344
5.6155500411987304688 7.3881559371948242188 7.7211208343505859375 6.1107258796691894531 2.3413987159729003906 0.35143563151359558105 1.4064208269119262695 5.8680877685546875 10.219050407409667969 12.102704048156738281 5.6625428199768066406 1.4377804994583129883 2.7038671970367431641 2.4196126461029052734 2.3842375278472900391 2.5181283950805664062 4.7089910507202148438 9.5944385528564453125 9.5901803970336914062 11.211877822875976562 12.708943367004394531 9.3132457733154296875 3.1050622463226318359 11.767812728881835938 17.30132293701171875 11.852877616882324219 14.201139450073242188 16.304986953735351562 20.424108505249023438 21.773336410522460938 20.30078887939453125 18.394968032836914062 11.468939781188964844 7.5263986587524414062 5.3179759979248046875 3.7251591682434082031 9.6695346832275390625 7.8655724525451660156 8.8419389724731445312 9.1567354202270507812
5.0296206474304199219 3.1021075248718261719 1.3828623294830322266 2.9759364128112792969 3.8183257579803466797 4.1628665924072265625 6.1969366073608398438 9.8141727447509765625 12.281588554382324219 9.717060089111328125 2.1203632354736328125 1.0061948299407958984 4.8479099273681640625 1.0576897859573364258 6.270915985107421875 8.7206697463989257812 11.483317375183105469 13.42154693603515625 12.283387184143066406 13.977358818054199219 17.931392669677734375 16.8435211181640625 6.1959590911865234375 15.200856208801269531 14.950412750244140625 1.7053427696228027344 11.124604225158691406 16.681547164916992188 17.327302932739257812 16.144168853759765625 18.1624755859375 22.837617874145507812 18.661685943603515625 10.917726516723632812 9.97624969482421875 3.0670754909515380859 12.188489913940429688 9.7166337966918945312 4.7323923110961914062 6.3131341934204101562
0.68835985660552978516 1.0422633886337280273 2.23375701904296875 2.4758145809173583984 3.6449131965637207031 2.6751008033752441406 4.9136586189270019531 9.4700641632080078125 11.467221260070800781 6.4393253326416015625 2.7174947261810302734 3.437229156494140625 4.3585691452026367188 4.6777300834655761719 13.348990440368652344 13.039704322814941406 10.213070869445800781 8.5830202102661132812 7.1861014366149902344 6.9070525169372558594 13.688515663146972656 19.694362640380859375 10.3856048583984375 13.558013916015625 14.34039306640625 9.8928890228271484375 9.5939388275146484375 8.1020870208740234375 7.1303396224975585938 8.261837005615234375 10.935091018676757812 18.70218658447265625 22.837800979614257812 15.7880706787109375 12.836596488952636719 5.2123155593872070312 9.9290771484375 10.694886207580566406 6.8541669845581054688 7.7795419692993164062
4.270229339599609375 3.9046261310577392578 1.0576595067977905273 1.5515695810317993164 4.9173073768615722656 5.1249647140502929688 6.6619439125061035156 10.813901901245117188 9.6652517318725585938 2.9547724723815917969 2.1191425323486328125 3.0859472751617431641 1.6378307342529296875 9.6958417892456054688 15.230348587036132812 8.5654897689819335938 3.5552918910980224609 2.56586456298828125 4.4553179740905761719 1.0934898853302001953 8.4795141220092773438 20.84027099609375 17.055418014526367188 7.3790555000305175781 14.888544082641601562 14.527998924255371094 10.897074699401855469 7.5990543365478515625 3.46909332275390625 5.2089252471923828125 4.6965723037719726562 10.370929718017578125 19.28159332275390625 17.5335693359375 14.103017807006835938 9.0509881973266601562 7.4483957290649414062 11.661643028259277344 10.943429946899414062 9.0151872634887695312
5.7234640121459960938 5.8831973075866699219 4.7998251914978027344 3.2944486141204833984 3.4578924179077148438 7.8224029541015625 10.197234153747558594 10.856800079345703125 6.6340360641479492188 0.65598398447036743164 1.1841226816177368164 2.2034063339233398438 1.1836874485015869141 10.293188095092773438 12.829249382019042969 7.3690652847290039062 3.7574322223663330078 3.1591527462005615234 4.7927594184875488281 3.0662097930908203125 3.8604404926300048828 19.36469268798828125 22.445072174072265625 4.5650649070739746094 9.0337152481079101562 10.282541275024414062 8.214008331298828125 8.1215887069702148438 2.8066363334655761719 4.0664381980895996094 5.6404995918273925781 5.6735367774963378906 13.334564208984375 16.072626113891601562 13.982618331909179688 8.7273759841918945312 8.515026092529296875 12.805991172790527344 11.902029991149902344 8.6807069778442382812
3.9976913928985595703 2.0740339756011962891 1.70536041259765625 4.044536590576171875 3.6902742385864257812 11.103192329406738281 11.926823616027832031 8.5700531005859375 3.3996949195861816406 0.53339332342147827148 1.9788949489593505859 1.7524634599685668945 2.9554190635681152344 7.8224639892578125 9.4865198135375976562 11.381410598754882812 9.5866603851318359375 5.818389892578125 5.4726228713989257812 5.5686855316162109375 3.8336391448974609375 17.3609619140625 21.73325347900390625 10.350039482116699219 2.6525113582611083984 2.9779336452484130859 7.1367592811584472656 9.3046236038208007812 5.4979758262634277344 3.7563371658325195312 5.2126216888427734375 3.3726878166198730469 7.4846792221069335938 13.897918701171875 15.579290390014648438 10.852067947387695312 9.0978555679321289062 11.70568084716796875 10.38362884521484375 7.1545462608337402344
3.9134361743927001953 3.5622193813323974609 1.8011717796325683594 3.4644730091094970703 7.8165616989135742188 13.204090118408203125 10.441362380981445312 6.1986217498779296875 2.7364022731781005859 2.2479431629180908203 2.8961625099182128906 2.3543367385864257812 3.5507135391235351562 6.9372243881225585938 6.7099637985229492188 7.2790799140930175781 7.6038088798522949219 7.3682341575622558594 7.8188619613647460938 7.7376708984375 10.798200607299804688 20.446149826049804688 19.326547622680664062 9.8524599075317382812 1.1154602766036987305 6.3220376968383789062 10.231926918029785156 6.5694804191589355469 2.8486542701721191406 5.6497774124145507812 5.1095590591430664062 6.0713443756103515625 9.3651790618896484375 14.874531745910644531 17.210699081420898438 14.768157958984375 12.775799751281738281 11.565150260925292969 8.4807329177856445312 3.9478437900543212891
3.3808989524841308594 5.8886384963989257812 4.6325426101684570312 5.5859665870666503906 9.6843862533569335938 10.596837997436523438 7.4833302497863769531 4.8904781341552734375 3.2442276477813720703 3.0071632862091064453 3.0284316539764404297 2.7089161872863769531 2.5355522632598876953 5.0867280960083007812 5.1233706474304199219 5.3554739952087402344 4.1697745323181152344 3.8816976547241210938 7.06249237060546875 8.3208131790161132812 14.412566184997558594 19.71710205078125 13.422152519226074219 5.4341888427734375 0.69857102632522583008 7.9990968704223632812 8.9760446548461914062 4.7876262664794921875 10.954747200012207031 13.2800140380859375 13.536751747131347656 13.664370536804199219 12.657332420349121094 14.966974258422851562 16.190961837768554688 15.729176521301269531 17.145427703857421875 16.7434234619140625 13.696079254150390625 9.9300889968872070312
6.1749925613403320312 4.6140985488891601562 4.3991312980651855469 7.78289794921875 8.9368028640747070312 7.4541077613830566406 5.9883108139038085938 4.2584252357482910156 2.7456407546997070312 1.7828164100646972656 1.4331740140914916992 1.1068040132522583008 0.98276877403259277344 4.4531927108764648438 5.7641482353210449219 5.8277006149291992188 2.9465270042419433594 2.0063290596008300781 5.790706634521484375 8.4855947494506835938 12.349802017211914062 15.136609077453613281 7.9995946884155273438 2.9643099308013916016 1.9842700958251953125 7.9099164009094238281 9.037754058837890625 5.9660959243774414062 10.702019691467285156 9.81807708740234375 10.743297576904296875 10.054677963256835938 8.2122592926025390625 12.071505546569824219 14.974681854248046875 15.710795402526855469 16.927639007568359375 17.788095474243164062 17.161066055297851562 16.35748291015625
5.5909276008605957031 4.6638035774230957031 6.5405659675598144531 8.5273466110229492188 6.8292851448059082031 5.6255540847778320312 5.39818572998046875 3.5615286827087402344 1.5357995033264160156 1.0146974325180053711 1.438826441764831543 2.6116025447845458984 2.4813120365142822266 4.7837209701538085938 4.5144138336181640625 4.751529693603515625 3.7795245647430419922 4.3762578964233398438 4.4362897872924804688 4.9937419891357421875 9.9691257476806640625 12.935725212097167969 5.6477370262145996094 2.4662022590637207031 2.7616124153137207031 6.4826645851135253906 8.9392175674438476562 5.5726037025451660156 8.9412212371826171875 5.5525732040405273438 2.8877825736999511719 2.5532448291778564453 3.4054720401763916016 7.4599771499633789062 11.036363601684570312 11.462754249572753906 9.511692047119140625 6.2929244041442871094 3.7004959583282470703 3.6881866455078125
7.940196990966796875 8.0626478195190429688 7.1510710716247558594 6.4735407829284667969 5.3965167999267578125 4.2317719459533691406 4.5348029136657714844 2.6410579681396484375 0.74554085731506347656 1.7440717220306396484 7.2248167991638183594 9.8386936187744140625 9.7234182357788085938 6.6055583953857421875 2.8138239383697509766 2.1114978790283203125 5.2158718109130859375 5.5304808616638183594 4.6638059616088867188 6.6997637748718261719 10.72884368896484375 8.3246250152587890625 3.5082256793975830078 3.4053199291229248047 2.2280743122100830078 4.0278954505920410156 7.5723032951354980469 3.7916686534881591797 6.0902104377746582031 5.5300374031066894531 1.0127000808715820312 1.6022461652755737305 2.8372833728790283203 3.9259271621704101562 5.0259103775024414062 4.9872522354125976562 3.556427001953125 2.4154369831085205078 2.7574009895324707031 2.0999786853790283203
