wildfire/work/fuelmodels/1937/slope.asc
ncols        432
nrows        229
xllcorner    191480.000000000000
yllcorner    461505.000000000000
cellsize     5.000000000000
NODATA_value   -999
[rows 144 to 161 of 229, columns 200 to 239 of 432]
5.7031011581420898438 5.0922923088073730469 5.4916491508483886719 4.3689780235290527344 4.1731557846069335938 3.5082163810729980469 3.2774000167846679688 3.2034564018249511719 3.3449738025665283203 4.2658796310424804688 3.6389532089233398438 2.5546119213104248047 3.2543208599090576172 3.9154765605926513672 3.62674713134765625 3.4328141212463378906 2.9963805675506591797 2.0301573276519775391 1.2277643680572509766 1.5085201263427734375 2.2486226558685302734 2.5283534526824951172 2.8154580593109130859 2.8122129440307617188 3.4285364151000976562 4.6163964271545410156 2.5082795619964599609 2.0045721530914306641 3.1308548450469970703 2.7006888389587402344 3.3134109973907470703 2.7588403224945068359 2.1487810611724853516 1.8619379997253417969 2.9880933761596679688 4.0931634902954101562 4.0983486175537109375 4.3813300132751464844 5.5882096290588378906 6.4803442955017089844
5.2837963104248046875 4.5800957679748535156 5.1606192588806152344 5.0622920989990234375 4.8403935432434082031 4.0984706878662109375 2.9196505546569824219 3.0498774051666259766 3.2876787185668945312 3.5106749534606933594 2.9894392490386962891 2.6278302669525146484 3.3683476448059082031 4.7154221534729003906 4.8971605300903320312 3.971343994140625 2.2567341327667236328 1.7218928337097167969 1.6913470029830932617 1.2586973905563354492 2.2050251960754394531 2.1764180660247802734 2.5946967601776123047 2.8566129207611083984 3.8151674270629882812 4.5927305221557617188 2.5894153118133544922 1.6129397153854370117 2.7716522216796875 2.2210166454315185547 1.2006726264953613281 1.5048456192016601562 1.4300076961517333984 1.5936834812164306641 2.3242907524108886719 2.0912859439849853516 1.5463109016418457031 2.4087109565734863281 4.198238372802734375 5.6311306953430175781
3.2585391998291015625 3.698474884033203125 4.9230413436889648438 5.9399585723876953125 6.0537705421447753906 5.5125589370727539062 3.4492726325988769531 2.7676420211791992188 3.3865685462951660156 3.1398971080780029297 3.0682375431060791016 1.9555270671844482422 3.334712982177734375 5.4891648292541503906 5.1606059074401855469 1.7932856082916259766 1.5433175563812255859 1.6436840295791625977 1.5195584297180175781 0.98789393901824951172 1.4639319181442260742 1.9778906106948852539 4.2625513076782226562 4.8253736495971679688 4.0447888374328613281 4.578533172607421875 3.2326619625091552734 2.9279510974884033203 2.6086862087249755859 1.6129397153854370117 1.6060237884521484375 1.8221105337142944336 0.95508587360382080078 1.5593442916870117188 1.4229128360748291016 1.4903116226196289062 1.2762746810913085938 0.94228690862655639648 3.2838482856750488281 5.6422963142395019531
1.3502794504165649414 2.4497303962707519531 3.9160120487213134766 5.3734102249145507812 6.29300689697265625 6.8997821807861328125 6.3071494102478027344 4.6028347015380859375 4.1730585098266601562 3.3786740303039550781 2.9719882011413574219 1.7639662027359008789 3.8968822956085205078 6.5915536880493164062 4.3577475547790527344 1.2178567647933959961 1.7218762636184692383 2.2962613105773925781 2.2024922370910644531 1.3696136474609375 0.9363600611686706543 0.82603681087493896484 3.0103361606597900391 6.3799090385437011719 3.5513141155242919922 4.6750354766845703125 4.140987396240234375 2.9196441173553466797 1.7254106998443603516 1.2240608930587768555 2.1336660385131835938 1.3245418071746826172 0.79035580158233642578 1.8179432153701782227 0.96771949529647827148 1.8987948894500732422 3.1422939300537109375 2.8160042762756347656 4.6932396888732910156 6.715343475341796875
2.587665557861328125 1.1612261533737182617 3.2163491249084472656 4.4847784042358398438 6.0584750175476074219 7.5404834747314453125 8.414356231689453125 7.7396483421325683594 6.264881134033203125 5.2451925277709960938 5.0882368087768554688 5.0002684593200683594 6.6793131828308105469 7.6035676002502441406 3.6289753913879394531 1.8087600469589233398 2.5706417560577392578 3.1302285194396972656 2.8825438022613525391 2.0803830623626708984 1.3517894744873046875 2.8451018333435058594 4.651752471923828125 4.8127985000610351562 2.7994215488433837891 4.4823274612426757812 5.1663889884948730469 3.5813446044921875 1.6507691144943237305 1.0543287992477416992 1.1733996868133544922 1.1067925691604614258 1.4967374801635742188 2.0221571922302246094 1.4953850507736206055 2.6758563518524169922 4.2546143531799316406 3.9779183864593505859 6.3594841957092285156 9.163455963134765625
3.7425813674926757812 2.0472631454467773438 4.0624608993530273438 4.7674384117126464844 4.6944150924682617188 6.2037363052368164062 7.8472757339477539062 9.429534912109375 8.9030857086181640625 8.0240497589111328125 7.7924084663391113281 6.7953824996948242188 6.894622802734375 5.2161130905151367188 1.5515038967132568359 1.2073781490325927734 2.1239137649536132812 3.24170684814453125 3.5072014331817626953 3.5746915340423583984 3.7490496635437011719 4.014308929443359375 2.8571369647979736328 2.1939790248870849609 2.3799841403961181641 4.0046362876892089844 4.7876086235046386719 4.6420154571533203125 2.4706904888153076172 1.0422633886337280273 0.22498580813407897949 1.1994305849075317383 2.2269341945648193359 1.9448873996734619141 2.1849665641784667969 5.4341869354248046875 3.6084532737731933594 2.0561451911926269531 6.6173548698425292969 10.196485519409179688
4.5808362960815429688 5.1492891311645507812 5.152713775634765625 4.4147143363952636719 4.0128235816955566406 4.6387572288513183594 6.2219743728637695312 7.0063948631286621094 7.7339768409729003906 7.5162539482116699219 7.0635523796081542969 6.91866302490234375 5.7412919998168945312 2.5923528671264648438 1.5298361778259277344 3.4056000709533691406 4.1132092475891113281 4.5286660194396972656 4.0128092765808105469 4.5720310211181640625 5.2539172172546386719 4.4005126953125 3.0157208442687988281 2.0642576217651367188 2.3466062545776367188 3.2224802970886230469 3.5296194553375244141 5.6426615715026855469 4.0846362113952636719 1.115459442138671875 1.438822627067565918 1.3291361331939697266 2.2854421138763427734 1.8725174665451049805 1.4003149271011352539 6.1897726058959960938 4.5242238044738769531 2.4304525852203369141 6.8739571571350097656 9.1640710830688476562
5.4502158164978027344 6.0697083473205566406 3.4730556011199951172 3.1553096771240234375 4.758769989013671875 3.9108769893646240234 4.2403888702392578125 4.375362396240234375 5.31317138671875 5.7080450057983398438 4.7218313217163085938 4.4133286476135253906 4.5640625953674316406 3.8383708000183105469 1.93262481689453125 3.1660168170928955078 3.9780881404876708984 4.3643546104431152344 3.7662649154663085938 4.0086684226989746094 3.8671131134033203125 3.4210412502288818359 3.4084601402282714844 2.9921624660491943359 3.0325970649719238281 2.3560423851013183594 1.9430615901947021484 5.3358855247497558594 5.6422801017761230469 2.1457171440124511719 2.4513788223266601562 2.8210136890411376953 4.5746827125549316406 4.2337012290954589844 5.3160958290100097656 8.0636434555053710938 5.2635045051574707031 4.1972794532775878906 6.9719066619873046875 8.318675994873046875
4.8093514442443847656 4.1429471969604492188 1.9260721206665039062 2.8488311767578125 5.2875814437866210938 4.4899721145629882812 3.3746166229248046875 3.8118619918823242188 4.4204468727111816406 4.22510528564453125 2.9078576564788818359 1.5515387058258056641 1.0061948299407958984 2.4651510715484619141 1.8137667179107666016 2.5946967601776123047 6.0387964248657226562 4.3975315093994140625 4.306041717529296875 3.24436187744140625 1.784226536750793457 1.8824859857559204102 2.2337274551391601562 1.2762626409530639648 3.7022929191589355469 3.5466065406799316406 2.7659966945648193359 5.1615085601806640625 6.3372793197631835938 2.7573926448822021484 1.973534703254699707 1.8179330825805664062 2.2685716152191162109 1.6799433231353759766 4.50634765625 6.3503656387329101562 3.5100879669189453125 5.0170679092407226562 6.9506859779357910156 8.6604986190795898438
5.7326941490173339844 3.7209644317626953125 2.3560533523559570312 3.2224712371826171875 4.3813581466674804688 5.2929177284240722656 3.027744293212890625 2.9471883773803710938 1.8923623561859130859 2.2969291210174560547 1.1673430204391479492 2.8466870784759521484 3.0007534027099609375 3.8983118534088134766 6.6976690292358398438 7.7382574081420898438 9.3949384689331054688 5.866298675537109375 3.4350233078002929688 3.3231744766235351562 5.4577879905700683594 2.4823405742645263672 0.41852477192878723145 2.2533307075500488281 5.9195098876953125 3.2784638404846191406 3.8293015956878662109 4.9127964973449707031 5.6304068565368652344 2.3759450912475585938 2.0951616764068603516 2.1279683113098144531 3.849033355712890625 4.1929597854614257812 7.1303558349609375 6.2887721061706542969 2.3765780925750732422 3.0130209922790527344 6.8984556198120117188 8.150440216064453125
6.3169598579406738281 5.0043587684631347656 4.061817169189453125 2.8853306770324707031 2.1201572418212890625 5.431140899658203125 3.2950310707092285156 0.78264832496643066406 1.8463802337646484375 1.8843648433685302734 3.7055470943450927734 5.8834180831909179688 6.2477860450744628906 7.7911419868469238281 9.453861236572265625 9.9100208282470703125 8.5326442718505859375 3.7837953567504882812 2.9326157569885253906 4.8031864166259765625 4.74060821533203125 7.2617778778076171875 7.8847241401672363281 7.1775670051574707031 6.2364912033081054688 3.3834447860717773438 4.067310333251953125 4.5464687347412109375 4.2568759918212890625 2.7851104736328125 3.2524805068969726562 3.0741457939147949219 1.5706622600555419922 3.3814988136291503906 7.4992275238037109375 6.3295922279357910156 4.0697717666625976562 2.4569432735443115234 4.5080251693725585938 5.887790679931640625
5.6329936981201171875 6.3344597816467285156 5.1440682411193847656 1.9984818696975708008 1.2027690410614013672 3.8605742454528808594 4.2111988067626953125 2.9212038516998291016 2.4886260032653808594 3.0397427082061767578 7.0581612586975097656 6.0584173202514648438 6.1228642463684082031 6.34389495849609375 5.3958754539489746094 4.724086761474609375 3.5307490825653076172 2.1317477226257324219 3.5100915431976318359 4.7054796218872070312 5.1403779983520507812 5.6355834007263183594 4.1043577194213867188 4.2359409332275390625 4.46764373779296875 4.1101446151733398438 3.4742109775543212891 1.6535207033157348633 2.7659924030303955078 4.6467924118041992188 4.74954986572265625 6.7027792930603027344 4.13806915283203125 2.2269318103790283203 6.8033695220947265625 7.4105997085571289062 5.6870851516723632812 2.3859262466430664062 1.209071040153503418 3.3298370838165283203
5.1902093887329101562 6.7761988639831542969 7.2528963088989257812 2.9677197933197021484 2.5229463577270507812 1.7315647602081298828 2.4310553073883056641 2.8637106418609619141 1.9919172525405883789 6.4133882522583007812 5.61760711669921875 3.6116778850555419922 3.1567332744598388672 3.0162184238433837891 2.0512187480926513672 1.0112015008926391602 0.95509797334671020508 2.0740227699279785156 3.3995192050933837891 4.7770509719848632812 1.6556558609008789062 2.4078536033630371094 1.951084136962890625 0.95666348934173583984 1.7245275974273681641 2.6790726184844970703 1.3412506580352783203 0.71998393535614013672 3.9575755596160888672 6.4890117645263671875 3.8906500339508056641 7.1130781173706054688 7.0425677299499511719 4.3560214042663574219 5.0197024345397949219 7.2746834754943847656 6.0991320610046386719 3.3080716133117675781 1.6669422388076782227 3.0872797966003417969
4.5768752098083496094 5.7301487922668457031 7.9806532859802246094 4.7968640327453613281 1.5403856039047241211 1.0186812877655029297 1.8910458087921142578 1.0971579551696777344 4.0773510932922363281 5.6633048057556152344 4.7485880851745605469 3.2436034679412841797 3.4788730144500732422 3.7404401302337646484 2.4476735591888427734 1.5978157520294189453 0.94924467802047729492 1.0818296670913696289 3.1604177951812744141 5.6279854774475097656 6.4152765274047851562 5.4578771591186523438 3.257434844970703125 1.7104078531265258789 1.3737004995346069336 2.4993906021118164062 2.0776956081390380859 4.315067291259765625 6.7643342018127441406 6.5314044952392578125 3.5620987415313720703 5.8494391441345214844 6.7252173423767089844 5.8062548637390136719 5.4723482131958007812 6.1293430328369140625 4.3813228607177734375 4.6599020957946777344 2.9021162986755371094 1.9257980585098266602
4.5170989036560058594 4.38271331787109375 6.4758143424987792969 5.9952917098999023438 2.4070241451263427734 1.4349380731582641602 1.7997325658798217773 4.2193546295166015625 3.3726871013641357422 2.9470338821411132812 5.3568811416625976562 3.3794100284576416016 3.7501368522644042969 3.9365925788879394531 2.8652911186218261719 1.7544749975204467773 2.7527909278869628906 3.1107680797576904297 3.2946109771728515625 4.9523644447326660156 7.4929914474487304688 6.0156354904174804688 3.0462357997894287109 1.9594019651412963867 2.1064713001251220703 4.134761810302734375 5.9875617027282714844 6.6618580818176269531 5.1425180435180664062 3.9442801475524902344 1.5911492109298706055 2.8183274269104003906 4.0223708152770996094 3.7436871528625488281 3.1487283706665039062 3.9115116596221923828 3.0985553264617919922 4.4971532821655273438 3.7209477424621582031 1.024634242057800293
4.2735681533813476562 4.8762044906616210938 3.9169073104858398438 4.9132905006408691406 2.7395477294921875 0.45223474502563476562 3.6165363788604736328 4.7208790779113769531 0.70435929298400878906 1.1682019233703613281 4.1451244354248046875 1.9979919195175170898 2.0647439956665039062 4.69870758056640625 4.4041876792907714844 4.4194078445434570312 3.6853477954864501953 3.0017788410186767578 3.1998236179351806641 2.8947758674621582031 2.7987067699432373047 4.6098384857177734375 3.8719108104705810547 3.6977725028991699219 4.5799736976623535156 7.0939245223999023438 6.804538726806640625 4.7989706993103027344 3.3516192436218261719 2.6133222579956054688 1.7405905723571777344 2.9711437225341796875 4.6519908905029296875 4.3577589988708496094 1.5515366792678833008 2.5678522586822509766 2.5898044109344482422 4.0459027290344238281 4.19826507568359375 2.6318416595458984375
2.6745443344116210938 6.042514801025390625 3.9565477371215820312 3.6572291851043701172 2.1229832172393798828 1.7104042768478393555 4.5043115615844726562 2.8578631877899169922 2.7456085681915283203 2.8210136890411376953 3.9355680942535400391 1.8056514263153076172 4.7384786605834960938 5.2303762435913085938 3.6267592906951904297 3.7209322452545166016 0.96615672111511230469 1.4639246463775634766 2.2024824619293212891 0.91613239049911499023 0.38183197379112243652 3.223751068115234375 6.6901617050170898438 7.5530505180358886719 7.7049455642700195312 8.7221651077270507812 6.6021294593811035156 5.6916165351867675781 6.2779736518859863281 6.2713150978088378906 5.7718167304992675781 5.4861502647399902344 5.9226541519165039062 6.102100372314453125 3.6489577293395996094 2.41646575927734375 1.4957147836685180664 3.0083360671997070312 4.2603278160095214844 5.7136774063110351562
2.1544327735900878906 5.1660900115966796875 4.8056845664978027344 2.8672037124633789062 1.8334401845932006836 3.4354403018951416016 5.76422119140625 1.4405879974365234375 0.65597397089004516602 3.3614122867584228516 4.9376697540283203125 3.2073976993560791016 4.6066746711730957031 4.8495721817016601562 2.4196009635925292969 2.0022947788238525391 0.70291221141815185547 1.6050729751586914062 1.6204351186752319336 0.56383472681045532227 1.2983107566833496094 3.9319698810577392578 5.3958644866943359375 6.6601247787475585938 7.1444849967956542969 7.040409088134765625 5.6568155288696289062 6.0908145904541015625 6.6291098594665527344 6.2782077789306640625 5.7798252105712890625 4.6734089851379394531 5.3497319221496582031 6.9759321212768554688 5.93581390380859375 3.5466001033782958984 2.3405478000640869141 2.3678436279296875 3.7908685207366943359 7.4305987358093261719
