wildfire/work/fuelmodels/1764/aspect.asc
ncols        486
nrows        377
xllcorner    181220.000000000000
yllcorner    480860.000000000000
cellsize     5.000000000000
NODATA_value   -999
[rows 76 to 94 of 377, columns 210 to 251 of 486]
324.463623046875 18.434906005859375 89.99979400634765625 210.9632568359375 153.434600830078125 179.9995880126953125 314.999267578125 335.554534912109375 333.434906005859375 340.200531005859375 21.03729248046875 81.86956024169921875 314.999267578125 301.758514404296875 78.690093994140625 103.57036590576171875 306.869354248046875 0 349.50787353515625 345.410369873046875 320.11651611328125 293.748748779296875 287.02008056640625 349.694610595703125 353.9031982421875 356.422760009765625 25.312824249267578125 39.975833892822265625 61.07338714599609375 52.12468719482421875 340.2008056640625 76.1590576171875 81.193084716796875 0.010928027331829071045 91.576171875 89.2254791259765625 89.99979400634765625 108.4346923828125 134.9996795654296875 163.30078125 295.252716064453125 277.620452880859375
251.566650390625 134.99603271484375 89.9979705810546875 314.999267578125 314.999267578125 0 309.2884521484375 329.034515380859375 89.99979400634765625 245.5555419921875 104.03583526611328125 86.42337799072265625 269.999359130859375 205.0160980224609375 135.00006103515625 45.01082611083984375 303.549957275390625 286.5865478515625 333.82415771484375 339.375701904296875 339.361724853515625 324.78179931640625 290.6370849609375 312.229339599609375 344.309112548828125 337.863739013671875 29.931392669677734375 39.245288848876953125 37.93320465087890625 44.999897003173828125 93.575836181640625 119.666412353515625 123.0556793212890625 153.9243927001953125 117.0716705322265625 84.01895904541015625 43.090526580810546875 357.27294921875 28.300533294677734375 8.6729574203491210938 297.837310791015625 284.6845703125
0 18.434906005859375 11.310326576232910156 355.600341796875 325.0074462890625 357.87841796875 0.00068302615545690059662 300.9598388671875 86.18630218505859375 209.74481201171875 201.038177490234375 44.9992523193359375 5.7111749649047851562 53.129978179931640625 61.38915252685546875 309.89715576171875 302.591796875 308.41717529296875 316.846893310546875 345.761871337890625 18.434820175170898438 355.954681396484375 317.4052734375 335.771575927734375 357.953521728515625 277.8150634765625 67.61962127685546875 57.608501434326171875 68.907623291015625 70.3776702880859375 59.499996185302734375 76.503997802734375 69.30419921875 63.97006988525390625 87.33686065673828125 101.9292144775390625 114.0753631591796875 262.874176025390625 7.8534989356994628906 23.907812118530273438 309.99835205078125 282.547149658203125
0 15.254242897033691406 351.86865234375 359.998382568359375 296.564056396484375 324.46392822265625 60.25615692138671875 44.999897003173828125 84.80501556396484375 35.535526275634765625 291.800811767578125 0 45.000736236572265625 45.000804901123046875 11.309696197509765625 292.269561767578125 293.817840576171875 302.052642822265625 300.814971923828125 347.004486083984375 56.768169403076171875 343.609710693359375 299.5596923828125 339.273773193359375 50.194240570068359375 209.0537109375 149.420135498046875 117.1807861328125 96.779266357421875 66.25023651123046875 31.7150421142578125 56.016956329345703125 69.84218597412109375 89.99979400634765625 29.054534912109375 46.652233123779296875 61.966075897216796875 247.8325042724609375 237.874114990234375 64.65392303466796875 297.6451416015625 274.60723876953125
0 354.803680419921875 350.53656005859375 35.537006378173828125 261.8662109375 209.050811767578125 122.47090911865234375 108.4346923828125 113.1979522705078125 134.9996795654296875 244.9814300537109375 195.2534942626953125 125.539459228515625 90.00057220458984375 180.00140380859375 249.774566650390625 254.0540618896484375 282.136138916015625 282.36834716796875 141.5821685791015625 94.87378692626953125 325.303985595703125 285.545684814453125 320.101531982421875 50.44020843505859375 42.662540435791015625 66.8013153076171875 35.272434234619140625 23.483957290649414062 22.023008346557617188 34.919345855712890625 61.220058441162109375 103.65021514892578125 175.6401824951171875 247.7899932861328125 53.350620269775390625 30.70957183837890625 1.8966317176818847656 2.6024940013885498047 44.99898529052734375 239.8263092041015625 266.076690673828125
0 288.43426513671875 0 111.037811279296875 175.601654052734375 201.0371551513671875 153.4318695068359375 314.998504638671875 13.239557266235351562 60.524280548095703125 201.035125732421875 182.724884033203125 179.9995880126953125 151.6994781494140625 134.9996795654296875 271.272430419921875 284.114410400390625 289.0780029296875 300.963043212890625 52.43131256103515625 34.260929107666015625 341.564208984375 312.84625244140625 336.399017333984375 59.190929412841796875 30.068536758422851562 18.7333831787109375 357.779541015625 352.3245849609375 37.17618560791015625 49.50208282470703125 41.933444976806640625 66.97137451171875 38.717376708984375 265.63409423828125 88.3634796142578125 12.131273269653320312 357.1007080078125 13.824194908142089844 24.550264358520507812 354.5069580078125 281.928680419921875
167.904815673828125 183.36614990234375 218.290069580078125 93.81317901611328125 118.30088043212890625 171.8700408935546875 210.2553863525390625 299.930755615234375 5.80649566650390625 54.34476470947265625 32.472015380859375 98.12680816650390625 225.002197265625 303.689361572265625 349.3792724609375 301.896575927734375 300.66827392578125 284.644561767578125 300.96307373046875 28.877305984497070312 9.00835418701171875 337.81256103515625 329.380706787109375 43.49271392822265625 68.860107421875 356.11126708984375 0 66.91460418701171875 172.5279541015625 163.4426727294921875 63.434906005859375 37.4053497314453125 43.81133270263671875 25.538694381713867188 344.905181884765625 352.348541259765625 9.4620790481567382812 308.479644775390625 13.348635673522949219 36.469112396240234375 5.5530219078063964844 289.0865478515625
113.9613800048828125 204.444976806640625 257.275665283203125 45.003536224365234375 51.709941864013671875 31.759441375732421875 312.768035888671875 308.210296630859375 358.22760009765625 41.784465789794921875 41.710704803466796875 26.564441680908203125 347.735137939453125 317.9200439453125 337.213104248046875 336.890777587890625 332.079498291015625 304.719146728515625 294.7017822265625 24.179044723510742188 9.2109270095825195312 8.4269571304321289062 149.2021331787109375 169.5710296630859375 205.786895751953125 270.5780029296875 333.16510009765625 68.080474853515625 60.851856231689453125 284.215240478515625 46.101413726806640625 51.418666839599609375 59.74333953857421875 40.745967864990234375 20.618188858032226562 34.96308135986328125 20.224740982055664062 290.911895751953125 65.5560455322265625 79.90233612060546875 342.511138916015625 291.009063720703125
356.41217041015625 0.55624854564666748047 359.079193115234375 1.9811800718307495117 4.5502796173095703125 1.2590311765670776367 348.989654541015625 343.259429931640625 356.56146240234375 25.253101348876953125 20.892831802368164062 0.14648339152336120605 0.14435215294361114502 336.69244384765625 333.499481201171875 348.40240478515625 342.060302734375 325.226104736328125 320.761932373046875 27.181060791015625 338.701904296875 51.581874847412109375 70.67173004150390625 14.036310195922851562 293.83807373046875 277.649932861328125 256.865264892578125 52.18413543701171875 26.09920501708984375 6.556949615478515625 6.3399372100830078125 42.731899261474609375 35.18061065673828125 11.154600143432617188 23.62944793701171875 39.77405548095703125 24.558126449584960938 310.913726806640625 64.98291778564453125 32.73485565185546875 319.26708984375 285.075408935546875
354.678131103515625 5.1804513931274414062 2.1961205005645751953 5.4486627578735351562 9.5687351226806640625 5.4403033256530761719 3.172168731689453125 6.3401589393615722656 4.0444593429565429688 16.675029754638671875 11.924471855163574219 354.779876708984375 359.24530029296875 353.65899658203125 337.4957275390625 316.846893310546875 314.999267578125 299.677734375 309.80474853515625 0 314.999359130859375 18.434940338134765625 23.469152450561523438 7.2722201347351074219 0.90223944187164306641 317.488861083984375 224.9994659423828125 278.74530029296875 26.965700149536132812 32.067325592041015625 5.3226680755615234375 23.865718841552734375 17.204891204833984375 358.307403564453125 12.050789833068847656 34.228488922119140625 29.475786209106445312 354.80474853515625 21.556978225708007812 9.1370229721069335938 346.758575439453125 275.463165283203125
12.847615242004394531 74.68303680419921875 115.6649017333984375 133.6357269287109375 64.2897491455078125 19.736782073974609375 39.48494720458984375 44.999797821044921875 24.227643966674804688 2.8914341926574707031 358.62420654296875 339.8795166015625 350.393951416015625 54.1885986328125 44.999897003173828125 277.124267578125 245.4321136474609375 241.503753662109375 282.99365234375 321.33935546875 316.547454833984375 11.023532867431640625 38.345340728759765625 50.332004547119140625 74.966461181640625 89.309234619140625 270.70684814453125 271.19287109375 138.8138427734375 12.994561195373535156 354.37677001953125 15.130114555358886719 17.43279266357421875 353.2330322265625 16.57396697998046875 45.62944793701171875 31.476678848266601562 5.4252076148986816406 21.037443161010742188 2.8623547554016113281 10.175439834594726562 311.6328125
16.331722259521484375 24.92026519775390625 26.424224853515625 15.642119407653808594 13.954427719116210938 2.6195948123931884766 43.064849853515625 53.71723175048828125 22.6198272705078125 341.861297607421875 355.538299560546875 1.7356554269790649414 19.230569839477539062 67.2487640380859375 9.7275867462158203125 339.985687255859375 354.6561279296875 331.188385009765625 280.34808349609375 287.1396484375 281.591522216796875 342.823333740234375 29.357614517211914062 27.943075180053710938 64.25916290283203125 55.840206146240234375 302.70416259765625 293.55218505859375 144.865234375 274.80731201171875 310.134765625 25.497365951538085938 34.78591156005859375 11.310038566589355469 29.320413589477539062 50.39759063720703125 29.744861602783203125 15.859417915344238281 12.665043830871582031 358.17108154296875 20.343988418579101562 342.240966796875
359.39605712890625 5.240642547607421875 18.37110137939453125 15.888611793518066406 15.572518348693847656 17.9388885498046875 49.061374664306640625 63.434886932373046875 10.738965988159179688 341.564208984375 352.40460205078125 358.393218994140625 36.61669158935546875 51.3400115966796875 335.37567138671875 318.54803466796875 15.561492919921875 20.798883438110351562 304.64605712890625 304.623504638671875 307.04180908203125 334.854400634765625 25.346136093139648438 13.921057701110839844 57.751995086669921875 40.53902435302734375 334.09259033203125 56.976200103759765625 95.1933135986328125 266.8934326171875 256.372406005859375 59.03546142578125 49.63530731201171875 29.167697906494140625 17.676122665405273438 27.776494979858398438 13.079134941101074219 11.21884918212890625 11.029481887817382812 14.114918708801269531 38.0887298583984375 342.645050048828125
358.334075927734375 359.300445556640625 19.237592697143554688 25.463235855102539062 34.18820953369140625 40.1147308349609375 45.530406951904296875 50.710552215576171875 14.036246299743652344 346.732574462890625 355.029449462890625 2.5336127281188964844 44.999897003173828125 32.242374420166015625 351.3563232421875 292.808837890625 26.564867019653320312 11.121321678161621094 332.579071044921875 321.403564453125 310.6004638671875 347.346527099609375 8.4271841049194335938 3.7314805984497070312 57.4141693115234375 45.795558929443359375 31.184736251831054688 101.8417510986328125 179.2147369384765625 236.54608154296875 254.0539703369140625 279.461639404296875 77.31940460205078125 78.6899871826171875 4.635547637939453125 6.1885981559753417969 359.075103759765625 10.270985603332519531 15.033260345458984375 22.988645553588867188 34.198329925537109375 347.0045166015625
351.7724609375 4.0057282447814941406 23.153026580810546875 40.2797088623046875 67.45134735107421875 87.32434844970703125 91.67465972900390625 69.7022857666015625 43.228389739990234375 328.649627685546875 353.92669677734375 2.9608983993530273438 20.480316162109375 25.28564453125 3.1364247798919677734 333.686553955078125 358.263336181640625 14.139019012451171875 355.60064697265625 266.632965087890625 251.1304168701171875 151.698944091796875 213.4391326904296875 199.5362091064453125 87.5803070068359375 68.27275848388671875 67.573974609375 84.2891998291015625 118.610015869140625 245.5552520751953125 251.3747406005859375 235.7126312255859375 120.06838226318359375 145.3043212890625 189.6883087158203125 193.706573486328125 197.487518310546875 190.783843994140625 349.99169921875 40.5324859619140625 45.979137420654296875 336.973785400390625
336.1239013671875 112.3800506591796875 106.4674224853515625 93.6282958984375 82.9506072998046875 75.19482421875 55.304767608642578125 58.8285064697265625 41.0205230712890625 346.55059814453125 345.067626953125 328.77081298828125 355.930633544921875 10.650590896606445312 358.946624755859375 348.75469970703125 18.1217498779296875 51.131977081298828125 34.38005828857421875 294.075225830078125 240.12353515625 138.365997314453125 188.470672607421875 199.05731201171875 125.247222900390625 91.12311553955078125 85.23626708984375 78.94350433349609375 60.780918121337890625 272.35272216796875 250.0830230712890625 207.8967742919921875 154.322967529296875 137.0822906494140625 192.170867919921875 212.799072265625 193.2980194091796875 204.927947998046875 231.3397979736328125 81.86861419677734375 44.999897003173828125 317.32098388671875
107.7834320068359375 137.1050872802734375 140.0535430908203125 127.97136688232421875 98.3719482421875 67.364990234375 38.157115936279296875 35.53757476806640625 21.390489578247070312 9.9460096359252929688 346.32781982421875 332.144775390625 349.002960205078125 352.631103515625 353.332550048828125 10.724457740783691406 57.74506378173828125 70.99379730224609375 42.8389739990234375 348.689697265625 316.973846435546875 75.1733245849609375 116.074981689453125 214.3145599365234375 163.392669677734375 114.3527374267578125 105.478424072265625 80.86980438232421875 36.8699188232421875 327.993865966796875 314.01165771484375 225.0008392333984375 198.4351043701171875 72.6458282470703125 332.649322509765625 313.3626708984375 352.23406982421875 333.43426513671875 280.668853759765625 294.773590087890625 26.564989089965820312 310.235870361328125
95.74399566650390625 91.4141693115234375 91.4199066162109375 97.64014434814453125 99.00457000732421875 85.32566070556640625 54.272472381591796875 31.17130279541015625 13.736252784729003906 9.31705474853515625 345.32275390625 338.7486572265625 18.838476181030273438 295.2003173828125 287.877777099609375 76.5616912841796875 79.380157470703125 62.592342376708984375 35.0738372802734375 11.003624916076660156 339.56622314453125 68.87512969970703125 77.9051971435546875 272.48895263671875 173.6591339111328125 92.4892730712890625 77.5923309326171875 26.878084182739257812 6.0541529655456542969 343.481292724609375 350.394012451171875 358.511199951171875 356.230621337890625 12.875185966491699219 356.45440673828125 344.309051513671875 350.165557861328125 354.5218505859375 328.32403564453125 258.689453125 213.6895599365234375 289.982421875
143.01092529296875 118.68584442138671875 92.7699737548828125 83.81988525390625 56.103641510009765625 31.487348556518554688 18.262844085693359375 9.7486095428466796875 7.6712055206298828125 4.6713476181030273438 2.2025909423828125 4.0536417961120605469 68.838775634765625 187.2524566650390625 243.0190582275390625 101.12905120849609375 87.63842010498046875 51.40425872802734375 32.90523529052734375 18.434722900390625 2.0212726593017578125 40.914333343505859375 30.42572784423828125 358.289215087890625 13.90262603759765625 43.602687835693359375 34.99184417724609375 2.5791945457458496094 340.65850830078125 352.3843994140625 355.155120849609375 350.6461181640625 5.5275859832763671875 7.935787200927734375 358.280792236328125 357.775146484375 2.8464984893798828125 3.9723494052886962891 352.430938720703125 8.1301250457763671875 0.51607787609100341797 299.196807861328125
