wildfire/work/fuelmodels/1764/aspect.asc
ncols        486
nrows        377
xllcorner    181220.000000000000
yllcorner    480860.000000000000
cellsize     5.000000000000
NODATA_value   -999
[rows 190 to 208 of 377, columns 336 to 377 of 486]
303.40716552734375 298.16766357421875 298.964508056640625 297.411712646484375 297.194000244140625 307.138763427734375 301.63433837890625 287.4742431640625 164.290618896484375 238.613525390625 160.615264892578125 128.6345672607421875 129.3080291748046875 126.86960601806640625 127.30361175537109375 132.84869384765625 140.5869293212890625 146.449127197265625 153.7048492431640625 149.2806549072265625 134.9996795654296875 137.7259368896484375 159.3253326416015625 187.205902099609375 199.798187255859375 221.2476654052734375 238.32421875 235.1539764404296875 229.9265289306640625 237.69903564453125 240.2547607421875 219.472198486328125 206.0290985107421875 226.1927490234375 238.5530853271484375 240.523590087890625 195.94586181640625 129.5074615478515625 129.3514556884765625 151.620330810546875 191.5916900634765625 199.230377197265625
301.743499755859375 298.739227294921875 295.36053466796875 293.319427490234375 290.0465087890625 284.573577880859375 266.247650146484375 150.9451446533203125 158.662445068359375 218.12945556640625 152.7000732421875 138.26531982421875 135.690032958984375 135.1838836669921875 137.0130767822265625 137.101287841796875 143.26409912109375 149.2109832763671875 159.24554443359375 163.473785400390625 150.7617645263671875 145.5512237548828125 172.694091796875 206.56524658203125 216.0265045166015625 238.7807769775390625 242.6496124267578125 239.236541748046875 240.253997802734375 254.2183380126953125 254.2186431884765625 214.5620880126953125 207.2989654541015625 228.5316925048828125 237.8874969482421875 240.4389495849609375 202.0112457275390625 120.79311370849609375 125.5370635986328125 158.4278106689453125 189.46209716796875 200.1571807861328125
285.62518310546875 280.27032470703125 276.871551513671875 272.428619384765625 269.999359130859375 269.124664306640625 245.555328369140625 142.594482421875 140.4399261474609375 167.99169921875 156.2942657470703125 145.028656005859375 134.6113128662109375 132.3263702392578125 135.5479583740234375 134.9996795654296875 138.2700958251953125 140.35546875 151.8311920166015625 165.9633026123046875 157.4095306396484375 158.1984100341796875 199.9829559326171875 220.913543701171875 236.001861572265625 255.57855224609375 249.623321533203125 238.814239501953125 229.2669830322265625 238.5474090576171875 239.7822418212890625 196.3891754150390625 208.685791015625 225.89483642578125 225.53485107421875 223.430084228515625 197.2411956787109375 137.063751220703125 128.722381591796875 163.7047882080078125 202.011016845703125 241.143829345703125
261.869140625 257.98785400390625 259.97039794921875 262.42852783203125 260.252349853515625 247.52001953125 192.6384429931640625 161.035430908203125 151.2518310546875 151.2883758544921875 157.240966796875 153.4909515380859375 148.1597442626953125 139.980804443359375 134.017608642578125 134.1983795166015625 136.431732177734375 134.9996795654296875 142.1245269775390625 162.4503631591796875 167.8281402587890625 176.633392333984375 219.9198150634765625 241.9263458251953125 255.96270751953125 253.2173004150390625 231.4829559326171875 221.0538177490234375 217.6727752685546875 229.7631988525390625 224.3903045654296875 194.8079071044921875 208.20123291015625 216.1791229248046875 211.327850341796875 216.07537841796875 196.284454345703125 157.2294464111328125 147.8935394287109375 191.308990478515625 247.479522705078125 283.87701416015625
252.6170196533203125 252.396759033203125 247.8090972900390625 245.282012939453125 243.80889892578125 223.1008148193359375 170.6103363037109375 151.825958251953125 146.4902191162109375 149.215545654296875 155.3437042236328125 152.6219024658203125 155.0890655517578125 153.900421142578125 144.63092041015625 142.620849609375 143.426666259765625 143.193939208984375 147.5928497314453125 158.497955322265625 188.3253936767578125 205.25323486328125 237.094268798828125 262.953582763671875 265.6014404296875 250.8669586181640625 236.3090972900390625 213.36517333984375 216.8695526123046875 219.6853179931640625 213.4760589599609375 200.9728240966796875 204.11370849609375 206.8003082275390625 197.0197601318359375 208.714447021484375 191.309417724609375 171.02716064453125 180.7073211669921875 227.9358062744140625 274.599945068359375 296.564483642578125
250.57025146484375 245.8537750244140625 242.1224212646484375 240.2749176025390625 236.85247802734375 208.178070068359375 160.15484619140625 144.044219970703125 138.2516632080078125 140.913665771484375 150.45562744140625 152.20440673828125 153.25140380859375 161.42724609375 158.8536224365234375 149.13885498046875 141.95269775390625 144.376708984375 156.4471588134765625 163.97918701171875 205.7098388671875 224.9994659423828125 255.2557525634765625 265.3328857421875 244.0260467529296875 255.46502685546875 257.274688720703125 169.5073699951171875 198.434906005859375 200.80645751953125 213.231201171875 206.965087890625 198.996307373046875 203.0908355712890625 190.108856201171875 201.2711639404296875 198.749359130859375 213.1784820556640625 272.201568603515625 297.580902099609375 294.968292236328125 296.206939697265625
248.167816162109375 237.90692138671875 240.337646484375 240.839202880859375 232.248260498046875 193.8282012939453125 157.967193603515625 146.2220306396484375 141.043792724609375 139.913543701171875 143.834991455078125 152.0143585205078125 152.8397979736328125 163.1410980224609375 165.1286773681640625 155.8146820068359375 150.08599853515625 146.85955810546875 161.564666748046875 177.709075927734375 217.613494873046875 232.650146484375 252.4988555908203125 256.723358154296875 247.4786224365234375 250.9411163330078125 203.5509185791015625 153.85272216796875 170.7889251708984375 190.58111572265625 221.0084686279296875 213.5406646728515625 192.407196044921875 201.227020263671875 197.2409820556640625 217.5037689208984375 237.9942474365234375 256.476287841796875 279.461456298828125 299.87493896484375 291.643646240234375 278.72552490234375
247.0266571044921875 236.2387847900390625 244.4953155517578125 243.5303497314453125 222.1993255615234375 179.9995880126953125 156.7576751708984375 149.14031982421875 147.01580810546875 150.5238494873046875 143.08221435546875 141.16986083984375 148.495391845703125 161.78662109375 164.2809906005859375 158.3736572265625 160.44122314453125 157.5203094482421875 168.9432373046875 198.924102783203125 229.398284912109375 241.07318115234375 245.5555419921875 236.4580078125 234.818756103515625 226.5072479248046875 169.0452117919921875 156.8009185791015625 162.7183685302734375 189.3598785400390625 219.6847686767578125 217.7850494384765625 194.0359954833984375 204.5665283203125 215.09527587890625 235.30419921875 240.25439453125 236.4583587646484375 248.9621429443359375 245.7252044677734375 242.353729248046875 255.5927886962890625
246.1784820556640625 237.882720947265625 248.2386627197265625 243.6663970947265625 206.5646820068359375 163.4308013916015625 151.4701690673828125 149.308502197265625 150.1919708251953125 160.426544189453125 161.900787353515625 141.581756591796875 131.8891448974609375 146.1948699951171875 157.912353515625 157.9722747802734375 163.7199554443359375 172.568206787109375 187.594390869140625 217.503692626953125 235.1240081787109375 238.3480224609375 244.0926361083984375 239.0355377197265625 227.6834564208984375 194.0358428955078125 161.9390869140625 158.4279327392578125 165.173126220703125 194.743072509765625 224.9991455078125 228.0123443603515625 201.3704376220703125 196.048919677734375 214.694671630859375 232.6783447265625 229.65301513671875 226.3473968505859375 236.60400390625 221.3855133056640625 221.7291412353515625 237.8184661865234375
244.1369171142578125 236.5086822509765625 238.5354156494140625 231.7885894775390625 192.5282745361328125 141.1609954833984375 142.4830169677734375 148.977020263671875 151.6202392578125 161.9953765869140625 179.9995880126953125 175.4396209716796875 139.52880859375 134.9999237060546875 145.5730743408203125 153.198944091796875 171.86968994140625 190.00701904296875 214.2151031494140625 224.9994659423828125 240.1533355712890625 254.3094024658203125 262.207275390625 249.9043121337890625 198.0037689208984375 174.1223907470703125 175.4749603271484375 174.399932861328125 185.6298980712890625 197.1751708984375 232.2525787353515625 240.94482421875 201.6142730712890625 194.9313201904296875 222.9898681640625 240.3758392333984375 235.7127685546875 227.3206024169921875 233.6633453369140625 226.2725372314453125 223.024627685546875 226.5687103271484375
242.440826416015625 229.701568603515625 229.0530242919921875 222.1108551025390625 183.7147979736328125 140.12451171875 136.468505859375 145.61932373046875 152.1023406982421875 160.2234039306640625 182.2642059326171875 189.971649169921875 162.5316162109375 141.86956787109375 140.781951904296875 149.5597686767578125 187.9427032470703125 202.379180908203125 209.93121337890625 217.87457275390625 238.798858642578125 255.5789947509765625 251.1752166748046875 210.6994781494140625 165.6059417724609375 167.137115478515625 188.7068328857421875 188.2964324951171875 193.2758941650390625 198.4343109130859375 229.08502197265625 235.8221588134765625 205.5592803955078125 224.9994659423828125 250.2773590087890625 246.9601287841796875 235.669036865234375 237.338165283203125 243.2081298828125 230.572052001953125 222.100830078125 229.2133941650390625
233.190338134765625 217.69976806640625 222.1370086669921875 213.775390625 179.645904541015625 149.47705078125 142.3677825927734375 149.9725494384765625 156.650299072265625 163.017730712890625 180.71575927734375 188.5135955810546875 182.4891204833984375 163.257476806640625 142.2886810302734375 152.1753997802734375 208.854827880859375 215.073150634765625 219.427154541015625 233.1294403076171875 244.2489013671875 243.666290283203125 229.08502197265625 181.43170166015625 149.588470458984375 170.4330902099609375 201.9288482666015625 199.4394073486328125 198.970062255859375 212.3468170166015625 235.520050048828125 235.520294189453125 221.0087432861328125 232.695343017578125 246.036773681640625 246.3697052001953125 240.6786956787109375 246.2088623046875 238.39239501953125 221.6816253662109375 223.6020050048828125 231.4824676513671875
219.82550048828125 211.808929443359375 213.9959259033203125 205.4859466552734375 181.6619873046875 157.737579345703125 152.81854248046875 163.0333404541015625 163.1412200927734375 166.607421875 186.632232666015625 186.66607666015625 188.2350311279296875 180.4177093505859375 156.6443328857421875 175.81488037109375 229.085205078125 232.853118896484375 226.7898101806640625 225.000396728515625 231.4286651611328125 228.57574462890625 220.363922119140625 180.7845611572265625 139.0853729248046875 170.7059478759765625 213.92889404296875 207.4071044921875 206.1138458251953125 226.2727813720703125 242.3000335693359375 242.3538360595703125 233.4710540771484375 233.32537841796875 240.78021240234375 246.1234130859375 251.0526123046875 244.8319549560546875 221.1856842041015625 216.8693389892578125 221.9868927001953125 219.6436309814453125
211.1085052490234375 209.18035888671875 204.53717041015625 201.296875 186.2781982421875 166.4917755126953125 163.1524810791015625 174.04241943359375 168.68963623046875 169.18597412109375 192.4920654296875 192.170745849609375 190.8224639892578125 191.4885101318359375 188.2968597412109375 196.389434814453125 213.6895599365234375 223.6020050048828125 212.2751007080078125 223.530914306640625 231.1147003173828125 225.8177947998046875 222.646270751953125 187.9069366455078125 148.4953765869140625 174.1723785400390625 215.3106689453125 209.6237335205078125 214.8241119384765625 224.9990081787109375 239.874664306640625 247.10894775390625 233.8416900634765625 234.8655853271484375 246.370269775390625 245.694793701171875 245.1704254150390625 247.203277587890625 231.1697845458984375 214.1595611572265625 210.1732330322265625 214.9913482666015625
197.995513916015625 199.6533355712890625 199.798309326171875 201.8853302001953125 190.375396728515625 177.101043701171875 174.289031982421875 179.50555419921875 178.876251220703125 177.540679931640625 194.5884857177734375 197.4873199462890625 197.402313232421875 200.22454833984375 201.5012359619140625 202.714263916015625 223.0899200439453125 234.8644866943359375 222.7964630126953125 237.7230377197265625 242.5242919921875 238.7356414794921875 232.1248016357421875 192.847442626953125 154.8549652099609375 182.861480712890625 211.7591705322265625 220.4856414794921875 228.17877197265625 221.90478515625 241.2933197021484375 253.1558074951171875 243.4343719482421875 233.1291961669921875 238.5698699951171875 234.272369384765625 236.309844970703125 247.4786224365234375 242.239959716796875 197.241241455078125 226.4674530029296875 239.0353851318359375
183.20477294921875 179.3092803955078125 198.5863800048828125 203.561065673828125 195.1496429443359375 187.0699920654296875 181.974456787109375 186.52728271484375 190.783935546875 191.46923828125 201.71337890625 210.255584716796875 219.2889556884765625 224.9998321533203125 222.6139373779296875 228.730712890625 249.9038238525390625 262.303436279296875 277.5947265625 271.736114501953125 270.000213623046875 272.38623046875 247.166534423828125 199.438629150390625 162.7579193115234375 187.431365966796875 217.56756591796875 230.04107666015625 234.2101287841796875 235.1247711181640625 256.29296875 254.65869140625 219.4266357421875 215.753021240234375 235.7835693359375 228.179168701171875 238.798858642578125 250.4965972900390625 226.59033203125 203.749542236328125 268.918212890625 263.92706298828125
195.0180511474609375 146.888031005859375 188.706756591796875 204.49456787109375 201.1936492919921875 196.0637359619140625 193.869140625 203.628875732421875 215.07330322265625 222.088775634765625 233.7454681396484375 247.37969970703125 252.511810302734375 254.05413818359375 258.27386474609375 268.02398681640625 275.30029296875 282.994140625 306.467987060546875 284.53448486328125 280.954010009765625 286.69921875 251.5655517578125 220.2346343994140625 164.0519561767578125 174.2888946533203125 230.438812255859375 243.4338226318359375 243.9699554443359375 241.1892547607421875 256.798431396484375 248.8744049072265625 219.4266357421875 232.4951934814453125 238.4949493408203125 230.2894287109375 236.6588134765625 239.2153472900390625 218.92755126953125 216.634368896484375 233.1299896240234375 203.6820831298828125
243.4343109130859375 92.602386474609375 106.38887786865234375 232.1246337890625 229.9266815185546875 226.81781005859375 249.2272491455078125 279.865264892578125 294.733673095703125 304.2149658203125 311.47808837890625 308.2899169921875 307.874420166015625 307.233795166015625 314.99884033203125 303.929046630859375 288.43438720703125 295.640380859375 351.156402587890625 339.773284912109375 250.20050048828125 216.86956787109375 199.4394073486328125 237.52874755859375 125.53206634521484375 134.997711181640625 249.444122314453125 265.10113525390625 255.0683135986328125 251.564453125 257.549285888671875 247.0102691650390625 261.383544921875 281.30926513671875 229.969329833984375 223.9187469482421875 225.8421783447265625 226.4139251708984375 218.2897796630859375 215.9094390869140625 224.9994659423828125 200.5549163818359375
258.928955078125 96.34014892578125 71.56488037109375 305.9598388671875 314.156707763671875 321.2532958984375 305.158111572265625 307.76226806640625 325.761627197265625 331.606201171875 334.074249267578125 335.6229248046875 327.094207763671875 327.75665283203125 344.2904052734375 345.1405029296875 298.739166259765625 280.145263671875 338.96124267578125 73.07321929931640625 221.8190460205078125 226.9082794189453125 239.6195526123046875 252.6443634033203125 142.123016357421875 113.19757080078125 259.992431640625 267.510223388671875 294.145233154296875 293.497802734375 279.604583740234375 273.81390380859375 267.2071533203125 253.3008575439453125 179.9995880126953125 237.094512939453125 241.2598876953125 234.1296234130859375 231.241363525390625 237.757293701171875 251.564453125 239.928680419921875
