wildfire/work/fuelmodels/1764/aspect.asc
ncols        486
nrows        377
xllcorner    181220.000000000000
yllcorner    480860.000000000000
cellsize     5.000000000000
NODATA_value   -999
[rows 342 to 360 of 377, columns 126 to 167 of 486]
53.842182159423828125 72.05108642578125 77.0056915283203125 61.9275970458984375 92.12052154541015625 181.546905517578125 219.9864501953125 226.1927490234375 140.0424957275390625 110.02605438232421875 103.6426849365234375 77.6918182373046875 56.08238983154296875 21.801433563232421875 10.060777664184570312 28.698175430297851562 38.224315643310546875 35.537662506103515625 16.032171249389648438 23.552082061767578125 53.22652435302734375 47.726253509521484375 38.9175262451171875 52.016292572021484375 55.5733489990234375 60.9452056884765625 66.2503662109375 57.874904632568359375 44.999897003173828125 47.72624969482421875 73.0243682861328125 89.46442413330078125 150.2550201416015625 116.24106597900390625 112.45660400390625 130.1861419677734375 123.206298828125 100.17535400390625 98.8000335693359375 112.37996673583984375 113.907470703125 104.12770843505859375
44.999897003173828125 67.796356201171875 81.09799957275390625 81.8697052001953125 60.254558563232421875 58.495693206787109375 241.698272705078125 234.818756103515625 144.7820281982421875 96.7449798583984375 81.46857452392578125 62.3539276123046875 49.028411865234375 14.858472824096679688 10.358915328979492188 41.42363739013671875 43.842540740966796875 36.7806549072265625 34.611011505126953125 61.11321258544921875 51.2256622314453125 23.078325271606445312 35.90969085693359375 53.991130828857421875 55.00782012939453125 44.181423187255859375 52.373790740966796875 54.057830810546875 59.036102294921875 123.23123931884765625 105.0182037353515625 86.6333465576171875 89.99951934814453125 108.00373077392578125 102.85774993896484375 121.0918426513671875 139.2358856201171875 101.54024505615234375 86.69297027587890625 77.32987213134765625 80.33991241455078125 82.32537841796875
60.944843292236328125 62.102306365966796875 58.359683990478515625 37.234127044677734375 359.998809814453125 14.036531448364257812 8.2975435256958007812 332.96807861328125 49.083282470703125 70.5595855712890625 60.802555084228515625 49.970180511474609375 23.806482315063476562 17.591876983642578125 38.417774200439453125 47.0457305908203125 44.246173858642578125 47.632389068603515625 54.090213775634765625 59.69719696044921875 11.689279556274414062 12.200745582580566406 59.18424224853515625 60.407512664794921875 54.848819732666015625 29.953653335571289062 41.22193145751953125 65.25055694580078125 79.04576873779296875 101.68898773193359375 107.3536529541015625 98.745941162109375 114.6465606689453125 127.35950469970703125 110.79055023193359375 109.8262481689453125 127.18425750732421875 101.309661865234375 84.3875885009765625 72.31540679931640625 73.15593719482421875 78.68978118896484375
60.25478363037109375 66.96031951904296875 48.17948150634765625 27.552675247192382812 353.99029541015625 352.793304443359375 9.223972320556640625 8.8201341629028320312 7.8353877067565917969 19.269536972045898438 26.906236648559570312 16.927623748779296875 8.746318817138671875 21.528553009033203125 29.80455780029296875 28.855817794799804688 36.869770050048828125 44.999774932861328125 40.9554443359375 36.869842529296875 15.85174560546875 19.093585968017578125 57.599903106689453125 57.64191436767578125 65.94732666015625 52.32628631591796875 74.18051910400390625 86.38584136962890625 89.25571441650390625 94.6352081298828125 108.43451690673828125 113.442657470703125 118.790740966796875 123.45322418212890625 112.416015625 104.36978912353515625 102.09438323974609375 95.19416046142578125 95.63043975830078125 96.3399658203125 100.38860321044921875 92.6260528564453125
68.49851226806640625 68.0852508544921875 44.999897003173828125 40.426311492919921875 355.854888916015625 332.215118408203125 355.600372314453125 5.2578587532043457031 0.61619240045547485352 10.61978912353515625 18.434906005859375 15.945262908935546875 16.6308746337890625 18.914276123046875 28.9795684814453125 33.439785003662109375 30.154428482055664062 32.47104644775390625 32.75772857666015625 48.708400726318359375 48.691196441650390625 14.858495712280273438 52.1248931884765625 63.26284027099609375 73.21729278564453125 78.50331878662109375 90.43050384521484375 84.975616455078125 74.74456024169921875 83.9556884765625 94.0442352294921875 97.86884307861328125 98.9723052978515625 98.3926239013671875 98.56896209716796875 105.87569427490234375 120.5785675048828125 98.24596405029296875 107.4295501708984375 115.387542724609375 96.3400115966796875 94.57392120361328125
90.5903472900390625 60.78076171875 37.874668121337890625 30.32352447509765625 333.19879150390625 332.32330322265625 347.431610107421875 356.09869384765625 350.83697509765625 12.061261177062988281 27.050312042236328125 28.638742446899414062 21.655961990356445312 18.9244232177734375 43.9857025146484375 45.673816680908203125 30.343362808227539062 33.408008575439453125 49.35118865966796875 72.84748077392578125 73.17845916748046875 347.469757080078125 42.229625701904296875 58.53568267822265625 72.53861236572265625 75.87670135498046875 63.64947509765625 67.28540802001953125 74.59203338623046875 101.6734771728515625 117.18085479736328125 111.8934783935546875 98.2855682373046875 93.20489501953125 101.30970001220703125 120.83771514892578125 169.5081939697265625 109.53647613525390625 101.509063720703125 124.764984130859375 115.94200897216796875 96.9270477294921875
50.37646484375 23.385349273681640625 22.714252471923828125 5.5598053932189941406 325.30413818359375 327.16162109375 343.609649658203125 347.398895263671875 341.564483642578125 25.98905181884765625 48.34159088134765625 28.610498428344726562 10.640606880187988281 24.6605377197265625 48.81397247314453125 37.94220733642578125 24.057476043701171875 19.592258453369140625 43.60260009765625 69.24327850341796875 62.92771148681640625 327.52777099609375 34.540035247802734375 68.749359130859375 80.019866943359375 78.68988800048828125 59.036102294921875 75.37900543212890625 88.8306884765625 110.4539031982421875 132.1372222900390625 133.02471923828125 103.09189605712890625 100.19582366943359375 103.9122161865234375 114.55792236328125 185.3553314208984375 121.11510467529296875 104.9156341552734375 123.68978118896484375 140.5524749755859375 129.3688812255859375
42.63846588134765625 27.838094711303710938 0.59078127145767211914 345.875885009765625 333.913543701171875 333.556915283203125 343.216552734375 343.942901611328125 352.40460205078125 38.399860382080078125 43.37488555908203125 16.209127426147460938 4.8439145088195800781 29.780515670776367188 41.46779632568359375 33.857227325439453125 39.289379119873046875 18.868717193603515625 49.993621826171875 67.12615966796875 38.65969085693359375 338.68145751953125 77.98836517333984375 98.12999725341796875 94.2362213134765625 81.97245025634765625 70.14432525634765625 84.7494659423828125 85.416259765625 90.241546630859375 91.4317779541015625 358.726593017578125 64.74663543701171875 91.287139892578125 100.24382781982421875 106.53449249267578125 164.4752349853515625 119.2607421875 112.556976318359375 121.8658599853515625 137.41925048828125 144.2457275390625
41.284389495849609375 24.057241439819335938 349.938629150390625 326.2216796875 329.8155517578125 338.6697998046875 341.8953857421875 343.071441650390625 6.2741799354553222656 27.492748260498046875 20.714229583740234375 12.794453620910644531 8.7851963043212890625 23.785955429077148438 39.136203765869140625 44.63031005859375 57.38051605224609375 47.4361419677734375 73.81066131591796875 70.277557373046875 36.17008209228515625 40.07271575927734375 93.972137451171875 99.61431884765625 99.12476348876953125 87.27341461181640625 77.17096710205078125 94.22576141357421875 96.72418212890625 96.57370758056640625 126.6069183349609375 248.9621429443359375 94.513580322265625 105.3759307861328125 110.16228485107421875 130.4974822998046875 165.291351318359375 136.6719512939453125 119.94842529296875 116.35800933837890625 122.6191864013671875 146.3100128173828125
50.439846038818359375 24.145593643188476562 334.982452392578125 310.524383544921875 308.21038818359375 324.845184326171875 337.228851318359375 344.32611083984375 10.108948707580566406 25.346202850341796875 16.285020828247070312 18.434906005859375 15.255082130432128906 25.346273422241210938 46.8778076171875 53.939388275146484375 54.58263397216796875 38.088512420654296875 48.73136138916015625 63.57555389404296875 68.59474945068359375 94.398590087890625 99.46207427978515625 95.0238494873046875 92.4625396728515625 85.46192169189453125 90.4372406005859375 98.519287109375 100.86389923095703125 95.44008636474609375 126.556549072265625 200.9606170654296875 143.7193450927734375 118.45671844482421875 116.84700775146484375 126.48572540283203125 163.767303466796875 151.698822021484375 112.1352081298828125 104.80788421630859375 101.30933380126953125 269.998565673828125
123.69014739990234375 199.653167724609375 287.353515625 299.053955078125 297.589996337890625 305.788238525390625 330.571929931640625 352.233795166015625 22.75030517578125 34.919498443603515625 31.200490951538085938 42.31623077392578125 35.690471649169921875 46.9979400634765625 54.527069091796875 51.104579925537109375 47.800060272216796875 45.861438751220703125 56.5237579345703125 73.967620849609375 87.87882232666015625 100.21076202392578125 103.10894775390625 100.33246612548828125 98.31744384765625 115.01659393310546875 112.37987518310546875 96.84250640869140625 74.5533599853515625 81.57277679443359375 98.46263885498046875 181.02874755859375 158.5611419677734375 120.40651702880859375 107.63907623291015625 104.03607940673828125 147.4256591796875 179.192474365234375 117.5118865966796875 106.26016998291015625 42.39778900146484375 96.34009552001953125
112.2176361083984375 245.5559234619140625 266.531219482421875 269.15667724609375 275.54766845703125 283.83984375 336.249603271484375 101.309356689453125 152.35467529296875 180.0050506591796875 45.00064849853515625 53.4274749755859375 67.44289398193359375 83.6593170166015625 67.72936248779296875 56.142818450927734375 57.920619964599609375 60.584278106689453125 63.129974365234375 75.03298187255859375 80.7886962890625 77.61908721923828125 75.87200927734375 84.17343902587890625 91.0048980712890625 104.64174652099609375 103.86081695556640625 92.89835357666015625 76.2003936767578125 84.27301025390625 88.6466522216796875 119.16744232177734375 148.0451812744140625 123.21492767333984375 112.6935577392578125 93.33365631103515625 101.30970001220703125 172.1164093017578125 134.1316070556640625 202.3801116943359375 114.86328125 134.075531005859375
150.255035400390625 236.069610595703125 240.7662811279296875 237.4744110107421875 243.9240875244140625 237.528350830078125 179.3561859130859375 153.94586181640625 177.3365020751953125 192.1436920166015625 180.880828857421875 129.400421142578125 116.30048370361328125 117.82349395751953125 102.52805328369140625 77.69159698486328125 67.49236297607421875 63.21685791015625 65.36530303955078125 74.7892913818359375 76.20025634765625 68.71341705322265625 71.98773193359375 79.837738037109375 83.85321044921875 91.2542724609375 90.842254638671875 85.73189544677734375 88.423309326171875 90.16302490234375 90.70020294189453125 100.82288360595703125 120.06824493408203125 117.06072998046875 131.391143798828125 105.40738677978515625 91.25418853759765625 133.9580230712890625 157.035736083984375 206.5646514892578125 131.665863037109375 125.28914642333984375
182.4889373779296875 204.8135528564453125 204.7745513916015625 218.3126373291015625 228.856353759765625 212.5496063232421875 181.383453369140625 176.8775634765625 188.5548858642578125 188.4465484619140625 180.98736572265625 158.4286346435546875 147.395172119140625 147.3386993408203125 161.564666748046875 68.96204376220703125 47.202320098876953125 56.24700164794921875 65.70169830322265625 78.051300048828125 82.22345733642578125 80.95220184326171875 90.59040069580078125 95.8154449462890625 95.54511260986328125 101.9759063720703125 108.74951171875 86.185546875 78.34035491943359375 91.8277130126953125 98.70711517333984375 123.60762786865234375 137.06353759765625 118.68581390380859375 137.9541778564453125 159.2113189697265625 145.8604736328125 156.801116943359375 187.464752197265625 174.3265838623046875 140.9696807861328125 120.9635009765625
175.1914215087890625 187.5679168701171875 187.460174560546875 211.2314605712890625 222.3434295654296875 201.350494384765625 187.5234527587890625 199.4762420654296875 208.2366790771484375 198.9235382080078125 160.6406097412109375 147.7451629638671875 155.854217529296875 163.72015380859375 208.9258575439453125 278.128753662109375 46.909088134765625 72.72393798828125 78.2969512939453125 82.33697509765625 91.56006622314453125 106.90210723876953125 107.25861358642578125 102.99437713623046875 101.30970001220703125 106.3265533447265625 128.1298065185546875 132.917083740234375 104.62064361572265625 100.8712310791015625 109.358734130859375 143.33966064453125 155.6002960205078125 129.599761962890625 134.4835205078125 157.661407470703125 162.4951171875 166.0918426513671875 188.285430908203125 167.4167022705078125 149.786102294921875 153.99078369140625
164.8756866455078125 179.3007354736328125 185.8819427490234375 211.7833099365234375 218.40509033203125 201.800750732421875 198.065887451171875 208.70550537109375 208.810150146484375 198.4343109130859375 168.1110382080078125 140.1424560546875 155.4218292236328125 175.07257080078125 208.7903289794921875 215.7158660888671875 158.498443603515625 111.51560211181640625 105.8925933837890625 104.08496856689453125 95.15366363525390625 91.08078765869140625 94.66668701171875 89.06058502197265625 87.349090576171875 86.89817047119140625 73.540008544921875 93.91826629638671875 116.67868804931640625 111.06501007080078125 113.91289520263671875 146.611175537109375 151.699066162109375 124.39717864990234375 124.93067169189453125 142.53912353515625 160.6016998291015625 164.6144561767578125 183.532012939453125 161.767181396484375 136.0288543701171875 172.082061767578125
151.99053955078125 167.306793212890625 200.6133880615234375 221.9549713134765625 215.2990875244140625 209.112060546875 202.1446075439453125 208.338836669921875 208.495086669921875 201.68182373046875 181.5271453857421875 143.6728515625 153.609771728515625 200.43243408203125 197.675628662109375 203.6939544677734375 177.0641326904296875 125.1971588134765625 121.85085296630859375 126.7949676513671875 124.72856903076171875 104.82621002197265625 91.3801116943359375 75.068267822265625 79.2487945556640625 72.967010498046875 50.855899810791015625 82.284088134765625 108.912139892578125 112.16608428955078125 118.05197906494140625 159.3040771484375 140.7542877197265625 123.12592315673828125 116.46379852294921875 132.797149658203125 152.5919342041015625 154.1552734375 185.1169891357421875 157.275543212890625 121.67514801025390625 180.93878173828125
136.0604095458984375 143.583038330078125 204.6465301513671875 203.8381195068359375 202.3056488037109375 209.0540771484375 198.6340789794921875 209.8861083984375 211.568328857421875 199.8220672607421875 180.29345703125 156.5221710205078125 158.886260986328125 199.5834503173828125 196.313262939453125 183.4561920166015625 172.9097900390625 134.0794219970703125 129.0572509765625 134.1272735595703125 141.8265228271484375 128.8995819091796875 115.07403564453125 101.92900848388671875 96.49903106689453125 101.9377288818359375 126.9451904296875 121.54389190673828125 108.15590667724609375 105.05300140380859375 108.2104644775390625 141.910736083984375 128.381622314453125 134.7228240966796875 133.48223876953125 128.99066162109375 141.263031005859375 144.5825653076171875 197.0487060546875 151.2198486328125 115.3459320068359375 159.904510498046875
142.6664276123046875 134.9992523193359375 166.551177978515625 180.6982879638671875 197.3704071044921875 201.6050262451171875 197.0414581298828125 208.3361053466796875 202.0799102783203125 190.3884735107421875 183.6082305908203125 159.6080474853515625 149.2543182373046875 191.3094329833984375 194.6203155517578125 174.5040740966796875 172.595947265625 143.69525146484375 130.4458160400390625 135.3919677734375 135.5965118408203125 116.87781524658203125 94.70761871337890625 98.4267425537109375 102.4788360595703125 115.28298187255859375 134.175323486328125 122.22426605224609375 107.95674896240234375 106.88962554931640625 113.55206298828125 120.7272186279296875 119.4476776123046875 129.289031982421875 139.275421142578125 138.7209014892578125 147.840240478515625 171.7685699462890625 200.224365234375 171.8694915771484375 98.6158905029296875 61.38953399658203125
