wildfire/work/fuelmodels/1764/aspect.asc
ncols        486
nrows        377
xllcorner    181220.000000000000
yllcorner    480860.000000000000
cellsize     5.000000000000
NODATA_value   -999
[rows 323 to 341 of 377, columns 168 to 209 of 486]
219.9675750732421875 212.6604156494140625 200.0710296630859375 170.7534637451171875 101.9149169921875 92.90570831298828125 62.9689788818359375 299.520660400390625 283.767425537109375 280.584930419921875 280.2945556640625 288.627197265625 314.525787353515625 330.6102294921875 338.6773681640625 343.7208251953125 350.988006591796875 7.5738234519958496094 21.348627090454101562 18.190759658813476562 3.2020092010498046875 8.0490102767944335938 27.790348052978515625 28.515422821044921875 25.796022415161132812 16.342897415161132812 22.877996444702148438 29.827032089233398438 28.717945098876953125 22.932050704956054688 10.199315071105957031 9.0275983810424804688 10.359028816223144531 349.379486083984375 334.289337158203125 30.963470458984375 113.35521697998046875 105.86539459228515625 146.3094329833984375 166.8656158447265625 169.93048095703125 184.3427886962890625
224.9994659423828125 208.7957000732421875 200.4746856689453125 185.113616943359375 127.971282958984375 100.92919921875 37.50390625 292.312774658203125 279.422119140625 280.791900634765625 289.857086181640625 302.34674072265625 312.437744140625 319.433746337890625 331.526123046875 342.867340087890625 354.75201416015625 20.92440032958984375 37.42520904541015625 33.138427734375 14.393567085266113281 6.0863175392150878906 11.537477493286132812 14.000806808471679688 16.294061660766601562 19.465818405151367188 31.328512191772460938 36.084911346435546875 32.788394927978515625 26.896183013916015625 17.121740341186523438 16.616567611694335938 15.147855758666992188 0 9.5445041656494140625 52.124744415283203125 73.61020660400390625 88.2282867431640625 113.8383026123046875 131.81976318359375 102.09423828125 140.5987091064453125
34.39727020263671875 48.691173553466796875 182.48907470703125 179.028533935546875 139.42926025390625 102.200225830078125 347.904693603515625 290.156890869140625 271.91278076171875 271.21826171875 277.101837158203125 284.09600830078125 287.70819091796875 297.080535888671875 317.778411865234375 343.0439453125 15.724612236022949219 63.52332305908203125 73.6665802001953125 57.0539093017578125 13.814998626708984375 356.75946044921875 1.7183387279510498047 9.0446538925170898438 14.344547271728515625 19.274309158325195312 21.945047378540039062 22.791887283325195312 31.798871994018554688 39.336254119873046875 26.384241104125976562 18.2127838134765625 15.198987960815429688 16.348133087158203125 43.024921417236328125 59.38129425048828125 54.67333221435546875 53.70209503173828125 38.945743560791015625 9.9040584564208984375 54.30986785888671875 71.20001220703125
32.6078643798828125 34.2710418701171875 34.726627349853515625 42.580646514892578125 63.138210296630859375 34.611125946044921875 339.1658935546875 311.278076171875 281.6934814453125 272.68695068359375 267.073089599609375 259.65960693359375 265.78326416015625 272.659088134765625 279.005889892578125 29.055980682373046875 102.9176177978515625 95.01290130615234375 82.33692169189453125 38.2900848388671875 352.167510986328125 347.264923095703125 351.242462158203125 4.1596269607543945312 18.045166015625 24.8583526611328125 26.405969619750976562 25.734676361083984375 32.660858154296875 39.10296630859375 20.323091506958007812 16.990749359130859375 33.68994140625 58.495616912841796875 74.50066375732421875 51.241943359375 25.769212722778320312 31.879465103149414062 23.523160934448242188 13.940501213073730469 47.29044342041015625 55.30469512939453125
31.571184158325195312 32.157207489013671875 26.965688705444335938 16.017787933349609375 9.4169702529907226562 5.6104969978332519531 354.83392333984375 339.443145751953125 311.536590576171875 284.664642333984375 269.568603515625 262.841583251953125 267.662078857421875 264.202423095703125 242.3397064208984375 187.3934173583984375 124.85425567626953125 98.92380523681640625 72.6064910888671875 357.366790771484375 334.75872802734375 336.914093017578125 343.772705078125 5.7105755805969238281 26.225320816040039062 36.03786468505859375 40.721950531005859375 37.964908599853515625 49.780796051025390625 52.96486663818359375 30.963623046875 24.376436233520507812 33.293399810791015625 50.667133331298828125 63.924472808837890625 41.34737396240234375 357.767791748046875 17.71582794189453125 26.436857223510742188 26.113840103149414062 35.04184722900390625 34.803924560546875
41.206867218017578125 29.2439117431640625 20.348466873168945312 9.144748687744140625 4.1346406936645507812 4.7985424995422363281 0.9533837437629699707 352.35992431640625 337.284820556640625 299.693145751953125 274.52410888671875 263.8402099609375 259.84130859375 248.8658294677734375 224.4485626220703125 200.3435821533203125 158.6290283203125 129.8052978515625 97.69631195068359375 313.79742431640625 319.704376220703125 326.975311279296875 332.135528564453125 13.720232963562011719 47.507568359375 58.653400421142578125 59.574039459228515625 61.120029449462890625 73.72595977783203125 66.037353515625 32.159175872802734375 8.1301116943359375 11.228833198547363281 32.185016632080078125 33.94066619873046875 26.68361663818359375 14.036093711853027344 345.96319580078125 26.767566680908203125 20.907953262329101562 24.357921600341796875 37.568454742431640625
68.198089599609375 25.387674331665039062 19.209140777587890625 7.1012635231018066406 4.2933878898620605469 4.1624650955200195312 0.67402565479278564453 357.29730224609375 355.800201416015625 329.6435546875 285.11822509765625 263.374298095703125 251.6312255859375 234.5753326416015625 214.0166015625 198.2818756103515625 177.41009521484375 176.633087158203125 234.29278564453125 276.081695556640625 279.738800048828125 280.16131591796875 254.9527435302734375 137.3658905029296875 116.0293731689453125 107.2411651611328125 103.866607666015625 96.94078826904296875 76.5466156005859375 42.53708648681640625 14.578050613403320312 1.426991581916809082 10.363695144653320312 30.650661468505859375 29.2710418701171875 30.796007156372070312 26.763917922973632812 3.9725105762481689453 11.310074806213378906 7.8691511154174804688 23.772228240966796875 37.383331298828125
3.5614709854125976562 4.763538360595703125 19.244739532470703125 7.3940687179565429688 14.641770362854003906 12.14447784423828125 338.050628662109375 340.42584228515625 357.744537353515625 349.0452880859375 282.99395751953125 245.701385498046875 229.51348876953125 210.9632720947265625 198.858489990234375 196.30572509765625 190.277252197265625 199.446929931640625 227.0670166015625 231.5536346435546875 217.373443603515625 207.9870147705078125 184.8899078369140625 155.7959442138671875 147.6083526611328125 139.677093505859375 117.13481903076171875 65.17053985595703125 29.148023605346679688 18.904542922973632812 17.059017181396484375 9.0507221221923828125 16.75031280517578125 32.974689483642578125 34.722789764404296875 34.555683135986328125 27.87921905517578125 15.502509117126464844 15.164415359497070312 24.370130538940429688 41.877696990966796875 37.665447235107421875
7.8916630744934082031 8.1300230026245117188 20.788225173950195312 9.9460096359252929688 18.054164886474609375 30.425828933715820312 344.357208251953125 321.54547119140625 335.8536376953125 353.883819580078125 334.439361572265625 261.869354248046875 219.9038238525390625 205.0997467041015625 202.6194000244140625 209.80865478515625 206.684417724609375 211.7480316162109375 218.855316162109375 208.8551788330078125 198.2829132080078125 195.334564208984375 186.13555908203125 164.1339111328125 153.20367431640625 119.7462005615234375 1.9306285381317138672 359.821807861328125 4.9320497512817382812 15.531737327575683594 18.530862808227539062 13.221307754516601562 18.92992401123046875 29.898820877075195312 28.328824996948242188 26.045696258544921875 26.3265533447265625 18.89975738525390625 18.6716461181640625 29.092401504516601562 37.216339111328125 38.453456878662109375
112.37969207763671875 150.523681640625 148.609466552734375 151.1440582275390625 153.894866943359375 152.5409393310546875 180.235321044921875 200.0839385986328125 198.4344482421875 188.67266845703125 191.7381134033203125 200.272186279296875 220.3008575439453125 247.2754058837890625 262.9710693359375 259.88543701171875 250.326690673828125 244.0928192138671875 235.9800872802734375 223.93365478515625 211.3809356689453125 206.167999267578125 217.6839447021484375 267.5098876953125 338.837921142578125 338.628509521484375 342.907623291015625 351.056488037109375 2.2791638374328613281 14.319976806640625 14.272519111633300781 16.20479583740234375 22.941900253295898438 23.32007598876953125 21.921747207641601562 20.040859222412109375 23.9453887939453125 25.734704971313476562 30.191577911376953125 35.995166778564453125 41.18584442138671875 44.999820709228515625
107.97811126708984375 139.1218719482421875 149.32232666015625 148.4539031982421875 156.1009063720703125 160.534942626953125 177.1446380615234375 189.854034423828125 188.997711181640625 188.1667938232421875 191.957855224609375 198.322784423828125 211.9807281494140625 229.2789459228515625 235.007415771484375 229.6922760009765625 240.3756561279296875 243.4344482421875 246.399322509765625 261.803314208984375 282.638427734375 300.342620849609375 307.83740234375 314.761566162109375 329.195281982421875 336.956634521484375 337.172393798828125 347.52880859375 359.49871826171875 9.9668836593627929688 16.226499557495117188 20.1009368896484375 23.615325927734375 22.560811996459960938 20.265674591064453125 18.617071151733398438 26.161508560180664062 36.271640777587890625 43.545970916748046875 41.566272735595703125 47.894405364990234375 50.96434783935546875
92.3660430908203125 114.4436798095703125 109.621917724609375 95.92427825927734375 104.1721649169921875 119.7447357177734375 156.8009490966796875 186.3398284912109375 194.254241943359375 203.657501220703125 206.5645294189453125 210.6572418212890625 220.91387939453125 224.4237060546875 228.637664794921875 224.9993896484375 237.9705352783203125 228.7907257080078125 228.34808349609375 245.477264404296875 257.88885498046875 278.480987548828125 286.757232666015625 292.931396484375 307.84661865234375 327.6102294921875 336.860595703125 345.880340576171875 356.699432373046875 7.6377243995666503906 16.798357009887695312 20.744524002075195312 22.119325637817382812 22.5050048828125 20.499471664428710938 21.359897613525390625 31.7150421142578125 41.1991119384765625 45.44927215576171875 40.3893280029296875 45.987674713134765625 47.33719635009765625
92.13526153564453125 105.667938232421875 127.971435546875 99.84088897705078125 93.8479461669921875 93.3176422119140625 87.79756927490234375 111.3712615966796875 184.1845245361328125 214.5618133544921875 217.37127685546875 224.5553131103515625 231.3397369384765625 225.602630615234375 225.2748870849609375 232.2883148193359375 251.71209716796875 242.500274658203125 239.603790283203125 249.5328369140625 245.88525390625 249.398834228515625 269.528411865234375 288.51885986328125 302.09539794921875 314.3572998046875 330.990692138671875 344.247955322265625 356.24053955078125 5.588703155517578125 18.587930679321289062 26.109869003295898438 21.801351547241210938 18.853151321411132812 20.37076568603515625 27.322124481201171875 41.800323486328125 52.149478912353515625 56.65921783447265625 54.955745697021484375 55.885372161865234375 56.888507843017578125
106.735748291015625 109.519012451171875 132.0640869140625 113.53688812255859375 99.1801910400390625 86.0543365478515625 74.0541229248046875 79.82410430908203125 105.945098876953125 209.93109130859375 232.5388946533203125 242.417388916015625 244.6217193603515625 236.040374755859375 230.8118743896484375 237.699066162109375 247.0937042236328125 240.0298004150390625 250.98370361328125 257.794281005859375 254.5310516357421875 256.876434326171875 265.562896728515625 273.352752685546875 283.486328125 292.4866943359375 307.680328369140625 328.019927978515625 351.581512451171875 0.66368377208709716797 21.933849334716796875 30.225353240966796875 21.44763946533203125 16.735998153686523438 24.287065505981445312 40.249355316162109375 55.404376983642578125 65.57732391357421875 70.0441436767578125 68.66295623779296875 75.357879638671875 84.37738800048828125
121.5149993896484375 121.85242462158203125 133.754302978515625 118.354705810546875 92.56352996826171875 75.2030181884765625 83.33286285400390625 109.65301513671875 128.8836517333984375 209.74481201171875 246.5404052734375 249.6461334228515625 252.871337890625 260.082855224609375 255.65020751953125 243.2283935546875 234.229339599609375 226.4911956787109375 247.8966827392578125 259.0634765625 258.759002685546875 261.36431884765625 263.971893310546875 261.89935302734375 259.515594482421875 260.1180419921875 258.863250732421875 262.08209228515625 289.28955078125 338.19818115234375 28.474107742309570312 36.3323974609375 33.6284332275390625 40.325839996337890625 66.39569091796875 81.1644134521484375 84.52568817138671875 84.82818603515625 83.0786590576171875 84.10755157470703125 88.46353912353515625 86.02315521240234375
107.42962646484375 93.05272674560546875 104.69709014892578125 111.6656951904296875 69.62354278564453125 66.5569610595703125 74.4757232666015625 74.7447662353515625 73.610321044921875 175.6007537841796875 223.2637176513671875 238.6895599365234375 248.255218505859375 256.865386962890625 258.689422607421875 241.5868072509765625 235.81329345703125 237.0385894775390625 241.331268310546875 244.536102294921875 250.5414581298828125 256.69024658203125 260.7532958984375 258.063751220703125 254.744232177734375 251.6357879638671875 242.1397705078125 238.4090576171875 242.6039581298828125 238.39178466796875 124.69451141357421875 93.65187835693359375 98.3926849365234375 116.65826416015625 126.15799713134765625 124.08853912353515625 116.92903900146484375 106.95026397705078125 99.04303741455078125 97.91219329833984375 93.31066131591796875 77.39107513427734375
74.05449676513671875 74.8045196533203125 83.97219085693359375 83.36739349365234375 62.744907379150390625 79.23735809326171875 76.2004547119140625 55.204071044921875 84.427764892578125 147.528717041015625 212.61871337890625 233.39239501953125 240.2546234130859375 236.519744873046875 237.1264495849609375 264.71795654296875 279.8245849609375 264.70928955078125 243.531982421875 236.875701904296875 243.8072357177734375 251.2288818359375 251.4861907958984375 249.7632904052734375 248.42333984375 238.2492523193359375 223.501861572265625 217.0560150146484375 216.4686737060546875 203.467376708984375 172.405029296875 152.7444305419921875 135.238372802734375 131.1031951904296875 133.757781982421875 134.2275543212890625 130.5440673828125 121.02039337158203125 111.18715667724609375 108.4346466064453125 111.7095489501953125 118.651458740234375
127.11651611328125 107.17559051513671875 98.3341217041015625 106.3893890380859375 137.290313720703125 84.2257080078125 52.5945892333984375 52.3263092041015625 78.689910888671875 69.1453094482421875 267.51025390625 243.4346466064453125 242.7955780029296875 231.2901763916015625 235.3937835693359375 250.277130126953125 265.78515625 263.99029541015625 249.641021728515625 241.5483856201171875 242.5549163818359375 240.02984619140625 234.0427398681640625 233.191436767578125 224.5833282470703125 213.4542236328125 210.1357269287109375 208.796905517578125 206.8720245361328125 195.641754150390625 176.221405029296875 162.887908935546875 151.46319580078125 137.01190185546875 131.836578369140625 135.1771087646484375 137.3465576171875 130.65966796875 123.689788818359375 123.38123321533203125 123.407623291015625 152.4175262451171875
148.4378509521484375 133.0416717529296875 115.1276397705078125 113.42852020263671875 134.9996795654296875 29.577829360961914062 47.56356048583984375 63.43476104736328125 60.865550994873046875 44.999725341796875 41.819362640380859375 239.0355682373046875 229.8433837890625 224.9994659423828125 236.1000213623046875 235.719879150390625 236.7085113525390625 243.698394775390625 251.0529022216796875 256.606903076171875 244.958343505859375 228.1251373291015625 222.144989013671875 223.0294036865234375 216.048919677734375 209.5208740234375 208.8184814453125 209.2293853759765625 204.15716552734375 191.4287567138671875 178.13189697265625 164.525665283203125 159.112518310546875 147.398223876953125 135.9733734130859375 136.894775390625 141.97589111328125 140.3627777099609375 132.2406158447265625 131.166046142578125 131.347625732421875 160.5597686767578125
