wildfire/work/fuelmodels/1764/slope.asc
ncols        486
nrows        377
xllcorner    181220.000000000000
yllcorner    480860.000000000000
cellsize     5.000000000000
NODATA_value   -999
[rows 54 to 71 of 377, columns 280 to 319 of 486]
1.8115301132202148438 0.94014000892639160156 0.49703902006149291992 0.50310468673706054688 1.1682019233703613281 1.5774096250534057617 1.949297785758972168 1.8496710062026977539 1.9030630588531494141 2.3861370086669921875 1.7599564790725708008 0.29336059093475341797 0.3133780062198638916 2.4443519115447998047 2.1353249549865722656 2.7485654354095458984 6.2721242904663085938 13.007796287536621094 17.752422332763671875 12.88364410400390625 9.3883304595947265625 9.6722249984741210938 8.964447021484375 8.313426971435546875 10.350772857666015625 8.3582763671875 5.5730423927307128906 7.2495870590209960938 4.6728773117065429688 2.7356624603271484375 3.5001513957977294922 3.0854737758636474609 2.6048061847686767578 1.6223187446594238281 1.8586766719818115234 2.2223863601684570312 2.5641152858734130859 3.0899045467376708984 2.3440105915069580078 1.9696921110153198242
0.92493063211441040039 0.41366401314735412598 0.44205617904663085938 0.58671557903289794922 1.4405782222747802734 0.8400402069091796875 2.66487884521484375 3.5959751605987548828 2.8486561775207519531 1.408974766731262207 2.1513774394989013672 1.1533821821212768555 0.34270471334457397461 2.7351028919219970703 2.3912189006805419922 2.5835583209991455078 4.4752249717712402344 10.658844947814941406 16.133209228515625 12.691746711730957031 10.837860107421875 8.4618587493896484375 7.0164842605590820312 6.8834476470947265625 7.5545830726623535156 6.6493940353393554688 6.2564644813537597656 9.4487676620483398438 5.8852300643920898438 3.4285447597503662109 3.5135469436645507812 2.5656812191009521484 0.86439019441604614258 0.94923752546310424805 2.3013308048248291016 2.69488525390625 3.2907743453979492188 3.7413740158081054688 2.9921536445617675781 2.1179587841033935547
0.095461569726467132568 0.54094254970550537109 0.45000657439231872559 0.60036301612854003906 1.0538523197174072266 1.2240599393844604492 1.7831040620803833008 1.3707284927368164062 3.0561735630035400391 2.6318461894989013672 2.1747584342956542969 1.5225569009780883789 1.5958998203277587891 1.780826568603515625 1.7103811502456665039 3.5346169471740722656 3.8936467170715332031 7.0446977615356445312 12.385568618774414062 10.829988479614257812 6.9788146018981933594 4.7632098197937011719 5.8510799407958984375 7.3327322006225585938 7.067752838134765625 8.0813312530517578125 8.441379547119140625 7.9055476188659667969 3.5993514060974121094 0.50310814380645751953 1.6501532793045043945 2.0303964614868164062 0.56652396917343139648 1.1651618480682373047 2.2962708473205566406 2.2594096660614013672 1.8781709671020507812 0.82114708423614501953 0.49499344825744628906 1.5225574970245361328
0.98020052909851074219 1.3382296562194824219 1.1476545333862304688 0.67423319816589355469 0.66440099477767944336 0.99861341714859008789 2.4246127605438232422 3.6299533843994140625 2.5767104625701904297 0.51799017190933227539 0.54092365503311157227 1.5599868297576904297 2.1953632831573486328 1.6799421310424804688 1.8159923553466796875 4.1121129989624023438 4.0222468376159667969 4.4990601539611816406 7.74802398681640625 9.074314117431640625 7.4895811080932617188 3.9600050449371337891 8.4492654800415039062 10.153545379638671875 8.55919647216796875 8.1592235565185546875 6.93354034423828125 3.9882094860076904297 2.1530222892761230469 0.7695954442024230957 1.4711703062057495117 2.1336603164672851562 1.8452899456024169922 1.3484041690826416016 2.4756021499633789062 2.6048076152801513672 0.854976654052734375 0.89149564504623413086 0.84244966506958007812 2.1642603874206542969
0.6689624786376953125 1.2998616695404052734 0.99862372875213623047 0.47303292155265808105 0.57626235485076904297 0.25454539060592651367 0.76894015073776245117 1.5155711174011230469 0.73460251092910766602 1.332546234130859375 1.4300097227096557617 1.7245286703109741211 2.6410505771636962891 2.0932126045227050781 2.2907497882843017578 4.2053394317626953125 4.9066376686096191406 4.1473236083984375 4.5966782569885253906 7.9721851348876953125 10.402204513549804688 9.0370264053344726562 10.140444755554199219 7.7613987922668457031 5.9098010063171386719 6.1162705421447753906 5.429744720458984375 3.2946066856384277344 2.7402770519256591797 1.9354844093322753906 2.0997254848480224609 2.4271183013916015625 2.1717386245727539062 1.7955437898635864258 2.9665381908416748047 2.703868865966796875 1.4649677276611328125 1.5667916536331176758 1.7440817356109619141 2.8946034908294677734
0.9314740300178527832 0.70002549886703491211 1.4430390596389770508 1.5978116989135742188 0.62756913900375366211 0.76366239786148071289 1.981726527214050293 2.9087255001068115234 1.8918677568435668945 1.5619353055953979492 0.886363983154296875 0.16224144399166107178 1.2380311489105224609 1.2094956636428833008 2.2196478843688964844 4.7686095237731933594 6.433380126953125 5.1458554267883300781 5.3667483329772949219 6.3664255142211914062 8.2577877044677734375 8.4136533737182617188 5.4212055206298828125 4.6351523399353027344 4.9364485740661621094 4.8449902534484863281 4.93950653076171875 2.2649910449981689453 0.49704366922378540039 0.98689162731170654297 1.3295003175735473633 2.2260303497314453125 2.7716555595397949219 2.3996646404266357422 3.1908030509948730469 3.7000975608825683594 3.3280293941497802734 2.4264986515045166016 1.8389720916748046875 3.1953966617584228516
3.0304300785064697266 3.137939453125 1.5208947658538818359 1.7708480358123779297 0.78715735673904418945 2.0642516613006591797 1.9985039234161376953 2.7358531951904296875 1.5482773780822753906 0.7800585627555847168 0.38842019438743591309 0.35001197457313537598 1.2522553205490112305 0.031820531934499740601 1.4129139184951782227 3.6673371791839599609 5.3277440071105957031 4.8077979087829589844 5.829105377197265625 5.0589113235473632812 2.3083522319793701172 1.9624919891357421875 2.6127626895904541016 5.4737381935119628906 4.6207723617553710938 3.5096657276153564453 3.2188777923583984375 1.5325014591217041016 0.67498475313186645508 0.88636964559555053711 0.64350152015686035156 2.735111236572265625 4.45896148681640625 2.8454492092132568359 2.9690816402435302734 3.1219532489776611328 1.4841841459274291992 1.9850306510925292969 1.4228954315185546875 1.1738228797912597656
0.80559712648391723633 2.7573783397674560547 0.13120521605014801025 2.1935138702392578125 0.88408273458480834961 2.9465355873107910156 0.85675489902496337891 1.8673752546310424805 2.6201102733612060547 2.1951329708099365234 2.098758697509765625 1.413262486457824707 1.0804105997085571289 1.3890701532363891602 0.86848652362823486328 3.4183564186096191406 2.9377715587615966797 3.2368874549865722656 6.2863078117370605469 6.7105584144592285156 3.2314155101776123047 3.1908087730407714844 3.0815372467041015625 4.3176221847534179688 1.8725074529647827148 4.620761871337890625 3.5845732688903808594 1.1140979528427124023 2.4969604015350341797 3.0056438446044921875 2.7905604839324951172 4.0077872276306152344 5.0596170425415039062 3.2637753486633300781 1.6889467239379882812 1.3945305347442626953 0.98791617155075073242 1.1026653051376342773 1.4639250040054321289 0.66895788908004760742
1.080884099006652832 2.29074859619140625 1.0596011877059936523 1.8087279796600341797 1.4175568819046020508 2.3301589488983154297 0.47835654020309448242 1.5463097095489501953 3.0541918277740478516 1.926051020622253418 1.1564399003982543945 1.0466252565383911133 1.437412261962890625 0.94923752546310424805 1.2178418636322021484 2.2260220050811767578 1.5288567543029785156 1.2445570230484008789 4.7711443901062011719 6.6128635406494140625 5.9746890068054199219 7.7418813705444335938 7.3531584739685058594 8.1405439376831054688 1.9302524328231811523 4.1151828765869140625 3.8939030170440673828 1.2290006875991821289 2.0251529216766357422 2.0759825706481933594 3.6924486160278320312 4.4878325462341308594 4.0664362907409667969 2.7863829135894775391 0.70650476217269897461 0.60372966527938842773 1.1258410215377807617 0.95667481422424316406 2.3983981609344482422 0.21344736218452453613
1.6000268459320068359 1.4057379961013793945 0.4420592188835144043 1.3275946378707885742 2.2132542133331298828 0.17135636508464813232 1.7842329740524291992 1.9430480003356933594 2.717853546142578125 1.2074049711227416992 1.1258410215377807617 1.5799676179885864258 1.0437188148498535156 1.3898047208786010742 2.0045721530914306641 0.91779416799545288086 0.14230564236640930176 1.342379450798034668 4.6050157546997070312 8.908313751220703125 8.8488798141479492188 6.5789508819580078125 3.6344058513641357422 9.199085235595703125 6.024761199951171875 5.3734130859375 2.7306661605834960938 1.5706486701965332031 2.5195379257202148438 2.1824262142181396484 1.6507716178894042969 2.3907999992370605469 2.9405214786529541016 1.8359428644180297852 0.73460036516189575195 0.52670657634735107422 0.50311195850372314453 0.73803037405014038086 1.4573442935943603516 1.7324408292770385742
1.7613991498947143555 2.5000023841857910156 3.1808142662048339844 2.5209450721740722656 1.3536410331726074219 2.2933986186981201172 0.66440099477767944336 1.3506425619125366211 1.0985356569290161133 1.9766097068786621094 1.4013992547988891602 0.64429223537445068359 1.6799310445785522461 1.507523655891418457 0.99607789516448974609 0.36279621720314025879 0.84544855356216430664 1.7913087606430053711 5.2600579261779785156 9.5658082962036132812 5.8143177032470703125 4.958965301513671875 2.5058531761169433594 10.13495635986328125 9.78452301025390625 3.2798428535461425781 2.0563929080963134766 2.9702856540679931641 2.8658225536346435547 2.6420209407806396484 0.67123091220855712891 2.6570847034454345703 3.8887152671813964844 1.3988729715347290039 0.35001802444458007812 0.51307684183120727539 0.38316813111305236816 0.64428889751434326172 0.70434969663619995117 0.94604051113128662109
0.25456359982490539551 1.6648100614547729492 0.40499797463417053223 1.8022971153259277344 1.6702715158462524414 1.7602390050888061523 1.1099981069564819336 0.62514507770538330078 0.41365185379981994629 0.78588086366653442383 2.2643265724182128906 0.62999552488327026367 0.38448107242584228516 0.78716319799423217773 0.53338968753814697266 1.0280811786651611328 0.76959919929504394531 1.511551976203918457 7.462192535400390625 9.8952541351318359375 2.9087162017822265625 2.0266559123992919922 1.551535487174987793 10.899532318115234375 9.881557464599609375 1.6304109096527099609 1.0186923742294311523 2.0146384239196777344 2.5209488868713378906 3.2251601219177246094 2.8053781986236572266 2.5768945217132568359 4.4450163841247558594 0.62676256895065307617 1.1249428987503051758 0.25653785467147827148 0.56920731067657470703 0.50311464071273803711 0.29336518049240112305 0.40500223636627197266
1.4121930599212646484 0.93147486448287963867 0.95931667089462280273 1.9292038679122924805 1.9409637451171875 2.1124565601348876953 1.1405822038650512695 0.56920731067657470703 0.91613948345184326172 2.0767161846160888672 2.3588497638702392578 1.1651668548583984375 0.95932340621948242188 0.40748181939125061035 0.76959919929504394531 0.85615146160125732422 0.90053427219390869141 2.3125123977661132812 9.6215648651123046875 9.485439300537109375 2.1331937313079833984 0.71504902839660644531 4.6659579277038574219 11.063213348388671875 6.6782102584838867188 1.6507744789123535156 1.2027815580368041992 2.0776817798614501953 2.7621507644653320312 2.6328070163726806641 1.8945307731628417969 2.7749321460723876953 2.4906766414642333984 1.0495183467864990234 0.76431882381439208984 0.20124846696853637695 0.52187746763229370117 0.20375049114227294922 0.56920731067657470703 0.35999342799186706543
2.3926928043365478516 1.4204162359237670898 1.485548853874206543 1.5285335779190063477 2.3362262248992919922 1.4666875600814819336 0.75096076726913452148 1.9221090078353881836 1.0325078964233398438 1.1733864545822143555 1.7842285633087158203 1.0201816558837890625 2.0423212051391601562 1.147663116455078125 0.47303739190101623535 0.7954743504524230957 0.93148005008697509766 2.7126500606536865234 8.9682245254516601562 8.94976806640625 4.6115889549255371094 3.7559201717376708984 7.6138310432434082031 8.6569766998291015625 3.2942996025085449219 1.5978121757507324219 2.1279599666595458984 2.2750210762023925781 2.1088659763336181641 2.3669829368591308594 1.3118689060211181641 0.89149564504623413086 1.1776968240737915039 0.95668041706085205078 2.1794023513793945312 1.7748497724533081055 0.96772074699401855469 0.59783667325973510742 0.41365513205528259277 0.1590976417064666748
0.28813949227333068848 1.0504817962646484375 1.6693651676177978516 1.3291201591491699219 1.5354585647583007812 2.0835199356079101562 1.6654198169708251953 1.4229118824005126953 1.0127091407775878906 1.4711669683456420898 1.6961187124252319336 1.6223206520080566406 1.0359237194061279297 1.2885147333145141602 0.94603639841079711914 0.50310814380645751953 1.6802343130111694336 4.7520809173583984375 6.1820530891418457031 6.5063457489013671875 4.1415920257568359375 4.9970488548278808594 7.1550869941711425781 6.913738250732421875 2.4162590503692626953 2.8451049327850341797 4.1659069061279296875 3.0682332515716552734 1.7289204597473144531 1.8232183456420898438 0.63718295097351074219 1.3367123603820800781 2.017398834228515625 1.7335965633392333984 1.2806382179260253906 2.4643414020538330078 1.5092035531997680664 0.52188116312026977539 0.47835132479667663574 0.44661232829093933105
2.6081030368804931641 2.2063972949981689453 1.2920507192611694336 0.79548412561416625977 0.99454903602600097656 1.6544388532638549805 2.1663684844970703125 3.3726747035980224609 1.9112933874130249023 0.91779416799545288086 1.5354585647583007812 0.26239073276519775391 1.480084538459777832 0.85675466060638427734 0.9363530278205871582 1.5324953794479370117 3.5688970088958740234 4.1508526802062988281 3.7976529598236083984 3.6084625720977783203 5.8961610794067382812 9.979915618896484375 8.9555768966674804688 5.3553791046142578125 2.3013300895690917969 2.7068612575531005859 3.4119966030120849609 1.0403169393539428711 0.21346093714237213135 1.5115489959716796875 0.45558494329452514648 0.76497405767440795898 1.9059838056564331055 1.6556617021560668945 0.99404311180114746094 2.5050501823425292969 1.3945248126983642578 0.88006663322448730469 0.26239809393882751465 0.99098771810531616211
0.73252904415130615234 2.0266554355621337891 1.7748497724533081055 0.19354447722434997559 0.84545636177062988281 1.2731035947799682617 0.66211706399917602539 1.7785496711730957031 2.80303192138671875 3.4226398468017578125 2.7851119041442871094 2.1712653636932373047 3.0938165187835693359 3.4338424205780029297 2.8183157444000244141 3.1965055465698242188 4.0671792030334472656 3.2784616947174072266 2.3440182209014892578 1.795533299446105957 6.7649273872375488281 7.0015850067138671875 4.5018587112426757812 2.5209448337554931641 1.9091683626174926758 1.9624783992767333984 2.0932159423828125 0.50310814380645751953 0.66896367073059082031 0.96195363998413085938 0.99658262729644775391 1.0422582626342773438 1.8886420726776123047 1.9228947162628173828 1.5008022785186767578 2.4279587268829345703 2.2353227138519287109 0.66211706399917602539 0.76895117759704589844 0.83278048038482666016
2.9747090339660644531 2.8735775947570800781 2.5863029956817626953 2.2863378524780273438 1.8496817350387573242 1.6693711280822753906 1.8773722648620605469 1.3740527629852294922 0.95349192619323730469 1.3294968605041503906 1.7221778631210327148 1.7955354452133178711 2.5133092403411865234 0.7954743504524230957 2.8610477447509765625 4.2030539512634277344 5.0003728866577148438 2.7689106464385986328 0.6145413517951965332 4.2435736656188964844 5.8380808830261230469 2.6404809951782226562 0.47835654020309448242 0.74486333131790161133 1.6826492547988891602 1.7103823423385620117 1.2810369729995727539 1.0246288776397705078 0.81309676170349121094 0.90446197986602783203 0.68021333217620849609 1.7221778631210327148 1.1956095695495605469 0.71504390239715576172 0.58672934770584106445 0.92274177074432373047 3.1256771087646484375 0.80118733644485473633 0.32450088858604431152 0.82973682880401611328
