wildfire/work/fuelmodels/1764/slope.asc
ncols        486
nrows        377
xllcorner    181220.000000000000
yllcorner    480860.000000000000
cellsize     5.000000000000
NODATA_value   -999
[rows 90 to 107 of 377, columns 320 to 359 of 486]
0.89602059125900268555 1.1136351823806762695 1.3813962936401367188 1.3378479480743408203 1.9448801279067993164 2.3347132205963134766 2.4352281093597412109 1.9969800710678100586 0.64898973703384399414 2.6911306381225585938 1.7207063436508178711 1.4639310836791992188 0.54373157024383544922 1.7207063436508178711 3.0642712116241455078 3.2543275356292724609 3.3995313644409179688 2.9593667984008789062 2.1988115310668945312 2.0642514228820800781 1.5719466209411621094 0.96929526329040527344 1.0519382953643798828 1.5603119134902954102 1.4984338283538818359 1.1669058799743652344 0.83520215749740600586 1.0596011877059936523 0.63399577140808105469 1.0971555709838867188 2.7949049472808837891 2.7621555328369140625 1.9678962230682373047 1.7521799802780151367 1.4967498779296875 1.3291189670562744141 1.6862605810165405273 1.4666945934295654297 1.7362234592437744141 0.98019778728485107422
0.85969549417495727539 0.57363158464431762695 0.69857102632522583008 0.88005876541137695312 0.44319385290145874023 0.71505469083786010742 1.1879731416702270508 2.074039459228515625 2.1353273391723632812 0.32760864496231079102 2.7328798770904541016 3.2138476371765136719 3.3205761909484863281 3.5027430057525634766 3.1016485691070556641 2.3022022247314453125 1.7808175086975097656 2.6148738861083984375 2.4661779403686523438 3.6499321460723876953 3.8599033355712890625 3.0800614356994628906 1.8198837041854858398 0.95931613445281982422 1.1581991910934448242 0.88236856460571289062 0.52478146553039550781 0.25653335452079772949 1.0107102394104003906 0.80307918787002563477 1.752467036247253418 2.0767109394073486328 1.2445573806762695312 1.2355715036392211914 2.2337327003479003906 2.0304000377655029297 0.25653636455535888672 0.96772754192352294922 1.1772580146789550781 0.79547345638275146484
0.87371063232421875 1.1244925260543823242 2.3859250545501708984 2.3907945156097412109 1.5774096250534057617 1.1208851337432861328 1.1651618480682373047 0.9292971491813659668 0.3244984745979309082 1.8551309108734130859 1.035938262939453125 0.32760864496231079102 1.8835531473159790039 2.8138284683227539062 2.4397950172424316406 1.3427489995956420898 1.2703155279159545898 2.0932126045227050781 2.7189798355102539062 3.0007696151733398438 2.1939799785614013672 2.65708160400390625 3.3275675773620605469 2.8763828277587890625 2.3935461044311523438 1.941741943359375 1.2826013565063476562 0.74486333131790161133 0.58499658107757568359 0.76630830764770507812 1.3898063898086547852 2.3225526809692382812 2.7306652069091796875 1.9038580656051635742 0.84064829349517822266 1.4817918539047241211 1.9131391048431396484 0.95509153604507446289 1.4377644062042236328 0.28460514545440673828
1.5208899974822998047 2.5259547233581542969 3.3028719425201416016 3.1591274738311767578 2.9036726951599121094 1.8011710643768310547 1.3861581087112426758 1.864388585090637207 3.1644093990325927734 3.1437387466430664062 0.88236594200134277344 0.86848652362823486328 2.4692604541778564453 3.0183994770050048828 0.55660825967788696289 0.095467634499073028564 2.1831138134002685547 1.4855498075485229492 1.3080112934112548828 0.86556804180145263672 2.0539326667785644531 2.0922403335571289062 1.3080034255981445312 0.29335662722587585449 1.0934555530548095703 1.0533745288848876953 1.2587159872055053711 0.78587895631790161133 0.27187392115592956543 0.40748560428619384766 1.1298736333847045898 1.329113006591796875 1.8087327480316162109 1.8795150518417358398 2.0934469699859619141 1.9924132823944091797 0.59187549352645874023 1.5324949026107788086 2.3242940902709960938 2.1932909488677978516
0.92767149209976196289 0.90053617954254150391 1.667235255241394043 1.6802381277084350586 2.0681667327880859375 1.6129378080368041992 1.4524759054183959961 2.40850067138671875 3.6432874202728271484 3.7780475616455078125 3.3786525726318359375 2.1374447345733642578 1.5433546304702758789 2.6950702667236328125 1.752467036247253418 0.68834978342056274414 2.1831095218658447266 2.2696754932403564453 1.5179003477096557617 0.96195709705352783203 1.9094328880310058594 1.9375717639923095703 2.5195379257202148438 1.9218431711196899414 1.6201342344284057617 1.0591276884078979492 0.99608331918716430664 1.2679303884506225586 1.1472148895263671875 1.5125501155853271484 1.4122012853622436523 1.129881739616394043 1.7103884220123291016 1.4510829448699951172 1.4649660587310791016 1.6362978219985961914 1.4121924638748168945 2.1150875091552734375 2.1088669300079345703 2.359493255615234375
1.9407031536102294922 1.2094956636428833008 1.761393427848815918 1.3321573734283447266 0.92766571044921875 0.94442409276962280273 2.4246149063110351562 3.1190426349639892578 2.9270875453948974609 1.7151180505752563477 2.9926729202270507812 2.7269604206085205078 2.9305379390716552734 2.9784452915191650391 2.2378094196319580078 1.8988063335418701172 1.7708555459976196289 0.53338789939880371094 0.72138422727584838867 0.57274973392486572266 1.4189884662628173828 2.8024854660034179688 1.5551126003265380859 1.457339167594909668 3.1245367527008056641 2.5892319679260253906 2.115081787109375 2.3646230697631835938 2.9609029293060302734 3.40532684326171875 2.8608782291412353516 2.0774462223052978516 1.7207123041152954102 1.4639308452606201172 1.4625478982925415039 1.987843632698059082 2.5149204730987548828 2.1150875091552734375 1.4377750158309936523 2.0033049583435058594
2.69618988037109375 3.0445756912231445312 2.0915203094482421875 1.5195621252059936523 2.189365386962890625 3.2625479698181152344 3.5670623779296875 3.049060821533203125 2.3609919548034667969 1.5092002153396606445 2.3275549411773681641 3.1229267120361328125 4.0974779129028320312 4.3242778778076171875 4.4020037651062011719 4.6380896568298339844 4.6098346710205078125 4.2417926788330078125 3.1495201587677001953 0.71504902839660644531 1.0146974325180053711 1.2376204729080200195 2.6849033832550048828 2.9405140876770019531 4.4522695541381835938 2.1028578281402587891 1.4625391960144042969 2.0123713016510009766 2.7740209102630615234 2.9239723682403564453 3.2256195545196533203 3.8932538032531738281 3.7634472846984863281 2.37998199462890625 0.95349454879760742188 0.7489299774169921875 1.6970175504684448242 1.5987637042999267578 1.4691050052642822266 1.9017335176467895508
1.7785559892654418945 2.5923581123352050781 2.5585832595825195312 2.7358450889587402344 3.8917026519775390625 3.9340307712554931641 2.7807583808898925781 1.3592401742935180664 0.21344466507434844971 0.42452391982078552246 2.1972022056579589844 3.2847712039947509766 2.8195726871490478516 1.9115483760833740234 2.2774672508239746094 3.4254460334777832031 3.464458465576171875 3.8842933177947998047 5.1960458755493164062 5.1328043937683105469 2.9935045242309570312 1.2826098203659057617 1.8234986066818237305 2.5355472564697265625 2.5213489532470703125 0.73459905385971069336 0.59186929464340209961 1.3813987970352172852 1.5671135187149047852 1.5538169145584106445 1.8942762613296508789 2.7173085212707519531 3.1487183570861816406 3.2625393867492675781 2.8825147151947021484 2.2059252262115478516 1.8725074529647827148 0.86848568916320800781 0.39870461821556091309 1.821287989616394043
2.5863006114959716797 3.1127071380615234375 3.2637763023376464844 2.86951446533203125 3.1528906822204589844 1.8714313507080078125 1.4430390596389770508 0.95508855581283569336 0.79801636934280395508 1.7570797204971313477 2.3742411136627197266 1.5275399684906005859 0.94604051113128662109 0.47835692763328552246 1.3945305347442626953 2.2223832607269287109 0.66895705461502075195 0.3382422029972076416 1.295178532600402832 3.3115856647491455078 3.6622345447540283203 3.1750969886779785156 2.8592903614044189453 2.0472743511199951172 0.96616262197494506836 0.33824619650840759277 1.2149239778518676758 1.3506406545639038086 1.0061898231506347656 1.1026824712753295898 1.2671296596527099609 1.4510771036148071289 0.89658516645431518555 1.4032161235809326172 1.6620736122131347656 1.2178415060043334961 1.1172707080841064453 1.3536466360092163086 0.84004956483840942383 1.5446693897247314453
2.8459873199462890625 2.6995580196380615234 2.4544661045074462891 3.0259256362915039062 2.6618492603302001953 0.96929526329040527344 1.1498626470565795898 1.6223225593566894531 2.1222546100616455078 2.0204026699066162109 1.9344409704208374023 0.95508855581283569336 0.91834497451782226562 0.7400938868522644043 1.1454529762268066406 2.0842471122741699219 2.6204826831817626953 2.5923497676849365234 2.640472412109375 2.6241436004638671875 1.0538439750671386719 1.3427680730819702148 1.9676342010498046875 1.8886505365371704102 1.8353891372680664062 1.7440721988677978516 2.1466577053070068359 1.5357875823974609375 0.51306706666946411133 1.1824245452880859375 2.3861443996429443359 2.1239213943481445312 0.58065623044967651367 0.70650255680084228516 1.6353726387023925781 1.2715107202529907227 1.6088554859161376953 1.1113618612289428711 0.94496971368789672852 2.5329582691192626953
2.576892852783203125 1.8198908567428588867 2.0725715160369873047 1.9842824935913085938 0.89601796865463256836 0.63718295097351074219 0.83521002531051635742 1.980194091796875 2.1682331562042236328 0.82114213705062866211 1.0808882713317871094 0.071152858436107635498 0.65287828445434570312 0.51798236370086669922 1.0201820135116577148 0.75900661945343017578 1.5325019359588623047 2.3952412605285644531 2.4051423072814941406 1.9817221164703369141 1.9155164957046508789 2.3347132205963134766 0.41487348079681396484 0.54093432426452636719 0.45558241009712219238 1.4089585542678833008 2.4912788867950439453 2.2235240936279296875 1.8022971153259277344 1.0619891881942749023 1.1733911037445068359 2.3160026073455810547 1.4377644062042236328 0.60456889867782592773 1.7417514324188232422 1.7819523811340332031 1.1776982545852661133 0.94442915916442871094 0.67498993873596191406 2.1447744369506835938
2.8608744144439697266 2.148548126220703125 1.466693878173828125 0.6689599156379699707 2.4009275436401367188 0.76497763395309448242 2.7046189308166503906 2.5658817291259765625 2.6496603488922119141 1.2107566595077514648 0.94013446569442749023 0.61205780506134033203 1.1807020902633666992 1.306071162223815918 0.96614921092987060547 0.42808109521865844727 0.81122541427612304688 0.59187066555023193359 0.6178213953971862793 0.68688434362411499023 1.5538108348846435547 3.1422827243804931641 2.1530082225799560547 2.6339542865753173828 2.0951399803161621094 0.47728651762008666992 1.7645593881607055664 0.91613531112670898438 1.1190792322158813477 0.44661232829093933105 0.85674673318862915039 1.2027900218963623047 0.85969549417495727539 1.1258368492126464844 0.71999257802963256836 2.3153498172760009766 2.0206589698791503906 1.5115501880645751953 1.57483673095703125 2.2155401706695556641
2.0934531688690185547 2.2153177261352539062 1.1776920557022094727 1.1498583555221557617 2.4019770622253417969 2.2414181232452392578 2.9784471988677978516 1.1099926233291625977 2.6639335155487060547 2.2223908901214599609 1.2841870784759521484 0.57363325357437133789 0.71504062414169311523 1.5564078092575073242 1.7599532604217529297 1.6198191642761230469 2.1066975593566894531 2.6154623031616210938 2.5072703361511230469 2.7740209102630615234 3.8835091590881347656 4.9532613754272460938 4.7521843910217285156 5.1956667900085449219 4.7295284271240234375 2.9752161502838134766 1.8781809806823730469 1.2392648458480834961 1.3080137968063354492 0.71786510944366455078 0.43278935551643371582 1.6669391393661499023 4.0475215911865234375 4.4279470443725585938 2.2710063457489013672 0.67648398876190185547 0.48152065277099609375 0.51798641681671142578 0.43279424309730529785 1.1494171619415283203
1.3666589260101318359 1.5225559473037719727 1.8932023048400878906 2.2198810577392578125 2.7650747299194335938 2.3678443431854248047 1.6400043964385986328 0.13119785487651824951 1.4089623689651489258 2.5181376934051513672 2.6633627414703369141 2.2495355606079101562 1.7739919424057006836 1.6223213672637939453 1.912349700927734375 2.2730236053466796875 2.5892293453216552734 2.8372728824615478516 3.6692612171173095703 4.9511256217956542969 5.4177546501159667969 5.5358643531799316406 4.9059200286865234375 3.4084463119506835938 3.8879430294036865234 4.4186048507690429688 4.2593665122985839844 3.6660859584808349609 3.7262203693389892578 3.6456437110900878906 2.9597184658050537109 3.9087882041931152344 4.4195036888122558594 6.5559949874877929688 6.4051713943481445312 2.7549998760223388672 0.94604051113128662109 0.24852178990840911865 0.75095582008361816406 1.0504850149154663086
0.88006269931793212891 0.47729381918907165527 1.1405844688415527344 1.4800928831100463867 1.8447465896606445312 1.7570846080780029297 0.67122572660446166992 0.28814014792442321777 0.84244966506958007812 1.2380366325378417969 1.7739970684051513672 2.8183240890502929688 3.5128257274627685547 3.2498188018798828125 3.0728418827056884766 3.2912304401397705078 3.4753754138946533203 3.8462772369384765625 4.4101419448852539062 4.5142846107482910156 3.9423644542694091797 3.5790863037109375 0.80118662118911743164 1.7842285633087158203 0.92930459976196289062 2.1341493129730224609 1.6101180315017700195 0.81558275222778320312 0.79037213325500488281 0.071152858436107635498 1.691042780876159668 4.3246326446533203125 6.1927800178527832031 2.5815987586975097656 4.1363468170166015625 2.5522432327270507812 1.3103270530700683594 0.88750672340393066406 1.3696197271347045898 1.1789804697036743164
0.54928880929946899414 0.78715586662292480469 0.78779351711273193359 0.90501463413238525391 0.19354447722434997559 0.60790848731994628906 1.2587157487869262695 0.87776356935501098633 0.43279424309730529785 0.38316160440444946289 1.152937769889831543 1.8942627906799316406 1.9375694990158081055 2.1165204048156738281 2.1506631374359130859 2.1794006824493408203 3.0175604820251464844 4.4041876792907714844 5.16062164306640625 5.0205035209655761719 4.1610584259033203125 2.8740999698638916016 2.1236817836761474609 1.795533299446105957 0.41851970553398132324 0.64429223537445068359 0.79037678241729736328 1.7887722253799438477 1.4261070489883422852 1.3199398517608642578 1.6654131412506103516 1.5534868240356445312 3.4679551124572753906 4.88933563232421875 5.0589137077331542969 3.6116719245910644531 2.1341373920440673828 1.6889531612396240234 1.6889531612396240234 0.95456326007843017578
0.85615146160125732422 0.67122572660446166992 0.79547345638275146484 1.5357921123504638672 1.4841768741607666016 1.8789815902709960938 2.5466921329498291016 2.3950214385986328125 1.0957653522491455078 1.3141839504241943359 1.1423490047454833984 1.1981431245803833008 0.95720714330673217773 0.60791677236557006836 0.21345822513103485107 0.59442883729934692383 2.2298822402954101562 3.3582570552825927734 2.7505931854248046875 2.1229698657989501953 1.0808886289596557617 0.5566113591194152832 1.6874520778656005859 1.9142010211944580078 0.48465213179588317871 0.54185980558395385742 0.52957963943481445312 1.0733733177185058594 2.4569432735443115234 2.4063959121704101562 2.6356835365295410156 2.7343664169311523438 2.8883063793182373047 3.4758102893829345703 3.9134421348571777344 3.5942986011505126953 3.0879404544830322266 2.7456262111663818359 1.9207952022552490234 1.1533790826797485352
2.7981641292572021484 2.303966522216796875 2.0915203094482421875 2.5892331600189208984 3.6441242694854736328 3.9875757694244384766 3.6206166744232177734 3.8640918731689453125 2.8578679561614990234 1.459766387939453125 0.92766237258911132812 1.0818216800689697266 1.6874544620513916016 1.861939549446105957 2.0346264839172363281 1.5885922908782958984 1.9070488214492797852 2.8326323032379150391 3.9021937847137451172 4.4739842414855957031 4.9479794502258300781 5.1049437522888183594 4.8077979087829589844 3.8562467098236083984 2.8030295372009277344 2.5774903297424316406 2.9291629791259765625 2.4809131622314453125 1.2376279830932617188 0.28814014792442321777 1.6970212459564208984 3.4864106178283691406 4.2776966094970703125 3.9885852336883544922 3.4798781871795654297 2.9265608787536621094 2.3399071693420410156 1.7124596834182739258 1.2392679452896118164 1.2090831995010375977
