wildfire/work/fuelmodels/1764/slope.asc
ncols        486
nrows        377
xllcorner    181220.000000000000
yllcorner    480860.000000000000
cellsize     5.000000000000
NODATA_value   -999
[rows 18 to 35 of 377, columns 400 to 439 of 486]
10.738245010375976562 12.49733734130859375 12.45105743408203125 10.540461540222167969 7.0128307342529296875 2.5195379257202148438 0.70074826478958129883 2.1447725296020507812 1.0359367132186889648 1.2294175624847412109 1.7842224836349487305 1.4953970909118652344 4.563632965087890625 3.9940240383148193359 1.9099619388580322266 4.5980038642883300781 4.0128111839294433594 1.9207925796508789062 1.050011754035949707 1.6063356399536132812 2.2836623191833496094 1.0325028896331787109 1.7862125635147094727 0.96196371316909790039 1.1208900213241577148 0.26999679207801818848 0.33220124244689941406 0.67123091220855712891 1.7315626144409179688 2.1074264049530029297 2.1710252761840820312 1.8706073760986328125 1.642157435417175293 1.8923921585083007812 1.8886452913284301758 1.7394248247146606445 1.7103865146636962891 1.5357999801635742188 1.4317729473114013672 1.4855438470840454102
8.8414182662963867188 10.758075714111328125 8.8402233123779296875 5.5945034027099609375 2.782199859619140625 1.8045263290405273438 1.4690953493118286133 3.0325980186462402344 0.76629722118377685547 0.49499344825744628906 0.9314740300178527832 1.4321264028549194336 3.3713145256042480469 3.0430827140808105469 1.1136375665664672852 4.5654072761535644531 4.4743123054504394531 2.6557590961456298828 2.0443072319030761719 2.4700758457183837891 2.70461273193359375 1.4666986465454101562 1.721884608268737793 0.63637459278106689453 0.77418994903564453125 0.61453002691268920898 0.24233737587928771973 0.95721042156219482422 0.78586739301681518555 1.076663970947265625 0.58498799800872802734 0.38315048813819885254 0.38183197379112243652 0.79801487922668457031 0.41365185379981994629 0.27186042070388793945 0.86847990751266479492 1.2006738185882568359 1.0883548259735107422 1.1423563957214355469
10.822277069091796875 9.6024332046508789062 6.2267246246337890625 3.75255584716796875 2.1222546100616455078 2.5923564434051513672 3.0007631778717041016 2.2452576160430908203 0.31500163674354553223 0.17135298252105712891 0.090002030134201049805 2.1763865947723388672 3.6495168209075927734 2.0987601280212402344 1.7842285633087158203 4.5089182853698730469 4.8056912422180175781 2.1960604190826416016 1.2806354761123657227 1.6012799739837646484 1.8232235908508300781 0.70074856281280517578 1.8824840784072875977 1.1276327371597290039 0.44998511672019958496 0.41487583518028259277 0.51307684183120727539 0.77419489622116088867 1.0422697067260742188 1.2240602970123291016 0.95508551597595214844 1.1208741664886474609 1.1244845390319824219 1.4086016416549682617 1.3696241378784179688 1.483158111572265625 1.4349505901336669922 0.22945390641689300537 0.51010441780090332031 1.1472165584564208984
8.079784393310546875 6.3295922279357910156 4.5035457611083984375 3.2062945365905761719 2.0490026473999023438 2.3605670928955078125 2.7549993991851806641 1.8619391918182373047 1.1458948850631713867 1.3080068826675415039 1.3802956342697143555 3.4279546737670898438 2.3055024147033691406 0.81805723905563354492 2.8777906894683837891 3.901031494140625 4.6777296066284179688 2.0774416923522949219 0.13119933009147644043 1.1472132205963134766 1.7074315547943115234 0.81122177839279174805 1.356634974479675293 1.0591328144073486328 1.6994093656539916992 1.2178397178649902344 0.45558327436447143555 0.16225333511829376221 0.89601999521255493164 0.69857323169708251953 0.72628498077392578125 1.2408918142318725586 0.92767030000686645508 0.99608331918716430664 1.3060779571533203125 1.5551146268844604492 2.285663604736328125 1.9059773683547973633 1.6961241960525512695 1.3056837320327758789
4.5711522102355957031 2.7763886451721191406 2.0767157077789306641 1.6874483823776245117 1.1208834648132324219 1.3423799276351928711 1.7254068851470947266 2.3867681026458740234 1.7918696403503417969 0.81558841466903686523 2.6525082588195800781 3.38881683349609375 1.7725695371627807617 1.3241673707962036133 3.8949429988861083984 2.8770842552185058594 3.9259355068206787109 2.3463742733001708984 0.27372831106185913086 0.94496548175811767578 1.1811367273330688477 0.81805723905563354492 0.33220878243446350098 1.2731035947799682617 1.4064571857452392578 1.6201418638229370117 1.431769251823425293 1.2094935178756713867 1.2920387983322143555 1.1208800077438354492 0.92493623495101928711 1.0971503257751464844 0.37107238173484802246 0.42452841997146606445 0.8800633549690246582 1.0166999101638793945 1.3457757234573364258 1.1285339593887329102 1.258713841438293457 0.95508611202239990234
3.1361668109893798828 2.7424879074096679688 2.2486319541931152344 1.7103868722915649414 0.8537953495979309082 0.17999958992004394531 0.20375049114227294922 1.4790555238723754883 2.3474607467651367188 2.0266554355621337891 1.4639183282852172852 2.6404809951782226562 2.0740373134613037109 2.439800262451171875 3.9148592948913574219 2.2063927650451660156 3.3710203170776367188 1.6799286603927612305 0.1935564577579498291 1.0437225103378295898 0.82546216249465942383 0.52669847011566162109 0.45557901263236999512 1.2538745403289794922 0.13119490444660186768 0.54093039035797119141 0.78587245941162109375 1.0359319448471069336 1.057690739631652832 0.76365625858306884766 0.92766797542572021484 1.1154540777206420898 1.2778651714324951172 1.1888190507888793945 0.89320349693298339844 0.32760274410247802734 0.93960672616958618164 0.821155548095703125 1.4711760282516479492 1.8221169710159301758
2.3039629459381103516 2.0774471759796142578 1.6353738307952880859 0.94603639841079711914 1.9207898378372192383 2.2774655818939208984 2.4264953136444091797 2.1038219928741455078 2.6517572402954101562 1.6154438257217407227 1.2355715036392211914 2.7178618907928466797 2.1179602146148681641 2.0123798847198486328 4.2073807716369628906 3.1916010379791259766 2.2969248294830322266 1.1081639528274536133 0.22945725917816162109 0.78587055206298828125 0.95668125152587890625 0.58065021038055419922 0.54928982257843017578 1.2095018625259399414 0.94924080371856689453 0.69784760475158691406 0.71504062414169311523 0.83701854944229125977 0.51307308673858642578 0.81122851371765136719 0.74282377958297729492 0.25653862953186035156 0.73459964990615844727 0.99658262729644775391 1.3696258068084716797 0.71504682302474975586 0.45225095748901367188 1.3107064962387084961 1.4903082847595214844 1.6437029838562011719
2.5449035167694091797 2.2623121738433837891 1.7121651172637939453 1.4405760765075683594 3.0617892742156982422 1.6204569339752197266 0.90501463413238525391 0.72558492422103881836 1.5987595319747924805 0.82729142904281616211 0.79610443115234375 2.8779642581939697266 3.0854785442352294922 1.8641126155853271484 5.0127630233764648438 2.9935095310211181641 1.3740532398223876953 1.7731336355209350586 1.40860748291015625 1.228178858757019043 1.5048336982727050781 0.82544857263565063477 0.45890820026397705078 0.81558632850646972656 1.1733864545822143555 1.4405785799026489258 1.5463035106658935547 1.3945270776748657227 1.14942169189453125 1.1926387548446655273 0.80117458105087280273 0.76893758773803710938 1.2534699440002441406 0.88464838266372680664 0.6178233027458190918 0.75096201896667480469 0.063641056418418884277 1.2425177097320556641 0.99404692649841308594 0.66440683603286743164
1.0422646999359130859 1.5603053569793701172 0.82973682880401611328 1.7754242420196533203 2.4519922733306884766 1.9766080379486083984 2.4445633888244628906 2.7500460147857666016 3.5027513504028320312 4.0568690299987792969 3.9875771999359130859 5.0205035209655761719 7.0692486763000488281 3.8504807949066162109 4.2507042884826660156 2.7822058200836181641 0.73459964990615844727 1.0261127948760986328 1.4903099536895751953 2.3048415184020996094 3.36502838134765625 3.1941330432891845703 1.4121900796890258789 0.89996486902236938477 1.1208851337432861328 1.1977258920669555664 1.1651653051376342773 1.080884099006652832 1.1776920557022094727 1.4003193378448486328 1.2094992399215698242 1.451081395149230957 1.5125558376312255859 1.3916260004043579102 1.0533719062805175781 1.3457615375518798828 0.81122112274169921875 1.1172707080841064453 1.4711738824844360352 0.92493855953216552734
1.1498568058013916016 1.5420402288436889648 2.2350969314575195312 2.227161407470703125 0.62757223844528198242 2.0083539485931396484 2.9787790775299072266 2.7905519008636474609 2.6790721416473388672 2.8919866085052490234 2.4627006053924560547 2.8267395496368408203 5.6275401115417480469 6.583835601806640625 4.2802853584289550781 2.3678324222564697266 0.51797711849212646484 0.1590976417064666748 1.1776920557022094727 2.9403562545776367188 3.0016121864318847656 4.2089433670043945312 3.4202735424041748047 2.6395118236541748047 2.1877393722534179688 2.0740263462066650391 2.1712634563446044922 2.5139176845550537109 2.7533535957336425781 2.4443612098693847656 2.3103246688842773438 2.1279652118682861328 1.8356667757034301758 2.3301589488983154297 2.7483849525451660156 2.4717171192169189453 2.2765696048736572266 2.4103837013244628906 2.4331467151641845703 1.8619345426559448242
1.6608536243438720703 2.2730219364166259766 1.8923968076705932617 0.85498094558715820312 2.7774868011474609375 2.8326346874237060547 1.553809046745300293 1.5248770713806152344 3.2036075592041015625 4.580078125 4.7618350982666015625 4.5799736976623535156 2.9485936164855957031 1.3740446567535400391 1.6593325138092041016 0.56294715404510498047 0.38183197379112243652 0.41486746072769165039 1.5822120904922485352 1.7842352390289306641 0.51798200607299804688 1.8212801218032836914 3.7584805488586425781 3.37342071533203125 2.7006900310516357422 2.76214599609375 3.1429286003112792969 3.6441192626953125 3.8293015956878662109 3.6923134326934814453 3.6572594642639160156 3.9251604080200195312 4.4266963005065917969 4.6538319587707519531 3.9828853607177734375 2.9472262859344482422 3.1490435600280761719 3.5638031959533691406 3.5277521610260009766 3.5751223564147949219
1.8584047555923461914 1.5115542411804199219 1.1423536539077758789 2.8411891460418701172 1.9819806814193725586 0.74282795190811157227 2.3231997489929199219 4.3577589988708496094 5.2775626182556152344 5.3774461746215820312 5.0293345451354980469 4.9926114082336425781 4.7069678306579589844 3.0715222358703613281 1.5115494728088378906 0.68021816015243530273 0.28459697961807250977 0.51797711849212646484 1.2445605993270874023 1.5007975101470947266 1.9789153337478637695 2.2535769939422607422 1.6501532793045043945 0.25456359982490539551 2.1279704570770263672 2.5538349151611328125 2.2807974815368652344 1.8381487131118774414 1.2982941865921020508 1.643702387809753418 2.3048415184020996094 2.3740258216857910156 2.2685694694519042969 1.9229031801223754883 2.7994239330291748047 3.6441242694854736328 3.4945211410522460938 3.4053249359130859375 3.4013159275054931641 3.0445811748504638672
0.08999773859977722168 1.9218478202819824219 2.7040638923645019531 0.94603842496871948242 1.2107504606246948242 2.9265573024749755859 4.1030225753784179688 4.5820722579956054688 3.6427314281463623047 1.8411767482757568359 0.60790818929672241211 1.2380392551422119141 2.4227368831634521484 2.4470412731170654297 1.0619943141937255859 0.74892538785934448242 0.96981477737426757812 0.96929526329040527344 1.1651668548583984375 1.4957317113876342773 1.4129096269607543945 1.9534354209899902344 2.5894188880920410156 2.81166839599609375 2.7885634899139404297 2.0353803634643554688 1.2107563018798828125 0.69857102632522583008 0.75432348251342773438 0.82607090473175048828 1.2115797996520996094 1.4841768741607666016 1.7133382558822631836 1.319941401481628418 1.0388576984405517578 1.2478078603744506836 1.5357875823974609375 1.1285226345062255859 0.61205369234085083008 0.49499776959419250488
2.6557543277740478516 2.4776394367218017578 0.10062532126903533936 2.5853223800659179688 3.6792988777160644531 3.4508728981018066406 3.6864380836486816406 3.4173250198364257812 1.8056454658508300781 0.82973682880401611328 2.0973250865936279297 2.8372795581817626953 2.9569795131683349609 2.8310267925262451172 2.155124664306640625 1.7533314228057861328 1.5208922624588012695 1.9157809019088745117 1.73943328857421875 1.3766341209411621094 1.1994136571884155273 0.63399177789688110352 0.29335728287696838379 0.87371593713760375977 2.7126452922821044922 3.7381379604339599609 3.4254539012908935547 2.5853228569030761719 1.9352203607559204102 1.4416370391845703125 1.0672203302383422852 1.2392677068710327148 2.3197214603424072266 3.1583330631256103516 3.6556067466735839844 3.7868673801422119141 3.2648723125457763672 2.7711050510406494141 2.9472219944000244141 3.5108165740966796875
3.6622309684753417969 1.4875936508178710938 4.0033693313598632812 4.3513894081115722656 3.8227024078369140625 2.7485711574554443359 2.2607481479644775391 2.1009347438812255859 1.6937386989593505859 2.51874542236328125 3.2798507213592529297 3.5811936855316162109 3.83838653564453125 3.8038897514343261719 2.9196441173553466797 1.8334648609161376953 0.65519440174102783203 0.4633006751537322998 0.095467634499073028564 0.82114213705062866211 1.5667859315872192383 1.6874479055404663086 0.45000225305557250977 0.98688578605651855469 1.1529455184936523438 1.3457683324813842773 0.99862062931060791016 1.250249028205871582 1.7648460865020751953 2.1028616428375244141 1.8444743156433105469 1.7440791130065917969 1.7799685001373291016 1.9534342288970947266 2.0346205234527587891 2.2765765190124511719 3.0103485584259033203 3.2463872432708740234 3.2293691635131835938 3.4923336505889892578
1.1994193792343139648 5.7684183120727539062 4.6413516998291015625 2.2625331878662109375 1.0186861753463745117 0.42690864205360412598 1.7300981283187866211 3.0964338779449462891 3.8906588554382324219 3.9811093807220458984 3.5141153335571289062 2.7367608547210693359 1.7955362796783447266 0.64428889751434326172 0.94496119022369384766 1.3260636329650878906 1.2195013761520385742 0.74893730878829956055 0.51307833194732666016 0.60456889867782592773 0.66895705461502075195 2.4053449630737304688 1.8627614974975585938 1.5007957220077514648 0.49703821539878845215 1.4014058113098144531 1.6363031864166259766 1.2826098203659057617 0.65596371889114379883 0.51307237148284912109 1.5716180801391601562 1.3260582685470581055 0.22499266266822814941 0.9822559356689453125 0.92273741960525512695 0.10061764717102050781 0.29335662722587585449 0.63637942075729370117 0.69856274127960205078 0.45558622479438781738
4.1029038429260253906 7.0818190574645996094 1.4489846229553222656 1.4003216028213500977 1.934698939323425293 2.6287643909454345703 3.0175554752349853516 3.1939754486083984375 3.0152194499969482422 2.5259592533111572266 1.8665512800216674805 0.88465201854705810547 0.3001880645751953125 1.4538686275482177734 1.8886505365371704102 1.8389760255813598633 1.3956158161163330078 0.81121993064880371094 1.2223908901214599609 1.8781697750091552734 1.4207730293273925781 1.8781744241714477539 1.2778651714324951172 1.1943403482437133789 0.3382422029972076416 1.1926440000534057617 0.57362788915634155273 0.16225454211235046387 1.0883595943450927734 1.3685241937637329102 0.82116049528121948242 0.72628790140151977539 0.45558327436447143555 0.60790401697158813477 0.7269789576530456543 0.31978443264961242676 0.22500039637088775635 0.53338968753814697266 1.0766532421112060547 1.2281752824783325195
4.1259708404541015625 4.8604874610900878906 2.1859011650085449219 2.7981581687927246094 2.0246574878692626953 1.046630859375 0.66211211681365966797 0.94228565692901611328 1.2027852535247802734 1.0147020816802978516 0.59783118963241577148 0.74554395675659179688 0.85675060749053955078 0.98688870668411254883 0.67498993873596191406 0.64429223537445068359 0.81309366226196289062 0.95508551597595214844 1.0892815589904785156 0.67122489213943481445 0.96981537342071533203 0.95720297098159790039 1.8496719598770141602 0.82972753047943115234 1.5092002153396606445 0.44205003976821899414 0.69785124063491821289 0.99911898374557495117 0.70435160398483276367 0.87371265888214111328 0.27186256647109985352 0.73803037405014038086 0.88006269931793212891 0.92767357826232910156 0.80559301376342773438 0.32760274410247802734 0.25653636455535888672 0.71149492263793945312 0.73252928256988525391 0.62515097856521606445
