wildfire/work/fuelmodels/1764/slope.asc
ncols        486
nrows        377
xllcorner    181220.000000000000
yllcorner    480860.000000000000
cellsize     5.000000000000
NODATA_value   -999
[rows 288 to 305 of 377, columns 80 to 119 of 486]
2.1775562763214111328 2.1633360385894775391 2.6281857490539550781 2.7894647121429443359 2.5678515434265136719 2.5259580612182617188 2.157009124755859375 1.3080184459686279297 2.5706102848052978516 2.8172266483306884766 1.9133988618850708008 2.8188748359680175781 2.8021395206451416016 1.4569755792617797852 1.9665951728820800781 3.3882234096527099609 4.5090274810791015625 5.4792461395263671875 5.746891021728515625 5.7392606735229492188 4.5494627952575683594 3.6106858253479003906 3.4373595714569091797 2.1331937313079833984 2.4030361175537109375 3.3298492431640625 3.068225860595703125 3.3202686309814453125 2.9279408454895019531 1.670275568962097168 1.5551146268844604492 2.0211520195007324219 2.0603315830230712891 0.85674744844436645508 0.85673731565475463867 2.0371119976043701172 1.712160944938659668 1.1136314868927001953 1.3423780202865600586 1.2376222610473632812
2.0642514228820800781 2.0492501258850097656 2.2414093017578125 2.4095427989959716797 2.4755995273590087891 2.8946182727813720703 2.3765838146209716797 0.8327776789665222168 2.2059421539306640625 3.0352580547332763672 2.2567079067230224609 2.1794056892395019531 2.8057503700256347656 3.7570128440856933594 4.8781881332397460938 5.4028763771057128906 4.3144793510437011719 3.0175797939300537109 2.5798542499542236328 2.9691054821014404297 4.1146998405456542969 4.2876996994018554688 4.0272507667541503906 2.7373256683349609375 2.2305653095245361328 3.5676267147064208984 3.4210133552551269531 3.1583297252655029297 3.7115457057952880859 3.3019554615020751953 2.0844974517822265625 1.5357954502105712891 1.3045209646224975586 1.5225617885589599609 1.4086054563522338867 2.2086844444274902344 1.7309682369232177734 1.1529349088668823242 1.5534868240356445312 1.2671264410018920898
1.5525145530700683594 1.8389680385589599609 2.2325923442840576172 2.1513741016387939453 2.0083494186401367188 2.7905774116516113281 2.7923717498779296875 1.3517622947692871094 1.5850992202758789062 2.6102364063262939453 3.5557069778442382812 3.7868547439575195312 4.5760102272033691406 4.1770415306091308594 2.2774577140808105469 2.0987632274627685547 2.171260833740234375 2.3935449123382568359 2.7994358539581298828 2.8057503700256347656 3.7660088539123535156 4.7694549560546875 5.2611169815063476562 5.2697238922119140625 4.1558232307434082031 3.5949888229370117188 3.7868599891662597656 3.5518774986267089844 3.0103485584259033203 3.2125873565673828125 3.8383910655975341797 3.4036951065063476562 1.5538108348846435547 1.2094907760620117188 1.2631264925003051758 2.0539326667785644531 2.1682331562042236328 1.5651729106903076172 1.5208947658538818359 1.4129096269607543945
1.5115625858306884766 1.8684378862380981445 2.4888384342193603516 2.296932220458984375 1.6297943592071533203 2.2940800189971923828 3.3433241844177246094 3.2300076484680175781 3.5547323226928710938 3.6038532257080078125 3.4807651042938232422 2.6745443344116210938 1.8899930715560913086 1.9302603006362915039 2.0630204677581787109 1.725411534309387207 1.7918636798858642578 2.1336450576782226562 2.4164690971374511719 2.3033108711242675781 2.1663684844970703125 2.7791147232055664062 3.4822070598602294922 4.2522530555725097656 4.8523645401000976562 4.6546893119812011719 4.4837746620178222656 4.2971162796020507812 3.6127996444702148438 2.0803639888763427734 1.9727650880813598633 3.7213449478149414062 3.6455080509185791016 2.4823291301727294922 1.1113663911819458008 1.0533747673034667969 1.8115248680114746094 2.026409149169921875 1.7359325885772705078 1.3592377901077270508
1.9218492507934570312 2.0642404556274414062 1.9155136346817016602 2.1324837207794189453 2.7822110652923583984 3.7039439678192138672 4.3837614059448242188 3.5406191349029541016 2.1551256179809570312 1.8982757329940795898 2.1712727546691894531 1.7887541055679321289 1.1879616975784301758 1.7887727022171020508 1.9500737190246582031 1.5911425352096557617 1.8923985958099365234 2.4179272651672363281 3.0867886543273925781 2.8068182468414306641 1.5908173322677612305 1.2587081193923950195 2.0086133480072021484 2.5389454364776611328 2.6133420467376708984 3.2248370647430419922 4.3615732192993164062 4.9931001663208007812 5.4088282585144042969 4.0508928298950195312 2.2696754932403564453 2.5323514938354492188 3.1605756282806396484 3.9269695281982421875 2.2641019821166992188 1.2955666780471801758 1.5390844345092773438 1.5007970333099365234 1.4121959209442138672 1.7221816778182983398
1.8795213699340820312 2.4528167247772216797 2.7527954578399658203 2.9513368606567382812 2.6557526588439941406 2.1067011356353759766 2.4114518165588378906 2.6633651256561279297 2.6948671340942382812 2.2495226860046386719 1.9500720500946044922 2.1939790248870849609 1.7648382186889648438 1.4790574312210083008 1.8455702066421508789 1.7133427858352661133 1.5603073835372924805 2.3950290679931640625 3.4854001998901367188 3.0284278392791748047 2.2607438564300537109 1.8312509059906005859 2.4443576335906982422 2.610809326171875 2.0033144950866699219 1.8924111127853393555 2.5696349143981933594 3.5444757938385009766 4.9336843490600585938 5.3981151580810546875 4.6115889549255371094 3.5814652442932128906 2.8030266761779785156 3.5937352180480957031 3.9750285148620605469 3.3296992778778076172 1.9863054752349853516 1.1581918001174926758 0.3244984745979309082 0.71149492263793945312
2.7068545818328857422 2.4395799636840820312 1.8902579545974731445 1.2762877941131591797 1.0971428155899047852 1.4666839838027954102 1.542039036750793457 2.1654348373413085938 2.9008841514587402344 2.8172345161437988281 2.1939754486083984375 2.3205950260162353516 1.7218997478485107422 1.6838400363922119141 2.1153206825256347656 1.867373347282409668 1.4967379570007324219 2.4348156452178955078 3.14823150634765625 2.5259635448455810547 2.0922379493713378906 2.4063873291015625 2.9327754974365234375 2.7710833549499511719 1.9134078025817871094 1.6501684188842773438 1.9260500669479370117 1.8334648609161376953 2.1388728618621826172 3.2956829071044921875 4.1929631233215332031 3.9421026706695556641 3.2784557342529296875 3.1301991939544677734 3.8901503086090087891 4.6454920768737792969 4.5503554344177246094 2.9719808101654052734 0.96772187948226928711 1.3275946378707885742
1.9292052984237670898 1.8231993913650512695 1.500798344612121582 1.4032250642776489258 1.3977850675582885742 1.4639228582382202148 0.79036360979080200195 1.1244925260543823242 2.150669097900390625 2.5593554973602294922 2.5149102210998535156 2.1914422512054443359 1.4175789356231689453 1.4246884584426879883 1.815980076789855957 1.8988041877746582031 2.2398486137390136719 3.1812880039215087891 3.4723150730133056641 2.3103380203247070312 1.9842871427536010742 2.6404616832733154297 2.9460163116455078125 2.9120109081268310547 2.2235288619995117188 1.8212933540344238281 2.0492441654205322266 1.9720020294189453125 1.9407076835632324219 2.6318461894989013672 3.0879337787628173828 2.7716472148895263672 2.6858551502227783203 2.1506600379943847656 2.56470489501953125 3.3862812519073486328 4.1610555648803710938 4.3819079399108886719 3.3469498157501220703 1.7207026481628417969
2.7358472347259521484 2.7540705204010009766 2.0973086357116699219 1.7708613872528076172 1.6838512420654296875 1.6251220703125 0.88751983642578125 0.86849862337112426758 2.0423247814178466797 2.8747844696044921875 2.5696127414703369141 2.1324715614318847656 1.8221216201782226562 1.6363167762756347656 1.8867757320404052734 1.8433600664138793945 2.1682331562042236328 3.5705897808074951172 4.1451244354248046875 2.8095295429229736328 2.2856779098510742188 2.9914610385894775391 2.4747819900512695312 2.6790833473205566406 2.6745388507843017578 1.7309722900390625 2.2980256080627441406 2.4559075832366943359 1.9593801498413085938 2.2907557487487792969 2.5072703361511230469 2.1849668025970458984 2.1831178665161132812 1.7599570751190185547 1.8003246784210205078 2.2063927650451660156 2.8952994346618652344 2.9881072044372558594 3.6116778850555419922 4.6733045578002929688
2.6086983680725097656 3.1016545295715332031 2.8082516193389892578 2.1842780113220214844 1.8781780004501342773 1.8982640504837036133 1.2730978727340698242 1.0672241449356079102 1.972777247428894043 3.2708961963653564453 2.8172357082366943359 2.2640807628631591797 2.4661812782287597656 2.4937281608581542969 2.6358916759490966797 2.1336700916290283203 1.9302583932876586914 3.4320745468139648438 4.0158300399780273438 3.6295249462127685547 3.2125995159149169922 3.9844071865081787109 3.3060982227325439453 3.6957545280456542969 4.5186619758605957031 3.0894086360931396484 2.7878322601318359375 3.1153075695037841797 2.6241414546966552734 2.3015508651733398438 2.2271583080291748047 2.3706088066101074219 1.98606109619140625 1.7639822959899902344 1.9228994846343994141 1.8223841190338134766 2.3360104560852050781 1.9218451976776123047 1.6000210046768188477 3.132625579833984375
2.6086862087249755859 2.9963805675506591797 3.1567215919494628906 2.6264503002166748047 2.0091142654418945312 1.9407169818878173828 1.5537967681884765625 1.2392488718032836914 1.5354640483856201172 2.7160022258758544922 2.6402919292449951172 2.5259411334991455078 2.9211812019348144531 2.8195645809173583984 2.5331568717956542969 2.1532495021820068359 2.2337446212768554688 2.7178707122802734375 3.1180768013000488281 3.3019526004791259766 3.2281258106231689453 4.1049909591674804688 3.7296135425567626953 3.1687135696411132812 4.3336091041564941406 4.1662731170654296875 3.3425741195678710938 2.8451073169708251953 3.145656585693359375 3.0472328662872314453 2.3502597808837890625 2.5337469577789306641 1.7335968017578125 1.7324374914169311523 1.9352262020111083984 1.3423717021942138672 1.8619428873062133789 2.1428928375244140625 1.7207103967666625977 1.8356721401214599609
3.189693450927734375 3.5937302112579345703 3.6289873123168945312 3.4442527294158935547 2.7085356712341308594 2.1782681941986083984 1.9448859691619873047 1.4902998208999633789 1.6547385454177856445 2.3549931049346923828 2.8778004646301269531 2.9609122276306152344 2.6133339405059814453 2.6775586605072021484 2.8672213554382324219 2.9677157402038574219 2.7485685348510742188 2.3774404525756835938 2.5607633590698242188 2.4618763923645019531 1.9755710363388061523 2.6661915779113769531 2.7061226367950439453 1.9720091819763183594 3.0591380596160888672 4.2374925613403320312 4.1392951011657714844 2.5753386020660400391 3.1021323204040527344 3.871921539306640625 2.6728403568267822266 2.3301551342010498047 1.6766167879104614258 1.697024226188659668 1.8673672676086425781 1.3861522674560546875 1.6129422187805175781 2.2198836803436279297 2.0121281147003173828 1.891867518424987793
3.3091411590576171875 4.1963205337524414062 4.2806534767150878906 4.2953500747680664062 3.7868502140045166016 3.0985631942749023438 2.6540534496307373047 2.1849699020385742188 2.1731247901916503906 2.4519927501678466797 2.4780597686767578125 2.1388835906982421875 1.8137645721435546875 2.1083924770355224609 2.9752175807952880859 3.4875462055206298828 3.4186456203460693359 2.9272613525390625 2.7550046443939208984 2.5678606033325195312 1.5806145668029785156 1.9228843450546264648 2.5939218997955322266 2.1267962455749511719 2.7126307487487792969 3.5751054286956787109 4.2206907272338867188 2.9752268791198730469 2.9518373012542724609 3.8670976161956787109 3.0111913681030273438 2.2625355720520019531 1.7362248897552490234 1.8521378040313720703 2.0842471122741699219 1.5168889760971069336 1.6310336589813232422 2.6341547966003417969 2.4002954959869384766 2.0571324825286865234
3.8983132839202880859 4.6264405250549316406 4.9102292060852050781 4.4838933944702148438 3.7197098731994628906 3.3683238029479980469 3.0192470550537109375 2.6618463993072509766 2.1605215072631835938 1.6669303178787231445 1.4321264028549194336 1.3592412471771240234 1.1356714963912963867 1.3898080587387084961 2.1239321231842041016 3.0192115306854248047 3.6873590946197509766 3.6330106258392333984 3.223751068115234375 2.9655222892761230469 1.6766302585601806641 1.4804236888885498047 2.8122105598449707031 2.6231923103332519531 2.3859238624572753906 2.8066256046295166016 3.8983178138732910156 3.6423232555389404297 3.0931603908538818359 3.5154144763946533203 3.3284819126129150391 2.2641000747680664062 1.7980694770812988281 1.8137650489807128906 1.9281584024429321289 1.0359296798706054688 1.7639775276184082031 3.2180945873260498047 2.2730193138122558594 1.9394042491912841797
3.6017293930053710938 4.0984644889831542969 4.8762145042419433594 4.235107421875 3.0867784023284912109 2.9588484764099121094 2.798152923583984375 2.7189822196960449219 2.3560671806335449219 1.6304063796997070312 1.5288627147674560547 1.5433698892593383789 1.1458942890167236328 1.472209930419921875 2.0211763381958007812 2.0563879013061523438 3.2298271656036376953 3.9073510169982910156 3.3059406280517578125 3.0192465782165527344 2.3013300895690917969 1.944871068000793457 2.9403514862060546875 3.2815554141998291016 2.0740220546722412109 2.0740203857421875 3.7559285163879394531 3.9267075061798095703 3.2331297397613525391 3.5947000980377197266 3.8410143852233886719 2.7068550586700439453 2.7040517330169677734 3.1578497886657714844 2.1381692886352539062 0.81309676170349121094 1.7570757865905761719 3.0217492580413818359 2.2907557487487792969 2.0679197311401367188
1.342373967170715332 2.8326380252838134766 4.2712035179138183594 3.7741682529449462891 3.1806557178497314453 3.0259277820587158203 2.7225019931793212891 2.7999653816223144531 2.8925142288208007812 2.1150758266448974609 1.6865482330322265625 1.8477733135223388672 1.5195811986923217773 1.8204551935195922852 2.8326430320739746094 2.1530153751373291016 3.0152063369750976562 3.6361913681030273438 2.9451544284820556641 2.6858589649200439453 2.2607436180114746094 2.4053375720977783203 2.6618375778198242188 3.7425975799560546875 3.1806402206420898438 1.778538823127746582 3.1326286792755126953 3.9678974151611328125 2.9451589584350585938 2.8735668659210205078 3.3205828666687011719 2.6496541500091552734 2.9588603973388671875 4.2150530815124511719 3.137939453125 1.7160001993179321289 2.0363667011260986328 2.9752175807952880859 3.1758906841278076172 2.7970705032348632812
0.78004539012908935547 2.7085337638854980469 3.2317414283752441406 2.8741018772125244141 3.4143552780151367188 3.5858433246612548828 3.1211435794830322266 2.8008685111999511719 3.1177532672882080078 3.1256754398345947266 2.96771240234375 2.8624446392059326172 2.2643082141876220703 2.2034175395965576172 3.2636277675628662109 3.1806519031524658203 3.3888137340545654297 3.2004511356353759766 2.8015787601470947266 2.9258666038513183594 2.5960545539855957031 2.4645450115203857422 2.0630278587341308594 2.8267481327056884766 3.9976913928985595703 2.2836759090423583984 2.4692618846893310547 4.2217454910278320312 3.5106668472290039062 2.8010489940643310547 2.8251438140869140625 2.5816063880920410156 2.8770842552185058594 3.9313368797302246094 3.9760260581970214844 2.9887766838073730469 2.7160005569458007812 3.2138516902923583984 3.5135469436645507812 3.5518717765808105469
0.10062147676944732666 2.4047112464904785156 2.6393418312072753906 2.2549197673797607422 3.0325880050659179688 3.6289629936218261719 3.5734236240386962891 2.93743133544921875 2.6517665386199951172 3.2436110973358154297 3.7623727321624755859 3.6737864017486572266 3.0601325035095214844 3.0192353725433349609 3.5666363239288330078 3.826656341552734375 3.6295330524444580078 3.0379369258880615234 2.6568999290466308594 2.7703826427459716797 2.7667272090911865234 2.7650787830352783203 2.2676780223846435547 2.0980315208435058594 3.5466101169586181641 2.5564179420471191406 2.0798807144165039062 3.8357455730438232422 4.3066034317016601562 3.6902499198913574219 2.9982285499572753906 2.8714549541473388672 3.1050696372985839844 3.1719095706939697266 3.4054701328277587891 2.9914782047271728516 2.1018989086151123047 2.7659914493560791016 3.1154749393463134766 3.2091302871704101562
