wildfire/work/fuelmodels/1856/aspect.asc
ncols        302
nrows        252
xllcorner    176080.000000000000
yllcorner    474970.000000000000
cellsize     5.000000000000
NODATA_value   -999
[rows 228 to 246 of 252, columns 210 to 251 of 302]
63.43425750732421875 98.12975311279296875 134.9996795654296875 302.004425048828125 84.69899749755859375 101.5750579833984375 114.4442138671875 86.8198699951171875 91.4686126708984375 57.99466705322265625 29.054330825805664062 109.6982269287109375 118.07228851318359375 49.762844085693359375 33.690158843994140625 296.5665283203125 239.0361785888671875 127.8730010986328125 71.56197357177734375 101.308013916015625 286.927093505859375 325.7838134765625 20.854928970336914062 19.69852447509765625 6.0090265274047851562 4.8440980911254882812 356.69720458984375 350.271575927734375 43.408420562744140625 36.384120941162109375 332.9271240234375 312.206512451171875 303.2742919921875 307.87432861328125 304.99169921875 192.994537353515625 115.70983123779296875 120.96356964111328125 161.5650177001953125 143.129974365234375 87.27397918701171875 81.870361328125
128.88446044921875 79.01929473876953125 10.304997444152832031 199.7984466552734375 113.1983489990234375 102.528717041015625 116.5654296875 109.7991790771484375 69.4443511962890625 5.1945958137512207031 81.384613037109375 92.96077728271484375 65.92421722412109375 332.240203857421875 18.435148239135742188 0.72524011135101318359 353.99017333984375 350.881378173828125 13.706732749938964844 33.178424835205078125 309.558807373046875 204.4418182373046875 224.998565673828125 325.618377685546875 352.56787109375 354.143341064453125 6.0722074508666992188 29.357402801513671875 44.9996337890625 16.26026153564453125 347.618408203125 308.046173095703125 299.3570556640625 282.263946533203125 165.963470458984375 200.224456787109375 44.999897003173828125 62.44683074951171875 52.7647552490234375 23.199666976928710938 109.65381622314453125 140.1942291259765625
183.714935302734375 155.5555267333984375 100.7125396728515625 135.987274169921875 134.9995269775390625 125.96019744873046875 136.245086669921875 191.3094940185546875 323.745635986328125 17.525678634643554688 67.30605316162109375 66.33666229248046875 21.161165237426757812 350.216522216796875 349.777099609375 353.829010009765625 1.5074700117111206055 342.0498046875 20.29730224609375 33.69005584716796875 7.3525414466857910156 27.181060791015625 317.290374755859375 306.4683837890625 180.00140380859375 224.9998931884765625 163.30078125 70.6406402587890625 12.724423408508300781 7.2061963081359863281 10.713198661804199219 320.82550048828125 304.69451904296875 89.9987030029296875 333.434173583984375 314.999267578125 11.309906005859375 85.1002655029296875 62.649810791015625 82.56827545166015625 108.43437957763671875 122.90447235107421875
296.564483642578125 306.86895751953125 109.85516357421875 115.0167388916015625 134.9996795654296875 116.5647735595703125 112.61969757080078125 265.10015869140625 280.007537841796875 72.75771331787109375 84.98638153076171875 34.5625152587890625 19.323329925537109375 5.5275044441223144531 336.31689453125 344.60369873046875 2.2312245368957519531 357.183349609375 8.972408294677734375 26.847345352172851562 16.113399505615234375 13.172339439392089844 6.5200638771057128906 5.1950440406799316406 66.80144500732421875 254.744293212890625 183.3661041259765625 179.9995880126953125 310.2354736328125 9.689029693603515625 26.564897537231445312 326.309326171875 330.06793212890625 12.380640983581542969 347.734649658203125 20.225185394287109375 125.9096527099609375 150.945465087890625 102.9937591552734375 44.999897003173828125 44.999897003173828125 30.963685989379882812
212.1245269775390625 164.89825439453125 129.4275360107421875 128.3452911376953125 164.054840087890625 58.133434295654296875 11.9761810302734375 338.961639404296875 323.614715576171875 95.82601165771484375 107.78374481201171875 253.6087493896484375 45.000469207763671875 2.4896090030670166016 331.388519287109375 343.705108642578125 356.42291259765625 10.375619888305664062 358.362396240234375 14.381532669067382812 14.620825767517089844 10.145314216613769531 28.14167022705078125 31.23935699462890625 15.254705429077148438 351.252593994140625 6.1156544685363769531 8.6159219741821289062 265.23468017578125 276.338470458984375 10.712512016296386719 0 296.563629150390625 314.998748779296875 349.694580078125 48.01302337646484375 56.003398895263671875 35.53730010986328125 66.80200958251953125 104.03600311279296875 81.38433837890625 56.310115814208984375
186.842437744140625 151.606414794921875 133.45135498046875 158.199066162109375 319.235321044921875 355.461456298828125 348.689300537109375 353.018035888671875 31.551158905029296875 85.71083831787109375 81.87023162841796875 308.658935546875 21.370321273803710938 324.462158203125 310.600799560546875 339.774322509765625 337.619354248046875 5.9644637107849121094 7.1246843338012695312 11.3099822998046875 16.6071319580078125 30.6183929443359375 54.865688323974609375 43.754749298095703125 12.094595909118652344 350.536468505859375 2.3862130641937255859 23.19863128662109375 8.1302289962768554688 303.689605712890625 101.30886077880859375 127.87451934814453125 183.5753173828125 212.0048980712890625 179.9995880126953125 155.555328369140625 66.8001251220703125 30.529293060302734375 57.09449005126953125 123.6895751953125 144.4615936279296875 99.4613494873046875
30.962398529052734375 79.99178314208984375 43.408733367919921875 328.83990478515625 338.961639404296875 359.4205322265625 350.361602783203125 29.0541229248046875 81.869659423828125 64.65369415283203125 11.659471511840820312 335.169769287109375 4.7635679244995117188 340.676177978515625 332.175079345703125 347.3800048828125 343.73919677734375 8.1298646926879882812 24.14496612548828125 20.55584716796875 35.134410858154296875 66.1609649658203125 74.7446746826171875 51.8431854248046875 42.273517608642578125 60.944629669189453125 297.64532470703125 29.357751846313476562 41.0546417236328125 120.96282958984375 144.2109222412109375 152.927642822265625 175.1000518798828125 170.394317626953125 165.963409423828125 187.98870849609375 204.6463623046875 167.3806304931640625 141.7093353271484375 71.56519317626953125 354.80462646484375 12.529035568237304688
351.025726318359375 37.092502593994140625 354.66705322265625 320.57159423828125 328.4949951171875 18.811925888061523438 43.8063812255859375 100.84014129638671875 104.4206085205078125 28.610340118408203125 5.3322544097900390625 349.874481201171875 350.753021240234375 329.93060302734375 333.059539794921875 350.36175537109375 20.224679946899414062 7.5940051078796386719 21.800981521606445312 30.963426589965820312 57.264385223388671875 71.56473541259765625 57.528705596923828125 31.866350173950195312 52.35208892822265625 33.1109161376953125 299.475128173828125 94.4002838134765625 84.0942535400390625 81.8697967529296875 78.11114501953125 73.30063629150390625 130.23590087890625 118.60984039306640625 121.32840728759765625 198.4341888427734375 192.7239837646484375 174.1551513671875 184.474365234375 189.2454833984375 195.1007843017578125 227.6020965576171875
344.53790283203125 2.7260243892669677734 342.51104736328125 314.999267578125 293.197906494140625 61.927764892578125 77.680450439453125 68.19855499267578125 357.613128662109375 355.3131103515625 2.72638702392578125 9.6052675247192382812 354.8048095703125 321.84222412109375 278.129608154296875 281.311370849609375 24.443674087524414062 353.366485595703125 4.8439455032348632812 22.285640716552734375 52.9435577392578125 68.62943267822265625 61.260005950927734375 62.65026092529296875 59.534332275390625 25.709869384765625 24.445095062255859375 112.3792266845703125 106.698944091796875 94.39861297607421875 101.3099365234375 107.1029510498046875 111.037811279296875 109.72216033935546875 115.46305084228515625 156.2500152587890625 153.9243927001953125 173.1569061279296875 194.2997283935546875 185.571624755859375 192.3549652099609375 218.046661376953125
340.97357177734375 343.44207763671875 347.39898681640625 341.56414794921875 337.109130859375 87.61357879638671875 96.00864410400390625 22.520435333251953125 352.348541259765625 4.3987917900085449219 357.509552001953125 1.9745919704437255859 354.93572998046875 2.0702002048492431641 6.1150140762329101562 354.80419921875 44.999897003173828125 273.3665771484375 318.36578369140625 46.847545623779296875 61.260005950927734375 51.63228607177734375 51.7095489501953125 49.236339569091796875 51.33980560302734375 91.6363983154296875 136.90887451171875 152.3537445068359375 155.224456787109375 145.3045654296875 151.7979736328125 167.152008056640625 149.470123291015625 117.4077301025390625 123.02362823486328125 143.4264068603515625 133.56756591796875 173.659454345703125 175.97137451171875 170.6547088623046875 195.7506561279296875 221.510223388671875
342.896240234375 322.30487060546875 335.92376708984375 348.230712890625 17.354587554931640625 80.88188934326171875 74.9311676025390625 322.12445068359375 358.1514892578125 24.145593643188476562 351.86895751953125 350.53619384765625 319.085052490234375 344.053863525390625 22.379543304443359375 34.99202728271484375 34.38067626953125 303.1109619140625 286.389984130859375 110.85395050048828125 102.380340576171875 66.44763946533203125 76.42961883544921875 95.5274505615234375 100.61901092529296875 105.52371978759765625 133.806182861328125 158.5521697998046875 145.3885650634765625 148.5228424072265625 165.9633941650390625 192.61883544921875 166.2630157470703125 128.04681396484375 128.2108306884765625 145.783935546875 141.458465576171875 157.5424957275390625 169.3799285888671875 175.23583984375 201.3173675537109375 229.898651123046875
358.08978271484375 334.6527099609375 312.79620361328125 14.036049842834472656 112.619537353515625 116.83367919921875 128.990509033203125 282.99432373046875 98.1298675537109375 108.4354248046875 149.0365447998046875 163.6097259521484375 217.4046630859375 245.22467041015625 116.5653228759765625 69.6233673095703125 20.772706985473632812 335.554534912109375 130.2359771728515625 118.0088348388671875 130.601318359375 133.60247802734375 126.1793060302734375 141.203277587890625 150.1537933349609375 124.77752685546875 115.64054107666015625 130.485565185546875 130.313690185546875 125.311004638671875 135.0004119873046875 209.357330322265625 164.7444610595703125 147.6521148681640625 137.4361419677734375 134.999969482421875 125.75412750244140625 129.805419921875 161.564422607421875 255.9615631103515625 268.1517333984375 258.689605712890625
20.853986740112304688 0.00039029464824125170708 310.91314697265625 83.9915008544921875 113.05120086669921875 124.93915557861328125 217.23419189453125 244.439300537109375 134.999114990234375 198.435791015625 120.96282958984375 71.5626983642578125 299.475433349609375 285.25445556640625 198.435943603515625 75.96405792236328125 26.566082000732421875 102.52837371826171875 123.3661346435546875 130.2359466552734375 133.530853271484375 130.5149993896484375 125.90943145751953125 127.3037872314453125 126.67417144775390625 126.70258331298828125 134.9996795654296875 117.64572906494140625 110.4323577880859375 44.999897003173828125 20.5554351806640625 34.991718292236328125 106.55695343017578125 124.11435699462890625 117.6454010009765625 127.40491485595703125 112.89069366455078125 108.43492889404296875 188.1294403076171875 260.310943603515625 309.0933837890625 292.108734130859375
31.607568740844726562 357.2733154296875 8.1303014755249023438 118.52292633056640625 122.2286376953125 77.73610687255859375 326.308563232421875 155.556121826171875 165.963043212890625 292.37945556640625 14.03572845458984375 0.0012142510386183857918 233.12823486328125 180.0005645751953125 224.9994659423828125 134.9996795654296875 142.7649688720703125 137.792449951171875 134.9996795654296875 133.492218017578125 130.8399505615234375 140.7100067138671875 78.6902008056640625 83.4181365966796875 99.2931060791015625 105.57233428955078125 128.290069580078125 114.27455902099609375 95.90606689453125 134.9987640380859375 179.9995880126953125 101.31053924560546875 72.3497314453125 65.555938720703125 91.00489044189453125 112.0671844482421875 109.5360107421875 82.4756011962890625 37.8735504150390625 269.09033203125 286.18878173828125 305.7266845703125
349.77703857421875 5.3557858467102050781 80.78871917724609375 103.061248779296875 96.6321868896484375 322.593994140625 81.867523193359375 102.9942474365234375 218.6591644287109375 218.990997314453125 216.253204345703125 141.338653564453125 140.193206787109375 240.9462738037109375 218.6591644287109375 142.4307403564453125 136.3636474609375 139.484375 149.676116943359375 141.339996337890625 108.43491363525390625 155.5553131103515625 141.3395843505859375 110.05567169189453125 104.03589630126953125 92.5636138916015625 103.2982177734375 122.27538299560546875 137.7265625 123.1114959716796875 155.853973388671875 164.0543975830078125 156.5013427734375 125.2171173095703125 106.38934326171875 111.5010528564453125 100.30438995361328125 78.0236663818359375 3.8141624927520751953 304.591339111328125 292.305450439453125 294.144805908203125
317.60186767578125 108.43482208251953125 115.345916748046875 104.03575897216796875 26.564168930053710938 44.997165679931640625 115.34516143798828125 35.53936767578125 2.4896295070648193359 334.98089599609375 274.39727783203125 122.004913330078125 179.9995880126953125 215.5386505126953125 151.9269866943359375 150.2547149658203125 126.2536468505859375 117.55274200439453125 130.91424560546875 155.695068359375 145.4073944091796875 152.5919647216796875 164.054168701171875 129.1435089111328125 111.249755859375 102.5284271240234375 111.2500457763671875 131.1851806640625 141.339996337890625 134.9996795654296875 107.6495513916015625 136.547882080078125 182.489410400390625 145.00750732421875 115.34595489501953125 123.68994140625 140.1941986083984375 135.0009002685546875 307.874053955078125 304.591339111328125 298.908538818359375 294.075225830078125
184.398468017578125 116.56455230712890625 116.7745819091796875 122.4709320068359375 168.6905059814453125 94.3978424072265625 23.19891357421875 335.3228759765625 348.689239501953125 5.5272793769836425781 25.2010345458984375 88.15213775634765625 195.945343017578125 156.24981689453125 136.7896270751953125 149.6203155517578125 121.42937469482421875 118.30052947998046875 121.21797943115234375 141.482666015625 150.592376708984375 153.9698638916015625 161.564666748046875 132.7094573974609375 127.146240234375 104.4205322265625 92.41950225830078125 89.99979400634765625 108.43338775634765625 143.1294403076171875 111.80069732666015625 84.47251129150390625 343.299346923828125 66.37094879150390625 78.69007110595703125 67.24896240234375 54.462390899658203125 325.7833251953125 311.4228515625 310.600494384765625 304.9913330078125 317.935272216796875
132.273284912109375 105.60357666015625 95.710479736328125 30.25701904296875 1.5476117134094238281 7.6956882476806640625 8.1307392120361328125 314.999267578125 314.999267578125 14.036425590515136719 43.31549835205078125 49.184650421142578125 41.82000732421875 99.46172332763671875 100.49106597900390625 114.4434661865234375 124.56224822998046875 123.929656982421875 109.025360107421875 103.1726226806640625 105.6424560546875 81.8697052001953125 123.110931396484375 142.431671142578125 112.6204681396484375 90.0001373291015625 93.366485595703125 108.4346923828125 149.0371856689453125 75.96368408203125 86.18592071533203125 77.0052032470703125 179.9995880126953125 95.1943206787109375 83.04665374755859375 13.56986236572265625 11.310115814208984375 346.70086669921875 301.90716552734375 293.838134765625 280.560394287109375 292.889678955078125
129.1736602783203125 117.51183319091796875 109.43997955322265625 18.434358596801757812 341.563385009765625 7.4311065673828125 38.991352081298828125 285.9442138671875 258.688812255859375 306.8685302734375 47.7267913818359375 66.2504425048828125 81.1582489013671875 104.4204559326171875 125.5372314453125 130.6009063720703125 130.1557464599609375 141.8426055908203125 138.01251220703125 119.0545806884765625 139.764373779296875 134.9996795654296875 121.67498779296875 157.1660614013671875 163.4427642822265625 114.27404022216796875 96.70961761474609375 100.4077911376953125 202.3796539306640625 126.46939849853515625 110.43273162841796875 148.4951629638671875 168.6896820068359375 151.259918212890625 104.03557586669921875 302.904388427734375 338.962371826171875 353.659332275390625 318.989990234375 318.574981689453125 291.800323486328125 274.968475341796875
