wildfire/work/fuelmodels/1856/aspect.asc
ncols        302
nrows        252
xllcorner    176080.000000000000
yllcorner    474970.000000000000
cellsize     5.000000000000
NODATA_value   -999
[rows 38 to 56 of 252, columns 42 to 83 of 302]
121.2180328369140625 80.193695068359375 114.10178375244140625 129.8568115234375 115.14450836181640625 142.124847412109375 114.64652252197265625 92.4058074951171875 49.763645172119140625 82.7630767822265625 106.95975494384765625 196.9273223876953125 304.874786376953125 4.1847381591796875 308.658905029296875 299.9307861328125 63.970371246337890625 72.55267333984375 307.091949462890625 296.0748291015625 255.76220703125 202.6194915771484375 93.7661895751953125 92.76659393310546875 105.68975830078125 125.96002960205078125 102.30016326904296875 92.14348602294921875 88.3395538330078125 83.65972900390625 49.763599395751953125 33.690410614013671875 130.913909912109375 106.78246307373046875 99.46208953857421875 255.5789031982421875 145.3047637939453125 242.7436981201171875 277.124176025390625 48.813381195068359375 100.007598876953125 190.49053955078125
188.7455902099609375 118.61019134521484375 86.2481536865234375 81.29253387451171875 89.99987030029296875 100.491485595703125 82.4052734375 64.16001129150390625 53.746089935302734375 82.4876708984375 55.784030914306640625 338.3431396484375 350.46258544921875 32.347507476806640625 94.39861297607421875 208.008544921875 150.06805419921875 351.86865234375 331.143341064453125 137.602294921875 200.1900787353515625 200.591796875 109.24936676025390625 97.6080169677734375 112.31926727294921875 123.4395751953125 104.6009979248046875 100.33246612548828125 100.953887939453125 87.27376556396484375 27.645948410034179688 55.61977386474609375 101.30970001220703125 111.80121612548828125 163.4425811767578125 206.0290985107421875 166.4290008544921875 258.689208984375 264.5589599609375 98.1309661865234375 86.63368988037109375 329.036102294921875
172.92596435546875 182.2191925048828125 110.555633544921875 83.96649932861328125 92.429046630859375 79.50850677490234375 23.3554840087890625 54.32343292236328125 81.528594970703125 84.731903076171875 22.305896759033203125 325.304168701171875 5.5276627540588378906 59.620601654052734375 84.20670318603515625 164.2480010986328125 192.84722900390625 244.7219085693359375 309.2886962890625 89.55554962158203125 154.1330413818359375 245.1190185546875 80.59902191162109375 84.48365020751953125 103.67101287841796875 129.09344482421875 98.0045928955078125 98.90880584716796875 98.79026031494140625 94.39858245849609375 135.0005950927734375 119.35805511474609375 108.4351348876953125 92.910675048828125 104.9311065673828125 238.3916778564453125 269.998779296875 271.27239990234375 240.0682373046875 156.8009490966796875 102.99474334716796875 341.563934326171875
123.9962310791015625 231.5192413330078125 150.802154541015625 121.26334381103515625 104.808013916015625 144.8187713623046875 205.4266510009765625 102.18338775634765625 97.41126251220703125 108.43463134765625 159.7745513916015625 224.999176025390625 198.434478759765625 70.51367950439453125 44.999897003173828125 23.355543136596679688 15.068521499633789062 285.15338134765625 312.95361328125 60.05117034912109375 47.7926483154296875 288.43438720703125 55.17519378662109375 83.627685546875 96.17977142333984375 165.6500396728515625 100.388671875 83.736358642578125 65.6588592529296875 66.3702545166015625 68.96154022216796875 94.6347503662109375 89.99947357177734375 80.909332275390625 76.607086181640625 289.53643798828125 293.62921142578125 295.2005615234375 305.5367431640625 32.471439361572265625 40.23520660400390625 291.800750732421875
71.5649261474609375 229.8638458251953125 149.574188232421875 119.47571563720703125 107.00257110595703125 72.1809539794921875 155.555938720703125 121.29271697998046875 97.05213165283203125 92.56362152099609375 150.0177764892578125 243.758148193359375 272.489471435546875 355.363616943359375 33.51782989501953125 50.9643402099609375 4.1447052955627441406 316.789215087890625 340.095428466796875 74.631439208984375 81.416290283203125 234.34405517578125 151.3014373779296875 101.48871612548828125 98.12982940673828125 156.5405120849609375 115.49726104736328125 77.969207763671875 75.57901763916015625 79.01904296875 81.52872467041015625 102.264556884765625 116.56496429443359375 102.17132568359375 100.0073394775390625 285.01824951171875 302.275390625 308.6593017578125 300.962615966796875 41.42343902587890625 66.24991607666015625 293.197906494140625
90.9312744140625 165.5290985107421875 203.7491302490234375 100.30472564697265625 115.14449310302734375 31.50431060791015625 83.65970611572265625 107.97820281982421875 115.31261444091796875 110.51306915283203125 130.0298614501953125 223.4719085693359375 217.3488311767578125 226.431884765625 129.7094879150390625 121.7148590087890625 260.094970703125 278.234954833984375 107.446533203125 100.35870361328125 52.764965057373046875 44.999897003173828125 121.32846832275390625 110.05585479736328125 96.1463623046875 109.9825897216796875 118.2998809814453125 78.20623779296875 80.04167938232421875 83.48017120361328125 95.3557281494140625 100.40727996826171875 93.81317901611328125 85.7632904052734375 66.8011322021484375 284.857879638671875 282.993988037109375 275.19451904296875 188.7456207275390625 162.21600341796875 164.7450103759765625 245.5559234619140625
80.0797576904296875 53.365764617919921875 183.178863525390625 112.9886016845703125 125.8375396728515625 171.86932373046875 101.4753875732421875 75.51806640625 87.41028594970703125 104.3698883056640625 84.09466552734375 161.5649871826171875 212.319122314453125 204.0067291259765625 154.384185791015625 49.96970367431640625 305.67578125 259.379852294921875 137.7699737548828125 89.99969482421875 332.446502685546875 47.00939178466796875 79.39395904541015625 90.293731689453125 94.39858245849609375 116.56496429443359375 191.3096923828125 95.04219818115234375 80.83744049072265625 78.45311737060546875 90.7635650634765625 93.9905242919921875 95.19420623779296875 86.49639129638671875 101.3102569580078125 228.36566162109375 241.69873046875 268.024749755859375 66.800872802734375 53.12943267822265625 318.17852783203125 327.993408203125
96.44945526123046875 85.16957855224609375 123.57849884033203125 147.874664306640625 158.1981964111328125 171.7237396240234375 142.81494140625 89.50147247314453125 89.1251373291015625 97.7216644287109375 262.87493896484375 70.94164276123046875 265.602203369140625 237.3802337646484375 258.110504150390625 311.72869873046875 306.468475341796875 320.54449462890625 22.83350372314453125 49.528705596923828125 283.172210693359375 109.0463409423828125 102.551483154296875 95.19426727294921875 95.1942291259765625 126.67412567138671875 195.2549896240234375 117.80129241943359375 107.27152252197265625 111.41259002685546875 105.70831298828125 104.3000946044921875 145.619171142578125 141.170013427734375 121.42901611328125 250.3455657958984375 271.50653076171875 281.887451171875 32.9055938720703125 4.6355953216552734375 10.304779052734375 145.00848388671875
155.8538970947265625 107.311370849609375 102.77846527099609375 130.7631988525390625 155.5553741455078125 177.1843109130859375 175.313934326171875 96.00864410400390625 72.9287567138671875 73.5743255615234375 285.460784912109375 12.338818550109863281 351.7467041015625 345.539886474609375 342.367431640625 332.621551513671875 328.74835205078125 305.36181640625 23.74932098388671875 71.88234710693359375 135.4811553955078125 142.198883056640625 117.56984710693359375 68.6038818359375 84.0230865478515625 112.47905731201171875 191.8885498046875 125.7884979248046875 100.3046875 108.43482208251953125 128.9908599853515625 109.72216033935546875 109.88494873046875 136.9088897705078125 147.803192138671875 217.874298095703125 229.6852874755859375 192.5283966064453125 173.3451995849609375 183.46771240234375 168.5176849365234375 164.5211029052734375
66.80170440673828125 85.389129638671875 85.4365692138671875 89.99979400634765625 328.240631103515625 12.26448822021484375 77.470977783203125 186.0086822509765625 96.084503173828125 80.7665557861328125 310.913299560546875 314.99884033203125 300.962982177734375 303.689300537109375 25.346315383911132812 220.2360382080078125 191.121002197265625 203.5790252685546875 176.66571044921875 126.99504852294921875 133.3360137939453125 158.7816314697265625 231.115081787109375 51.70973968505859375 55.4561309814453125 53.660400390625 122.618927001953125 169.018707275390625 104.60106658935546875 105.17986297607421875 141.9527740478515625 161.029205322265625 161.258392333984375 161.951873779296875 173.9552459716796875 172.874603271484375 186.9524993896484375 180.5901947021484375 172.3663177490234375 184.5856475830078125 178.93212890625 169.777557373046875
76.1389007568359375 105.8429107666015625 109.686920166015625 114.53760528564453125 254.9809722900390625 133.8305206298828125 139.938873291015625 162.120941162109375 132.7829132080078125 123.439605712890625 288.433746337890625 156.8021697998046875 194.5339202880859375 217.072509765625 158.198211669921875 150.1537628173828125 181.7756195068359375 214.764617919921875 155.1621856689453125 126.400634765625 77.00516510009765625 0.36035299301147460938 359.9989013671875 174.8050537109375 54.84101104736328125 50.2591400146484375 40.6269989013671875 52.352237701416015625 110.0556640625 115.1824798583984375 123.68973541259765625 146.4691619873046875 172.45025634765625 173.88397216796875 161.5645294189453125 140.5273895263671875 171.0261383056640625 179.998016357421875 102.9941253662109375 299.744384765625 321.1148681640625 345.962677001953125
137.5558013916015625 121.97382354736328125 103.88443756103515625 60.0683746337890625 325.61846923828125 107.52535247802734375 129.446746826171875 122.90554046630859375 63.434803009033203125 53.392780303955078125 170.537078857421875 147.9945526123046875 203.7490234375 253.41204833984375 33.689777374267578125 73.77452850341796875 326.91998291015625 307.76910400390625 67.550750732421875 55.397144317626953125 9.4620409011840820312 41.531612396240234375 92.25432586669921875 162.349517822265625 205.640594482421875 56.103656768798828125 35.582912445068359375 39.075344085693359375 62.62216949462890625 81.20233154296875 51.766021728515625 19.592264175415039062 0 355.235565185546875 2.2025742530822753906 2.2646796703338623047 356.531036376953125 1.7013891935348510742 0.58453017473220825195 351.783294677734375 351.9635009765625 348.8253173828125
158.25537109375 130.558349609375 101.08223724365234375 24.443449020385742188 344.7440185546875 54.637432098388671875 51.745494842529296875 326.53387451171875 29.858860015869140625 35.89263153076171875 16.467592239379882812 10.430154800415039062 347.7781982421875 342.620208740234375 15.524184226989746094 53.84177398681640625 326.309051513671875 293.66241455078125 85.50255584716796875 96.73560333251953125 139.3985137939453125 97.1247711181640625 87.1373291015625 19.133615493774414062 340.768524169921875 87.70911407470703125 71.939300537109375 62.867584228515625 60.45587921142578125 52.553043365478515625 18.43495941162109375 351.982086181640625 0.64375799894332885742 356.36102294921875 358.982147216796875 1.8011286258697509766 355.8546142578125 4.467071533203125 1.7898610830307006836 356.986419677734375 354.052276611328125 347.2279052734375
279.4609375 55.738826751708984375 70.3011932373046875 106.698944091796875 194.0358428955078125 117.428436279296875 76.55110931396484375 324.636749267578125 16.189336776733398438 42.33696746826171875 352.487030029296875 356.53094482421875 356.409637451171875 12.244503021240234375 26.703802108764648438 22.693849563598632812 4.8439455032348632812 261.3836669921875 94.4552764892578125 83.1568756103515625 334.178375244140625 35.769969940185546875 51.404148101806640625 1.6367603540420532227 28.85555267333984375 57.200359344482421875 78.69016265869140625 85.71068572998046875 63.060291290283203125 60.131206512451171875 58.421627044677734375 296.564453125 3.0941145420074462891 358.314605712890625 15.460988044738769531 42.50983428955078125 11.309906005859375 20.555624008178710938 26.565534591674804688 0.00054641696624457836151 351.252777099609375 54.461605072021484375
339.3929443359375 21.501363754272460938 41.7689056396484375 28.651807785034179688 33.43973541259765625 59.0359344482421875 28.178171157836914062 334.88433837890625 38.290279388427734375 47.8620758056640625 299.8135986328125 0 269.999359130859375 3.9911272525787353516 33.070629119873046875 28.128482818603515625 22.195384979248046875 350.891632080078125 15.564478874206542969 27.043798446655273438 25.144754409790039062 80.53741455078125 63.99640655517578125 11.003567695617675781 17.592447280883789062 29.87603759765625 48.53226470947265625 65.3762664794921875 48.731250762939453125 53.908847808837890625 35.93337249755859375 346.15850830078125 43.024929046630859375 0.0010928235715255141258 39.559429168701171875 41.3084259033203125 14.931745529174804688 8.7463941574096679688 0.00030356433126144111156 348.689422607421875 2.3857586383819580078 30.963327407836914062
335.55560302734375 75.5291900634765625 87.5936737060546875 65.69519805908203125 13.523019790649414062 18.165754318237304688 14.839879989624023438 1.5074700117111206055 18.434906005859375 5.6594967842102050781 327.010772705078125 32.19568634033203125 348.022796630859375 276.51934814453125 66.8011474609375 38.129894256591796875 26.9276580810546875 359.9990234375 324.887054443359375 39.2576751708984375 60.478534698486328125 32.254695892333984375 22.47943115234375 21.279561996459960938 23.875455856323242188 45.0001068115234375 64.5157470703125 64.7324676513671875 42.0641632080078125 24.796285629272460938 19.238552093505859375 27.695131301879882812 46.520793914794921875 19.5372772216796875 4.76336669921875 24.863691329956054688 12.171782493591308594 0 347.660125732421875 353.452911376953125 16.259843826293945312 17.744352340698242188
111.80086517333984375 117.68810272216796875 122.816131591796875 144.2928009033203125 216.469024658203125 134.9996795654296875 60.751399993896484375 18.434906005859375 350.393768310546875 351.157501220703125 332.849639892578125 41.423656463623046875 27.255216598510742188 293.961761474609375 107.0199737548828125 354.093292236328125 39.122547149658203125 35.380157470703125 278.251800537109375 89.9998626708984375 79.77081298828125 37.349407196044921875 34.438999176025390625 41.42364501953125 42.8389739990234375 46.245281219482421875 56.5919952392578125 47.385776519775390625 34.215610504150390625 18.434906005859375 16.699079513549804688 42.257358551025390625 47.998424530029296875 49.351062774658203125 329.034820556640625 340.768341064453125 9.3237791061401367188 3.945079803466796875 336.800537109375 14.858647346496582031 49.085613250732421875 2.4886810779571533203
134.9996795654296875 110.0713043212890625 98.29701995849609375 115.9421234130859375 207.758026123046875 211.7008056640625 138.9445648193359375 303.689239501953125 320.04150390625 327.99395751953125 341.564361572265625 83.79633331298828125 126.52858734130859375 208.072174072265625 96.7097625732421875 193.569610595703125 146.767791748046875 38.28992462158203125 301.238616943359375 84.55950927734375 77.96073150634765625 47.642486572265625 36.41631317138671875 28.21738433837890625 27.84758758544921875 28.1012420654296875 34.46075439453125 34.02777099609375 42.108669281005859375 46.762325286865234375 18.434663772583007812 47.16101837158203125 52.1248626708984375 50.273723602294921875 33.157596588134765625 289.289703369140625 20.225505828857421875 29.475505828857421875 305.53680419921875 55.30489349365234375 69.1454925537109375 327.527130126953125
158.355224609375 80.13404083251953125 71.8960113525390625 88.05835723876953125 263.658721923828125 267.95391845703125 89.99433135986328125 286.388824462890625 308.087890625 309.6436767578125 329.743072509765625 81.157958984375 93.90024566650390625 252.2547454833984375 62.103057861328125 107.3539581298828125 179.9995880126953125 193.108917236328125 193.840118408203125 120.4107513427734375 85.720306396484375 37.76300811767578125 22.442857742309570312 11.745657920837402344 20.833316802978515625 26.378248214721679688 25.655588150024414062 27.255411148071289062 41.794612884521484375 42.878753662109375 35.537532806396484375 68.4284515380859375 44.999897003173828125 47.656040191650390625 47.97791290283203125 13.39232635498046875 206.5601959228515625 53.13019561767578125 286.698211669921875 36.253627777099609375 46.547779083251953125 340.46295166015625
