wildfire/work/fuelmodels/1856/aspect.asc
ncols        302
nrows        252
xllcorner    176080.000000000000
yllcorner    474970.000000000000
cellsize     5.000000000000
NODATA_value   -999
[rows 57 to 75 of 252, columns 126 to 167 of 302]
302.469085693359375 87.709991455078125 74.0548095703125 326.88824462890625 301.328277587890625 22.166370391845703125 90.0001678466796875 116.146728515625 125.72689056396484375 134.9996795654296875 127.64710235595703125 119.845306396484375 133.9185333251953125 133.994781494140625 136.0808258056640625 122.57367706298828125 116.56472015380859375 144.781951904296875 142.7645416259765625 168.1110382080078125 171.4686279296875 132.3970794677734375 126.25370025634765625 134.4592742919921875 142.5942840576171875 147.148712158203125 146.033905029296875 135.84637451171875 133.3345489501953125 151.048675537109375 134.2790069580078125 101.1692352294921875 24.604978561401367188 16.594758987426757812 34.21575927734375 351.868865966796875 243.434234619140625 229.8983306884765625 249.273529052734375 151.260101318359375 130.3641357421875 121.37248992919921875
188.1298828125 115.01686859130859375 336.57061767578125 352.27734375 4.5375266075134277344 0.00091068336041644215584 53.53064727783203125 63.152500152587890625 64.23046112060546875 352.265380859375 30.43970489501953125 93.71515655517578125 146.4488372802734375 151.698699951171875 149.697021484375 137.5256805419921875 135.881103515625 155.955474853515625 142.7214813232421875 155.4325103759765625 173.4999847412109375 143.12969970703125 130.114471435546875 133.64654541015625 143.075592041015625 140.4115447998046875 142.124725341796875 136.7353363037109375 122.65047454833984375 143.972320556640625 130.8146820068359375 26.878084182739257812 351.6063232421875 19.163311004638671875 39.200725555419921875 39.3593597412109375 5.1945958137512207031 279.687774658203125 267.356781005859375 116.5653228759765625 63.434803009033203125 66.8011932373046875
258.688201904296875 349.990264892578125 288.43426513671875 3.8141624927520751953 109.5730438232421875 179.9994354248046875 151.4399261474609375 117.42838287353515625 93.3663177490234375 271.33135986328125 106.44850921630859375 102.3462371826171875 127.2345123291015625 148.495269775390625 144.7821044921875 140.5271453857421875 134.9996795654296875 147.757110595703125 146.6889190673828125 154.653411865234375 152.7833251953125 137.792327880859375 124.49160003662109375 130.7268829345703125 142.24151611328125 138.751434326171875 146.8700103759765625 153.18865966796875 121.84876251220703125 35.960445404052734375 349.901702880859375 349.32928466796875 335.923919677734375 19.05779266357421875 42.088993072509765625 44.545166015625 29.475790023803710938 328.239654541015625 205.3451995849609375 195.944732666015625 157.6205902099609375 114.82930755615234375
317.601837158203125 348.68841552734375 212.9046630859375 167.00494384765625 137.120819091796875 149.3000335693359375 158.0965728759765625 155.3759307861328125 161.564666748046875 172.746368408203125 152.265411376953125 120.85399627685546875 104.18402862548828125 133.263946533203125 150.5237884521484375 150.731689453125 150.3953704833984375 150.42193603515625 146.6891021728515625 164.2483367919921875 145.61920166015625 134.38372802734375 126.02706146240234375 127.51876068115234375 136.6018218994140625 128.9720916748046875 140.0238037109375 165.7623291015625 203.19793701171875 298.4945068359375 1.0416531562805175781 335.408843994140625 318.899871826171875 28.610723495483398438 45.734294891357421875 50.416839599609375 43.79370880126953125 355.39910888671875 0.48165911436080932617 6.9272603988647460938 95.63043975830078125 132.079010009765625
345.1405029296875 35.13387298583984375 89.99979400634765625 111.25012969970703125 114.2274322509765625 110.13619232177734375 115.2531890869140625 132.7970428466796875 144.3347320556640625 146.6588897705078125 119.5382080078125 102.99457550048828125 102.99457550048828125 112.045623779296875 142.3733673095703125 161.9055938720703125 153.1215057373046875 151.2199859619140625 146.4819183349609375 153.2167205810546875 154.5633392333984375 148.54766845703125 133.306732177734375 129.9302520751953125 155.981201171875 154.03759765625 104.5599822998046875 109.289642333984375 252.7578582763671875 270.544921875 355.600341796875 326.6881103515625 316.301239013671875 357.063690185546875 35.293163299560546875 58.240283966064453125 55.080463409423828125 352.97088623046875 332.927276611328125 37.266284942626953125 78.56941986083984375 93.7514190673828125
354.8045654296875 90.00006866455078125 102.84757232666015625 120.5789337158203125 128.7961273193359375 128.884246826171875 132.9902801513671875 127.4602508544921875 129.7373046875 162.030487060546875 160.8201751708984375 108.0474090576171875 112.85449981689453125 115.4780426025390625 128.7841339111328125 183.3659820556640625 159.3403472900390625 139.02789306640625 149.184051513671875 145.1956634521484375 149.4293670654296875 151.5040130615234375 134.650390625 115.2009124755859375 143.8065032958984375 228.6208953857421875 52.523685455322265625 54.582889556884765625 279.461822509765625 275.95361328125 349.2149658203125 352.873687744140625 291.500823974609375 325.953582763671875 77.470794677734375 88.646484375 79.15952301025390625 102.09467315673828125 191.5596923828125 148.4953765869140625 111.12448883056640625 94.01404571533203125
110.22396087646484375 118.3002777099609375 116.17478179931640625 118.17819976806640625 119.05422210693359375 114.9281005859375 124.9389495849609375 128.1906585693359375 122.1642303466796875 151.8371734619140625 178.408416748046875 151.542724609375 127.43819427490234375 118.0504302978515625 107.76470947265625 167.1956024169921875 156.2859344482421875 147.69232177734375 146.3096923828125 138.704315185546875 131.149078369140625 126.7869720458984375 127.48325347900390625 99.49829864501953125 26.146570205688476562 315.515533447265625 32.00553131103515625 85.030181884765625 218.210357666015625 252.740478515625 258.68994140625 61.38838958740234375 257.968963623046875 212.470733642578125 109.074859619140625 101.8885040283203125 94.63533782958984375 96.1697845458984375 127.30345916748046875 126.51073455810546875 116.18787384033203125 116.800567626953125
87.51042938232421875 98.97263336181640625 105.1009979248046875 117.4741668701171875 136.818023681640625 134.144561767578125 121.4291534423828125 115.97411346435546875 115.30120849609375 126.8696441650390625 160.4629364013671875 166.3493499755859375 137.6627349853515625 107.74434661865234375 93.91796875 112.3059539794921875 132.593658447265625 151.782257080078125 149.3000640869140625 126.9640655517578125 130.9994964599609375 146.253387451171875 151.413177490234375 90.7069854736328125 356.466522216796875 331.927001953125 65.22483062744140625 76.5345916748046875 85.23628997802734375 249.6667327880859375 236.7927398681640625 141.1156463623046875 229.8980255126953125 174.47210693359375 128.1815643310546875 125.537506103515625 118.17873382568359375 96.34027099609375 85.91448974609375 96.5817718505859375 104.49988555908203125 108.43476104736328125
128.659637451171875 122.90528106689453125 129.28924560546875 134.9996795654296875 139.8988800048828125 141.072265625 120.67693328857421875 115.345794677734375 114.51924896240234375 112.19509124755859375 128.3328857421875 161.951873779296875 157.425628662109375 135.7954254150390625 134.157135009765625 122.6605377197265625 115.23242950439453125 133.00164794921875 156.4474945068359375 133.7808685302734375 131.80718994140625 151.49114990234375 229.6102294921875 334.1781005859375 345.464599609375 10.305368423461914062 65.28266143798828125 63.434844970703125 56.9564666748046875 257.1951904296875 236.767730712890625 184.027923583984375 179.2743377685546875 164.6588134765625 140.1939697265625 140.49169921875 129.2889556884765625 96.58185577392578125 87.95452880859375 96.24814605712890625 112.91930389404296875 135.658233642578125
143.9720916748046875 131.681976318359375 117.51171112060546875 107.9039764404296875 70.70928192138671875 36.869647979736328125 81.468994140625 103.7169952392578125 114.11383056640625 108.6986846923828125 117.18073272705078125 149.6969451904296875 160.016632080078125 145.4371185302734375 140.41156005859375 134.090362548828125 125.1156158447265625 134.9995880126953125 153.6574859619140625 143.3310546875 129.25103759765625 334.501617431640625 313.726318359375 323.88006591796875 0.00091068336041644215584 109.798370361328125 99.90384674072265625 92.41919708251953125 92.9105987548828125 142.639984130859375 208.72564697265625 201.59490966796875 172.87457275390625 169.8541717529296875 145.6193084716796875 145.30419921875 126.869384765625 124.610595703125 141.482666015625 127.82244110107421875 122.12465667724609375 142.1247100830078125
121.5508270263671875 118.7395172119140625 86.87758636474609375 39.289180755615234375 29.248653411865234375 33.366649627685546875 86.47843170166015625 103.6364593505859375 122.105926513671875 116.21109771728515625 117.47400665283203125 140.87689208984375 156.1609649658203125 143.9391937255859375 138.878204345703125 135.4370574951171875 133.8144683837890625 138.7237548828125 139.8165130615234375 129.8052520751953125 333.43408203125 323.22589111328125 327.52783203125 2.7263541221618652344 105.6417083740234375 122.27512359619140625 115.25286102294921875 104.6562042236328125 97.236602783203125 103.185516357421875 194.152923583984375 223.430084228515625 196.38897705078125 174.2890472412109375 167.470916748046875 171.383880615234375 157.0004119873046875 149.42047119140625 153.0242767333984375 135.4404296875 120.44612884521484375 124.21543121337890625
133.830291748046875 120.61824798583984375 319.7620849609375 3.270404815673828125 40.389495849609375 75.73574066162109375 99.9339752197265625 105.5544281005859375 117.7339324951171875 108.97011566162109375 111.8010406494140625 134.999542236328125 153.2081146240234375 140.7623291015625 136.896240234375 143.21240234375 148.5791015625 148.0497894287109375 117.89688873291015625 352.3031005859375 319.5731201171875 323.470367431640625 68.19861602783203125 144.4621429443359375 156.3700103759765625 97.30567169189453125 78.6897735595703125 57.9945220947265625 72.62103271484375 76.74266815185546875 106.79821014404296875 216.6937713623046875 215.8232421875 165.8462371826171875 168.524200439453125 162.5876007080078125 154.439697265625 156.726898193359375 162.6716156005859375 130.236083984375 120.2170867919921875 139.6349639892578125
162.0500335693359375 161.5640411376953125 286.92694091796875 156.8010406494140625 116.13071441650390625 132.2733154296875 121.75917816162109375 116.821807861328125 127.0926513671875 113.09113311767578125 111.98514556884765625 129.58795166015625 147.5998382568359375 135.5021820068359375 128.2596282958984375 141.33984375 166.217987060546875 197.020172119140625 266.422607421875 267.2724609375 261.0263671875 281.820343017578125 73.30084991455078125 76.82767486572265625 140.7103729248046875 127.87445831298828125 63.432979583740234375 70.01685333251953125 92.35312652587890625 93.251739501953125 97.83533477783203125 184.6102447509765625 213.8807373046875 172.475799560546875 170.819122314453125 159.340667724609375 149.8395538330078125 163.495361328125 179.99945068359375 134.9996795654296875 120.7351531982421875 141.114959716796875
170.8370819091796875 201.5009307861328125 187.969146728515625 158.5319366455078125 149.7907257080078125 150.1406097412109375 139.06109619140625 134.5485382080078125 141.33990478515625 133.7720794677734375 130.971405029296875 134.4881134033203125 144.46209716796875 140.5001373291015625 116.70023345947265625 122.44441986083984375 209.6932220458984375 241.92694091796875 228.3660125732421875 204.443267822265625 240.25469970703125 223.7805633544921875 131.0089569091796875 112.61969757080078125 128.3672637939453125 158.4983978271484375 187.2238922119140625 141.709320068359375 114.1928863525390625 97.46490478515625 80.450653076171875 102.41402435302734375 185.5424957275390625 187.2238616943359375 181.1569366455078125 167.734771728515625 152.96881103515625 167.4708251953125 185.4112396240234375 158.498321533203125 115.64105987548828125 120.96369171142578125
166.606964111328125 176.3083038330078125 169.339263916015625 147.6890716552734375 144.5196990966796875 150.082763671875 143.2591094970703125 139.1178741455078125 144.0472869873046875 144.7467803955078125 142.4846343994140625 141.29351806640625 145.4073944091796875 146.7679901123046875 107.457489013671875 91.53607940673828125 218.990325927734375 218.8057098388671875 208.6385345458984375 214.2863922119140625 220.4256591796875 196.990234375 161.564666748046875 153.9962615966796875 138.8138275146484375 146.0703125 175.48553466796875 146.841766357421875 109.53649139404296875 92.4058074951171875 89.35602569580078125 92.257598876953125 125.6014862060546875 197.381927490234375 206.685760498046875 184.324554443359375 166.1085205078125 165.4107818603515625 192.723541259765625 203.1982421875 124.508331298828125 119.47557830810546875
170.5942535400390625 164.4580230712890625 163.24383544921875 151.342559814453125 137.5445404052734375 144.38885498046875 152.760589599609375 142.3857421875 140.2279205322265625 142.979888916015625 133.958038330078125 131.3952789306640625 132.510162353515625 133.6674346923828125 95.8557891845703125 72.66056060791015625 63.434803009033203125 224.9996490478515625 229.7142181396484375 231.5563201904296875 216.468536376953125 198.434478759765625 146.3095855712890625 131.4229278564453125 118.73926544189453125 95.7107696533203125 104.53488922119140625 92.72669219970703125 75.52951812744140625 75.1009674072265625 75.5605926513671875 69.2689056396484375 64.4547882080078125 57.3389129638671875 224.9993743896484375 198.69842529296875 187.9430694580078125 186.072113037109375 224.9994659423828125 214.114471435546875 147.8743896484375 126.869415283203125
169.99163818359375 161.951812744140625 159.376007080078125 158.4981536865234375 150.44598388671875 145.7677764892578125 156.522216796875 144.17584228515625 134.01190185546875 146.809539794921875 142.5609588623046875 125.237945556640625 111.1938018798828125 110.29717254638671875 103.07888031005859375 84.87163543701171875 65.6233978271484375 10.713082313537597656 266.69732666015625 249.9620208740234375 227.24505615234375 209.98138427734375 164.054595947265625 137.72552490234375 118.6092376708984375 104.0352783203125 52.593902587890625 1.5478829145431518555 42.7538909912109375 50.64029693603515625 59.58277130126953125 64.00199127197265625 54.752239227294921875 47.944000244140625 81.46942138671875 216.9637298583984375 218.5577545166015625 210.57879638671875 209.054443359375 183.12176513671875 161.5644073486328125 135.0000152587890625
159.774658203125 151.8581085205078125 149.9617767333984375 147.994232177734375 158.244598388671875 146.717041015625 149.035919189453125 146.1126708984375 141.339935302734375 152.6314697265625 159.9042510986328125 140.117095947265625 120.55579376220703125 121.6508331298828125 113.66271209716796875 99.027374267578125 82.18454742431640625 51.709865570068359375 279.210418701171875 268.4920654296875 264.5592041015625 227.726348876953125 190.3045806884765625 153.4349517822265625 104.742523193359375 57.994480133056640625 355.235870361328125 357.272247314453125 74.74478912353515625 73.14147186279296875 75.01813507080078125 72.4888763427734375 56.768146514892578125 62.649997711181640625 72.5670013427734375 220.23602294921875 231.339691162109375 222.3971099853515625 201.03741455078125 170.9091796875 182.4886932373046875 154.440277099609375
162.5037384033203125 156.9381103515625 159.717132568359375 135.4178924560546875 150.7667694091796875 145.0490875244140625 141.0374908447265625 140.931182861328125 144.81097412109375 154.289764404296875 162.25469970703125 141.632110595703125 118.113037109375 115.97422027587890625 115.97411346435546875 105.85162353515625 94.93896484375 89.99979400634765625 264.17315673828125 252.5522308349609375 219.957244873046875 220.763397216796875 233.128997802734375 141.7102813720703125 168.690093994140625 305.537567138671875 351.869720458984375 84.093505859375 120.69953155517578125 134.9998626708984375 115.0672607421875 97.7999725341796875 73.30075836181640625 69.74925994873046875 69.77498626708984375 62.17578887939453125 242.8780670166015625 228.878082275390625 198.4346466064453125 159.774383544921875 186.33990478515625 188.4711761474609375
