wildfire/work/fuelmodels/1856/aspect.asc
ncols        302
nrows        252
xllcorner    176080.000000000000
yllcorner    474970.000000000000
cellsize     5.000000000000
NODATA_value   -999
[rows 152 to 170 of 252, columns 0 to 41 of 302]
0 81.74753570556640625 78.00302886962890625 84.71871185302734375 118.6861419677734375 112.036285400390625 124.11435699462890625 143.7454071044921875 164.2483367919921875 164.2483367919921875 103.3922882080078125 79.82433319091796875 120.96411895751953125 122.47064971923828125 134.99884033203125 203.9644927978515625 269.999359130859375 259.2152099609375 229.23675537109375 248.0964202880859375 251.7505950927734375 248.657562255859375 255.1728973388671875 266.49566650390625 272.26727294921875 274.150543212890625 281.022796630859375 274.5242919921875 268.726348876953125 276.19561767578125 313.53070068359375 38.828990936279296875 68.1981964111328125 71.21114349365234375 74.41230010986328125 80.73198699951171875 82.0196075439453125 70.55968475341796875 74.10965728759765625 72.1496429443359375 63.980739593505859375 72.208770751953125
0 73.07244110107421875 91.24517822265625 108.0269775390625 141.980804443359375 104.9319610595703125 85.23663330078125 79.50943756103515625 106.92809295654296875 144.4621429443359375 133.3627777099609375 124.50839996337890625 119.4075164794921875 140.5276641845703125 124.990997314453125 202.38043212890625 239.03521728515625 207.645111083984375 225.0000762939453125 246.447021484375 250.7093505859375 245.6092071533203125 249.67626953125 261.869232177734375 271.59033203125 274.43194580078125 280.243499755859375 292.248382568359375 286.469635009765625 286.492584228515625 313.635040283203125 58.67067718505859375 89.56923675537109375 92.16692352294921875 92.77005767822265625 96.7589263916015625 88.5312347412109375 41.8201141357421875 48.9180755615234375 59.2313995361328125 76.70128631591796875 81.8697052001953125
0 73.495635986328125 85.89703369140625 83.0468292236328125 38.2906341552734375 46.590778350830078125 40.763393402099609375 39.7099151611328125 61.990741729736328125 92.6024169921875 117.25467681884765625 128.417144775390625 107.90387725830078125 134.9996795654296875 151.388763427734375 156.3700103759765625 229.96881103515625 230.709747314453125 244.025146484375 247.2026824951171875 253.1056976318359375 246.8010406494140625 242.198028564453125 248.10577392578125 255.7955322265625 259.539520263671875 261.4539794921875 273.72332763671875 276.679290771484375 275.32232666015625 287.744140625 74.2911529541015625 89.99979400634765625 92.94384002685546875 86.91211700439453125 77.5665740966796875 43.21006011962890625 21.447305679321289062 64.32802581787109375 83.34552001953125 91.44394683837890625 80.29940032958984375
0 80.073486328125 72.63143157958984375 39.805446624755859375 28.141664505004882812 51.1461334228515625 62.744113922119140625 72.12146759033203125 68.35573577880859375 70.40752410888671875 75.650421142578125 115.20082855224609375 139.2361907958984375 184.7634429931640625 63.433712005615234375 81.8697052001953125 220.425445556640625 217.18426513671875 210.67706298828125 237.0298004150390625 247.864013671875 233.3828582763671875 232.4494476318359375 247.3128662109375 254.082763671875 253.089996337890625 252.93194580078125 261.11053466796875 262.348907470703125 253.162200927734375 237.757293701171875 114.04381561279296875 92.93523406982421875 82.07285308837890625 70.30788421630859375 55.64052581787109375 38.399860382080078125 60.4458770751953125 89.443634033203125 82.0023345947265625 70.03720855712890625 65.8206939697265625
0 80.27202606201171875 67.83325958251953125 39.289073944091796875 49.0040283203125 68.4770355224609375 103.52254486083984375 138.73046875 116.14600372314453125 106.78203582763671875 112.37969970703125 102.75736236572265625 125.3113861083984375 223.3150787353515625 234.4605865478515625 85.364013671875 133.602203369140625 193.6095123291015625 202.542755126953125 218.1070404052734375 229.8076324462890625 214.0655670166015625 234.67742919921875 253.945159912109375 250.4627838134765625 244.1153564453125 243.908050537109375 239.6468963623046875 235.4279632568359375 237.3508453369140625 228.53143310546875 135.971282958984375 110.97955322265625 105.39514923095703125 94.96947479248046875 83.65967559814453125 81.31337738037109375 87.4140167236328125 86.1858062744140625 69.36978912353515625 58.3425140380859375 59.593151092529296875
0 88.15213775634765625 70.90607452392578125 58.465167999267578125 69.22786712646484375 78.19287872314453125 83.4799957275390625 112.61891937255859375 131.24749755859375 140.6170501708984375 138.8995208740234375 95.70993804931640625 87.646270751953125 187.1242523193359375 205.6642913818359375 155.5554962158203125 111.3695068359375 160.559356689453125 204.5667572021484375 212.7635955810546875 226.4559478759765625 210.1909027099609375 236.4750213623046875 247.6800537109375 235.994232177734375 233.1707763671875 230.439910888671875 221.9576263427734375 221.834197998046875 223.043701171875 204.401275634765625 170.83740234375 143.4813690185546875 126.3839569091796875 115.87960052490234375 98.97234344482421875 91.21877288818359375 81.5447540283203125 79.88570404052734375 82.4312744140625 79.40258026123046875 73.69818878173828125
0 73.44280242919921875 72.7185821533203125 79.16005706787109375 74.47595977783203125 77.60445404052734375 86.26854705810546875 112.24915313720703125 122.36629486083984375 123.68990325927734375 129.09381103515625 119.054046630859375 114.11417388916015625 154.13330078125 208.112579345703125 177.5804901123046875 140.8558197021484375 122.19476318359375 195.2539825439453125 225 228.990234375 228.856109619140625 248.9620208740234375 244.2441864013671875 230.51654052734375 232.0485992431640625 228.278472900390625 220.134857177734375 222.2860107421875 219.0311737060546875 198.9698944091796875 182.3855743408203125 171.1844635009765625 151.6385955810546875 132.0384979248046875 96.70931243896484375 83.26371002197265625 82.34930419921875 79.5792388916015625 70.640899658203125 68.126373291015625 67.813232421875
0 71.8620452880859375 83.55057525634765625 90.61597442626953125 89.39656829833984375 84.9864959716796875 82.1001129150390625 84.64434051513671875 90.00104522705078125 97.8158416748046875 126.3476409912109375 135.8946990966796875 120.3787689208984375 151.259796142578125 192.99420166015625 176.1857452392578125 180.5669708251953125 173.65899658203125 195.944732666015625 228.9454193115234375 201.036407470703125 232.12445068359375 249.8632049560546875 241.6986083984375 229.484039306640625 227.7548980712890625 222.86712646484375 219.38177490234375 221.20477294921875 215.1217193603515625 202.451080322265625 195.6418609619140625 194.225555419921875 161.8216552734375 163.7257080078125 169.9304046630859375 99.36000823974609375 81.86994171142578125 75.49337005615234375 65.17041778564453125 63.434734344482421875 66.97441864013671875
0 101.86412811279296875 88.42330169677734375 81.552459716796875 97.8532867431640625 98.13008880615234375 73.95996856689453125 62.571147918701171875 74.63843536376953125 112.0677490234375 122.95709228515625 138.3172149658203125 118.22840118408203125 136.2725067138671875 177.18414306640625 168.690093994140625 181.6839752197265625 180.6577606201171875 198.43463134765625 203.70233154296875 166.1217498779296875 224.4878082275390625 230.710113525390625 210.4793243408203125 218.5001220703125 219.920013427734375 216.58319091796875 216.70819091796875 213.9112091064453125 206.2214813232421875 204.000885009765625 206.9583587646484375 205.7867279052734375 159.9214935302734375 165.100921630859375 233.1292266845703125 94.39882659912109375 66.39942169189453125 56.309383392333984375 61.797817230224609375 66.11327362060546875 65.55593109130859375
0 101.309539794921875 107.74440765380859375 112.328399658203125 104.69725799560546875 93.54474639892578125 74.30982208251953125 82.61907196044921875 100.12429046630859375 123.48606109619140625 103.06915283203125 119.3202972412109375 123.5032501220703125 125.33969879150390625 173.659942626953125 172.405670166015625 150.421905517578125 155.8973541259765625 190.175262451171875 200.352752685546875 165.629364013671875 214.412139892578125 219.25079345703125 208.19451904296875 223.96417236328125 215.2172393798828125 219.1599884033203125 222.5233154296875 216.5354461669921875 205.2526092529296875 213.6896820068359375 218.2333526611328125 202.2170257568359375 190.898345947265625 238.392303466796875 286.556732177734375 356.423095703125 29.80455780029296875 24.227519989013671875 40.1284637451171875 50.35575103759765625 56.91107940673828125
0 104.78830718994140625 115.5937042236328125 117.01215362548828125 106.18860626220703125 101.11254119873046875 108.4346923828125 88.88747406005859375 91.56195068359375 122.98834991455078125 111.8011474609375 118.57042694091796875 137.3211212158203125 148.814117431640625 168.9586181640625 179.9995880126953125 162.6807708740234375 143.29681396484375 189.619354248046875 206.7822265625 158.1137542724609375 222.3240814208984375 232.0517120361328125 234.25994873046875 239.549224853515625 208.34942626953125 217.8300933837890625 216.8267059326171875 213.8074798583984375 206.4492645263671875 215.975067138671875 220.083038330078125 212.0048675537109375 232.4309539794921875 237.9942474365234375 250.8205108642578125 292.319061279296875 352.997955322265625 352.55157470703125 23.6687469482421875 45.9611968994140625 57.994541168212890625
0 121.81665802001953125 117.05005645751953125 101.546142578125 110.62305450439453125 114.443634033203125 149.26385498046875 106.821197509765625 96.65418243408203125 118.37886810302734375 122.0529022216796875 119.74445343017578125 128.333038330078125 152.570709228515625 155.9239959716796875 176.9332122802734375 174.4005126953125 128.08831787109375 223.1507720947265625 195.3948516845703125 152.215911865234375 238.366546630859375 247.8332977294921875 245.5560150146484375 223.2638397216796875 191.3093414306640625 204.1604766845703125 206.474639892578125 210.15106201171875 211.1023406982421875 212.399322509765625 219.3479461669921875 231.1956787109375 245.4556121826171875 235.81317138671875 244.439361572265625 264.709381103515625 302.366180419921875 321.33929443359375 44.390491485595703125 73.567474365234375 77.6885986328125
0 117.13983154296875 126.7026519775390625 108.43483734130859375 101.53443145751953125 88.6678009033203125 94.89897918701171875 103.1572113037109375 103.4121856689453125 128.8844451904296875 138.66741943359375 111.80095672607421875 112.809417724609375 141.053802490234375 148.8404541015625 171.8698577880859375 191.309814453125 144.161834716796875 175.5243072509765625 179.169403076171875 180.6742706298828125 234.6729278564453125 224.0902557373046875 201.8568878173828125 193.07855224609375 196.9546966552734375 206.2215423583984375 213.689422607421875 218.18505859375 222.2292633056640625 218.088104248046875 220.6518707275390625 230.1015472412109375 229.809967041015625 224.5446624755859375 241.85784912109375 247.9631805419921875 224.99932861328125 213.8654327392578125 140.452362060546875 112.6294708251953125 101.22711944580078125
0 113.7493438720703125 155.479949951171875 148.5707855224609375 111.61447906494140625 115.01621246337890625 113.3436126708984375 103.68982696533203125 96.01971435546875 103.950408935546875 144.090576171875 124.24864959716796875 117.18058013916015625 125.035552978515625 145.15380859375 170.2174072265625 189.94036865234375 151.039825439453125 150.349517822265625 187.5941009521484375 216.869384765625 221.7749176025390625 204.8631439208984375 183.132049560546875 199.24127197265625 223.716827392578125 211.67498779296875 210.52911376953125 221.9174957275390625 228.2803497314453125 223.5398406982421875 220.9660491943359375 228.6817626953125 231.5051422119140625 224.6721343994140625 227.7421417236328125 221.5485687255859375 193.6804351806640625 192.4970550537109375 159.0217437744140625 133.692840576171875 127.40503692626953125
0 111.28912353515625 151.428680419921875 192.094879150390625 123.08860015869140625 142.8387298583984375 153.1653900146484375 136.5582427978515625 113.68187713623046875 104.30019378662109375 125.29351806640625 137.5559844970703125 144.461761474609375 116.05312347412109375 123.15760040283203125 154.4857940673828125 185.1020660400390625 168.07073974609375 113.1984100341796875 173.34503173828125 220.474853515625 207.979095458984375 188.1297149658203125 165.5294036865234375 211.7865753173828125 225.6855010986328125 203.45867919921875 206.74212646484375 228.394561767578125 225.433441162109375 217.5035858154296875 217.7895355224609375 224.0949249267578125 227.4784088134765625 219.7337188720703125 214.12445068359375 203.35101318359375 193.4119720458984375 191.1169281005859375 156.54876708984375 140.087982177734375 137.862030029296875
0 122.9275970458984375 154.653411865234375 182.002227783203125 132.1727752685546875 133.667694091796875 146.3095550537109375 132.5935821533203125 117.367950439453125 118.69809722900390625 119.59641265869140625 118.644073486328125 154.05712890625 135.733795166015625 130.91387939453125 147.5285491943359375 181.9091339111328125 187.6502532958984375 133.4193267822265625 157.7822113037109375 223.3860626220703125 203.2855072021484375 186.9526824951171875 172.0924072265625 201.4593353271484375 220.736907958984375 216.09295654296875 224.4433135986328125 230.9799041748046875 208.9840240478515625 208.2635040283203125 215.21697998046875 215.87445068359375 224.5034027099609375 222.579864501953125 211.1796875 205.7687835693359375 204.483978271484375 194.102203369140625 165.517791748046875 143.235595703125 127.53939056396484375
0 130.1745758056640625 154.7323760986328125 164.945465087890625 136.5171356201171875 142.18817138671875 140.4398651123046875 125.8370361328125 116.56456756591796875 123.31018829345703125 126.40369415283203125 114.22765350341796875 138.9181365966796875 142.5234527587890625 139.2533416748046875 151.698760986328125 172.3666839599609375 175.9462127685546875 134.541046142578125 148.570098876953125 219.9703826904296875 199.7216796875 184.70751953125 181.67437744140625 192.2355499267578125 208.0276947021484375 214.1026153564453125 219.92718505859375 210.2339324951171875 192.0504913330078125 211.2633056640625 222.6461181640625 221.9262237548828125 233.85382080078125 229.787933349609375 215.2298736572265625 217.5520477294921875 206.05291748046875 193.0353851318359375 186.3397674560546875 166.4917755126953125 151.908905029296875
0 141.0086517333984375 149.9310760498046875 156.6305389404296875 141.8424530029296875 156.175445556640625 156.1455841064453125 144.1756744384765625 132.1549530029296875 136.647918701171875 148.92041015625 142.868804931640625 144.743438720703125 133.9766387939453125 137.8909149169921875 158.961700439453125 163.8860931396484375 162.2997589111328125 132.426513671875 135.8675994873046875 213.1108245849609375 195.9448699951171875 181.46826171875 191.15411376953125 195.641845703125 196.389251708984375 212.8592681884765625 217.6383819580078125 205.930389404296875 197.8399200439453125 216.5105133056640625 220.3948822021484375 219.6673431396484375 227.3608856201171875 228.3173370361328125 218.2899169921875 218.1113433837890625 210.6400909423828125 192.9941253662109375 191.0231170654296875 168.2610626220703125 152.5250701904296875
0 156.5316925048828125 157.98846435546875 152.4467620849609375 148.94287109375 159.1455078125 157.65155029296875 149.7823944091796875 136.6482086181640625 130.8775177001953125 133.8761444091796875 139.5735015869140625 147.235870361328125 127.0560150146484375 123.8347015380859375 148.3238983154296875 164.898284912109375 171.326568603515625 143.0272216796875 146.0407562255859375 190.3040008544921875 171.25347900390625 183.2698211669921875 197.161376953125 193.650115966796875 185.9879150390625 213.340301513671875 219.322113037109375 211.759033203125 209.744415283203125 215.259918212890625 218.3125152587890625 216.3950347900390625 221.5216827392578125 226.847076416015625 212.60418701171875 209.6612091064453125 208.459625244140625 189.4618072509765625 191.6682586669921875 175.9403533935546875 150.5237579345703125
