wildfire/work/fuelmodels/1856/slope.asc
ncols        302
nrows        252
xllcorner    176080.000000000000
yllcorner    474970.000000000000
cellsize     5.000000000000
NODATA_value   -999
[rows 108 to 125 of 252, columns 0 to 39 of 302]
0 4.2265405654907226562 1.7005976438522338867 2.2344119548797607422 1.9789202213287353516 0.99097907543182373047 1.1707915067672729492 1.5774096250534057617 1.1977258920669555664 0.95508551597595214844 0.60791450738906860352 0.4857094883918762207 0.61205714941024780273 0.72558492422103881836 0.75632846355438232422 0.95720309019088745117 1.5178968906402587891 2.1088609695434570312 2.2854478359222412109 2.4331533908843994141 2.7894687652587890625 3.1987237930297851562 3.4019131660461425781 3.5154101848602294922 3.8151495456695556641 4.1121058464050292969 3.8424639701843261719 2.9139196872711181641 2.5876576900482177734 2.5835545063018798828 2.577484130859375 2.4999980926513671875 2.5058588981628417969 2.4841697216033935547 2.3646380901336669922 1.8411729335784912109 1.8521317243576049805 1.4121974706649780273 1.0576897859573364258 0.66895788908004760742
0 4.0772299766540527344 1.7785469293594360352 1.8789844512939453125 1.4639310836791992188 0.98842245340347290039 1.1031283140182495117 1.4957333803176879883 1.3245413303375244141 0.88749939203262329102 0.68687844276428222656 0.63638311624526977539 0.71503770351409912109 1.1113545894622802734 1.3245418071746826172 1.6400061845779418945 2.0121219158172607422 2.0642488002777099609 2.1794075965881347656 2.5538311004638671875 2.9161777496337890625 3.1050696372985839844 3.2630062103271484375 3.3097581863403320312 3.2648682594299316406 3.4044237136840820312 3.7526912689208984375 3.2592902183532714844 2.7905559539794921875 2.6339616775512695312 2.8326430320739746094 2.9569866657257080078 2.69488525390625 2.4774410724639892578 2.5782678127288818359 2.4229485988616943359 2.1506659984588623047 2.0063316822052001953 1.8223841190338134766 1.546300053596496582
0 3.8161001205444335938 2.0934484004974365234 1.4570006132125854492 1.0576891899108886719 0.95455467700958251953 0.96772468090057373047 1.3517758846282958984 1.424689173698425293 0.74281597137451171875 0.68835145235061645508 0.94496548175811767578 1.1099900007247924805 1.4089684486389160156 1.5603196620941162109 1.8444669246673583984 1.9778885841369628906 1.9091700315475463867 2.2063956260681152344 2.4661865234375 2.4749853610992431641 2.4397919178009033203 2.5419216156005859375 2.4943308830261230469 2.1710436344146728516 2.13887786865234375 2.7402789592742919922 2.6941351890563964844 2.7025663852691650391 2.8183231353759765625 2.7774810791015625 2.9348428249359130859 2.7936372756958007812 2.6173980236053466797 2.7885589599609375 2.9403433799743652344 2.4774339199066162109 2.1450102329254150391 2.157009124755859375 1.8235030174255371094
0 2.8237073421478271484 1.8706200122833251953 1.3427604436874389648 1.0349479913711547852 0.72558230161666870117 0.84004271030426025391 1.2522635459899902344 1.3988806009292602539 0.9801959991455078125 0.8800633549690246582 1.3091653585433959961 1.6696668863296508789 1.8619449138641357422 1.9292069673538208008 1.8011622428894042969 1.7368054389953613281 1.6599408388137817383 1.7910264730453491211 1.8011622428894042969 1.6608482599258422852 1.6943300962448120117 1.9088934659957885742 2.3671872615814208984 3.022247314453125 3.4589154720306396484 3.4430956840515136719 2.4304502010345458984 1.891867518424987793 2.100688934326171875 2.5923504829406738281 3.0498871803283691406 3.0397589206695556641 2.8086187839508056641 2.6410577297210693359 2.8841106891632080078 2.7716519832611083984 1.8359479904174804688 1.4246915578842163086 1.1669095754623413086
0 1.0504937171936035156 1.2798492908477783203 1.4957410097122192383 1.2094962596893310547 0.65596634149551391602 0.82729142904281616211 1.0667437314987182617 1.2095018625259399414 1.2178418636322021484 1.2355780601501464844 1.5515279769897460938 1.5667830705642700195 1.7005957365036010742 1.7103873491287231445 1.5208916664123535156 1.3045196533203125 1.3714720010757446289 1.6229468584060668945 1.460110783576965332 2.0423114299774169922 4.4358053207397460938 5.3554701805114746094 4.3214673995971679688 3.695720672607421875 4.2806324958801269531 4.9561128616333007812 3.7746851444244384766 1.941741943359375 1.3861496448516845703 1.8923909664154052734 2.6677215099334716797 2.7158122062683105469 2.5766923427581787109 2.3225405216217041016 2.2305653095245361328 2.3125123977661132812 1.5593322515487670898 1.0201698541641235352 0.88006532192230224609
0 0.72627961635589599609 1.408603668212890625 1.5390865802764892578 1.1956151723861694336 0.75632846355438232422 0.76431882381439208984 1.0804164409637451172 1.2667275667190551758 1.0733720064163208008 0.75432348251342773438 0.96300852298736572266 0.86146336793899536133 1.026118159294128418 1.030548095703125 0.99912506341934204102 1.3740594387054443359 2.8138360977172851562 3.5705995559692382812 2.7894728183746337891 2.4743731021881103516 4.1191201210021972656 2.3463959693908691406 3.2036297321319580078 3.8068146705627441406 3.6902642250061035156 4.7396636009216308594 4.8877892494201660156 3.8089239597320556641 2.38591766357421875 1.3685108423233032227 1.8452899456024169922 2.4070379734039306641 2.4162590503692626953 2.2495210170745849609 2.1842675209045410156 2.1457273960113525391 1.7501554489135742188 1.4855389595031738281 1.0934555530548095703
0 1.3118671178817749023 1.7671297788619995117 1.7691247463226318359 0.93581926822662353516 0.76498568058013916016 0.54928880929946899414 0.41487395763397216797 0.78004539012908935547 0.85911011695861816406 0.63638311624526977539 0.99098068475723266602 1.3999602794647216797 2.8804268836975097656 4.1841573715209960938 4.7612972259521484375 5.316082000732421875 4.6207556724548339844 3.0382597446441650391 2.8821868896484375 4.0876240730285644531 4.2943167686462402344 2.1165292263031005859 2.7291891574859619141 3.8682827949523925781 3.793262481689453125 4.5765681266784667969 4.8904876708984375 4.8904814720153808594 4.2206745147705078125 2.3708212375640869141 1.7955362796783447266 2.3935518264770507812 2.5962550640106201172 2.403034210205078125 2.4310748577117919922 2.4503531455993652344 2.2223849296569824219 2.0403325557708740234 1.7053514719009399414
0 1.5716201066970825195 2.6156544685363769531 2.3474445343017578125 0.92657017707824707031 0.77485001087188720703 0.68835651874542236328 0.29335662722587585449 0.36280208826065063477 1.2607195377349853516 2.4823343753814697266 3.7584776878356933594 4.3937425613403320312 4.3647036552429199219 3.2946004867553710938 2.9377679824829101562 4.0359010696411132812 4.0042471885681152344 4.8629627227783203125 5.6060233116149902344 6.1261262893676757812 6.4517116546630859375 5.7937469482421875 4.0836429595947265625 3.0477247238159179688 3.3097486495971679688 4.557109832763671875 4.3954682350158691406 4.5214447975158691406 5.0827798843383789062 4.287227630615234375 2.6048002243041992188 2.3678443431854248047 2.9624464511871337891 3.0259213447570800781 2.8057317733764648438 2.5546274185180664062 2.1691687107086181641 1.9417394399642944336 1.7053463459014892578
0 1.1943403482437133789 3.1482343673706054688 2.4009191989898681641 1.0860180854797363281 1.0519386529922485352 1.1960328817367553711 2.0980401039123535156 3.1055600643157958984 3.6692645549774169922 3.0027859210968017578 2.6841626167297363281 2.3994486331939697266 2.0383465290069580078 2.0065846443176269531 3.2443714141845703125 4.9970607757568359375 5.6441836357116699219 6.6944475173950195312 6.2525954246520996094 5.2600426673889160156 4.4171042442321777344 3.9436388015747070312 4.76480865478515625 4.5502533912658691406 4.5587782859802246094 5.6308546066284179688 5.7476787567138671875 4.2999296188354492188 4.2528500556945800781 5.4877028465270996094 4.6892404556274414062 3.0142104625701904297 2.5784699916839599609 2.8961749076843261719 2.7423024177551269531 2.3994548320770263672 2.1712715625762939453 1.8673661947250366211 1.8315286636352539062
0 0.4970398247241973877 3.0591578483581542969 1.8600287437438964844 2.0825521945953369141 2.4760193824768066406 1.8235030174255371094 1.3970654010772705078 1.6229468584060668945 1.6110540628433227539 1.3662939071655273438 1.3291189670562744141 1.5446630716323852539 2.8082516193389892578 4.9074525833129882812 6.2488207817077636719 6.8139939308166503906 5.5090551376342773438 4.2293810844421386719 3.7756285667419433594 4.2154188156127929688 4.3951396942138671875 4.4085431098937988281 5.2219934463500976562 4.9715733528137207031 3.73975372314453125 3.9513146877288818359 6.4533481597900390625 5.6882386207580566406 3.5085098743438720703 4.0354065895080566406 5.6804432868957519531 5.0620970726013183594 2.6517572402954101562 2.2280752658843994141 2.7573850154876708984 2.4596107006072998047 2.5837597846984863281 2.3994607925415039062 2.1150946617126464844
0 1.4680798053741455078 2.2080049514770507812 0.76431232690811157227 1.5541384220123291016 2.3950238227844238281 1.891854405403137207 0.86848032474517822266 1.0261204242706298828 1.3060677051544189453 1.2885165214538574219 2.8779699802398681641 4.5035529136657714844 6.4302568435668945312 5.602893829345703125 4.3969755172729492188 4.9699506759643554688 3.6116662025451660156 3.7294549942016601562 3.9565522670745849609 3.8667118549346923828 3.8686690330505371094 3.9961721897125244141 4.4085259437561035156 4.4531655311584472656 3.0310945510864257812 1.6994055509567260742 4.1167802810668945312 6.0684523582458496094 5.1941008567810058594 3.6345374584197998047 4.1380572319030761719 6.2242121696472167969 4.2999243736267089844 2.7447032928466796875 2.9963796138763427734 2.452816009521484375 2.5139188766479492188 2.8946034908294677734 2.6410517692565917969
0 2.0796420574188232422 1.6129509210586547852 1.2798492908477783203 1.7289190292358398438 1.6163890361785888672 1.9534354209899902344 2.1189086437225341797 2.5371420383453369141 2.1239130496978759766 1.8586772680282592773 3.6289811134338378906 5.9470715522766113281 6.5174512863159179688 4.9890642166137695312 4.8383188247680664062 5.6248493194580078125 4.0727419853210449219 3.5622420310974121094 4.0046448707580566406 4.215412139892578125 3.4539327621459960938 3.2784523963928222656 3.9706883430480957031 4.8660664558410644531 5.2057447433471679688 4.0253872871398925781 3.6714720726013183594 5.1727361679077148438 6.5804066658020019531 5.5974802970886230469 3.6116778850555419922 4.9525537490844726562 4.5821690559387207031 3.5100946426391601562 3.5128228664398193359 2.7720046043395996094 2.2289779186248779297 2.4385540485382080078 2.5259547233581542969
0 2.7667081356048583984 3.1578416824340820312 3.0662367343902587891 2.5003991127014160156 2.1682476997375488281 1.9184335470199584961 1.5235619544982910156 1.9555145502090454102 2.150669097900390625 3.5869753360748291016 5.7529354095458984375 5.8570036888122558594 4.4990487098693847656 4.2593569755554199219 4.8904666900634765625 4.4101300239562988281 3.2575769424438476562 3.36968231201171875 4.0305318832397460938 3.9973177909851074219 3.9631848335266113281 3.4567186832427978516 3.9185934066772460938 4.3318529129028320312 5.2795562744140625 5.3981041908264160156 4.611148834228515625 3.6328804492950439453 4.8445768356323242188 6.7108592987060546875 5.0189027786254882812 4.2670588493347167969 4.0067791938781738281 4.3303518295288085938 4.4334230422973632812 3.0457293987274169922 2.4977667331695556641 2.3225569725036621094 2.2244367599487304688
0 3.3582513332366943359 3.1908006668090820312 2.0303964614868164062 1.5324892997741699219 2.1849548816680908203 2.5706102848052978516 1.5525144338607788086 1.6862605810165405273 2.9134111404418945312 4.8785943984985351562 5.1237559318542480469 4.680637359619140625 4.9942226409912109375 5.2897830009460449219 4.3339672088623046875 3.5301890373229980469 3.388225555419921875 3.5053565502166748047 3.7959191799163818359 3.302867889404296875 3.4496927261352539062 3.9259371757507324219 4.1731662750244140625 3.1873261928558349609 3.5027453899383544922 4.5043315887451171875 5.4663710594177246094 3.2034564018249511719 2.6767930984497070312 6.2364115715026855469 6.8292970657348632812 6.1959486007690429688 5.0882210731506347656 5.6007189750671386719 6.5210180282592773438 4.4195156097412109375 3.2884593009948730469 2.7825748920440673828 2.4612653255462646484
0 1.3234035968780517578 1.9155116081237792969 1.6802381277084350586 1.6012766361236572266 1.8359290361404418945 2.4643366336822509766 2.1341319084167480469 2.60479736328125 3.7317705154418945312 4.1460938453674316406 3.8999891281127929688 4.9133114814758300781 5.5549516677856445312 4.8320803642272949219 3.6432931423187255859 3.5920357704162597656 3.45086669921875 3.424419403076171875 3.4210019111633300781 2.6965475082397460938 2.5617341995239257812 3.1965022087097167969 2.7967050075531005859 1.7103922367095947266 1.5075139999389648438 0.85676300525665283203 4.7394514083862304688 5.69887542724609375 3.1196970939636230469 4.5236716270446777344 6.3351483345031738281 6.606708526611328125 4.2908864021301269531 3.6984517574310302734 6.4511661529541015625 6.7368607521057128906 5.0011773109436035156 3.0588109493255615234 2.5307538509368896484
0 1.0364269018173217773 1.1888207197189331055 1.9534490108489990234 1.6501684188842773438 1.2826135158538818359 1.7862068414688110352 2.2050085067749023438 3.3251321315765380859 3.4054706096649169922 3.6651303768157958984 3.5257441997528076172 4.521434783935546875 4.6741762161254882812 3.5433254241943359375 2.6318449974060058594 2.8107674121856689453 2.6055800914764404297 2.9690923690795898438 2.8635034561157226562 2.0725636482238769531 2.1914587020874023438 2.2155535221099853516 1.2534754276275634766 2.9914784431457519531 2.3125100135803222656 2.1513741016387939453 2.9120187759399414062 6.9755082130432128906 5.503391265869140625 4.1644492149353027344 5.1210002899169921875 6.2242307662963867188 4.9962506294250488281 2.4331526756286621094 2.9752161502838134766 6.58383941650390625 7.0333514213562011719 4.2908754348754882812 3.0813689231872558594
0 3.2889270782470703125 1.7098076343536376953 1.9123581647872924805 2.4227504730224609375 2.4304575920104980469 2.7749321460723876953 2.6404759883880615234 2.5018179416656494141 2.0065906047821044922 3.1693565845489501953 3.4875581264495849609 4.0402779579162597656 4.2773442268371582031 3.2741332054138183594 2.9014034271240234375 2.2980222702026367188 2.2289774417877197266 2.4185667037963867188 1.5390844345092773438 0.89150190353393554688 1.3502926826477050781 1.7309688329696655273 1.9781509637832641602 4.5164041519165039062 4.2168283462524414062 5.4400396347045898438 4.2092914581298828125 5.475475311279296875 5.3124027252197265625 4.1020264625549316406 4.2971048355102539062 5.4438314437866210938 6.92767333984375 5.5945215225219726562 1.9430665969848632812 4.0023779869079589844 6.8717660903930664062 6.3534593582153320312 4.6848382949829101562
0 5.099697113037109375 3.7623665332794189453 2.5968306064605712891 3.0157134532928466797 2.9818325042724609375 3.0641067028045654297 3.153850555419921875 3.1660101413726806641 2.8919866085052490234 2.8770782947540283203 3.7315089702606201172 4.0584950447082519531 3.9010369777679443359 3.1326165199279785156 3.4723258018493652344 2.3867838382720947266 2.3571379184722900391 1.6223213672637939453 0.46329820156097412109 1.1244925260543823242 2.0022974014282226562 2.6576466560363769531 3.421001434326171875 5.9615349769592285156 7.3668036460876464844 6.7656750679016113281 3.9699285030364990234 4.8880915641784667969 4.4833431243896484375 5.4029626846313476562 5.0051131248474121094 4.1380572319030761719 5.3712506294250488281 7.3050265312194824219 4.3368659019470214844 1.1472334861755371094 4.052387237548828125 5.8194227218627929688 5.3853068351745605469
