wildfire/work/fuelmodels/1856/slope.asc
ncols        302
nrows        252
xllcorner    176080.000000000000
yllcorner    474970.000000000000
cellsize     5.000000000000
NODATA_value   -999
[rows 90 to 107 of 252, columns 80 to 119 of 302]
0.34418496489524841309 0.31977897882461547852 1.0437225103378295898 1.4032100439071655273 1.52256011962890625 1.8496763706207275391 2.0512130260467529297 2.2034082412719726562 2.7160005569458007812 9.161502838134765625 13.950148582458496094 8.465351104736328125 4.162990570068359375 3.9451794624328613281 3.7972512245178222656 3.7843220233917236328 5.8813734054565429688 4.3562502861022949219 3.1567249298095703125 2.3457341194152832031 3.7184844017028808594 4.1003108024597167969 2.7738404273986816406 1.7691379785537719727 1.95110321044921875 2.4692716598510742188 1.962490081787109375 1.0576840639114379883 2.0825452804565429688 2.305500030517578125 0.67122894525527954102 3.7263617515563964844 5.0882291793823242188 0.96981078386306762695 1.883553624153137207 2.0472733974456787109 1.2715107202529907227 0.97604697942733764648 1.2955611944198608398 1.7932796478271484375
0.35145595669746398926 0.20374669134616851807 1.0388530492782592773 1.1208884716033935547 1.3378537893295288086 1.7932852506637573242 1.8931913375854492188 1.9091534614562988281 2.5696244239807128906 6.02542877197265625 11.102787971496582031 10.945836067199707031 6.8800115585327148438 3.6160092353820800781 0.7954743504524230957 0.99098610877990722656 2.17824554443359375 3.3996751308441162109 2.3901610374450683594 1.8356695175170898438 3.4048738479614257812 4.6750326156616210938 3.1366536617279052734 2.0630259513854980469 2.2479538917541503906 2.1939828395843505859 1.5885955095291137695 0.94012331962585449219 1.9534436464309692383 2.2940621376037597656 0.22944715619087219238 5.3909163475036621094 3.4606544971466064453 1.7133477926254272461 1.3382277488708496094 2.3039593696594238281 1.5208911895751953125 0.91114866733551025391 1.6229468584060668945 2.0146346092224121094
1.2244737148284912109 0.90445345640182495117 1.2920387983322143555 1.2826157808303833008 1.1356905698776245117 1.4573464393615722656 1.8003246784210205078 1.9534333944320678711 2.5195405483245849609 3.3520789146423339844 6.7000718116760253906 7.9019384384155273438 6.18863677978515625 4.6559972763061523438 3.7296018600463867188 3.0437474250793457031 2.2856731414794921875 2.465160369873046875 2.4618728160858154297 2.3502604961395263672 3.9584727287292480469 4.7968645095825195312 3.0728321075439453125 1.9099650382995605469 2.0871558189392089844 2.0871593952178955078 1.6226335763931274414 1.2735006809234619141 2.080371856689453125 2.2623095512390136719 1.1131885051727294922 5.7023005485534667969 2.0980310440063476562 2.5064618587493896484 2.2623028755187988281 2.7358350753784179688 1.9500654935836791992 2.013385772705078125 2.1633310317993164062 1.255495905876159668
1.642162322998046875 1.8835548162460327148 1.9320851564407348633 1.6910474300384521484 1.4510755538940429688 1.5590137243270874023 2.0326426029205322266 2.3571310043334960938 2.3774263858795166016 2.1530089378356933594 3.9519650936126708984 5.006229400634765625 4.41939544677734375 4.5164098739624023438 3.6441159248352050781 2.8037505149841308594 2.3878395557403564453 2.8610498905181884766 2.5106906890869140625 2.9021108150482177734 4.0314002037048339844 4.8960289955139160156 3.7672019004821777344 1.8447452783584594727 1.9367902278900146484 2.1146075725555419922 1.802010655403137207 1.409328460693359375 2.4520006179809570312 3.1438937187194824219 3.1806576251983642578 6.0036754608154296875 1.6223242282867431641 3.3959622383117675781 4.06642913818359375 4.0533742904663085938 4.4968137741088867188 4.6965565681457519531 3.8278400897979736328 3.0259211063385009766
1.6702762842178344727 1.9394134283065795898 1.8942738771438598633 1.6310315132141113281 1.6000210046768188477 1.9094377756118774414 2.2596306800842285156 2.4464151859283447266 2.6849091053009033203 2.3277611732482910156 2.4476709365844726562 3.2317364215850830078 3.107341766357421875 3.5513007640838623047 2.7225065231323242188 2.1083815097808837891 2.8821806907653808594 3.369670867919921875 2.6173958778381347656 3.1256852149963378906 3.8193953037261962891 4.8653469085693359375 4.3111872673034667969 1.9860576391220092773 1.888655543327331543 2.1893603801727294922 2.2045578956604003906 1.9635186195373535156 3.7209322452545166016 4.1017913818359375 4.5844817161560058594 6.8973040580749511719 2.2649965286254882812 3.8056194782257080078 4.9857339859008789062 2.0696351528167724609 2.4009294509887695312 1.5118873119354248047 0.99912697076797485352 1.1298837661743164062
1.7440817356109619141 1.5987595319747924805 1.6060204505920410156 1.7510215044021606445 2.1331858634948730469 2.4692645072937011719 2.7456240653991699219 3.0007581710815429688 2.9941864013671875 1.813767552375793457 1.6702836751937866211 2.7716555595397949219 2.5072653293609619141 2.66373443603515625 2.1095743179321289062 1.6970114707946777344 2.5753214359283447266 3.4875631332397460938 2.8862087726593017578 3.0700476169586181641 3.8671009540557861328 5.1788568496704101562 4.3625001907348632812 1.8534886837005615234 1.7648477554321289062 2.3225502967834472656 2.6364533901214599609 2.2499897480010986328 4.0026092529296875 2.8497180938720703125 4.9561185836791992188 6.4996252059936523438 2.2730150222778320312 2.6785051822662353516 4.7292027473449707031 3.5942924022674560547 3.5625271797180175781 2.7705488204956054688 1.932600855827331543 1.5946329832077026367
1.8781697750091552734 2.1150860786437988281 2.4264953136444091797 2.8594624996185302734 3.1490423679351806641 3.1127219200134277344 2.9797987937927246094 2.6948730945587158203 1.9735404253005981445 1.0818216800689697266 0.51406294107437133789 3.0734963417053222656 3.4991390705108642578 2.0871653556823730469 1.8232235908508300781 1.3536354303359985352 2.3926928043365478516 3.4672222137451171875 2.8695123195648193359 3.0772767066955566406 3.8667128086090087891 5.4914727210998535156 4.5502386093139648438 2.0221469402313232422 1.7929977178573608398 2.4264917373657226562 2.7994239330291748047 2.1095910072326660156 3.87973785400390625 2.9239709377288818359 5.84979248046875 5.8394598960876464844 1.3367123603820800781 2.2079999446868896484 3.2585110664367675781 2.4544663429260253906 2.39122772216796875 1.8641207218170166016 1.0186851024627685547 0.76497405767440795898
2.6034421920776367188 2.7051718235015869141 2.7085371017456054688 2.6485121250152587891 2.080371856689453125 1.2979131937026977539 0.82972753047943115234 1.1564466953277587891 1.5298569202423095703 1.679936528205871582 1.7368046045303344727 1.7808208465576171875 4.2290368080139160156 1.8020145893096923828 1.6994093656539916992 1.3813962936401367188 2.265659332275390625 3.1591324806213378906 2.7905497550964355469 3.1167647838592529297 3.8424665927886962891 5.3365268707275390625 4.6517801284790039062 2.8095171451568603516 2.1939747333526611328 2.3799772262573242188 2.6032562255859375 2.0747706890106201172 3.1263215541839599609 1.0280811786651611328 5.2189874649047851562 4.72408294677734375 0.48673796653747558594 2.9818375110626220703 3.2012460231781005859 2.1858899593353271484 2.0301558971405029297 1.8334697484970092773 1.4064486026763916016 1.0112003087997436523
2.0747573375701904297 1.6654174327850341797 1.3325412273406982422 0.54372942447662353516 0.57363665103912353516 1.2607281208038330078 1.5796526670455932617 1.7245237827301025391 2.5474903583526611328 3.022247314453125 1.5325014591217041016 2.9487643241882324219 3.1384255886077880859 1.5305147171020507812 1.6238845586776733398 1.5908271074295043945 1.8353873491287231445 2.5307641029357910156 3.2162146568298339844 3.592037200927734375 3.8833837509155273438 4.8341474533081054688 4.6049108505249023438 3.7619802951812744141 3.0162184238433837891 2.2649881839752197266 2.3275551795959472656 3.0349342823028564453 3.1490347385406494141 0.38315558433532714844 4.9340920448303222656 4.5862445831298828125 0.74281525611877441406 3.5542900562286376953 3.2950713634490966797 1.7932856082916259766 1.7405976057052612305 1.782818913459777832 1.3945235013961791992 0.9698022007942199707
0.91778576374053955078 0.58412325382232666016 0.4730332791805267334 0.60373157262802124023 1.0672268867492675781 0.78587567806243896484 0.70002549886703491211 0.49805146455764770508 2.7667186260223388672 3.4414894580841064453 1.2619231939315795898 1.1568789482116699219 1.413272857666015625 1.4524728059768676758 1.5885939598083496094 1.7568013668060302734 1.3956105709075927734 1.6163851022720336914 3.2314221858978271484 4.41699981689453125 3.9263195991516113281 4.0167093276977539062 4.3739399909973144531 4.2953543663024902344 3.9992032051086425781 3.1250276565551757812 2.6410577297210693359 4.0314002037048339844 3.2833859920501708984 0.71504902839660644531 4.8669018745422363281 4.347675323486328125 1.1733825206756591797 3.8294327259063720703 3.3780725002288818359 1.5978101491928100586 1.5155625343322753906 1.6874564886093139648 1.3056795597076416016 0.83519691228866577148
0.62676256895065307617 0.22498664259910583496 0.22944380342960357666 0.70649629831314086914 1.6535265445709228516 0.85675221681594848633 0.78716319799423217773 0.53338390588760375977 2.6096558570861816406 3.3394019603729248047 1.3321613073348999023 1.0808756351470947266 1.2281873226165771484 1.4957317113876342773 1.601281285285949707 1.6163916587829589844 1.050487518310546875 1.2178313732147216797 2.7885634899139404297 4.7435851097106933594 4.0144515037536621094 3.1965034008026123047 3.7137281894683837891 3.7876582145690917969 3.8734862804412841797 3.7436616420745849609 3.2168359756469726562 4.6840944290161132812 3.1387455463409423828 1.779976963996887207 4.6534037590026855469 4.1828327178955078125 2.3225488662719726562 4.0721454620361328125 3.0662584304809570312 1.7842307090759277344 1.4831558465957641602 1.4207713603973388672 1.1943362951278686523 0.78264015913009643555
0.60790818929672241211 0.20374575257301330566 0.24851712584495544434 0.33824676275253295898 1.2979048490524291992 1.1669012308120727539 0.30018162727355957031 0.47302269935607910156 2.0953869819641113281 3.3862807750701904297 2.1279652118682861328 1.1738145351409912109 1.2667275667190551758 1.4841821193695068359 1.5155578851699829102 1.3948944807052612305 0.28814685344696044922 0.38447308540344238281 2.6546118259429931641 4.4806337356567382812 4.1469521522521972656 2.9029738903045654297 3.0183987617492675781 3.0899012088775634766 3.1687190532684326172 3.521442413330078125 3.6561548709869384766 4.7051520347595214844 2.6639218330383300781 1.5354620218276977539 4.1392793655395507812 3.9513211250305175781 3.2498235702514648438 4.4595236778259277344 2.7738392353057861328 2.0121266841888427734 1.3103194236755371094 1.0766634941101074219 1.0127087831497192383 0.63638311624526977539
0.48675701022148132324 0.51799505949020385742 0.35576254129409790039 0.45000052452087402344 0.94227260351181030273 1.4003137350082397461 0.51798236370086669922 1.0186865329742431641 1.9985039234161376953 3.0183994770050048828 2.7986996173858642578 1.6129363775253295898 1.5118814706802368164 1.6223213672637939453 1.5978058576583862305 1.7289263010025024414 1.4940351247787475586 1.9635050296783447266 2.6576573848724365234 3.70174407958984375 3.8562343120574951172 2.9655127525329589844 2.6593680381774902344 2.6404809951782226562 2.7526142597198486328 3.1206600666046142578 3.8999905586242675781 4.6621789932250976562 1.878173828125 1.3412516117095947266 3.5701739788055419922 3.0404284000396728516 3.5814802646636962891 4.5520181655883789062 2.6843512058258056641 1.9155217409133911133 1.1494171619415283203 0.93581783771514892578 1.0388615131378173828 0.81309366226196289062
1.1960328817367553711 0.70074826478958129883 0.28460782766342163086 0.70001941919326782227 1.0533689260482788086 1.9624783992767333984 2.2984640598297119141 2.8530814647674560547 3.2945992946624755859 3.4361934661865234375 3.0813810825347900391 2.2907500267028808594 2.2593944072723388672 2.3588428497314453125 2.3646309375762939453 3.0669176578521728516 3.0728409290313720703 2.4298257827758789062 2.0681726932525634766 3.1010024547576904297 3.50202178955078125 3.85414886474609375 3.7331333160400390625 2.9581770896911621094 2.7314112186431884766 2.8172514438629150391 3.5020189285278320312 3.8967497348785400391 3.2907724380493164062 3.881694793701171875 4.003368377685546875 2.1057398319244384766 3.6319034099578857422 4.2359519004821777344 3.0523693561553955078 1.8271067142486572266 1.1405844688415527344 0.91115117073059082031 1.1811257600784301758 1.2841875553131103516
1.3367063999176025391 1.0804120302200317383 0.5218715667724609375 0.89149564504623413086 1.1113709211349487305 1.9573225975036621094 2.7526042461395263672 3.3019502162933349609 3.3510200977325439453 3.0956118106842041016 2.7373249530792236328 2.3861382007598876953 3.1229250431060791016 3.6908135414123535156 3.7271745204925537109 3.7670731544494628906 2.4227347373962402344 1.7524710893630981445 0.85969871282577514648 3.5513026714324951172 5.3711590766906738281 6.3688812255859375 4.2661118507385253906 0.9227415919303894043 2.0825514793395996094 3.9299225807189941406 4.3224081993103027344 5.0187907218933105469 6.052753448486328125 5.7080364227294921875 4.2806386947631835938 2.3360073566436767578 3.9396724700927734375 4.0402779579162597656 3.4667897224426269531 2.2907497882843017578 2.0912861824035644531 1.9417558908462524414 1.9979937076568603516 2.2289776802062988281
1.3766291141510009766 0.88636964559555053711 0.65519440174102783203 1.2727122306823730469 1.6693696975708007812 2.0146350860595703125 2.4645395278930664062 3.1326181888580322266 4.3185558319091796875 4.0247516632080078125 2.2593998908996582031 1.8221122026443481445 3.0304331779479980469 3.4195399284362792969 2.1353306770324707031 0.52187639474868774414 2.3223314285278320312 2.5815999507904052734 0.88751548528671264648 5.2912917137145996094 6.911479949951171875 4.1781229972839355469 1.5534918308258056641 3.5557129383087158203 3.7339434623718261719 4.7346506118774414062 4.7249388694763183594 4.3753256797790527344 3.7331240177154541016 3.0442411899566650391 1.9027936458587646484 1.9492896795272827148 3.8044161796569824219 3.7971160411834716797 2.8748037815093994141 2.0400898456573486328 2.0326392650604248047 2.1530199050903320312 2.2774612903594970703 2.5733585357666015625
1.5115489959716796875 0.76894563436508178711 1.2806408405303955078 1.981726527214050293 1.6223201751708984375 1.1789747476577758789 1.8469269275665283203 4.3633198738098144531 3.7256839275360107422 3.1659989356994628906 5.1683282852172851562 5.1269173622131347656 4.4198641777038574219 4.7406034469604492188 4.4539670944213867188 5.1669640541076660156 4.3318576812744140625 2.8953032493591308594 1.981732487678527832 5.6004543304443359375 7.1533970832824707031 6.0381131172180175781 3.6654055118560791016 2.0688943862915039062 0.33221286535263061523 1.2778632640838623047 3.9252905845642089844 3.5581216812133789062 1.3184108734130859375 0.97137600183486938477 1.9157859086990356445 2.2747991085052490234 3.3737103939056396484 3.9166605472564697266 2.042568206787109375 1.2892998456954956055 1.0860246419906616211 1.1472193002700805664 1.4957355260848999023 1.8312517404556274414
1.3685171604156494141 1.8353959321975708008 3.1196897029876708984 2.6737797260284423828 1.4207696914672851562 3.3587107658386230469 4.7851800918579101562 6.2455992698669433594 6.0810360908508300781 9.8072519302368164062 4.9200682640075683594 4.2112131118774414062 3.9432704448699951172 4.6097321510314941406 4.9969549179077148438 3.1503224372863769531 2.2640943527221679688 2.1353168487548828125 2.4395890235900878906 4.6578478813171386719 6.901805877685546875 6.6114878654479980469 3.4143671989440917969 0.25654390454292297363 0.28637775778770446777 2.0796396732330322266 1.4514354467391967773 4.3513917922973632812 2.1006820201873779297 0.54186517000198364258 2.5467007160186767578 2.415424346923828125 2.7905519008636474609 4.2755718231201171875 1.6254360675811767578 1.0388507843017578125 0.94013446569442749023 0.78715878725051879883 0.98688578605651855469 1.2355834245681762695
