wildfire/work/fuelmodels/1856/slope.asc
ncols        302
nrows        252
xllcorner    176080.000000000000
yllcorner    474970.000000000000
cellsize     5.000000000000
NODATA_value   -999
[rows 54 to 71 of 252, columns 40 to 79 of 302]
1.68474578857421875 0.4772974550724029541 0.48466566205024719238 2.5656871795654296875 2.8636960983276367188 1.7731328010559082031 1.2869353294372558594 0.095455490052700042725 1.2893015146255493164 0.92492765188217163086 1.4831603765487670898 2.0489978790283203125 1.9719942808151245117 2.0400896072387695312 1.6702663898468017578 0.88636964559555053711 1.1529406309127807617 0.65597224235534667969 2.1747584342956542969 1.9038600921630859375 2.97725677490234375 3.4183521270751953125 6.0724306106567382812 2.1506655216217041016 1.9094257354736328125 2.0400834083557128906 1.6874481439590454102 1.4639308452606201172 2.532962799072265625 3.0561735630035400391 2.7200849056243896484 1.7074235677719116211 1.8789790868759155273 5.3138179779052734375 6.6790332794189453125 2.9348435401916503906 0.3935883939266204834 1.024634242057800293 1.5275365114212036133 1.308007359504699707
0.50310814380645751953 0.67648792266845703125 1.5908305644989013672 2.4906766414642333984 2.1824142932891845703 1.8513088226318359375 1.9320851564407348633 1.7980707883834838867 0.92493623495101928711 0.48674985766410827637 1.0860240459442138672 1.273494720458984375 1.2806327342987060547 2.0818212032318115234 1.5118823051452636719 0.76498568058013916016 0.77025765180587768555 0.67122370004653930664 0.78005135059356689453 1.0892822742462158203 1.6050735712051391602 2.846874237060546875 4.8495650291442871094 2.0701289176940917969 1.7053514719009399414 2.093448638916015625 2.6965572834014892578 2.6264512538909912109 2.7825748920440673828 3.1750931739807128906 3.1528782844543457031 2.0688943862915039062 0.64034610986709594727 1.6874544620513916016 5.6364941596984863281 6.2213206291198730469 2.0153963565826416016 0.95350283384323120117 0.45559427142143249512 0.59443628787994384766
0.81497251987457275391 1.7913144826889038086 1.5248849391937255859 1.0504900217056274414 2.4612545967102050781 2.655750274658203125 0.81496018171310424805 1.2607239484786987305 0.045005317777395248413 1.1960328817367553711 1.057690739631652832 1.0226533412933349609 0.62515252828598022461 3.0728368759155273438 1.9842734336853027344 1.1811285018920898438 0.43279111385345458984 1.5085382461547851562 1.6198277473449707031 1.6862523555755615234 1.5987533330917358398 2.3996646404266357422 3.3152410984039306641 2.0204095840454101562 2.2391664981842041016 2.3205881118774414062 2.7195351123809814453 3.0879280567169189453 3.1687114238739013672 3.3393981456756591797 3.9811089038848876953 3.4372229576110839844 1.9352203607559204102 1.0403169393539428711 1.9725147485733032227 6.1699986457824707031 5.5053920745849609375 0.97137397527694702148 0.10062147676944732666 0.22499866783618927002
0.6267681121826171875 0.95720881223678588867 0.93581432104110717773 0.76959842443466186523 2.2909655570983886719 3.0815382003784179688 1.8212797641754150391 1.9448816776275634766 1.8271051645278930664 2.2774684429168701172 1.851322174072265625 0.87776768207550048828 0.41852384805679321289 2.2045621871948242188 2.4528167247772216797 1.4430375099182128906 0.49397513270378112793 2.2063972949981689453 0.84003716707229614258 1.0422620773315429688 0.86556041240692138672 1.3423780202865600586 1.7429143190383911133 1.9155135154724121094 2.5096850395202636719 2.3485350608825683594 2.0630278587341308594 2.3935484886169433594 3.1036038398742675781 3.3478579521179199219 3.7864553928375244141 3.7213389873504638672 3.0813751220703125 2.7363955974578857422 1.4398715496063232422 3.2858462333679199219 6.7980432510375976562 3.8609497547149658203 1.6874520778656005859 1.6198235750198364258
2.3916516304016113281 2.2808027267456054688 1.3427622318267822266 1.8221100568771362305 1.2762742042541503906 2.0251572132110595703 0.20124463737010955811 2.2856714725494384766 1.1956040859222412109 0.83278119564056396484 0.77680552005767822266 0.66896510124206542969 1.0576976537704467773 1.1285392045974731445 1.3153386116027832031 0.57362318038940429688 0.89092153310775756836 1.4639314413070678711 1.4430375099182128906 0.85674899816513061523 0.82973027229309082031 1.1494166851043701172 1.5799651145935058594 1.7335926294326782227 1.6424709558486938477 1.6910499334335327148 1.821284174919128418 1.8717019557952880859 2.0679221153259277344 2.7999596595764160156 3.3201174736022949219 3.5790803432464599609 3.8046896457672119141 4.1644492149353027344 3.1326196193695068359 2.6677157878875732422 5.7832303047180175781 6.3945698738098144531 3.2492041587829589844 2.3912241458892822266
1.3294912576675415039 1.4444420337677001953 2.5331552028656005859 2.2515540122985839844 1.3685171604156494141 2.3618495464324951172 0.76431882381439208984 2.7006905078887939453 0.68096280097961425781 0.99098771810531616211 1.4229151010513305664 1.0403248071670532227 1.2178361415863037109 1.0246341228485107422 1.2826095819473266602 1.2778632640838623047 0.063641056418418884277 0.92273885011672973633 1.4374114274978637695 0.8840796351432800293 0.56383645534515380859 0.53338789939880371094 0.65596491098403930664 0.42452391982078552246 0.76365625858306884766 1.2115930318832397461 1.4416337013244628906 1.3484022617340087891 1.2667382955551147461 2.2289774417877197266 2.9941811561584472656 3.1750953197479248047 3.1636133193969726562 3.2210822105407714844 3.1166155338287353516 2.2750229835510253906 3.1088113784790039062 5.8170771598815917969 5.3220605850219726562 2.717487335205078125
0.64428651332855224609 1.9979944229125976562 3.6814913749694824219 1.3898063898086547852 1.1581943035125732422 1.8987981081008911133 1.0147020816802978516 1.9430539608001708984 1.8198920488357543945 1.1836936473846435547 1.2478041648864746094 1.3566265106201171875 1.7785475254058837891 1.6745141744613647461 1.2408978939056396484 0.74554479122161865234 0.4867438971996307373 0.48151543736457824707 1.1177202463150024414 0.57363295555114746094 0.31339216232299804688 0.31338354945182800293 0.36279836297035217285 0.33825474977493286133 0.7954743504524230957 1.0403144359588623047 1.1405712366104125977 1.3897930383682250977 1.5125534534454345703 1.946694493293762207 2.4528102874755859375 2.2587230205535888672 2.5798366069793701172 2.5058588981628417969 2.1296334266662597656 1.8109717369079589844 1.2376279830932617188 2.5520470142364501953 4.9336843490600585938 3.0379271507263183594
1.8795212507247924805 2.5233488082885742188 3.7017395496368408203 1.217844843864440918 0.92494124174118041992 2.8015878200531005859 0.56653249263763427734 1.3506484031677246094 1.3118718862533569336 1.5007938146591186523 1.429996490478515625 1.0691118240356445312 1.5593384504318237305 1.0804209709167480469 0.70434397459030151367 0.27186042070388793945 0.30017969012260437012 0.79801487922668457031 0.74893730878829956055 1.0403280258178710938 0.18554373085498809814 0.71787554025650024414 0.96772927045822143555 1.2715126276016235352 1.1285306215286254883 1.1298805475234985352 1.4261060953140258789 1.7955384254455566406 1.822113037109375 1.7918757200241088867 2.3249421119689941406 1.8814009428024291992 1.8529497385025024414 2.5552189350128173828 2.2549233436584472656 2.0045659542083740234 2.1842734813690185547 1.8982698917388916016 3.24810791015625 3.8511271476745605469
1.3977895975112915039 2.3755159378051757812 4.669307708740234375 3.1583356857299804688 0.82729142904281616211 2.3672003746032714844 2.0045709609985351562 0.79548048973083496094 0.27373114228248596191 0.22945220768451690674 0.96928489208221435547 0.54929584264755249023 1.1472202539443969727 0.19092290103435516357 0.36280423402786254883 0.40749415755271911621 0.40749505162239074707 0.29336977005004882812 0.22273722290992736816 0.84544855356216430664 0.87545740604400634766 1.3049080371856689453 0.84723514318466186523 0.52187269926071166992 0.35145485401153564453 0.23165646195411682129 0.12728205323219299316 0.55569797754287719727 1.0576914548873901367 1.4086016416549682617 1.864383697509765625 1.8020102977752685547 1.3060661554336547852 1.9924169778823852539 2.4070372581481933594 1.8600373268127441406 1.9911489486694335938 2.1551299095153808594 2.4348146915435791016 3.8541412353515625
1.4444413185119628906 1.1811285018920898438 3.9850299358367919922 4.5342526435852050781 1.3814004659652709961 2.0331387519836425781 2.3945991992950439453 1.0985405445098876953 0.91114866733551025391 1.0596016645431518555 0.99454456567764282227 0.67424094676971435547 0.88407748937606811523 0.34270021319389343262 0.60540503263473510742 0.68835145235061645508 0.98020052909851074219 1.3592416048049926758 1.8257219791412353516 1.8673664331436157227 1.4524781703948974609 0.95720452070236206055 0.28460782766342163086 0.37107238173484802246 0.54185909032821655273 0.45890986919403076172 0.81122773885726928711 1.345769047737121582 1.4984395503997802734 1.1208795309066772461 1.0836942195892333984 1.7103906869888305664 1.5275217294692993164 1.7183459997177124023 2.1821901798248291016 1.6937336921691894531 1.5538098812103271484 1.9352262020111083984 1.8320872783660888672 2.5169394016265869141
2.7200908660888671875 1.0261120796203613281 2.4445502758026123047 4.3652844429016113281 3.1540119647979736328 3.1088166236877441406 3.0985512733459472656 2.115081787109375 1.4013930559158325195 0.99403452873229980469 0.56652498245239257812 0.78264832496643066406 0.73804241418838500977 0.64429223537445068359 0.95667999982833862305 1.1841182708740234375 1.7245200872421264648 1.9778845310211181641 1.7785518169403076172 1.891060948371887207 1.1081677675247192383 0.59187912940979003906 0.48152747750282287598 0.58412259817123413086 0.4980487525463104248 0.19092290103435516357 0.76498192548751831055 1.0186851024627685547 0.64429223537445068359 0.74009102582931518555 1.2074049711227416992 1.7524787187576293945 1.7544870376586914062 1.7008835077285766602 1.788754582405090332 1.891060948371887207 1.8924027681350708008 1.85131072998046875 1.9924132823944091797 2.0206589698791503906
2.0482540130615234375 0.43279781937599182129 1.0186841487884521484 2.9258713722229003906 2.5163314342498779297 2.6813344955444335938 3.0299274921417236328 1.8714259862899780273 1.0672186613082885742 0.78587007522583007812 0.70650231838226318359 0.91114521026611328125 1.2873361110687255859 1.7567998170852661133 2.109588623046875 2.233737945556640625 2.2271583080291748047 1.5987595319747924805 0.73184400796890258789 0.98226696252822875977 0.74282300472259521484 0.64898496866226196289 0.67123639583587646484 0.70074856281280517578 0.80496412515640258789 0.82973778247833251953 1.1841273307800292969 1.466693878173828125 1.1581939458847045898 0.87775492668151855469 0.99607241153717041016 1.5225617885589599609 1.9131450653076171875 2.0999665260314941406 1.9534358978271484375 2.0558984279632568359 2.2155499458312988281 2.2927391529083251953 2.4470293521881103516 2.1886570453643798828
1.4489828348159790039 0.9314740300178527832 0.79547077417373657227 2.3637769222259521484 1.888655543327331543 1.2790647745132446289 2.3588535785675048828 2.040096282958984375 1.7207133769989013672 1.8988033533096313477 1.8988084793090820312 1.9229031801223754883 1.9394049644470214844 1.8619445562362670898 1.9819862842559814453 1.8257219791412353516 1.3618440628051757812 1.3049079179763793945 1.2178397178649902344 0.73460519313812255859 0.98842573165893554688 1.2806327342987060547 1.3956105709075927734 1.3970600366592407227 1.5324928760528564453 1.642162322998046875 1.5908243656158447266 1.5822162628173828125 1.5834925174713134766 1.5075269937515258789 1.6672393083572387695 1.8800556659698486328 2.1775529384613037109 2.4164750576019287109 2.4354434013366699219 2.3474526405334472656 2.5764970779418945312 2.8231604099273681641 2.8179636001586914062 2.8231570720672607422
1.7309682369232177734 0.81122064590454101562 0.29336386919021606445 2.1717324256896972656 2.0146346092224121094 1.1879674196243286133 1.5354694128036499023 2.1150934696197509766 2.0871570110321044922 2.0133798122406005859 1.9375799894332885742 1.7245334386825561523 1.4218411445617675781 1.0186898708343505859 0.98842334747314453125 0.54465508460998535156 0.43279111385345458984 1.011198878288269043 1.5038279294967651367 1.024634242057800293 0.94604051113128662109 1.0672214031219482422 1.1960299015045166016 1.3423749208450317383 1.3528914451599121094 1.3970600366592407227 1.6223167181015014648 1.6079115867614746094 1.8942734003067016602 1.9352262020111083984 1.9573225975036621094 2.1506659984588623047 2.4987823963165283203 2.6890573501586914062 2.9022822380065917969 2.9403545856475830078 2.9533903598785400391 3.0177316665649414062 3.0031256675720214844 2.9327766895294189453
2.0747621059417724609 0.87775492668151855469 0.64350658655166625977 1.3427617549896240234 1.6353678703308105469 1.238025665283203125 0.86906009912490844727 1.4246785640716552734 1.4416315555572509766 1.1977207660675048828 1.1498568058013916016 0.96615499258041381836 0.7489299774169921875 0.48465213179588317871 0.41364720463752746582 0.22274327278137207031 0.29335793852806091309 0.43279424309730529785 0.95720309019088745117 0.78264296054840087891 0.92930561304092407227 1.0261204242706298828 1.094851374626159668 1.2095041275024414062 1.1699351072311401367 1.2355780601501464844 1.7379661798477172852 2.0326330661773681641 2.1447794437408447266 1.8496754169464111328 1.8087413311004638672 2.1570177078247070312 2.5617454051971435547 2.6515569686889648438 2.7822027206420898438 2.9132306575775146484 2.6339628696441650391 2.4470427036285400391 2.3935461044311523438 2.18866729736328125
1.8551366329193115234 1.6826475858688354492 0.88236051797866821289 1.0596102476119995117 1.4639310836791992188 0.86847364902496337891 1.2006757259368896484 1.4569973945617675781 1.5272024869918823242 0.99098008871078491211 0.77418893575668334961 0.79738587141036987305 0.56294679641723632812 0.34270808100700378418 0.25653862953186035156 0.2012522965669631958 0.22945725917816162109 0.51798796653747558594 0.83520609140396118164 1.3172537088394165039 1.5088652372360229492 1.4573442935943603516 1.4875890016555786133 1.6204525232315063477 1.7336053848266601562 1.7359389066696166992 1.801167607307434082 1.86736297607421875 1.9969764947891235352 1.9678860902786254883 1.8389770984649658203 1.757088780403137207 1.851046442985534668 1.851046442985534668 1.8665566444396972656 1.9383544921875 1.894268035888671875 2.2533504962921142578 2.7822077274322509766 3.1846256256103515625
1.1581959724426269531 2.5058579444885253906 1.6571950912475585938 1.4032157659530639648 1.879526972770690918 1.5619317293167114258 1.5085382461547851562 1.2679343223571777344 1.7207083702087402344 1.0971490144729614258 0.82607257366180419922 1.0112106800079345703 0.71150088310241699219 0.5727558135986328125 0.35576254129409790039 0.76366239786148071289 1.0874190330505371094 1.2982941865921020508 1.417559504508972168 1.4680707454681396484 1.3275902271270751953 1.3241554498672485352 1.3056795597076416016 1.3769928216934204102 1.3977855443954467773 1.356627345085144043 1.4064486026763916016 1.3740491867065429688 1.3536386489868164062 1.2408838272094726562 1.0691058635711669922 1.1026653051376342773 1.5278630256652832031 2.1006906032562255859 2.3823220729827880859 2.5213465690612792969 2.5960552692413330078 2.7051804065704345703 2.9408686161041259766 2.9935135841369628906
0.88408792018890380859 2.2542502880096435547 3.14228057861328125 2.9615919589996337891 2.5706174373626708984 1.7799745798110961914 1.2392598390579223633 1.2413055896759033203 1.8752073049545288086 1.4635729789733886719 1.2869473695755004883 1.4289405345916748047 1.52355194091796875 1.6862555742263793945 1.7842323780059814453 1.9091645479202270508 1.664807438850402832 1.5088692903518676758 1.4855508804321289062 1.2224042415618896484 1.0359255075454711914 1.0422582626342773438 0.92930084466934204102 0.77025765180587768555 0.64034879207611083984 0.51405507326126098633 0.4136504828929901123 0.43279424309730529785 0.81123208999633789062 1.2826157808303833008 1.5208959579467773438 1.6461595296859741211 1.7774090766906738281 1.9573181867599487305 2.207996368408203125 2.5259580612182617188 2.6849162578582763672 2.3669865131378173828 2.017406463623046875 1.809019923210144043
