wildfire/work/fuelmodels/1856/slope.asc
ncols        302
nrows        252
xllcorner    176080.000000000000
yllcorner    474970.000000000000
cellsize     5.000000000000
NODATA_value   -999
[rows 234 to 251 of 252, columns 160 to 199 of 302]
1.273494720458984375 1.2806382179260253906 0.50312155485153198242 0.51307308673858642578 1.5357862710952758789 1.2554889917373657227 1.0186923742294311523 1.3367123603820800781 1.1140919923782348633 1.5593382120132446289 1.500789642333984375 1.1836923360824584961 1.3423883914947509766 1.4132760763168334961 2.3032958507537841797 1.7510298490524291992 0.9879220128059387207 1.5515282154083251953 1.6811462640762329102 1.0883548259735107422 1.1525009870529174805 2.8973965644836425781 1.2826126813888549805 4.3600783348083496094 4.1138296127319335938 3.0601422786712646484 0.98019778728485107422 0.50311386585235595703 1.9091742038726806641 3.2992029190063476562 3.9699318408966064453 4.0193567276000976562 2.271465301513671875 0.80117601156234741211 1.2920447587966918945 1.5285332202911376953 1.1581939458847045898 1.0107020139694213867 0.71149492263793945312 0.47729504108428955078
1.4542063474655151367 2.0679161548614501953 1.3355815410614013672 0.49397236108779907227 0.49703046679496765137 1.3813943862915039062 1.5298551321029663086 1.5038279294967651367 1.4759811162948608398 0.93581885099411010742 1.2806327342987060547 1.8359397649765014648 1.4093259572982788086 1.5463086366653442383 2.3015427589416503906 1.699408411979675293 0.83521002531051635742 1.6702669858932495117 1.4957355260848999023 0.63638669252395629883 2.2289774417877197266 2.4154205322265625 1.5920903682708740234 5.6565580368041992188 4.2720203399658203125 2.6326143741607666016 0.54093432426452636719 1.4349505901336669922 2.8459928035736083984 1.8918601274490356445 2.7085371017456054688 2.0980393886566162109 1.8159919977188110352 1.1244870424270629883 1.8838289976119995117 1.3740594387054443359 0.95720309019088745117 0.89658778905868530273 0.87776356935501098633 1.1208884716033935547
0.58064919710159301758 1.3988690376281738281 2.0063245296478271484 1.2743020057678222656 0.49703902006149291992 0.52477407455444335938 1.0733660459518432617 1.1699337959289550781 1.473925471305847168 1.1651704311370849609 0.8260650634765625 1.7842350006103515625 2.4271183013916015625 2.6278069019317626953 3.0541944503784179688 2.7949049472808837891 1.7570757865905761719 1.6079062223434448242 0.83278727531433105469 1.8673720359802246094 1.9112873077392578125 2.1374506950378417969 1.4639248847961425781 6.5153775215148925781 4.5491313934326171875 2.4602372646331787109 0.78264296054840087891 1.0261150598526000977 2.5337555408477783203 1.9477305412292480469 0.54186904430389404297 0.28460514545440673828 1.3547649383544921875 1.6310315132141113281 2.0400955677032470703 1.6702721118927001953 1.6535258293151855469 1.5357961654663085938 1.4639269113540649414 1.8643866777420043945
0.77025765180587768555 0.71998822689056396484 1.418980717658996582 1.5354645252227783203 1.1582018136978149414 0.61453354358673095703 0.74281966686248779297 1.1651653051376342773 1.4300076961517333984 1.2074069976806640625 0.83520215749740600586 0.77680695056915283203 1.2355830669403076172 1.5538049936294555664 2.3223359584808349609 3.2389218807220458984 2.3205797672271728516 0.96194863319396972656 1.2115856409072875977 1.8867751359939575195 0.68095916509628295898 1.8334602117538452148 0.90446114540100097656 5.6304044723510742188 5.5887517929077148438 3.9952957630157470703 0.44661232829093933105 0.59783667325973510742 2.7550048828125 1.0403193235397338867 1.665719151496887207 1.0860235691070556641 1.3956105709075927734 2.0842535495758056641 1.6847529411315917969 1.4444413185119628906 0.99861323833465576172 0.97137397527694702148 1.5235513448715209961 1.8619428873062133789
1.076656341552734375 0.81558275222778320312 0.70074194669723510742 1.161246180534362793 1.4032100439071655273 1.2810369729995727539 0.81122177839279174805 1.1529324054718017578 1.4032133817672729492 1.0061932802200317383 1.3118718862533569336 1.5208975076675415039 1.7180576324462890625 1.9766080379486083984 2.5853223800659179688 3.0437541007995605469 1.3049079179763793945 2.4310743808746337891 2.5923497676849365234 1.666933894157409668 2.1353240013122558594 2.8610584735870361328 2.134136199951171875 4.0528769493103027344 8.4077634811401367188 8.1087474822998046875 0.4815101921558380127 1.2094970941543579102 2.0211679935455322266 2.3336300849914550781 2.8514916896820068359 3.3469436168670654297 2.322551727294921875 0.5566113591194152832 1.2798444032669067383 1.8221111297607421875 1.1498596668243408203 0.57362687587738037109 0.98791778087615966797 0.92493706941604614258
1.0733660459518432617 1.1370198726654052734 0.47302269935607910156 0.68687397241592407227 1.1956067085266113281 1.2425289154052734375 1.1177207231521606445 1.3802902698516845703 1.4763237237930297852 1.0883595943450927734 1.5357961654663085938 1.8902536630630493164 1.2223947048187255859 1.2920501232147216797 2.0679218769073486328 2.3609976768493652344 1.9789153337478637695 2.1191525459289550781 1.7324374914169311523 1.0971555709838867188 3.4637305736541748047 1.2425230741500854492 4.7964534759521484375 3.0905537605285644531 6.9413666725158691406 9.958736419677734375 4.7076048851013183594 1.2885165214538574219 1.1673332452774047852 0.69784569740295410156 1.6865471601486206055 2.4470427036285400391 2.6679122447967529297 0.071152858436107635498 2.3336272239685058594 2.4445524215698242188 1.6979157924652099609 1.5209044218063354492 1.011217951774597168 0.72559076547622680664
1.0422693490982055664 1.630413055419921875 1.0892822742462158203 0.76497989892959594727 0.98019456863403320312 1.1458948850631713867 1.2920507192611694336 1.6648049354553222656 1.5796526670455932617 1.2826180458068847656 1.6437027454376220703 1.8945320844650268555 1.1529349088668823242 1.253884434700012207 1.5716233253479003906 1.5667843818664550781 1.9863137006759643555 1.5974885225296020508 1.2074011564254760742 1.1190835237503051758 2.4252490997314453125 3.4589154720306396484 4.1245045661926269531 1.446188807487487793 5.9358096122741699219 7.72100830078125 5.9287691116333007812 2.7822003364562988281 0.71150302886962890625 3.6204762458801269531 3.1860558986663818359 1.7524710893630981445 3.3894038200378417969 2.1794023513793945312 1.9850367307662963867 1.7032629251480102539 0.41487583518028259277 0.51797008514404296875 0.85615146160125732422 1.1208795309066772461
0.92930561304092407227 1.4317729473114013672 1.5075305700302124023 1.1154540777206420898 1.0305421352386474609 0.85674899816513061523 1.1807020902633666992 1.8212764263153076172 1.7547738552093505859 1.5987584590911865234 1.7498662471771240234 1.6593292951583862305 1.3060746192932128906 1.4398800134658813477 0.85674899816513061523 1.2983026504516601562 1.6325883865356445312 1.3355815410614013672 1.6254329681396484375 2.6154618263244628906 2.3560597896575927734 2.508480072021484375 2.8326430320739746094 3.2847757339477539062 5.8273739814758300781 6.2294769287109375 5.1492857933044433594 2.1189136505126953125 1.864383697509765625 3.2401564121246337891 2.3983957767486572266 0.71150195598602294922 3.4606556892395019531 0.45558494329452514648 0.40749415755271911621 1.4510771036148071289 1.6507687568664550781 1.2408941984176635742 0.42453116178512573242 0.89658492803573608398
0.70650315284729003906 0.81496399641036987305 1.2986907958984375 0.76959842443466186523 1.391614079475402832 1.4984338283538818359 1.2157627344131469727 1.7429167032241821289 1.9354819059371948242 1.882475733757019043 1.73009490966796875 2.1222581863403320312 1.8835648298263549805 0.28813415765762329102 1.8738591670989990234 1.7324330806732177734 0.65597367286682128906 1.9091694355010986328 3.1860532760620117188 4.078708648681640625 3.4137742519378662109 3.69846343994140625 3.0277624130249023438 4.4380822181701660156 6.0418577194213867188 5.6993937492370605469 5.6092596054077148438 2.2685642242431640625 1.0971524715423583984 3.5428924560546875 2.3039557933807373047 0.71505117416381835938 3.0602962970733642578 0.68318378925323486328 0.47302839159965515137 0.47729015350341796875 0.51798641681671142578 0.20124270021915435791 0.88006067276000976562 0.38315558433532714844
1.8137613534927368164 1.2607177495956420898 1.5538108348846435547 0.79802048206329345703 0.85675060749053955078 1.5515279769897460938 1.3245443105697631836 1.5796543359756469727 1.9157773256301879883 2.0173931121826171875 1.8223929405212402344 2.3301675319671630859 1.7207120656967163086 2.3772218227386474609 2.3637740612030029297 2.0363605022430419922 2.0571260452270507812 2.7776644229888916016 2.7616038322448730469 3.3287882804870605469 1.3956114053726196289 2.2980279922485351562 1.7570797204971313477 4.133785247802734375 5.2173509597778320312 4.6468977928161621094 3.2746052742004394531 1.2522662878036499023 0.33220297098159790039 1.5696852207183837891 1.6201325654983520508 1.1582018136978149414 2.450336456298828125 0.91833907365798950195 0.41365283727645874023 0.40498939156532287598 0.55661660432815551758 0.45890986919403076172 0.46980956196784973145 0.64428889751434326172
2.3485329151153564453 1.9984966516494750977 2.0293920040130615234 1.5324953794479370117 0.7954756617546081543 1.3241589069366455078 1.3275904655456542969 1.5564169883728027344 1.9796830415725708008 1.9133988618850708008 1.5978071689605712891 2.6888720989227294922 3.8322062492370605469 2.8123984336853027344 0.62515097856521606445 2.8166992664337158203 3.3665180206298828125 2.2034158706665039062 2.0679268836975097656 2.2607469558715820312 1.8781791925430297852 0.4269059300422668457 1.4691010713577270508 3.7714960575103759766 3.2551057338714599609 2.1763830184936523438 1.5799757242202758789 1.2810354232788085938 1.1249380111694335938 0.59783118963241577148 0.41488096117973327637 0.97398495674133300781 1.6934369802474975586 1.2826071977615356445 0.98842066526412963867 0.62514662742614746094 1.0822956562042236328 1.3547699451446533203 0.94013446569442749023 0.67649251222610473633
1.8781806230545043945 1.7819646596908569336 1.7053427696228027344 1.6507662534713745117 1.4569985866546630859 1.3956114053726196289 0.90108913183212280273 1.5825331211090087891 1.9778954982757568359 1.8455640077590942383 2.1530172824859619141 2.3412082195281982422 1.7799795866012573242 1.888655543327331543 2.4747917652130126953 3.3636634349822998047 2.7485630512237548828 1.6424739360809326172 1.699404597282409668 1.6654131412506103516 1.1529392004013061523 0.87371766567230224609 1.2281873226165771484 2.5784678459167480469 2.8295991420745849609 2.2750210762023925781 1.6907478570938110352 1.2955718040466308594 1.7005976438522338867 1.369626164436340332 0.84903347492218017578 0.79802191257476806641 1.3287411928176879883 1.6979143619537353516 1.6304136514663696289 1.3427622318267822266 1.5248906612396240234 0.48674985766410827637 0.82729142904281616211 0.88466060161590576172
1.5008077621459960938 1.7254172563552856445 2.4084992408752441406 2.0121278762817382812 1.7379716634750366211 1.8447368144989013672 0.60372966527938842773 1.3045196533203125 1.9842767715454101562 2.5259578227996826172 2.07402801513671875 0.88236314058303833008 1.7524710893630981445 2.8073570728302001953 2.8312151432037353516 2.3950183391571044922 2.0022902488708496094 1.5525101423263549805 1.5088692903518676758 1.546300053596496582 1.2631258964538574219 1.1811338663101196289 1.1392523050308227539 1.7207100391387939453 2.2155442237854003906 2.6677231788635253906 2.3225405216217041016 1.0261068344116210938 0.88236314058303833008 1.3291177749633789062 1.3784637451171875 1.3736827373504638672 1.4967439174652099609 1.5936845541000366211 1.4129080772399902344 2.1431264877319335938 2.4912915229797363281 1.4064522981643676758 1.0186915397644042969 0.28814619779586791992
1.5920962095260620117 1.4003216028213500977 2.3225464820861816406 2.5853166580200195312 2.0063288211822509766 1.7405905723571777344 1.8257213830947875977 2.8122179508209228516 2.9022822380065917969 2.0294027328491210938 2.2098264694213867188 1.9477353096008300781 1.9099619388580322266 2.4815158843994140625 2.3055031299591064453 2.1222527027130126953 1.9604175090789794922 1.4848648309707641602 1.3618440628051757812 1.397063136100769043 1.5367833375930786133 1.4804241657257080078 0.95455467700958251953 1.4848692417144775391 1.4032100439071655273 1.7708595991134643555 2.40471649169921875 1.4639225006103515625 0.68095916509628295898 0.55570113658905029297 0.63638788461685180664 0.99098068475723266602 1.329113006591796875 1.8551342487335205078 1.6163861751556396484 1.3988690376281738281 1.9911502599716186523 0.97606039047241210938 0.39869931340217590332 0.3557516634464263916
1.625433802604675293 1.5394142866134643555 1.8982751369476318359 2.3605587482452392578 1.957309722900390625 2.5704102516174316406 3.3346974849700927734 2.7178554534912109375 2.4747860431671142578 2.1018986701965332031 2.4304502010345458984 2.1146075725555419922 1.6865522861480712891 2.4749853610992431641 2.4969575405120849609 1.9842774868011474609 1.802010655403137207 1.4909871816635131836 1.1777006387710571289 1.4405868053436279297 1.3740537166595458984 1.3769881725311279297 1.2473959922790527344 1.1669040918350219727 1.306071162223815918 1.8098560571670532227 2.6700005531311035156 2.1466703414916992188 1.9038600921630859375 1.0403193235397338867 0.21345822513103485107 0.56384229660034179688 1.2599207162857055664 2.2479593753814697266 3.3292438983917236328 3.2111752033233642578 2.6737811565399169922 1.5742000341415405273 0.39870220422744750977 1.3592437505722045898
0.93581432104110717773 1.660851597785949707 2.1682405471801757812 2.3799829483032226562 2.9995756149291992188 3.1538376808166503906 1.8665452003479003906 1.9635126590728759766 2.7441513538360595703 2.1006939411163330078 2.1731266975402832031 2.3950214385986328125 1.9383577108383178711 2.5591711997985839844 2.7526092529296875 2.0647389888763427734 1.7440807819366455078 1.2998559474945068359 1.4790632724761962891 1.7032796144485473633 1.2290074825286865234 1.4204145669937133789 1.4489828348159790039 1.272706151008605957 0.99911898374557495117 1.7828041315078735352 2.8317408561706542969 2.2836759090423583984 2.5733654499053955078 2.1064631938934326172 0.77484804391860961914 1.962490081787109375 2.7885663509368896484 3.30975341796875 3.6747624874114990234 3.7294678688049316406 3.446758270263671875 3.3882136344909667969 2.2407486438751220703 1.8045374155044555664
0.80307239294052124023 1.0422633886337280273 1.5593444108963012695 1.9969879388809204102 1.9696930646896362305 1.1472193002700805664 1.967638850212097168 2.4845671653747558594 1.7671329975128173828 2.0681726932525634766 2.4346036911010742188 2.5696203708648681641 2.5696241855621337891 2.6200966835021972656 2.6758618354797363281 2.3275494575500488281 1.9617068767547607422 1.6304109096527099609 2.1670689582824707031 2.1953692436218261719 2.0490002632141113281 2.4346094131469726562 1.8838235139846801758 1.602234959602355957 0.96615672111511230469 0.63955593109130859375 1.9155120849609375 1.9448696374893188477 2.6841630935668945312 3.1812911033630371094 2.3301556110382080078 2.6991903781890869141 2.5522463321685791016 2.3414144515991210938 2.7085454463958740234 3.7512154579162597656 4.1982493400573730469 4.6771807670593261719 3.9134261608123779297 2.3646268844604492188
0 0 0 0 0 0 0 0 0 0 0 0 0 0 0 0 0 0 0 0 0 0 0 0 0 0 0 0 0 0 0 0 0 0 0 0 0 0 0 0
