wildfire/work/fuelmodels/1993/ahn1.asc
ncols        235
nrows        197
xllcorner    186725.000000000000
yllcorner    455035.000000000000
cellsize     5.000000000000
NODATA_value   -999
[rows 0 to 17 of 197, columns 126 to 167 of 235]
47.06999969482421875 47.560001373291015625 47.450000762939453125 47.520000457763671875 47.56999969482421875 47.6699981689453125 47.6699981689453125 47.59999847412109375 47.700000762939453125 47.770000457763671875 47.740001678466796875 47.8300018310546875 47.8899993896484375 48.020000457763671875 48.0800018310546875 48 48.020000457763671875 47.990001678466796875 48.1100006103515625 48.049999237060546875 48.1100006103515625 48.1100006103515625 48.200000762939453125 48.1399993896484375 48.06999969482421875 48.020000457763671875 48.020000457763671875 48.159999847412109375 48.130001068115234375 48.18000030517578125 48.20999908447265625 48.189998626708984375 48.159999847412109375 48.090000152587890625 48.200000762939453125 48.299999237060546875 48.279998779296875 48.270000457763671875 48.119998931884765625 48.18000030517578125 48.049999237060546875 47.68000030517578125
47.590000152587890625 47.549999237060546875 47.380001068115234375 47.439998626708984375 47.529998779296875 47.560001373291015625 47.630001068115234375 47.880001068115234375 47.6699981689453125 47.6399993896484375 47.729999542236328125 47.770000457763671875 47.95999908447265625 47.909999847412109375 47.869998931884765625 47.90000152587890625 47.990001678466796875 48.090000152587890625 48.029998779296875 48.130001068115234375 48.130001068115234375 48.0800018310546875 48.1100006103515625 48 48.06999969482421875 48.09999847412109375 48.189998626708984375 48.049999237060546875 48.18000030517578125 48.15000152587890625 48.189998626708984375 48.029998779296875 48.18000030517578125 48.029998779296875 48.06999969482421875 48.189998626708984375 48.1399993896484375 48.189998626708984375 48.1100006103515625 48.0800018310546875 47.75 47.020000457763671875
47.20999908447265625 47.5 47.490001678466796875 47.529998779296875 47.560001373291015625 47.630001068115234375 47.65000152587890625 47.560001373291015625 47.619998931884765625 47.689998626708984375 47.729999542236328125 47.81999969482421875 47.75 47.84999847412109375 47.950000762939453125 47.95999908447265625 47.8899993896484375 47.990001678466796875 48.130001068115234375 48.020000457763671875 48.029998779296875 48.06999969482421875 48.020000457763671875 48.049999237060546875 48.090000152587890625 48.049999237060546875 48.060001373291015625 47.970001220703125 48.0800018310546875 48.1100006103515625 48.159999847412109375 48.04000091552734375 48.1399993896484375 48.25 48.049999237060546875 48.15000152587890625 48.240001678466796875 48.1399993896484375 48.020000457763671875 47.79000091552734375 47.229999542236328125 46.470001220703125
47.04000091552734375 47.40000152587890625 47.439998626708984375 47.479999542236328125 47.6100006103515625 47.479999542236328125 47.5800018310546875 47.740001678466796875 47.79000091552734375 47.6699981689453125 47.700000762939453125 47.729999542236328125 47.8300018310546875 47.8600006103515625 47.939998626708984375 47.979999542236328125 47.90000152587890625 47.95999908447265625 47.979999542236328125 48.04000091552734375 47.970001220703125 48 48.020000457763671875 48.020000457763671875 48.020000457763671875 48.18000030517578125 48 48.04000091552734375 48.029998779296875 48.049999237060546875 48.029998779296875 48.1100006103515625 48.229999542236328125 48.119998931884765625 48.1699981689453125 48.090000152587890625 48.159999847412109375 47.990001678466796875 47.369998931884765625 46.9199981689453125 46.25 46.20999908447265625
47.049999237060546875 47.3899993896484375 47.45999908447265625 47.45999908447265625 47.509998321533203125 47.529998779296875 47.590000152587890625 47.56999969482421875 47.529998779296875 47.700000762939453125 47.70999908447265625 47.84999847412109375 47.8300018310546875 47.810001373291015625 47.970001220703125 47.8600006103515625 47.939998626708984375 47.869998931884765625 47.8899993896484375 47.869998931884765625 47.970001220703125 47.95999908447265625 47.950000762939453125 47.990001678466796875 48.1100006103515625 47.979999542236328125 47.970001220703125 48.009998321533203125 48.009998321533203125 47.990001678466796875 48.119998931884765625 48.090000152587890625 48.119998931884765625 48.1100006103515625 48.090000152587890625 48.090000152587890625 47.869998931884765625 47.25 46.34999847412109375 46.029998779296875 46.060001373291015625 46.020000457763671875
47.20999908447265625 47.31999969482421875 47.380001068115234375 47.439998626708984375 47.520000457763671875 47.490001678466796875 47.3899993896484375 47.439998626708984375 47.5 47.619998931884765625 47.75 47.799999237060546875 47.729999542236328125 47.8300018310546875 47.810001373291015625 47.84999847412109375 47.970001220703125 47.84999847412109375 47.81999969482421875 47.81999969482421875 47.880001068115234375 47.8600006103515625 47.95999908447265625 47.90000152587890625 47.909999847412109375 48.25 47.979999542236328125 48.009998321533203125 47.990001678466796875 47.909999847412109375 47.95999908447265625 47.990001678466796875 47.970001220703125 48 47.970001220703125 47.6399993896484375 46.8600006103515625 46.3600006103515625 46.020000457763671875 45.95999908447265625 45.909999847412109375 45.979999542236328125
47.15000152587890625 47.31999969482421875 47.380001068115234375 47.40000152587890625 47.45999908447265625 47.520000457763671875 47.56999969482421875 47.619998931884765625 47.6399993896484375 47.6100006103515625 47.729999542236328125 47.740001678466796875 47.799999237060546875 47.810001373291015625 47.950000762939453125 47.950000762939453125 47.909999847412109375 47.869998931884765625 47.8899993896484375 47.81999969482421875 47.950000762939453125 47.939998626708984375 47.95999908447265625 47.869998931884765625 47.8600006103515625 47.9199981689453125 48 48 47.9199981689453125 47.979999542236328125 47.779998779296875 47.880001068115234375 47.840000152587890625 47.70999908447265625 47.279998779296875 46.439998626708984375 45.95999908447265625 45.909999847412109375 45.880001068115234375 46 45.970001220703125 45.939998626708984375
47.119998931884765625 47.310001373291015625 47.3300018310546875 47.439998626708984375 47.5 47.549999237060546875 47.6100006103515625 47.590000152587890625 47.659999847412109375 47.70999908447265625 47.779998779296875 47.779998779296875 47.770000457763671875 47.759998321533203125 47.909999847412109375 47.95999908447265625 47.93000030517578125 47.93000030517578125 47.90000152587890625 47.810001373291015625 47.93000030517578125 47.93000030517578125 48.009998321533203125 48 47.990001678466796875 47.970001220703125 47.990001678466796875 47.979999542236328125 47.840000152587890625 47.79000091552734375 47.779998779296875 47.720001220703125 47.060001373291015625 46.68000030517578125 46.25 46 45.970001220703125 45.840000152587890625 45.90000152587890625 45.950000762939453125 45.909999847412109375 45.8600006103515625
47.049999237060546875 47.31999969482421875 47.3300018310546875 47.40000152587890625 47.4199981689453125 47.520000457763671875 47.56999969482421875 47.6399993896484375 47.700000762939453125 47.770000457763671875 47.700000762939453125 47.70999908447265625 47.779998779296875 47.770000457763671875 47.81999969482421875 47.810001373291015625 47.8300018310546875 47.8899993896484375 47.8600006103515625 47.939998626708984375 47.81999969482421875 47.84999847412109375 47.950000762939453125 47.95999908447265625 47.93000030517578125 47.9199981689453125 47.9199981689453125 47.90000152587890625 47.8600006103515625 47.729999542236328125 47.3600006103515625 46.970001220703125 46.060001373291015625 45.970001220703125 45.90000152587890625 45.840000152587890625 45.759998321533203125 45.740001678466796875 45.8899993896484375 45.90000152587890625 45.8600006103515625 45.720001220703125
47.04000091552734375 47.130001068115234375 47.45999908447265625 47.369998931884765625 47.409999847412109375 47.59999847412109375 47.479999542236328125 47.590000152587890625 47.6399993896484375 47.740001678466796875 47.659999847412109375 47.630001068115234375 47.720001220703125 47.779998779296875 47.799999237060546875 47.869998931884765625 47.799999237060546875 47.799999237060546875 47.840000152587890625 47.840000152587890625 47.869998931884765625 47.79000091552734375 47.93000030517578125 47.979999542236328125 47.8600006103515625 47.869998931884765625 47.81999969482421875 47.729999542236328125 47.659999847412109375 47.34999847412109375 46.340000152587890625 45.90000152587890625 45.909999847412109375 45.970001220703125 45.979999542236328125 45.720001220703125 45.6399993896484375 45.68000030517578125 45.970001220703125 46 45.909999847412109375 45.8600006103515625
46.759998321533203125 47.090000152587890625 47.529998779296875 47.3600006103515625 47.3899993896484375 47.470001220703125 47.509998321533203125 47.520000457763671875 47.560001373291015625 47.479999542236328125 47.6699981689453125 47.700000762939453125 47.759998321533203125 47.700000762939453125 47.75 47.8899993896484375 47.779998779296875 47.79000091552734375 47.990001678466796875 47.8300018310546875 47.8600006103515625 47.9199981689453125 47.84999847412109375 47.810001373291015625 47.799999237060546875 47.79000091552734375 47.6699981689453125 47.659999847412109375 47.369998931884765625 46.6699981689453125 45.8899993896484375 45.740001678466796875 45.79000091552734375 45.970001220703125 46.020000457763671875 45.799999237060546875 45.729999542236328125 45.8300018310546875 46.049999237060546875 46.119998931884765625 46.15000152587890625 46.04000091552734375
46.630001068115234375 46.990001678466796875 47.40000152587890625 47.409999847412109375 47.3899993896484375 47.4199981689453125 47.409999847412109375 47.450000762939453125 47.6100006103515625 47.590000152587890625 47.5800018310546875 47.6699981689453125 47.689998626708984375 47.68000030517578125 47.729999542236328125 47.770000457763671875 47.840000152587890625 47.8300018310546875 47.90000152587890625 47.779998779296875 47.770000457763671875 47.779998779296875 47.799999237060546875 47.81999969482421875 47.79000091552734375 47.68000030517578125 47.59999847412109375 47.43000030517578125 46.490001678466796875 45.8300018310546875 45.720001220703125 45.68000030517578125 45.779998779296875 45.880001068115234375 45.95999908447265625 45.8899993896484375 45.970001220703125 45.90000152587890625 46.130001068115234375 46.1100006103515625 46.090000152587890625 45.8899993896484375
46.409999847412109375 46.68000030517578125 47.299999237060546875 47.3300018310546875 47.45999908447265625 47.34999847412109375 47.40000152587890625 47.45999908447265625 47.4199981689453125 47.56999969482421875 47.560001373291015625 47.619998931884765625 47.740001678466796875 47.68000030517578125 47.759998321533203125 47.659999847412109375 47.79000091552734375 47.84999847412109375 47.8300018310546875 47.770000457763671875 47.810001373291015625 47.8899993896484375 47.840000152587890625 47.8300018310546875 47.779998779296875 47.740001678466796875 47.54000091552734375 46.40000152587890625 45.8899993896484375 45.6399993896484375 45.630001068115234375 45.68000030517578125 45.659999847412109375 45.770000457763671875 45.939998626708984375 45.970001220703125 45.84999847412109375 45.979999542236328125 46.020000457763671875 46.200000762939453125 46.240001678466796875 46.220001220703125
46.29000091552734375 46.200000762939453125 46.229999542236328125 46.56999969482421875 47.3899993896484375 47.34999847412109375 47.380001068115234375 47.470001220703125 47.590000152587890625 47.6100006103515625 47.590000152587890625 47.689998626708984375 47.479999542236328125 47.54000091552734375 47.68000030517578125 47.740001678466796875 47.6699981689453125 47.720001220703125 47.720001220703125 47.8300018310546875 47.909999847412109375 47.8300018310546875 47.79000091552734375 47.720001220703125 47.759998321533203125 47.6399993896484375 46.56999969482421875 45.779998779296875 45.65000152587890625 45.560001373291015625 45.700000762939453125 45.520000457763671875 45.56999969482421875 45.720001220703125 45.799999237060546875 45.840000152587890625 46.09999847412109375 46.3300018310546875 46.130001068115234375 46.1100006103515625 46.240001678466796875 46.25
46.299999237060546875 46.029998779296875 46.1100006103515625 46.279998779296875 47.279998779296875 47.31999969482421875 47.490001678466796875 47.479999542236328125 47.45999908447265625 47.5 47.549999237060546875 47.630001068115234375 47.520000457763671875 47.6100006103515625 47.700000762939453125 47.6699981689453125 47.65000152587890625 47.740001678466796875 47.70999908447265625 47.70999908447265625 47.759998321533203125 47.770000457763671875 47.770000457763671875 47.799999237060546875 47.759998321533203125 47.229999542236328125 46.1100006103515625 45.619998931884765625 45.3300018310546875 45.3300018310546875 45.439998626708984375 45.470001220703125 45.549999237060546875 45.720001220703125 45.869998931884765625 45.90000152587890625 46.229999542236328125 46.380001068115234375 46.3600006103515625 46.060001373291015625 46.130001068115234375 46.009998321533203125
46.310001373291015625 45.90000152587890625 45.9199981689453125 46.049999237060546875 47.1399993896484375 47.340000152587890625 47.479999542236328125 47.520000457763671875 47.54000091552734375 47.54000091552734375 47.59999847412109375 47.54000091552734375 47.470001220703125 47.509998321533203125 47.6699981689453125 47.549999237060546875 47.09999847412109375 46.840000152587890625 47.340000152587890625 47.720001220703125 47.6100006103515625 47.6699981689453125 47.700000762939453125 47.619998931884765625 47.6100006103515625 46.590000152587890625 45.68000030517578125 45.340000152587890625 45.3300018310546875 45.29000091552734375 45.31999969482421875 45.4199981689453125 45.6399993896484375 45.8899993896484375 45.95999908447265625 45.990001678466796875 46.20999908447265625 46.4199981689453125 46.380001068115234375 46.220001220703125 46.1699981689453125 45.950000762939453125
46.279998779296875 45.59999847412109375 45.619998931884765625 45.869998931884765625 46.1699981689453125 46.84999847412109375 47.380001068115234375 47.5 47.54000091552734375 47.490001678466796875 47.25 47.090000152587890625 46.8600006103515625 46.759998321533203125 47.25 46.549999237060546875 46.29000091552734375 46.299999237060546875 46.65000152587890625 47.439998626708984375 47.5800018310546875 47.70999908447265625 47.700000762939453125 47.6699981689453125 46.8600006103515625 45.9199981689453125 45.5 45.4199981689453125 45.220001220703125 45.340000152587890625 45.450000762939453125 45.560001373291015625 45.6699981689453125 46.04000091552734375 45.990001678466796875 46.04000091552734375 46.130001068115234375 46.18000030517578125 46.15000152587890625 46.090000152587890625 46.0800018310546875 45.90000152587890625
46.240001678466796875 45.380001068115234375 45.34999847412109375 45.56999969482421875 45.689998626708984375 46.189998626708984375 46.93000030517578125 47.3899993896484375 47.34999847412109375 46.549999237060546875 45.979999542236328125 45.810001373291015625 45.81999969482421875 45.84999847412109375 45.8300018310546875 45.84999847412109375 45.810001373291015625 45.95999908447265625 46.009998321533203125 46.659999847412109375 47.560001373291015625 47.590000152587890625 47.43000030517578125 46.4199981689453125 45.700000762939453125 45.520000457763671875 45.439998626708984375 45.4199981689453125 45.380001068115234375 45.45999908447265625 45.6699981689453125 45.740001678466796875 45.880001068115234375 45.950000762939453125 45.8899993896484375 46.009998321533203125 46.15000152587890625 46.09999847412109375 45.979999542236328125 45.909999847412109375 45.90000152587890625 45.8600006103515625
