wildfire/work/fuelmodels/1993/ahn1.asc
ncols        235
nrows        197
xllcorner    186725.000000000000
yllcorner    455035.000000000000
cellsize     5.000000000000
NODATA_value   -999
[rows 108 to 125 of 197, columns 168 to 209 of 235]
45.6699981689453125 45.659999847412109375 45.689998626708984375 45.70999908447265625 45.689998626708984375 45.68000030517578125 45.729999542236328125 45.65000152587890625 45.630001068115234375 45.65000152587890625 45.56999969482421875 45.450000762939453125 45.3600006103515625 45.310001373291015625 45.31999969482421875 45.31999969482421875 45.29000091552734375 45.049999237060546875 45.06999969482421875 45.049999237060546875 45.009998321533203125 45.06999969482421875 45.3899993896484375 45.68000030517578125 45.9199981689453125 46.029998779296875 46.029998779296875 46.0800018310546875 46.119998931884765625 46.159999847412109375 46.159999847412109375 46.200000762939453125 46.29000091552734375 46.259998321533203125 46.220001220703125 46.340000152587890625 46.479999542236328125 46.470001220703125 46.450000762939453125 46.409999847412109375 46.3600006103515625 46.31999969482421875
45.68000030517578125 45.590000152587890625 45.6699981689453125 45.68000030517578125 45.700000762939453125 45.700000762939453125 45.70999908447265625 45.68000030517578125 45.68000030517578125 45.560001373291015625 45.529998779296875 45.34999847412109375 45.270000457763671875 45.299999237060546875 45.31999969482421875 45.240001678466796875 45.200000762939453125 45.06999969482421875 45.029998779296875 45.020000457763671875 45.09999847412109375 45.25 45.520000457763671875 45.759998321533203125 46.060001373291015625 46.04000091552734375 46.09999847412109375 46.130001068115234375 46.159999847412109375 46.15000152587890625 46.189998626708984375 46.20999908447265625 46.279998779296875 46.310001373291015625 46.34999847412109375 46.34999847412109375 46.409999847412109375 46.479999542236328125 46.4199981689453125 46.3899993896484375 46.340000152587890625 46.3300018310546875
45.5800018310546875 45.549999237060546875 45.6399993896484375 45.6399993896484375 45.6399993896484375 45.70999908447265625 45.70999908447265625 45.65000152587890625 45.720001220703125 45.59999847412109375 45.490001678466796875 45.279998779296875 45.270000457763671875 45.25 45.200000762939453125 45.159999847412109375 45.0800018310546875 45.029998779296875 45.009998321533203125 45.04000091552734375 45.299999237060546875 45.490001678466796875 45.520000457763671875 45.880001068115234375 46.049999237060546875 46.029998779296875 46.1699981689453125 46.09999847412109375 46.1399993896484375 46.159999847412109375 46.20999908447265625 46.229999542236328125 46.279998779296875 46.31999969482421875 46.43000030517578125 46.479999542236328125 46.31999969482421875 46.3600006103515625 46.43000030517578125 46.450000762939453125 46.450000762939453125 46.380001068115234375
45.65000152587890625 45.59999847412109375 45.59999847412109375 45.590000152587890625 45.5800018310546875 45.590000152587890625 45.65000152587890625 45.659999847412109375 45.5800018310546875 45.45999908447265625 45.310001373291015625 45.220001220703125 45.060001373291015625 44.95999908447265625 44.970001220703125 45.020000457763671875 44.970001220703125 44.880001068115234375 45.0800018310546875 45.1399993896484375 45.3899993896484375 45.549999237060546875 45.68000030517578125 45.939998626708984375 46 46.090000152587890625 46.159999847412109375 46.18000030517578125 46.200000762939453125 46.159999847412109375 46.220001220703125 46.259998321533203125 46.310001373291015625 46.380001068115234375 46.409999847412109375 46.450000762939453125 46.439998626708984375 46.450000762939453125 46.529998779296875 46.490001678466796875 46.490001678466796875 46.470001220703125
45.65000152587890625 45.6699981689453125 45.59999847412109375 45.529998779296875 45.529998779296875 45.5800018310546875 45.65000152587890625 45.529998779296875 45.470001220703125 45.270000457763671875 45.200000762939453125 44.990001678466796875 44.950000762939453125 44.93000030517578125 44.95999908447265625 45.029998779296875 44.939998626708984375 44.81999969482421875 44.950000762939453125 45.200000762939453125 45.409999847412109375 45.56999969482421875 45.779998779296875 46.04000091552734375 46.090000152587890625 46.119998931884765625 46.1699981689453125 46.18000030517578125 46.1699981689453125 46.189998626708984375 46.259998321533203125 46.29000091552734375 46.369998931884765625 46.40000152587890625 46.470001220703125 46.490001678466796875 46.5800018310546875 46.439998626708984375 46.490001678466796875 46.470001220703125 46.470001220703125 46.5
45.659999847412109375 45.59999847412109375 45.45999908447265625 45.509998321533203125 45.529998779296875 45.56999969482421875 45.529998779296875 45.68000030517578125 45.479999542236328125 45.020000457763671875 44.909999847412109375 44.840000152587890625 44.8600006103515625 44.90000152587890625 44.8899993896484375 45 44.95999908447265625 44.950000762939453125 45.049999237060546875 45.1699981689453125 45.369998931884765625 45.689998626708984375 45.93000030517578125 46.020000457763671875 46.090000152587890625 46.18000030517578125 46.229999542236328125 46.240001678466796875 46.1100006103515625 46.220001220703125 46.25 46.279998779296875 46.310001373291015625 46.3600006103515625 46.470001220703125 46.6100006103515625 46.590000152587890625 46.54000091552734375 46.470001220703125 46.520000457763671875 46.6100006103515625 46.619998931884765625
45.529998779296875 45.520000457763671875 45.520000457763671875 45.54000091552734375 45.520000457763671875 45.479999542236328125 45.529998779296875 45.45999908447265625 45.119998931884765625 44.869998931884765625 44.81999969482421875 44.81999969482421875 44.93000030517578125 44.840000152587890625 44.8300018310546875 44.8600006103515625 44.8899993896484375 45.049999237060546875 45.1399993896484375 45.40000152587890625 45.409999847412109375 45.740001678466796875 45.950000762939453125 46.060001373291015625 46.0800018310546875 46.159999847412109375 46.20999908447265625 46.220001220703125 46.270000457763671875 46.240001678466796875 46.20999908447265625 46.279998779296875 46.31999969482421875 46.3899993896484375 46.5 46.590000152587890625 46.549999237060546875 46.590000152587890625 46.590000152587890625 46.619998931884765625 46.729999542236328125 46.70999908447265625
45.68000030517578125 45.5 45.529998779296875 45.560001373291015625 45.490001678466796875 45.380001068115234375 45.340000152587890625 45.04000091552734375 44.810001373291015625 44.810001373291015625 44.79000091552734375 44.770000457763671875 44.799999237060546875 44.770000457763671875 44.659999847412109375 44.779998779296875 45.0800018310546875 45.34999847412109375 45.43000030517578125 45.43000030517578125 45.509998321533203125 45.869998931884765625 45.95999908447265625 45.990001678466796875 46.049999237060546875 46.1100006103515625 46.15000152587890625 46.229999542236328125 46.3300018310546875 46.279998779296875 46.31999969482421875 46.259998321533203125 46.340000152587890625 46.45999908447265625 46.549999237060546875 46.590000152587890625 46.520000457763671875 46.470001220703125 46.54000091552734375 46.68000030517578125 46.700000762939453125 46.75
45.5 45.409999847412109375 45.409999847412109375 45.54000091552734375 45.310001373291015625 45.04000091552734375 44.909999847412109375 44.79000091552734375 44.740001678466796875 44.6699981689453125 44.759998321533203125 44.68000030517578125 44.770000457763671875 44.75 44.970001220703125 45.220001220703125 45.380001068115234375 45.520000457763671875 45.619998931884765625 45.490001678466796875 45.619998931884765625 45.8899993896484375 45.979999542236328125 46.04000091552734375 46.09999847412109375 46.15000152587890625 46.1699981689453125 46.240001678466796875 46.25 46.3899993896484375 46.3600006103515625 46.369998931884765625 46.40000152587890625 46.5 46.56999969482421875 46.590000152587890625 46.590000152587890625 46.590000152587890625 46.740001678466796875 46.8600006103515625 46.840000152587890625 46.79000091552734375
45.40000152587890625 45.56999969482421875 45.450000762939453125 45.4199981689453125 44.950000762939453125 44.81999969482421875 44.75 44.740001678466796875 44.590000152587890625 44.799999237060546875 44.759998321533203125 44.6699981689453125 44.70999908447265625 44.68000030517578125 45.200000762939453125 45.29000091552734375 45.380001068115234375 45.5800018310546875 45.779998779296875 45.700000762939453125 45.75 45.970001220703125 46 46.090000152587890625 46.09999847412109375 46.15000152587890625 46.229999542236328125 46.31999969482421875 46.3600006103515625 46.4199981689453125 46.45999908447265625 46.509998321533203125 46.5 46.509998321533203125 46.549999237060546875 46.5800018310546875 46.689998626708984375 46.689998626708984375 46.720001220703125 46.8600006103515625 46.8600006103515625 46.9199981689453125
45.34999847412109375 45.369998931884765625 45.25 44.840000152587890625 44.6399993896484375 44.700000762939453125 44.759998321533203125 44.689998626708984375 44.720001220703125 44.56999969482421875 44.68000030517578125 44.6699981689453125 44.68000030517578125 45.189998626708984375 45.279998779296875 45.3600006103515625 45.43000030517578125 45.54000091552734375 45.659999847412109375 45.70999908447265625 45.81999969482421875 45.970001220703125 46.049999237060546875 46.06999969482421875 46.119998931884765625 46.15000152587890625 46.270000457763671875 46.34999847412109375 46.3600006103515625 46.5 46.439998626708984375 46.5800018310546875 46.6399993896484375 46.59999847412109375 46.529998779296875 46.59999847412109375 46.720001220703125 46.729999542236328125 46.880001068115234375 46.869998931884765625 46.909999847412109375 46.909999847412109375
45.20999908447265625 44.970001220703125 44.869998931884765625 44.59999847412109375 44.549999237060546875 44.720001220703125 44.720001220703125 44.770000457763671875 44.779998779296875 45.119998931884765625 44.979999542236328125 45.0800018310546875 45.29000091552734375 45.200000762939453125 45.25 45.3600006103515625 45.470001220703125 45.549999237060546875 45.65000152587890625 45.75 45.8600006103515625 45.979999542236328125 46.119998931884765625 46.119998931884765625 46.159999847412109375 46.200000762939453125 46.18000030517578125 46.34999847412109375 46.409999847412109375 46.439998626708984375 46.470001220703125 46.630001068115234375 46.6399993896484375 46.619998931884765625 46.65000152587890625 46.689998626708984375 46.799999237060546875 46.75 46.81999969482421875 46.950000762939453125 46.9199981689453125 46.970001220703125
45.189998626708984375 44.979999542236328125 44.529998779296875 44.59999847412109375 44.659999847412109375 44.689998626708984375 44.700000762939453125 44.68000030517578125 44.810001373291015625 45.1699981689453125 45.1699981689453125 45.1699981689453125 45.479999542236328125 45.20999908447265625 45.29000091552734375 45.340000152587890625 45.43000030517578125 45.54000091552734375 45.68000030517578125 45.869998931884765625 45.90000152587890625 46.020000457763671875 46.049999237060546875 46.130001068115234375 46.270000457763671875 46.259998321533203125 46.229999542236328125 46.409999847412109375 46.439998626708984375 46.509998321533203125 46.59999847412109375 46.65000152587890625 46.68000030517578125 46.70999908447265625 46.770000457763671875 46.8300018310546875 46.90000152587890625 46.880001068115234375 46.970001220703125 47.029998779296875 46.970001220703125 47.090000152587890625
45.18000030517578125 45.279998779296875 44.630001068115234375 44.56999969482421875 44.560001373291015625 44.68000030517578125 44.659999847412109375 44.779998779296875 45.06999969482421875 45.279998779296875 45.1399993896484375 45.1100006103515625 45.189998626708984375 45.130001068115234375 45.31999969482421875 45.279998779296875 45.490001678466796875 45.590000152587890625 45.79000091552734375 45.950000762939453125 45.950000762939453125 45.979999542236328125 46.130001068115234375 46.1399993896484375 46.259998321533203125 46.340000152587890625 46.34999847412109375 46.3600006103515625 46.549999237060546875 46.630001068115234375 46.799999237060546875 46.689998626708984375 46.700000762939453125 46.770000457763671875 46.740001678466796875 46.9199981689453125 46.950000762939453125 47 47.090000152587890625 46.979999542236328125 47.04000091552734375 47.060001373291015625
45.1100006103515625 45.380001068115234375 45.15000152587890625 44.75 44.56999969482421875 44.45999908447265625 44.549999237060546875 44.659999847412109375 45.029998779296875 45.06999969482421875 45.090000152587890625 45.06999969482421875 45.159999847412109375 45.200000762939453125 45.200000762939453125 45.299999237060546875 45.56999969482421875 45.720001220703125 45.8600006103515625 45.880001068115234375 45.990001678466796875 46.049999237060546875 46.130001068115234375 46.220001220703125 46.3600006103515625 46.369998931884765625 46.43000030517578125 46.479999542236328125 46.520000457763671875 46.5800018310546875 46.70999908447265625 46.799999237060546875 46.700000762939453125 46.79000091552734375 46.869998931884765625 46.93000030517578125 47.04000091552734375 47.049999237060546875 47.06999969482421875 47.009998321533203125 47.0800018310546875 47.090000152587890625
45.130001068115234375 45.15000152587890625 45.15000152587890625 44.990001678466796875 44.590000152587890625 44.529998779296875 44.470001220703125 44.630001068115234375 44.979999542236328125 44.880001068115234375 45 45.06999969482421875 45.18000030517578125 45.09999847412109375 45.20999908447265625 45.40000152587890625 45.56999969482421875 45.799999237060546875 45.810001373291015625 45.81999969482421875 45.84999847412109375 45.799999237060546875 46.09999847412109375 46.240001678466796875 46.310001373291015625 46.3899993896484375 46.439998626708984375 46.54000091552734375 46.509998321533203125 46.59999847412109375 46.659999847412109375 46.75 46.810001373291015625 46.8600006103515625 46.970001220703125 46.979999542236328125 47.049999237060546875 47.020000457763671875 47.049999237060546875 47.0800018310546875 47.09999847412109375 47.04000091552734375
45.060001373291015625 45.200000762939453125 45.090000152587890625 44.93000030517578125 44.6100006103515625 44.450000762939453125 44.439998626708984375 44.720001220703125 44.810001373291015625 44.869998931884765625 45.049999237060546875 45.25 45.1399993896484375 45.20999908447265625 45.29000091552734375 45.40000152587890625 45.6699981689453125 45.689998626708984375 45.729999542236328125 45.779998779296875 45.740001678466796875 45.90000152587890625 46.119998931884765625 46.259998321533203125 46.310001373291015625 46.43000030517578125 46.470001220703125 46.470001220703125 46.529998779296875 46.630001068115234375 46.68000030517578125 46.909999847412109375 46.9199981689453125 46.95999908447265625 47 47.029998779296875 47.119998931884765625 47.090000152587890625 47.189998626708984375 47.25 47.130001068115234375 47.15000152587890625
45.009998321533203125 44.979999542236328125 45.060001373291015625 44.8300018310546875 44.5 44.479999542236328125 44.40000152587890625 44.590000152587890625 44.799999237060546875 44.869998931884765625 45.029998779296875 45.130001068115234375 45.1699981689453125 45.279998779296875 45.3899993896484375 45.54000091552734375 45.659999847412109375 45.6399993896484375 45.6699981689453125 45.70999908447265625 45.590000152587890625 45.8899993896484375 46.049999237060546875 46.220001220703125 46.3300018310546875 46.369998931884765625 46.520000457763671875 46.450000762939453125 46.590000152587890625 46.68000030517578125 46.75 46.8899993896484375 47.009998321533203125 46.939998626708984375 46.979999542236328125 47.06999969482421875 47.1100006103515625 47.20999908447265625 47.220001220703125 47.189998626708984375 47.1100006103515625 47.130001068115234375
