wildfire/work/fuelmodels/1993/ahn1.asc
ncols        235
nrows        197
xllcorner    186725.000000000000
yllcorner    455035.000000000000
cellsize     5.000000000000
NODATA_value   -999
[rows 72 to 89 of 197, columns 126 to 167 of 235]
46.45999908447265625 46.56999969482421875 46.31999969482421875 46.09999847412109375 46.20999908447265625 46.1699981689453125 46.479999542236328125 46.259998321533203125 46.240001678466796875 46.340000152587890625 46.369998931884765625 46.479999542236328125 46.479999542236328125 46.45999908447265625 46.56999969482421875 46.65000152587890625 46.68000030517578125 46.59999847412109375 46.630001068115234375 46.630001068115234375 46.590000152587890625 46.630001068115234375 46.630001068115234375 46.54000091552734375 46.409999847412109375 46.3899993896484375 46.450000762939453125 46.560001373291015625 46.520000457763671875 46.470001220703125 46.439998626708984375 46.450000762939453125 46.54000091552734375 46.5 46.54000091552734375 46.6100006103515625 46.560001373291015625 46.509998321533203125 46.59999847412109375 46.630001068115234375 46.6399993896484375 46.630001068115234375
46.45999908447265625 46.590000152587890625 46.380001068115234375 46.159999847412109375 46.15000152587890625 46.159999847412109375 46.119998931884765625 46.159999847412109375 46.229999542236328125 46.409999847412109375 46.5 46.520000457763671875 46.59999847412109375 46.509998321533203125 46.630001068115234375 46.68000030517578125 46.6699981689453125 46.6399993896484375 46.6100006103515625 46.6699981689453125 46.6399993896484375 46.659999847412109375 46.630001068115234375 46.450000762939453125 46.409999847412109375 46.409999847412109375 46.450000762939453125 46.5 46.439998626708984375 46.380001068115234375 46.369998931884765625 46.40000152587890625 46.43000030517578125 46.479999542236328125 46.479999542236328125 46.549999237060546875 46.560001373291015625 46.450000762939453125 46.590000152587890625 46.6399993896484375 46.65000152587890625 46.6399993896484375
46.5 46.40000152587890625 46.4199981689453125 46.380001068115234375 46.299999237060546875 46.3300018310546875 46.1699981689453125 46.3600006103515625 46.310001373291015625 46.409999847412109375 46.439998626708984375 46.549999237060546875 46.6699981689453125 46.59999847412109375 46.54000091552734375 46.6100006103515625 46.630001068115234375 46.6399993896484375 46.630001068115234375 46.619998931884765625 46.450000762939453125 46.3899993896484375 46.450000762939453125 46.439998626708984375 46.40000152587890625 46.43000030517578125 46.439998626708984375 46.369998931884765625 46.409999847412109375 46.4199981689453125 46.490001678466796875 46.45999908447265625 46.509998321533203125 46.450000762939453125 46.439998626708984375 46.470001220703125 46.56999969482421875 46.520000457763671875 46.56999969482421875 46.619998931884765625 46.630001068115234375 46.6399993896484375
46.5 46.5800018310546875 46.479999542236328125 46.54000091552734375 46.439998626708984375 46.470001220703125 46.200000762939453125 46.40000152587890625 46.3899993896484375 46.450000762939453125 46.43000030517578125 46.439998626708984375 46.470001220703125 46.56999969482421875 46.439998626708984375 46.549999237060546875 46.59999847412109375 46.529998779296875 46.439998626708984375 46.439998626708984375 46.43000030517578125 46.43000030517578125 46.490001678466796875 46.470001220703125 46.3600006103515625 46.3300018310546875 46.29000091552734375 46.229999542236328125 46.310001373291015625 46.40000152587890625 46.43000030517578125 46.3899993896484375 46.45999908447265625 46.439998626708984375 46.409999847412109375 46.43000030517578125 46.54000091552734375 46.5 46.509998321533203125 46.6100006103515625 46.590000152587890625 46.6100006103515625
46.549999237060546875 46.529998779296875 46.490001678466796875 46.4199981689453125 46.5 46.45999908447265625 46.310001373291015625 46.470001220703125 46.4199981689453125 46.369998931884765625 46.34999847412109375 46.3300018310546875 46.4199981689453125 46.54000091552734375 46.43000030517578125 46.31999969482421875 46.450000762939453125 46.4199981689453125 46.439998626708984375 46.439998626708984375 46.409999847412109375 46.369998931884765625 46.3899993896484375 46.3899993896484375 46.439998626708984375 46.439998626708984375 46.310001373291015625 46.229999542236328125 46.229999542236328125 46.34999847412109375 46.3899993896484375 46.340000152587890625 46.409999847412109375 46.490001678466796875 46.43000030517578125 46.43000030517578125 46.5 46.45999908447265625 46.43000030517578125 46.590000152587890625 46.560001373291015625 46.59999847412109375
46.450000762939453125 46.450000762939453125 46.43000030517578125 46.470001220703125 46.470001220703125 46.520000457763671875 46.31999969482421875 46.189998626708984375 46.5 46.34999847412109375 46.310001373291015625 46.409999847412109375 46.45999908447265625 46.439998626708984375 46.380001068115234375 46.3600006103515625 46.340000152587890625 46.40000152587890625 46.4199981689453125 46.3899993896484375 46.34999847412109375 46.40000152587890625 46.40000152587890625 46.4199981689453125 46.43000030517578125 46.4199981689453125 46.369998931884765625 46.299999237060546875 46.270000457763671875 46.3300018310546875 46.369998931884765625 46.31999969482421875 46.34999847412109375 46.520000457763671875 46.4199981689453125 46.409999847412109375 46.439998626708984375 46.409999847412109375 46.3899993896484375 46.520000457763671875 46.549999237060546875 46.5
46.479999542236328125 46.3899993896484375 46.43000030517578125 46.439998626708984375 46.45999908447265625 46.4199981689453125 46.340000152587890625 46.369998931884765625 46.5 46.409999847412109375 46.3899993896484375 46.43000030517578125 46.40000152587890625 46.240001678466796875 46.220001220703125 46.259998321533203125 46.259998321533203125 46.34999847412109375 46.380001068115234375 46.340000152587890625 46.34999847412109375 46.3300018310546875 46.34999847412109375 46.3300018310546875 46.3600006103515625 46.369998931884765625 46.31999969482421875 46.240001678466796875 46.220001220703125 46.240001678466796875 46.20999908447265625 46.3600006103515625 46.34999847412109375 46.380001068115234375 46.43000030517578125 46.3600006103515625 46.380001068115234375 46.40000152587890625 46.3600006103515625 46.409999847412109375 46.509998321533203125 46.520000457763671875
46.45999908447265625 46.450000762939453125 46.470001220703125 46.520000457763671875 46.5 46.439998626708984375 46.259998321533203125 46.340000152587890625 46.5 46.45999908447265625 46.34999847412109375 46.3300018310546875 46.25 46.189998626708984375 46.229999542236328125 46.270000457763671875 46.240001678466796875 46.299999237060546875 46.270000457763671875 46.29000091552734375 46.259998321533203125 46.18000030517578125 46.200000762939453125 46.200000762939453125 46.220001220703125 46.259998321533203125 46.270000457763671875 46.200000762939453125 46.25 46.29000091552734375 46.299999237060546875 46.270000457763671875 46.25 46.25 46.200000762939453125 46.29000091552734375 46.310001373291015625 46.34999847412109375 46.3300018310546875 46.3300018310546875 46.4199981689453125 46.450000762939453125
46.279998779296875 46.43000030517578125 46.4199981689453125 46.45999908447265625 46.340000152587890625 46.34999847412109375 46.3600006103515625 46.240001678466796875 46.549999237060546875 46.439998626708984375 46.240001678466796875 46.18000030517578125 46.20999908447265625 46.159999847412109375 46.220001220703125 46.229999542236328125 46.240001678466796875 46.259998321533203125 46.229999542236328125 46.240001678466796875 46.200000762939453125 46.18000030517578125 46.18000030517578125 46.1699981689453125 46.18000030517578125 46.189998626708984375 46.20999908447265625 46.20999908447265625 46.270000457763671875 46.279998779296875 46.29000091552734375 46.259998321533203125 46.259998321533203125 46.189998626708984375 46.18000030517578125 46.25 46.29000091552734375 46.299999237060546875 46.310001373291015625 46.299999237060546875 46.380001068115234375 46.409999847412109375
46.450000762939453125 46.479999542236328125 46.4199981689453125 46.450000762939453125 46.479999542236328125 46.3899993896484375 46.490001678466796875 46.1399993896484375 46.450000762939453125 46.31999969482421875 46.119998931884765625 46.119998931884765625 46.1399993896484375 46.119998931884765625 46.20999908447265625 46.220001220703125 46.130001068115234375 46.130001068115234375 46.229999542236328125 46.189998626708984375 46.189998626708984375 46.189998626708984375 46.1699981689453125 46.189998626708984375 46.200000762939453125 46.159999847412109375 46.240001678466796875 46.270000457763671875 46.279998779296875 46.259998321533203125 46.25 46.270000457763671875 46.220001220703125 46.229999542236328125 46.240001678466796875 46.20999908447265625 46.259998321533203125 46.259998321533203125 46.279998779296875 46.310001373291015625 46.299999237060546875 46.40000152587890625
46.409999847412109375 46.450000762939453125 46.380001068115234375 46.450000762939453125 46.490001678466796875 46.4199981689453125 46.479999542236328125 46.200000762939453125 46.299999237060546875 46.3300018310546875 46.159999847412109375 46.1399993896484375 46.15000152587890625 46.1699981689453125 46.1699981689453125 46.119998931884765625 46.0800018310546875 46.130001068115234375 46.159999847412109375 46.119998931884765625 46.1699981689453125 46.1699981689453125 46.189998626708984375 46.159999847412109375 46.1399993896484375 46.159999847412109375 46.25 46.299999237060546875 46.20999908447265625 46.240001678466796875 46.220001220703125 46.159999847412109375 46.189998626708984375 46.220001220703125 46.229999542236328125 46.189998626708984375 46.220001220703125 46.229999542236328125 46.279998779296875 46.240001678466796875 46.29000091552734375 46.3300018310546875
46.3300018310546875 46.439998626708984375 46.340000152587890625 46.3600006103515625 46.43000030517578125 46.450000762939453125 46.43000030517578125 46.200000762939453125 46.229999542236328125 46.25 46.130001068115234375 46.090000152587890625 46.15000152587890625 46.09999847412109375 46.06999969482421875 46.1100006103515625 46.1100006103515625 46.009998321533203125 46.06999969482421875 46.0800018310546875 46.130001068115234375 46.200000762939453125 46.189998626708984375 46.130001068115234375 46.1399993896484375 46.15000152587890625 46.159999847412109375 46.1699981689453125 46.159999847412109375 46.18000030517578125 46.189998626708984375 46.200000762939453125 46.229999542236328125 46.189998626708984375 46.18000030517578125 46.200000762939453125 46.090000152587890625 46.130001068115234375 46.240001678466796875 46.20999908447265625 46.200000762939453125 46.29000091552734375
46.229999542236328125 46.310001373291015625 46.310001373291015625 46.34999847412109375 46.409999847412109375 46.34999847412109375 46.380001068115234375 46.20999908447265625 46.279998779296875 46.299999237060546875 46.06999969482421875 46.09999847412109375 46.119998931884765625 46.06999969482421875 46.020000457763671875 46.04000091552734375 46.049999237060546875 46.009998321533203125 46 45.950000762939453125 46.049999237060546875 46.1399993896484375 46.130001068115234375 46.09999847412109375 46.060001373291015625 46.09999847412109375 46.0800018310546875 46.119998931884765625 46.1100006103515625 46.060001373291015625 46.04000091552734375 46.090000152587890625 46.119998931884765625 46.060001373291015625 46.04000091552734375 46.009998321533203125 46.1100006103515625 46.20999908447265625 46.200000762939453125 46.20999908447265625 46.240001678466796875 46.29000091552734375
46.3300018310546875 46.20999908447265625 46.3600006103515625 46.340000152587890625 46.369998931884765625 46.310001373291015625 46.31999969482421875 46.279998779296875 46.1699981689453125 46.20999908447265625 46.049999237060546875 46.049999237060546875 46.06999969482421875 46.029998779296875 46.04000091552734375 46.060001373291015625 46.06999969482421875 46.029998779296875 46.049999237060546875 46 46.06999969482421875 46.06999969482421875 46.130001068115234375 46.0800018310546875 46.060001373291015625 46.04000091552734375 46.1100006103515625 46.09999847412109375 46.09999847412109375 46.049999237060546875 46.020000457763671875 46.0800018310546875 46.0800018310546875 46.06999969482421875 46.119998931884765625 46.159999847412109375 46.119998931884765625 46.200000762939453125 46.159999847412109375 46.25 46.259998321533203125 46.270000457763671875
46.299999237060546875 46.1699981689453125 46.299999237060546875 46.310001373291015625 46.310001373291015625 46.299999237060546875 46.279998779296875 46.380001068115234375 46.0800018310546875 46.159999847412109375 46.060001373291015625 46.06999969482421875 46.020000457763671875 46.029998779296875 46.0800018310546875 46.04000091552734375 45.990001678466796875 45.95999908447265625 46.020000457763671875 46.04000091552734375 46.049999237060546875 46.049999237060546875 46.1100006103515625 46.090000152587890625 46.090000152587890625 46.09999847412109375 46.04000091552734375 45.970001220703125 46 46.020000457763671875 46.049999237060546875 46.049999237060546875 46 46.09999847412109375 46.18000030517578125 46.189998626708984375 46.279998779296875 46.229999542236328125 46.229999542236328125 46.240001678466796875 46.240001678466796875 46.159999847412109375
46.310001373291015625 46.3899993896484375 46.240001678466796875 46.31999969482421875 46.25 46.229999542236328125 46.20999908447265625 46.299999237060546875 46.220001220703125 46.200000762939453125 46.15000152587890625 46.0800018310546875 46.090000152587890625 46.060001373291015625 46.090000152587890625 46.04000091552734375 45.95999908447265625 45.979999542236328125 46.04000091552734375 46.009998321533203125 45.970001220703125 46 46.029998779296875 46.130001068115234375 46.159999847412109375 46.090000152587890625 45.990001678466796875 45.95999908447265625 45.8899993896484375 45.9199981689453125 45.93000030517578125 45.95999908447265625 45.990001678466796875 46.119998931884765625 46.29000091552734375 46.009998321533203125 46.229999542236328125 46.270000457763671875 46.220001220703125 46.18000030517578125 46.200000762939453125 46.130001068115234375
46.189998626708984375 46.299999237060546875 46.259998321533203125 46.259998321533203125 46.299999237060546875 46.20999908447265625 46.1699981689453125 46.310001373291015625 46.1399993896484375 46.29000091552734375 46.279998779296875 46.119998931884765625 46.119998931884765625 46.049999237060546875 46.0800018310546875 46.009998321533203125 45.950000762939453125 45.95999908447265625 45.95999908447265625 45.95999908447265625 45.909999847412109375 45.950000762939453125 45.95999908447265625 45.970001220703125 46.049999237060546875 46.020000457763671875 45.950000762939453125 45.939998626708984375 45.9199981689453125 46.04000091552734375 45.979999542236328125 45.979999542236328125 46.0800018310546875 46.130001068115234375 46.049999237060546875 46.020000457763671875 46.15000152587890625 46.25 46.200000762939453125 46.18000030517578125 46.189998626708984375 46.1699981689453125
46.200000762939453125 46 46.06999969482421875 46.159999847412109375 46.20999908447265625 46.20999908447265625 46.25 46.29000091552734375 46.220001220703125 46.20999908447265625 46.3899993896484375 46.06999969482421875 46.0800018310546875 46.020000457763671875 46.04000091552734375 46.06999969482421875 46.049999237060546875 46.060001373291015625 46.020000457763671875 45.979999542236328125 45.939998626708984375 45.95999908447265625 45.939998626708984375 45.990001678466796875 46.020000457763671875 46 46.029998779296875 46.04000091552734375 45.970001220703125 45.990001678466796875 45.939998626708984375 45.970001220703125 46.020000457763671875 46.0800018310546875 46.06999969482421875 45.970001220703125 45.970001220703125 46.1699981689453125 46.189998626708984375 46.18000030517578125 46.189998626708984375 46.18000030517578125
