wildfire/work/fuelmodels/1993/ahn1.asc
ncols        235
nrows        197
xllcorner    186725.000000000000
yllcorner    455035.000000000000
cellsize     5.000000000000
NODATA_value   -999
[rows 0 to 17 of 197, columns 0 to 41 of 235]
42.40000152587890625 42.6100006103515625 42.65000152587890625 42.689998626708984375 42.909999847412109375 42.990001678466796875 42.840000152587890625 42.799999237060546875 42.79000091552734375 42.590000152587890625 42.439998626708984375 42.520000457763671875 42.45999908447265625 42.5800018310546875 42.3899993896484375 42.470001220703125 42.529998779296875 42.619998931884765625 42.689998626708984375 42.970001220703125 43.04000091552734375 43.049999237060546875 43.06999969482421875 43.1699981689453125 43.259998321533203125 43.18000030517578125 43.439998626708984375 43.56999969482421875 43.59999847412109375 43.6699981689453125 43.5800018310546875 43.81999969482421875 43.970001220703125 44.20999908447265625 44.68000030517578125 44.689998626708984375 44.340000152587890625 44.090000152587890625 43.880001068115234375 43.5 43.720001220703125 43.6100006103515625
42.479999542236328125 42.5800018310546875 42.6699981689453125 42.720001220703125 42.8300018310546875 42.729999542236328125 42.6100006103515625 42.529998779296875 42.340000152587890625 42.380001068115234375 42.54000091552734375 42.520000457763671875 42.6699981689453125 42.509998321533203125 42.380001068115234375 42.45999908447265625 42.65000152587890625 42.770000457763671875 42.869998931884765625 42.939998626708984375 43.009998321533203125 43.009998321533203125 43.020000457763671875 42.95999908447265625 43.119998931884765625 43.4199981689453125 43.529998779296875 43.70999908447265625 43.880001068115234375 44.049999237060546875 44.1399993896484375 44.240001678466796875 44.259998321533203125 44.5 44.8300018310546875 44.8899993896484375 44.59999847412109375 44.240001678466796875 43.720001220703125 43.869998931884765625 43.75 43.590000152587890625
42.509998321533203125 42.54000091552734375 42.6399993896484375 42.84999847412109375 42.81999969482421875 42.75 42.40000152587890625 42.189998626708984375 42.130001068115234375 42.1399993896484375 42.259998321533203125 42.3899993896484375 42.29000091552734375 42.43000030517578125 42.560001373291015625 42.8600006103515625 42.779998779296875 42.81999969482421875 42.90000152587890625 43 43.200000762939453125 42.970001220703125 43 43.029998779296875 43.409999847412109375 43.700000762939453125 43.75 43.950000762939453125 43.95999908447265625 44.340000152587890625 44.310001373291015625 44.31999969482421875 44.3899993896484375 44.340000152587890625 44.409999847412109375 44.619998931884765625 44.299999237060546875 43.939998626708984375 43.909999847412109375 43.979999542236328125 43.75 43.81999969482421875
42.619998931884765625 42.659999847412109375 42.68000030517578125 42.93000030517578125 43.18000030517578125 42.549999237060546875 42.29000091552734375 42.1399993896484375 42.09999847412109375 42.1100006103515625 42.130001068115234375 42.1100006103515625 42.18000030517578125 42.40000152587890625 42.68000030517578125 42.799999237060546875 42.909999847412109375 43.119998931884765625 42.939998626708984375 42.990001678466796875 43.020000457763671875 43.1100006103515625 43.159999847412109375 43.310001373291015625 43.700000762939453125 43.79000091552734375 44.020000457763671875 44.380001068115234375 44.6399993896484375 44.5 44.380001068115234375 44.40000152587890625 44.43000030517578125 44.380001068115234375 44.409999847412109375 43.93000030517578125 43.869998931884765625 43.909999847412109375 43.869998931884765625 44.1699981689453125 43.990001678466796875 43.8600006103515625
42.590000152587890625 42.68000030517578125 42.93000030517578125 43.75 43.740001678466796875 42.54000091552734375 42.3300018310546875 42.090000152587890625 42.0800018310546875 42.06999969482421875 42.049999237060546875 42.130001068115234375 42.130001068115234375 42.34999847412109375 42.740001678466796875 42.880001068115234375 42.75 42.8600006103515625 42.9199981689453125 42.84999847412109375 43.04000091552734375 43.29000091552734375 43.54000091552734375 43.840000152587890625 43.90000152587890625 44.259998321533203125 44.779998779296875 44.759998321533203125 44.59999847412109375 44.40000152587890625 44.299999237060546875 44.450000762939453125 44.369998931884765625 44.049999237060546875 43.950000762939453125 43.79000091552734375 43.700000762939453125 43.65000152587890625 43.5800018310546875 43.659999847412109375 43.79000091552734375 43.689998626708984375
42.8300018310546875 42.3899993896484375 43.3300018310546875 43.479999542236328125 43.310001373291015625 42.590000152587890625 42.15000152587890625 42.06999969482421875 41.93000030517578125 42.029998779296875 42.06999969482421875 42.020000457763671875 42.15000152587890625 42.34999847412109375 42.720001220703125 42.659999847412109375 42.759998321533203125 42.970001220703125 43.029998779296875 43.090000152587890625 43.270000457763671875 43.84999847412109375 44.060001373291015625 44.34999847412109375 44.3300018310546875 44.84999847412109375 44.810001373291015625 44.619998931884765625 44.310001373291015625 44.20999908447265625 44.20999908447265625 44.029998779296875 43.93000030517578125 43.79000091552734375 43.779998779296875 43.810001373291015625 43.729999542236328125 43.70999908447265625 43.549999237060546875 43.770000457763671875 43.939998626708984375 43.689998626708984375
43.0800018310546875 42.43000030517578125 42.970001220703125 42.970001220703125 42.619998931884765625 42.049999237060546875 42.029998779296875 42 41.990001678466796875 42.020000457763671875 42.009998321533203125 42.020000457763671875 42.1699981689453125 42.70999908447265625 42.689998626708984375 42.779998779296875 42.720001220703125 43.049999237060546875 43.15000152587890625 43.45999908447265625 44 45.029998779296875 45.020000457763671875 44.880001068115234375 44.490001678466796875 44.310001373291015625 44.270000457763671875 44.119998931884765625 44.0800018310546875 43.939998626708984375 44.009998321533203125 43.8600006103515625 43.8300018310546875 43.770000457763671875 43.8899993896484375 43.79000091552734375 43.799999237060546875 43.909999847412109375 43.90000152587890625 43.8899993896484375 43.79000091552734375 43.79000091552734375
42.31999969482421875 42.409999847412109375 42.340000152587890625 42.130001068115234375 42 42.009998321533203125 41.990001678466796875 41.970001220703125 42.020000457763671875 42.060001373291015625 42.1100006103515625 42.259998321533203125 42.509998321533203125 42.590000152587890625 42.6399993896484375 42.720001220703125 42.880001068115234375 43.3300018310546875 43.56999969482421875 43.630001068115234375 44.549999237060546875 44.970001220703125 44.880001068115234375 44.529998779296875 44.259998321533203125 44.18000030517578125 44.029998779296875 43.869998931884765625 43.759998321533203125 43.740001678466796875 43.990001678466796875 43.779998779296875 43.770000457763671875 43.9199981689453125 44.06999969482421875 43.9199981689453125 43.720001220703125 43.79000091552734375 43.700000762939453125 43.759998321533203125 43.84999847412109375 43.939998626708984375
41.75 41.84999847412109375 41.950000762939453125 41.9199981689453125 41.8899993896484375 41.939998626708984375 41.990001678466796875 41.840000152587890625 42.020000457763671875 42.0800018310546875 42.279998779296875 42.31999969482421875 42.380001068115234375 42.590000152587890625 42.6399993896484375 42.779998779296875 43.1699981689453125 43.509998321533203125 44.119998931884765625 44.75 44.909999847412109375 44.8300018310546875 44.68000030517578125 44.529998779296875 44.4199981689453125 43.8899993896484375 43.720001220703125 43.68000030517578125 43.68000030517578125 43.8300018310546875 43.8300018310546875 43.8600006103515625 43.8300018310546875 43.880001068115234375 43.869998931884765625 43.8899993896484375 43.869998931884765625 43.56999969482421875 43.5 43.6100006103515625 43.43000030517578125 43.29000091552734375
41.869998931884765625 41.799999237060546875 41.779998779296875 41.799999237060546875 41.880001068115234375 41.869998931884765625 41.81999969482421875 41.93000030517578125 41.970001220703125 42.009998321533203125 42.299999237060546875 42.3899993896484375 42.45999908447265625 42.560001373291015625 42.659999847412109375 43.060001373291015625 43.40000152587890625 43.990001678466796875 44.450000762939453125 44.869998931884765625 44.770000457763671875 44.939998626708984375 44.45999908447265625 44.479999542236328125 44.299999237060546875 44.15000152587890625 43.939998626708984375 43.90000152587890625 43.950000762939453125 43.8600006103515625 44.09999847412109375 43.84999847412109375 43.6699981689453125 43.549999237060546875 43.81999969482421875 43.770000457763671875 44 44.029998779296875 44.009998321533203125 44.090000152587890625 43.59999847412109375 43.560001373291015625
41.770000457763671875 41.740001678466796875 41.75 41.770000457763671875 41.869998931884765625 41.880001068115234375 41.869998931884765625 41.939998626708984375 42.009998321533203125 42.04000091552734375 42.259998321533203125 42.479999542236328125 42.5 42.54000091552734375 42.720001220703125 43.200000762939453125 43.810001373291015625 44.1699981689453125 44.509998321533203125 44.979999542236328125 44.779998779296875 44.770000457763671875 44.409999847412109375 44.549999237060546875 44.659999847412109375 44.6699981689453125 44.200000762939453125 44.130001068115234375 44.159999847412109375 44.15000152587890625 44.229999542236328125 43.70999908447265625 43.79000091552734375 44.340000152587890625 44.240001678466796875 44.060001373291015625 44.090000152587890625 44.130001068115234375 43.93000030517578125 43.6699981689453125 43.529998779296875 43.259998321533203125
41.779998779296875 41.810001373291015625 41.81999969482421875 41.869998931884765625 41.9199981689453125 41.8899993896484375 41.8899993896484375 41.939998626708984375 41.979999542236328125 42.029998779296875 42.1699981689453125 42.40000152587890625 42.619998931884765625 42.79000091552734375 43.009998321533203125 43.439998626708984375 43.740001678466796875 44.40000152587890625 44.70999908447265625 44.880001068115234375 44.59999847412109375 44.65000152587890625 44.729999542236328125 45.029998779296875 44.8899993896484375 44.840000152587890625 44.439998626708984375 44.509998321533203125 44.4199981689453125 44.15000152587890625 44.09999847412109375 44 43.95999908447265625 44.060001373291015625 44.029998779296875 43.880001068115234375 43.93000030517578125 43.75 43.45999908447265625 43.18000030517578125 43.0800018310546875 43.130001068115234375
41.8300018310546875 41.8600006103515625 41.8300018310546875 41.840000152587890625 41.9199981689453125 41.93000030517578125 41.979999542236328125 42.009998321533203125 42.049999237060546875 42.049999237060546875 42.1399993896484375 42.45999908447265625 42.740001678466796875 42.81999969482421875 43.09999847412109375 43.560001373291015625 43.950000762939453125 44.3300018310546875 44.68000030517578125 44.770000457763671875 44.65000152587890625 44.729999542236328125 44.740001678466796875 44.729999542236328125 44.79000091552734375 44.90000152587890625 44.729999542236328125 44.6100006103515625 44.590000152587890625 44.1699981689453125 43.979999542236328125 43.8300018310546875 43.700000762939453125 43.70999908447265625 43.759998321533203125 44.380001068115234375 43.549999237060546875 43.270000457763671875 43.1100006103515625 43.009998321533203125 43.119998931884765625 43.220001220703125
42.0800018310546875 42.119998931884765625 42.0800018310546875 42.090000152587890625 42.15000152587890625 42.220001220703125 42.18000030517578125 42.090000152587890625 42.029998779296875 42.049999237060546875 42.1699981689453125 42.409999847412109375 42.759998321533203125 43.06999969482421875 43.31999969482421875 43.560001373291015625 44.009998321533203125 44.54000091552734375 44.520000457763671875 44.560001373291015625 44.54000091552734375 44.590000152587890625 44.25 44.1100006103515625 44.1699981689453125 44.4199981689453125 44.20999908447265625 44.240001678466796875 44.18000030517578125 43.8899993896484375 43.65000152587890625 43.65000152587890625 43.520000457763671875 43.43000030517578125 43.590000152587890625 43.659999847412109375 43.529998779296875 43.200000762939453125 43.0800018310546875 43.060001373291015625 43.200000762939453125 43.279998779296875
42.529998779296875 42.560001373291015625 42.40000152587890625 42.529998779296875 42.6100006103515625 42.619998931884765625 42.590000152587890625 42.509998321533203125 42.3600006103515625 42.340000152587890625 42.310001373291015625 42.490001678466796875 42.75 43.259998321533203125 43.31999969482421875 43.54000091552734375 43.720001220703125 44.18000030517578125 44.34999847412109375 44.18000030517578125 44.25 44.409999847412109375 44.15000152587890625 44.220001220703125 44.1399993896484375 44.049999237060546875 43.770000457763671875 44.090000152587890625 43.29000091552734375 43.1699981689453125 43.130001068115234375 43.060001373291015625 43.060001373291015625 43.15000152587890625 43.310001373291015625 43.439998626708984375 43.43000030517578125 43.15000152587890625 43.1399993896484375 43.1100006103515625 43.130001068115234375 43.200000762939453125
42.619998931884765625 42.439998626708984375 42.549999237060546875 42.549999237060546875 42.5800018310546875 42.6399993896484375 42.5800018310546875 42.68000030517578125 42.6699981689453125 42.490001678466796875 42.409999847412109375 42.470001220703125 42.659999847412109375 43.119998931884765625 43.3600006103515625 43.450000762939453125 43.630001068115234375 43.840000152587890625 44.04000091552734375 43.979999542236328125 44.049999237060546875 44.09999847412109375 44.130001068115234375 43.880001068115234375 44.29000091552734375 43.40000152587890625 43.189998626708984375 43.1100006103515625 42.869998931884765625 42.8600006103515625 42.8899993896484375 42.729999542236328125 42.759998321533203125 42.8300018310546875 42.909999847412109375 42.950000762939453125 43.0800018310546875 42.95999908447265625 43.15000152587890625 43.3600006103515625 43.380001068115234375 43.220001220703125
43.090000152587890625 42.8899993896484375 42.560001373291015625 42.529998779296875 42.590000152587890625 42.659999847412109375 42.529998779296875 42.700000762939453125 42.659999847412109375 42.40000152587890625 42.34999847412109375 42.40000152587890625 42.630001068115234375 42.909999847412109375 43.15000152587890625 43.279998779296875 43.479999542236328125 43.630001068115234375 43.8300018310546875 44.020000457763671875 43.990001678466796875 43.810001373291015625 43.729999542236328125 43.590000152587890625 43.450000762939453125 43.1699981689453125 42.68000030517578125 42.630001068115234375 42.45999908447265625 42.689998626708984375 42.630001068115234375 42.560001373291015625 42.59999847412109375 42.630001068115234375 42.68000030517578125 42.8300018310546875 43.06999969482421875 43.189998626708984375 43.340000152587890625 43.380001068115234375 43.520000457763671875 43.40000152587890625
43.299999237060546875 43.009998321533203125 42.700000762939453125 42.560001373291015625 42.529998779296875 42.549999237060546875 42.5 42.6399993896484375 42.520000457763671875 42.310001373291015625 42.310001373291015625 42.409999847412109375 42.619998931884765625 42.979999542236328125 43.189998626708984375 43.220001220703125 43.439998626708984375 43.40000152587890625 43.6100006103515625 43.799999237060546875 43.729999542236328125 43.270000457763671875 43.439998626708984375 43.439998626708984375 43.220001220703125 43.130001068115234375 43.06999969482421875 42.529998779296875 42.5 42.759998321533203125 42.470001220703125 42.45999908447265625 42.520000457763671875 42.549999237060546875 42.700000762939453125 42.869998931884765625 42.970001220703125 43.200000762939453125 43.3899993896484375 43.380001068115234375 43.6100006103515625 43.6399993896484375
