wildfire/work/fuelmodels/1993/aspect.asc
ncols        235
nrows        197
xllcorner    186725.000000000000
yllcorner    455035.000000000000
cellsize     5.000000000000
NODATA_value   -999
[rows 19 to 37 of 197, columns 0 to 41 of 235]
0 54.5328216552734375 66.84998321533203125 76.6073150634765625 86.18567657470703125 247.750732421875 154.2122802734375 129.8052520751953125 44.999897003173828125 330.770965576171875 318.152191162109375 331.98150634765625 8.8814611434936523438 178.315185546875 159.8803863525390625 179.9993438720703125 214.7772216796875 201.0370330810546875 284.531982421875 262.56768798828125 223.830078125 157.0506591796875 154.219390869140625 213.689300537109375 227.30548095703125 178.904937744140625 124.8617706298828125 113.41982269287109375 124.5622100830078125 39.28823089599609375 66.10413360595703125 12.847700119018554688 305.1658935546875 278.65179443359375 243.4346466064453125 273.690673828125 298.401275634765625 316.847259521484375 236.310577392578125 240.1854400634765625 253.0919647216796875 271.42645263671875
0 100.09694671630859375 104.155914306640625 111.590728759765625 139.635223388671875 183.8874664306640625 157.1086883544921875 358.7261962890625 340.59564208984375 331.067779541015625 310.363525390625 341.56427001953125 49.6534423828125 19.50208282470703125 22.318866729736328125 356.783966064453125 324.210540771484375 330.06768798828125 345.49871826171875 339.033447265625 347.734466552734375 49.653484344482421875 66.80141448974609375 203.8745269775390625 193.9725341796875 179.4285736083984375 157.5328369140625 145.765472412109375 180.5669708251953125 199.485687255859375 118.85572052001953125 291.80035400390625 274.762847900390625 233.4264678955078125 270.55511474609375 290.005828857421875 300.357391357421875 350.752685546875 102.9939422607421875 228.2700347900390625 239.729705810546875 254.7704925537109375
0 145.992095947265625 136.17913818359375 148.90234375 161.564666748046875 188.129852294921875 248.1982269287109375 281.1287841796875 278.615570068359375 264.805084228515625 268.4716796875 302.46881103515625 48.066650390625 8.129680633544921875 9.1071023941040039062 0.77453160285949707031 345.0045166015625 319.843170166015625 320.261566162109375 335.399627685546875 15.255106925964355469 76.63925933837890625 93.0657501220703125 112.9120635986328125 152.446746826171875 174.0527191162109375 168.558685302734375 165.0332489013671875 191.6331329345703125 209.3199920654296875 166.4295501708984375 202.8896484375 236.309539794921875 284.42041015625 301.865325927734375 303.14630126953125 305.095123291015625 111.801025390625 64.02603912353515625 317.336395263671875 297.677520751953125 286.6859130859375
0 156.8009490966796875 150.441009521484375 168.4013214111328125 176.0420074462890625 206.76031494140625 234.32293701171875 211.3852996826171875 191.873382568359375 242.3533935546875 284.484130859375 340.768524169921875 11.888665199279785156 3.6379556655883789062 8.8416318893432617188 356.84466552734375 351.485321044921875 351.60601806640625 331.2030029296875 316.80816650390625 75.7623443603515625 95.02114105224609375 112.01082611083984375 103.6707763671875 110.26502227783203125 158.3843994140625 172.1847381591796875 191.725067138671875 199.17840576171875 215.073333740234375 195.254913330078125 213.6888885498046875 241.25958251953125 261.97698974609375 273.1390380859375 275.710052490234375 158.19873046875 146.9434814453125 282.5994873046875 309.991241455078125 314.206268310546875 306.088134765625
0 152.3970184326171875 140.3889007568359375 194.215576171875 211.759307861328125 285.05364990234375 309.643402099609375 347.443817138671875 350.66766357421875 303.433349609375 290.636810302734375 319.5472412109375 20.806842803955078125 19.50208282470703125 33.85694122314453125 338.96197509765625 325.83953857421875 350.861907958984375 350.36175537109375 132.1378326416015625 123.27480316162109375 113.41205596923828125 93.01293182373046875 90.707122802734375 92.18553924560546875 95.19420623779296875 131.9873809814453125 216.4701690673828125 265.36468505859375 296.5643310546875 298.298431396484375 216.251556396484375 231.952239990234375 246.8931121826171875 247.448516845703125 222.3770294189453125 161.36529541015625 183.3659515380859375 258.480682373046875 275.2593994140625 282.208465576171875 289.497711181640625
0 45.98824310302734375 11.082753181457519531 334.721343994140625 350.698699951171875 323.214141845703125 321.884033203125 353.02423095703125 356.776824951171875 333.03912353515625 300.69195556640625 255.9633331298828125 138.8135833740234375 142.3856658935546875 138.8137969970703125 286.388702392578125 281.069305419921875 177.2727813720703125 146.3095855712890625 135.5904693603515625 111.3704376220703125 116.96544647216796875 122.6188201904296875 95.9741058349609375 97.06653594970703125 120.96292877197265625 132.8789215087890625 263.046661376953125 286.5037841796875 291.801483154296875 288.43572998046875 350.53863525390625 289.4395751953125 262.019439697265625 242.50396728515625 198.0537109375 173.4427642822265625 236.3090972900390625 263.046356201171875 264.239776611328125 266.08111572265625 269.369720458984375
0 16.512041091918945312 342.665985107421875 336.61395263671875 349.20794677734375 328.777008056640625 308.4173583984375 326.09307861328125 335.806640625 321.087890625 311.63299560546875 281.310546875 77.47075653076171875 72.18106842041015625 348.690948486328125 274.5367431640625 244.74554443359375 143.53057861328125 150.52374267578125 143.129974365234375 84.74945068359375 95.55274200439453125 143.615509033203125 114.74909210205078125 102.9175262451171875 106.69829559326171875 115.0159912109375 237.9939727783203125 221.4961090087890625 209.475494384765625 283.570098876953125 345.017730712890625 358.957305908203125 263.41729736328125 228.6208953857421875 188.1295013427734375 212.2998504638671875 253.39251708984375 260.10284423828125 264.94775390625 268.805877685546875 276.102081298828125
0 1.4687302112579345703 335.07574462890625 330.421417236328125 327.170745849609375 312.454620361328125 284.214996337890625 250.6398773193359375 240.943817138671875 241.2594757080078125 207.75830078125 202.3793487548828125 161.564666748046875 64.98326873779296875 17.242082595825195312 222.13751220703125 177.50994873046875 140.8767547607421875 71.5640106201171875 108.4346923828125 114.8291473388671875 121.2635498046875 138.2245635986328125 117.5528411865234375 93.0941925048828125 14.620298385620117188 1.6684734821319580078 346.486663818359375 6.4987568855285644531 302.47137451171875 269.4639892578125 275.52734375 88.0236663818359375 255.965087890625 254.7443695068359375 243.433929443359375 248.8381805419921875 246.002838134765625 253.072021484375 264.621002197265625 270.817840576171875 276.79205322265625
0 299.6661376953125 304.75506591796875 322.304931640625 324.659149169921875 335.111968994140625 346.21783447265625 289.980987548828125 206.564208984375 212.092010498046875 205.2003631591796875 217.3031005859375 189.4619903564453125 146.6331024169921875 230.1929779052734375 96.0717620849609375 132.61322021484375 245.5559844970703125 53.12822723388671875 120.2109222412109375 124.90616607666015625 135.9705352783203125 151.259796142578125 100.30478668212890625 51.519855499267578125 329.279815673828125 331.33526611328125 352.2587890625 34.618022918701171875 40.426311492919921875 255.3228607177734375 213.68988037109375 158.9630126953125 262.875396728515625 274.184722900390625 293.5513916015625 309.381561279296875 298.6094970703125 273.720489501953125 270.26824951171875 273.277008056640625 277.468505859375
0 232.3515625 243.824066162109375 260.537078857421875 278.1295166015625 311.5657958984375 13.841070175170898438 44.999897003173828125 296.559967041015625 276.338470458984375 238.49566650390625 237.99462890625 174.0937042236328125 141.1148681640625 229.7635040283203125 96.9527587890625 47.489978790283203125 300.57830810546875 125.9095001220703125 115.04593658447265625 105.82375335693359375 106.52573394775390625 172.4048614501953125 213.6870574951171875 24.14496612548828125 304.539215087890625 293.921844482421875 23.962320327758789062 98.03155517578125 97.92673492431640625 258.178375244140625 239.0364227294921875 232.5941925048828125 259.6932373046875 259.28619384765625 259.5084228515625 280.221771240234375 303.689453125 294.48175048828125 283.415435791015625 283.41339111328125 284.576446533203125
0 200.1992340087890625 205.0406341552734375 202.419952392578125 203.098846435546875 229.060943603515625 298.663482666015625 24.880472183227539062 3.7519922256469726562 2.9502856731414794922 4.2674570083618164062 309.28961181640625 349.991485595703125 68.74945068359375 199.799224853515625 206.56488037109375 45.00325775146484375 121.26397705078125 125.6107635498046875 116.2880859375 100.8043060302734375 88.7811279296875 98.131622314453125 274.898834228515625 327.993865966796875 291.296844482421875 233.4882965087890625 155.8540802001953125 123.381317138671875 119.05463409423828125 272.489410400390625 233.1292724609375 208.4940643310546875 224.998779296875 248.1976165771484375 258.274200439453125 260.406341552734375 269.66436767578125 287.073333740234375 289.334136962890625 288.728851318359375 285.944793701171875
0 197.877899169921875 189.9677886962890625 193.4103546142578125 205.7428436279296875 231.2748870849609375 239.9309844970703125 300.967559814453125 20.22499847412109375 33.17745208740234375 54.7822265625 0.021860223263502120972 239.0369720458984375 65.85356903076171875 44.999897003173828125 289.535369873046875 315.002410888671875 86.24798583984375 96.81793975830078125 113.7490386962890625 126.77252197265625 119.5771636962890625 163.60980224609375 274.8436279296875 300.255462646484375 327.99359130859375 158.8055419921875 149.87542724609375 120.32379913330078125 351.024444580078125 337.378387451171875 323.97174072265625 329.620697021484375 291.036376953125 239.420135498046875 258.022979736328125 266.741973876953125 273.877777099609375 289.2137451171875 299.307769775390625 300.676666259765625 293.132965087890625
0 329.420684814453125 55.954128265380859375 142.124847412109375 249.4435577392578125 253.5909423828125 240.4457550048828125 220.506866455078125 183.2698516845703125 120.9632110595703125 124.91945648193359375 151.3358154296875 186.3398895263671875 205.9056396484375 45.00717926025390625 336.79949951171875 299.9307861328125 47.06983184814453125 62.17560577392578125 68.846588134765625 89.09039306640625 127.76258087158203125 218.659698486328125 254.744171142578125 237.380096435546875 182.1203155517578125 92.29042816162109375 59.6201934814453125 6.7098956108093261719 339.442718505859375 343.071624755859375 334.731842041015625 347.503204345703125 28.77978515625 33.1109161376953125 260.726776123046875 280.195343017578125 287.789398193359375 290.050201416015625 298.9776611328125 316.487152099609375 317.14300537109375
0 245.3222503662109375 65.09557342529296875 16.644884109497070312 308.8836669921875 298.70526123046875 280.511871337890625 255.46478271484375 226.2181396484375 124.6938934326171875 99.925933837890625 118.4649810791015625 181.789520263671875 237.3619384765625 246.25054931640625 349.991912841796875 299.053955078125 8.6155500411987304688 44.999759674072265625 55.0367279052734375 73.535003662109375 91.397003173828125 277.4307861328125 282.528594970703125 269.999969482421875 203.1973724365234375 114.14475250244140625 11.307663917541503906 349.99169921875 330.94476318359375 302.90496826171875 294.62274169921875 300.255462646484375 81.15807342529296875 68.19843292236328125 287.611846923828125 297.807586669921875 302.315399169921875 300.786163330078125 306.3658447265625 324.85369873046875 325.135009765625
0 214.11376953125 202.035125732421875 294.043121337890625 295.073577880859375 293.419281005859375 293.80511474609375 294.89288330078125 323.97149658203125 24.444271087646484375 73.3546142578125 74.0545501708984375 343.177520751953125 298.071624755859375 297.180419921875 326.093231201171875 328.0548095703125 348.995697021484375 67.16622161865234375 86.4010772705078125 88.56766510009765625 66.37054443359375 301.348663330078125 319.76287841796875 336.7130126953125 4.3511667251586914062 24.968790054321289062 355.70989990234375 17.020717620849609375 39.28801727294921875 240.94482421875 214.329925537109375 188.010894775390625 142.548858642578125 55.619110107421875 298.6343994140625 296.26751708984375 297.4627685546875 301.499237060546875 312.5013427734375 324.183319091796875 327.3685302734375
0 226.2183837890625 248.1982269287109375 257.216339111328125 247.2486419677734375 241.16387939453125 256.86529541015625 269.999359130859375 293.42779541015625 44.999897003173828125 79.87516021728515625 75.80117034912109375 321.70916748046875 298.14093017578125 304.43817138671875 306.510101318359375 321.4278564453125 44.999897003173828125 108.978668212890625 107.6343841552734375 88.363311767578125 27.387638092041015625 312.68548583984375 314.192474365234375 328.6705322265625 15.945461273193359375 49.15118408203125 33.43973541259765625 82.18457794189453125 110.77294921875 222.136474609375 208.0720367431640625 224.9994659423828125 341.564971923828125 318.57568359375 299.3311767578125 286.7099609375 277.92010498046875 271.7537841796875 264.335662841796875 262.762603759765625 289.470123291015625
0 249.4915618896484375 264.143646240234375 260.63958740234375 240.0911407470703125 242.2652587890625 246.0608978271484375 239.656219482421875 230.710052490234375 142.853179931640625 118.8983001708984375 134.9991607666015625 241.2605438232421875 253.6101531982421875 268.806304931640625 288.434814453125 286.504302978515625 103.437591552734375 100.32485198974609375 84.55931854248046875 37.819385528564453125 10.771641731262207031 334.461517333984375 310.235595703125 320.905548095703125 113.87511444091796875 122.03845977783203125 143.6863555908203125 142.5944061279296875 108.43688201904296875 323.128021240234375 317.861236572265625 310.813995361328125 326.724456787109375 312.3486328125 299.920135498046875 285.4818115234375 272.235565185546875 261.769866943359375 246.9739227294921875 240.9446258544921875 257.0047607421875
0 236.8881683349609375 244.4394378662109375 245.224151611328125 258.95819091796875 258.689453125 247.9052886962890625 238.7356719970703125 239.7963104248046875 141.00885009765625 98.923675537109375 134.9996795654296875 291.57012939453125 279.7811279296875 260.216949462890625 257.411651611328125 184.7637786865234375 118.97934722900390625 89.00611114501953125 26.564693450927734375 4.0536298751831054688 13.313801765441894531 352.258636474609375 319.572845458984375 111.90297698974609375 126.59627532958984375 142.07000732421875 169.9917755126953125 299.743682861328125 337.134521484375 346.170379638671875 350.2926025390625 343.564910888671875 333.434234619140625 316.71417236328125 307.7586669921875 299.777191162109375 286.753936767578125 277.977020263671875 277.670623779296875 281.574554443359375 270.338348388671875
0 241.388916015625 239.330413818359375 233.8123779296875 245.90765380859375 260.862396240234375 249.7389678955078125 246.33636474609375 252.1697998046875 293.19744873046875 31.409128189086914062 9.6687946319580078125 343.950531005859375 314.997802734375 230.012481689453125 217.8057403564453125 181.0807342529296875 116.81101226806640625 52.7652435302734375 341.564056396484375 355.261810302734375 23.420198440551757812 5.7743015289306640625 13.068989753723144531 89.26833343505859375 100.39702606201171875 34.114643096923828125 328.58526611328125 336.914093017578125 343.832183837890625 345.021453857421875 354.552886962890625 1.8822723627090454102 348.5172119140625 332.28070068359375 326.367431640625 322.622314453125 316.094940185546875 307.30328369140625 308.35406494140625 314.99945068359375 297.071502685546875
