wildfire/work/fuelmodels/1993/aspect.asc
ncols        235
nrows        197
xllcorner    186725.000000000000
yllcorner    455035.000000000000
cellsize     5.000000000000
NODATA_value   -999
[rows 152 to 170 of 197, columns 0 to 41 of 235]
0 340.768646240234375 256.700408935546875 222.8383636474609375 187.1242523193359375 189.4623565673828125 149.85833740234375 75.96100616455078125 302.470794677734375 126.8690185546875 155.5552825927734375 289.28857421875 345.2557373046875 288.43426513671875 221.8201904296875 170.1659088134765625 156.5400543212890625 245.771728515625 86.63298797607421875 105.25537872314453125 288.43450927734375 319.454925537109375 8.530727386474609375 49.218967437744140625 56.975635528564453125 112.37955474853515625 189.4616546630859375 223.958038330078125 232.430572509765625 228.8648834228515625 219.09356689453125 194.0367584228515625 143.7462005615234375 126.86960601806640625 222.6121368408203125 210.9630584716796875 184.0860748291015625 262.9713134765625 278.972808837890625 95.90499114990234375 119.35753631591796875 147.9952545166015625
0 343.611602783203125 89.99706268310546875 208.009185791015625 176.85418701171875 174.805267333984375 196.476409912109375 259.43768310546875 210.9632568359375 125.95990753173828125 276.008514404296875 303.689300537109375 340.407012939453125 22.195281982421875 27.029829025268554688 131.5307464599609375 160.3004150390625 205.9306793212890625 167.3997650146484375 192.5272064208984375 282.406402587890625 280.812835693359375 52.126575469970703125 89.2459259033203125 88.5555419921875 85.15554046630859375 124.37889862060546875 252.09527587890625 257.734405517578125 232.27459716796875 204.6466064453125 208.2173309326171875 215.133453369140625 73.81103515625 290.2252197265625 246.80535888671875 237.53082275390625 260.416351318359375 246.160430908203125 106.38922119140625 91.73516845703125 329.0350341796875
0 184.1837921142578125 183.3654327392578125 329.532867431640625 32.00592041015625 55.885959625244140625 265.9136962890625 256.534454345703125 152.1026153564453125 78.69123077392578125 261.869140625 250.312408447265625 265.364105224609375 42.796833038330078125 57.295024871826171875 84.6988983154296875 117.40667724609375 229.3985595703125 196.69842529296875 233.529296875 256.848052978515625 259.45977783203125 135.001495361328125 91.185302734375 85.44620513916015625 54.462390899658203125 17.353750228881835938 322.431427001953125 211.8263702392578125 189.5543975830078125 193.1507415771484375 234.46173095703125 237.528045654296875 139.762481689453125 260.2178955078125 326.309173583984375 4.763706207275390625 234.4616546630859375 207.8968048095703125 177.7973785400390625 101.31137847900390625 318.179779052734375
0 53.97444915771484375 266.422271728515625 286.072662353515625 7.1251678466796875 32.47121429443359375 338.96142578125 288.434051513671875 73.61223602294921875 134.9996795654296875 180 219.6229248046875 223.707366943359375 176.6819000244140625 137.2023162841796875 124.1594085693359375 134.9996795654296875 209.7440185546875 207.029937744140625 242.6495208740234375 263.8673095703125 271.193084716796875 105.94411468505859375 94.253448486328125 79.592041015625 11.309906005859375 353.658843994140625 38.2341766357421875 82.3040008544921875 180.0011444091796875 239.380523681640625 255.9627838134765625 227.2016754150390625 174.5592193603515625 229.635284423828125 226.68450927734375 154.438720703125 156.370330810546875 182.418975830078125 200.4093780517578125 227.336822509765625 216.869171142578125
0 43.60296630859375 322.30474853515625 299.0543212890625 327.723480224609375 44.9994659423828125 29.475664138793945312 276.339691162109375 127.6935577392578125 145.885101318359375 314.999267578125 284.930908203125 234.9036712646484375 179.9995880126953125 143.6154632568359375 113.52313232421875 123.274505615234375 186.1693115234375 220.600830078125 245.555816650390625 240.2548065185546875 236.8883514404296875 155.555877685546875 83.1073760986328125 67.32854461669921875 19.798086166381835938 305.217041015625 21.930101394653320312 34.02779388427734375 26.002948760986328125 289.535369873046875 238.1334381103515625 228.9447479248046875 207.2552490234375 223.090667724609375 216.253204345703125 190.1750335693359375 133.3627471923828125 146.5340728759765625 205.4069976806640625 215.3105316162109375 198.059783935546875
0 159.303985595703125 240.422393798828125 264.14349365234375 272.29046630859375 96.34039306640625 79.50850677490234375 95.19133758544921875 98.529541015625 328.626312255859375 347.47027587890625 29.053094863891601562 271.5484619140625 56.311481475830078125 62.354892730712890625 75.41120147705078125 79.992218017578125 98.13045501708984375 268.78045654296875 281.309112548828125 281.820343017578125 259.060150146484375 229.9692535400390625 102.094482421875 111.13962554931640625 145.785247802734375 219.8046417236328125 199.1775665283203125 88.53067779541015625 34.2606353759765625 23.586610794067382812 299.055328369140625 252.474212646484375 264.80584716796875 303.11138916015625 282.99176025390625 206.5654449462890625 113.7493438720703125 63.970165252685546875 315.000396728515625 249.7745208740234375 217.6938323974609375
0 205.9742431640625 242.3536376953125 237.5281219482421875 215.96002197265625 127.87457275390625 158.552642822265625 168.1782073974609375 108.43688201904296875 261.868927001953125 149.036285400390625 163.70562744140625 211.826812744140625 185.59844970703125 155.923370361328125 122.904388427734375 73.30095672607421875 29.981847763061523438 288.868072509765625 264.907257080078125 251.56402587890625 244.9824981689453125 211.21826171875 120.73506927490234375 99.903656005859375 53.128665924072265625 143.1297607421875 201.369659423828125 237.9942474365234375 351.868560791015625 42.0390777587890625 71.5655364990234375 228.43292236328125 238.43072509765625 227.120269775390625 173.1561279296875 178.0257415771484375 175.601654052734375 119.0539093017578125 311.187347412109375 319.76385498046875 344.98114013671875
0 285.642120361328125 279.292999267578125 291.800811767578125 257.27447509765625 113.1979522705078125 126.1190643310546875 176.495758056640625 177.8783111572265625 185.092132568359375 158.4285430908203125 176.1854705810546875 178.1112518310546875 197.4742431640625 190.88482666015625 122.12450408935546875 170.534912109375 356.185272216796875 333.433807373046875 262.8748779296875 224.9994659423828125 208.30096435546875 224.9998779296875 78.68988800048828125 44.999897003173828125 356.05426025390625 24.928936004638671875 17.700223922729492188 261.026611328125 221.18536376953125 107.24187469482421875 77.7841644287109375 144.464935302734375 227.3856201171875 196.698272705078125 176.6328582763671875 179.9998016357421875 181.1689605712890625 188.530487060546875 224.9994659423828125 242.9684600830078125 267.2724609375
0 8.1298646926879882812 295.496795654296875 311.63336181640625 347.12420654296875 25.232789993286132812 19.411403656005859375 33.69024658203125 50.355495452880859375 18.428348541259765625 102.5288238525390625 167.003997802734375 114.86351776123046875 267.579345703125 297.896087646484375 68.19866180419921875 179.9995880126953125 247.83319091796875 108.4346923828125 274.39788818359375 297.29901123046875 354.17205810546875 279.161529541015625 243.969329833984375 51.709941864013671875 340.114288330078125 36.469066619873046875 65.8537445068359375 305.538726806640625 254.744964599609375 191.3078155517578125 72.5524749755859375 21.296617507934570312 349.991485595703125 178.3614349365234375 183.1211395263671875 172.7469024658203125 196.38946533203125 245.923858642578125 261.02679443359375 240.2540435791015625 214.5615386962890625
0 93.991546630859375 256.606231689453125 258.38751220703125 277.3055419921875 1.1235352754592895508 11.793599128723144531 31.25110626220703125 41.22751617431640625 28.008880615234375 57.99485015869140625 113.6290435791015625 124.6927642822265625 284.62054443359375 287.28118896484375 73.90886688232421875 83.15731048583984375 255.7833709716796875 210.9632568359375 249.44293212890625 252.80096435546875 246.0379486083984375 0.0012142767664045095444 282.99346923828125 284.035552978515625 194.03643798828125 122.904632568359375 51.115077972412109375 350.073028564453125 7.6506237983703613281 75.464691162109375 81.02635955810546875 339.442901611328125 21.695360183715820312 32.77544403076171875 356.34710693359375 24.67569732666015625 320.8553466796875 307.475067138671875 306.8680419921875 298.071563720703125 284.036224365234375
0 155.6738128662109375 239.7431488037109375 239.79644775390625 210.96356201171875 196.388641357421875 176.6326751708984375 144.7063751220703125 128.22430419921875 157.3801116943359375 147.6801300048828125 116.5647735595703125 269.997802734375 249.178192138671875 241.4761810302734375 100.30478668212890625 59.574192047119140625 296.113128662109375 280.00701904296875 293.197540283203125 262.74627685546875 206.5647430419921875 236.633148193359375 303.407501220703125 85.6009674072265625 147.9943695068359375 185.194244384765625 273.12176513671875 325.49090576171875 32.3665008544921875 49.685710906982421875 353.659088134765625 302.470794677734375 38.884708404541015625 36.724269866943359375 16.858028411865234375 48.269840240478515625 260.536773681640625 242.10205078125 225.000213623046875 210.9632568359375 170.133544921875
0 7.0460081100463867188 318.690704345703125 218.6627655029296875 182.9353179931640625 208.925323486328125 160.34539794921875 144.7663116455078125 151.886505126953125 183.0774688720703125 174.80523681640625 210.96197509765625 312.5101318359375 303.68975830078125 259.9912109375 145.7840576171875 102.652435302734375 180.00018310546875 220.814697265625 254.5385284423828125 232.5941925048828125 159.102264404296875 231.339935302734375 262.438232421875 83.39496612548828125 109.04099273681640625 218.884246826171875 262.459747314453125 297.09454345703125 44.999897003173828125 60.94525146484375 23.749555587768554688 243.43365478515625 154.177947998046875 145.007354736328125 30.066972732543945312 59.85854339599609375 108.43505859375 208.3005218505859375 212.4712066650390625 192.8470001220703125 164.89837646484375
0 7.7653474807739257812 356.422515869140625 83.15706634521484375 154.5725555419921875 238.8397064208984375 345.963226318359375 47.861995697021484375 60.140537261962890625 289.289215087890625 325.538238525390625 353.9267578125 285.642120361328125 261.254486083984375 190.174591064453125 186.3397674560546875 140.710479736328125 67.3790130615234375 280.491119384765625 277.594207763671875 123.68935394287109375 116.56511688232421875 248.3040313720703125 249.7388153076171875 105.3950653076171875 80.21738433837890625 262.403839111328125 266.10540771484375 276.233489990234375 58.735836029052734375 61.927242279052734375 33.6901092529296875 8.9727830886840820312 50.710186004638671875 44.99625396728515625 270.00091552734375 80.537017822265625 80.31053924560546875 189.4642333984375 204.5896759033203125 192.9938812255859375 181.1689605712890625
0 113.19757080078125 136.004608154296875 120.18625640869140625 155.32244873046875 249.145050048828125 279.1068115234375 42.638240814208984375 62.37615966796875 327.094024658203125 314.998992919921875 24.9438018798828125 69.90517425537109375 185.709869384765625 158.7815093994140625 192.0503082275390625 212.5920257568359375 151.7001953125 215.2711639404296875 235.059814453125 154.6546630859375 100.98046875 220.8397674560546875 219.093414306640625 180.8297576904296875 123.28710174560546875 251.564453125 272.955810546875 281.309356689453125 34.215240478515625 51.1702117919921875 17.592525482177734375 1.2453871965408325195 20.432567596435546875 25.46326446533203125 34.215335845947265625 98.7457122802734375 86.081329345703125 70.3462066650390625 134.9996795654296875 199.9826812744140625 207.47467041015625
0 135.8301849365234375 135.894866943359375 138.5211944580078125 184.1845703125 248.907135009765625 243.0037689208984375 146.5343780517578125 113.628936767578125 278.130126953125 276.788482666015625 102.72441864013671875 96.0441436767578125 65.55559539794921875 84.55931854248046875 151.8577117919921875 197.83453369140625 189.619354248046875 178.8537750244140625 219.1135711669921875 201.6822052001953125 125.21704864501953125 195.94500732421875 204.2275543212890625 188.392486572265625 176.632904052734375 268.209747314453125 269.039337158203125 246.902618408203125 169.0460205078125 118.1786651611328125 90.0034332275390625 343.609375 15.018179893493652344 60.1015167236328125 78.366485595703125 89.99979400634765625 79.5086517333984375 34.115299224853515625 21.297512054443359375 12.994647979736328125 336.793853759765625
0 142.0575408935546875 124.85906219482421875 130.4620361328125 252.25408935546875 262.646881103515625 238.045257568359375 137.23077392578125 114.4432373046875 239.420440673828125 209.666259765625 158.9617767333984375 33.68950653076171875 359.998931884765625 30.784173965454101562 43.472339630126953125 17.699954986572265625 297.552520751953125 41.6326904296875 262.349029541015625 246.570953369140625 77.905487060546875 339.3038330078125 23.962602615356445312 344.743743896484375 271.546661376953125 257.39935302734375 234.672698974609375 208.071868896484375 187.4603118896484375 175.6745147705078125 193.8604583740234375 207.0304718017578125 186.008758544921875 111.570953369140625 83.6597900390625 46.3968505859375 57.529293060302734375 353.9906005859375 355.46148681640625 10.35918426513671875 22.442476272583007812
0 164.1669921875 111.80091094970703125 7.8155727386474609375 320.544677734375 323.4261474609375 333.137237548828125 46.081058502197265625 32.19580841064453125 6.7106041908264160156 311.18536376953125 327.599517822265625 357.35675048828125 21.425401687622070312 71.99576568603515625 46.24504852294921875 15.361643791198730469 344.14752197265625 16.18889617919921875 333.434173583984375 284.82525634765625 331.989715576171875 343.21649169921875 25.426710128784179688 17.78395843505859375 329.03460693359375 259.694366455078125 253.81005859375 219.4721221923828125 205.4268646240234375 195.123382568359375 220.683349609375 241.698486328125 157.833892822265625 114.3248291015625 158.1985931396484375 65.55609130859375 58.39308929443359375 338.628265380859375 339.443817138671875 351.869720458984375 38.3451385498046875
0 272.230743408203125 20.3764190673828125 340.20037841796875 303.18951416015625 322.2744140625 354.98651123046875 27.407535552978515625 44.999897003173828125 359.028656005859375 317.289703369140625 324.209930419921875 101.659393310546875 134.9996795654296875 146.99676513671875 212.0045166015625 333.434173583984375 21.037012100219726562 79.380035400390625 158.1963348388671875 266.18536376953125 288.868560791015625 345.529296875 14.981225013732910156 28.20116424560546875 36.253627777099609375 283.17193603515625 268.1517333984375 291.370025634765625 317.20147705078125 327.20001220703125 308.6593017578125 290.375457763671875 129.6447601318359375 112.2492828369140625 179.9995880126953125 129.805267333984375 40.237018585205078125 332.92626953125 348.11151123046875 338.199676513671875 77.82784271240234375
0 309.941741943359375 29.476070404052734375 54.462490081787109375 252.596527099609375 249.260345458984375 243.4340057373046875 68.62889862060546875 74.83545684814453125 314.999267578125 250.114227294921875 173.10736083984375 135.4579620361328125 135.5302886962890625 180.0003662109375 262.5682373046875 281.821319580078125 88.60284423828125 113.962310791015625 207.8970794677734375 275.599029541015625 280.58111572265625 278.74591064453125 5.1935210227966308594 43.530765533447265625 60.154483795166015625 165.9659423828125 236.7246551513671875 257.968658447265625 303.68890380859375 325.0072021484375 320.826385498046875 6.7104554176330566406 74.05402374267578125 71.56488037109375 97.43183135986328125 120.25547027587890625 218.6603546142578125 227.38677978515625 188.97076416015625 209.0528717041015625 80.31114959716796875
