wildfire/work/fuelmodels/1993/aspect.asc
ncols        235
nrows        197
xllcorner    186725.000000000000
yllcorner    455035.000000000000
cellsize     5.000000000000
NODATA_value   -999
[rows 133 to 151 of 197, columns 168 to 209 of 235]
201.297027587890625 148.4954833984375 152.38665771484375 159.70220947265625 119.7454376220703125 90.744293212890625 271.908538818359375 270.520233154296875 270.231201171875 264.965423583984375 262.254547119140625 275.70989990234375 275.987579345703125 269.060699462890625 337.618316650390625 301.6502685546875 301.292266845703125 313.602325439453125 293.56829833984375 284.1617431640625 311.5316162109375 322.8526611328125 306.673736572265625 292.693328857421875 305.960357666015625 298.8863525390625 280.6192626953125 271.272186279296875 280.17437744140625 276.58062744140625 267.509307861328125 271.635650634765625 295.345672607421875 291.24969482421875 279.0572509765625 261.383819580078125 265.9136962890625 307.404388427734375 348.023040771484375 301.907135009765625 264.206298828125 241.3885650634765625
138.2392730712890625 131.69775390625 161.5645294189453125 192.338348388671875 160.8201751708984375 99.68878173828125 293.427947998046875 273.85009765625 269.76361083984375 275.19378662109375 288.434356689453125 295.158721923828125 291.296722412109375 302.9046630859375 326.309326171875 322.548431396484375 307.442901611328125 312.662139892578125 307.170166015625 283.860260009765625 280.95361328125 282.42535400390625 269.999053955078125 265.235626220703125 264.093505859375 261.1580810546875 260.70635986328125 275.012451171875 282.5279541015625 250.5595550537109375 245.695068359375 255.7348480224609375 294.44305419921875 299.743927001953125 269.999359130859375 287.591583251953125 306.6328125 284.41961669921875 306.2510986328125 288.430999755859375 271.68377685546875 297.254241943359375
116.753631591796875 129.288970947265625 190.221771240234375 242.2404022216796875 125.53560638427734375 108.43614959716796875 278.342987060546875 272.26397705078125 268.60223388671875 274.9794921875 287.05645751953125 290.965118408203125 274.303558349609375 272.601715087890625 284.67584228515625 297.52447509765625 292.067169189453125 289.75885009765625 289.982452392578125 282.770660400390625 290.05535888671875 273.0111083984375 267.063079833984375 272.435577392578125 266.8765869140625 246.8002166748046875 258.68896484375 273.620819091796875 303.310546875 322.853363037109375 303.485870361328125 300.96343994140625 290.77252197265625 272.489410400390625 278.426483154296875 283.62646484375 300.4647216796875 264.2886962890625 211.607147216796875 253.07220458984375 289.154815673828125 324.726470947265625
112.340423583984375 113.62914276123046875 252.896697998046875 279.604705810546875 56.309238433837890625 120.06876373291015625 244.982635498046875 253.7255859375 261.1187744140625 263.612213134765625 263.060760498046875 267.708465576171875 276.4986572265625 274.66632080078125 279.55377197265625 289.6978759765625 282.99383544921875 277.59393310546875 292.520111083984375 283.70611572265625 280.00653076171875 282.99371337890625 278.1295166015625 282.214996337890625 291.800445556640625 288.43426513671875 279.7269287109375 272.725738525390625 282.094268798828125 313.40838623046875 299.930389404296875 292.066253662109375 195.2516326904296875 268.829559326171875 290.770965576171875 284.035430908203125 284.035430908203125 296.5634765625 311.307830810546875 316.908447265625 300.783538818359375 341.56427001953125
105.25501251220703125 101.9292144775390625 280.243499755859375 293.70233154296875 81.60652923583984375 128.2902679443359375 251.564453125 263.010955810546875 262.625640869140625 257.660369873046875 252.25482177734375 262.920654296875 293.859527587890625 306.688934326171875 306.02655029296875 313.362335205078125 293.197845458984375 268.5672607421875 275.354949951171875 281.928558349609375 286.388702392578125 304.2147216796875 272.66241455078125 269.99957275390625 280.619110107421875 269.998626708984375 264.956787109375 269.309234619140625 279.925537109375 300.963287353515625 300.57843017578125 292.378692626953125 350.53863525390625 281.3095703125 275.354949951171875 266.008087158203125 232.125152587890625 253.4434356689453125 283.814483642578125 285.254180908203125 269.9990234375 274.39727783203125
97.9693450927734375 64.4397125244140625 290.9649658203125 297.4281005859375 81.13531494140625 49.969829559326171875 300.96282958984375 302.470367431640625 286.3074951171875 281.309356689453125 280.175048828125 275.801025390625 278.365234375 283.392059326171875 277.48052978515625 274.537353515625 284.8580322265625 276.33953857421875 267.824737548828125 266.42364501953125 257.828582763671875 269.999359130859375 285.487518310546875 279.74267578125 271.97320556640625 275.905242919921875 274.3983154296875 271.93011474609375 274.86376953125 284.41998291015625 311.4228515625 339.62164306640625 355.6004638671875 282.80450439453125 274.898590087890625 291.24969482421875 312.9534912109375 306.179351806640625 310.236419677734375 280.783538818359375 268.024017333984375 290.55499267578125
35.217559814453125 21.571338653564453125 300.202301025390625 209.6230926513671875 120.963226318359375 315.82940673828125 314.999267578125 325.21014404296875 310.979644775390625 302.66937255859375 302.7528076171875 285.641571044921875 269.99920654296875 267.372802734375 265.0601806640625 262.77508544921875 272.814788818359375 271.33135986328125 262.6934814453125 260.094818115234375 263.156402587890625 277.124908447265625 276.33984375 251.0288848876953125 218.480194091796875 256.70166015625 279.605255126953125 274.18438720703125 259.990997314453125 240.06744384765625 227.602081298828125 227.38677978515625 303.689361572265625 303.690216064453125 271.8470458984375 278.67254638671875 308.658233642578125 299.92999267578125 306.633331298828125 327.26495361328125 271.27264404296875 263.417755126953125
309.0926513671875 12.994462966918945312 38.65909576416015625 134.9996795654296875 224.9994659423828125 294.663238525390625 307.26190185546875 323.548309326171875 313.716796875 283.45526123046875 268.707275390625 267.989959716796875 262.568084716796875 254.196807861328125 246.4468841552734375 257.679534912109375 252.7572784423828125 255.14019775390625 269.214080810546875 261.32550048828125 273.178955078125 284.981170654296875 276.339935302734375 271.27313232421875 281.309906005859375 280.750091552734375 286.475799560546875 285.944915771484375 271.005035400390625 220.10113525390625 215.04931640625 223.95843505859375 250.906036376953125 272.726348876953125 253.3005523681640625 255.9636077880859375 254.898406982421875 228.365325927734375 218.7957000732421875 224.9994659423828125 251.5654449462890625 271.54754638671875
217.8748016357421875 214.114227294921875 99.7824249267578125 79.77788543701171875 298.967010498046875 290.29119873046875 285.724151611328125 289.397247314453125 302.3802490234375 282.907257080078125 266.893524169921875 265.524688720703125 259.159454345703125 235.459625244140625 235.1752166748046875 247.83319091796875 233.3253021240234375 247.78173828125 249.5370941162109375 240.01837158203125 255.547271728515625 264.143218994140625 279.161651611328125 297.29876708984375 316.168212890625 301.199859619140625 295.40679931640625 302.34661865234375 298.61016845703125 188.130096435546875 244.5356903076171875 253.071441650390625 243.4340972900390625 221.1845855712890625 268.87579345703125 273.46734619140625 243.8852691650390625 211.4290008544921875 226.591552734375 254.0545501708984375 287.744384765625 291.139190673828125
192.651885986328125 203.458404541015625 140.332061767578125 187.431488037109375 288.10760498046875 297.364837646484375 288.83782958984375 282.820587158203125 289.797607421875 292.670257568359375 280.450958251953125 264.804840087890625 257.618316650390625 259.776763916015625 257.948577880859375 250.6405792236328125 254.4757537841796875 265.731842041015625 250.40753173828125 259.380279541015625 271.101104736328125 274.3035888671875 276.145965576171875 265.854827880859375 247.1082305908203125 245.4091033935546875 265.10028076171875 286.188262939453125 40.235057830810546875 329.036102294921875 301.263214111328125 302.470123291015625 281.3082275390625 271.272186279296875 273.365936279296875 254.2481231689453125 243.4347991943359375 267.13800048828125 295.462860107421875 280.096923828125 271.590240478515625 271.734771728515625
194.80743408203125 182.5442047119140625 141.114959716796875 283.437530517578125 287.44635009765625 299.0537109375 299.418304443359375 285.34014892578125 275.1934814453125 275.43927001953125 275.4393310546875 270.615081787109375 263.658905029296875 264.368377685546875 264.368499755859375 261.551788330078125 264.60992431640625 272.814788818359375 285.708251953125 290.9420166015625 285.553802490234375 283.23980712890625 295.015899658203125 283.73577880859375 249.4433135986328125 258.34014892578125 260.4547119140625 241.6984405517578125 163.0741424560546875 288.433868408203125 294.443603515625 314.99981689453125 323.364288330078125 309.052093505859375 301.607452392578125 306.253814697265625 300.5787353515625 298.072265625 308.289306640625 311.5657958984375 295.86614990234375 284.534271240234375
287.4462890625 339.62237548828125 336.921234130859375 316.887603759765625 300.73480224609375 288.65301513671875 285.349609375 273.71490478515625 275.52691650390625 283.522308349609375 278.3251953125 280.358734130859375 281.633270263671875 260.83709716796875 262.87457275390625 274.483856201171875 266.422698974609375 262.874267578125 285.553863525390625 296.5643310546875 275.06268310546875 267.838470458984375 255.6994781494140625 236.3092193603515625 269.999847412109375 284.236968994140625 256.15875244140625 226.040924072265625 236.632904052734375 283.813812255859375 290.281829833984375 318.433624267578125 334.1781005859375 318.574951171875 316.59075927734375 314.999267578125 303.406280517578125 299.8262939453125 310.300506591796875 330.571929931640625 329.420684814453125 284.3485107421875
332.048492431640625 334.0401611328125 329.197845458984375 320.4549560546875 317.9456787109375 307.61328125 307.234100341796875 302.00469970703125 286.698455810546875 280.61846923828125 271.431488037109375 272.245361328125 276.76593017578125 282.170989990234375 276.89154052734375 269.9991455078125 268.635650634765625 277.19305419921875 278.408172607421875 276.33953857421875 259.438690185546875 254.05413818359375 235.1749420166015625 248.4283447265625 273.9178466796875 282.338653564453125 282.72454833984375 282.338775634765625 292.3056640625 297.524871826171875 289.4698486328125 302.24224853515625 331.38909912109375 319.7620849609375 290.771209716796875 288.43426513671875 288.433807373046875 289.93145751953125 287.101806640625 276.339141845703125 348.694305419921875 289.1776123046875
321.991241455078125 320.439422607421875 328.482269287109375 328.04949951171875 330.810546875 322.942626953125 320.439697265625 317.04510498046875 292.61993408203125 276.84222412109375 270.72418212890625 263.253570556640625 248.7018585205078125 264.36865234375 278.65179443359375 280.813323974609375 279.56634521484375 273.301513671875 261.8692626953125 262.998138427734375 291.644012451171875 286.5565185546875 281.3089599609375 292.5562744140625 294.645782470703125 301.55010986328125 317.72564697265625 307.874542236328125 307.527557373046875 299.576873779296875 292.889678955078125 285.4212646484375 285.64093017578125 319.76214599609375 324.726470947265625 326.3094482421875 293.198333740234375 280.813323974609375 273.011627197265625 241.387359619140625 283.670684814453125 309.09307861328125
316.73492431640625 317.949981689453125 333.144744873046875 320.04193115234375 333.198516845703125 342.179962158203125 293.1981201171875 293.45867919921875 300.9638671875 307.504119873046875 287.446319580078125 278.529449462890625 286.388427734375 292.202850341796875 295.231964111328125 283.670379638671875 274.39752197265625 280.68389892578125 284.2149658203125 278.52972412109375 289.178192138671875 308.65966796875 298.0723876953125 294.863311767578125 296.5643310546875 307.7236328125 309.09259033203125 306.253143310546875 323.913970947265625 297.978271484375 282.67950439453125 282.5279541015625 263.65936279296875 289.48565673828125 326.513031005859375 353.289520263671875 313.994354248046875 302.844451904296875 313.667266845703125 346.4288330078125 275.82598876953125 271.2447509765625
319.528076171875 319.4503173828125 357.18353271484375 315.829742431640625 321.071624755859375 9.7819042205810546875 325.303863525390625 306.4154052734375 308.289215087890625 317.86175537109375 301.8271484375 291.929107666015625 295.29144287109375 290.094573974609375 264.95684814453125 276.043212890625 291.800537109375 288.102874755859375 286.072845458984375 279.24560546875 275.091461181640625 283.780975341796875 295.200927734375 292.864471435546875 287.987579345703125 294.30450439453125 297.9613037109375 296.028656005859375 317.201507568359375 286.82012939453125 271.54754638671875 276.7099609375 299.358154296875 285.461090087890625 299.744476318359375 352.874664306640625 323.003997802734375 313.338958740234375 336.16082763671875 26.564989089965820312 269.999359130859375 261.383636474609375
322.3404541015625 320.956146240234375 11.725017547607421875 344.858612060546875 323.7452392578125 6.7654404640197753906 334.572296142578125 314.9996337890625 314.999267578125 314.998626708984375 300.962799072265625 285.94476318359375 273.575775146484375 259.592559814453125 271.507415771484375 285.332794189453125 290.281982421875 281.3095703125 292.55682373046875 293.354888916015625 291.03656005859375 295.425384521484375 280.952911376953125 267.76800537109375 274.18438720703125 288.852874755859375 292.864013671875 287.446868896484375 310.763580322265625 314.99853515625 283.569244384765625 286.5032958984375 308.366363525390625 289.358154296875 276.482147216796875 311.5308837890625 312.1834716796875 316.168212890625 18.435451507568359375 353.65936279296875 338.050140380859375 307.61328125
311.235260009765625 290.770965576171875 66.802764892578125 330.945037841796875 314.999786376953125 12.5278778076171875 319.397247314453125 286.259307861328125 288.434539794921875 307.30340576171875 310.70977783203125 291.19317626953125 261.43048095703125 273.918121337890625 295.523162841796875 293.653717041015625 290.923583984375 280.8131103515625 287.621612548828125 292.573486328125 294.5369873046875 308.155975341796875 309.642974853515625 279.461273193359375 275.526458740234375 282.916900634765625 297.698577880859375 301.32806396484375 296.564849853515625 326.559326171875 325.53814697265625 297.71734619140625 290.321868896484375 287.10205078125 272.792144775390625 269.999755859375 276.00848388671875 281.30828857421875 8.1322689056396484375 317.336181640625 329.035186767578125 342.498199462890625
318.990509033203125 307.405975341796875 324.45977783203125 305.5364990234375 305.90966796875 327.90673828125 347.90447998046875 359.274322509765625 303.688873291015625 287.744384765625 297.896697998046875 317.54364013671875 313.8973388671875 290.28155517578125 277.47076416015625 275.4918212890625 278.1300048828125 260.5374755859375 248.532135009765625 258.48583984375 275.194091796875 294.904052734375 319.76275634765625 305.179473876953125 282.199554443359375 269.999542236328125 277.5943603515625 302.195281982421875 279.7271728515625 297.524871826171875 336.412567138671875 335.22442626953125 298.538787841796875 303.02252197265625 256.262969970703125 246.41290283203125 253.767547607421875 267.137420654296875 320.527252197265625 305.689544677734375 308.2457275390625 326.205108642578125
