wildfire/work/fuelmodels/1993/aspect.asc
ncols        235
nrows        197
xllcorner    186725.000000000000
yllcorner    455035.000000000000
cellsize     5.000000000000
NODATA_value   -999
[rows 171 to 189 of 197, columns 84 to 125 of 235]
136.244842529296875 215.538360595703125 101.65912628173828125 115.3479766845703125 135.0021209716796875 203.1976165771484375 195.2547760009765625 53.53026580810546875 306.86895751953125 299.743011474609375 89.99910736083984375 268.830902099609375 292.379913330078125 88.87625885009765625 172.405487060546875 250.8653564453125 254.35723876953125 132.136627197265625 257.006988525390625 278.6728515625 297.6455078125 84.2891082763671875 77.00421905517578125 319.8638916015625 332.463165283203125 309.84075927734375 310.256378173828125 348.905517578125 353.659088134765625 313.1151123046875 302.470458984375 304.379852294921875 299.7442626953125 19.231113433837890625 319.968658447265625 303.4071044921875 347.855255126953125 326.308746337890625 236.3093719482421875 177.272674560546875 144.0901336669921875 141.3413238525390625
101.30921173095703125 162.1204071044921875 152.240386962890625 330.523651123046875 13.2009429931640625 16.858423233032226562 320.946044921875 355.600494384765625 0 357.707244873046875 57.993865966796875 267.878631591796875 229.7628936767578125 110.77204132080078125 78.69156646728515625 272.64215087890625 281.82171630859375 336.249908447265625 12.994771003723144531 244.9819793701171875 216.8690032958984375 75.9629364013671875 331.649444580078125 321.0841064453125 322.538665771484375 307.475494384765625 299.003570556640625 321.752838134765625 355.134796142578125 308.500244140625 276.469146728515625 246.249603271484375 240.94427490234375 186.842071533203125 266.759857177734375 269.4088134765625 268.15203857421875 103.39211273193359375 217.146759033203125 247.1661224365234375 71.56378936767578125 325.0067138671875
136.004974365234375 149.035247802734375 314.999267578125 308.6595458984375 26.565425872802734375 29.291255950927734375 320.57159423828125 334.535888671875 12.094141960144042969 14.743226051330566406 30.618724822998046875 358.780487060546875 340.015777587890625 65.2243804931640625 335.923858642578125 318.238800048828125 310.33233642578125 310.683135986328125 51.072689056396484375 67.83370208740234375 241.9269256591796875 269.192291259765625 283.2003173828125 284.870269775390625 287.258148193359375 296.0946044921875 297.740478515625 297.8966064453125 340.461883544921875 289.884796142578125 274.266876220703125 274.9677734375 272.38446044921875 293.1971435546875 253.441986083984375 226.81781005859375 224.9994659423828125 71.5640106201171875 347.003997802734375 286.11285400390625 39.28823089599609375 291.97412109375
84.4725799560546875 307.33251953125 325.0072021484375 75.9644317626953125 162.2156219482421875 207.7580718994140625 278.129150390625 304.990570068359375 348.68701171875 44.999897003173828125 67.931884765625 8.131832122802734375 87.27497100830078125 0 301.826690673828125 321.145843505859375 328.20025634765625 330.59197998046875 15.611028671264648438 6.7455987930297851562 352.84136962890625 339.2269287109375 316.49688720703125 306.2845458984375 294.10150146484375 293.044769287109375 292.520111083984375 271.0809326171875 241.6976776123046875 252.7572784423828125 272.662689208984375 303.0555419921875 322.1243896484375 329.380950927734375 354.804107666015625 308.98907470703125 255.57855224609375 232.35137939453125 161.5655517578125 264.47210693359375 327.40673828125 338.96173095703125
16.92830657958984375 278.880157470703125 263.990203857421875 89.99979400634765625 115.34564208984375 230.598724365234375 258.689453125 296.563629150390625 155.5577850341796875 137.6627349853515625 146.3094329833984375 192.803192138671875 224.9921875 327.337646484375 299.247650146484375 265.854827880859375 276.604248046875 306.43841552734375 357.19671630859375 356.008270263671875 344.603515625 347.886444091796875 332.667022705078125 315.74346923828125 302.12445068359375 279.161865234375 250.346038818359375 235.3040618896484375 232.4307098388671875 269.999359130859375 269.3834228515625 252.0503082275390625 226.6363983154296875 237.338623046875 291.370025634765625 358.361602783203125 269.998291015625 214.5619964599609375 228.181182861328125 274.288604736328125 270.68951416015625 325.783233642578125
303.110260009765625 308.883209228515625 228.5738525390625 116.93961334228515625 82.7470245361328125 297.349212646484375 275.31427001953125 156.8010406494140625 153.15240478515625 161.029510498046875 83.66068267822265625 320.19415283203125 322.431304931640625 328.171722412109375 347.003997802734375 190.6185455322265625 229.9929962158203125 242.61187744140625 219.173248291015625 263.41766357421875 292.7816162109375 331.4583740234375 309.986236572265625 279.95758056640625 256.920501708984375 245.7458038330078125 252.0713958740234375 280.00701904296875 300.963470458984375 251.56500244140625 230.194183349609375 218.9449920654296875 199.698089599609375 212.5598297119140625 223.181121826171875 199.29010009765625 163.611328125 237.0952606201171875 259.77716064453125 234.4607696533203125 214.90167236328125 224.4025421142578125
299.9307861328125 298.29974365234375 59.036102294921875 78.177825927734375 12.52832794189453125 317.385650634765625 225.0000762939453125 151.9269866943359375 128.79638671875 237.26385498046875 296.563995361328125 323.275360107421875 333.924346923828125 281.309844970703125 307.405181884765625 25.0963287353515625 308.34490966796875 273.85626220703125 281.975372314453125 290.43206787109375 290.878326416015625 306.673004150390625 312.796478271484375 311.58258056640625 288.43426513671875 280.304168701171875 256.86541748046875 228.3012237548828125 200.6580657958984375 202.011016845703125 225.000091552734375 240.15374755859375 231.3402557373046875 238.670806884765625 251.1609039306640625 247.2483673095703125 260.537353515625 296.5643310546875 250.7091827392578125 186.5808258056640625 194.5883636474609375 216.9504852294921875
347.00518798828125 249.4445648193359375 119.74343109130859375 14.420672416687011719 347.00445556640625 49.513721466064453125 168.6880035400390625 336.8013916015625 9.9264545440673828125 352.503143310546875 298.20062255859375 293.197906494140625 65.55709075927734375 135.003326416015625 255.761627197265625 314.999267578125 332.59161376953125 283.3597412109375 299.2322998046875 308.903594970703125 318.223876953125 314.998931884765625 302.318634033203125 327.263763427734375 304.46038818359375 269.999053955078125 246.8002166748046875 232.59356689453125 226.974090576171875 264.17315673828125 261.02630615234375 239.03594970703125 253.2171173095703125 289.230499267578125 268.362457275390625 212.6605987548828125 225.0001068115234375 183.1800689697265625 169.755126953125 176.9328155517578125 195.153594970703125 209.1674957275390625
129.80615234375 147.5288848876953125 176.053924560546875 222.2067108154296875 205.7096099853515625 106.69905853271484375 330.945037841796875 298.14105224609375 327.528472900390625 9.6371526718139648438 318.466888427734375 275.709564208984375 29.747333526611328125 31.76019287109375 262.302947998046875 252.1204071044921875 279.4609375 272.814788818359375 268.931915283203125 279.782012939453125 297.718353271484375 298.392486572265625 288.9237060546875 268.26336669921875 283.73577880859375 287.592193603515625 274.634613037109375 300.172821044921875 320.042144775390625 286.259918212890625 161.565765380859375 213.3107757568359375 229.20477294921875 195.3492584228515625 198.1653289794921875 194.1531982421875 200.613494873046875 168.86346435546875 166.5216064453125 188.4976348876953125 212.6912841796875 230.2898101806640625
104.53432464599609375 39.804225921630859375 25.90656280517578125 257.006011962890625 173.6592254638671875 151.1440277099609375 215.5370330810546875 248.197784423828125 259.286834716796875 309.805908203125 356.98577880859375 295.97381591796875 348.690948486328125 41.9864501953125 317.725616455078125 314.999267578125 324.65887451171875 322.695159912109375 283.793121337890625 286.578125 303.11083984375 272.4891357421875 263.1568603515625 280.782745361328125 286.605712890625 282.529815673828125 254.4766845703125 261.384185791015625 186.3386993408203125 216.46856689453125 176.4232025146484375 155.5562744140625 199.057373046875 180.8674774169921875 192.6988372802734375 196.347625732421875 190.3045806884765625 171.7591094970703125 183.0657196044921875 203.0386199951171875 203.3554229736328125 243.232025146484375
30.963685989379882812 347.8275146484375 31.373027801513671875 49.76457977294921875 114.44428253173828125 179.9995880126953125 257.61822509765625 286.8577880859375 280.008056640625 208.0720367431640625 212.470428466796875 171.8689422607421875 179.9993743896484375 196.0491180419921875 270.578216552734375 298.008544921875 323.04803466796875 350.25518798828125 296.5643310546875 291.7264404296875 329.825897216796875 303.689117431640625 309.709259033203125 316.2720947265625 299.743011474609375 321.007171630859375 313.36297607421875 288.43402099609375 78.69240570068359375 267.708282470703125 157.931671142578125 135.8679046630859375 185.572357177734375 181.2728729248046875 174.0617523193359375 187.162994384765625 200.4800262451171875 183.012420654296875 187.1243133544921875 202.1349334716796875 207.284149169921875 251.161041259765625
129.289093017578125 161.5640411376953125 142.5958404541015625 92.72718048095703125 90.8302764892578125 306.633636474609375 314.999267578125 314.999267578125 12.144430160522460938 14.858869552612304688 313.362335205078125 53.129917144775390625 3.9906687736511230469 306.41595458984375 285.2547607421875 272.72576904296875 274.2135009765625 322.96832275390625 305.8878173828125 298.569915771484375 324.0897216796875 299.053955078125 307.98291015625 350.537261962890625 269.999359130859375 285.45965576171875 308.416534423828125 282.526092529296875 270.010284423828125 164.0529937744140625 129.8046417236328125 124.93865966796875 165.5797119140625 181.975189208984375 153.13720703125 182.641693115234375 227.792236328125 185.5988311767578125 182.082000732421875 215.19342041015625 234.96356201171875 260.489990234375
171.868621826171875 134.9996795654296875 157.4790802001953125 150.7078704833984375 68.496978759765625 304.69464111328125 298.558929443359375 303.464630126953125 354.595550537109375 12.763170242309570312 350.654449462890625 10.6405029296875 359.40838623046875 346.957305908203125 333.434356689453125 265.36407470703125 264.093505859375 296.5643310546875 308.15655517578125 318.81329345703125 339.58935546875 320.19366455078125 310.913970947265625 1.0811394453048706055 346.47589111328125 324.46142578125 337.619598388671875 311.184417724609375 1.3314841985702514648 87.954345703125 118.6856536865234375 106.47641754150390625 124.59229278564453125 195.068634033203125 251.560089111328125 1.9761234521865844727 267.50927734375 176.186187744140625 165.699188232421875 233.34344482421875 261.7589111328125 277.8348388671875
270.001556396484375 113.498016357421875 139.7634735107421875 207.1812286376953125 273.3665771484375 250.5595550537109375 241.69873046875 264.574066162109375 295.3453369140625 27.215814590454101562 4.2678060531616210938 0 347.004180908203125 343.300079345703125 357.3153076171875 337.40911865234375 304.1429443359375 305.891998291015625 316.41400146484375 308.41717529296875 312.87811279296875 319.158599853515625 321.22479248046875 339.443389892578125 348.9586181640625 357.357086181640625 7.5236806869506835938 312.1368408203125 14.533578872680664062 86.933441162109375 120.342926025390625 141.0538482666015625 127.7629241943359375 200.4320068359375 214.1138153076171875 192.6522369384765625 229.399200439453125 270.00299072265625 358.830230712890625 310.9710693359375 280.76739501953125 275.616790771484375
231.338592529296875 62.241291046142578125 19.32265472412109375 353.2891845703125 316.636199951171875 329.035400390625 329.972320556640625 283.8509521484375 248.1981353759765625 177.274749755859375 84.28791046142578125 299.7467041015625 299.9307861328125 305.536895751953125 327.055816650390625 344.7967529296875 320.0281982421875 297.675048828125 320.630218505859375 332.649566650390625 320.355194091796875 323.296295166015625 312.579559326171875 338.333282470703125 24.677385330200195312 354.2896728515625 358.53009033203125 33.687885284423828125 150.12347412109375 109.75923919677734375 98.8804473876953125 125.86940765380859375 134.999053955078125 205.0154571533203125 230.9060821533203125 230.7104949951171875 253.886474609375 297.255035400390625 325.55120849609375 342.871185302734375 316.205108642578125 273.81329345703125
302.470245361328125 339.7744140625 343.5584716796875 4.297412872314453125 348.339996337890625 334.0126953125 348.023101806640625 342.473663330078125 324.727020263671875 342.9227294921875 12.942325592041015625 4.4750766754150390625 334.982757568359375 317.9501953125 306.026824951171875 314.999847412109375 287.2998046875 280.374908447265625 300.962860107421875 333.66644287109375 338.88580322265625 337.379150390625 318.269500732421875 352.30322265625 28.142473220825195312 10.305171966552734375 44.999897003173828125 111.97454833984375 121.4295501708984375 57.72478485107421875 78.424468994140625 90.6431884765625 311.187225341796875 357.137237548828125 338.628021240234375 274.898834228515625 280.3037109375 291.270660400390625 300.3104248046875 332.24066162109375 331.439849853515625 281.76788330078125
337.022430419921875 341.07464599609375 331.01025390625 349.853759765625 353.59783935546875 332.890960693359375 351.284271240234375 345.962738037109375 331.81195068359375 342.391754150390625 12.235879898071289062 24.727209091186523438 341.564361572265625 315.60247802734375 320.289642333984375 320.440765380859375 295.61529541015625 288.876861572265625 292.33477783203125 308.82952880859375 286.92767333984375 280.490966796875 301.29217529296875 11.310115814208984375 2.7273924350738525391 35.27278900146484375 94.14469146728515625 128.28997802734375 188.364959716796875 271.846649169921875 75.28783416748046875 70.0962066650390625 300.0679931640625 12.997533798217773438 96.3415679931640625 253.61029052734375 266.4674072265625 268.90472412109375 266.30810546875 261.52935791015625 250.560699462890625 241.33544921875
340.676177978515625 341.317413330078125 326.495697021484375 338.662322998046875 356.454833984375 331.127166748046875 352.805450439453125 329.533355712890625 314.15655517578125 315.00030517578125 335.923858642578125 29.538511276245117188 7.1249995231628417969 304.379058837890625 307.30267333984375 333.71099853515625 322.124176025390625 289.9483642578125 279.84515380859375 295.015899658203125 188.130096435546875 263.046539306640625 286.629913330078125 14.7440948486328125 29.477197647094726562 72.6456146240234375 87.5525970458984375 95.5002288818359375 210.57806396484375 216.9947967529296875 107.592315673828125 76.9307098388671875 335.554962158203125 78.69324493408203125 44.998531341552734375 299.052459716796875 255.41058349609375 261.96783447265625 263.453125 264.09283447265625 264.80279541015625 262.475128173828125
349.938568115234375 335.555328369140625 319.315185546875 344.319427490234375 352.00177001953125 338.901611328125 355.600494384765625 344.87518310546875 314.9970703125 276.338470458984375 300.963104248046875 7.6957201957702636719 34.045841217041015625 357.510040283203125 305.5367431640625 309.52191162109375 328.133148193359375 297.783111572265625 281.914306640625 328.390594482421875 3.9908096790313720703 294.733306884765625 283.199798583984375 57.531757354736328125 82.40569305419921875 101.30948638916015625 88.3313140869140625 66.80120849609375 9.1624364852905273438 134.992401123046875 123.68947601318359375 121.60710906982421875 158.4983673095703125 206.56500244140625 149.0371856689453125 158.19879150390625 237.5279388427734375 249.361724853515625 247.98809814453125 254.98077392578125 281.308135986328125 279.68798828125
