wildfire/work/fuelmodels/1993/slope.asc
ncols        235
nrows        197
xllcorner    186725.000000000000
yllcorner    455035.000000000000
cellsize     5.000000000000
NODATA_value   -999
[rows 126 to 143 of 197, columns 160 to 199 of 235]
1.802281498908996582 1.6022236347198486328 0.70000118017196655273 0.15907943248748779297 1.0533719062805175781 0.071139290928840637207 1.8212717771530151367 0.99860918521881103516 1.7159953117370605469 2.1279644966125488281 2.3609890937805175781 3.5027463436126708984 2.8573548793792724609 1.113648533821105957 0.99913704395294189453 3.5234661102294921875 2.6950652599334716797 1.5716090202331542969 2.7469127178192138672 2.1960461139678955078 1.0672078132629394531 2.0747635364532470703 3.0352654457092285156 1.9796830415725708008 0.69495129585266113281 0.04500102996826171875 0.17999529838562011719 1.2178418636322021484 2.823699951171875 2.3571424484252929688 2.0251529216766357422 2.2461526393890380859 2.0871665477752685547 1.6353821754455566406 0.78005731105804443359 1.4132666587829589844 2.0980303287506103516 2.1095852851867675781 2.4078824520111083984 2.1066949367523193359
1.8271145820617675781 2.2567131519317626953 1.0359296798706054688 0.15910615026950836182 1.1738364696502685547 1.1811380386352539062 2.0659637451171875 2.3646318912506103516 3.0879280567169189453 2.41143035888671875 1.1494166851043701172 2.5960652828216552734 3.3818058967590332031 1.6874610185623168945 1.2194986343383789062 3.3665401935577392578 3.3546593189239501953 1.8090207576751708984 2.7051808834075927734 2.8116748332977294922 1.4246884584426879883 2.2353208065032958984 2.6148810386657714844 1.4032046794891357422 1.3118765354156494141 0.65519684553146362305 0.44319730997085571289 2.4329450130462646484 2.8183274269104003906 1.6739060878753662109 2.2944977283477783203 2.5774850845336914062 1.9534384012222290039 1.3502794504165649414 0.81122088432312011719 1.8800526857376098633 2.9711322784423828125 2.7573919296264648438 2.1775553226470947266 1.560296177864074707
0.97138035297393798828 2.0642566680908203125 1.8235114812850952148 1.3536382913589477539 2.5457096099853515625 2.1336545944213867188 1.9354819059371948242 2.4329395294189453125 2.5551998615264892578 1.5125588178634643555 0.98792052268981933594 2.7106096744537353516 4.0924239158630371094 2.2269341945648193359 1.8673493862152099609 3.1482267379760742188 3.3175377845764160156 2.5331568717956542969 2.9036734104156494141 2.7225208282470703125 1.7121732234954833984 2.6593668460845947266 2.0776903629302978516 1.7748584747314453125 2.4331502914428710938 1.0822921991348266602 0.69857102632522583008 2.9600522518157958984 2.8777942657470703125 2.0679280757904052734 2.4162580966949462891 2.2155499458312988281 1.2679133415222167969 1.4086016416549682617 1.7570935487747192383 2.5016222000122070312 2.8116717338562011719 1.829043269157409668 1.4089804887771606445 1.41219329833984375
0.51798200607299804688 0.99098610877990722656 2.245265960693359375 2.4629151821136474609 2.3258225917816162109 1.1772599220275878906 1.3956114053726196289 2.2298822402954101562 1.4317631721496582031 1.7929975986480712891 0.93581914901733398438 2.7262246608734130859 4.6098337173461914062 2.8095097541809082031 2.4385480880737304688 3.5780773162841796875 3.4422152042388916016 3.4173190593719482422 2.9675614833831787109 2.4185717105865478516 2.0953929424285888672 3.3582627773284912109 2.1605215072631835938 1.9448626041412353516 1.9099514484405517578 0.89150190353393554688 2.1717274188995361328 2.7402675151824951172 2.3118648529052734375 1.867371678352355957 1.5774010419845581055 1.9394134283065795898 1.9228868484497070312 2.1035778522491455078 1.9748402833938598633 2.1731326580047607422 2.0065703392028808594 1.4800820350646972656 1.5908375978469848633 1.6163970232009887695
0.72627723217010498047 0.72628790140151977539 1.2631390094757080078 1.9326241016387939453 2.0740473270416259766 1.8551398515701293945 2.1914422512054443359 1.7501627206802368164 1.1651788949966430664 2.1074097156524658203 0.16224621236324310303 3.1073441505432128906 4.5908613204956054688 2.4943130016326904297 2.3463835716247558594 3.2463915348052978516 3.9780609607696533203 4.5927286148071289062 2.9120123386383056641 2.1562952995300292969 2.8748056888580322266 3.59134674072265625 1.2679207324981689453 1.2703087329864501953 1.8781791925430297852 1.4514299631118774414 2.2667658329010009766 1.666933894157409668 0.83523106575012207031 2.0679264068603515625 2.2344090938568115234 2.6379985809326171875 2.6769821643829345703 1.8496650457382202148 1.7498785257339477539 2.2962634563446044922 2.3013169765472412109 2.3560791015625 2.4886631965637207031 1.6213909387588500977
0.21345008909702301025 0.81807494163513183594 1.6338176727294921875 2.1388564109802246094 2.5617346763610839844 2.4304478168487548828 2.0492444038391113281 1.2727000713348388672 2.3799989223480224609 1.3977769613265991211 2.1400496959686279297 3.6923017501831054688 3.3852281570434570312 1.8003122806549072266 2.0482497215270996094 3.0833346843719482422 4.5927286148071289062 5.4130177497863769531 2.923969268798828125 2.0715870857238769531 3.6084656715393066406 3.0657558441162109375 0.27371138334274291992 0.82972753047943115234 2.2045578956604003906 2.1877472400665283203 2.5213270187377929688 1.8641153573989868164 2.1513628959655761719 2.0876359939575195312 3.3602080345153808594 3.6260504722595214844 2.4019653797149658203 1.9842660427093505859 2.3549928665161132812 2.3878331184387207031 1.7785463333129882812 1.5987719297409057617 1.6799335479736328125 0.44659501314163208008
0.54744452238082885742 1.9929361343383789062 2.1018810272216796875 1.8411610126495361328 1.4977537393569946289 0.99910879135131835938 0.77680200338363647461 1.9601559638977050781 2.1932995319366455078 2.4331669807434082031 3.8635711669921875 3.0217478275299072266 2.0033152103424072266 1.7955347299575805664 1.7507338523864746094 4.1176228523254394531 5.3689160346984863281 5.1222882270812988281 2.6662023067474365234 2.1203470230102539062 3.6489636898040771484 1.9593814611434936523 0.40747234225273132324 1.2408974170684814453 2.3205831050872802734 1.9534320831298828125 3.4539327621459960938 2.6116039752960205078 2.9692711830139160156 3.3768663406372070312 3.9113821983337402344 3.6703572273254394531 2.1551256179809570312 2.1506721973419189453 2.0725753307342529297 1.3199532032012939453 0.96928727626800537109 1.3427640199661254883 1.6702669858932495117 0.54372727870941162109
2.1191508769989013672 3.3175358772277832031 2.2854430675506591797 1.153378605842590332 0.15909886360168457031 0.37244194746017456055 0.16225810348987579346 1.9534248113632202148 1.4246946573257446289 3.2708988189697265625 3.2995157241821289062 1.7510404586791992188 1.0883660316467285156 1.7324161529541015625 1.3506536483764648438 4.9452061653137207031 5.5505008697509765625 4.3559107780456542969 2.8374426364898681641 2.7126462459564208984 3.2337613105773925781 1.3725790977478027344 0.41366165876388549805 1.9292052984237670898 2.6849150657653808594 2.6092674732208251953 3.6556134223937988281 2.4823365211486816406 1.0519375801086425781 1.8627742528915405273 2.6362717151641845703 2.6818919181823730469 1.4175668954849243164 1.4903198480606079102 1.4649642705917358398 1.0127087831497192383 0.89148193597793579102 1.1776949167251586914 1.5538184642791748047 0.78780627250671386719
2.8354868888854980469 2.5837602615356445312 0.8999665379524230957 0.54092580080032348633 0.61205369234085083008 0.14230564236640930176 0.70074635744094848633 1.0106934309005737305 1.6889346837997436523 3.3132560253143310547 2.063014984130859375 1.4739068746566772461 1.0957682132720947266 0.93578892946243286133 1.4711838960647583008 4.6863279342651367188 5.460826873779296875 4.4697003364562988281 3.6267483234405517578 3.2798483371734619141 2.8486645221710205078 1.8221156597137451172 2.1088550090789794922 2.6633634567260742188 3.1443889141082763672 3.1196854114532470703 2.5688354969024658203 1.7842307090759277344 1.4207780361175537109 1.3592401742935180664 1.7097905874252319336 2.1670665740966796875 1.3118747472763061523 1.0246328115463256836 1.2538660764694213867 1.2873275279998779297 0.82972753047943115234 0.8112265467643737793 1.5305185317993164062 1.3696346282958984375
2.65765380859375 0.22944043576717376709 1.5908271074295043945 1.7887536287307739258 1.8011661767959594727 1.8716999292373657227 1.487589716911315918 0.59783411026000976562 3.0477206707000732422 3.1965067386627197266 1.3945270776748657227 0.96614158153533935547 0.19355744123458862305 0.21342837810516357422 1.7053567171096801758 3.9829943180084228516 5.5296754837036132812 5.4364352226257324219 4.1392788887023925781 2.5774760246276855469 2.0980474948883056641 1.9817261695861816406 1.9534323215484619141 1.8011814355850219727 2.6941375732421875 2.4618654251098632812 1.0533719062805175781 1.7301032543182373047 1.5088709592819213867 0.85614198446273803711 1.757081151008605957 2.1165285110473632812 1.2392687797546386719 0.85675805807113647461 1.4913153648376464844 1.7808175086975097656 0.9422963261604309082 0.93149453401565551758 1.7533479928970336914 1.70536041259765625
0.20123887062072753906 1.6826385259628295898 1.2195047140121459961 1.8011591434478759766 3.2312417030334472656 2.679050445556640625 1.9218451976776123047 2.1935102939605712891 3.5497467517852783203 2.3571424484252929688 1.2240577936172485352 1.4831469058990478516 0.48674869537353515625 0.49395012855529785156 1.8619391918182373047 3.7714822292327880859 5.8217573165893554688 6.0584959983825683594 4.2806334495544433594 2.2513213157653808594 1.7887727022171020508 2.2118971347808837891 2.3039593696594238281 1.9354979991912841797 2.4009308815002441406 2.0425646305084228516 0.99861574172973632812 1.8988013267517089844 1.1651588678359985352 0.60035270452499389648 2.0679233074188232422 2.2326054573059082031 0.96930325031280517578 0.78264832496643066406 1.5977917909622192383 1.8918719291687011719 1.2885285615921020508 1.1458826065063476562 1.7133343219757080078 0.89828169345855712891
1.779972076416015625 0.37107548117637634277 1.7394279241561889648 2.4210622310638427734 2.2781324386596679688 1.1651549339294433594 3.3611035346984863281 2.6584250926971435547 3.0772840976715087891 1.6325818300247192383 1.8974754810333251953 2.0146341323852539062 1.3872509002685546875 1.089268803596496582 1.7785496711730957031 3.5118181705474853516 5.7773938179016113281 5.8877820968627929688 4.7204408645629882812 3.4672222137451171875 2.5579998493194580078 2.8610486984252929688 3.0591433048248291016 2.2278430461883544922 1.7133427858352661133 1.8003205060958862305 1.4461879730224609375 1.6325715780258178711 1.1960276365280151367 0.68021446466445922852 1.936794281005859375 2.3844451904296875 0.73253911733627319336 0.67498558759689331055 1.5357875823974609375 1.8673802614212036133 1.8271100521087646484 1.4430184364318847656 1.1498568058013916016 0.41366636753082275391
1.7472707033157348633 1.867374420166015625 1.4903198480606079102 3.0103468894958496094 3.1308436393737792969 2.5229430198669433594 4.36470794677734375 2.2607560157775878906 2.2714602947235107422 1.1472165584564208984 2.5774919986724853516 2.0022900104522705078 2.4815280437469482422 0.73458749055862426758 3.0163848400115966797 3.8114488124847412109 5.3621487617492675781 5.5000886917114257812 4.4539690017700195312 4.2260427474975585938 3.0917046070098876953 2.4279522895812988281 2.2461526393890380859 1.4218504428863525391 1.1405844688415527344 1.4260975122451782227 1.7785514593124389648 1.4426838159561157227 1.1738058328628540039 0.85496813058853149414 1.9375778436660766602 2.2596290111541748047 0.65287798643112182617 0.65597224235534667969 1.4666945934295654297 2.0033137798309326172 2.1222488880157470703 1.626044154167175293 1.0201760530471801758 0.8400542140007019043
3.5823304653167724609 1.6360001564025878906 0.70650535821914672852 2.4352450370788574219 1.9500687122344970703 2.4395916461944580078 3.8195357322692871094 0.80559015274047851562 0.93634611368179321289 2.0803558826446533203 1.7440865039825439453 1.319941401481628418 2.0987749099731445312 2.1953692436218261719 5.3711686134338378906 5.1996417045593261719 5.8927402496337890625 5.9518103599548339844 4.1972818374633789062 3.5030162334442138672 2.9689304828643798828 2.4544794559478759766 1.8290355205535888672 1.6101180315017700195 1.3740532398223876953 0.96771627664566040039 1.7691428661346435547 1.438826441764831543 1.1330031156539916992 1.4510724544525146484 1.8334573507308959961 1.5225574970245361328 1.1208908557891845703 1.2715253829956054688 1.4831666946411132812 1.8496628999710083008 1.9417399168014526367 1.713339686393737793 1.4014115333557128906 0.76433777809143066406
2.8778023719787597656 1.3141818046569824219 1.5667774677276611328 1.3666745424270629883 1.3988806009292602539 2.3249554634094238281 2.1372268199920654297 1.3378418684005737305 0.92766964435577392578 1.2006789445877075195 0.86438554525375366211 1.3681472539901733398 0.60455071926116943359 4.8480195999145507812 5.9001717567443847656 4.9182257652282714844 4.2617344856262207031 3.7688155174255371094 2.9921624660491943359 2.5658729076385498047 2.6086814403533935547 2.4780657291412353516 1.9141967296600341797 2.0033071041107177734 1.3663046360015869141 1.1405783891677856445 1.6424708366394042969 1.3427593708038330078 1.6223332881927490234 1.6535249948501586914 1.4260900020599365234 1.0127092599868774414 0.9178059697151184082 1.8090232610702514648 1.6657248735427856445 1.6378295421600341797 1.282601475715637207 1.1177010536193847656 1.8411567211151123047 1.7501672506332397461
2.4476690292358398438 2.6048009395599365234 3.1812903881072998047 3.3280303478240966797 3.91860198974609375 3.0222480297088623047 1.9367854595184326172 1.2044643163681030273 0.76960444450378417969 0.84245562553405761719 1.3241554498672485352 1.394517064094543457 2.8793771266937255859 5.7016859054565429688 4.810619354248046875 3.3856866359710693359 2.1842899322509765625 2.2155478000640869141 2.9057531356811523438 2.5946953296661376953 2.1530020236968994141 2.1028501987457275391 2.5209450721740722656 2.6231687068939208984 1.3184134960174560547 1.7254068851470947266 1.6088501214981079102 1.3506516218185424805 2.2533595561981201172 1.7639783620834350586 1.4129011631011962891 1.5696947574615478516 1.5593442916870117188 1.8673661947250366211 1.9924211502075195312 1.5978010892868041992 0.56384640932083129883 0.31818702816963195801 1.0466153621673583984 1.6226439476013183594
2.81723785400390625 3.670352935791015625 4.2002844810485839844 4.2092876434326171875 3.5283195972442626953 2.4569332599639892578 2.4937069416046142578 1.800303339958190918 1.1298651695251464844 1.2998616695404052734 2.3963038921356201172 1.0437369346618652344 4.9897937774658203125 5.03643798828125 4.0387725830078125 3.3443851470947265625 1.7932848930358886719 1.9260497093200683594 2.3560497760772705078 2.4845805168151855469 1.8886439800262451172 1.3945201635360717773 2.0472869873046875 2.6463975906372070312 1.6811335086822509766 1.5115449428558349609 1.4089636802673339844 1.4649779796600341797 2.3398988246917724609 2.0980303287506103516 1.4708286523818969727 1.5564123392105102539 1.0990030765533447266 1.4597855806350708008 2.3706126213073730469 1.4524705410003662109 0.38314396142959594727 0.262386322021484375 1.4738951921463012695 1.4666829109191894531
0.9177958369255065918 1.5390783548355102539 2.0146272182464599609 1.5515309572219848633 1.306071162223815918 2.0206606388092041016 3.0700476169586181641 2.9239757061004638672 2.0244014263153076172 2.0266509056091308594 1.7918622493743896484 2.6133379936218261719 6.592014312744140625 4.3978762626647949219 3.4338324069976806641 2.6356782913208007812 1.7394279241561889648 1.8982781171798706055 1.8982611894607543945 2.0922446250915527344 1.8334573507308959961 1.6050652265548706055 1.6050994396209716797 2.2969317436218261719 2.3950107097625732422 1.3740532398223876953 1.4957410097122192383 1.9511113166809082031 2.2649776935577392578 2.3571262359619140625 1.489640355110168457 1.0422582626342773438 0.76893210411071777344 1.4472588300704956055 2.5774796009063720703 1.6608519554138183594 0.54093217849731445312 0.78263747692108154297 1.902783513069152832 1.2408918142318725586
