wildfire/work/fuelmodels/1993/slope.asc
ncols        235
nrows        197
xllcorner    186725.000000000000
yllcorner    455035.000000000000
cellsize     5.000000000000
NODATA_value   -999
[rows 36 to 53 of 197, columns 80 to 119 of 235]
0.67648398876190185547 0.30187878012657165527 0.17135973274707794189 0.71150195598602294922 1.6608593463897705078 1.8020145893096923828 1.7324417829513549805 1.8160043954849243164 1.4994424581527709961 4.1138215065002441406 6.4179534912109375 8.2500314712524414062 7.3272500038146972656 3.6572561264038085938 1.0822811126708984375 0.95668685436248779297 1.497765660285949707 1.3740451335906982422 1.4089758396148681641 2.3240654468536376953 6.4026436805725097656 8.7525644302368164062 6.3296093940734863281 7.0596671104431152344 6.133365631103515625 4.7380495071411132812 3.4596345424652099609 2.8374426364898681641 5.3729448318481445312 8.6733722686767578125 10.233524322509765625 9.9067945480346679688 8.5179738998413085938 6.73477935791015625 6.1041741371154785156 6.4261984825134277344 7.0187940597534179688 7.3567757606506347656 2.1886556148529052734 1.9642889499664306641
0.69785124063491821289 0.38842019438743591309 0.131212577223777771 0.22499953210353851318 0.37244194746017456055 0.36280050873756408691 1.2281819581985473633 4.4512457847595214844 7.9313535690307617188 8.96661376953125 8.4528131484985351562 7.0439085960388183594 4.3725581169128417969 1.3397325277328491211 0.41488790512084960938 0.40498939156532287598 1.0695974826812744141 1.1100035905838012695 1.9409698247909545898 3.0183939933776855469 3.4644501209259033203 5.9107308387756347656 7.8114876747131347656 9.1359624862670898438 9.0129575729370117188 8.6486530303955078125 8.4618587493896484375 7.5009603500366210938 5.1044650077819824219 1.7524787187576293945 2.3646309375762939453 4.4739794731140136719 4.9580454826354980469 4.4702515602111816406 4.4047570228576660156 5.53195953369140625 7.8288068771362304688 8.910778045654296875 4.2975716590881347656 1.3325529098510742188
0.22499953210353851318 0 0 1.4514408111572265625 1.3118747472763061523 0.96300333738327026367 3.4811873435974121094 7.2984342575073242188 8.1415348052978515625 5.2577719688415527344 3.0384294986724853516 1.8496650457382202148 1.4189995527267456055 0.78714996576309204102 0.62756085395812988281 0.33220472931861877441 0.48150941729545593262 0.089993447065353393555 2.427947998046875 3.2877025604248046875 1.8045374155044555664 0.79737806320190429688 2.4462184906005859375 2.2260198593139648438 2.9733357429504394531 3.5428860187530517578 4.1934361457824707031 5.0135760307312011719 6.2613010406494140625 7.3706150054931640625 7.3090806007385253906 4.9561176300048828125 1.5796365737915039062 2.7174756526947021484 3.0772585868835449219 4.7652153968811035156 7.2212934494018554688 8.71685028076171875 7.2173166275024414062 3.1712663173675537109
0.48152142763137817383 0.20124270021915435791 1.066741943359375 1.5482652187347412109 2.8790147304534912109 4.3822417259216308594 6.7522821426391601562 6.8815436363220214844 4.6229386329650878906 1.9394146203994750977 0.131212577223777771 0.47302922606468200684 0.74893260002136230469 1.059605717658996582 1.6297943592071533203 1.7336004972457885742 1.7221722602844238281 2.3742239475250244141 5.0544290542602539062 5.76728057861328125 4.2802743911743164062 4.1802887916564941406 5.7350673675537109375 6.815395355224609375 6.11865997314453125 5.0878200531005859375 4.2278418540954589844 1.8179533481597900391 1.1841337680816650391 2.5195434093475341797 4.7486891746520996094 7.8142371177673339844 5.371524810791015625 1.3773635625839233398 2.2594013214111328125 3.567043304443359375 5.7044219970703125 7.9510617256164550781 9.1752347946166992188 5.0163822174072265625
1.9919118881225585938 1.9059740304946899414 3.7239024639129638672 4.6467771530151367188 5.1621837615966796875 5.9114165306091308594 5.884441375732421875 3.6567094326019287109 1.4994388818740844727 3.0591487884521484375 2.9533984661102294922 1.6288716793060302734 2.1682407855987548828 5.235195159912109375 7.7382640838623046875 9.2443456649780273438 10.000096321105957031 10.334515571594238281 11.047159194946289062 10.089619636535644531 9.276363372802734375 9.7943010330200195312 10.553997993469238281 10.622008323669433594 10.272674560546875 9.6370592117309570312 9.3158807754516601562 6.7279958724975585938 2.7967164516448974609 0.95931726694107055664 2.301319122314453125 9.0491743087768554688 6.9765763282775878906 2.3958735466003417969 2.6218397617340087891 2.5337407588958740234 4.4249830245971679688 7.7703180313110351562 11.012568473815917969 6.0387797355651855469
5.2650437355041503906 5.6337199211120605469 6.559967041015625 5.7333912849426269531 4.6079726219177246094 3.5456004142761230469 2.5131142139434814453 0.51307463645935058594 1.4656534194946289062 2.1400394439697265625 3.5851261615753173828 4.7172474861145019531 7.3600511550903320312 10.714397430419921875 11.447353363037109375 11.193938255310058594 11.214306831359863281 11.197673797607421875 10.215955734252929688 8.1252803802490234375 7.6381039619445800781 7.7013134956359863281 6.4301714897155761719 5.5169939994812011719 5.8690271377563476562 6.6774473190307617188 9.0151233673095703125 10.11347198486328125 8.1025028228759765625 3.68738555908203125 4.4765734672546386719 10.385220527648925781 5.8404932022094726562 3.5371942520141601562 3.6622371673583984375 3.2004499435424804688 4.296642303466796875 7.4569487571716308594 12.127015113830566406 8.4314899444580078125
4.3699016571044921875 4.9230480194091796875 4.4504570960998535156 2.5355534553527832031 1.6608593463897705078 1.5696984529495239258 0.706512451171875 0.4280942082405090332 0.60373157262802124023 1.158185124397277832 1.1981408596038818359 4.0958681106567382812 9.2131757736206054688 9.6681566238403320312 6.2378702163696289062 4.4335274696350097656 3.9381251335144042969 3.6252107620239257812 3.1107566356658935547 2.0934395790100097656 1.2671140432357788086 0.82789820432662963867 0.51406067609786987305 0.41366165876388549805 1.0519382953643798828 1.894257664680480957 3.89258575439453125 6.7356691360473632812 10.177648544311523438 10.073476791381835938 8.6908807754516601562 10.539862632751464844 3.1863703727722167969 2.4162600040435791016 3.4119894504547119141 3.9723443984985351562 4.5905361175537109375 7.0425553321838378906 12.017621040344238281 10.922070503234863281
2.5050418376922607422 2.2623069286346435547 2.0608158111572265625 1.6593343019485473633 1.8641204833984375 1.6648182868957519531 1.4003278017044067383 0.87372606992721557617 0.99913543462753295898 1.6910423040390014648 2.1642663478851318359 3.769489288330078125 8.2568960189819335938 5.8079957962036132812 1.197718501091003418 0.5867188572883605957 0.24231824278831481934 0.48569914698600769043 0.80997097492218017578 0.57628649473190307617 1.2790472507476806641 2.02040863037109375 1.8257275819778442383 1.5748409032821655273 1.2157526016235351562 0.47835654020309448242 1.0860120058059692383 2.66335296630859375 6.1892147064208984375 9.9568834304809570312 10.311354637145996094 7.7658071517944335938 1.8011690378189086914 1.2413119077682495117 1.8356695175170898438 2.9436097145080566406 3.5037569999694824219 6.1686182022094726562 11.452034950256347656 13.062971115112304688
1.7121732234954833984 1.4573526382446289062 1.5642049312591552734 1.5696947574615478516 1.332539677619934082 0.69784349203109741211 1.2195031642913818359 0.81558841466903686523 0.29336518049240112305 0.78779798746109008789 1.2376222610473632812 3.5175683498382568359 8.8264484405517578125 8.06832122802734375 2.5733482837677001953 0.44318163394927978516 0.57626372575759887695 0.81557708978652954102 1.2115863561630249023 1.7151081562042236328 2.3074650764465332031 1.5667934417724609375 0.51798200607299804688 0.58063924312591552734 1.0325145721435546875 0.9868920445442199707 0.25655594468116760254 0.9884293675422668457 1.6847517490386962891 3.0872797966003417969 3.6274497509002685547 1.9755827188491821289 1.6696752309799194336 0.64350658655166625977 0.85969936847686767578 2.0065777301788330078 2.3588399887084960938 4.1923656463623046875 9.34583282470703125 14.366985321044921875
0.31500592827796936035 0.31820401549339294434 1.1994193792343139648 0.86555868387222290039 0.29335728287696838379 0.50911098718643188477 0.31339526176452636719 0.75900304317474365234 0.70074635744094848633 0.49498918652534484863 0.98019063472747802734 1.6910380125045776367 5.4197416305541992188 8.5643568038940429688 5.3981952667236328125 1.2290097475051879883 0.38316714763641357422 0.28812745213508605957 0.70001333951950073242 1.8529438972473144531 1.5799782276153564453 0.55570113658905029297 0.20124654471874237061 0.66895759105682373047 0.45000657439231872559 0.90053552389144897461 0.76960748434066772461 0.41852661967277526855 0.33825132250785827637 0.063641056418418884277 0.43279692530632019043 0.70650315284729003906 1.3536548614501953125 0.16224621236324310303 0.26238340139389038086 0.8999665379524230957 1.5208698511123657227 2.2763359546661376953 4.4539589881896972656 7.7511878013610839844
0.18552500009536743164 0.20374763011932373047 0.84003716707229614258 0.92273277044296264648 0.92329353094100952148 1.4175707101821899414 1.4064645767211914062 0.79801726341247558594 0.35575437545776367188 0.98843407630920410156 1.6937336921691894531 1.8843435049057006836 2.9071545600891113281 7.4158139228820800781 6.7785677909851074219 0.94604212045669555664 0.52958619594573974609 1.8212801218032836914 4.9132905006408691406 5.7767786979675292969 4.7964420318603515625 3.3371250629425048828 2.037113189697265625 0.55570876598358154297 0.84065133333206176758 0.49704757332801818848 0.78780627250671386719 1.2607322931289672852 0.80998808145523071289 0.44206446409225463867 0.47304636240005493164 0.57364535331726074219 0.51307463645935058594 0.83520466089248657227 0.65288686752319335938 0.58500844240188598633 0.8846435546875 1.4175380468368530273 1.459758758544921875 1.258704066276550293
0.29336386919021606445 0.22498409450054168701 0.45890143513679504395 0.44203740358352661133 1.6063373088836669922 1.7324347496032714844 1.0985345840454101562 0.62677556276321411133 0.54093647003173828125 0.72627723217010498047 1.3060717582702636719 2.0133755207061767578 2.5575780868530273438 7.4507589340209960938 7.5380344390869140625 1.9354819059371948242 4.4640469551086425781 8.9369783401489257812 10.695604324340820312 9.4666585922241210938 9.1832323074340820312 8.9798154830932617188 8.2054224014282226562 6.5666379928588867188 4.6289515495300292969 4.0772342681884765625 3.7054409980773925781 2.8172538280487060547 1.6961187124252319336 1.2538660764694213867 1.2671312093734741211 1.0577018260955810547 0.71150195598602294922 0.32759803533554077148 0.25653937458992004395 0.031826604157686233521 0.35145980119705200195 0.66897028684616088867 0.72699010372161865234 0.89150148630142211914
0.3724378049373626709 0.47302106022834777832 0.7954743504524230957 0.38841319084167480469 1.6865627765655517578 0.671245574951171875 1.9666188955307006836 1.5834982395172119141 0.86905699968338012695 0.15909643471240997314 0.98226439952850341797 0.68319165706634521484 1.9409701824188232422 6.6733078956604003906 9.3468389511108398438 9.801006317138671875 10.440324783325195312 9.9697132110595703125 6.6661510467529296875 4.603824615478515625 5.3870019912719726562 6.98197174072265625 8.5232267379760742188 10.054215431213378906 10.745097160339355469 10.349244117736816406 9.3778009414672851562 9.1035528182983398438 8.7107000350952148438 7.8799524307250976562 7.1193470954895019531 7.1405458450317382812 7.402801513671875 6.7314958572387695312 5.978912353515625 5.5427937507629394531 5.128093719482421875 4.7791662216186523438 3.7548418045043945312 2.4760057926177978516
0.49500632286071777344 0.35574352741241455078 0.29336518049240112305 0.77681195735931396484 1.0543298721313476562 1.6201342344284057617 1.8521256446838378906 1.1581918001174926758 0.73185002803802490234 0.51799917221069335938 0.67122548818588256836 1.1476632356643676758 1.5796473026275634766 3.9661016464233398438 7.0483913421630859375 8.7046060562133789062 7.1881794929504394531 3.8542690277099609375 0.90557467937469482422 0.76959091424942016602 1.4388065338134765625 2.5058600902557373047 3.6980614662170410156 5.265041351318359375 6.4787797927856445312 7.0362138748168945312 8.0561962127685546875 9.743686676025390625 10.875457763671875 11.353174209594726562 11.641634941101074219 11.685849189758300781 11.709551811218261719 11.486200332641601562 11.348062515258789062 11.861268997192382812 12.142018318176269531 12.228404998779296875 12.244509696960449219 10.686491966247558594
2.0559053421020507812 1.6702775955200195312 1.2873446941375732422 0.715061187744140625 0.57626372575759887695 0.64349281787872314453 0.90109807252883911133 0.35575437545776367188 1.3118823766708374023 0.32760274410247802734 1.4086132049560546875 1.4207611083984375 0.87370133399963378906 0.5565999150276184082 0.95721000432968139648 1.1926568746566772461 1.1132010221481323242 0.58672410249710083008 0.51306855678558349609 0.70073640346527099609 0.99862039089202880859 1.0280855894088745117 1.332546234130859375 1.1699351072311401367 1.2671312093734741211 1.8974754810333251953 2.9485871791839599609 3.0813665390014648438 3.7462241649627685547 5.0397491455078125 6.0664553642272949219 6.0216536521911621094 6.0247478485107421875 6.923091888427734375 7.5444140434265136719 7.8788771629333496094 8.256572723388671875 8.9756345748901367188 10.512518882751464844 12.160580635070800781
1.2107559442520141602 0.89998030662536621094 0.32449373602867126465 0.82972097396850585938 1.2667250633239746094 0.62757319211959838867 1.0985486507415771484 0.45558622479438781738 1.3325529098510742188 1.0576953887939453125 0.85911011695861816406 0.72000110149383544922 0.51010477542877197266 1.1031501293182373047 1.1383799314498901367 0.76631331443786621094 0.8297545313835144043 0.51011615991592407227 0.98689162731170654297 1.0695930719375610352 0.7961108088493347168 0.72138935327529907227 0.20374575257301330566 0.64900285005569458008 1.211597442626953125 1.4739097356796264648 1.925786137580871582 1.1529515981674194336 1.1249586343765258789 1.1154481172561645508 0.7269789576530456543 1.0596147775650024414 1.5754834413528442383 1.9059706926345825195 1.7121479511260986328 1.3945270776748657227 1.5209091901779174805 1.9326175451278686523 2.3637773990631103516 4.8316540718078613281
1.260730743408203125 1.2762988805770874023 0.80307751893997192383 1.1673277616500854492 1.0061879158020019531 0.80498147010803222656 1.198166966438293457 0.5638580322265625 0.6869049072265625 1.0226665735244750977 0.29336121678352355957 0.52960002422332763672 1.1926637887954711914 1.5946573019027709961 1.3506618738174438477 1.1708000898361206055 1.3681472539901733398 0.88006663322448730469 1.0388576984405517578 0.62514507770538330078 0.49498918652534484863 0.47303250432014465332 0.32450327277183532715 0.81807494163513183594 0.54372727870941162109 0.80305397510528564453 1.5796561241149902344 0.68688744306564331055 0.83278650045394897461 0.89601910114288330078 0.80496603250503540039 0.86557024717330932617 0.65287798643112182617 0.61453354358673095703 0.114725455641746521 0.38711309432983398438 0.83520978689193725586 0.82545667886734008789 0.66439342498779296875 0.94228690862655639648
1.0948442220687866211 1.0246425867080688477 0.60789102315902709961 0.51307308673858642578 1.1651718616485595703 1.4817962646484375 0.55568999052047729492 0.99912816286087036133 0.10061381012201309204 0.715057373046875 0.59441971778869628906 0.43280848860740661621 1.2951864004135131836 0.41852477192878723145 0.3001861274242401123 0.031814463436603546143 0.99862152338027954102 1.0672132968902587891 0.68021446466445922852 0.60456281900405883789 0.55568999052047729492 0.65520739555358886719 0.48676058650016784668 0.28461056947708129883 0.62677061557769775391 1.1298618316650390625 1.6608479022979736328 0.99456787109375 0.40500652790069580078 0.76431357860565185547 0.43279781937599182129 0.23166230320930480957 0.32760274410247802734 0.66210567951202392578 0.13502016663551330566 0.54374289512634277344 0.98689091205596923828 0.77680897712707519531 1.2885226011276245117 1.4524810314178466797
