wildfire/work/fuelmodels/1993/slope.asc
ncols        235
nrows        197
xllcorner    186725.000000000000
yllcorner    455035.000000000000
cellsize     5.000000000000
NODATA_value   -999
[rows 108 to 125 of 197, columns 160 to 199 of 235]
0.54372018575668334961 0.40248724818229675293 0.42453116178512573242 0.43279692530632019043 0.93581122159957885742 1.522562861442565918 1.1472165584564208984 0.095455490052700042725 0.23165063560009002686 0.27187606692314147949 0.61452913284301757812 0.13119785487651824951 0.071139290928840637207 0.1622485816478729248 0.22498750686645507812 0.35575437545776367188 0.74282300472259521484 1.1981550455093383789 1.935503840446472168 2.1642665863037109375 1.224058985710144043 0.42691403627395629883 0.47303739190101623535 1.0270922183990478516 2.1670694351196289062 2.5139310359954833984 1.504851222038269043 0.4867629706859588623 0.75631833076477050781 3.3292460441589355469 5.0949645042419433594 6.1007809638977050781 5.313812255859375 2.2278306484222412109 1.0364232063293457031 1.2983107566833496094 1.2703335285186767578 1.0766735076904296875 0.89996486902236938477 1.2667269706726074219
0.45224240422248840332 0.35575655102729797363 0.91004997491836547852 0.48674869537353515625 0.69783520698547363281 1.6547558307647705078 0.72559452056884765625 0.28814083337783813477 0.72557741403579711914 0.82114076614379882812 0.95667481422424316406 0.55661034584045410156 0.36280050873756408691 0.29335728287696838379 0.29335728287696838379 0.37242639064788818359 0.71504551172256469727 1.3427666425704956055 2.2808079719543457031 2.4254474639892578125 1.1045116186141967773 0.74282824993133544922 1.1285305023193359375 1.7053397893905639648 2.1431331634521484375 1.5796707868576049805 0.39358547329902648926 0.95720714330673217773 3.0550279617309570312 4.3019490242004394531 4.9525547027587890625 5.0335407257080078125 2.5991768836975097656 0.92492371797561645508 0.95455592870712280273 0.60539865493774414062 0.42690318822860717773 0.4136504828929901123 0.59442293643951416016 0.88408058881759643555
0.071144722402095794678 0.70434397459030151367 1.1582005023956298828 0.70289897918701171875 0.73251688480377197266 1.3080118894577026367 0.61782735586166381836 0.28814217448234558105 0.67649197578430175781 0.22498922049999237061 0.76630932092666625977 0.83277821540832519531 1.0533719062805175781 1.0270922183990478516 0.58411502838134765625 0.48464894294738769531 1.1879750490188598633 2.2993500232696533203 2.8777816295623779297 2.6410415172576904297 2.1682248115539550781 2.8183157444000244141 2.8628115653991699219 2.4331526756286621094 2.3396914005279541016 1.3378407955169677734 0.52188712358474731445 2.5229527950286865234 4.1285347938537597656 3.5020318031311035156 4.1836695671081542969 4.4386477470397949219 1.6608519554138183594 1.0151910781860351562 0.87371551990509033203 0.45891153812408447266 0.41487953066825866699 0.47302839159965515137 0.72697418928146362305 0.80496603250503540039
1.585097193717956543 1.209506988525390625 1.1356834173202514648 0.66820073127746582031 0.44547170400619506836 0.76630425453186035156 0.48674869537353515625 0.69492793083190917969 0.99098497629165649414 0.64035147428512573242 0.22273722290992736816 0.86848610639572143555 1.0695869922637939453 1.2194895744323730469 0.83519691228866577148 1.42041778564453125 2.6677274703979492188 3.5710189342498779297 3.6304943561553955078 3.4526159763336181641 3.1282589435577392578 2.7526142597198486328 2.1124660968780517578 1.4739338159561157227 1.9725208282470703125 1.4405776262283325195 2.0825471878051757812 3.1915919780731201172 3.8300888538360595703 2.8890089988708496094 4.0641932487487792969 3.6084544658660888672 1.4046499729156494141 1.270313262939453125 0.79547923803329467773 0.44205835461616516113 0.38840326666831970215 0.54928386211395263672 0.93581122159957885742 0.99912506341934204102
1.6325818300247192383 0.8454558253288269043 0.66895186901092529297 0.50312310457229614258 0.25654390454292297363 0.59782308340072631836 0.3557663261890411377 0.26240104436874389648 0.47303819656372070312 0.8400643467903137207 1.1776919364929199219 0.81310814619064331055 0.57629853487014770508 0.8424676060676574707 0.56920999288558959961 1.1533796787261962891 3.4023506641387939453 4.38765716552734375 4.2568759918212890625 3.5483231544494628906 2.0221612453460693359 0.90445429086685180664 0.97345697879791259766 0.30019640922546386719 1.3740442991256713867 0.54373580217361450195 2.7905514240264892578 3.4858179092407226562 3.7666623592376708984 3.7548475265502929688 4.0684294700622558594 2.7178671360015869141 1.318411707878112793 1.2869353294372558594 0.89150148630142211914 0.28814083337783813477 0.14230020344257354736 0.77680200338363647461 0.869068145751953125 0.84724855422973632812
1.3988726139068603516 0.68021672964096069336 0.70291221141815185547 0.70003759860992431641 0.56384980678558349609 0.89148890972137451172 0.75632953643798828125 0.8400325775146484375 1.2074049711227416992 1.5285270214080810547 0.95454376935958862305 0.22272506356239318848 0.35001802444458007812 0.79802840948104858398 0.98227465152740478516 2.0718381404876708984 5.5399637222290039062 5.1571135520935058594 3.36968231201171875 1.7501682043075561523 0.69858157634735107422 0.74554085731506347656 1.3736650943756103516 1.2380175590515136719 0.28459969162940979004 1.6739042997360229492 3.2004499435424804688 3.3546411991119384766 4.0218667984008789062 4.7051563262939453125 3.4719007015228271484 1.7679991722106933594 1.1285274028778076172 1.1298688650131225586 0.64900285005569458008 0.63956320285797119141 0.65289574861526489258 0.77484774589538574219 0.60035270452499389648 0.81123757362365722656
1.2955772876739501953 1.2392679452896118164 1.6101183891296386719 1.2727024555206298828 0.92766219377517700195 1.0201767683029174805 1.273503422737121582 1.2607157230377197266 0.78586560487747192383 0.86848032474517822266 0.20375522971153259277 0.30020669102668762207 0.73251795768737792969 1.4031950235366821289 2.7885527610778808594 5.7460131645202636719 6.7675137519836425781 3.8162107467651367188 1.3736768960952758789 0.82606673240661621094 0.75432884693145751953 1.42041778564453125 1.8532266616821289062 1.8477497100830078125 2.2341856956481933594 3.6076130867004394531 3.905307769775390625 3.1528911590576171875 4.02725982666015625 4.8466639518737792969 2.4969687461853027344 1.1581991910934448242 1.1533685922622680664 1.2679170370101928711 0.86439752578735351562 0.48675107955932617188 1.1136314868927001953 0.92273277044296264648 0.48672726750373840332 0.68835985660552978516
0.1713574826717376709 1.8223989009857177734 2.2676749229431152344 1.9766064882278442383 1.4625304937362670898 1.3890682458877563477 1.5007911920547485352 0.92766797542572021484 0.63159143924713134766 1.2107566595077514648 0.95932817459106445312 0.82605832815170288086 2.8326337337493896484 4.1459774971008300781 5.6955804824829101562 6.4184103012084960938 4.5106992721557617188 2.0221612453460693359 1.0695930719375610352 1.1682019233703613281 1.2538759708404541016 0.60539990663528442383 1.6874483823776245117 4.2294025421142578125 5.4737391471862792969 5.0580186843872070312 3.5845839977264404297 2.1831095218658447266 3.9333727359771728516 4.2252197265625 1.6535372734069824219 0.96772468090057373047 1.0127000808715820312 0.90446197986602783203 0.89149194955825805664 1.1258494853973388672 0.67422747611999511719 0.96980553865432739258 1.2157615423202514648 1.0167076587677001953
1.4666761159896850586 2.4596185684204101562 1.8974653482437133789 1.7639886140823364258 0.92765676975250244141 0.67498219013214111328 0.56651818752288818359 0.29335728287696838379 0.89996486902236938477 0.80118203163146972656 0.64350658655166625977 2.6208717823028564453 5.6564736366271972656 5.6778936386108398438 5.0299329757690429688 3.9263122081756591797 1.922913670539855957 0.74282723665237426758 0.51011765003204345703 0.72140544652938842773 0.8982880711555480957 1.7932906150817871094 4.8646311759948730469 5.2592082023620605469 4.4552235603332519531 3.7256727218627929688 2.7174892425537109375 2.5443120002746582031 3.8963625431060791016 3.3710310459136962891 1.3685282468795776367 1.1668916940689086914 1.0495243072509765625 0.95721042156219482422 1.2425158023834228516 1.2425303459167480469 1.2044498920440673828 1.2294116020202636719 1.5088647603988647461 1.8271031379699707031
1.4003124237060546875 1.8011661767959594727 0.4280942082405090332 1.5115633010864257812 0.65597224235534667969 0.37108588218688964844 0.65597224235534667969 1.2762868404388427734 1.0691238641738891602 0.90053933858871459961 2.8571634292602539062 6.3124933242797851562 6.7560091018676757812 3.7035272121429443359 1.9142042398452758789 1.4542152881622314453 0.60373926162719726562 0.98686742782592773438 0.69493627548217773438 0.47303250432014465332 1.4831662178039550781 4.7037520408630371094 4.9753098487854003906 2.5209450721740722656 2.4550905227661132812 2.871440887451171875 1.1177141666412353516 1.5462963581085205078 3.1245462894439697266 2.6356892585754394531 1.2376222610473632812 0.94012087583541870117 0.715057373046875 1.1131905317306518555 1.5796399116516113281 1.3681472539901733398 1.498427271842956543 1.2730978727340698242 1.2074049711227416992 1.8137691020965576172
0.1006329953670501709 1.061982274055480957 1.1841334104537963867 0.91170972585678100586 1.3517731428146362305 1.9354927539825439453 2.8793771266937255859 3.0442602634429931641 3.1490478515625 4.5636415481567382812 6.79412841796875 7.4541344642639160156 4.2278418540954589844 1.4940325021743774414 0.31338417530059814453 0.6395499110221862793 1.6862421035766601562 2.4503421783447265625 2.6326270103454589844 3.6896014213562011719 5.3827977180480957031 5.27613067626953125 2.9396688938140869141 1.6961345672607421875 1.9534384012222290039 2.3502519130706787109 1.5799621343612670898 1.1392488479614257812 2.3793542385101318359 2.2533431053161621094 1.2115739583969116211 0.82973027229309082031 0.81124091148376464844 1.0422749519348144531 1.6204267740249633789 1.2224032878875732422 1.1529406309127807617 0.75431245565414428711 1.0533938407897949219 1.628869175910949707
1.0437103509902954102 1.3118742704391479492 1.6547509431838989258 1.7842307090759277344 2.7126555442810058594 3.1206786632537841797 2.9935221672058105469 1.9375823736190795898 2.2043244838714599609 4.93950653076171875 5.9474277496337890625 3.6585109233856201172 0.63719475269317626953 1.1330200433731079102 0.36278876662254333496 0.42808610200881958008 2.9649970531463623047 4.3169078826904296875 4.6759915351867675781 5.5541238784790039062 5.0928773880004882812 2.0512235164642333984 1.3956202268600463867 1.6437109708786010742 1.7103823423385620117 1.8902579545974731445 2.0740256309509277344 2.0326392650604248047 2.1267845630645751953 2.0647273063659667969 1.1298754215240478516 1.0305540561676025391 1.3457742929458618164 0.81557285785675048828 1.4763054847717285156 1.7472605705261230469 1.0971484184265136719 0.999114990234375 1.6223379373550415039 1.5908226966857910156
2.6364660263061523438 2.6404964923858642578 2.8653006553649902344 2.6177930831909179688 2.0825603008270263672 1.468073725700378418 0.70290005207061767578 0.24234533309936523438 1.2128444910049438477 5.02922821044921875 4.1614246368408203125 0.71502983570098876953 0.92930829524993896484 0.84004825353622436523 0.44661924242973327637 1.6510697603225708008 4.4462504386901855469 2.8209998607635498047 1.2408862113952636719 2.2210242748260498047 0.73254168033599853516 0.75632697343826293945 1.2826099395751953125 1.5155673027038574219 2.0246617794036865234 2.2696781158447265625 2.9828472137451171875 2.3083529472351074219 1.5225617885589599609 1.6799261569976806641 1.1733918190002441406 1.413272857666015625 1.460110783576965332 1.2392507791519165039 1.5275337696075439453 2.0512187480926513672 1.6593307256698608398 2.3799889087677001953 2.3689064979553222656 1.2587038278579711914
1.7103993892669677734 2.5169353485107421875 2.8236851692199707031 2.2210071086883544922 1.2955501079559326172 0.4499842226505279541 0.2565574347972869873 0.25654390454292297363 0.72559553384780883789 4.9009814262390136719 6.7779207229614257812 2.2907626628875732422 0.58671623468399047852 1.6507691144943237305 1.516901850700378418 3.1719036102294921875 4.3318529129028320312 1.2671216726303100586 1.114073634147644043 1.7286208868026733398 1.7521740198135375977 0.99860918521881103516 1.2998459339141845703 1.9134078025817871094 2.9446551799774169922 2.985561370849609375 2.9894549846649169922 1.642480015754699707 0.98790878057479858398 1.5511994361877441406 1.4896361827850341797 1.7808167934417724609 1.7524634599685668945 1.2408974170684814453 1.4691107273101806641 1.8364986181259155273 1.7963925600051879883 2.0512249469757080078 1.4649610519409179688 1.0106941461563110352
1.5799621343612670898 2.3755090236663818359 2.1028482913970947266 1.5716252326965332031 1.6620736122131347656 1.083691716194152832 0.71149766445159912109 0.8112265467643737793 1.2979024648666381836 1.1172666549682617188 5.6426577568054199219 5.0937838554382324219 2.2198863029479980469 1.0437272787094116211 2.0400891304016113281 4.4231538772583007812 3.8932502269744873047 2.3646230697631835938 1.6204440593719482422 0.98019456863403320312 0.72628790140151977539 0.67499589920043945312 1.4913221597671508789 2.8953044414520263672 3.6556105613708496094 2.7774829864501953125 1.5978087186813354492 1.2869473695755004883 1.391623377799987793 1.9407124519348144531 2.1379415988922119141 1.8665558099746704102 1.5667786598205566406 0.97345697879791259766 1.2731096744537353516 1.369626164436340332 1.2027889490127563477 1.8359447717666625977 1.5667724609375 0.21346637606620788574
1.9221065044403076172 1.6226410865783691406 0.86146295070648193359 0.74009931087493896484 1.2478135824203491211 1.4122091531753540039 1.7359434366226196289 1.4875885248184204102 1.5275337696075439453 1.0860269069671630859 2.7573869228363037109 4.9592814445495605469 3.84156036376953125 0.98842394351959228516 1.555126190185546875 4.2308244705200195312 2.7178478240966796875 1.6702721118927001953 1.7245249748229980469 1.3506484031677246094 0.47728529572486877441 0.59782826900482177734 2.1057562828063964844 3.4202723503112792969 3.4496815204620361328 1.8781887292861938477 1.0934693813323974609 1.3956235647201538086 1.7785496711730957031 2.6173863410949707031 3.184635162353515625 1.8902747631072998047 1.394877314567565918 1.1298688650131225586 1.0538682937622070312 0.65596461296081542969 0.86555868387222290039 1.4510873556137084961 1.8137613534927368164 1.5075311660766601562
1.7359343767166137695 1.0504865646362304688 0.28637775778770446777 0.54466712474822998047 1.2538759708404541016 1.7842323780059814453 1.5278766155242919922 1.0957844257354736328 1.4374305009841918945 1.2715293169021606445 2.2298822402954101562 4.8087401390075683594 4.0752496719360351562 1.3890722990036010742 1.7648489475250244141 3.7837953567504882812 2.0825419425964355469 1.6862459182739257812 2.7328922748565673828 1.1682019233703613281 0.54372018575668334961 1.718358159065246582 2.6096749305725097656 3.3618557453155517578 2.455890655517578125 1.1772743463516235352 1.3784791231155395508 1.3956196308135986328 1.5118864774703979492 3.3188884258270263672 3.3516242504119873047 1.9635375738143920898 1.4398758411407470703 1.4461802244186401367 0.706512451171875 0.58670699596405029297 1.4132666587829589844 1.5603271722793579102 2.2567131519317626953 2.3774182796478271484
1.3872411251068115234 1.124936223030090332 0.52670359611511230469 0.64034610986709594727 1.4204028844833374023 1.4739068746566772461 1.438822627067565918 0.53998875617980957031 0.65289574861526489258 1.6012949943542480469 2.4497156143188476562 4.6789174079895019531 3.3614292144775390625 1.0634212493896484375 1.4032185077667236328 3.5200128555297851562 2.1971921920776367188 1.9155013561248779297 2.8610587120056152344 1.4896247386932373047 0.72556996345520019531 1.9236943721771240234 2.6819057464599609375 2.9485802650451660156 1.1811202764511108398 0.52186787128448486328 1.0804091691970825195 0.74281990528106689453 1.8003288507461547852 3.3060827255249023438 2.8166992664337158203 2.5259668827056884766 1.8814066648483276367 1.7218840122222900391 0.73460799455642700195 0.88005483150482177734 1.8179365396499633789 1.5936888456344604492 2.1824178695678710938 2.1635503768920898438
