wildfire/work/fuelmodels/1993/slope.asc
ncols        235
nrows        197
xllcorner    186725.000000000000
yllcorner    455035.000000000000
cellsize     5.000000000000
NODATA_value   -999
[rows 36 to 53 of 197, columns 120 to 159 of 235]
1.6519943475723266602 3.6969685554504394531 2.1513688564300537109 1.0766620635986328125 3.7573850154876708984 5.2236294746398925781 3.6172807216644287109 1.7227697372436523438 5.6326537132263183594 5.3376550674438476562 1.4374233484268188477 1.046630859375 0.59187912940979003906 0.36280685663223266602 0.98019737005233764648 2.9706263542175292969 3.6611230373382568359 3.0536794662475585938 3.0162291526794433594 13.53017425537109375 17.23956298828125 10.677736282348632812 3.133266448974609375 1.1879597902297973633 4.93970489501953125 11.007458686828613281 13.737875938415527344 8.78812408447265625 6.119228363037109375 6.3173418045043945312 4.2735571861267089844 2.0740339756011962891 0.89148932695388793945 1.1392657756805419922 1.2826024293899536133 1.1459071636199951172 2.0688941478729248047 1.7008886337280273438 0.98687958717346191406 0.17136424779891967773
3.58036041259765625 3.0700466632843017578 0.93958777189254760742 1.2244766950607299805 2.6728205680847167969 5.2659006118774414062 4.6973276138305664062 0.19354547560214996338 5.4549360275268554688 4.2073678970336914062 0.74281936883926391602 0.3149973452091217041 0.79547923803329467773 0.92931038141250610352 0.99098807573318481445 1.8008985519409179688 2.1635692119598388672 3.04424285888671875 2.5187513828277587891 7.1626620292663574219 15.784316062927246094 12.470013618469238281 3.5346097946166992188 2.0423200130462646484 5.5312252044677734375 9.1982049942016601562 10.219502449035644531 9.83875274658203125 10.3653717041015625 10.037425994873046875 9.4350337982177734375 6.4499306678771972656 3.5188643932342529297 1.1476628780364990234 0.6853949427604675293 2.016651153564453125 2.2289652824401855469 1.1244815587997436523 0.31818702816963195801 0.82545113563537597656
1.6874483823776245117 0.54092651605606079102 0.61206251382827758789 0.62676566839218139648 1.235581517219543457 5.6248569488525390625 5.9093718528747558594 1.0576968193054199219 5.5107903480529785156 3.5938632488250732422 0.42452841997146606445 0.66211849451065063477 1.2885184288024902344 0.89602386951446533203 1.1026780605316162109 0.92274492979049682617 0.66896975040435791016 1.4649610519409179688 1.8315134048461914062 5.6377444267272949219 15.600962638854980469 12.708967208862304688 2.3054914474487304688 3.6260628700256347656 5.1419444084167480469 5.8424592018127441406 5.9690346717834472656 7.0201449394226074219 7.4871068000793457031 7.9905877113342285156 10.121646881103515625 10.540998458862304688 8.4601488113403320312 5.6081800460815429688 2.8138339519500732422 2.1670742034912109375 1.1960216760635375977 0.98843759298324584961 1.2095016241073608398 0.83277583122253417969
0.54092437028884887695 0.70073860883712768555 0.35574898123741149902 0.071139290928840637207 0.40250644087791442871 5.4160094261169433594 6.6093621253967285156 1.024634242057800293 5.059612274169921875 3.4679479598999023438 0.86907923221588134766 1.0504934787750244141 1.1044948101043701172 0.74554717540740966797 0.28813818097114562988 0.64899092912673950195 0.9677250981330871582 1.5541384220123291016 1.7309669256210327148 5.6689252853393554688 15.61395263671875 11.949665069580078125 1.2115856409072875977 3.9423720836639404297 2.6515684127807617188 3.1648769378662109375 4.4494452476501464844 4.1570611000061035156 4.4020152091979980469 5.4869666099548339844 7.3875298500061035156 9.5931425094604492188 10.260706901550292969 9.3114757537841796875 7.4638190269470214844 4.4386506080627441406 1.8532136678695678711 1.1298688650131225586 0.68095064163208007812 0.25456359982490539551
0.2294505387544631958 0.22499953210353851318 0.3600063025951385498 0.3987070620059967041 0.36278876662254333496 5.0922985076904296875 5.8445448875427246094 1.2703289985656738281 4.3951234817504882812 3.4143478870391845703 1.3457757234573364258 0.79802840948104858398 0.75631159543991088867 1.0181771516799926758 0.95455592870712280273 1.2762858867645263672 0.54744452238082885742 1.7645514011383056641 1.6889588832855224609 4.5388045310974121094 14.619610786437988281 12.6887969970703125 0.74009364843368530273 3.354656219482421875 1.8910787105560302734 2.5149240493774414062 3.7013249397277832031 3.7832515239715576172 3.6081643104553222656 3.9976816177368164062 5.1972060203552246094 6.8412790298461914062 7.9266276359558105469 8.4409637451171875 8.088405609130859375 5.5355043411254882812 2.5768883228302001953 0.97136759757995605469 0.62674349546432495117 0.78585386276245117188
1.2412877082824707031 0.57363528013229370117 0.89149194955825805664 0.89659577608108520508 0.52189451456069946289 5.0845732688903808594 5.4502210617065429688 1.0359416007995605469 4.4303483963012695312 3.4863982200622558594 0.70650315284729003906 0.54374718666076660156 0.11471872031688690186 1.1733746528625488281 1.780825495719909668 1.494059443473815918 1.1777138710021972656 1.9430539608001708984 1.9918955564498901367 4.1731519699096679688 13.224641799926757812 13.145399093627929688 2.1775434017181396484 3.2876908779144287109 1.7910323143005371094 1.1026780605316162109 1.9207843542098999023 3.2468552589416503906 3.3696656227111816406 2.7749373912811279297 3.0946519374847412109 4.1167812347412109375 6.2319083213806152344 8.600658416748046875 7.8549938201904296875 4.7343196868896484375 2.37722015380859375 1.4667037725448608398 1.0591225624084472656 1.2281801700592041016
3.3083837032318115234 1.650763392448425293 1.1208715438842773438 1.3592401742935180664 3.5700464248657226562 7.0513281822204589844 5.7711977958679199219 2.6318380832672119141 5.4885344505310058594 9.5733623504638671875 11.159327507019042969 8.8808441162109375 4.8060317039489746094 1.8137762546539306641 0.70289790630340576172 0.32450562715530395508 1.7997531890869140625 4.9127926826477050781 8.856494903564453125 10.763607978820800781 13.884447097778320312 12.3430938720703125 3.1413247585296630859 3.3433222770690917969 2.1670694351196289062 1.3153469562530517578 0.99404770135879516602 1.1285431385040283203 1.7599649429321289062 2.0043075084686279297 1.8521267175674438477 2.9569745063781738281 7.3011264801025390625 9.5301980972290039062 7.9249706268310546875 3.7412259578704833984 1.2955722808837890625 1.4444540739059448242 0.69495129585266113281 0.36280050873756408691
11.134917259216308594 11.486077308654785156 11.388745307922363281 12.369905471801757812 14.652365684509277344 14.603847503662109375 9.2926883697509765625 4.7495241165161132812 7.4766340255737304688 14.48932647705078125 17.204158782958984375 17.246715545654296875 15.26947021484375 12.298494338989257812 9.1625232696533203125 6.558345794677734375 8.6173620223999023438 12.941614151000976562 16.072191238403320312 16.351398468017578125 13.984681129455566406 8.7865934371948242188 2.0123844146728515625 2.9099359512329101562 2.3646259307861328125 1.9534384012222290039 1.5886023044586181641 0.81496399641036987305 0.86439615488052368164 1.8159909248352050781 2.2730045318603515625 4.4067025184631347656 8.9024286270141601562 9.660251617431640625 6.8616580963134765625 2.570598602294921875 1.0422633886337280273 1.5936967134475708008 1.1459068059921264648 0.30188262462615966797
16.755313873291015625 17.466970443725585938 18.026401519775390625 18.42925262451171875 17.3281707763671875 14.268336296081542969 11.869912147521972656 7.4929862022399902344 9.583309173583984375 11.478647232055664062 9.1804590225219726562 12.821392059326171875 15.769685745239257812 17.6332244873046875 18.670118331909179688 17.42901611328125 15.651271820068359375 14.214444160461425781 11.459116935729980469 9.2297496795654296875 7.4873752593994140625 3.5670640468597412109 1.7221757173538208008 2.1127023696899414062 1.9131325483322143555 1.569671630859375 1.867371678352355957 2.3153591156005859375 2.1006939411163330078 0.65287029743194580078 2.3179674148559570312 6.1572537422180175781 10.089078903198242188 9.3577165603637695312 5.0172796249389648438 1.6163831949234008789 0.82728344202041625977 1.4349389076232910156 1.5301824808120727539 1.3103348016738891602
9.18044281005859375 8.8164997100830078125 8.597850799560546875 8.2288789749145507812 6.8899297714233398438 6.0491766929626464844 12.4776153564453125 10.384984016418457031 10.504186630249023438 12.481455802917480469 4.5958104133605957031 6.4343194961547851562 7.8498287200927734375 8.5974512100219726562 10.147319793701171875 9.5848722457885742188 3.1954014301300048828 4.5996537208557128906 7.4483900070190429688 6.1198787689208984375 2.8451030254364013672 1.0695815086364746094 1.6223251819610595703 1.8224014043807983398 1.2522689104080200195 1.2194806337356567383 4.1876549720764160156 3.8901436328887939453 3.4495463371276855469 2.7703645229339599609 4.0445261001586914062 8.3790750503540039062 10.721307754516601562 7.822978973388671875 3.1515896320343017578 1.3666601181030273438 0.8130957484245300293 1.3483906984329223633 2.280792236328125 2.9935133457183837891
1.4300076961517333984 1.4388234615325927734 1.0504795312881469727 1.0672132968902587891 1.4510724544525146484 1.8011760711669921875 12.315647125244140625 12.324837684631347656 9.7686595916748046875 13.382624626159667969 3.7795186042785644531 1.9676227569580078125 2.7505927085876464844 2.8592939376831054688 5.5309567451477050781 10.975179672241210938 12.234549522399902344 11.9665069580078125 12.53223419189453125 11.495076179504394531 7.4605932235717773438 2.3950276374816894531 1.8773663043975830078 2.0121374130249023438 1.2408974170684814453 1.2115646600723266602 3.9436388015747070312 3.2248520851135253906 1.0733602046966552734 1.7639861106872558594 6.8604221343994140625 10.509709358215332031 9.2548046112060546875 4.5217852592468261719 1.9407027959823608398 2.1635460853576660156 1.8279374837875366211 1.9727747440338134766 2.7929105758666992188 3.4162843227386474609
0.63160860538482666016 0.79612237215042114258 0.34417822957038879395 0.6395619511604309082 1.6000193357467651367 1.4489891529083251953 10.383779525756835938 12.950143814086914062 7.1399755477905273438 13.426656723022460938 4.7121109962463378906 3.290164947509765625 5.2857875823974609375 6.7330036163330078125 11.035651206970214844 14.309953689575195312 9.33338165283203125 4.845733642578125 5.5382447242736816406 9.7549457550048828125 9.6443510055541992188 4.9430799484252929688 2.1124660968780517578 1.28694915771484375 0.91779249906539916992 1.1977126598358154297 2.3063635826110839844 3.0442526340484619141 2.4497377872467041016 6.0467648506164550781 9.5460758209228515625 8.7466020584106445312 4.7701902389526367188 1.731576085090637207 1.8800699710845947266 2.1331799030303955078 2.04058837890625 2.4045116901397705078 2.6177878379821777344 2.6201047897338867188
1.6946259737014770508 2.2685568332672119141 3.8515136241912841797 5.7198534011840820312 8.0559558868408203125 9.5117025375366210938 9.4500331878662109375 11.194174766540527344 4.0643186569213867188 12.167515754699707031 11.049261093139648438 13.923800468444824219 14.955407142639160156 14.200865745544433594 13.662493705749511719 11.101396560668945312 2.9719867706298828125 1.7980589866638183594 2.7621381282806396484 6.8855700492858886719 9.9425201416015625 9.7091999053955078125 6.2591118812561035156 3.067066192626953125 3.6522812843322753906 5.4884438514709472656 7.0201401710510253906 8.6352281570434570312 9.5733661651611328125 9.7336559295654296875 7.4718685150146484375 3.6260592937469482422 1.9842660427093505859 2.1633303165435791016 1.9924243688583374023 1.7524551153182983398 1.4855458736419677734 2.1239321231842041016 2.0146543979644775391 1.5515366792678833008
8.4967975616455078125 10.273067474365234375 12.906458854675292969 13.97628021240234375 14.677381515502929688 15.222001075744628906 14.098720550537109375 10.205030441284179688 5.4205527305603027344 9.9631280899047851562 14.332671165466308594 15.405789375305175781 13.214611053466796875 11.308499336242675781 8.9282989501953125 4.4331784248352050781 0.59187912940979003906 0.85675489902496337891 1.3045079708099365234 3.6567094326019287109 6.6404104232788085938 10.085332870483398438 11.588916778564453125 10.265308380126953125 10.638452529907226562 12.121508598327636719 12.514101982116699219 11.774291038513183594 9.2424573898315429688 5.4965972900390625 2.14571380615234375 1.0226665735244750977 1.2979024648666381836 1.211597442626953125 1.5600118637084960938 1.4691003561019897461 1.1031367778778076172 0.9868920445442199707 0.55661660432815551758 0.24850469827651977539
11.718894004821777344 12.541036605834960938 11.371112823486328125 9.3263092041015625 7.7671346664428710938 7.3624882698059082031 7.9110512733459472656 5.9690327644348144531 3.9681425094604492188 5.196048736572265625 6.4069766998291015625 4.2961721420288085938 1.9492896795272827148 1.5275461673736572266 1.024634242057800293 0.72138029336929321289 1.1581804752349853516 0.63398021459579467773 0.35146090388298034668 1.3861393928527832031 2.4823260307312011719 4.3241696357727050781 7.6554226875305175781 9.9144268035888671875 10.444042205810546875 9.340213775634765625 6.3969163894653320312 3.2317216396331787109 0.85615187883377075195 0.43279692530632019043 1.0672132968902587891 0.88752281665802001953 1.0186929702758789062 1.2474009990692138672 1.6238996982574462891 1.867374420166015625 1.6101160049438476562 0.79036360979080200195 0.25456359982490539551 0.49803522229194641113
5.822879791259765625 5.2269182205200195312 2.9326214790344238281 1.4175429344177246094 0.5736083984375 0.28459426760673522949 0.89149886369705200195 2.0301406383514404297 2.0539133548736572266 2.4706904888153076172 1.0860166549682617188 0.76431304216384887695 0.72138029336929321289 1.2587124109268188477 1.6946337223052978516 1.5603177547454833984 0.64430212974548339844 0.82972753047943115234 0.80496603250503540039 0.76629722118377685547 1.1651549339294433594 1.5774021148681640625 2.1530086994171142578 2.8573210239410400391 2.5464890003204345703 1.8902668952941894531 1.5651782751083374023 2.4162580966949462891 2.1009211540222167969 1.038849949836730957 0.83276891708374023438 0.27186042070388793945 1.0595965385437011719 1.8789708614349365234 2.3190567493438720703 2.3205814361572265625 2.2625305652618408203 1.9438291788101196289 1.3566170930862426758 1.2778480052947998047
0.80998808145523071289 1.2979263067245483398 1.4994540214538574219 0.4730014801025390625 0.54187047481536865234 0.72558706998825073242 0.9422893524169921875 0.97397464513778686523 1.7221730947494506836 1.6129319667816162109 0.68095803260803222656 0.53998875617980957031 0.54373157024383544922 1.7133427858352661133 2.8122274875640869141 2.6479532718658447266 2.1067097187042236328 1.4841903448104858398 1.3378540277481079102 1.4666972160339355469 1.2667436599731445312 1.2006828784942626953 0.86849498748779296875 0.79802697896957397461 1.5208922624588012695 2.1066946983337402344 2.5371367931365966797 1.8223873376846313477 0.35001802444458007812 1.1994125843048095703 0.59781730175018310547 0.82790982723236083984 1.1190689802169799805 1.0766566991806030273 1.2425247430801391602 1.1699272394180297852 1.3457638025283813477 1.4804370403289794922 0.96981477737426757812 1.2408862113952636719
1.2798492908477783203 1.5275337696075439453 1.4405714273452758789 0.54093647003173828125 0.3600063025951385498 0.47303983569145202637 1.1276634931564331055 0.76366239786148071289 1.1879731416702270508 1.4289357662200927734 1.1699337959289550781 1.1533735990524291992 1.9531857967376708984 2.6115925312042236328 1.9696888923645019531 2.1506600379943847656 3.2637958526611328125 2.2596318721771240234 1.4855448007583618164 0.73803639411926269531 0.67498391866683959961 1.5974886417388916016 2.0022978782653808594 1.831249237060546875 1.0533667802810668945 0.39869058132171630859 0.45225179195404052734 0.63399177789688110352 1.3714720010757446289 0.95931613445281982422 0.41486746072769165039 1.0934453010559082031 0.54184693098068237305 0.46981203556060791016 0.60372006893157958984 0.24852956831455230713 1.1276252269744873047 1.4405776262283325195 0.54928386211395263672 0.58672147989273071289
