wildfire/work/fuelmodels/1996/ahn1.asc
ncols        277
nrows        241
xllcorner    182425.000000000000
yllcorner    464660.000000000000
cellsize     5.000000000000
NODATA_value   -999
[rows 180 to 197 of 241, columns 82 to 122 of 277]
33.3600006103515625 33.409999847412109375 33.409999847412109375 33.3300018310546875 33.279998779296875 33.270000457763671875 32.90000152587890625 32.90000152587890625 32.93000030517578125 32.970001220703125 33.090000152587890625 33.18000030517578125 33.229999542236328125 33.220001220703125 33.270000457763671875 33.299999237060546875 33.34999847412109375 33.450000762939453125 33.509998321533203125 33.65000152587890625 33.68000030517578125 33.8600006103515625 33.8600006103515625 33.869998931884765625 34.0800018310546875 33.939998626708984375 33.70999908447265625 33.68000030517578125 33.720001220703125 33.59999847412109375 33.590000152587890625 33.68000030517578125 33.560001373291015625 33.75 33.700000762939453125 34.06999969482421875 33.990001678466796875 34.04000091552734375 33.84999847412109375 33.8899993896484375 34
33.45999908447265625 33.45999908447265625 33.3899993896484375 33.189998626708984375 33.220001220703125 33.18000030517578125 33.259998321533203125 33.119998931884765625 33.220001220703125 33.409999847412109375 33.509998321533203125 33.549999237060546875 33.490001678466796875 33.369998931884765625 33.299999237060546875 33.40000152587890625 33.409999847412109375 33.5 33.549999237060546875 33.659999847412109375 33.700000762939453125 33.8600006103515625 33.8899993896484375 33.8600006103515625 33.8600006103515625 33.70999908447265625 33.619998931884765625 33.560001373291015625 33.6399993896484375 33.8300018310546875 33.689998626708984375 33.65000152587890625 33.56999969482421875 33.68000030517578125 33.8600006103515625 33.8300018310546875 33.90000152587890625 33.95999908447265625 33.90000152587890625 34.020000457763671875 34.06999969482421875
33.220001220703125 33.229999542236328125 33.5 33.299999237060546875 33.220001220703125 33.31999969482421875 33.590000152587890625 33.369998931884765625 33.54000091552734375 33.549999237060546875 33.40000152587890625 33.299999237060546875 33.40000152587890625 33.43000030517578125 33.380001068115234375 33.340000152587890625 33.380001068115234375 33.630001068115234375 33.729999542236328125 33.779998779296875 33.810001373291015625 33.909999847412109375 33.869998931884765625 33.8600006103515625 33.81999969482421875 33.590000152587890625 33.630001068115234375 33.65000152587890625 33.619998931884765625 33.79000091552734375 33.770000457763671875 33.59999847412109375 33.56999969482421875 33.659999847412109375 33.8300018310546875 33.869998931884765625 33.95999908447265625 33.95999908447265625 33.939998626708984375 34.1100006103515625 34.310001373291015625
33.29000091552734375 33.310001373291015625 33.43000030517578125 33.479999542236328125 33.310001373291015625 33.40000152587890625 33.29000091552734375 33.29000091552734375 33.5 33.45999908447265625 33.31999969482421875 33.259998321533203125 33.279998779296875 33.270000457763671875 33.409999847412109375 33.549999237060546875 33.65000152587890625 33.84999847412109375 33.759998321533203125 33.81999969482421875 33.90000152587890625 33.81999969482421875 33.840000152587890625 33.770000457763671875 33.56999969482421875 33.45999908447265625 33.45999908447265625 33.490001678466796875 33.490001678466796875 33.700000762939453125 33.700000762939453125 33.689998626708984375 33.65000152587890625 33.689998626708984375 33.700000762939453125 33.810001373291015625 33.970001220703125 34.009998321533203125 34 33.970001220703125 34.159999847412109375
33.439998626708984375 33.40000152587890625 33.340000152587890625 33.380001068115234375 33.31999969482421875 33.3899993896484375 33.310001373291015625 33.34999847412109375 33.3300018310546875 33.31999969482421875 33.270000457763671875 33.340000152587890625 33.380001068115234375 33.439998626708984375 33.54000091552734375 33.759998321533203125 33.8600006103515625 33.95999908447265625 33.979999542236328125 33.8899993896484375 33.90000152587890625 33.779998779296875 33.75 33.68000030517578125 33.54000091552734375 33.45999908447265625 33.470001220703125 33.380001068115234375 33.520000457763671875 33.5800018310546875 33.56999969482421875 33.68000030517578125 33.68000030517578125 33.759998321533203125 33.740001678466796875 33.90000152587890625 33.95999908447265625 34.009998321533203125 34.259998321533203125 34.3300018310546875 34.15000152587890625
33.380001068115234375 33.45999908447265625 33.1699981689453125 32.909999847412109375 33.0800018310546875 33.119998931884765625 33.090000152587890625 33.18000030517578125 33.299999237060546875 33.31999969482421875 33.34999847412109375 33.3300018310546875 33.520000457763671875 33.6100006103515625 33.770000457763671875 34.1399993896484375 34.310001373291015625 34.299999237060546875 34.1100006103515625 33.939998626708984375 33.939998626708984375 33.770000457763671875 33.689998626708984375 33.6399993896484375 33.54000091552734375 33.549999237060546875 33.490001678466796875 33.54000091552734375 33.56999969482421875 33.5800018310546875 33.59999847412109375 33.6399993896484375 33.720001220703125 33.770000457763671875 33.779998779296875 33.8899993896484375 33.9199981689453125 33.8899993896484375 34.029998779296875 34.20999908447265625 34.34999847412109375
33.09999847412109375 32.979999542236328125 32.970001220703125 32.950000762939453125 33.049999237060546875 33.1399993896484375 33.189998626708984375 33.299999237060546875 33.56999969482421875 33.409999847412109375 33.439998626708984375 33.6399993896484375 33.840000152587890625 34.009998321533203125 34.450000762939453125 34.450000762939453125 35.119998931884765625 35.3600006103515625 34.06999969482421875 33.84999847412109375 33.770000457763671875 33.779998779296875 33.65000152587890625 33.619998931884765625 33.6100006103515625 33.659999847412109375 33.54000091552734375 33.59999847412109375 33.450000762939453125 33.6699981689453125 33.590000152587890625 33.630001068115234375 33.689998626708984375 33.759998321533203125 33.79000091552734375 33.8300018310546875 33.880001068115234375 34.1100006103515625 34.0800018310546875 34.06999969482421875 34.200000762939453125
32.8300018310546875 32.979999542236328125 32.979999542236328125 33.009998321533203125 33.15000152587890625 33.299999237060546875 33.439998626708984375 33.439998626708984375 33.549999237060546875 33.68000030517578125 33.65000152587890625 33.869998931884765625 34.029998779296875 34.509998321533203125 35.020000457763671875 35.119998931884765625 35.0800018310546875 34.3600006103515625 34.009998321533203125 34.009998321533203125 33.880001068115234375 33.75 33.6100006103515625 33.630001068115234375 33.8600006103515625 33.740001678466796875 33.6399993896484375 33.590000152587890625 33.470001220703125 33.490001678466796875 33.54000091552734375 33.630001068115234375 33.65000152587890625 33.68000030517578125 33.880001068115234375 33.84999847412109375 33.909999847412109375 34.020000457763671875 34.090000152587890625 34.119998931884765625 34.3899993896484375
33.020000457763671875 33.029998779296875 33.09999847412109375 33.18000030517578125 33.229999542236328125 33.5 33.549999237060546875 33.619998931884765625 33.68000030517578125 33.799999237060546875 33.8300018310546875 33.90000152587890625 34.29000091552734375 34.659999847412109375 35.1399993896484375 35.3300018310546875 35.20999908447265625 34.630001068115234375 33.93000030517578125 34.029998779296875 33.84999847412109375 33.70999908447265625 33.779998779296875 33.740001678466796875 33.59999847412109375 33.729999542236328125 33.740001678466796875 33.659999847412109375 33.520000457763671875 33.509998321533203125 33.490001678466796875 33.56999969482421875 33.68000030517578125 33.659999847412109375 33.689998626708984375 33.740001678466796875 33.770000457763671875 33.909999847412109375 34.0800018310546875 34.18000030517578125 34.3899993896484375
32.939998626708984375 33.189998626708984375 33.279998779296875 33.3600006103515625 33.40000152587890625 33.6100006103515625 33.740001678466796875 33.810001373291015625 33.93000030517578125 33.90000152587890625 33.8899993896484375 34.029998779296875 34.189998626708984375 34.299999237060546875 34.740001678466796875 34.909999847412109375 34.279998779296875 34.06999969482421875 33.810001373291015625 33.9199981689453125 33.759998321533203125 33.779998779296875 33.770000457763671875 33.729999542236328125 33.729999542236328125 33.729999542236328125 33.59999847412109375 33.75 33.56999969482421875 33.45999908447265625 33.40000152587890625 33.470001220703125 33.59999847412109375 33.630001068115234375 33.75 33.810001373291015625 33.9199981689453125 33.939998626708984375 34.049999237060546875 34.119998931884765625 34.270000457763671875
33.18000030517578125 33.34999847412109375 33.40000152587890625 33.490001678466796875 33.68000030517578125 33.689998626708984375 33.810001373291015625 33.869998931884765625 33.9199981689453125 34.049999237060546875 34.090000152587890625 34.0800018310546875 34.189998626708984375 34.18000030517578125 34.299999237060546875 34.310001373291015625 34.049999237060546875 33.950000762939453125 33.869998931884765625 33.81999969482421875 33.84999847412109375 33.700000762939453125 33.630001068115234375 33.759998321533203125 33.6100006103515625 33.470001220703125 33.56999969482421875 33.740001678466796875 33.590000152587890625 33.45999908447265625 33.470001220703125 33.5 33.5800018310546875 33.6699981689453125 33.81999969482421875 33.810001373291015625 33.79000091552734375 33.939998626708984375 33.9199981689453125 34.090000152587890625 34.259998321533203125
33.299999237060546875 33.4199981689453125 33.509998321533203125 33.450000762939453125 33.65000152587890625 33.70999908447265625 33.799999237060546875 33.84999847412109375 33.950000762939453125 33.880001068115234375 33.950000762939453125 34.020000457763671875 34 34.09999847412109375 34.159999847412109375 34.090000152587890625 34.0800018310546875 33.939998626708984375 33.909999847412109375 33.70999908447265625 33.630001068115234375 33.729999542236328125 33.689998626708984375 33.5 33.470001220703125 33.5 33.6399993896484375 33.740001678466796875 33.56999969482421875 33.56999969482421875 33.470001220703125 33.439998626708984375 33.470001220703125 33.509998321533203125 33.56999969482421875 33.700000762939453125 33.720001220703125 33.880001068115234375 33.95999908447265625 33.95999908447265625 34.0800018310546875
33.20999908447265625 33.3899993896484375 33.560001373291015625 33.45999908447265625 33.5 33.979999542236328125 33.590000152587890625 33.799999237060546875 33.70999908447265625 33.740001678466796875 33.779998779296875 33.93000030517578125 34.06999969482421875 34.049999237060546875 34.009998321533203125 33.990001678466796875 34.029998779296875 33.840000152587890625 33.70999908447265625 33.720001220703125 33.6100006103515625 33.700000762939453125 33.68000030517578125 33.6399993896484375 33.659999847412109375 33.770000457763671875 33.729999542236328125 33.720001220703125 33.59999847412109375 33.54000091552734375 33.56999969482421875 33.31999969482421875 33.439998626708984375 33.34999847412109375 33.5800018310546875 33.619998931884765625 33.6699981689453125 33.659999847412109375 33.880001068115234375 33.970001220703125 34.090000152587890625
33.15000152587890625 33.259998321533203125 33.409999847412109375 33.3600006103515625 33.409999847412109375 33.45999908447265625 33.5 33.5800018310546875 33.75 33.590000152587890625 33.81999969482421875 33.770000457763671875 33.8899993896484375 33.779998779296875 33.8600006103515625 33.8899993896484375 33.84999847412109375 33.659999847412109375 33.619998931884765625 33.5800018310546875 33.619998931884765625 33.689998626708984375 33.689998626708984375 33.81999969482421875 33.840000152587890625 33.81999969482421875 33.779998779296875 33.79000091552734375 33.65000152587890625 33.6100006103515625 33.560001373291015625 33.529998779296875 33.45999908447265625 33.450000762939453125 33.509998321533203125 33.729999542236328125 33.689998626708984375 33.799999237060546875 34.020000457763671875 34 34.119998931884765625
33.09999847412109375 33.130001068115234375 33.1699981689453125 33.25 33.340000152587890625 33.340000152587890625 33.43000030517578125 33.479999542236328125 33.409999847412109375 33.529998779296875 33.729999542236328125 33.6399993896484375 33.759998321533203125 33.70999908447265625 33.729999542236328125 33.75 33.590000152587890625 33.619998931884765625 33.450000762939453125 33.4199981689453125 33.470001220703125 33.529998779296875 33.59999847412109375 33.70999908447265625 33.880001068115234375 33.90000152587890625 33.770000457763671875 33.779998779296875 33.75 33.779998779296875 33.6699981689453125 33.720001220703125 33.59999847412109375 33.520000457763671875 33.439998626708984375 33.529998779296875 33.68000030517578125 33.779998779296875 34.049999237060546875 34.15000152587890625 34.259998321533203125
32.990001678466796875 33.119998931884765625 32.979999542236328125 33.159999847412109375 33.159999847412109375 33.220001220703125 33.340000152587890625 33.450000762939453125 33.3600006103515625 33.380001068115234375 33.439998626708984375 33.590000152587890625 33.630001068115234375 33.520000457763671875 33.520000457763671875 33.560001373291015625 33.520000457763671875 33.310001373291015625 33.450000762939453125 33.43000030517578125 33.40000152587890625 33.450000762939453125 33.5800018310546875 33.689998626708984375 34.020000457763671875 33.700000762939453125 33.59999847412109375 33.740001678466796875 33.700000762939453125 33.619998931884765625 33.630001068115234375 33.590000152587890625 33.68000030517578125 33.59999847412109375 33.6100006103515625 33.70999908447265625 33.65000152587890625 33.840000152587890625 34.130001068115234375 34.279998779296875 34.20999908447265625
33.06999969482421875 33.009998321533203125 33.04000091552734375 33.009998321533203125 33.159999847412109375 33.25 33.3600006103515625 33.259998321533203125 33.299999237060546875 33.31999969482421875 33.380001068115234375 33.340000152587890625 33.3300018310546875 33.43000030517578125 33.450000762939453125 33.4199981689453125 33.29000091552734375 33.40000152587890625 33.270000457763671875 33.29000091552734375 33.3600006103515625 33.490001678466796875 33.409999847412109375 33.529998779296875 33.590000152587890625 33.479999542236328125 33.549999237060546875 33.68000030517578125 33.810001373291015625 33.799999237060546875 33.81999969482421875 33.6699981689453125 33.81999969482421875 33.700000762939453125 33.68000030517578125 33.65000152587890625 33.779998779296875 33.79000091552734375 34.159999847412109375 34.240001678466796875 34.15000152587890625
32.84999847412109375 32.8300018310546875 32.990001678466796875 32.970001220703125 33.060001373291015625 33.049999237060546875 33.119998931884765625 33.229999542236328125 33.279998779296875 33.15000152587890625 33.25 33.220001220703125 33.310001373291015625 33.299999237060546875 33.270000457763671875 33.3300018310546875 33.29000091552734375 33.40000152587890625 33.29000091552734375 33.40000152587890625 33.310001373291015625 33.25 33.200000762939453125 33.3300018310546875 33.3899993896484375 33.450000762939453125 33.490001678466796875 33.520000457763671875 33.729999542236328125 33.759998321533203125 33.720001220703125 33.720001220703125 33.79000091552734375 33.799999237060546875 33.70999908447265625 33.880001068115234375 33.720001220703125 33.840000152587890625 34.029998779296875 34 34.189998626708984375
