wildfire/work/fuelmodels/1996/ahn1.asc
ncols        277
nrows        241
xllcorner    182425.000000000000
yllcorner    464660.000000000000
cellsize     5.000000000000
NODATA_value   -999
[rows 90 to 107 of 241, columns 82 to 122 of 277]
32.5 32.68000030517578125 32.93000030517578125 32.950000762939453125 32.810001373291015625 32.689998626708984375 32.470001220703125 32.659999847412109375 32.529998779296875 32.560001373291015625 32.490001678466796875 32.5800018310546875 32.369998931884765625 32.549999237060546875 32.3300018310546875 32.689998626708984375 32.970001220703125 33.59999847412109375 33.3899993896484375 33.3600006103515625 33.060001373291015625 33.060001373291015625 33.06999969482421875 33.1699981689453125 33.1699981689453125 32.8600006103515625 33.060001373291015625 32.9199981689453125 32.79000091552734375 33.130001068115234375 33.229999542236328125 33.1699981689453125 33.25 33.049999237060546875 33.0800018310546875 32.8300018310546875 32.810001373291015625 32.93000030517578125 32.93000030517578125 32.93000030517578125 32.869998931884765625
32.880001068115234375 32.40000152587890625 32.54000091552734375 32.6399993896484375 32.369998931884765625 32.4199981689453125 32.45999908447265625 32.259998321533203125 32.369998931884765625 32.40000152587890625 32.4199981689453125 32.3899993896484375 32.560001373291015625 32.59999847412109375 32.689998626708984375 32.689998626708984375 32.689998626708984375 33.740001678466796875 33.3600006103515625 33.40000152587890625 32.810001373291015625 32.8300018310546875 33.06999969482421875 33.119998931884765625 33.259998321533203125 32.840000152587890625 32.869998931884765625 32.759998321533203125 32.740001678466796875 32.700000762939453125 32.90000152587890625 32.979999542236328125 33.04000091552734375 32.79000091552734375 33.159999847412109375 33.09999847412109375 33.299999237060546875 33.189998626708984375 33.0800018310546875 33.119998931884765625 33.310001373291015625
32.229999542236328125 32.5800018310546875 32.380001068115234375 32.279998779296875 32.409999847412109375 32.3600006103515625 32.270000457763671875 32.220001220703125 32.34999847412109375 32.3600006103515625 32.439998626708984375 32.450000762939453125 32.659999847412109375 32.869998931884765625 33.20999908447265625 32.689998626708984375 33 33.31999969482421875 33.130001068115234375 32.759998321533203125 32.6100006103515625 32.6100006103515625 32.84999847412109375 33.090000152587890625 33.240001678466796875 32.9199981689453125 32.81999969482421875 32.84999847412109375 32.720001220703125 33.029998779296875 33.1699981689453125 33.04000091552734375 33.009998321533203125 33.159999847412109375 33.18000030517578125 33.009998321533203125 33.159999847412109375 32.950000762939453125 33.09999847412109375 33.54000091552734375 33.5800018310546875
32.229999542236328125 32.240001678466796875 32.259998321533203125 32.31999969482421875 32.439998626708984375 32.0800018310546875 32.1100006103515625 32.29000091552734375 32.6699981689453125 32.79000091552734375 33 33.130001068115234375 32.869998931884765625 32.84999847412109375 33.20999908447265625 33.20999908447265625 32.520000457763671875 32.81999969482421875 32.479999542236328125 32.479999542236328125 32.18000030517578125 32.31999969482421875 33.229999542236328125 33.1699981689453125 33.450000762939453125 32.560001373291015625 32.4199981689453125 32.4199981689453125 32.9199981689453125 32.6100006103515625 32.5800018310546875 32.659999847412109375 32.979999542236328125 33.0800018310546875 32.970001220703125 32.8899993896484375 33.04000091552734375 32.779998779296875 33.200000762939453125 33.43000030517578125 33.5800018310546875
32.279998779296875 32.299999237060546875 32.200000762939453125 32.299999237060546875 32.470001220703125 32.270000457763671875 32.259998321533203125 32.619998931884765625 33.090000152587890625 33.090000152587890625 33.18000030517578125 33.20999908447265625 33.29000091552734375 33.119998931884765625 33.20999908447265625 33.1100006103515625 32.520000457763671875 32.029998779296875 34.189998626708984375 32.450000762939453125 32.45999908447265625 32.950000762939453125 33.509998321533203125 33.380001068115234375 33.049999237060546875 32.509998321533203125 32.09999847412109375 32.43000030517578125 32.490001678466796875 32.43000030517578125 32.509998321533203125 32.439998626708984375 32.75 32.909999847412109375 32.939998626708984375 32.84999847412109375 32.840000152587890625 32.979999542236328125 33.1399993896484375 33.029998779296875 33.279998779296875
32.490001678466796875 32.270000457763671875 32.279998779296875 32.3300018310546875 32.439998626708984375 32.770000457763671875 32.6699981689453125 32.56999969482421875 32.770000457763671875 33.049999237060546875 33.220001220703125 33.090000152587890625 33.29000091552734375 33.68000030517578125 33.5 33.020000457763671875 32.369998931884765625 32.15000152587890625 32.220001220703125 32.369998931884765625 32.939998626708984375 32.8899993896484375 33.229999542236328125 32.9199981689453125 33.1399993896484375 32.700000762939453125 32.45999908447265625 32.25 32.380001068115234375 32.020000457763671875 32.189998626708984375 32.5800018310546875 32.470001220703125 32.590000152587890625 32.5800018310546875 32.720001220703125 32.970001220703125 32.869998931884765625 33 33.1100006103515625 33.25
32.5 32.40000152587890625 32.0800018310546875 32.3899993896484375 32.79000091552734375 32.68000030517578125 32.6100006103515625 33.1699981689453125 32.630001068115234375 32.6399993896484375 33.009998321533203125 33.479999542236328125 33.450000762939453125 33.3300018310546875 33.279998779296875 33.15000152587890625 32.3600006103515625 33.75 33.25 33.799999237060546875 33.1100006103515625 32.9199981689453125 33.020000457763671875 33.20999908447265625 33.200000762939453125 32.659999847412109375 32.509998321533203125 32.3899993896484375 32.520000457763671875 32.340000152587890625 32.549999237060546875 32.700000762939453125 32.59999847412109375 32.68000030517578125 32.5800018310546875 32.6699981689453125 32.81999969482421875 32.869998931884765625 33.1100006103515625 32.689998626708984375 32.8300018310546875
32.56999969482421875 32.45999908447265625 32.479999542236328125 32.93000030517578125 32.6399993896484375 32.4199981689453125 32.380001068115234375 32.25 32.380001068115234375 33.1699981689453125 32.909999847412109375 33.009998321533203125 33.3899993896484375 33.3300018310546875 33.220001220703125 33.049999237060546875 33.15000152587890625 33.529998779296875 33.25 33.25 33 32.8899993896484375 32.70999908447265625 33.31999969482421875 32.56999969482421875 32.509998321533203125 32.450000762939453125 32.369998931884765625 32.43000030517578125 32.529998779296875 32.700000762939453125 32.5800018310546875 32.759998321533203125 32.56999969482421875 32.6699981689453125 32.8300018310546875 33.049999237060546875 33.3899993896484375 33.229999542236328125 32.689998626708984375 32.759998321533203125
32.310001373291015625 32.490001678466796875 32.630001068115234375 32.740001678466796875 32.6399993896484375 32.25 32.220001220703125 32.200000762939453125 32.240001678466796875 32.54000091552734375 32.3899993896484375 32.65000152587890625 33.009998321533203125 32.700000762939453125 32.279998779296875 32.759998321533203125 33.529998779296875 33.8600006103515625 33.799999237060546875 34.369998931884765625 33.479999542236328125 33.310001373291015625 32.590000152587890625 32.520000457763671875 32.450000762939453125 32.270000457763671875 32.240001678466796875 32.45999908447265625 32.5 32.439998626708984375 32.3600006103515625 32.470001220703125 32.630001068115234375 32.93000030517578125 33.060001373291015625 33.15000152587890625 33.3600006103515625 33.1699981689453125 33.119998931884765625 33.549999237060546875 32.75
32.54000091552734375 32.59999847412109375 32.759998321533203125 32.659999847412109375 32.380001068115234375 32.310001373291015625 32.18000030517578125 32.439998626708984375 32.25 32.1399993896484375 32.4199981689453125 32.470001220703125 32.490001678466796875 32.490001678466796875 32.759998321533203125 33.6399993896484375 34.220001220703125 33.6100006103515625 33.779998779296875 33.8300018310546875 33.40000152587890625 32.770000457763671875 32.43000030517578125 32.54000091552734375 32.450000762939453125 32.509998321533203125 32.3600006103515625 32.34999847412109375 32.220001220703125 32.45999908447265625 32.509998321533203125 32.470001220703125 32.950000762939453125 33.59999847412109375 33.279998779296875 33.34999847412109375 33.3600006103515625 33.340000152587890625 33.15000152587890625 33.090000152587890625 33.0800018310546875
32.659999847412109375 32.439998626708984375 32.29000091552734375 32.119998931884765625 32.18000030517578125 32.31999969482421875 32.220001220703125 32.40000152587890625 32.25 32.20999908447265625 32.450000762939453125 32.490001678466796875 32.490001678466796875 32.490001678466796875 33.729999542236328125 33.729999542236328125 33.279998779296875 33.43000030517578125 33.1100006103515625 32.93000030517578125 32.720001220703125 32.450000762939453125 32.34999847412109375 32.6699981689453125 32.590000152587890625 32.5800018310546875 32.520000457763671875 32.529998779296875 32.520000457763671875 32.3600006103515625 32.29000091552734375 32.6100006103515625 33.3600006103515625 33.630001068115234375 33.90000152587890625 34.299999237060546875 33.740001678466796875 33.65000152587890625 33.439998626708984375 33.950000762939453125 34.1100006103515625
32.20999908447265625 32.119998931884765625 32.1100006103515625 32.279998779296875 32.31999969482421875 32.380001068115234375 32.259998321533203125 32.25 32.20999908447265625 32.369998931884765625 32.54000091552734375 32.229999542236328125 32.409999847412109375 32.3300018310546875 34.31999969482421875 34.04000091552734375 34.59999847412109375 33.119998931884765625 33.029998779296875 33.04000091552734375 32.799999237060546875 32.439998626708984375 32.3600006103515625 32.909999847412109375 32.740001678466796875 32.6100006103515625 32.81999969482421875 32.619998931884765625 32.54000091552734375 32.90000152587890625 32.810001373291015625 32.720001220703125 33.56999969482421875 35.119998931884765625 35.779998779296875 35.869998931884765625 34.9199981689453125 34.54000091552734375 34.31999969482421875 34.490001678466796875 35.049999237060546875
32.299999237060546875 32.299999237060546875 32.119998931884765625 32.34999847412109375 32.340000152587890625 32.31999969482421875 32.340000152587890625 32.3300018310546875 32.340000152587890625 32.3899993896484375 32.31999969482421875 32.29000091552734375 32.3300018310546875 34.450000762939453125 34.439998626708984375 34.15000152587890625 34.200000762939453125 34.240001678466796875 33.68000030517578125 33.299999237060546875 32.509998321533203125 32.45999908447265625 32.450000762939453125 32.759998321533203125 33.09999847412109375 32.909999847412109375 32.909999847412109375 32.759998321533203125 32.70999908447265625 32.479999542236328125 32.909999847412109375 33.369998931884765625 34.979999542236328125 35.729999542236328125 36.29000091552734375 35.75 36.189998626708984375 34.590000152587890625 34.529998779296875 34.909999847412109375 35.20999908447265625
32.15000152587890625 32.119998931884765625 32.1100006103515625 32.279998779296875 32.310001373291015625 32.43000030517578125 32.45999908447265625 32.220001220703125 32.15000152587890625 32.31999969482421875 32.6699981689453125 32.490001678466796875 34.470001220703125 34.5 34.509998321533203125 34.310001373291015625 34.15000152587890625 34 33.68000030517578125 33.200000762939453125 32.5800018310546875 32.229999542236328125 32.520000457763671875 32.65000152587890625 33 32.75 32.659999847412109375 32.630001068115234375 32.75 32.6100006103515625 32.8600006103515625 34.020000457763671875 34.560001373291015625 35.34999847412109375 35.720001220703125 35.299999237060546875 34.54000091552734375 34.09999847412109375 34.40000152587890625 34.810001373291015625 35.0800018310546875
32.020000457763671875 32.060001373291015625 32.18000030517578125 32.3300018310546875 32.40000152587890625 32.409999847412109375 32.45999908447265625 32.25 32.25 32.279998779296875 32.6699981689453125 32.6699981689453125 34.54000091552734375 34.6100006103515625 34.6100006103515625 34.310001373291015625 33.560001373291015625 33.439998626708984375 33.45999908447265625 32.630001068115234375 32.049999237060546875 32.1100006103515625 32.3600006103515625 32.689998626708984375 32.740001678466796875 32.59999847412109375 32.6399993896484375 32.810001373291015625 32.659999847412109375 32.880001068115234375 33.299999237060546875 33.939998626708984375 34.229999542236328125 34.479999542236328125 34.659999847412109375 34.630001068115234375 34.1100006103515625 34.1100006103515625 34 34.59999847412109375 34.75
32.1399993896484375 32.130001068115234375 32.09999847412109375 32.310001373291015625 32.34999847412109375 32.3899993896484375 32.31999969482421875 32.18000030517578125 32.25 32.45999908447265625 32.95999908447265625 33.619998931884765625 33.93000030517578125 34.5800018310546875 34.25 33.54000091552734375 33.009998321533203125 32.40000152587890625 32.470001220703125 32.279998779296875 32.340000152587890625 32.950000762939453125 33.3600006103515625 32.90000152587890625 32.369998931884765625 32.619998931884765625 32.68000030517578125 32.759998321533203125 32.700000762939453125 33.1699981689453125 33.240001678466796875 33.70999908447265625 34.049999237060546875 34.20999908447265625 34.590000152587890625 34.45999908447265625 34.240001678466796875 34.20999908447265625 33.729999542236328125 33.939998626708984375 34.020000457763671875
32.1100006103515625 32.1100006103515625 32.15000152587890625 32.310001373291015625 32.310001373291015625 32.409999847412109375 32.259998321533203125 32.25 32.220001220703125 32.95999908447265625 32.95999908447265625 34.259998321533203125 33.619998931884765625 33.68000030517578125 33.40000152587890625 32.880001068115234375 32.3899993896484375 32.40000152587890625 32.810001373291015625 32.8899993896484375 32.81999969482421875 33.299999237060546875 33.25 33.119998931884765625 32.529998779296875 32.159999847412109375 32.549999237060546875 32.630001068115234375 33.009998321533203125 33.229999542236328125 33.279998779296875 33.8899993896484375 34.380001068115234375 35.3899993896484375 35.40000152587890625 35.060001373291015625 34.700000762939453125 34.270000457763671875 33.8899993896484375 33.8600006103515625 33.520000457763671875
32.29000091552734375 32.15000152587890625 32.130001068115234375 32.259998321533203125 32.25 32.279998779296875 32.450000762939453125 32.229999542236328125 32.189998626708984375 32.95999908447265625 32.31999969482421875 33.09999847412109375 32.65000152587890625 32.439998626708984375 32.439998626708984375 32.1399993896484375 32.29000091552734375 32.3600006103515625 32.659999847412109375 32.8600006103515625 33.119998931884765625 33.119998931884765625 32.759998321533203125 32.779998779296875 32.31999969482421875 32.310001373291015625 32.79000091552734375 32.65000152587890625 32.700000762939453125 33.04000091552734375 33.45999908447265625 34.1100006103515625 35.049999237060546875 35.40000152587890625 35.5 35.43000030517578125 34.65000152587890625 34.240001678466796875 34.15000152587890625 33.8899993896484375 33.5
