wildfire/work/fuelmodels/1996/ahn1.asc
ncols        277
nrows        241
xllcorner    182425.000000000000
yllcorner    464660.000000000000
cellsize     5.000000000000
NODATA_value   -999
[rows 90 to 107 of 241, columns 41 to 81 of 277]
31.20999908447265625 31.049999237060546875 30.989999771118164062 31.06999969482421875 31.129999160766601562 31.159999847412109375 31.43000030517578125 31.530000686645507812 31.190000534057617188 31.18000030517578125 31.43000030517578125 31.350000381469726562 31.260000228881835938 31.350000381469726562 31.600000381469726562 32.049999237060546875 32.509998321533203125 32.619998931884765625 32.45999908447265625 32.240001678466796875 31.6399993896484375 31.590000152587890625 31.8899993896484375 32.090000152587890625 32.200000762939453125 31.8600006103515625 31.8899993896484375 31.879999160766601562 32.1399993896484375 32.490001678466796875 32.8899993896484375 33.29000091552734375 33.5800018310546875 33.6100006103515625 33.340000152587890625 33 32.520000457763671875 32.490001678466796875 32.380001068115234375 32.380001068115234375 32.270000457763671875
31.170000076293945312 31.090000152587890625 31.079999923706054688 31.04000091552734375 31.090000152587890625 31.049999237060546875 31.280000686645507812 31.520000457763671875 31.340000152587890625 31.20999908447265625 31.379999160766601562 31.270000457763671875 31.440000534057617188 31.309999465942382812 31.409999847412109375 31.559999465942382812 31.45999908447265625 31.620000839233398438 31.520000457763671875 31.350000381469726562 31.420000076293945312 31.600000381469726562 31.690000534057617188 31.780000686645507812 32.189998626708984375 31.739999771118164062 31.690000534057617188 31.670000076293945312 31.909999847412109375 32.34999847412109375 32.689998626708984375 33.270000457763671875 33.34999847412109375 33.40000152587890625 33.259998321533203125 32.9199981689453125 32.31999969482421875 32.56999969482421875 32.509998321533203125 32.34999847412109375 32.259998321533203125
31 31.159999847412109375 31.129999160766601562 31.190000534057617188 31.170000076293945312 30.93000030517578125 31.010000228881835938 31.219999313354492188 31.31999969482421875 31.20999908447265625 31.270000457763671875 31.31999969482421875 31.329999923706054688 31.450000762939453125 31.530000686645507812 31.979999542236328125 32.18000030517578125 31.450000762939453125 31.440000534057617188 31.510000228881835938 31.629999160766601562 31.870000839233398438 31.899999618530273438 31.989999771118164062 32.29000091552734375 31.659999847412109375 31.56999969482421875 31.549999237060546875 31.93000030517578125 32.119998931884765625 32.5 32.729999542236328125 32.950000762939453125 33 32.659999847412109375 32.299999237060546875 32.189998626708984375 32.279998779296875 32.279998779296875 32.18000030517578125 32.189998626708984375
31.18000030517578125 31.120000839233398438 31.190000534057617188 31.219999313354492188 31.270000457763671875 31.129999160766601562 31 31.04000091552734375 31.1100006103515625 31.1399993896484375 31.25 31.299999237060546875 31.229999542236328125 31.440000534057617188 31.739999771118164062 32.1699981689453125 32.56999969482421875 31.700000762939453125 31.469999313354492188 31.440000534057617188 31.469999313354492188 31.739999771118164062 32.189998626708984375 32.4199981689453125 32.1399993896484375 31.6100006103515625 31.649999618530273438 31.520000457763671875 31.75 32 32.200000762939453125 32.450000762939453125 32.509998321533203125 32.65000152587890625 32.3899993896484375 32.409999847412109375 32.409999847412109375 32.25 32.31999969482421875 32.189998626708984375 32.240001678466796875
31.049999237060546875 31.229999542236328125 31.200000762939453125 31.3600006103515625 31.420000076293945312 31.239999771118164062 31.159999847412109375 31.1100006103515625 31.129999160766601562 31.100000381469726562 31.129999160766601562 31.18000030517578125 31.270000457763671875 31.45999908447265625 31.5 31.809999465942382812 32.369998931884765625 31.6399993896484375 31.399999618530273438 31.420000076293945312 31.530000686645507812 31.520000457763671875 31.799999237060546875 32.06999969482421875 31.909999847412109375 31.600000381469726562 31.6399993896484375 31.530000686645507812 31.8899993896484375 32.1399993896484375 32.490001678466796875 32.4199981689453125 32.439998626708984375 32.409999847412109375 32.93000030517578125 33.009998321533203125 32.689998626708984375 32.31999969482421875 32.060001373291015625 32.340000152587890625 32.3300018310546875
31.190000534057617188 31.100000381469726562 31.219999313354492188 31.25 31.190000534057617188 31.20999908447265625 31.120000839233398438 31.170000076293945312 31.239999771118164062 31.120000839233398438 31.129999160766601562 31.159999847412109375 31.20999908447265625 31.200000762939453125 31.309999465942382812 31.3899993896484375 31.229999542236328125 31.45999908447265625 31.43000030517578125 31.579999923706054688 31.620000839233398438 31.530000686645507812 31.469999313354492188 31.420000076293945312 31.399999618530273438 31.590000152587890625 31.620000839233398438 31.6399993896484375 31.700000762939453125 32.020000457763671875 32.479999542236328125 32.3300018310546875 32.220001220703125 32.380001068115234375 32.529998779296875 32.45999908447265625 32.520000457763671875 32.43000030517578125 32.369998931884765625 32.43000030517578125 32.56999969482421875
31.159999847412109375 31.20999908447265625 31.190000534057617188 31.399999618530273438 31.18000030517578125 31.159999847412109375 31.25 31.420000076293945312 31.29000091552734375 31.219999313354492188 31.190000534057617188 31.25 31.239999771118164062 31.25 31.3899993896484375 31.3600006103515625 31.579999923706054688 31.510000228881835938 31.579999923706054688 32.15000152587890625 32.18000030517578125 31.850000381469726562 31.489999771118164062 31.409999847412109375 31.420000076293945312 31.520000457763671875 31.530000686645507812 31.81999969482421875 31.809999465942382812 32 32.04000091552734375 31.920000076293945312 31.95999908447265625 32.240001678466796875 32.6399993896484375 32.340000152587890625 32.31999969482421875 32.279998779296875 32.310001373291015625 32.450000762939453125 32.43000030517578125
31.1100006103515625 31.120000839233398438 31.129999160766601562 31.229999542236328125 31.190000534057617188 31.25 31.200000762939453125 31.229999542236328125 31.20999908447265625 31.049999237060546875 31.25 31.20999908447265625 31.370000839233398438 31.280000686645507812 31.299999237060546875 31.3600006103515625 31.489999771118164062 31.520000457763671875 31.649999618530273438 32.090000152587890625 32.220001220703125 31.739999771118164062 31.479999542236328125 31.520000457763671875 31.440000534057617188 31.409999847412109375 31.469999313354492188 32 31.75 31.850000381469726562 31.840000152587890625 31.879999160766601562 32.029998779296875 32.220001220703125 32.70999908447265625 32.720001220703125 32.54000091552734375 32.6699981689453125 32.509998321533203125 32.439998626708984375 32.450000762939453125
30.879999160766601562 31 31.190000534057617188 31.100000381469726562 31.25 31.20999908447265625 31.090000152587890625 31.25 31.309999465942382812 31.81999969482421875 31.969999313354492188 31.950000762939453125 31.600000381469726562 31.31999969482421875 31.31999969482421875 31.479999542236328125 31.5 31.409999847412109375 31.54000091552734375 31.780000686645507812 31.6399993896484375 31.549999237060546875 31.440000534057617188 31.420000076293945312 31.309999465942382812 31.3899993896484375 31.45999908447265625 31.43000030517578125 31.719999313354492188 31.870000839233398438 32.06999969482421875 32.439998626708984375 32.4199981689453125 32.479999542236328125 32.810001373291015625 32.990001678466796875 32.880001068115234375 32.779998779296875 32.470001220703125 32.439998626708984375 32.439998626708984375
30.879999160766601562 30.829999923706054688 30.979999542236328125 31.159999847412109375 31.270000457763671875 31.440000534057617188 31.620000839233398438 31.649999618530273438 31.770000457763671875 32.259998321533203125 31.940000534057617188 31.840000152587890625 31.989999771118164062 31.6100006103515625 31.3600006103515625 31.399999618530273438 31.520000457763671875 31.54000091552734375 31.489999771118164062 31.3899993896484375 31.370000839233398438 31.440000534057617188 31.31999969482421875 31.450000762939453125 31.729999542236328125 31.559999465942382812 31.5 31.700000762939453125 31.850000381469726562 31.93000030517578125 32.4199981689453125 32.8300018310546875 33.29000091552734375 32.3899993896484375 32.59999847412109375 32.720001220703125 32.529998779296875 32.450000762939453125 32.409999847412109375 32.509998321533203125 32.520000457763671875
31.229999542236328125 30.809999465942382812 30.909999847412109375 31.120000839233398438 31.030000686645507812 31.229999542236328125 31.479999542236328125 31.54000091552734375 31.56999969482421875 31.760000228881835938 31.6399993896484375 31.659999847412109375 31.75 31.670000076293945312 31.45999908447265625 31.3899993896484375 31.549999237060546875 31.5 31.379999160766601562 31.43000030517578125 31.43000030517578125 31.549999237060546875 31.649999618530273438 31.3899993896484375 31.479999542236328125 31.620000839233398438 31.600000381469726562 32.029998779296875 31.969999313354492188 32.229999542236328125 32.45999908447265625 33.3300018310546875 32.740001678466796875 32.79000091552734375 32.54000091552734375 32.619998931884765625 32.79000091552734375 32.75 32.700000762939453125 32.619998931884765625 33.020000457763671875
31.420000076293945312 31.020000457763671875 30.8899993896484375 30.840000152587890625 31.079999923706054688 31.090000152587890625 31.159999847412109375 31.229999542236328125 31.200000762939453125 31.149999618530273438 31.340000152587890625 31.56999969482421875 31.899999618530273438 31.75 31.479999542236328125 31.649999618530273438 31.559999465942382812 31.530000686645507812 31.469999313354492188 31.31999969482421875 31.489999771118164062 31.469999313354492188 31.56999969482421875 31.600000381469726562 31.3899993896484375 31.5 31.559999465942382812 31.739999771118164062 32.020000457763671875 32.409999847412109375 32.990001678466796875 33.5 33.240001678466796875 32.909999847412109375 32.939998626708984375 32.759998321533203125 32.759998321533203125 33.40000152587890625 33.090000152587890625 32.8899993896484375 32.6699981689453125
31.200000762939453125 31.159999847412109375 31.079999923706054688 30.969999313354492188 30.840000152587890625 31.170000076293945312 31.120000839233398438 31.010000228881835938 31.020000457763671875 31.049999237060546875 31.170000076293945312 31.409999847412109375 31.629999160766601562 31.6399993896484375 31.56999969482421875 31.690000534057617188 31.8600006103515625 31.649999618530273438 31.450000762939453125 31.43000030517578125 31.45999908447265625 31.420000076293945312 31.670000076293945312 31.950000762939453125 31.899999618530273438 31.950000762939453125 31.6399993896484375 31.590000152587890625 32.729999542236328125 32.759998321533203125 32.729999542236328125 33.229999542236328125 33.060001373291015625 32.93000030517578125 32.770000457763671875 32.759998321533203125 32.9199981689453125 33.490001678466796875 33.159999847412109375 32.779998779296875 32.5
31.010000228881835938 31.079999923706054688 31.1399993896484375 30.95999908447265625 30.79000091552734375 30.700000762939453125 31.030000686645507812 31.399999618530273438 31.200000762939453125 31.1399993896484375 31.239999771118164062 31.20999908447265625 31.229999542236328125 31.309999465942382812 31.510000228881835938 31.450000762939453125 31.520000457763671875 31.370000839233398438 31.399999618530273438 31.600000381469726562 31.620000839233398438 31.260000228881835938 31.3899993896484375 31.75 32.049999237060546875 32.20999908447265625 31.090000152587890625 30.700000762939453125 33.29000091552734375 33.060001373291015625 33.09999847412109375 32.81999969482421875 32.840000152587890625 32.700000762939453125 32.84999847412109375 32.84999847412109375 33.020000457763671875 33 32.950000762939453125 32.590000152587890625 32.18000030517578125
30.989999771118164062 31.190000534057617188 31.200000762939453125 31.299999237060546875 31.030000686645507812 30.81999969482421875 30.909999847412109375 31.1100006103515625 31.309999465942382812 31.520000457763671875 31.3899993896484375 31.129999160766601562 31.159999847412109375 31.149999618530273438 31.270000457763671875 31.6399993896484375 31.760000228881835938 31.45999908447265625 31.579999923706054688 31.739999771118164062 31.659999847412109375 31.729999542236328125 31.489999771118164062 31.510000228881835938 31.93000030517578125 32.3600006103515625 32.06999969482421875 33.470001220703125 33.3899993896484375 32.979999542236328125 32.880001068115234375 32.939998626708984375 33.240001678466796875 32.93000030517578125 32.95999908447265625 32.84999847412109375 32.81999969482421875 32.950000762939453125 32.90000152587890625 32.470001220703125 32.159999847412109375
31.149999618530273438 31.18000030517578125 31.170000076293945312 31.3600006103515625 31.299999237060546875 31.059999465942382812 31.06999969482421875 31.049999237060546875 31.270000457763671875 31.670000076293945312 31.840000152587890625 31.3600006103515625 31.340000152587890625 31.409999847412109375 31.45999908447265625 31.559999465942382812 31.549999237060546875 31.450000762939453125 31.520000457763671875 31.6100006103515625 31.70999908447265625 31.670000076293945312 31.590000152587890625 31.809999465942382812 31.760000228881835938 32 31.989999771118164062 32.8600006103515625 32.979999542236328125 32.880001068115234375 32.950000762939453125 33.09999847412109375 33.1699981689453125 33.020000457763671875 33.049999237060546875 32.8300018310546875 32.8600006103515625 32.90000152587890625 32.90000152587890625 32.3899993896484375 32.15000152587890625
31.149999618530273438 31.190000534057617188 31.149999618530273438 31.170000076293945312 31.309999465942382812 31.280000686645507812 31.260000228881835938 31.299999237060546875 31.270000457763671875 31.229999542236328125 31.54000091552734375 31.659999847412109375 31.270000457763671875 31.420000076293945312 31.450000762939453125 31.56999969482421875 31.489999771118164062 31.399999618530273438 31.54000091552734375 31.579999923706054688 31.809999465942382812 31.739999771118164062 31.81999969482421875 31.770000457763671875 31.940000534057617188 31.909999847412109375 32.049999237060546875 32.490001678466796875 32.590000152587890625 32.590000152587890625 32.65000152587890625 32.689998626708984375 32.720001220703125 32.90000152587890625 32.240001678466796875 32.29000091552734375 32.369998931884765625 32.9199981689453125 32.720001220703125 32.380001068115234375 32.259998321533203125
31.190000534057617188 31.350000381469726562 31.229999542236328125 31.200000762939453125 31.159999847412109375 31.329999923706054688 31.440000534057617188 31.81999969482421875 31.950000762939453125 31.420000076293945312 31.149999618530273438 31.200000762939453125 31.030000686645507812 31.159999847412109375 31.3899993896484375 31.450000762939453125 31.510000228881835938 31.43000030517578125 31.479999542236328125 31.530000686645507812 31.799999237060546875 31.879999160766601562 31.950000762939453125 32.009998321533203125 31.840000152587890625 31.899999618530273438 32 32.3600006103515625 32.259998321533203125 32.3899993896484375 32.229999542236328125 32.310001373291015625 32.29000091552734375 32.200000762939453125 32.340000152587890625 32.310001373291015625 32.25 32.8899993896484375 32.79000091552734375 32.56999969482421875 32.310001373291015625
