wildfire/work/fuelmodels/1996/ahn1.asc
ncols        277
nrows        241
xllcorner    182425.000000000000
yllcorner    464660.000000000000
cellsize     5.000000000000
NODATA_value   -999
[rows 36 to 53 of 241, columns 205 to 245 of 277]
34.470001220703125 34.590000152587890625 34.75 35.1699981689453125 36.20999908447265625 37.20999908447265625 37.59999847412109375 37.689998626708984375 37.5 37.06999969482421875 37.340000152587890625 37.4199981689453125 37.3300018310546875 36.65000152587890625 35.54000091552734375 35.06999969482421875 35.1399993896484375 35.470001220703125 35.950000762939453125 36.529998779296875 36.560001373291015625 36.70999908447265625 36.79000091552734375 37.119998931884765625 36.54000091552734375 37.15000152587890625 37.1100006103515625 37.549999237060546875 37.90000152587890625 38.56999969482421875 38.619998931884765625 38.54000091552734375 38.619998931884765625 38.439998626708984375 38.380001068115234375 38.5800018310546875 38.6100006103515625 38.59999847412109375 38.520000457763671875 38.470001220703125 38.8300018310546875
34.630001068115234375 34.84999847412109375 34.8899993896484375 35.340000152587890625 36.29000091552734375 37.270000457763671875 37.95999908447265625 37.9199981689453125 37.729999542236328125 37.590000152587890625 37.130001068115234375 37.240001678466796875 36.509998321533203125 35.189998626708984375 35.04000091552734375 35.15000152587890625 35.1699981689453125 35.450000762939453125 35.979999542236328125 36.279998779296875 36.18000030517578125 36.450000762939453125 36.520000457763671875 36.5800018310546875 36.59999847412109375 36.70999908447265625 36.779998779296875 36.909999847412109375 37 37.479999542236328125 38.25 38.340000152587890625 38.31999969482421875 38.409999847412109375 38.479999542236328125 38.549999237060546875 38.590000152587890625 38.56999969482421875 38.619998931884765625 38.65000152587890625 38.729999542236328125
34.75 34.90000152587890625 35.06999969482421875 35.409999847412109375 36.06999969482421875 36.779998779296875 37.79000091552734375 38.1699981689453125 37.520000457763671875 36.529998779296875 36.40000152587890625 35.130001068115234375 34.560001373291015625 34.779998779296875 35.090000152587890625 35.09999847412109375 35.200000762939453125 35.45999908447265625 35.630001068115234375 35.90000152587890625 36.09999847412109375 36.1399993896484375 36.15000152587890625 36.299999237060546875 36.40000152587890625 36.340000152587890625 36.54000091552734375 36.479999542236328125 36.5800018310546875 37.240001678466796875 37.700000762939453125 38.04000091552734375 38.18000030517578125 38.369998931884765625 38.3300018310546875 38.4199981689453125 38.54000091552734375 38.65000152587890625 38.689998626708984375 38.75 39.06999969482421875
34.810001373291015625 34.90000152587890625 35.060001373291015625 35.3899993896484375 35.6399993896484375 36.65000152587890625 37.220001220703125 38.15000152587890625 37.75 36.060001373291015625 35.5 34.970001220703125 34.95999908447265625 34.720001220703125 34.75 34.95999908447265625 35.15000152587890625 35.3600006103515625 35.439998626708984375 35.799999237060546875 36.09999847412109375 36 36.1100006103515625 36.119998931884765625 35.909999847412109375 36.380001068115234375 36.25 36.470001220703125 36.590000152587890625 37.0800018310546875 37.5 38 38.40000152587890625 38.310001373291015625 38.56999969482421875 38.619998931884765625 38.56999969482421875 38.79000091552734375 39.18000030517578125 39.3300018310546875 39.18000030517578125
34.79000091552734375 34.95999908447265625 34.990001678466796875 35.340000152587890625 35.720001220703125 36.310001373291015625 38.1399993896484375 38.259998321533203125 37.939998626708984375 36.75 35.8600006103515625 35.56999969482421875 35.119998931884765625 34.840000152587890625 34.909999847412109375 34.81999969482421875 34.979999542236328125 34.8899993896484375 35.40000152587890625 35.619998931884765625 35.8600006103515625 35.979999542236328125 35.909999847412109375 36.0800018310546875 35.84999847412109375 36.06999969482421875 36.18000030517578125 36.090000152587890625 36.3899993896484375 37.049999237060546875 37.31999969482421875 38.060001373291015625 38.279998779296875 38.880001068115234375 39.68000030517578125 39.40000152587890625 39.029998779296875 39.560001373291015625 40.1100006103515625 40.509998321533203125 40.520000457763671875
34.770000457763671875 34.810001373291015625 35.1100006103515625 35.31999969482421875 35.8600006103515625 36.06999969482421875 37.369998931884765625 37.68000030517578125 37.310001373291015625 37.09999847412109375 35.939998626708984375 35.770000457763671875 35.3600006103515625 34.970001220703125 34.8600006103515625 34.79000091552734375 34.84999847412109375 35.04000091552734375 35.220001220703125 35.31999969482421875 35.470001220703125 35.720001220703125 36.1699981689453125 36.090000152587890625 35.68000030517578125 36.049999237060546875 36.259998321533203125 36.06999969482421875 36.380001068115234375 36.6699981689453125 37.1699981689453125 38.090000152587890625 39.4199981689453125 40.279998779296875 41.090000152587890625 40.509998321533203125 41.009998321533203125 40.880001068115234375 40.950000762939453125 40.020000457763671875 39.31999969482421875
34.8899993896484375 35.04000091552734375 35.1100006103515625 35.240001678466796875 35.560001373291015625 35.979999542236328125 36.3600006103515625 36.759998321533203125 36.40000152587890625 36.29000091552734375 36.279998779296875 36.3600006103515625 35.509998321533203125 35.6100006103515625 34.95999908447265625 34.799999237060546875 34.799999237060546875 34.950000762939453125 35.090000152587890625 35.270000457763671875 35.6699981689453125 35.779998779296875 35.970001220703125 36.6100006103515625 36.4199981689453125 35.990001678466796875 36.020000457763671875 36.299999237060546875 36.220001220703125 36.630001068115234375 37.1100006103515625 38.65000152587890625 40.409999847412109375 41.369998931884765625 41.380001068115234375 41.090000152587890625 40.8899993896484375 41.04000091552734375 40.029998779296875 39.409999847412109375 38.520000457763671875
34.840000152587890625 35.09999847412109375 35.3300018310546875 35.70999908447265625 35.90000152587890625 36.04000091552734375 36.490001678466796875 36.200000762939453125 36.6399993896484375 36.770000457763671875 36.729999542236328125 36.970001220703125 36.409999847412109375 35.1699981689453125 35.090000152587890625 34.81999969482421875 34.720001220703125 34.990001678466796875 35.15000152587890625 35.439998626708984375 35.479999542236328125 36.029998779296875 36.060001373291015625 36.220001220703125 36.340000152587890625 36.520000457763671875 36.31999969482421875 36.31999969482421875 36.31999969482421875 36.56999969482421875 36.3899993896484375 38.520000457763671875 39.59999847412109375 39.909999847412109375 40.31999969482421875 40.18000030517578125 40.020000457763671875 40.009998321533203125 39.70999908447265625 39.18000030517578125 38.90000152587890625
34.81999969482421875 35.1699981689453125 35.509998321533203125 36.029998779296875 36.270000457763671875 36.5800018310546875 36.560001373291015625 36.90000152587890625 37.060001373291015625 37.509998321533203125 37.75 37.159999847412109375 36.479999542236328125 35.310001373291015625 34.84999847412109375 34.5 34.3600006103515625 34.8600006103515625 35.1399993896484375 35.90000152587890625 35.95999908447265625 36.0800018310546875 36.159999847412109375 36.490001678466796875 36.590000152587890625 36.130001068115234375 36.020000457763671875 36.1100006103515625 36.299999237060546875 36.279998779296875 36.159999847412109375 37.720001220703125 38.20999908447265625 38.470001220703125 39.380001068115234375 39.380001068115234375 40.020000457763671875 39.979999542236328125 39.8600006103515625 39.6699981689453125 38.90000152587890625
35.240001678466796875 35.279998779296875 35.630001068115234375 36.06999969482421875 36.189998626708984375 36.450000762939453125 36.630001068115234375 37.04000091552734375 37.479999542236328125 37.979999542236328125 38.380001068115234375 37.970001220703125 36.409999847412109375 34.79000091552734375 34.470001220703125 34.20999908447265625 34.4199981689453125 34.3899993896484375 35.09999847412109375 35.759998321533203125 36.630001068115234375 36.95999908447265625 36.340000152587890625 36.1399993896484375 36.20999908447265625 36.009998321533203125 35.95999908447265625 36.009998321533203125 36.20999908447265625 36.31999969482421875 37.259998321533203125 37.8899993896484375 37.909999847412109375 38.450000762939453125 38.970001220703125 39.93000030517578125 40.380001068115234375 41.060001373291015625 40.84999847412109375 39.34999847412109375 39.1100006103515625
35.310001373291015625 35.270000457763671875 35.8300018310546875 36.29000091552734375 36.29000091552734375 36.529998779296875 36.81999969482421875 37.229999542236328125 37.5800018310546875 38.09999847412109375 38.90000152587890625 38.29000091552734375 35.779998779296875 34.590000152587890625 34.159999847412109375 34.1699981689453125 34.3600006103515625 34.770000457763671875 35.270000457763671875 35.450000762939453125 35.84999847412109375 36.04000091552734375 36.029998779296875 35.950000762939453125 35.93000030517578125 35.8600006103515625 36.130001068115234375 36.119998931884765625 35.950000762939453125 37.20999908447265625 39.04000091552734375 38.75 38.6699981689453125 38.939998626708984375 39.65000152587890625 40.81999969482421875 41.25 41.020000457763671875 39.81999969482421875 39.049999237060546875 38.8899993896484375
35.759998321533203125 35.779998779296875 35.840000152587890625 36.1100006103515625 36.270000457763671875 36.40000152587890625 36.6399993896484375 37.049999237060546875 37.40000152587890625 37.90000152587890625 38.59999847412109375 36.6699981689453125 35.310001373291015625 34.439998626708984375 34.09999847412109375 34.299999237060546875 34.479999542236328125 35.009998321533203125 35.65000152587890625 35.5 35.79000091552734375 35.880001068115234375 35.95999908447265625 35.880001068115234375 35.909999847412109375 35.799999237060546875 36.15000152587890625 36.520000457763671875 36.549999237060546875 37.75 39.43000030517578125 39.279998779296875 39.560001373291015625 40.310001373291015625 41.340000152587890625 41.490001678466796875 40.979999542236328125 40.43000030517578125 39.4199981689453125 39.130001068115234375 38.869998931884765625
35.740001678466796875 35.840000152587890625 36.20999908447265625 36.18000030517578125 36.18000030517578125 36.3600006103515625 36.659999847412109375 36.75 36.84999847412109375 37.40000152587890625 37.68000030517578125 35.549999237060546875 34.720001220703125 34.299999237060546875 34.43000030517578125 34.6699981689453125 35.65000152587890625 36.279998779296875 36.450000762939453125 35.8899993896484375 35.79000091552734375 35.799999237060546875 35.79000091552734375 35.990001678466796875 35.909999847412109375 35.9199981689453125 36.090000152587890625 36.3300018310546875 36.9199981689453125 37.840000152587890625 38.259998321533203125 39.3899993896484375 40.130001068115234375 40.659999847412109375 41.060001373291015625 41.56999969482421875 41.1699981689453125 40.5800018310546875 39.869998931884765625 39.409999847412109375 39.3899993896484375
35.81999969482421875 35.90000152587890625 36.18000030517578125 36.159999847412109375 36.25 36.5 36.759998321533203125 36.909999847412109375 36.729999542236328125 36.45999908447265625 36.20999908447265625 35.299999237060546875 34.79000091552734375 34.70999908447265625 34.810001373291015625 35.529998779296875 36.6100006103515625 36.5800018310546875 36.1100006103515625 35.70999908447265625 35.65000152587890625 35.720001220703125 35.720001220703125 35.8600006103515625 35.990001678466796875 35.990001678466796875 36.1699981689453125 36.340000152587890625 36.759998321533203125 37.470001220703125 37.70999908447265625 38.54000091552734375 39.43000030517578125 40.009998321533203125 40.409999847412109375 41.340000152587890625 41.45999908447265625 41 40.560001373291015625 40.380001068115234375 39.729999542236328125
35.84999847412109375 35.54000091552734375 36.189998626708984375 36.060001373291015625 36.3300018310546875 36.490001678466796875 37.1399993896484375 36.70999908447265625 36.560001373291015625 36.3600006103515625 35.909999847412109375 35.3300018310546875 34.8300018310546875 34.84999847412109375 34.95999908447265625 35.259998321533203125 35.68000030517578125 35.529998779296875 35.659999847412109375 35.659999847412109375 35.619998931884765625 35.6699981689453125 35.8600006103515625 36.029998779296875 36.299999237060546875 36.020000457763671875 36.18000030517578125 36.060001373291015625 36.56999969482421875 36.740001678466796875 37.45999908447265625 38.279998779296875 38.240001678466796875 39.6100006103515625 40.1399993896484375 41.189998626708984375 41.240001678466796875 40.68000030517578125 40.729999542236328125 40.509998321533203125 39.310001373291015625
36.009998321533203125 35.6399993896484375 35.65000152587890625 36.20999908447265625 36.270000457763671875 36.6699981689453125 36.8600006103515625 36.799999237060546875 36.3899993896484375 36.009998321533203125 35.6399993896484375 35.220001220703125 35.090000152587890625 35.490001678466796875 36.240001678466796875 35.939998626708984375 35.59999847412109375 36.049999237060546875 35.880001068115234375 36.200000762939453125 35.979999542236328125 36.220001220703125 36.520000457763671875 36.529998779296875 36.20999908447265625 35.8899993896484375 36.020000457763671875 36.049999237060546875 36.3300018310546875 37.0800018310546875 37.369998931884765625 37.84999847412109375 37.950000762939453125 38.880001068115234375 39.6699981689453125 41.029998779296875 41.279998779296875 41 40.229999542236328125 39.240001678466796875 38.6100006103515625
35.4199981689453125 35.25 35.619998931884765625 35.79000091552734375 36.270000457763671875 36.590000152587890625 36.3899993896484375 36.29000091552734375 36.09999847412109375 35.90000152587890625 35.70999908447265625 35.450000762939453125 35.479999542236328125 36.310001373291015625 37.720001220703125 37.4199981689453125 36.380001068115234375 36.18000030517578125 36.18000030517578125 36.06999969482421875 36.060001373291015625 36.3899993896484375 36.630001068115234375 36.470001220703125 36.3899993896484375 36.990001678466796875 36.939998626708984375 36.590000152587890625 36.759998321533203125 37.119998931884765625 37.5 37.630001068115234375 37.990001678466796875 38.470001220703125 39.20999908447265625 40.130001068115234375 40.189998626708984375 40.200000762939453125 39.490001678466796875 39.049999237060546875 38.59999847412109375
34.950000762939453125 35.020000457763671875 35.3300018310546875 35.799999237060546875 36.06999969482421875 36.310001373291015625 36.369998931884765625 36.029998779296875 36.009998321533203125 35.8899993896484375 35.630001068115234375 35.340000152587890625 35.59999847412109375 35.810001373291015625 37.220001220703125 37.549999237060546875 36.59999847412109375 36.68000030517578125 36.25 36.20999908447265625 36.25 36.3899993896484375 36.31999969482421875 37.240001678466796875 37.3300018310546875 37.810001373291015625 37.630001068115234375 37.18000030517578125 37.029998779296875 37.15000152587890625 37.45999908447265625 37.509998321533203125 38.29000091552734375 38.65000152587890625 38.880001068115234375 38.70999908447265625 39.029998779296875 39.060001373291015625 39.29000091552734375 39.1100006103515625 38.049999237060546875
