wildfire/work/fuelmodels/1996/aspect.asc
ncols        277
nrows        241
xllcorner    182425.000000000000
yllcorner    464660.000000000000
cellsize     5.000000000000
NODATA_value   -999
[rows 95 to 113 of 241, columns 126 to 167 of 277]
232.43084716796875 164.054443359375 103.42128753662109375 308.394866943359375 305.536956787109375 327.592498779296875 348.52813720703125 343.976287841796875 40.407688140869140625 74.11360931396484375 91.31145477294921875 162.4742431640625 147.907135009765625 232.907073974609375 286.476165771484375 279.433624267578125 264.628570556640625 201.7136077880859375 222.05303955078125 234.008148193359375 235.945220947265625 224.4057464599609375 222.625946044921875 225.8121337890625 217.803253173828125 219.9879150390625 213.791717529296875 197.765167236328125 188.8502655029296875 191.6354522705078125 186.400238037109375 191.423065185546875 199.6533203125 188.75433349609375 187.67156982421875 247.16571044921875 301.7982177734375 60.21874237060546875 52.566074371337890625 345.962890625 15.88574981689453125 12.486184120178222656
237.3802947998046875 181.4201507568359375 128.367279052734375 290.105682373046875 286.24700927734375 298.598724365234375 104.88626861572265625 173.701507568359375 143.459442138671875 122.07367706298828125 130.425445556640625 165.0671539306640625 62.352787017822265625 296.83349609375 282.11822509765625 261.356658935546875 242.3062896728515625 202.6190338134765625 247.2242889404296875 253.739105224609375 242.04327392578125 220.913909912109375 229.0644989013671875 236.1286773681640625 227.0448760986328125 230.33392333984375 227.172576904296875 230.5987701416015625 239.524932861328125 209.61627197265625 194.3711395263671875 198.16864013671875 196.9382476806640625 203.0662689208984375 220.3371734619140625 238.263458251953125 240.472808837890625 86.661346435546875 50.566722869873046875 335.67584228515625 352.789215087890625 17.52915191650390625
8.0049219131469726562 344.30889892578125 353.366485595703125 266.022613525390625 247.88006591796875 196.4819793701171875 155.891326904296875 173.06829833984375 153.214630126953125 148.561981201171875 184.23565673828125 278.42626953125 356.758331298828125 283.78021240234375 241.6379241943359375 251.8818359375 271.468017578125 317.682952880859375 296.5643310546875 272.84600830078125 264.244781494140625 224.1445159912109375 247.016357421875 245.35760498046875 231.9629058837890625 252.95904541015625 265.159759521484375 280.75030517578125 309.3021240234375 21.501331329345703125 78.79137420654296875 206.1813812255859375 224.0284576416015625 233.62567138671875 253.997802734375 265.810760498046875 268.2691650390625 75.96372222900390625 68.4588775634765625 295.905548095703125 179.826568603515625 153.8184967041015625
37.450725555419921875 334.55718994140625 349.901458740234375 342.197479248046875 231.45831298828125 180.1277313232421875 163.5919647216796875 196.5395355224609375 117.6127166748046875 79.69518280029296875 289.8544921875 261.8692626953125 181.3975830078125 214.87506103515625 255.4649810791015625 265.2357177734375 266.23779296875 273.730377197265625 292.67041015625 282.380218505859375 287.070587158203125 336.500701904296875 276.545623779296875 269.999267578125 285.507781982421875 290.620086669921875 291.614166259765625 279.5325927734375 274.62353515625 66.17241668701171875 67.31932830810546875 19.057794570922851562 253.2009429931640625 257.64874267578125 275.433441162109375 287.867034912109375 300.220306396484375 103.30500030517578125 135.35479736328125 167.2200927734375 165.9633941650390625 161.6139678955078125
83.6594085693359375 232.5947418212890625 268.33111572265625 5.7930827140808105469 30.964033126831054688 350.361541748046875 347.798980712890625 243.4343719482421875 136.818023681640625 167.470550537109375 202.1087493896484375 182.0594940185546875 202.5202484130859375 271.080322265625 311.9051513671875 274.25830078125 258.36578369140625 241.4217681884765625 229.8299713134765625 238.4581756591796875 216.8694915771484375 212.405975341796875 260.044769287109375 278.7294921875 296.486602783203125 298.327423095703125 307.06103515625 303.3060302734375 291.507568359375 34.786067962646484375 68.445892333984375 76.0295257568359375 218.332855224609375 259.750335693359375 262.84381103515625 261.572418212890625 216.7802886962890625 132.0963897705078125 146.9308929443359375 171.1876373291015625 182.254119873046875 174.1221466064453125
52.48491668701171875 338.78985595703125 313.697296142578125 128.8294219970703125 285.94464111328125 324.8785400390625 12.961427688598632812 38.34549713134765625 13.609498977661132812 16.032552719116210938 26.565717697143554688 55.0081787109375 202.9636077880859375 229.703125 239.39306640625 260.39410400390625 263.955352783203125 250.377349853515625 211.80908203125 208.3927459716796875 190.237823486328125 222.301544189453125 256.29248046875 284.8856201171875 309.633636474609375 303.2110595703125 296.851898193359375 299.6600341796875 277.1243896484375 134.9996795654296875 125.9202423095703125 144.516571044921875 192.9688568115234375 237.57098388671875 232.6955108642578125 217.0995025634765625 177.5881195068359375 146.6737823486328125 154.1991119384765625 179.9287109375 195.546875 191.5133514404296875
22.89977264404296875 359.742156982421875 7.9894924163818359375 37.539562225341796875 314.24871826171875 320.5880126953125 7.7939839363098144531 19.395404815673828125 5.84447479248046875 8.9992351531982421875 13.129206657409667969 25.640926361083984375 44.5058746337890625 256.4290771484375 247.5664520263671875 238.642364501953125 253.07196044921875 255.492950439453125 281.3099365234375 273.575103759765625 300.96112060546875 267.817596435546875 272.06317138671875 283.943084716796875 303.79718017578125 301.714385986328125 275.19378662109375 228.366058349609375 181.5980987548828125 153.05328369140625 144.865478515625 151.5567169189453125 203.3550872802734375 226.53521728515625 213.9316864013671875 188.7088623046875 172.3551483154296875 158.4586639404296875 160.4730072021484375 186.1113128662109375 190.3679351806640625 191.998321533203125
21.740726470947265625 46.51734161376953125 28.66445159912109375 346.9141845703125 309.95196533203125 305.5587158203125 12.584463119506835938 38.571102142333984375 10.754781723022460938 6.9593577384948730469 22.380046844482421875 49.534515380859375 51.379138946533203125 357.07403564453125 290.72467041015625 259.031524658203125 241.8121490478515625 232.1246337890625 241.7621002197265625 312.273406982421875 333.434173583984375 260.83721923828125 265.715545654296875 269.45111083984375 273.02276611328125 281.920135498046875 256.96356201171875 182.0021514892578125 155.334747314453125 141.0513763427734375 141.545928955078125 158.4587249755859375 193.1544036865234375 206.8524322509765625 197.762603759765625 167.1876220703125 167.470794677734375 178.1348114013671875 168.7789764404296875 201.740234375 214.853759765625 257.25433349609375
38.11827850341796875 34.254108428955078125 16.975519180297851562 335.832763671875 268.951416015625 222.4931640625 166.747528076171875 163.6227874755859375 194.4636688232421875 191.645538330078125 116.6568756103515625 110.24919891357421875 129.49908447265625 204.7171173095703125 241.5041351318359375 245.7085418701171875 219.1599884033203125 221.633087158203125 222.2860107421875 205.8040771484375 185.748321533203125 208.495330810546875 248.4143829345703125 248.9619140625 245.8838653564453125 230.8030853271484375 174.533416748046875 164.04168701171875 167.9943389892578125 164.248504638671875 132.9645538330078125 153.521820068359375 183.0886993408203125 188.1295166015625 199.3026275634765625 166.1534881591796875 163.9673309326171875 218.3994293212890625 203.5994415283203125 245.793365478515625 282.9459228515625 304.355133056640625
66.3177642822265625 52.90702056884765625 83.17443084716796875 154.46539306640625 193.2147979736328125 180.580230712890625 177.682525634765625 199.279144287109375 221.8842010498046875 175.12261962890625 143.0630035400390625 135.5205841064453125 163.4254608154296875 201.1043853759765625 227.9504241943359375 237.67987060546875 231.2250518798828125 234.4616241455078125 219.9796142578125 210.431396484375 179.999481201171875 202.4788665771484375 232.982757568359375 229.47796630859375 221.7550506591796875 196.7425079345703125 168.7373809814453125 168.889892578125 182.948822021484375 185.3858489990234375 166.404754638671875 169.508148193359375 192.7861480712890625 192.464202880859375 225.724853515625 220.3994293212890625 310.762725830078125 286.698211669921875 260.639312744140625 297.629852294921875 318.74365234375 317.8487548828125
170.354461669921875 148.5066680908203125 143.7086029052734375 159.1019439697265625 162.9617156982421875 200.9337310791015625 290.94195556640625 314.48309326171875 2.2547130584716796875 113.35962677001953125 125.23308563232421875 116.7273712158203125 314.99835205078125 314.999267578125 283.534881591796875 246.5944366455078125 196.74969482421875 195.1947479248046875 207.5903167724609375 224.9994659423828125 168.8299102783203125 206.074859619140625 214.4603424072265625 208.7655181884765625 208.6835784912109375 188.3997802734375 177.29168701171875 184.1844940185546875 186.716552734375 181.6420135498046875 183.4309234619140625 200.4571075439453125 224.9994659423828125 229.0439605712890625 232.1883544921875 251.7316131591796875 296.564453125 337.76416015625 337.984100341796875 326.5614013671875 327.841552734375 320.051300048828125
176.6731109619140625 163.2913665771484375 177.58648681640625 315.346435546875 351.5869140625 347.9044189453125 340.97357177734375 337.713653564453125 100.767791748046875 100.90204620361328125 101.78775787353515625 117.180023193359375 289.09271240234375 295.016754150390625 212.470794677734375 174.472259521484375 175.894439697265625 193.685821533203125 214.404815673828125 217.4831085205078125 173.6594085693359375 202.6800537109375 193.5875244140625 206.5645294189453125 210.699249267578125 189.7338409423828125 201.601837158203125 206.6234893798828125 195.4100189208984375 201.8681488037109375 249.9808197021484375 236.8883819580078125 216.6595458984375 208.196197509765625 222.36724853515625 269.53863525390625 303.96142578125 330.231964111328125 341.08807373046875 335.3546142578125 328.533599853515625 311.660736083984375
147.99365234375 97.25299835205078125 279.925537109375 295.466522216796875 324.661285400390625 350.43975830078125 6.9352893829345703125 24.885499954223632812 56.987422943115234375 80.3248748779296875 72.095428466796875 15.4886474609375 328.239593505859375 163.810272216796875 187.650299072265625 119.248291015625 128.88372802734375 218.4173583984375 231.8423919677734375 217.092254638671875 196.4400482177734375 224.1567840576171875 188.12835693359375 248.5868377685546875 245.0257415771484375 214.329925537109375 226.0873260498046875 210.2027130126953125 212.5223388671875 225.829742431640625 210.2958526611328125 205.8932342529296875 199.0174713134765625 211.9441680908203125 241.5682525634765625 266.95343017578125 278.919189453125 292.478759765625 312.59320068359375 305.613800048828125 272.861846923828125 253.2368927001953125
339.799468994140625 12.209054946899414062 345.255462646484375 262.13720703125 259.800018310546875 280.839599609375 30.595888137817382812 56.821315765380859375 71.62595367431640625 84.4872894287109375 96.63232421875 130.81494140625 139.6106109619140625 168.6896820068359375 239.0364532470703125 35.53936767578125 18.435342788696289062 349.623291015625 290.3759765625 252.1804351806640625 259.824005126953125 271.808258056640625 297.350250244140625 284.236724853515625 250.8863067626953125 216.6065673828125 251.846649169921875 247.28466796875 235.0799407958984375 223.1259918212890625 198.0473175048828125 212.33441162109375 210.963043212890625 241.0535888671875 250.889251708984375 246.465576171875 240.432861328125 224.5279083251953125 204.70196533203125 202.4915924072265625 223.0147857666015625 245.1302947998046875
317.579559326171875 18.607452392578125 41.0922698974609375 261.816864013671875 225.9578704833984375 198.9090118408203125 175.6735382080078125 159.2152252197265625 140.8583831787109375 125.18347930908203125 126.5446014404296875 148.821624755859375 170.66455078125 215.0953369140625 197.102508544921875 210.6177825927734375 251.564453125 357.27325439453125 303.9580078125 314.999267578125 325.007080078125 252.4074859619140625 238.53546142578125 252.8235321044921875 240.7507171630859375 268.78070068359375 276.3397216796875 252.8235321044921875 224.1315765380859375 214.8903961181640625 221.884490966796875 241.1533355712890625 241.1566619873046875 263.937652587890625 264.511077880859375 256.155059814453125 239.4012603759765625 219.2051544189453125 215.602630615234375 227.256927490234375 242.6495819091796875 228.179290771484375
266.571990966796875 95.3654632568359375 86.46482086181640625 139.619476318359375 194.454437255859375 182.712310791015625 179.2373809814453125 168.3031158447265625 162.4113616943359375 163.331787109375 139.53753662109375 117.0720062255859375 251.565093994140625 256.158905029296875 261.383270263671875 289.535369873046875 226.9083099365234375 179.1687774658203125 244.9826507568359375 277.593994140625 342.978424072265625 44.999897003173828125 243.0031585693359375 207.428009033203125 210.5556182861328125 237.7065277099609375 234.559539794921875 245.449188232421875 233.74761962890625 245.0953216552734375 271.060302734375 279.06585693359375 280.36578369140625 286.0902099609375 302.4969482421875 295.2357177734375 263.71051025390625 241.195648193359375 251.6855926513671875 243.3910980224609375 220.9138336181640625 200.0268707275390625
219.7207794189453125 170.3505401611328125 134.319244384765625 144.8387298583984375 166.748199462890625 160.35992431640625 195.8021240234375 152.35369873046875 167.24224853515625 223.994171142578125 124.2152252197265625 62.352787017822265625 18.435779571533203125 223.362548828125 222.038665771484375 217.0563507080078125 197.1019744873046875 179.996856689453125 255.827301025390625 247.404876708984375 201.2499237060546875 145.4917449951171875 162.758392333984375 213.68988037109375 239.29986572265625 248.4703369140625 243.232025146484375 227.5728912353515625 186.7093353271484375 214.1431884765625 241.8577423095703125 240.5772552490234375 259.09442138671875 276.58660888671875 288.5343017578125 275.805877685546875 210.4334716796875 233.565399169921875 243.4779205322265625 225.4542388916015625 213.1992950439453125 216.8212432861328125
175.5650482177734375 169.3877716064453125 147.78759765625 143.1709747314453125 167.7045135498046875 160.9061279296875 236.8881072998046875 114.14510345458984375 332.10064697265625 267.796722412109375 108.4338226318359375 270.002471923828125 78.68988800048828125 138.17889404296875 253.3683013916015625 282.99365234375 325.30438232421875 346.21783447265625 306.084197998046875 264.610137939453125 213.4393157958984375 180.9087982177734375 175.364349365234375 292.066925048828125 314.180938720703125 304.69476318359375 290.4091796875 228.8128662109375 199.5357818603515625 217.7624664306640625 247.7743377685546875 264.804962158203125 276.202789306640625 267.048583984375 250.640411376953125 196.84326171875 225.9870758056640625 249.256683349609375 236.198486328125 228.71258544921875 243.3119659423828125 252.1918182373046875
119.225372314453125 144.4049835205078125 154.198486328125 124.4259490966796875 188.129669189453125 321.84088134765625 287.968353271484375 206.5634765625 216.8737640380859375 268.66790771484375 44.998332977294921875 317.7254638671875 14.534955024719238281 28.855817794799804688 311.5994873046875 322.82806396484375 338.74884033203125 327.02166748046875 352.874114990234375 12.875309944152832031 271.272186279296875 347.00518798828125 321.008392333984375 294.7425537109375 297.89532470703125 233.7453765869140625 227.6415863037109375 168.6896820068359375 215.726715087890625 253.7052001953125 278.630035400390625 286.878692626953125 302.204132080078125 306.094451904296875 272.313140869140625 231.1152191162109375 239.249603271484375 263.354278564453125 266.24774169921875 254.38360595703125 224.6369171142578125 200.98321533203125
