wildfire/work/fuelmodels/1996/aspect.asc
ncols        277
nrows        241
xllcorner    182425.000000000000
yllcorner    464660.000000000000
cellsize     5.000000000000
NODATA_value   -999
[rows 0 to 18 of 241, columns 126 to 167 of 277]
0 0 0 0 0 0 0 0 0 0 0 0 0 0 0 0 0 0 0 0 0 0 0 0 0 0 0 0 0 0 0 0 0 0 0 0 0 0 0 0 0 0
329.19781494140625 319.07000732421875 343.69683837890625 0 1.8176124095916748047 27.489805221557617188 36.563014984130859375 36.5695648193359375 50.754413604736328125 325.079803466796875 348.084442138671875 7.25354766845703125 74.7436981201171875 127.47589111328125 127.6733245849609375 136.1456756591796875 250.0828857421875 265.12530517578125 50.492534637451171875 55.53928375244140625 200.3232879638671875 176.760040283203125 164.4749755859375 121.94458770751953125 136.1456756591796875 208.8861236572265625 142.3997039794921875 165.25537109375 289.874359130859375 286.6302490234375 224.9994659423828125 173.9905548095703125 165.8941497802734375 216.7532806396484375 219.757720947265625 174.12237548828125 177.5887451171875 189.3658294677734375 185.936859130859375 181.9747772216796875 192.3889923095703125 165.8501434326171875
327.76617431640625 293.74884033203125 248.8477935791015625 235.962921142578125 286.926727294921875 54.7696533203125 56.3495635986328125 64.26070404052734375 68.8018951416015625 318.105255126953125 18.726139068603515625 64.9037933349609375 114.44443511962890625 114.56763458251953125 87.71002197265625 72.2155914306640625 250.46307373046875 229.18438720703125 168.3774261474609375 157.9632568359375 134.22589111328125 156.7295989990234375 181.44708251953125 163.8498382568359375 174.3902740478515625 192.7627410888671875 176.4676361083984375 291.2083740234375 299.01715087890625 328.605224609375 0.84652888774871826172 18.434906005859375 12.435523033142089844 330.4876708984375 224.9994659423828125 175.3640289306640625 138.8145294189453125 179.2921142578125 191.852569580078125 172.8747100830078125 170.4328155517578125 102.9942474365234375
269.99908447265625 179.999664306640625 193.84649658203125 214.2439727783203125 224.3766326904296875 129.0858306884765625 106.407135009765625 106.94940185546875 108.2712860107421875 297.19384765625 61.949207305908203125 106.25984954833984375 148.1572113037109375 145.5390625 134.9996795654296875 111.1938934326171875 199.230377197265625 206.965240478515625 174.5220794677734375 204.3618316650390625 124.78570556640625 126.483978271484375 177.6885528564453125 170.1998138427734375 199.854888916015625 268.472259521484375 316.908538818359375 320.00311279296875 306.253143310546875 303.793212890625 351.252593994140625 356.185211181640625 356.443084716796875 27.181062698364257812 63.072509765625 255.2552337646484375 96.0089569091796875 115.906097412109375 246.4473419189453125 300.378082275390625 353.658447265625 48.093715667724609375
163.2251129150390625 147.7763214111328125 176.857574462890625 211.4794464111328125 202.27093505859375 163.144317626953125 132.4636383056640625 123.17154693603515625 165.963470458984375 284.49951171875 68.76360321044921875 78.141937255859375 98.53015899658203125 178.6680755615234375 180.0105133056640625 25.017101287841796875 49.184673309326171875 310.6004638671875 350.7060546875 7.1250557899475097656 106.665130615234375 87.137115478515625 43.830066680908203125 357.61273193359375 309.6600341796875 323.129425048828125 328.90020751953125 331.644317626953125 341.074615478515625 349.32275390625 357.846038818359375 315.534637451171875 324.55364990234375 72.149505615234375 83.88431549072265625 237.1710205078125 139.0854034423828125 53.744770050048828125 317.346282958984375 350.646240234375 11.309712409973144531 27.838003158569335938
140.52728271484375 122.503692626953125 141.7566680908203125 181.5583038330078125 180.348236083984375 161.7111663818359375 143.4556427001953125 131.3191070556640625 274.833709716796875 276.644561767578125 77.00513458251953125 77.91748046875 92.92034912109375 216.52886962890625 300.83709716796875 342.18707275390625 9.1909437179565429688 346.275238037109375 357.936767578125 30.203125 36.393489837646484375 18.178068161010742188 3.4398214817047119141 347.8966064453125 329.53363037109375 333.38262939453125 331.342193603515625 328.073211669921875 333.9000244140625 2.3215022087097167969 6.4622969627380371094 357.94329833984375 133.4088134765625 113.5347747802734375 94.820526123046875 326.069488525390625 3.5764253139495849609 339.351837158203125 309.702239990234375 332.849639892578125 355.807647705078125 0.81843405961990356445
65.48694610595703125 55.82299041748046875 80.12774658203125 116.89595794677734375 153.388519287109375 147.5591278076171875 135.2141571044921875 173.394744873046875 244.289337158203125 218.500152587890625 153.5414276123046875 122.988250732421875 108.43462371826171875 306.08441162109375 301.7008056640625 317.60186767578125 7.2014050483703613281 346.6468505859375 358.136505126953125 18.904560089111328125 18.737291336059570312 18.528581619262695312 351.026519775390625 327.5887451171875 327.9188232421875 336.731353759765625 310.48529052734375 323.12945556640625 313.9576416015625 334.20306396484375 8.3034467697143554688 51.465728759765625 80.296905517578125 90.66855621337890625 67.14492034912109375 333.434295654296875 335.115966796875 343.371917724609375 340.786529541015625 331.001739501953125 337.619140625 343.9991455078125
350.9339599609375 7.3797450065612792969 47.549030303955078125 71.65438079833984375 91.781829833984375 122.5055084228515625 133.1516876220703125 241.3139190673828125 214.248931884765625 191.4062042236328125 163.3632965087890625 127.72469329833984375 334.147308349609375 322.419219970703125 306.923431396484375 245.3526611328125 181.3525390625 193.3922576904296875 229.969329833984375 317.67486572265625 31.6330108642578125 50.7104644775390625 348.689117431640625 262.835845947265625 234.0388946533203125 189.7432861328125 256.394805908203125 285.813385009765625 323.426239013671875 327.113067626953125 9.0159711837768554688 33.55059051513671875 18.600027084350585938 27.380819320678710938 28.096591949462890625 345.28424072265625 311.422943115234375 325.567230224609375 343.558837890625 342.261505126953125 336.27410888671875 284.95306396484375
320.914825439453125 9.1689939498901367188 73.25693511962890625 90.33879852294921875 100.54119110107421875 118.67888641357421875 181.193084716796875 266.185546875 52.430877685546875 123.68978118896484375 171.1583099365234375 337.8729248046875 317.385162353515625 340.6759033203125 141.4737548828125 193.1926116943359375 188.1776123046875 186.8424072265625 204.4744873046875 227.9526214599609375 152.6997833251953125 85.0199127197265625 50.599620819091796875 213.40716552734375 247.6194000244140625 293.1981201171875 297.11004638671875 267.655242919921875 270.73712158203125 295.76251220703125 9.196628570556640625 4.3747377395629882812 354.1650390625 24.26323699951171875 35.053409576416015625 356.868896484375 330.133026123046875 335.888214111328125 356.01373291015625 357.731231689453125 1.943917393684387207 347.6759033203125
291.583221435546875 118.1887969970703125 106.98448944091796875 107.67693328857421875 109.017791748046875 93.2701416015625 230.1929779052734375 243.787872314453125 164.7444305419921875 116.38945770263671875 178.2373199462890625 244.119049072265625 252.5521087646484375 138.09381103515625 133.8184814453125 187.6180877685546875 190.9165802001953125 199.9826507568359375 222.183929443359375 226.7813262939453125 215.2295684814453125 77.19551849365234375 82.7578277587890625 180.0001373291015625 283.35723876953125 307.196258544921875 339.59912109375 342.275848388671875 272.305328369140625 276.043487548828125 327.170867919921875 338.56683349609375 335.49169921875 27.928943634033203125 41.9118499755859375 359.999053955078125 319.6539306640625 337.3729248046875 20.74456024169921875 36.729961395263671875 334.315277099609375 338.696533203125
346.4635009765625 112.30014801025390625 110.49559783935546875 113.7623443603515625 123.74466705322265625 95.63057708740234375 111.9484100341796875 214.41796875 178.58526611328125 136.7248992919921875 167.3994140625 215.4098663330078125 203.8204803466796875 155.468902587890625 114.6980743408203125 165.323089599609375 194.035888671875 224.6564483642578125 228.671142578125 230.773651123046875 253.919342041015625 169.2156219482421875 99.42623138427734375 298.82708740234375 296.399200439453125 298.430419921875 43.5313568115234375 101.97528076171875 282.39483642578125 295.74200439453125 316.34942626953125 335.474456787109375 327.3382568359375 7.2532129287719726562 30.125947952270507812 17.883970260620117188 309.83587646484375 290.135406494140625 100.2297210693359375 127.2430419921875 223.2255096435546875 226.7709808349609375
105.89917755126953125 114.82907867431640625 119.764312744140625 130.4566650390625 157.6933746337890625 156.5515899658203125 141.170013427734375 188.880096435546875 158.113983154296875 132.4435882568359375 149.573883056640625 199.3113555908203125 212.0324859619140625 184.504638671875 127.40509033203125 138.3664093017578125 172.1468658447265625 201.9644012451171875 204.74041748046875 222.2451171875 223.4301605224609375 175.798980712890625 152.19134521484375 269.329193115234375 284.670257568359375 274.013824462890625 139.9692230224609375 201.7136077880859375 266.500946044921875 273.902374267578125 284.03558349609375 311.7899169921875 316.659576416015625 286.5865478515625 8.53083038330078125 34.8859710693359375 12.578830718994140625 164.4648284912109375 132.4795074462890625 148.2198638916015625 213.9788055419921875 181.2360076904296875
145.4254608154296875 127.8397216796875 130.5347900390625 137.7260589599609375 136.9410247802734375 176.447845458984375 181.1689605712890625 170.271881103515625 130.8403472900390625 113.55193328857421875 136.90850830078125 246.80535888671875 252.6456146240234375 185.194000244140625 145.1750946044921875 175.2358856201171875 102.80492401123046875 133.2375946044921875 227.7000732421875 242.62750244140625 221.53936767578125 216.5906524658203125 314.999420166015625 296.418212890625 255.0095672607421875 175.7238616943359375 144.1619720458984375 215.99090576171875 240.708038330078125 237.6702423095703125 239.07281494140625 246.73394775390625 261.869049072265625 254.8753662109375 213.2059173583984375 128.5888671875 133.7010040283203125 142.56658935546875 142.760101318359375 181.2982635498046875 185.35089111328125 162.872894287109375
154.7228240966796875 133.5550994873046875 152.1755828857421875 139.63555908203125 99.35268402099609375 166.1587371826171875 197.3537445068359375 199.5360107421875 114.44443511962890625 76.53473663330078125 49.573040008544921875 306.869354248046875 356.63330078125 81.8691253662109375 4.085662841796875 341.564605712890625 72.69910430908203125 48.75136566162109375 312.47845458984375 311.408050537109375 323.039886474609375 326.403076171875 329.816619873046875 6.0846495628356933594 195.403076171875 177.24578857421875 155.4385986328125 196.635894775390625 210.026611328125 209.42529296875 206.2553863525390625 204.598663330078125 202.878631591796875 190.98974609375 163.0057373046875 147.0219573974609375 152.5684051513671875 150.1475830078125 147.641815185546875 196.0902862548828125 173.1274261474609375 151.998046875
156.2849884033203125 131.8750152587890625 208.6102142333984375 182.290252685546875 120.06822967529296875 37.87433624267578125 325.684356689453125 329.74322509765625 355.600341796875 54.659580230712890625 23.458629608154296875 318.620697021484375 354.8046875 20.647134780883789062 30.323883056640625 322.12310791015625 20.820798873901367188 351.868927001953125 312.285888671875 305.624664306640625 295.7340087890625 272.773651123046875 193.5999755859375 151.6126708984375 158.75592041015625 173.82611083984375 155.435577392578125 196.5136566162109375 206.858856201171875 202.677459716796875 195.4792938232421875 200.8063507080078125 202.88818359375 182.6090850830078125 165.998992919921875 153.5102996826171875 154.121307373046875 145.9921722412109375 105.15410614013671875 293.5513916015625 350.3935546875 47.38567352294921875
152.129669189453125 126.11911773681640625 202.381988525390625 194.0353240966796875 298.29998779296875 337.68560791015625 359.089935302734375 0.42465624213218688965 337.11859130859375 2.0332922935485839844 5.6306524276733398438 348.763458251953125 14.036149024963378906 73.4211273193359375 77.27556610107421875 316.908111572265625 342.148773193359375 337.108428955078125 288.6661376953125 235.14013671875 206.564605712890625 182.137298583984375 175.244293212890625 174.5041046142578125 113.9621124267578125 20.289081573486328125 36.3326568603515625 331.897857666015625 319.81622314453125 310.9710693359375 325.68426513671875 236.8334197998046875 228.31732177734375 189.0145111083984375 151.0731658935546875 352.135040283203125 346.536590576171875 356.9566650390625 359.080078125 355.369964599609375 2.1953537464141845703 13.5901031494140625
158.7474517822265625 152.5257110595703125 146.31085205078125 280.489990234375 289.55755615234375 304.356353759765625 356.632781982421875 349.50775146484375 335.191802978515625 358.655609130859375 15.037789344787597656 32.619140625 102.0611572265625 131.06951904296875 222.397369384765625 295.786773681640625 292.37957763671875 188.1302032470703125 193.7359161376953125 186.51190185546875 180.7898406982421875 181.507049560546875 255.718353271484375 308.341217041015625 332.48724365234375 4.3542237281799316406 13.180426597595214844 349.07635498046875 342.58123779296875 348.721343994140625 356.461151123046875 352.23114013671875 345.7904052734375 354.119384765625 354.657562255859375 347.827728271484375 345.68048095703125 351.949188232421875 357.99859619140625 359.54486083984375 4.6326231956481933594 12.264725685119628906
208.6094512939453125 138.5754241943359375 228.17877197265625 298.939117431640625 291.800628662109375 283.068572998046875 311.390594482421875 317.801544189453125 295.2850341796875 134.0602874755859375 127.4757843017578125 119.61119842529296875 111.665679931640625 111.16074371337890625 267.2735595703125 235.738433837890625 180.806060791015625 164.578125 167.7350006103515625 168.11016845703125 313.618865966796875 323.93243408203125 330.929290771484375 331.179595947265625 339.5933837890625 6.3688421249389648438 9.1260919570922851562 353.321197509765625 331.450347900390625 338.833099365234375 346.671356201171875 344.963592529296875 348.60546875 354.411285400390625 352.540130615234375 348.838226318359375 338.7213134765625 341.77935791015625 21.522623062133789062 22.833698272705078125 345.140625 10.054268836975097656
345.88018798828125 21.250499725341796875 350.255950927734375 292.573760986328125 262.93280029296875 237.2998809814453125 199.2587890625 195.2547149658203125 186.9147186279296875 164.5431060791015625 161.0292205810546875 149.0358734130859375 129.1435546875 176.7599639892578125 239.3816986083984375 233.36529541015625 201.0361328125 260.537353515625 18.434175491333007812 327.907257080078125 306.145843505859375 316.79473876953125 330.096710205078125 339.66302490234375 357.745849609375 6.7748050689697265625 5.53975677490234375 352.67926025390625 333.975982666015625 334.653106689453125 330.597198486328125 334.680419921875 352.553802490234375 357.152435302734375 348.146392822265625 304.99169921875 277.4599609375 263.479736328125 79.91910552978515625 5.0538387298583984375 311.819549560546875 347.091705322265625
