wildfire/work/fuelmodels/1996/aspect.asc
ncols        277
nrows        241
xllcorner    182425.000000000000
yllcorner    464660.000000000000
cellsize     5.000000000000
NODATA_value   -999
[rows 19 to 37 of 241, columns 0 to 41 of 277]
0 114.63413238525390625 109.35872650146484375 109.24924468994140625 102.144012451171875 91.31179046630859375 83.41783905029296875 69.8802490234375 63.725589752197265625 62.78322601318359375 61.503803253173828125 59.9949493408203125 42.064159393310546875 339.903289794921875 23.962884902954101562 41.987056732177734375 53.3251953125 85.81452178955078125 186.3413543701171875 322.12445068359375 334.025421142578125 301.93011474609375 304.137359619140625 346.851898193359375 65.78253936767578125 154.159637451171875 192.946075439453125 188.439971923828125 161.7133026123046875 143.665679931640625 164.1402130126953125 175.7458953857421875 142.4954376220703125 119.87589263916015625 126.869171142578125 150.572021484375 149.11859130859375 155.297149658203125 158.0189666748046875 215.017608642578125 258.68939208984375 221.6813201904296875
0 128.3581085205078125 123.529937744140625 129.9360809326171875 121.60735321044921875 85.0060272216796875 72.09539794921875 66.13988494873046875 60.8191680908203125 51.7660675048828125 62.037628173828125 80.7538299560546875 93.01262664794921875 237.527984619140625 122.1959228515625 131.5320587158203125 98.74700164794921875 3.3661513328552246094 359.56829833984375 2.6028604507446289062 339.443511962890625 285.90545654296875 276.692230224609375 138.8137969970703125 110.00408172607421875 137.886077880859375 177.5428466796875 181.3474884033203125 171.1661224365234375 159.512451171875 193.877349853515625 206.5641326904296875 124.875274658203125 130.08349609375 152.849945068359375 151.638458251953125 143.4709014892578125 139.3648681640625 154.722198486328125 232.06201171875 218.688232421875 184.8493194580078125
0 119.8988037109375 120.963470458984375 141.1151885986328125 167.47100830078125 132.0644989013671875 82.02001190185546875 75.71900177001953125 59.30019378662109375 44.999897003173828125 61.429225921630859375 66.80146026611328125 63.00359344482421875 11.311587333679199219 98.12969970703125 74.05402374267578125 328.569580078125 314.998931884765625 354.698211669921875 41.284954071044921875 11.31102752685546875 249.8865509033203125 226.884918212890625 163.0838470458984375 129.058929443359375 139.2889251708984375 168.87811279296875 185.5272674560546875 199.1191558837890625 196.14373779296875 230.4917144775390625 193.81402587890625 133.263824462890625 133.7123260498046875 148.65728759765625 159.145263671875 154.3842315673828125 138.5759429931640625 177.7687835693359375 200.025604248046875 191.959197998046875 190.324737548828125
0 125.4664306640625 125.53745269775390625 135.829864501953125 174.399932861328125 177.7093963623046875 111.25049591064453125 82.56821441650390625 62.198451995849609375 76.18509674072265625 86.63368988037109375 82.4761810302734375 73.70543670654296875 30.0700531005859375 9.8660249710083007812 352.66473388671875 350.705841064453125 318.917144775390625 341.56427001953125 76.282745361328125 106.2597808837890625 195.3609466552734375 178.1908416748046875 159.18829345703125 143.3867645263671875 144.078460693359375 167.0496368408203125 209.8755950927734375 244.7980804443359375 239.74273681640625 193.464630126953125 169.657806396484375 141.44647216796875 133.99005126953125 138.2391204833984375 159.0262298583984375 162.687957763671875 160.6253662109375 184.5596923828125 196.13232421875 174.2885894775390625 225.8673858642578125
0 133.127685546875 142.6238250732421875 178.5674285888671875 201.7992401123046875 138.9904632568359375 149.8755950927734375 137.2023162841796875 115.640716552734375 96.33989715576171875 94.15930938720703125 106.0109710693359375 119.29167938232421875 338.199493408203125 323.1292724609375 341.00244140625 17.700368881225585938 326.7674560546875 148.4482574462890625 125.09561920166015625 145.538818359375 150.3656005859375 145.304473876953125 149.8718719482421875 153.8787689208984375 152.8185882568359375 174.0621185302734375 229.121856689453125 230.751007080078125 183.477386474609375 170.416595458984375 169.800201416015625 141.5567779541015625 122.0923614501953125 123.2061767578125 145.813629150390625 147.5827789306640625 156.614471435546875 191.3094329833984375 227.725738525390625 244.024932861328125 224.9994659423828125
0 137.4289398193359375 151.5568389892578125 199.230072021484375 184.9689483642578125 152.627685546875 166.521942138671875 169.5919189453125 159.7020111083984375 137.385223388671875 107.20904541015625 87.66242218017578125 352.404632568359375 336.66534423828125 321.93359375 18.43053436279296875 127.87465667724609375 151.8862762451171875 153.7205047607421875 156.037200927734375 160.480316162109375 138.9977569580078125 132.5914764404296875 140.3555450439453125 150.2122955322265625 156.801116943359375 184.460601806640625 211.0677947998046875 197.7092132568359375 176.7975006103515625 178.505218505859375 182.4536590576171875 127.11647796630859375 98.24611663818359375 113.7970123291015625 140.782196044921875 117.25507354736328125 108.43497467041015625 198.43408203125 240.7504425048828125 223.6020050048828125 159.5071258544921875
0 146.6456298828125 154.323089599609375 189.7815704345703125 180.4000244140625 168.023590087890625 236.888214111328125 27.644899368286132812 101.88809967041015625 133.090484619140625 123.31005096435546875 34.87548828125 334.8314208984375 327.528228759765625 57.527515411376953125 131.3082275390625 125.90946197509765625 116.0531158447265625 130.4256744384765625 168.68975830078125 134.9996795654296875 100.7711029052734375 104.8481903076171875 110.96552276611328125 113.03913116455078125 129.035247802734375 202.9637908935546875 257.5919189453125 300.173248291015625 352.11639404296875 330.944580078125 344.053558349609375 86.729217529296875 110.194000244140625 112.470184326171875 148.1723480224609375 143.615234375 85.913848876953125 4.3995947837829589844 253.3000030517578125 213.6896209716796875 152.7003173828125
0 158.1204681396484375 159.1452789306640625 177.9093017578125 192.0942535400390625 210.9632568359375 232.9889068603515625 172.3043060302734375 118.30051422119140625 121.8092803955078125 179.9995880126953125 320.042144775390625 317.385650634765625 214.9930572509765625 123.97588348388671875 131.8195648193359375 102.33855438232421875 98.00092315673828125 107.78350067138671875 282.99420166015625 62.35323333740234375 101.39182281494140625 106.76226806640625 84.42742156982421875 69.14517974853515625 24.2542572021484375 340.2265625 322.16265869140625 343.65960693359375 9.1805868148803710938 7.028064727783203125 118.0722503662109375 113.08502197265625 104.8933258056640625 89.1813201904296875 31.75972747802734375 14.0357818603515625 34.11456298828125 18.970678329467773438 314.999725341796875 314.999267578125 122.0532684326171875
0 160.820648193359375 157.9316558837890625 179.9997406005859375 200.4181060791015625 197.7299041748046875 203.894744873046875 191.475250244140625 141.6663360595703125 127.87481689453125 287.299407958984375 317.9344482421875 80.8382110595703125 144.819305419921875 129.623138427734375 178.26416015625 104.23715972900390625 91.77587127685546875 81.753326416015625 246.6145172119140625 131.9870147705078125 103.16307830810546875 36.740447998046875 1.701172947883605957 359.164031982421875 0.84259474277496337891 355.036285400390625 333.33905029296875 2.070209503173828125 112.1900634765625 146.5919189453125 163.6513671875 137.12066650390625 77.21668243408203125 49.35118865966796875 354.0618896484375 352.4427490234375 23.728363037109375 50.5719451904296875 248.19915771484375 134.9996795654296875 112.3800811767578125
0 146.852569580078125 151.5565643310546875 183.9905853271484375 193.6708221435546875 196.342376708984375 224.9994659423828125 237.030120849609375 86.9862823486328125 341.56463623046875 319.719573974609375 4.3986949920654296875 80.7276458740234375 109.93259429931640625 122.07404327392578125 223.4086151123046875 104.8260955810546875 84.8543701171875 74.1095428466796875 63.43334197998046875 37.146816253662109375 19.125274658203125 356.16375732421875 346.292205810546875 350.02032470703125 11.595761299133300781 25.12769317626953125 62.198596954345703125 132.2917938232421875 134.4150390625 154.502105712890625 163.1409454345703125 181.973419189453125 72.34928131103515625 69.774871826171875 309.998626708984375 326.13555908203125 44.999759674072265625 72.05724334716796875 115.34522247314453125 24.775030136108398438 40.006130218505859375
0 116.2411346435546875 130.1355438232421875 187.814788818359375 198.4341583251953125 266.531097412109375 282.094085693359375 298.8980712890625 329.909393310546875 343.561126708984375 355.425384521484375 48.667755126953125 97.1633148193359375 124.91904449462890625 134.9996795654296875 189.4618682861328125 159.59912109375 113.19847869873046875 80.928314208984375 9.7277116775512695312 330.388031005859375 345.32830810546875 351.869110107421875 341.869140625 6.169734954833984375 103.722137451171875 108.61008453369140625 112.86449432373046875 107.9492340087890625 98.8923187255859375 340.709625244140625 351.869171142578125 8.3656444549560546875 97.64949798583984375 115.7090606689453125 248.7489013671875 238.9021148681640625 114.67671966552734375 100.66294097900390625 338.7491455078125 329.334625244140625 33.689945220947265625
0 101.31003570556640625 110.056182861328125 211.7600555419921875 278.470977783203125 294.44329833984375 298.609710693359375 310.642303466796875 317.221527099609375 343.02374267578125 45.29529571533203125 93.4774627685546875 116.0374603271484375 147.582855224609375 150.254791259765625 157.3795928955078125 166.2923431396484375 111.8005828857421875 46.547801971435546875 27.474395751953125 266.185302734375 272.418914794921875 302.47113037109375 141.581298828125 146.501861572265625 142.678680419921875 126.53824615478515625 99.83341217041015625 83.03173065185546875 81.634185791015625 169.874725341796875 193.298248291015625 156.9146575927734375 140.1019439697265625 153.4344024658203125 205.3005523681640625 196.513824462890625 147.1647186279296875 121.84881591796875 265.60040283203125 209.0542449951171875 139.98907470703125
0 129.6437530517578125 121.328216552734375 265.23663330078125 278.129547119140625 278.251983642578125 281.40594482421875 283.990753173828125 268.74224853515625 180.733978271484375 124.6620635986328125 121.9560089111328125 128.1568756103515625 159.0755462646484375 243.4343719482421875 57.87506866455078125 356.34710693359375 326.309356689453125 81.09799957275390625 105.1241302490234375 242.24053955078125 244.1981964111328125 164.520782470703125 137.563232421875 145.1617889404296875 155.65863037109375 158.907196044921875 160.438873291015625 147.9723358154296875 143.16583251953125 165.918365478515625 180.6898651123046875 174.1660614013671875 171.8014678955078125 177.1371307373046875 177.206817626953125 177.193359375 166.1845550537109375 169.7425994873046875 192.307708740234375 163.0720672607421875 152.07379150390625
0 149.57366943359375 154.289886474609375 244.98284912109375 262.05596923828125 264.2447509765625 257.798858642578125 233.588592529296875 200.970611572265625 171.7982940673828125 139.8301544189453125 126.4689788818359375 135.5963897705078125 265.030029296875 312.989654541015625 15.78115081787109375 25.7693939208984375 140.35595703125 128.5298614501953125 137.0451507568359375 253.0087127685546875 256.428863525390625 123.5411529541015625 109.6680908203125 124.0658721923828125 143.397003173828125 156.2122955322265625 167.5496673583984375 157.131011962890625 143.9722747802734375 154.1128387451171875 166.170928955078125 172.3589935302734375 187.51153564453125 184.4967041015625 172.7464447021484375 165.8846893310546875 173.289825439453125 185.9949493408203125 179.70867919921875 159.065155029296875 153.434906005859375
0 154.7985382080078125 174.2888946533203125 229.635284423828125 246.447021484375 236.955810546875 227.0449981689453125 203.0739898681640625 181.3775634765625 164.858551025390625 148.268096923828125 124.47190093994140625 352.99835205078125 320.101348876953125 328.49493408203125 30.068723678588867188 92.030670166015625 133.93896484375 142.4541015625 183.0129852294921875 239.2495269775390625 234.0897064208984375 124.82427215576171875 97.06665802001953125 101.16229248046875 116.2055206298828125 136.735321044921875 132.1727752685546875 130.6428375244140625 134.9996795654296875 99.46189117431640625 109.7466888427734375 141.4184417724609375 190.22161865234375 195.603240966796875 165.8461761474609375 156.279449462890625 159.4437103271484375 189.461669921875 196.62005615234375 177.397216796875 149.0361328125
0 160.463165283203125 170.271759033203125 229.6103668212890625 248.0699005126953125 231.70953369140625 209.6869659423828125 190.9105377197265625 175.0297393798828125 151.1440277099609375 153.4355621337890625 339.56597900390625 344.331298828125 324.3763427734375 306.67291259765625 117.15541839599609375 130.41497802734375 146.8211517333984375 162.8969573974609375 222.048980712890625 244.831634521484375 179.9993743896484375 150.773651123046875 142.8036651611328125 113.6387786865234375 106.59169769287109375 125.83673095703125 98.7069854736328125 107.91628265380859375 154.9829864501953125 164.0543365478515625 141.9914398193359375 135.689849853515625 197.3535308837890625 222.8779296875 149.0333251953125 62.353778839111328125 86.09969329833984375 186.0078125 211.1846160888671875 186.215606689453125 189.211151123046875
0 164.744781494140625 166.7006378173828125 242.16119384765625 256.3563232421875 252.644805908203125 172.694000244140625 178.56744384765625 179.9990386962890625 287.241455078125 320.9365234375 338.859161376953125 22.249494552612304688 172.0556640625 160.0573272705078125 137.811920166015625 142.9151153564453125 133.7123260498046875 150.94476318359375 271.756439208984375 213.6896820068359375 140.5629119873046875 141.9806976318359375 160.879791259765625 136.244964599609375 89.99961090087890625 352.254547119140625 31.349699020385742188 38.250579833984375 35.04168701171875 35.769947052001953125 36.544857025146484375 29.8049468994140625 22.285947799682617188 283.56939697265625 303.023193359375 41.42334747314453125 74.41535186767578125 109.43961334228515625 234.78204345703125 284.930267333984375 311.632537841796875
0 183.813751220703125 173.655670166015625 260.8814697265625 252.498504638671875 211.3281402587890625 152.102081298828125 288.43426513671875 318.48883056640625 321.220184326171875 333.43414306640625 26.064638137817382812 88.15234375 132.573211669921875 135.2673797607421875 135.2334136962890625 183.8134918212890625 314.99853515625 352.25439453125 304.9302978515625 110.2725830078125 122.98247528076171875 127.74654388427734375 151.698883056640625 166.6603546142578125 186.8011474609375 258.452728271484375 12.011687278747558594 25.046148300170898438 17.650041580200195312 8.835346221923828125 3.6744806766510009766 11.103861808776855469 32.522777557373046875 25.407529830932617188 241.62030029296875 134.1184234619140625 93.5513763427734375 2.2312023639678955078 328.5802001953125 338.2205810546875 338.21337890625
0 294.7744140625 348.690093994140625 273.12176513671875 255.509735107421875 203.8385162353515625 237.264068603515625 309.52191162109375 311.230865478515625 305.49713134765625 324.688140869140625 32.72287750244140625 49.726177215576171875 76.859588623046875 105.7957763671875 115.0506744384765625 254.9130706787109375 277.325592041015625 321.807830810546875 326.801727294921875 80.36235809326171875 92.03851318359375 102.5513763427734375 123.93859100341796875 167.164093017578125 186.73968505859375 201.200775146484375 193.8946990966796875 175.3770751953125 178.8763275146484375 208.85528564453125 322.3514404296875 29.8641510009765625 70.88402557373046875 80.26280975341796875 257.8282470703125 89.99918365478515625 53.530323028564453125 322.373046875 320.092987060546875 327.196502685546875 333.085052490234375
