wildfire/work/fuelmodels/1996/aspect.asc
ncols        277
nrows        241
xllcorner    182425.000000000000
yllcorner    464660.000000000000
cellsize     5.000000000000
NODATA_value   -999
[rows 133 to 151 of 241, columns 42 to 83 of 277]
193.9540252685546875 269.99945068359375 308.92694091796875 338.80535888671875 334.59173583984375 0.00064283958636224269867 191.3092498779296875 157.8341827392578125 101.888763427734375 100.71230316162109375 240.948944091796875 299.82684326171875 314.028411865234375 337.2113037109375 11.444962501525878906 34.09490966796875 54.6123046875 64.04668426513671875 323.42559814453125 297.98687744140625 305.3184814453125 305.416290283203125 217.234619140625 189.1615447998046875 189.63690185546875 180.38433837890625 188.63275146484375 217.87445068359375 233.89532470703125 108.430328369140625 64.65301513671875 66.0920867919921875 67.00391387939453125 54.70013427734375 17.062656402587890625 12.123572349548339844 355.363739013671875 347.216033935546875 359.254913330078125 7.695438385009765625 219.8039703369140625 193.62652587890625
297.56158447265625 301.229736328125 331.556243896484375 0.83049255609512329102 0 35.753932952880859375 55.437168121337890625 99.46237945556640625 122.47151947021484375 146.650421142578125 212.254119873046875 268.970001220703125 293.790008544921875 320.616973876953125 28.698366165161132812 62.956157684326171875 81.7730255126953125 60.017810821533203125 331.1319580078125 312.591156005859375 316.1080322265625 20.820465087890625 83.66068267822265625 197.1009674072265625 165.699188232421875 150.945159912109375 187.000640869140625 235.1242828369140625 248.6485137939453125 239.62066650390625 85.60051727294921875 44.999897003173828125 55.5389251708984375 48.62630462646484375 2.4539234638214111328 358.944671630859375 7.1717767715454101562 9.8196935653686523438 18.434906005859375 44.99942779541015625 92.488922119140625 156.0369720458984375
321.5126953125 301.438262939453125 304.938507080078125 41.987056732177734375 36.38379669189453125 37.3034515380859375 57.30762481689453125 92.0694580078125 114.79998016357421875 129.9366607666015625 254.8978271484375 266.72149658203125 272.4462890625 287.048248291015625 57.835742950439453125 68.7025299072265625 43.624942779541015625 359.525543212890625 336.288604736328125 326.309326171875 323.12957763671875 115.232879638671875 139.3987274169921875 224.9994659423828125 59.9300994873046875 68.05077362060546875 0 262.673095703125 262.492034912109375 277.065948486328125 33.92958831787109375 15.422162055969238281 53.21913909912109375 53.642787933349609375 357.0882568359375 349.733856201171875 24.655939102172851562 25.201383590698242188 24.943607330322265625 52.027996063232421875 69.30461883544921875 56.31127166748046875
327.99371337890625 305.310546875 265.600555419921875 94.76364898681640625 83.65947723388671875 94.39861297607421875 94.51357269287109375 100.520263671875 99.08980560302734375 23.838329315185546875 300.83709716796875 277.695281982421875 267.604278564453125 274.107391357421875 66.64424896240234375 53.9451446533203125 5.1396923065185546875 343.05377197265625 346.031219482421875 23.75008392333984375 131.5313873291015625 147.03692626953125 182.841705322265625 192.84759521484375 210.7188262939453125 42.273044586181640625 10.619877815246582031 295.082763671875 271.817626953125 274.969085693359375 27.474395751953125 46.547809600830078125 75.61875152587890625 67.41635894775390625 354.80426025390625 340.27667236328125 51.225856781005859375 34.87541961669921875 40.38896942138671875 68.1985321044921875 77.90541839599609375 71.56607818603515625
180.0000762939453125 177.9688568115234375 193.1334075927734375 188.5687103271484375 160.3127288818359375 161.2812957763671875 155.4720916748046875 112.14086151123046875 106.389190673828125 276.765869140625 293.105804443359375 302.734527587890625 285.67523193359375 281.309417724609375 51.98062896728515625 18.434787750244140625 347.390655517578125 332.495208740234375 38.118190765380859375 84.38245391845703125 100.407501220703125 121.21813201904296875 193.2983245849609375 189.6883392333984375 223.393341064453125 235.5600738525390625 323.745697021484375 320.439727783203125 287.77374267578125 281.309234619140625 41.185733795166015625 100.6536865234375 129.804840087890625 114.589599609375 323.124542236328125 326.306640625 73.17783355712890625 48.81328582763671875 72.95056915283203125 85.04970550537109375 81.13531494140625 51.910572052001953125
138.2048797607421875 159.6846466064453125 186.7790679931640625 194.7633056640625 175.100616455078125 179.67236328125 210.202880859375 78.0238037109375 61.504302978515625 301.606689453125 282.528228759765625 294.1448974609375 291.897552490234375 266.759796142578125 198.433929443359375 319.158599853515625 343.60955810546875 348.958831787109375 70.5882720947265625 97.51184844970703125 106.1131439208984375 115.0574798583984375 181.3018035888671875 211.8651580810546875 244.258575439453125 246.4669036865234375 271.33135986328125 306.362213134765625 294.303741455078125 286.87542724609375 109.17905426025390625 124.69503021240234375 160.172943115234375 199.7980194091796875 243.43524169921875 322.1202392578125 30.964111328125 49.76397705078125 93.0665283203125 97.2530670166015625 63.758575439453125 35.7270660400390625
84.20682525634765625 99.96338653564453125 175.4854888916015625 202.5029449462890625 191.951690673828125 248.551727294921875 290.352325439453125 17.474771499633789062 30.6298980712890625 346.486663818359375 292.56646728515625 282.005645751953125 286.73095703125 306.869873046875 303.51751708984375 309.52166748046875 339.62310791015625 81.02895355224609375 105.66788482666015625 115.51351165771484375 126.986419677734375 140.12286376953125 181.9412689208984375 224.9994659423828125 238.884246826171875 257.432098388671875 275.97998046875 302.57342529296875 303.912994384765625 290.135772705078125 119.1069793701171875 120.06835174560546875 166.4288330078125 251.9516754150390625 240.067962646484375 201.3707122802734375 177.70855712890625 116.9661407470703125 102.61936187744140625 92.48952484130859375 63.4345855712890625 65.37596893310546875
70.016632080078125 53.680316925048828125 33.287570953369140625 3.9907391071319580078 282.994049072265625 277.67840576171875 287.675506591796875 347.904327392578125 29.969427108764648438 0.41227999329566955566 318.929443359375 297.6876220703125 292.24847412109375 316.04150390625 305.193206787109375 225.00384521484375 156.180755615234375 161.753662109375 136.301605224609375 127.31571197509765625 127.83617401123046875 139.993194580078125 194.3223724365234375 233.296722412109375 258.274261474609375 288.434356689453125 305.736541748046875 322.523162841796875 298.90911865234375 143.9721221923828125 131.297576904296875 113.00907135009765625 341.09454345703125 313.0244140625 339.074920654296875 32.90500640869140625 108.4332427978515625 108.4346923828125 99.2931060791015625 78.68967437744140625 75.6498260498046875 63.434070587158203125
69.92160797119140625 49.610630035400390625 48.301822662353515625 28.113245010375976562 314.9990234375 306.392852783203125 311.031524658203125 347.691253662109375 29.981416702270507812 350.664276123046875 327.99395751953125 283.14996337890625 250.6403350830078125 240.42138671875 197.7224884033203125 153.4347686767578125 157.04315185546875 159.38995361328125 135.5111541748046875 128.59808349609375 129.2415008544921875 125.75363922119140625 279.688629150390625 291.740081787109375 304.1136474609375 308.417327880859375 312.588165283203125 151.2605133056640625 154.891815185546875 149.9850616455078125 159.9214019775390625 264.804840087890625 316.78887939453125 315.894287109375 351.38360595703125 70.20145416259765625 80.83763885498046875 100.40727996826171875 106.0318756103515625 63.43152618408203125 31.674863815307617188 11.310017585754394531
74.1971282958984375 54.46227264404296875 37.079189300537109375 359.722412109375 330.14837646484375 323.805999755859375 338.37774658203125 13.590991020202636719 7.1248989105224609375 343.973297119140625 27.897401809692382812 150.25518798828125 207.531646728515625 196.7741546630859375 167.6399078369140625 156.0954742431640625 163.691497802734375 156.5796356201171875 129.4513092041015625 123.6896820068359375 132.838134765625 318.690704345703125 321.145843505859375 314.794677734375 314.510986328125 313.6156005859375 149.9811248779296875 149.609527587890625 155.77197265625 156.4250946044921875 278.1297607421875 296.011932373046875 307.029693603515625 165.9638519287109375 171.1578369140625 156.800689697265625 142.7216644287109375 123.8180389404296875 124.11394500732421875 261.383270263671875 347.9039306640625 345.762237548828125
324.161407470703125 10.008176803588867188 3.2572014331817626953 347.94073486328125 330.17913818359375 324.3763427734375 354.471710205078125 42.686126708984375 9.9264545440673828125 326.3074951171875 115.77691650390625 137.5305023193359375 193.329864501953125 191.3095245361328125 166.79852294921875 156.570709228515625 168.8449859619140625 153.0830230712890625 123.21167755126953125 100.8856048583984375 355.814453125 311.391021728515625 310.808319091796875 308.896484375 304.50787353515625 151.4764862060546875 136.468353271484375 136.533966064453125 9.4584608078002929688 327.83477783203125 316.7891845703125 316.31646728515625 120.25547027587890625 138.9449615478515625 173.5410308837890625 180.689483642578125 139.1590576171875 112.30580902099609375 87.8782806396484375 289.09320068359375 313.754119873046875 326.4581298828125
322.593841552734375 350.041473388671875 341.846466064453125 324.781494140625 286.78192138671875 235.3042144775390625 162.1977691650390625 138.99041748046875 146.3094329833984375 154.2896575927734375 140.4598541259765625 145.7575836181640625 190.3834228515625 208.128021240234375 230.4916229248046875 61.3145599365234375 118.855682373046875 156.250152587890625 143.4707489013671875 3.0932309627532958984 339.989471435546875 322.15838623046875 308.45623779296875 296.46142578125 170.3308258056640625 148.1534576416015625 141.48260498046875 329.39910888671875 342.45928955078125 342.644989013671875 311.592620849609375 321.341033935546875 113.96208953857421875 126.78693389892578125 177.5104522705078125 207.5248260498046875 144.8649444580078125 71.5645751953125 351.25323486328125 321.49859619140625 323.914398193359375 328.21197509765625
228.01220703125 174.6434783935546875 179.9995880126953125 185.9510650634765625 188.583099365234375 182.502777099609375 180.3406219482421875 173.9452667236328125 148.97137451171875 146.6333465576171875 142.8254547119140625 154.0746917724609375 209.1667938232421875 243.071868896484375 260.310699462890625 106.69879150390625 106.75528717041015625 174.288665771484375 315.665618896484375 331.66259765625 334.884429931640625 325.953338623046875 286.4215087890625 194.36944580078125 144.391998291015625 141.482666015625 315.753265380859375 311.966644287109375 337.462493896484375 20.9554595947265625 314.997467041015625 138.6904296875 104.95827484130859375 102.4748992919921875 254.7459564208984375 279.292694091796875 323.12847900390625 19.800191879272460938 321.708831787109375 311.30780029296875 314.999481201171875 317.67462158203125
203.5074310302734375 169.9304046630859375 162.377227783203125 180.582275390625 179.265106201171875 177.210968017578125 190.3620147705078125 183.862396240234375 149.620513916015625 141.5818328857421875 146.768218994140625 251.563507080078125 306.6063232421875 286.447998046875 249.3524169921875 136.3971710205078125 37.613712310791015625 342.620330810546875 334.6195068359375 337.379364013671875 328.907196044921875 269.999359130859375 189.9039764404296875 189.9034423828125 329.03521728515625 336.430389404296875 325.74517822265625 309.061981201171875 328.7813720703125 58.430301666259765625 77.9686431884765625 126.86922454833984375 113.442474365234375 81.86931610107421875 329.035064697265625 332.197967529296875 355.602020263671875 326.309295654296875 315.71502685546875 311.185028076171875 312.13714599609375 310.34619140625
209.29083251953125 167.0048065185546875 146.240966796875 177.580078125 175.364227294921875 171.054443359375 194.8395233154296875 190.16357421875 164.8583831787109375 109.53664398193359375 351.25250244140625 324.271881103515625 326.545867919921875 325.910308837890625 317.25994873046875 329.510162353515625 346.327667236328125 335.694488525390625 319.43572998046875 338.458587646484375 18.436361312866210938 88.66778564453125 3.3659250736236572266 311.932891845703125 322.124114990234375 333.298614501953125 330.678802490234375 323.61480712890625 352.503387451171875 66.25017547607421875 83.437225341796875 95.06386566162109375 65.695648193359375 359.9989013671875 337.108551025390625 7.3521947860717773438 354.09368896484375 321.4185791015625 318.607696533203125 318.813079833984375 313.9761962890625 326.859161376953125
195.394927978515625 161.564605712890625 148.7933349609375 171.0269012451171875 185.4686279296875 188.4269256591796875 192.094573974609375 197.271026611328125 240.1945648193359375 316.431365966796875 340.176666259765625 338.603363037109375 344.247772216796875 321.744842529296875 329.348785400390625 335.605682373046875 338.105499267578125 328.70550537109375 285.253753662109375 311.6326904296875 16.557355880737304688 27.095296859741210938 331.524993896484375 314.03924560546875 326.1591796875 337.441986083984375 331.38922119140625 316.908843994140625 132.753875732421875 130.351959228515625 135.5206451416015625 143.7450103759765625 341.145782470703125 350.9410400390625 0 13.448510169982910156 344.196624755859375 322.52325439453125 317.2899169921875 316.59014892578125 296.21063232421875 310.9710693359375
165.4252166748046875 144.2236175537109375 142.5322723388671875 163.6633453369140625 223.5306396484375 257.09222412109375 323.745391845703125 335.89715576171875 318.763214111328125 311.00836181640625 321.94036865234375 341.341339111328125 1.0945018529891967773 326.658477783203125 317.43585205078125 344.452880859375 4.1010222434997558594 4.8990926742553710938 347.618255615234375 341.839691162109375 37.746738433837890625 77.90474700927734375 287.44659423828125 295.559326171875 326.53387451171875 353.499847412109375 60.944843292236328125 144.9256134033203125 145.5731658935546875 143.8260650634765625 163.033447265625 260.43280029296875 301.263214111328125 343.55035400390625 12.692629814147949219 7.8534989356994628906 340.4351806640625 322.73956298828125 325.695892333984375 331.143341064453125 301.138092041015625 261.5283203125
103.81456756591796875 106.07315826416015625 114.88724517822265625 157.4786834716796875 269.57501220703125 296.5643310546875 325.221405029296875 339.22711181640625 341.8953857421875 323.31427001953125 318.150054931640625 329.035491943359375 342.896484375 331.84051513671875 320.29779052734375 338.689788818359375 11.940443038940429688 21.139837265014648438 359.6558837890625 10.304840087890625 74.89870452880859375 73.73955535888671875 286.301025390625 289.653106689453125 327.8466796875 53.616092681884765625 110.61357879638671875 127.04669952392578125 134.9998626708984375 127.01018524169921875 310.313446044921875 307.001922607421875 301.865570068359375 314.999267578125 2.2457959651947021484 6.6545562744140625 342.524261474609375 319.496368408203125 323.796722412109375 333.2076416015625 336.61395263671875 352.87322998046875
71.83367919921875 100.00762939453125 91.68466949462890625 328.091094970703125 316.93603515625 313.709075927734375 311.6328125 321.458221435546875 308.990142822265625 296.028900146484375 280.6192626953125 271.54754638671875 292.067230224609375 306.421661376953125 311.6925048828125 333.003204345703125 34.58392333984375 58.92822265625 49.184673309326171875 77.152374267578125 76.714935302734375 2.1207320690155029297 293.489105224609375 285.254486083984375 167.0059661865234375 127.96187591552734375 124.23380279541015625 123.530059814453125 125.5375823974609375 335.55548095703125 316.40802001953125 312.588165283203125 297.4737548828125 281.72454833984375 333.824005126953125 15.395648956298828125 336.249603271484375 316.52679443359375 313.530426025390625 331.6982421875 7.3055729866027832031 10.007443428039550781
