wildfire/work/fuelmodels/1996/slope.asc
ncols        277
nrows        241
xllcorner    182425.000000000000
yllcorner    464660.000000000000
cellsize     5.000000000000
NODATA_value   -999
[rows 126 to 143 of 241, columns 120 to 159 of 277]
3.4758119583129882812 3.9931409358978271484 5.6792187690734863281 9.17984771728515625 7.5407671928405761719 2.7667100429534912109 3.4297285079956054688 8.3805665969848632812 5.5668187141418457031 1.3956185579299926758 1.7053583860397338867 3.1055467128753662109 5.1301636695861816406 6.4224286079406738281 6.6774587631225585938 6.662151336669921875 3.9134314060211181641 0.56384640932083129883 4.6815085411071777344 4.9898781776428222656 2.5579771995544433594 2.6032471656799316406 6.5734620094299316406 10.39379119873046875 3.7184844017028808594 2.9022688865661621094 3.3478608131408691406 6.8784832954406738281 6.10638427734375 2.6677274703979492188 1.7828284502029418945 1.6608555316925048828 1.5796461105346679688 1.9438335895538330078 2.6096591949462890625 2.4352264404296875 0.60789102315902709961 1.6461464166641235352 1.3773771524429321289 1.8510385751724243164
5.3632702827453613281 6.5639629364013671875 6.3985805511474609375 7.054943084716796875 4.9348120689392089844 2.6133463382720947266 2.3571310043334960938 7.7709574699401855469 6.7618122100830078125 2.2344255447387695312 2.4955570697784423828 7.2708806991577148438 7.4403324127197265625 5.9633054733276367188 7.3343777656555175781 8.758953094482421875 8.4307680130004882812 5.3172364234924316406 3.2392230033874511719 4.7419924736022949219 2.6603236198425292969 4.2802834510803222656 9.7335023880004882812 6.1855516433715820312 2.184268951416015625 1.1172593832015991211 2.2927451133728027344 5.79766845703125 7.5924520492553710938 3.7100481986999511719 1.9511061906814575195 2.1083815097808837891 1.9878358840942382812 0.44319730997085571289 1.4708193540573120117 1.6362895965576171875 1.0359296798706054688 1.813755035400390625 2.2980334758758544922 1.3618307113647460938
5.8295264244079589844 5.82978057861328125 6.5701446533203125 6.4077582359313964844 1.4489891529083251953 3.3510212898254394531 5.3635554313659667969 5.8150105476379394531 5.1060285568237304688 1.7570884227752685547 3.5185942649841308594 8.9062366485595703125 4.1042413711547851562 0.1006329953670501709 4.1017913818359375 3.7157690525054931641 7.0216383934020996094 9.5365724563598632812 5.7726101875305175781 2.1064660549163818359 2.9511687755584716797 5.4397568702697753906 9.9613695144653320312 7.3682217597961425781 2.5329535007476806641 4.7008609771728515625 3.1939797401428222656 6.1448388099670410156 7.1159677505493164062 3.2784624099731445312 0.54092079401016235352 2.3190460205078125 2.9656898975372314453 0.99911302328109741211 2.4227323532104492188 3.0854794979095458984 2.6241538524627685547 1.7963749170303344727 1.4666854143142700195 1.5716202259063720703
9.2655878067016601562 8.382373809814453125 9.1453561782836914062 9.45867919921875 8.8696203231811523438 6.5945067405700683594 3.80083465576171875 3.4495542049407958984 4.0235052108764648438 2.1381821632385253906 3.9423856735229492188 7.9281358718872070312 1.92209625244140625 0.98637884855270385742 4.5891132354736328125 4.5785403251647949219 1.7887556552886962891 4.2947664260864257812 4.0263848304748535156 0.61781549453735351562 1.8781743049621582031 4.559757232666015625 7.9406437873840332031 9.1817493438720703125 8.8215532302856445312 7.7635474205017089844 7.7133564949035644531 10.120412826538085938 6.0387825965881347656 3.4363405704498291016 2.5642960071563720703 2.9702689647674560547 1.6353821754455566406 1.0186623334884643555 2.6557593345642089844 3.102146148681640625 0.8030707240104675293 0.43279781937599182129 1.1651618480682373047 3.1487128734588623047
10.7819976806640625 8.8496103286743164062 8.1795778274536132812 7.7018346786499023438 8.4515666961669921875 10.521712303161621094 8.2902040481567382812 3.9794597625732421875 4.6150937080383300781 1.332546234130859375 4.4995131492614746094 7.199848175048828125 3.8835191726684570312 1.9719892740249633789 4.3808455467224121094 6.8752560615539550781 7.8517942428588867188 7.2473034858703613281 3.7566134929656982422 1.3740544319152832031 1.3536489009857177734 2.9286205768585205078 3.8804001808166503906 4.5236716270446777344 8.3160123825073242188 10.070497512817382812 9.9517831802368164062 5.9111738204956054688 2.3329775333404541016 2.9774112701416015625 1.8619314432144165039 0.76960599422454833984 1.0403082370758056641 0.9760659337043762207 1.9624919891357421875 3.5621075630187988281 3.0142087936401367188 2.6032478809356689453 1.7405923604965209961 1.8824840784072875977
9.34069061279296875 2.8890047073364257812 4.5200886726379394531 4.9271392822265625 4.9160833358764648438 10.813183784484863281 11.331624031066894531 7.9210653305053710938 6.8189225196838378906 2.2940738201141357422 3.5813193321228027344 6.155551910400390625 3.7283945083618164062 4.3558931350708007812 4.8958191871643066406 3.5234556198120117188 3.7855336666107177734 1.9375778436660766602 0.32759213447570800781 0.94495254755020141602 0.2294505387544631958 2.1971921920776367188 2.8166992664337158203 2.2350957393646240234 4.5081353187561035156 4.7072834968566894531 3.8213851451873779297 2.2325983047485351562 1.8090083599090576172 1.6681426763534545898 1.7599492073059082031 2.6699893474578857422 1.8359397649765014648 2.0133984088897705078 1.9842950105667114258 1.0364347696304321289 0.5565999150276184082 0.92658019065856933594 0.83521348237991333008 1.3592299222946166992
10.571478843688964844 8.6951780319213867188 5.3950204849243164062 3.4723207950592041016 3.8383977413177490234 9.6603155136108398438 12.488401412963867188 11.241672515869140625 9.6829271316528320312 1.7359424829483032227 3.1048972606658935547 5.1663861274719238281 3.3558468818664550781 4.6785840988159179688 2.1115100383758544922 1.2281920909881591797 0.45224413275718688965 1.9735445976257324219 1.6424708366394042969 1.5748444795608520508 0.89996486902236938477 2.3912224769592285156 1.8221038579940795898 1.9778921604156494141 3.4008729457855224609 2.2452390193939208984 1.0672230720520019531 0.59443461894989013672 0.16224621236324310303 1.2425146102905273438 2.505046844482421875 1.5654898881912231445 0.31819188594818115234 1.3184134960174560547 2.7791166305541992188 3.5154175758361816406 2.4575612545013427734 1.4246898889541625977 1.1682078838348388672 1.6129282712936401367
6.001983642578125 9.5491085052490234375 10.3421173095703125 8.8694009780883789062 7.9659829139709472656 4.3420987129211425781 12.4820556640625 12.327347755432128906 10.2536163330078125 0.44661834836006164551 3.369670867919921875 2.5985910892486572266 1.4430420398712158203 1.5987550020217895508 1.2408993244171142578 1.4542152881622314453 1.4189831018447875977 2.2587409019470214844 4.8290281295776367188 4.4765610694885253906 4.5233173370361328125 2.9906332492828369141 1.5248658657073974609 1.9406970739364624023 3.5165657997131347656 1.9924055337905883789 1.4129180908203125 2.2927556037902832031 2.1893758773803710938 1.8641153573989868164 1.7828159332275390625 1.7510294914245605469 2.5538434982299804688 2.5307481288909912109 1.8781751394271850586 1.089268803596496582 1.7103984355926513672 2.0303866863250732422 2.744152069091796875 3.2017295360565185547
7.143001556396484375 8.975128173828125 4.6151843070983886719 6.4787797927856445312 9.6764011383056640625 9.76209259033203125 17.237207412719726562 12.121907234191894531 8.6110391616821289062 2.29074859619140625 5.4311370849609375 5.6880774497985839844 6.2741303443908691406 5.5552082061767578125 4.5861368179321289062 3.6143376827239990234 3.2256255149841308594 4.3808655738830566406 7.3538351058959960938 6.7220120429992675781 9.3862657546997070312 7.8352594375610351562 4.8893389701843261719 3.8875534534454345703 5.224308013916015625 4.9296007156372070312 4.1697835922241210938 2.5139241218566894531 0.99609959125518798828 1.2743031978607177734 1.5048483610153198242 1.9511061906814575195 2.6364488601684570312 1.9635218381881713867 1.1777040958404541016 1.2425101995468139648 2.191436767578125 3.0299382209777832031 2.3205914497375488281 2.532962799072265625
11.015043258666992188 14.076045036315917969 13.488185882568359375 9.7583675384521484375 1.6647967100143432617 14.605199813842773438 13.795319557189941406 7.2495136260986328125 4.2268829345703125 3.3102049827575683594 7.6233601570129394531 6.24100494384765625 4.1770334243774414062 5.0857534408569335938 5.9943776130676269531 5.6201357841491699219 3.4979884624481201172 3.9769330024719238281 6.7598004341125488281 4.5008602142333984375 4.9671978950500488281 5.0846638679504394531 3.6947798728942871094 3.0616319179534912109 4.4084239006042480469 3.1514477729797363281 2.1201136112213134766 2.2033984661102294922 2.7105729579925537109 3.1073441505432128906 2.7987027168273925781 2.8372719287872314453 1.9030610322952270508 1.6654318571090698242 1.4300119876861572266 2.0818164348602294922 2.9906244277954101562 2.0371072292327880859 1.4957356452941894531 0.84244370460510253906
11.439920425415039062 13.661907196044921875 4.49445343017578125 5.6398715972900390625 10.986192703247070312 13.471271514892578125 5.8262510299682617188 4.062835693359375 3.5747077465057373047 5.7955822944641113281 6.4167056083679199219 4.568065643310546875 1.669376373291015625 0.66896796226501464844 0.76631027460098266602 3.3132922649383544922 3.4316420555114746094 3.4619972705841064453 5.2100038528442382812 2.6950485706329345703 2.8629980087280273438 2.93741607666015625 1.3696383237838745117 1.7521799802780151367 2.3912227153778076172 2.2533581256866455078 0.75633406639099121094 0.83520466089248657227 1.9344289302825927734 1.9635049104690551758 1.7808208465576171875 1.9059910774230957031 1.7671346664428710938 2.1127023696899414062 1.8447549343109130859 1.2290185689926147461 0.53338611125946044922 1.0127004384994506836 1.5208933353424072266 1.3945270776748657227
11.020443916320800781 12.107048988342285156 3.4373540878295898438 5.2026433944702148438 15.3930206298828125 13.4441680908203125 1.7808426618576049805 2.1400616168975830078 2.8637003898620605469 5.123767852783203125 4.895843505859375 3.1274654865264892578 1.8942695856094360352 0.5179722905158996582 1.2522636651992797852 0.74895119667053222656 1.1738159656524658203 1.7671428918838500977 2.5985910892486572266 2.9787724018096923828 2.9573237895965576172 0.9233048558235168457 3.3546421527862548828 4.0298938751220703125 4.1847662925720214844 3.4989919662475585938 2.1428828239440917969 0.87371593713760375977 0.90558618307113647461 0.62678170204162597656 0.33825132250785827637 1.0576897859573364258 0.32450327277183532715 0.63953661918640136719 0.86555153131484985352 0.57363933324813842773 0.28458884358406066895 0.80308759212493896484 2.2269463539123535156 2.1466746330261230469
8.6225404739379882812 9.4707040786743164062 5.9948625564575195312 11.015124320983886719 14.668484687805175781 11.227369308471679688 2.1914496421813964844 1.7245275974273681641 4.6245770454406738281 10.171417236328125 11.592543601989746094 9.8725709915161132812 6.5804080963134765625 4.625675201416015625 3.0329165458679199219 0.78587448596954345703 0.92929130792617797852 0.79038071632385253906 0.79548168182373046875 0.13117429614067077637 2.66335296630859375 6.1473727226257324219 6.7249779701232910156 6.9491624832153320312 6.6328949928283691406 5.1575918197631835938 3.4280965328216552734 1.318411707878112793 1.0860269069671630859 0.76629722118377685547 0.82728344202041625977 1.0985367298126220703 1.207408905029296875 1.8584035634994506836 1.8496537208557128906 1.9088851213455200195 1.1913605928421020508 2.0371239185333251953 1.9601728916168212891 2.2337462902069091797
10.267978668212890625 13.756008148193359375 12.564770698547363281 14.124279022216796875 9.81142425537109375 5.3771500587463378906 3.1965067386627197266 2.7178642749786376953 3.8183317184448242188 9.5737943649291992188 6.6165189743041992188 5.546863555908203125 6.6621451377868652344 8.2839841842651367188 8.7082719802856445312 5.2462363243103027344 0.75631833076477050781 1.1733813285827636719 1.1529345512390136719 2.4528107643127441406 4.1079416275024414062 4.9864549636840820312 2.8925106525421142578 1.1651788949966430664 0.63399177789688110352 2.6410517692565917969 3.4302914142608642578 1.2502329349517822266 0.92493033409118652344 0.94227260351181030273 1.1472071409225463867 2.6154651641845703125 2.1447877883911132812 1.6079225540161132812 1.4711838960647583008 1.9985024929046630859 0.45558369159698486328 1.5716316699981689453 0.98792052268981933594 1.1582074165344238281
5.0253129005432128906 9.1732730865478515625 8.14891815185546875 5.5658249855041503906 0.45557522773742675781 2.7061076164245605469 3.911495208740234375 3.2611513137817382812 1.4994353055953979492 8.1289215087890625 9.0075254440307617188 4.509033203125 0.94604051113128662109 2.6433618068695068359 7.3263654708862304688 7.527439117431640625 0.62677675485610961914 2.0442979335784912109 3.2784552574157714844 2.5149247646331787109 2.1381738185882568359 3.4788603782653808594 4.2002844810485839844 5.8173418045043945312 6.1333646774291992188 5.0055179595947265625 3.1707830429077148438 0.99861532449722290039 0.94923692941665649414 0.64033526182174682617 2.1600520610809326172 1.9534593820571899414 0.8846435546875 0.45889133214950561523 0.68835318088531494141 1.608861088752746582 1.3685171604156494141 0.81121712923049926758 0.93149131536483764648 1.173390507698059082
0.68689024448394775391 2.58355712890625 3.08924102783203125 1.2762738466262817383 2.3867738246917724609 2.347232818603515625 2.5096807479858398438 3.2138476371765136719 3.5020248889923095703 2.4519975185394287109 5.4723606109619140625 5.9895758628845214844 6.8854846954345703125 8.9135112762451171875 9.7262868881225585938 4.2801728248596191406 3.7960405349731445312 4.9727616310119628906 4.1220355033874511719 1.5796473026275634766 1.0577018260955810547 1.650159001350402832 2.1447939872741699219 3.8293132781982421875 2.9583454132080078125 1.3045201301574707031 0.87370580434799194336 0.70292425155639648438 1.7218784093856811523 1.8532111644744873047 2.6086983680725097656 2.023410797119140625 1.7362101078033447266 3.0192272663116455078 3.9381246566772460938 4.5473513603210449219 4.1712312698364257812 3.1936717033386230469 3.4497084617614746094 4.0562472343444824219
11.356453895568847656 3.2790904045104980469 1.1841226816177368164 3.0015885829925537109 3.0568251609802246094 0.59443140029907226562 0.72138029336929321289 1.3945084810256958008 2.2461526393890380859 2.0346324443817138672 1.6910461187362670898 4.4959158897399902344 4.79224395751953125 5.2711629867553710938 2.20708465576171875 2.7178599834442138672 4.8082180023193359375 3.3421247005462646484 1.1067925691604614258 1.2534692287445068359 1.24739837646484375 0.70074856281280517578 1.20742034912109375 2.6154623031616210938 2.0701200962066650391 1.297900080680847168 2.0221543312072753906 1.4246898889541625977 3.1807963848114013672 4.6698474884033203125 4.606670379638671875 4.4284124374389648438 3.9211757183074951172 4.1531729698181152344 5.2834882736206054688 5.86054229736328125 5.7588906288146972656 4.3074398040771484375 5.4341130256652832031 5.9320836067199707031
12.532069206237792969 8.2718477249145507812 2.9403412342071533203 0.74010455608367919922 2.9156477451324462891 2.7883749008178710938 1.5748323202133178711 1.9207952022552490234 1.7913117408752441406 2.9650087356567382812 1.8781751394271850586 1.8800588846206665039 0.98842394351959228516 2.3549809455871582031 3.0985434055328369141 2.9941804409027099609 2.0679299831390380859 0.59186929464340209961 0.38840028643608093262 1.4032016992568969727 1.7842375040054321289 1.5075227022171020508 1.412919163703918457 1.5742061138153076172 1.9850450754165649414 2.5389358997344970703 3.3636634349822998047 3.0007693767547607422 6.4265532493591308594 7.1489071846008300781 5.4604730606079101562 4.9017977714538574219 4.6125607490539550781 3.8749139308929443359 3.198719024658203125 3.7634522914886474609 5.9801588058471679688 5.810405731201171875 4.522319793701171875 2.4937119483947753906
