wildfire/work/fuelmodels/1996/slope.asc
ncols        277
nrows        241
xllcorner    182425.000000000000
yllcorner    464660.000000000000
cellsize     5.000000000000
NODATA_value   -999
[rows 144 to 161 of 241, columns 80 to 119 of 277]
1.1836972236633300781 2.5293614864349365234 3.2838416099548339844 3.7566018104553222656 3.6607253551483154297 3.2588181495666503906 2.7994189262390136719 3.1528952121734619141 3.7591602802276611328 4.1458587646484375 4.1542510986328125 1.0948315858840942383 3.7157571315765380859 4.1097917556762695312 3.0164082050323486328 2.4618866443634033203 2.9609138965606689453 3.5200026035308837891 3.6456351280212402344 3.3333361148834228516 2.2155439853668212891 1.6961187124252319336 4.9788537025451660156 10.625188827514648438 9.8822727203369140625 7.7954258918762207031 14.232153892517089844 16.375925064086914062 16.103855133056640625 18.194719314575195312 14.878808975219726562 10.114098548889160156 6.0191507339477539062 1.9228786230087280273 3.0463993549346923828 3.0813920497894287109 6.2647290229797363281 9.4843921661376953125 6.6403875350952148438 3.7928493022918701172
1.6338163614273071289 2.9643230438232421875 3.3077604770660400391 3.4068050384521484375 3.0017569065093994141 2.5815875530242919922 2.108867645263671875 2.1353306770324707031 2.5259678363800048828 2.9702925682067871094 2.7326989173889160156 2.2969176769256591797 3.3152418136596679688 4.1527838706970214844 3.99527740478515625 3.6764037609100341797 3.3510296344757080078 3.4775590896606445312 3.6653997898101806641 3.7348911762237548828 3.7152333259582519531 3.2061440944671630859 3.6215980052947998047 8.8083944320678710938 13.083261489868164062 10.897347450256347656 4.6848454475402832031 12.569354057312011719 14.052221298217773438 10.789050102233886719 5.5421400070190429688 2.2980222702026367188 4.9403181076049804688 7.2653484344482421875 8.0138101577758789062 6.4495396614074707031 8.14644622802734375 13.571485519409179688 17.7111968994140625 18.561925888061523438
2.5451021194458007812 3.3469626903533935547 3.1846249103546142578 2.7447028160095214844 1.8452959060668945312 1.3603750467300415039 1.1682125329971313477 1.2355746030807495117 1.5357784032821655273 2.0133652687072753906 2.4279420375823974609 2.5768985748291015625 2.0915203094482421875 1.7221671342849731445 1.7799561023712158203 1.5667724609375 1.282618403434753418 1.3367305994033813477 1.5806145668029785156 2.0531835556030273438 2.5538263320922851562 2.8573377132415771484 2.8672418594360351562 3.0879297256469726562 7.8493704795837402344 13.489629745483398438 9.88543701171875 2.1179685592651367188 2.9934968948364257812 3.5497243404388427734 3.7408316135406494141 4.8491578102111816406 7.1919527053833007812 8.1150846481323242188 7.9439706802368164062 8.4014377593994140625 9.2378387451171875 9.920032501220703125 16.039661407470703125 24.058446884155273438
3.5372064113616943359 3.3469610214233398438 3.5625209808349609375 3.2499747276306152344 2.1551389694213867188 1.4300076961517333984 1.1405739784240722656 1.5354605913162231445 2.1279683113098144531 1.9500756263732910156 1.7315605878829956055 1.5088709592819213867 1.1045120954513549805 0.8180630803108215332 0.45559808611869812012 0.30019640922546386719 0.18001244962215423584 0.21346637606620788574 0.58671224117279052734 1.1699337959289550781 1.7828090190887451172 2.5058498382568359375 3.1589679718017578125 3.4338440895080566406 6.6291136741638183594 12.144101142883300781 9.6805124282836914062 4.2947750091552734375 1.8781682252883911133 1.1031231880187988281 1.6421744823455810547 3.4426546096801757812 3.0352411270141601562 1.8942651748657226562 4.2777028083801269531 6.7643442153930664062 5.0324392318725585938 5.2253546714782714844 18.47906494140625 20.512287139892578125
3.183197021484375 2.2914180755615234375 3.2588295936584472656 2.26432037353515625 1.2094962596893310547 0.97604697942733764648 1.0822811126708984375 1.3045254945755004883 1.0062001943588256836 0.58674120903015136719 0.59444308280944824219 0.42689779400825500488 0.26999679207801818848 0.22946062684059143066 0.089993447065353393555 0.31979045271873474121 0.48571979999542236328 0.44659501314163208008 0.82973122596740722656 0.96301370859146118164 1.1789801120758056641 1.8795208930969238281 2.3221256732940673828 4.0508985519409179688 13.487408638000488281 17.707859039306640625 9.9700794219970703125 3.1682426929473876953 1.852947235107421875 3.106048583984375 3.0682332515716552734 4.77156829833984375 4.166484832763671875 3.1731727123260498047 5.9609513282775878906 6.2229361534118652344 4.3853650093078613281 10.282361984252929688 19.344211578369140625 5.095653533935546875
2.9133989810943603516 2.5169360637664794922 2.5229556560516357422 1.0691167116165161133 0.54465365409851074219 0.51797300577163696289 0.6275774836540222168 0.38316312432289123535 0.50311315059661865234 0.47303819656372070312 0.44999453425407409668 0.60538721084594726562 0.39869156479835510254 0.19092290103435516357 0.29336518049240112305 0.26239809393882751465 1.053863525390625 1.3378298282623291016 1.1811202764511108398 1.2510466575622558594 1.7192287445068359375 2.1115100383758544922 2.5467159748077392578 8.792949676513671875 21.2511749267578125 12.541659355163574219 4.9905843734741210938 2.9506509304046630859 2.5696284770965576172 1.8945280313491821289 2.0403444766998291016 4.0042519569396972656 4.6098175048828125 4.7090015411376953125 7.0353679656982421875 6.3534617424011230469 4.0801882743835449219 11.071337699890136719 11.409041404724121094 5.7360219955444335938
2.7038707733154296875 2.5451111793518066406 1.8137576580047607422 0.72557961940765380859 0.45890143513679504395 0.60539931058883666992 0.40748181939125061035 0.57363998889923095703 0.84724855422973632812 0.96196025609970092773 0.87545740604400634766 0.7636502385139465332 0.8180630803108215332 0.85969936847686767578 0.71504116058349609375 0.54928386211395263672 1.4014016389846801758 1.3956025838851928711 1.0822893381118774414 1.9778921604156494141 2.0715894699096679688 2.26232147216796875 6.9731321334838867188 15.976716041564941406 18.274400711059570312 1.5495698451995849609 8.8354845046997070312 1.9038631916046142578 1.0543420314788818359 1.1888291835784912109 2.6034483909606933594 6.5511474609375 8.625019073486328125 7.7283406257629394531 9.1667499542236328125 8.2830295562744140625 3.006317138671875 6.8761544227600097656 10.268622398376464844 11.629743576049804688
2.4821271896362304688 1.6608519554138183594 0.88466060161590576172 0.77680897712707519531 0.74281936883926391602 0.31818702816963195801 0.38316714763641357422 1.1045092344284057617 1.4524705410003662109 1.5208922624588012695 1.4666945934295654297 1.1888239383697509766 1.1943529844284057617 1.2607328891754150391 0.78588140010833740234 0.79547196626663208008 1.1651618480682373047 1.6862485408782958984 2.3360152244567871094 2.2305657863616943359 1.1131801605224609375 1.3049126863479614258 12.303113937377929688 14.71305084228515625 6.3569426536560058594 6.2664427757263183594 4.8087544441223144531 1.3517568111419677734 0.61122316122055053711 1.5482672452926635742 4.3112998008728027344 9.2063455581665039062 9.1659173965454101562 7.089752197265625 9.3523406982421875 6.6747369766235351562 4.6651053428649902344 7.3849010467529296875 14.663173675537109375 18.686880111694335938
2.1028459072113037109 0.73253226280212402344 0.70073091983795166016 0.42689779400825500488 0.64035695791244506836 1.0971599817276000977 1.875208735466003418 1.9969744682312011719 1.4472320079803466797 1.1249482631683349609 1.4349495172500610352 1.0359296798706054688 0.18553541600704193115 0.14230020344257354736 0.86556845903396606445 1.0359296798706054688 0.9358227849006652832 1.7944127321243286133 3.0879297256469726562 1.2619215250015258789 1.6593185663223266602 2.9022631645202636719 0 7.3681540489196777344 0.81807208061218261719 3.0175797939300537109 1.6238880157470703125 0.47835654020309448242 0.61782985925674438477 3.9940302371978759766 7.1917586326599121094 13.120678901672363281 14.143688201904296875 11.110831260681152344 8.1746625900268554688 2.9015657901763916016 5.7291789054870605469 13.960969924926757812 15.161529541015625 20.527423858642578125
1.3662775754928588867 0.69857710599899291992 1.6424635648727416992 1.6223323345184326172 1.7192360162734985352 2.0539252758026123047 2.2774565219879150391 1.5354605913162231445 1.0061848163604736328 1.1258406639099121094 1.9141893386840820312 2.1336576938629150391 0.82973122596740722656 0.13118608295917510986 0.85378175973892211914 1.361840367317199707 1.4800871610641479492 2.3160002231597900391 2.2155504226684570312 0.91613531112670898438 2.5925402641296386719 2.4896476268768310547 16.303800582885742188 15.120635032653808594 1.2474093437194824219 2.7676420211791992188 0.33219659328460693359 0.71151614189147949219 1.2826164960861206055 5.1033611297607421875 8.2288990020751953125 15.85849761962890625 16.320888519287109375 11.541517257690429688 7.7918896675109863281 4.027252197265625 4.9050850868225097656 18.649812698364257812 19.779214859008789062 12.893004417419433594
1.6424553394317626953 1.8359397649765014648 2.5373482704162597656 2.0679347515106201172 2.0871644020080566406 2.2043316364288330078 1.6129319667816162109 1.1494166851043701172 1.5974885225296020508 2.0825502872467041016 2.5835509300231933594 3.6737864017486572266 3.4102075099945068359 2.1886620521545410156 1.6436927318572998047 2.084484100341796875 2.3950183391571044922 2.2015759944915771484 1.2224107980728149414 0.11470861732959747314 1.9642720222473144531 1.9091501235961914062 12.538537025451660156 16.904571533203125 9.9569911956787109375 8.4750413894653320312 5.8279700279235839844 3.6456282138824462891 2.6705539226531982422 5.3711671829223632812 8.7813024520874023438 16.179452896118164062 16.390920639038085938 4.2924137115478515625 4.6047024726867675781 5.4603772163391113281 8.6669559478759765625 21.878452301025390625 23.127943038940429688 9.109081268310546875
1.8455408811569213867 2.8530721664428710938 2.7291786670684814453 2.6995580196380615234 3.1693501472473144531 3.1049067974090576172 3.0083260536193847656 3.5824613571166992188 3.9218196868896484375 3.5341908931732177734 3.2180943489074707031 3.7408397197723388672 4.1846499443054199219 3.4618330001831054688 2.6677172183990478516 2.6231834888458251953 2.9446337223052978516 3.0561611652374267578 2.4177181720733642578 0.83701944351196289062 1.0733602046966552734 2.056133270263671875 5.8652501106262207031 13.302183151245117188 12.803858757019042969 11.634845733642578125 11.59832000732421875 11.060025215148925781 9.5290155410766601562 9.404571533203125 11.419458389282226562 17.381908416748046875 20.9846343994140625 13.323477745056152344 6.5482363700866699219 7.0317068099975585938 17.937341690063476562 27.079046249389648438 20.830160140991210938 9.1410284042358398438
4.1542615890502929688 4.5941629409790039062 3.8740003108978271484 3.9333727359771728516 4.1244869232177734375 4.5679426193237304688 5.0806894302368164062 4.9998788833618164062 4.4522719383239746094 3.9134278297424316406 3.1890654563903808594 2.7061190605163574219 3.0781023502349853516 3.6738049983978271484 3.9015526771545410156 3.702709197998046875 3.4044435024261474609 2.8840999603271484375 2.7055346965789794922 2.8530700206756591797 2.4503421783447265625 1.6826450824737548828 2.4294137954711914062 7.1269640922546386719 9.050998687744140625 8.8286752700805664062 9.5598592758178710938 10.623305320739746094 10.92058563232421875 11.844037055969238281 14.224459648132324219 19.851659774780273438 25.523187637329101562 24.216480255126953125 23.466426849365234375 29.258321762084960938 32.819568634033203125 28.3740081787109375 15.425772666931152344 5.8923130035400390625
4.8855295181274414062 4.6352744102478027344 4.4962558746337890625 3.7795195579528808594 3.4899008274078369141 4.07129669189453125 4.3739614486694335938 3.7159085273742675781 3.1243796348571777344 2.7160022258758544922 1.9155126810073852539 1.8271025419235229492 2.2155499458312988281 2.8082537651062011719 3.6611206531524658203 4.5253376960754394531 5.2435665130615234375 5.4438471794128417969 6.4803471565246582031 6.9801168441772460938 7.3901839256286621094 7.29815673828125 6.0337886810302734375 5.7816767692565917969 6.8387150764465332031 6.6774492263793945312 6.0531015396118164062 6.18369293212890625 6.9837827682495117188 8.2203607559204101562 9.8535299301147460938 14.644785881042480469 21.787199020385742188 23.685934066772460938 21.027721405029296875 28.248912811279296875 24.47283172607421875 16.326986312866210938 7.3210196495056152344 3.3611097335815429688
2.9758908748626708984 2.8931972980499267578 3.3066942691802978516 3.4048745632171630859 3.5214571952819824219 3.3809039592742919922 2.5155231952667236328 2.0492551326751708984 1.7799820899963378906 2.44290924072265625 2.0835254192352294922 1.6226389408111572266 1.8714317083358764648 2.2549197673797607422 3.0017569065093994141 3.7137203216552734375 5.0116567611694335938 5.9724130630493164062 6.2119336128234863281 5.7469010353088378906 5.6184101104736328125 5.6057572364807128906 4.6542606353759765625 4.2049593925476074219 4.5808391571044921875 4.3844285011291503906 4.4147167205810546875 4.7009677886962890625 4.5812926292419433594 4.3228802680969238281 4.7178931236267089844 6.66909027099609375 10.820898056030273438 16.870697021484375 13.257615089416503906 17.536043167114257812 6.8299689292907714844 3.1269612312316894531 0.563831329345703125 0.39868572354316711426
3.3492140769958496094 3.0535383224487304688 2.3502676486968994141 2.7549977302551269531 2.9362185001373291016 2.6156530380249023438 1.7394279241561889648 1.7671368122100830078 1.5288653373718261719 2.3275558948516845703 2.2730152606964111328 1.8447316884994506836 2.0093474388122558594 2.0740272998809814453 1.6802265644073486328 1.8923785686492919922 2.5169243812561035156 1.5007891654968261719 1.3118742704391479492 1.0538682937622070312 0.46331322193145751953 1.2355821132659912109 1.5921092033386230469 1.0948315858840942383 1.9091624021530151367 2.6813220977783203125 3.0244233608245849609 3.5353364944458007812 3.6947710514068603516 4.2308344841003417969 4.5020885467529296875 4.0712695121765136719 6.4340748786926269531 11.295166969299316406 12.944927215576171875 9.691638946533203125 1.253491520881652832 0.34271144866943359375 0.50311005115509033203 0.49498918652534484863
3.9355757236480712891 2.6517620086669921875 1.4472386837005615234 1.2115863561630249023 1.0822889804840087891 1.1888239383697509766 0.45558622479438781738 0.92657184600830078125 1.1524895429611206055 1.8157210350036621094 1.6910423040390014648 1.5511994361877441406 1.5541431903839111328 2.4747898578643798828 2.1967418193817138672 1.432126164436340332 2.7774677276611328125 5.371532440185546875 3.8229742050170898438 1.3291189670562744141 0.5736548304557800293 0.85969936847686767578 1.8271251916885375977 1.0538682937622070312 1.2955671548843383789 1.7133337259292602539 1.9091742038726806641 2.8841106891632080078 3.5072138309478759766 3.8676116466522216797 3.637874603271484375 3.3995289802551269531 5.188198089599609375 6.4301815032958984375 5.1754560470581054688 2.4227442741394042969 1.0226665735244750977 0.38184410333633422852 0.18555623292922973633 0.29335728287696838379
2.7999768257141113281 2.4470374584197998047 2.0472614765167236328 2.0740423202514648438 1.8835659027099609375 1.087414860725402832 0.52477115392684936523 0.83521533012390136719 0.79737716913223266602 1.2425316572189331055 0.90446197986602783203 0.44660541415214538574 1.1733813285827636719 5.0751314163208007812 2.5307536125183105469 3.1293888092041015625 3.510799407958984375 4.4962606430053710938 3.3152449131011962891 3.3558497428894042969 2.0715863704681396484 1.0388484001159667969 1.2671437263488769531 0.74486702680587768555 1.2679249048233032227 1.5092083215713500977 1.0836924314498901367 1.5696831941604614258 2.0326330661773681641 2.1189017295837402344 2.8197507858276367188 3.3255922794342041016 3.4807512760162353516 3.2124435901641845703 1.9221189022064208984 0.13120080530643463135 0.74010455608367919922 0.68835318088531494141 1.466698765754699707 4.2193660736083984375
