wildfire/work/fuelmodels/1996/slope.asc
ncols        277
nrows        241
xllcorner    182425.000000000000
yllcorner    464660.000000000000
cellsize     5.000000000000
NODATA_value   -999
[rows 162 to 179 of 241, columns 200 to 239 of 277]
0.63638311624526977539 0.23163896799087524414 0.95721441507339477539 2.3927063941955566406 3.9413380622863769531 4.9173026084899902344 5.3267874717712402344 7.7449154853820800781 8.4433374404907226562 6.9877367019653320312 5.8055582046508789062 3.4328026771545410156 6.6902298927307128906 6.9491705894470214844 2.7291903495788574219 2.7711095809936523438 2.6410498619079589844 5.6937398910522460938 2.3517711162567138672 0.65286970138549804688 1.1208816766738891602 3.2691862583160400391 4.3336076736450195312 3.0284316539764404297 1.7254239320755004883 1.5796473026275634766 2.7885832786560058594 3.8003032207489013672 6.4228129386901855469 12.548624038696289062 15.012269020080566406 12.273434638977050781 10.86334991455078125 6.0815382003784179688 1.7708535194396972656 4.1625041961669921875 6.454685211181640625 1.4472486972808837891 1.0577073097229003906 2.0403444766998291016
3.8424499034881591797 4.6819248199462890625 4.5214300155639648438 4.0253729820251464844 4.7167057991027832031 8.325939178466796875 11.935099601745605469 16.240907669067382812 18.906393051147460938 16.804241180419921875 11.844046592712402344 8.1589679718017578125 2.9935104846954345703 6.766330718994140625 5.0324501991271972656 6.1320590972900390625 2.7676517963409423828 5.0036020278930664062 6.0982222557067871094 11.8704071044921875 13.685320854187011719 10.259451866149902344 4.4839010238647460938 2.4872212409973144531 2.4747898578643798828 2.663928985595703125 2.5923593044281005859 3.2722811698913574219 8.251483917236328125 14.558839797973632812 11.524677276611328125 6.0050139427185058594 3.8797404766082763672 4.3002829551696777344 5.4368982315063476562 4.6387348175048828125 5.1570177078247070312 1.4416415691375732422 2.1967601776123046875 4.4944543838500976562
12.079359054565429688 11.701311111450195312 11.016923904418945312 11.812417984008789062 12.591699600219726562 16.773397445678710938 21.570636749267578125 24.984111785888671875 24.03199005126953125 20.84551239013671875 14.259495735168457031 10.673002243041992188 4.9764103889465332031 3.4932050704956054688 1.9604175090789794922 3.5002965927124023438 3.0242462158203125 0.49703046679496765137 6.0277638435363769531 8.9185638427734375 9.1836519241333007812 13.3685150146484375 8.7354640960693359375 3.8230986595153808594 1.8684633970260620117 0.79548650979995727539 2.0774385929107666016 4.3374471664428710938 7.0913805961608886719 13.111658096313476562 12.893582344055175781 6.4504647254943847656 2.8961744308471679688 8.4788036346435546875 5.2134680747985839844 1.7648217678070068359 2.3134026527404785156 2.0423364639282226562 3.0277764797210693359 4.6750388145446777344
15.007350921630859375 16.233766555786132812 18.795637130737304688 19.3733062744140625 16.507429122924804688 16.529132843017578125 18.022516250610351562 14.357501029968261719 12.55521392822265625 16.919267654418945312 16.043201446533203125 10.342183113098144531 6.3248996734619140625 2.9980726242065429688 2.439586639404296875 0.61453789472579956055 2.3848521709442138672 4.161037445068359375 6.7965493202209472656 9.967365264892578125 8.8405771255493164062 7.4622025489807128906 8.9083118438720703125 4.4566969871520996094 4.0628414154052734375 5.8331608772277832031 6.4534235000610351562 8.994709014892578125 8.0300493240356445312 8.0231037139892578125 12.695475578308105469 7.5726885795593261719 4.6519908905029296875 7.3690977096557617188 1.4721977710723876953 4.0094094276428222656 5.8194112777709960938 6.0270190238952636719 2.0696396827697753906 3.7251384258270263672
7.6804342269897460938 6.799137115478515625 6.7656588554382324219 4.8620281219482421875 3.7976548671722412109 6.8107380867004394531 12.803861618041992188 8.6388721466064453125 4.4092264175415039062 11.458551406860351562 18.805002212524414062 16.0615081787109375 10.348757743835449219 2.3485345840454101562 1.342372894287109375 2.9196338653564453125 2.3054907321929931641 3.0879230499267578125 5.2251582145690917969 7.4738750457763671875 8.047985076904296875 9.6497220993041992188 12.117391586303710938 8.3582925796508789062 7.0182213783264160156 6.3832535743713378906 6.8861494064331054688 13.559666633605957031 10.488651275634765625 5.8013062477111816406 9.7600946426391601562 7.7594709396362304688 7.8449053764343261719 4.5966811180114746094 4.1191067695617675781 6.5800986289978027344 7.1934256553649902344 7.8325037956237792969 5.4205393791198730469 6.0103750228881835938
3.6128053665161132812 5.6840066909790039062 9.3748292922973632812 11.011837959289550781 8.3977041244506835938 8.1230592727661132812 12.994729995727539062 13.584637641906738281 11.626784324645996094 11.116362571716308594 9.4540510177612304688 12.0215606689453125 12.529028892517089844 4.6965603828430175781 2.6790759563446044922 2.8610503673553466797 3.2091426849365234375 3.7256913185119628906 3.7404401302337646484 5.21734619140625 6.8307061195373535156 10.017893791198730469 9.1660795211791992188 4.4231591224670410156 2.5774796009063720703 0.18555206060409545898 5.2505598068237304688 10.527600288391113281 11.763449668884277344 9.1900148391723632812 7.5276503562927246094 3.2876915931701660156 6.16436004638671875 2.3275530338287353516 7.543491363525390625 5.5534958839416503906 2.5259552001953125 5.2882595062255859375 5.8973593711853027344 12.4232025146484375
3.0706892013549804688 4.1391596794128417969 4.6656389236450195312 4.3238086700439453125 3.6895816326141357422 4.9324641227722167969 9.8237628936767578125 16.670146942138671875 19.68761444091796875 18.539915084838867188 15.082377433776855469 12.909754753112792969 9.358776092529296875 4.2045106887817382812 4.7072930335998535156 3.4794409275054931641 1.9292171001434326172 3.2191965579986572266 4.1665034294128417969 5.8639693260192871094 7.9915266036987304688 7.8390932083129882812 3.6977946758270263672 0.10061764717102050781 0.52671462297439575195 2.3257997035980224609 6.0050916671752929688 8.5906457901000976562 10.365386009216308594 8.96309661865234375 7.952312469482421875 5.71791839599609375 4.2528467178344726562 1.844475865364074707 8.2268857955932617188 8.779712677001953125 4.1396503448486328125 1.5354706048965454102 8.5409450531005859375 8.761676788330078125
2.8763828277587890625 1.3056879043579101562 1.5168899297714233398 2.7178361415863037109 1.5754747390747070312 1.6672433614730834961 5.3517179489135742188 8.9924907684326171875 10.522714614868164062 8.1420774459838867188 4.9049735069274902344 5.9416408538818359375 4.4249868392944335938 3.1990466117858886719 4.1416001319885253906 4.1010584831237792969 2.3823137283325195312 1.0799299478530883789 1.1285259723663330078 2.5058431625366210938 2.8931825160980224609 1.5390722751617431641 0.25455144047737121582 0.39870220422744750977 0.25455144047737121582 3.2168292999267578125 5.6633048057556152344 7.3472919464111328125 11.267063140869140625 13.105358123779296875 14.663157463073730469 15.783762931823730469 13.03399658203125 9.5144186019897460938 10.183500289916992188 12.528921127319335938 10.148500442504882812 7.5408229827880859375 7.8691272735595703125 3.8635592460632324219
0.99097907543182373047 2.4596185684204101562 2.8820102214813232422 3.5565619468688964844 3.3517775535583496094 2.4977788925170898438 2.4162600040435791016 3.3004331588745117188 5.0584287643432617188 3.3256063461303710938 1.0403144359588623047 2.6326184272766113281 3.0548481941223144531 2.8695256710052490234 4.4810876846313476562 4.2759261131286621094 1.7785344123840332031 1.1913537979125976562 0.8272984623908996582 1.3803066015243530273 1.1258412599563598633 0.38315606117248535156 0.65518623590469360352 0.88406831026077270508 0.57362788915634155273 2.8188421726226806641 3.8657934665679931641 5.1785678863525390625 8.7390146255493164062 12.040302276611328125 13.311795234680175781 14.423702239990234375 15.003824234008789062 13.345870018005371094 12.163602828979492188 12.363303184509277344 13.520198822021484375 17.743560791015625 2.5868577957153320312 15.127344131469726562
5.9822673797607421875 5.5932660102844238281 4.1880278587341308594 3.1107599735260009766 3.5972304344177246094 4.453975677490234375 6.3815765380859375 9.1230421066284179688 11.635809898376464844 10.413908004760742188 7.3755750656127929688 4.6163907051086425781 4.8469572067260742188 4.6517763137817382812 5.2087488174438476562 4.3802938461303710938 0.92766964435577392578 1.1581847667694091797 1.5796416997909545898 2.20867156982421875 2.64046478271484375 2.6557457447052001953 2.3159978389739990234 1.6702669858932495117 0.40247574448585510254 2.1682200431823730469 2.4651699066162109375 1.5038213729858398438 1.3427548408508300781 2.3074820041656494141 3.6274445056915283203 4.2890148162841796875 5.4162807464599609375 6.7293920516967773438 9.0866851806640625 11.420615196228027344 15.107775688171386719 24.267683029174804688 11.590479850769042969 18.059408187866210938
10.914784431457519531 8.3244276046752929688 6.3224353790283203125 5.8521165847778320312 10.874369621276855469 14.911831855773925781 15.15615081787109375 14.26145172119140625 9.3432092666625976562 6.3411030769348144531 7.1003680229187011719 6.8860821723937988281 6.6165108680725097656 7.1060862541198730469 7.9836831092834472656 7.7052145004272460938 3.329860687255859375 2.3015468120574951172 2.692615509033203125 3.2206037044525146484 3.6077632904052734375 3.5106689929962158203 3.4285340309143066406 3.2468595504760742188 2.5538365840911865234 1.498427271842956543 1.688668370246887207 1.0619840621948242188 1.0261007547378540039 0.95510125160217285156 1.1113647222518920898 2.5923564434051513672 3.1366646289825439453 3.0445740222930908203 4.8254861831665039062 8.231731414794921875 12.054090499877929688 22.022602081298828125 20.67438507080078125 15.911985397338867188
12.58579254150390625 9.827358245849609375 8.4228658676147460938 6.5284214019775390625 14.484858512878417969 15.407710075378417969 13.952082633972167969 8.2560272216796875 5.0002617835998535156 4.0184826850891113281 1.8232265710830688477 3.6902740001678466797 5.6962046623229980469 6.5996847152709960938 8.2110815048217773438 9.9210386276245117188 6.7750153541564941406 4.7435922622680664062 4.5862660408020019531 4.7283658981323242188 4.6386351585388183594 4.4707117080688476562 4.0128226280212402344 3.5123980045318603516 3.2251589298248291016 1.8452979326248168945 0.99099820852279663086 0.41487953066825866699 1.3275943994522094727 2.0472786426544189453 2.3103303909301757812 3.2487320899963378906 4.2045116424560546875 4.2522554397583007812 4.42578887939453125 5.8577914237976074219 7.9735045433044433594 12.097027778625488281 15.364435195922851562 14.126215934753417969
5.1507577896118164062 5.8968443870544433594 5.8834099769592285156 4.4833354949951171875 12.232136726379394531 3.6031270027160644531 4.4794025421142578125 6.634723663330078125 7.8111672401428222656 3.7184724807739257812 2.9995870590209960938 3.5141265392303466797 3.8801357746124267578 3.5581290721893310547 5.5439586639404296875 7.0575170516967773438 6.2102084159851074219 4.63808441162109375 3.9458279609680175781 4.4303479194641113281 5.0922827720642089844 5.1414484977722167969 4.651782989501953125 4.4039607048034667969 4.129764556884765625 2.7822160720825195312 1.5551093816757202148 0.95719867944717407227 1.4229151010513305664 1.9500572681427001953 2.5197319984436035156 3.2889261245727539062 4.2617421150207519531 4.7674436569213867188 4.8720803260803222656 6.1947460174560546875 8.6951894760131835938 9.2973642349243164062 8.9353551864624023438 9.9071760177612304688
12.313741683959960938 9.6676931381225585938 5.3055710792541503906 7.24044036865234375 11.240570068359375 4.1644539833068847656 2.4053449630737304688 7.0808992385864257812 8.1525545120239257812 5.6398844718933105469 2.6920549869537353516 2.6208682060241699219 3.7180707454681396484 2.5538275241851806641 5.6527247428894042969 4.4186034202575683594 3.6607198715209960938 4.1167759895324707031 3.7844507694244384766 3.7855236530303955078 4.361827850341796875 5.3331298828125 5.8062510490417480469 5.4723505973815917969 4.6442980766296386719 3.1965188980102539062 1.4649615287780761719 1.609795689582824707 2.1279621124267578125 1.2149196863174438477 1.241299748420715332 2.0086073875427246094 2.9855687618255615234 3.7607748508453369141 3.9828956127166748047 4.4143815040588378906 6.0103893280029296875 7.7790246009826660156 8.3843479156494140625 8.0389652252197265625
3.371036529541015625 1.1669068336486816406 5.4494843482971191406 9.2149667739868164062 9.805629730224609375 3.9169213771820068359 2.7234301567077636719 6.6391873359680175781 4.8093781471252441406 3.2201304435729980469 3.8897442817687988281 3.6615495681762695312 4.6892528533935546875 5.1570987701416015625 8.0892496109008789062 10.851683616638183594 10.441381454467773438 7.7244462966918945312 6.2705922126770019531 4.4015460014343261719 2.4246249198913574219 3.2091333866119384766 5.1233801841735839844 6.3422808647155761719 6.4261698722839355469 5.3086056709289550781 3.3995289802551269531 2.6576561927795410156 3.149028778076171875 2.6402797698974609375 2.1018931865692138672 1.744083404541015625 1.4763225317001342773 1.3603632450103759766 1.7245323657989501953 1.9367860555648803711 1.832080841064453125 1.7524673938751220703 1.6501671075820922852 2.2641117572784423828
5.7696423530578613281 7.3597884178161621094 12.496756553649902344 10.556445121765136719 5.4538311958312988281 3.2368683815002441406 7.662868499755859375 7.8447842597961425781 2.2524654865264892578 4.4674267768859863281 6.3203701972961425781 5.311168670654296875 3.2201511859893798828 4.5799846649169921875 7.2203898429870605469 10.704329490661621094 12.498150825500488281 9.7162370681762695312 6.8844776153564453125 5.81707763671875 1.9888567924499511719 1.4913221597671508789 1.1249530315399169922 4.122661590576171875 6.2900462150573730469 6.3420624732971191406 5.3497319221496582031 4.4810733795166015625 4.4185976982116699219 4.2403740882873535156 3.4730587005615234375 3.4989879131317138672 2.8778023719787597656 1.6304302215576171875 1.7997754812240600586 1.2240608930587768555 0.73253911733627319336 1.4472320079803466797 0.70648843050003051758 1.5433638095855712891
4.978870391845703125 10.560077667236328125 10.820262908935546875 3.8440337181091308594 2.9511654376983642578 6.9100375175476074219 6.5413184165954589844 0.86556404829025268555 6.2151813507080078125 5.2243084907531738281 3.9940021038055419922 5.5004453659057617188 2.1064772605895996094 2.5484812259674072266 3.9538638591766357422 4.3241534233093261719 5.3418908119201660156 4.0222425460815429688 4.3066277503967285156 5.9822602272033691406 3.9920010566711425781 0.89997857809066772461 1.6910367012023925781 0.58500647544860839844 3.8749139308929443359 4.4941201210021972656 3.5858674049377441406 3.1250286102294921875 3.5100839138031005859 5.0259180068969726562 5.5038356781005859375 6.2335844039916992188 5.7985281944274902344 4.0702757835388183594 3.9135699272155761719 4.041412353515625 2.2714676856994628906 1.4003275632858276367 1.451084136962890625 2.7885732650756835938
3.5449039936065673828 6.8616747856140136719 3.0232408046722412109 3.5780963897705078125 5.2459611892700195312 4.1822214126586914062 1.6620746850967407227 5.1711559295654296875 4.8720650672912597656 1.9027993679046630859 7.5996470451354980469 5.5622158050537109375 3.0112051963806152344 3.0242509841918945312 4.1644535064697265625 6.0045962333679199219 4.7530388832092285156 2.2378242015838623047 3.4162971973419189453 5.6669697761535644531 4.3761301040649414062 1.0799299478530883789 1.3107131719589233398 1.1738058328628540039 3.4414889812469482422 3.7137253284454345703 2.4304575920104980469 1.9534384012222290039 1.8271001577377319336 2.9472193717956542969 3.3455908298492431641 4.8207759857177734375 6.6273527145385742188 6.0117063522338867188 5.2143511772155761719 6.0818686485290527344 6.2438216209411621094 4.7826447486877441406 2.7483739852905273438 2.8568024635314941406
