wildfire/work/fuelmodels/1996/slope.asc
ncols        277
nrows        241
xllcorner    182425.000000000000
yllcorner    464660.000000000000
cellsize     5.000000000000
NODATA_value   -999
[rows 54 to 71 of 241, columns 160 to 199 of 277]
9.7785663604736328125 5.2789044380187988281 2.7851221561431884766 4.0836496353149414062 6.8986649513244628906 7.3093547821044921875 6.5371689796447753906 8.2991542816162109375 7.8628306388854980469 9.6354417800903320312 11.013227462768554688 13.147669792175292969 12.769542694091796875 4.3469791412353515625 2.1682331562042236328 4.2159972190856933594 5.5273084640502929688 5.71791839599609375 6.146221160888671875 7.0556569099426269531 6.3359389305114746094 4.1042413711547851562 2.4164624214172363281 1.7501462697982788086 1.6254236698150634766 2.8195695877075195312 2.7588558197021484375 2.0630204677581787109 3.0854673385620117188 2.4743781089782714844 2.1191389560699462891 2.4602160453796386719 1.6154304742813110352 2.7217607498168945312 2.3571426868438720703 1.4003193378448486328 1.91129302978515625 2.8932089805603027344 3.5712950229644775391 2.1635422706604003906
5.2658944129943847656 1.8109737634658813477 2.0174052715301513672 0.74893260002136230469 3.7591390609741210938 5.6380033493041992188 6.4230608940124511719 2.9711399078369140625 3.4292812347412109375 9.4181499481201171875 13.379907608032226562 10.483677864074707031 4.6136727333068847656 5.67336273193359375 8.2630481719970703125 7.7366862297058105469 7.62384033203125 9.5714931488037109375 12.416839599609375 13.118114471435546875 12.363348960876464844 10.637574195861816406 7.1614665985107421875 3.7586085796356201172 3.0879297256469726562 2.6888730525970458984 2.5042498111724853516 1.4831568002700805664 3.4637286663055419922 4.0113186836242675781 4.2868976593017578125 3.8241584300994873047 2.6179740428924560547 3.9290134906768798828 2.9042000770568847656 2.4495215415954589844 3.3079252243041992188 3.5542802810668945312 3.76074981689453125 2.6662023067474365234
0.22499953210353851318 1.2731100320816040039 1.7955422401428222656 1.8020156621932983398 1.1356858015060424805 0.49804607033729553223 0.28637775778770446777 1.1258494853973388672 2.3646309375762939453 2.8354945182800292969 2.7143208980560302734 6.5807843208312988281 9.6449756622314453125 13.073024749755859375 15.148030281066894531 18.4109649658203125 22.533666610717773438 23.789388656616210938 22.781604766845703125 22.009965896606445312 22.082044601440429688 20.560155868530273438 17.542222976684570312 11.282757759094238281 6.4671373367309570312 3.6738190650939941406 2.2945127487182617188 1.8312509059906005859 4.25936126708984375 3.7960555553436279297 2.4747903347015380859 2.8615937232971191406 4.2511854171752929688 4.511722564697265625 3.3726720809936523438 3.5364651679992675781 4.9613981246948242188 4.4143619537353515625 3.7639908790588378906 2.8566384315490722656
1.8257322311401367188 3.1806666851043701172 4.9256114959716796875 5.5874972343444824219 4.0553679466247558594 1.5796324014663696289 1.0533556938171386719 2.0951273441314697266 3.9118745326995849609 5.489532470703125 15.699303627014160156 21.308368682861328125 22.376522064208984375 23.480245590209960938 24.819284439086914062 25.472501754760742188 24.954000473022460938 22.284826278686523438 18.812412261962890625 16.900897979736328125 18.9791412353515625 21.859189987182617188 23.613552093505859375 22.358097076416015625 16.4384307861328125 7.5853829383850097656 2.726207733154296875 1.9466886520385742188 3.9374845027923583984 3.4635829925537109375 0.33825132250785827637 5.0611248016357421875 5.8079047203063964844 3.3937282562255859375 2.2052462100982666016 4.5464563369750976562 6.029186248779296875 3.4875733852386474609 2.5357489585876464844 3.7176787853240966797
6.3220453262329101562 6.8640170097351074219 5.7424411773681640625 4.1275653839111328125 4.8654589653015136719 4.4604282379150390625 5.670429229736328125 9.0071392059326171875 14.024046897888183594 21.256834030151367188 27.791997909545898438 25.7428436279296875 23.421033859252929688 20.425539016723632812 15.996766090393066406 11.395662307739257812 7.5816321372985839844 4.9200792312622070312 3.7120985984802246094 2.2155542373657226562 1.8257275819778442383 5.3220720291137695312 11.632363319396972656 19.43511962890625 24.615526199340820312 21.15930938720703125 10.751748085021972656 1.8048119544982910156 3.4691100120544433594 3.2314162254333496094 0.71149224042892456055 5.8908720016479492188 5.3639454841613769531 2.8821828365325927734 3.2124412059783935547 5.788532257080078125 6.1664032936096191406 0.47302430868148803711 2.0353643894195556641 1.903857111930847168
9.6635427474975585938 5.9996290206909179688 3.7559030055999755859 2.4618711471557617188 4.0429010391235351562 7.6827330589294433594 14.9814605712890625 22.112575531005859375 24.619363784790039062 26.122953414916992188 22.491033554077148438 12.596347808837890625 8.3910980224609375 5.6945362091064453125 1.3245418071746826172 1.2224032878875732422 1.3945248126983642578 0.42451933026313781738 2.8310267925262451172 1.6766235828399658203 2.9473848342895507812 4.0184650421142578125 3.2722759246826171875 5.2010846138000488281 15.543520927429199219 25.194610595703125 24.198871612548828125 8.78885650634765625 2.7776587009429931641 3.1939797401428222656 1.2178262472152709961 6.6729993820190429688 3.8278687000274658203 4.3041753768920898438 7.3354005813598632812 5.841770172119140625 1.9477248191833496094 3.6407964229583740234 3.75109100341796875 2.7408325672149658203
14.076304435729980469 7.5576958656311035156 7.4373369216918945312 9.6592168807983398438 14.57387542724609375 20.292772293090820312 27.159275054931640625 28.316053390502929688 24.32648468017578125 20.6480865478515625 14.6014862060546875 8.887912750244140625 5.0413217544555664062 5.0949482917785644531 4.203044891357421875 1.7918636798858642578 0.94923454523086547852 2.7667098045349121094 2.8183274269104003906 1.9653185606002807617 0.61452913284301757812 2.1114876270294189453 3.1499848365783691406 3.8038916587829589844 2.7158193588256835938 12.426884651184082031 27.454217910766601562 18.389326095581054688 0.71150195598602294922 3.0472354888916015625 3.3894011974334716797 8.1498317718505859375 5.2484750747680664062 6.4205465316772460938 8.4207763671875 1.1841093301773071289 2.401988983154296875 2.0701291561126708984 0.58671754598617553711 1.8513127565383911133
14.453977584838867188 7.0579519271850585938 9.778560638427734375 14.155068397521972656 18.183475494384765625 22.172809600830078125 22.707834243774414062 15.649682044982910156 11.067559242248535156 11.268465995788574219 9.0978460311889648438 9.2346706390380859375 6.7716836929321289062 6.713489532470703125 7.1501007080078125 2.7929189205169677734 0.58498799800872802734 3.1282522678375244141 3.2835402488708496094 0.74213212728500366211 3.0800628662109375 3.0379290580749511719 1.6865607500076293945 3.9114956855773925781 5.2557430267333984375 2.53713226318359375 23.090885162353515625 25.635408401489257812 6.6073055267333984375 0.70651513338088989258 2.9752161502838134766 8.8085784912109375 6.5154652595520019531 5.64014434814453125 4.5260043144226074219 1.1026697158813476562 1.466700434684753418 3.0657725334167480469 2.1341481208801269531 0.78588086366653442383
11.717005729675292969 9.225589752197265625 13.645089149475097656 15.244903564453125 15.222171783447265625 13.42391204833984375 8.4544124603271484375 2.8695132732391357422 3.0259075164794921875 4.7837085723876953125 2.4872167110443115234 4.568065643310546875 1.6163851022720336914 2.9187808036804199219 7.0214204788208007812 6.3811860084533691406 0.93581122159957885742 1.8078894615173339844 3.6495218276977539062 2.3329751491546630859 3.5283145904541015625 3.0277523994445800781 1.9236874580383300781 2.3629195690155029297 5.3220524787902832031 5.2374796867370605469 15.36577606201171875 25.639020919799804688 16.954761505126953125 6.0320901870727539062 4.4769167900085449219 9.4548978805541992188 7.0299925804138183594 3.2293729782104492188 1.8781801462173461914 1.1669036149978637695 1.8627606630325317383 1.8730567693710327148 2.4470486640930175781 2.1457223892211914062
8.1633939743041992188 6.9012994766235351562 7.2068047523498535156 7.7260136604309082031 8.259975433349609375 4.6066637039184570312 4.2953600883483886719 3.1289050579071044922 2.3646397590637207031 3.9790892601013183594 4.1323256492614746094 3.2163727283477783203 0.32760274410247802734 2.1506721973419189453 5.137920379638671875 8.1498394012451171875 3.7951035499572753906 1.6657084226608276367 1.7032644748687744141 2.9855496883392333984 0.29335200786590576172 3.0543603897094726562 2.5443201065063476562 2.2643315792083740234 5.498065948486328125 6.0236673355102539062 8.6067419052124023438 17.344945907592773438 20.606685638427734375 14.729664802551269531 5.9403929710388183594 8.6406183242797851562 6.4108905792236328125 3.0076625347137451172 3.0706984996795654297 2.7967119216918945312 1.3423871994018554688 0.81123757362365722656 2.1028742790222167969 4.3754448890686035156
5.3711595535278320312 2.0835163593292236328 4.8254809379577636719 9.2521696090698242188 8.3678455352783203125 3.9681491851806640625 4.5481495857238769531 3.2889173030853271484 0.25651979446411132812 2.5647003650665283203 5.7871470451354980469 4.8623337745666503906 2.2567174434661865234 3.0537047386169433594 4.3522129058837890625 6.8036670684814453125 4.7226934432983398438 3.9135611057281494141 1.0061886310577392578 1.2885069847106933594 3.0813720226287841797 0.8352019190788269043 1.7955467700958251953 2.9511568546295166016 7.1026921272277832031 5.1929326057434082031 6.4064202308654785156 12.491995811462402344 21.119899749755859375 19.62062835693359375 7.6686930656433105469 6.5945153236389160156 5.1252241134643554688 3.4032561779022216797 3.0464086532592773438 2.2495393753051757812 1.9229015111923217773 2.3646426200866699219 1.8235236406326293945 4.2682466506958007812
4.9496102333068847656 0.81805139780044555664 2.0659637451171875 6.7601079940795898438 7.8872742652893066406 3.3121912479400634766 2.7621560096740722656 3.2374982833862304688 5.5287642478942871094 6.6961550712585449219 3.643283843994140625 5.1877880096435546875 4.3822417259216308594 1.4218425750732421875 5.938625335693359375 5.8988060951232910156 3.2061369419097900391 4.8294525146484375 2.7923710346221923828 3.4597964286804199219 4.0825634002685546875 3.6864371299743652344 1.0990010499954223633 1.721889495849609375 8.244434356689453125 7.1902689933776855469 6.6183271408081054688 13.797433853149414062 23.229150772094726562 21.228984832763671875 7.4621939659118652344 4.5388121604919433594 4.8313264846801757812 3.5841641426086425781 0.37243053317070007324 1.7074315547943115234 0.76961654424667358398 1.1330126523971557617 2.7703883647918701172 7.0185656547546386719
3.2648773193359375 3.2314100265502929688 4.625675201416015625 5.63265228271484375 7.3247890472412109375 7.2109799385070800781 2.8372678756713867188 5.2814755439758300781 7.4858074188232421875 4.7880158424377441406 3.0404372215270996094 6.6736097335815429688 5.0180845260620117188 3.4718949794769287109 8.713909149169921875 6.7099514007568359375 3.5467483997344970703 1.8789708614349365234 1.2474071979522705078 1.8982757329940795898 2.8778100013732910156 3.718082427978515625 2.6570942401885986328 1.9500756263732910156 7.3210058212280273438 11.095137596130371094 6.2372198104858398438 18.590177536010742188 25.733335494995117188 20.801019668579101562 5.280426025390625 2.0251617431640625 5.1649146080017089844 4.4231648445129394531 1.2195031642913818359 2.1126983165740966797 1.8087396621704101562 3.2784748077392578125 7.3657846450805664062 14.168965339660644531
1.3060839176177978516 7.2791552543640136719 7.4392442703247070312 7.4460644721984863281 4.9604959487915039062 5.7833065986633300781 5.9562058448791503906 8.5747270584106445312 3.1366488933563232422 4.0218605995178222656 5.4163756370544433594 6.9714112281799316406 6.0658068656921386719 7.5381760597229003906 9.8299818038940429688 4.76573944091796875 3.0329146385192871094 1.3685051202774047852 1.66693878173828125 2.5579998493194580078 1.7324453592300415039 1.9819806814193725586 1.5850698947906494141 1.4691023826599121094 5.9734148979187011719 12.036807060241699219 7.6432771682739257812 23.731054306030273438 26.057298660278320312 18.350566864013671875 2.9719867706298828125 0.57363933324813842773 4.261135101318359375 4.6673669815063476562 1.0804091691970825195 2.6965627670288085938 2.6576442718505859375 4.6046886444091796875 10.939303398132324219 12.374071121215820312
4.6932373046875 8.7865886688232421875 6.8633618354797363281 5.2025518417358398438 2.5774905681610107422 4.9987664222717285156 8.261234283447265625 6.0137219429016113281 1.3103301525115966797 2.4063935279846191406 4.7597060203552246094 6.3210821151733398438 3.5036258697509765625 8.5586099624633789062 8.3443727493286132812 0.66211849451065063477 1.867371678352355957 1.5885957479476928711 1.7842411994934082031 1.3484137058258056641 0.6442978978157043457 1.5390964746475219727 0.063628919422626495361 3.1591291427612304688 7.4901175498962402344 9.850490570068359375 10.938769340515136719 26.4077911376953125 24.3870391845703125 13.760087966918945312 2.8344330787658691406 3.1437494754791259766 4.1391544342041015625 4.4421710968017578125 2.8267385959625244141 4.2308344841003417969 4.2776932716369628906 5.848758697509765625 8.8445796966552734375 5.7919292449951171875
5.2611203193664550781 4.5241060256958007812 4.677196502685546875 3.8034996986389160156 6.0151581764221191406 4.5950269699096679688 2.549854278564453125 0.8982722163200378418 2.2909739017486572266 2.2596364021301269531 6.3002910614013671875 7.559619903564453125 1.7089068889617919922 8.9920282363891601562 5.2543182373046875 2.5774936676025390625 1.1045067310333251953 1.7887727022171020508 0.73802429437637329102 1.468073725700378418 0.35575437545776367188 1.7207168340682983398 6.72135162353515625 9.4459848403930664062 8.647216796875 6.2061591148376464844 13.937888145446777344 27.178434371948242188 22.918653488159179688 9.015613555908203125 6.3090562820434570312 6.8662800788879394531 6.2677145004272460938 4.1723079681396484375 1.4405789375305175781 3.7847247123718261719 5.0344400405883789062 4.2716798782348632812 3.7425777912139892578 5.6593122482299804688
6.6460728645324707031 2.4298303127288818359 2.1532523632049560547 3.0728411674499511719 3.873485565185546875 2.577465057373046875 0.99861532449722290039 1.2194986343383789062 1.8212801218032836914 2.8530926704406738281 7.8223862648010253906 5.6121983528137207031 5.6135711669921875 9.02309417724609375 3.2130703926086425781 3.8688077926635742188 1.2510482072830200195 2.8643984794616699219 1.1208816766738891602 0.87544596195220947266 1.7133539915084838867 4.2347693443298339844 6.0184111595153808594 3.3710145950317382812 2.2155401706695556641 2.8763720989227294922 15.199430465698242188 28.120418548583984375 22.320100784301757812 5.02392578125 5.267238616943359375 5.2343182563781738281 6.8354849815368652344 5.0798864364624023438 3.5547156333923339844 3.2946033477783203125 6.7675266265869140625 3.0259270668029785156 3.7371768951416015625 4.5142769813537597656
4.1157956123352050781 5.171161651611328125 4.3699188232421875 3.9677867889404296875 4.27249908447265625 3.12744140625 2.3912069797515869141 1.9924035072326660156 0.72627139091491699219 4.4531826972961425781 7.8114266395568847656 3.4084250926971435547 6.5470910072326660156 7.5631508827209472656 2.3483266830444335938 3.2995274066925048828 3.4701478481292724609 2.7599585056304931641 0.80496990680694580078 1.5959184169769287109 2.1682360172271728516 2.8691730499267578125 6.0191807746887207031 6.6353192329406738281 6.3112049102783203125 2.999584197998046875 20.79358673095703125 30.2586669921875 18.683534622192382812 2.4196119308471679688 4.2593631744384765625 5.471897125244140625 7.1130628585815429688 4.38130950927734375 2.8530926704406738281 3.0007572174072265625 4.4293193817138671875 2.6328237056732177734 1.1943439245223999023 0.90502554178237915039
