wildfire/work/fuelmodels/1773/aspect.asc
ncols        468
nrows        424
xllcorner    171015.000000000000
yllcorner    473230.000000000000
cellsize     5.000000000000
NODATA_value   -999
[rows 171 to 189 of 424, columns 336 to 377 of 468]
198.434478759765625 238.828369140625 267.61358642578125 281.30926513671875 215.9095001220703125 175.7629241943359375 262.183685302734375 335.85345458984375 321.458160400390625 210.963592529296875 153.10321044921875 159.62274169921875 111.540557861328125 113.74881744384765625 93.81320953369140625 113.3248748779296875 128.289703369140625 175.0790863037109375 209.7441864013671875 188.1294708251953125 212.1751861572265625 225.6088714599609375 250.20050048828125 250.8513031005859375 263.6593017578125 292.520111083984375 299.577545166015625 300.617706298828125 6.3403100967407226562 284.380859375 255.3781890869140625 129.95751953125 216.1791229248046875 213.9759368896484375 199.6118621826171875 194.4895172119140625 231.428070068359375 275.19342041015625 295.993133544921875 336.15985107421875 89.3261260986328125 195.523406982421875
52.883056640625 191.309783935546875 244.46173095703125 249.921112060546875 162.758880615234375 272.48858642578125 271.36334228515625 272.352569580078125 116.56551361083984375 142.5560760498046875 165.5788116455078125 178.8762969970703125 164.7445220947265625 179.1089630126953125 172.2161102294921875 121.75942230224609375 78.366424560546875 21.64447021484375 287.402008056640625 310.236541748046875 289.469696044921875 282.3616943359375 283.054412841796875 284.579620361328125 305.7264404296875 156.0381622314453125 203.748779296875 225.8418426513671875 218.1562347412109375 242.3532257080078125 185.193817138671875 164.05401611328125 238.6274566650390625 243.9241790771484375 214.2870635986328125 240.2551116943359375 253.610015869140625 237.66461181640625 241.219696044921875 217.4046630859375 79.21573638916015625 20.555248260498046875
92.0949554443359375 133.8763580322265625 233.437835693359375 239.0358428955078125 230.43994140625 264.805084228515625 227.0948944091796875 199.821990966796875 166.9540557861328125 132.865509033203125 148.956024169921875 176.986785888671875 174.1629791259765625 190.278228759765625 199.162841796875 178.667083740234375 55.885631561279296875 94.4748687744140625 203.8385162353515625 272.327301025390625 311.863128662109375 269.3966064453125 248.850067138671875 250.79534912109375 220.8397674560546875 133.72686767578125 196.1127471923828125 221.774871826171875 213.5300445556640625 204.8292999267578125 156.0369720458984375 185.85546875 227.525482177734375 211.606658935546875 213.1111602783203125 241.5036468505859375 263.21026611328125 264.2069091796875 245.1357421875 233.568695068359375 33.687747955322265625 5.8555307388305664062
103.88413238525390625 86.9866943359375 266.185546875 244.2717437744140625 202.9190216064453125 190.3936920166015625 203.1983184814453125 216.8696746826171875 242.7447357177734375 71.56488037109375 83.4875030517578125 146.821044921875 186.1464385986328125 229.4841461181640625 254.35748291015625 240.1239776611328125 136.683441162109375 95.19406890869140625 266.82012939453125 261.953277587890625 234.089508056640625 236.8214263916015625 250.7097320556640625 251.1612091064453125 208.300537109375 158.304779052734375 177.70892333984375 196.9655914306640625 193.099517822265625 198.4346466064453125 178.93865966796875 187.2235107421875 231.6658477783203125 214.591796875 180.6735076904296875 217.287567138671875 252.871368408203125 263.046539306640625 218.5400543212890625 227.140411376953125 241.9906005859375 116.56368255615234375
124.0456695556640625 31.3291168212890625 316.4134521484375 251.160736083984375 203.0610198974609375 237.8036041259765625 278.408172607421875 290.554473876953125 255.067626953125 105.94518280029296875 97.6375885009765625 111.44719696044921875 170.1339263916015625 214.01910400390625 233.5302581787109375 216.3259429931640625 158.961578369140625 38.28992462158203125 347.370849609375 322.12432861328125 263.41729736328125 237.5283660888671875 249.0335235595703125 238.5158538818359375 177.309814453125 173.4308624267578125 185.5270538330078125 200.2820587158203125 188.745941162109375 238.4951934814453125 258.6893310546875 18.434906005859375 244.884490966796875 219.39984130859375 158.1985015869140625 271.44342041015625 273.575653076171875 190.00775146484375 202.24737548828125 263.659210205078125 266.2408447265625 142.5944061279296875
159.44354248046875 279.461669921875 320.709747314453125 351.868865966796875 320.193328857421875 283.437408447265625 253.7389984130859375 183.8137054443359375 177.9044342041015625 146.4447784423828125 121.42920684814453125 124.28659820556640625 74.74301910400390625 292.379913330078125 253.1228790283203125 227.8613739013671875 209.577056884765625 277.124176025390625 306.415435791015625 52.9069061279296875 244.4400634765625 259.113616943359375 269.9991455078125 218.2894744873046875 162.6807708740234375 225.0000152587890625 271.636932373046875 245.854400634765625 240.2548065185546875 264.50714111328125 259.4180908203125 276.341156005859375 224.996734619140625 184.398101806640625 192.2154541015625 251.770599365234375 253.7254180908203125 202.16607666015625 285.9444580078125 265.36370849609375 243.641265869140625 262.475128173828125
341.210784912109375 312.17236328125 310.332763671875 333.43426513671875 355.425140380859375 175.6007537841796875 184.0371246337890625 185.023651123046875 169.8748931884765625 110.77228546142578125 85.27179718017578125 125.39447021484375 216.5727996826171875 231.841949462890625 218.99029541015625 208.7055206298828125 205.6016845703125 226.908538818359375 208.5702972412109375 153.8859100341796875 198.4340972900390625 252.6801605224609375 255.78350830078125 153.8528900146484375 179.9995880126953125 238.3917388916015625 227.662017822265625 201.5012359619140625 237.19964599609375 255.5465545654296875 243.1372222900390625 223.5665283203125 298.60980224609375 28.88641357421875 329.82574462890625 272.693572998046875 263.57049560546875 271.683441162109375 305.81036376953125 316.54742431640625 297.71759033203125 257.591827392578125
308.6593017578125 326.30902099609375 244.65374755859375 233.5303192138671875 174.4003143310546875 109.13339996337890625 134.0754547119140625 216.0688629150390625 205.0163726806640625 164.427490234375 113.96209716796875 110.6737823486328125 226.06060791015625 186.842254638671875 198.0829010009765625 207.8968048095703125 218.883819580078125 228.57574462890625 189.637298583984375 167.57379150390625 200.6129150390625 233.129547119140625 223.430389404296875 143.4272003173828125 196.6061553955078125 233.614654541015625 236.308990478515625 209.744384765625 262.115814208984375 273.011871337890625 245.135406494140625 217.567901611328125 241.7823333740234375 318.36639404296875 358.994598388671875 284.62005615234375 286.039276123046875 307.710296630859375 305.216796875 316.449493408203125 340.94146728515625 335.224456787109375
228.28814697265625 186.0722808837890625 198.4348297119140625 196.6301116943359375 175.12567138671875 152.0566253662109375 128.41766357421875 204.443359375 194.280731201171875 170.7064971923828125 120.17352294921875 82.8749237060546875 147.99365234375 222.5093994140625 288.43408203125 312.87774658203125 263.29058837890625 236.0697784423828125 178.9585113525390625 162.8966827392578125 172.475555419921875 220.8330841064453125 226.41986083984375 153.799468994140625 267.435394287109375 303.07012939453125 304.38006591796875 247.3792266845703125 224.99896240234375 219.09332275390625 219.7258148193359375 219.2891845703125 230.0420379638671875 214.2863922119140625 194.2364959716796875 247.6195220947265625 255.4650115966796875 250.6150665283203125 234.0193023681640625 237.7448883056640625 274.926422119140625 353.39453125
230.963623046875 196.5255126953125 195.9451904296875 202.3793487548828125 122.19559478759765625 152.0200042724609375 191.3088531494140625 128.659088134765625 178.7267608642578125 182.336944580078125 165.7624359130859375 126.06906890869140625 153.4342193603515625 289.02484130859375 321.4407958984375 81.0272979736328125 222.6130523681640625 200.853607177734375 166.2928466796875 171.25347900390625 148.4953460693359375 233.27532958984375 233.2458038330078125 176.516143798828125 250.503570556640625 277.3515625 59.621082305908203125 221.9871673583984375 231.33990478515625 277.02801513671875 270.707122802734375 180.0001068115234375 240.6789703369140625 271.467926025390625 291.80059814453125 269.999359130859375 249.66326904296875 218.717254638671875 226.205780029296875 259.507904052734375 267.734619140625 280.00738525390625
238.494842529296875 253.886474609375 243.4358367919921875 226.9748382568359375 106.0732574462890625 98.1298675537109375 254.053955078125 75.25611114501953125 46.90872955322265625 129.2888946533203125 174.6439056396484375 125.8367919921875 273.5765380859375 269.20379638671875 163.237274169921875 179.999298095703125 208.4950408935546875 155.806671142578125 155.47174072265625 180.6290740966796875 240.9434051513671875 288.434112548828125 252.215545654296875 213.9582977294921875 262.6650390625 253.30035400390625 134.01171875 172.693939208984375 242.9041748046875 280.840087890625 255.4658050537109375 275.710052490234375 297.800811767578125 305.99066162109375 341.074249267578125 299.52056884765625 277.548797607421875 269.999359130859375 272.653533935546875 261.73992919921875 241.416595458984375 235.190704345703125
228.0117645263671875 199.5925140380859375 178.9583282470703125 177.7969207763671875 178.0776519775390625 169.99139404296875 218.2888641357421875 156.0374298095703125 77.4730682373046875 68.8387908935546875 111.29749298095703125 145.7836456298828125 252.9508514404296875 191.30938720703125 164.10015869140625 249.1279449462890625 334.43963623046875 53.9725799560546875 41.347835540771484375 352.56817626953125 251.5652008056640625 238.6000518798828125 263.106689453125 288.43408203125 267.904083251953125 229.763092041015625 156.800872802734375 186.3398895263671875 270.39996337890625 280.761688232421875 342.049896240234375 326.30889892578125 316.231292724609375 301.60693359375 319.898101806640625 305.53704833984375 292.3055419921875 292.37896728515625 258.309814453125 232.9261474609375 239.4696197509765625 239.5530853271484375
163.5224151611328125 165.5296478271484375 179.541473388671875 167.2751312255859375 220.8397674560546875 256.42889404296875 302.472564697265625 132.70855712890625 185.59844970703125 124.5627593994140625 88.72721099853515625 10.491568565368652344 278.425689697265625 112.45680999755859375 156.251068115234375 258.689422607421875 251.564300537109375 59.620635986328125 83.156982421875 151.698699951171875 162.299072265625 222.1652069091796875 254.2806854248046875 272.352569580078125 255.4250640869140625 231.2249908447265625 262.56732177734375 0 251.5643768310546875 275.09661865234375 328.8690185546875 324.6187744140625 295.345855712890625 289.025726318359375 196.390899658203125 219.9202117919921875 231.910888671875 209.054351806640625 223.6357879638671875 240.487945556640625 257.004791259765625 259.991485595703125
134.0602874755859375 144.4622802734375 228.69091796875 306.02679443359375 292.247406005859375 227.48858642578125 209.4068450927734375 96.84151458740234375 6.3425755500793457031 89.99979400634765625 77.4710540771484375 339.3035888671875 41.424163818359375 76.50481414794921875 357.396026611328125 255.0324859619140625 213.99578857421875 164.33148193359375 146.14263916015625 192.3800201416015625 354.2889404296875 311.331573486328125 268.585205078125 254.931243896484375 289.72186279296875 318.81365966796875 291.5006103515625 51.911304473876953125 279.461700439453125 267.39691162109375 224.9998931884765625 193.3922271728515625 219.8974151611328125 229.8433837890625 168.6896820068359375 266.818878173828125 260.83721923828125 253.6107025146484375 267.562896728515625 257.828094482421875 244.5362701416015625 253.9019012451171875
145.6602630615234375 160.3459320068359375 192.874481201171875 194.1979217529296875 187.7495269775390625 193.940277099609375 220.3996734619140625 218.6591644287109375 136.59051513671875 142.0163116455078125 191.8221282958984375 169.2863922119140625 142.0277862548828125 187.649658203125 269.999359130859375 326.766387939453125 177.1371002197265625 154.7073974609375 120.963897705078125 302.004974365234375 319.7633056640625 325.458984375 284.300048828125 256.246368408203125 250.462615966796875 195.5719146728515625 247.556793212890625 60.2524566650390625 281.309539794921875 257.534393310546875 222.31549072265625 232.35125732421875 236.30950927734375 220.8397369384765625 209.6490020751953125 259.694366455078125 291.80035400390625 295.55865478515625 238.4946441650390625 222.76812744140625 230.24658203125 240.5020294189453125
149.3231964111328125 79.695404052734375 38.66211700439453125 170.7059478759765625 206.5644683837890625 245.5557098388671875 257.27520751953125 186.043426513671875 156.3921661376953125 173.8295135498046875 276.33935546875 63.4353485107421875 89.37029266357421875 218.156036376953125 244.5360260009765625 217.569427490234375 108.4346923828125 124.693115234375 304.77679443359375 303.055145263671875 220.485595703125 205.463043212890625 182.120849609375 240.470672607421875 234.271820068359375 228.7311553955078125 251.9274444580078125 164.5111083984375 218.84429931640625 244.798248291015625 258.494384765625 292.30517578125 337.7130126953125 338.024871826171875 311.424896240234375 244.5365447998046875 223.058319091796875 205.6403350830078125 190.8845062255859375 211.759002685546875 253.76702880859375 264.94537353515625
228.8143157958984375 310.912445068359375 15.101411819458007812 40.5328369140625 318.065826416015625 286.031524658203125 242.6492462158203125 142.6961212158203125 69.77529144287109375 311.09893798828125 286.313385009765625 50.194133758544921875 79.195404052734375 188.1252899169921875 255.1134185791015625 208.300872802734375 116.14664459228515625 291.371185302734375 279.3717041015625 305.536376953125 352.56817626953125 284.039459228515625 195.945343017578125 262.634674072265625 279.880828857421875 305.3790283203125 288.43402099609375 34.876247406005859375 302.844024658203125 269.291900634765625 240.523345947265625 244.6533050537109375 249.304107666015625 302.4700927734375 20.323261260986328125 295.55908203125 238.09112548828125 209.4750823974609375 195.0175018310546875 263.659454345703125 274.235748291015625 272.578277587890625
334.982635498046875 340.639678955078125 134.9996795654296875 60.94474029541015625 315.000091552734375 254.0545501708984375 239.9312286376953125 321.33837890625 357.272247314453125 183.012420654296875 221.1337738037109375 168.976318359375 111.726959228515625 251.563720703125 266.633087158203125 175.36370849609375 152.8184051513671875 223.090667724609375 252.2346954345703125 263.92657470703125 328.390594482421875 27.897737503051757812 351.869232177734375 278.24005126953125 260.117919921875 232.7217559814453125 249.2275848388671875 295.56097412109375 286.606597900390625 259.37969970703125 239.826019287109375 249.1604766845703125 238.1901397705078125 221.6973419189453125 176.1858062744140625 215.5371856689453125 273.01165771484375 162.4742431640625 234.865509033203125 266.37823486328125 256.194580078125 235.4685211181640625
261.52850341796875 111.19335174560546875 163.177947998046875 159.943603515625 163.988372802734375 198.692626953125 218.5001068115234375 219.052703857421875 156.5409393310546875 145.490966796875 213.529998779296875 202.96343994140625 85.914093017578125 246.8015899658203125 248.8055572509765625 334.982940673828125 351.25335693359375 13.133276939392089844 223.6357879638671875 204.863067626953125 193.5120849609375 188.129669189453125 236.974822998046875 265.445404052734375 244.3583526611328125 245.2971954345703125 251.564300537109375 217.873626708984375 266.783905029296875 303.42425537109375 321.612823486328125 265.3995361328125 224.3008880615234375 190.2563018798828125 195.254669189453125 239.46966552734375 228.576568603515625 93.36443328857421875 293.9619140625 296.564788818359375 223.151702880859375 239.348724365234375
