wildfire/work/fuelmodels/1773/aspect.asc
ncols        468
nrows        424
xllcorner    171015.000000000000
yllcorner    473230.000000000000
cellsize     5.000000000000
NODATA_value   -999
[rows 399 to 417 of 424, columns 420 to 461 of 468]
248.8050384521484375 227.045318603515625 200.2822113037109375 181.6177825927734375 169.8082427978515625 192.9319915771484375 199.7363128662109375 203.0778656005859375 225.665557861328125 226.97430419921875 204.5192108154296875 193.11962890625 197.591461181640625 94.97015380859375 85.03037261962890625 198.434478759765625 124.91937255859375 116.86147308349609375 95.194061279296875 78.23143768310546875 146.312957763671875 274.18408203125 247.378143310546875 225.82965087890625 221.2682342529296875 52.5931854248046875 294.145599365234375 302.660369873046875 299.29095458984375 308.289825439453125 291.035369873046875 242.1013946533203125 162.25482177734375 151.188812255859375 111.801025390625 235.30255126953125 250.6398773193359375 72.1212615966796875 69.39383697509765625 331.38751220703125 276.071746826171875 124.0454559326171875
262.18499755859375 174.09356689453125 153.4344482421875 145.73846435546875 179.72003173828125 208.385101318359375 189.3232269287109375 210.00445556640625 217.437957763671875 204.9281463623046875 193.3242340087890625 199.98248291015625 217.2874908447265625 173.9274444580078125 142.3994293212890625 191.6110992431640625 134.9999542236328125 146.4960479736328125 154.024932861328125 119.74407196044921875 176.185638427734375 204.04376220703125 182.725677490234375 196.11334228515625 230.8259429931640625 260.2171630859375 337.2481689453125 320.193756103515625 273.012420654296875 232.7645416259765625 204.775634765625 166.8656158447265625 171.1927490234375 182.2026519775390625 149.5735626220703125 191.0027923583984375 217.3331451416015625 192.5286102294921875 71.25037384033203125 79.8755645751953125 215.9600982666015625 130.60064697265625
214.21551513671875 155.5555572509765625 152.9688568115234375 119.596466064453125 250.200225830078125 244.3343048095703125 175.100494384765625 234.72705078125 256.8089599609375 258.178375244140625 221.054962158203125 236.5137939453125 229.3320770263671875 172.4047393798828125 171.02679443359375 140.0425567626953125 134.999847412109375 196.335357666015625 182.489654541015625 116.05291748046875 192.2638092041015625 168.2743988037109375 199.0252685546875 221.3087310791015625 247.502716064453125 249.81353759765625 213.6902923583984375 175.9710845947265625 194.2997283935546875 195.8021087646484375 189.35968017578125 167.8279571533203125 267.71002197265625 352.873992919921875 75.69989776611328125 300.963470458984375 249.6229400634765625 201.1933746337890625 126.98241424560546875 117.0123138427734375 182.419281005859375 178.5671844482421875
207.6458587646484375 136.1011962890625 134.131439208984375 24.441802978515625 332.446563720703125 86.3086700439453125 170.271881103515625 250.9180755615234375 232.2625274658203125 209.5108184814453125 242.6998443603515625 280.221160888671875 201.5004425048828125 169.0449371337890625 249.8419189453125 103.7991943359375 106.60680389404296875 224.1811676025390625 187.125 134.1444091796875 181.1222686767578125 169.113372802734375 249.4434661865234375 279.6368408203125 271.9085693359375 245.708709716796875 191.793365478515625 165.067901611328125 191.8210601806640625 218.345123291015625 218.8285675048828125 198.434478759765625 219.919769287109375 212.0045166015625 75.9632568359375 96.3399658203125 185.1940765380859375 209.5777587890625 91.90862274169921875 81.20919036865234375 44.999897003173828125 0
213.6898193359375 140.1942291259765625 136.547576904296875 275.313995361328125 164.980682373046875 122.73496246337890625 215.3102264404296875 256.53399658203125 213.8565826416015625 231.203033447265625 245.5555419921875 194.88592529296875 169.09466552734375 194.533660888671875 200.771728515625 142.3643798828125 131.454742431640625 191.82135009765625 181.419952392578125 165.5294036865234375 174.093505859375 208.925567626953125 258.439483642578125 272.815155029296875 273.81427001953125 243.43475341796875 187.59429931640625 162.050323486328125 197.4468994140625 234.0574188232421875 242.2805328369140625 255.9615631103515625 217.874481201171875 207.406951904296875 157.87335205078125 156.80078125 189.27215576171875 232.9889068603515625 120.9637298583984375 112.093994140625 171.8694915771484375 154.4391326904296875
168.1785888671875 145.885498046875 222.27362060546875 221.4960784912109375 148.4304046630859375 110.07086181640625 249.77484130859375 253.033355712890625 261.32659912109375 257.904998779296875 229.35052490234375 181.701080322265625 162.61273193359375 206.1301727294921875 166.7011566162109375 135.535247802734375 143.4028472900390625 181.244964599609375 198.4342498779296875 139.5140380859375 178.603179931640625 227.0445404052734375 226.8670654296875 213.2869415283203125 217.673126220703125 218.2105865478515625 174.8046875 146.3102569580078125 252.4729766845703125 261.868988037109375 240.6417236328125 223.451568603515625 156.3706512451171875 159.5191497802734375 159.9735565185546875 148.391937255859375 214.87493896484375 244.119293212890625 128.0653533935546875 130.695465087890625 182.06951904296875 164.197021484375
156.1132049560546875 207.349761962890625 268.024383544921875 115.9744415283203125 161.564666748046875 66.50133514404296875 348.69598388671875 246.285858154296875 239.7823333740234375 213.2314605712890625 197.7645111083984375 186.972442626953125 172.7462615966796875 202.9118499755859375 170.837615966796875 128.5955047607421875 143.2350311279296875 244.982574462890625 291.800811767578125 47.0449676513671875 339.6756591796875 344.053985595703125 262.99847412109375 219.2884979248046875 202.693756103515625 216.2090911865234375 214.8233795166015625 324.46136474609375 314.998321533203125 237.8739166259765625 218.1566009521484375 203.1979827880859375 163.6101226806640625 144.91241455078125 188.1295928955078125 150.780548095703125 223.8763580322265625 241.126922607421875 122.04697418212890625 133.4305877685546875 176.8771820068359375 139.0135650634765625
146.5603179931640625 247.750457763671875 204.07476806640625 150.8653717041015625 191.3094024658203125 187.2238616943359375 136.9084930419921875 254.6377410888671875 234.0189666748046875 194.1983184814453125 174.6988983154296875 191.309234619140625 190.8395843505859375 190.4073333740234375 197.1985931396484375 115.12755584716796875 128.088348388671875 263.65924072265625 234.461181640625 184.3990478515625 250.0154266357421875 206.5623931884765625 304.777008056640625 353.33306884765625 64.7982635498046875 236.00286865234375 236.1639251708984375 260.537109375 18.434030532836914062 191.3128509521484375 228.69091796875 170.837432861328125 153.6665191650390625 141.24151611328125 205.7096099853515625 153.1990203857421875 199.7982940673828125 208.52886962890625 144.5540771484375 143.3660430908203125 155.556884765625 59.621082305908203125
295.016510009765625 232.1250152587890625 159.9278717041015625 158.96209716796875 191.3094940185546875 200.555633544921875 193.2003326416015625 244.4855804443359375 228.8138580322265625 173.852996826171875 182.5632171630859375 212.4698638916015625 171.1930999755859375 184.899078369140625 209.7447357177734375 126.15746307373046875 90.000396728515625 215.8369903564453125 196.0104217529296875 184.7197113037109375 176.6333770751953125 203.42822265625 252.0302734375 307.647369384765625 56.45876312255859375 308.98956298828125 264.22528076171875 218.94561767578125 191.3095703125 183.813507080078125 202.0678863525390625 142.9428863525390625 128.366790771484375 146.8875579833984375 168.6899566650390625 118.30072021484375 226.683868408203125 229.573516845703125 272.726287841796875 354.47149658203125 73.39255523681640625 176.8196563720703125
187.7649383544921875 168.96697998046875 152.41766357421875 173.3405303955078125 201.3087158203125 217.7931671142578125 235.00701904296875 250.42633056640625 212.0053863525390625 159.22686767578125 190.9535369873046875 197.5599517822265625 160.0830841064453125 204.2281341552734375 224.99993896484375 260.7059326171875 351.02691650390625 17.94934844970703125 347.124420166015625 327.457366943359375 11.7123260498046875 8.3925609588623046875 239.2806854248046875 205.8863372802734375 150.091094970703125 175.9857025146484375 200.8855133056640625 205.22344970703125 207.9615020751953125 194.1980133056640625 175.7856597900390625 188.6727447509765625 26.56662750244140625 83.15682220458984375 144.865234375 141.169677734375 224.0447998046875 284.796051025390625 320.273284912109375 9.46190643310546875 90.89498138427734375 142.8828582763671875
198.72515869140625 152.8496246337890625 120.4996337890625 192.8040313720703125 218.4175567626953125 223.80596923828125 238.366485595703125 233.568939208984375 196.7824554443359375 201.8004302978515625 198.434478759765625 209.74505615234375 285.25494384765625 331.697479248046875 197.2421417236328125 256.486572265625 274.807342529296875 66.6306304931640625 340.016357421875 315.34228515625 34.69518280029296875 80.19399261474609375 196.1888580322265625 190.2215423583984375 171.1698455810546875 163.9884490966796875 199.637451171875 230.4767913818359375 210.0042266845703125 192.770660400390625 168.11126708984375 200.2244873046875 199.7980499267578125 133.49249267578125 136.590850830078125 140.6170196533203125 245.924072265625 259.338897705078125 213.6890869140625 152.74468994140625 110.50138092041015625 103.190704345703125
225.80596923828125 167.3466033935546875 81.7325592041015625 336.8004150390625 300.617706298828125 274.288604736328125 250.05706787109375 230.2618255615234375 224.9989776611328125 267.1832275390625 340.3455810546875 25.710039138793945312 212.470428466796875 154.8318634033203125 192.994415283203125 238.7601165771484375 210.7269439697265625 171.2534027099609375 227.2308502197265625 204.075103759765625 154.9597320556640625 140.420318603515625 143.6732635498046875 179.9995880126953125 162.64556884765625 136.68408203125 250.05706787109375 247.619354248046875 200.8972320556640625 212.073486328125 263.157867431640625 102.094085693359375 179.9991455078125 161.840301513671875 142.4311065673828125 162.7579803466796875 247.379913330078125 218.6049957275390625 192.18316650390625 174.289215087890625 137.020965576171875 118.456756591796875
288.434661865234375 202.165252685546875 78.110809326171875 358.362274169921875 303.023284912109375 275.19342041015625 248.197845458984375 259.314453125 271.684112548828125 220.4857025146484375 189.8656005859375 163.97918701171875 156.7049102783203125 172.216064453125 256.786834716796875 294.01446533203125 329.035797119140625 234.865509033203125 182.2022247314453125 164.60400390625 171.66510009765625 170.837310791015625 119.47570037841796875 309.28759765625 7.8152098655700683594 40.986042022705078125 266.422943115234375 243.4343109130859375 212.6602020263671875 213.83453369140625 230.25311279296875 108.435882568359375 86.0819244384765625 137.2027587890625 132.137725830078125 154.65325927734375 180.98736572265625 185.6115875244140625 194.373870849609375 192.5929412841796875 152.4024200439453125 150.254791259765625
5.7111749649047851562 340.8211669921875 347.12359619140625 16.556812286376953125 44.999897003173828125 179.9995880126953125 205.8515777587890625 216.732391357421875 209.4496917724609375 179.090179443359375 175.4749603271484375 173.312774658203125 146.0031280517578125 261.326202392578125 278.302734375 287.818084716796875 79.99178314208984375 160.5134735107421875 146.1812896728515625 143.2753753662109375 258.02362060546875 152.3534393310546875 175.601654052734375 273.812652587890625 164.0544281005859375 136.7092132568359375 220.710479736328125 267.0311279296875 220.23486328125 196.2319488525390625 205.345672607421875 189.8247528076171875 161.564666748046875 118.7405242919921875 186.34295654296875 97.00177001953125 120.2564544677734375 168.6895751953125 186.9720916748046875 189.70245361328125 159.315643310546875 168.1108245849609375
291.038421630859375 315.000762939453125 317.488372802734375 102.72441864013671875 118.14165496826171875 113.198516845703125 171.6066131591796875 205.426361083984375 220.60076904296875 199.2033843994140625 155.40948486328125 220.6007080078125 325.95294189453125 298.494384765625 222.465972900390625 209.10211181640625 170.16607666015625 150.3497772216796875 116.1461639404296875 171.870361328125 242.52496337890625 156.16064453125 225.000213623046875 156.8010406494140625 146.929107666015625 160.9738922119140625 275.439849853515625 267.420257568359375 163.885528564453125 180.0000152587890625 174.2893829345703125 198.4343719482421875 197.4020233154296875 177.8386688232421875 176.3477325439453125 148.472808837890625 143.38287353515625 156.97412109375 167.1950225830078125 174.0936737060546875 175.6013641357421875 245.0945587158203125
274.634063720703125 305.65472412109375 24.443897247314453125 94.398590087890625 274.085052490234375 9.5824422836303710938 31.504171371459960938 333.434234619140625 309.5303955078125 333.43450927734375 133.5672760009765625 241.5038604736328125 261.192535400390625 125.36212921142578125 170.3312225341796875 202.4628143310546875 194.879150390625 186.988128662109375 167.64410400390625 178.1909332275390625 182.81500244140625 181.3527069091796875 187.8828887939453125 174.8050537109375 140.9063720703125 297.6455078125 251.0943756103515625 220.731353759765625 242.92742919921875 81.86917877197265625 128.08892822265625 246.4466705322265625 175.762298583984375 207.12115478515625 159.075714111328125 131.8886566162109375 158.050567626953125 140.440155029296875 146.309295654296875 177.7973480224609375 255.96295166015625 252.1483306884765625
286.630035400390625 295.650787353515625 31.102621078491210938 63.777828216552734375 294.44281005859375 170.9421844482421875 147.2249908447265625 223.993988037109375 233.01611328125 155.28228759765625 135.000640869140625 273.531341552734375 230.57177734375 123.26110076904296875 119.62381744384765625 258.309356689453125 224.998565673828125 218.6593780517578125 191.3093109130859375 185.194183349609375 116.56368255615234375 154.1782379150390625 191.7247467041015625 226.635772705078125 239.03619384765625 168.6891937255859375 200.2966156005859375 230.9642486572265625 247.905426025390625 118.44252777099609375 106.92722320556640625 212.798736572265625 145.17449951171875 239.035675048828125 140.441192626953125 108.43499755859375 154.438720703125 131.13427734375 154.2122802734375 221.5659942626953125 258.1107177734375 249.22662353515625
245.5556793212890625 232.393585205078125 168.5242919921875 101.56700897216796875 112.542816162109375 156.705352783203125 170.4835662841796875 199.8715362548828125 202.3796234130859375 188.7455596923828125 215.726715087890625 209.649505615234375 185.599029541015625 145.6848297119140625 325.61846923828125 319.76300048828125 36.253879547119140625 266.905853271484375 278.972808837890625 285.641510009765625 338.49749755859375 45.0003509521484375 342.47314453125 288.43426513671875 188.1302490234375 166.2634124755859375 263.289337158203125 245.854248046875 202.8332366943359375 186.131866455078125 157.1086883544921875 152.74365234375 191.8878936767578125 226.7355499267578125 135.970916748046875 139.398651123046875 154.7218170166015625 124.991607666015625 154.746429443359375 243.72528076171875 253.8101043701171875 222.396331787109375
209.80413818359375 190.9535369873046875 184.6614990234375 163.7256317138671875 110.09479522705078125 79.21508026123046875 15.01859283447265625 308.289886474609375 238.57012939453125 224.9994659423828125 203.790374755859375 175.2717437744140625 187.5390167236328125 207.9619293212890625 241.1129608154296875 178.2638397216796875 158.3847808837890625 210.402984619140625 185.8767547607421875 182.8266143798828125 185.1423187255859375 172.1256103515625 186.0086822509765625 181.23577880859375 179.5099639892578125 207.823516845703125 215.726715087890625 187.495849609375 176.185455322265625 205.8797454833984375 189.8188629150390625 165.322601318359375 228.7311859130859375 191.3101959228515625 126.869384765625 148.7067413330078125 172.0726318359375 94.96964263916015625 358.0899658203125 312.64605712890625 294.566558837890625 285.25494384765625
