wildfire/work/fuelmodels/1773/aspect.asc
ncols        468
nrows        424
xllcorner    171015.000000000000
yllcorner    473230.000000000000
cellsize     5.000000000000
NODATA_value   -999
[rows 114 to 132 of 424, columns 378 to 419 of 468]
269.99884033203125 85.91443634033203125 100.3759002685546875 317.861297607421875 40.100963592529296875 28.740200042724609375 293.906982421875 336.446868896484375 335.694854736328125 0.67392039299011230469 44.999538421630859375 31.606584548950195312 65.9560089111328125 34.902614593505859375 14.506422042846679688 28.39276123046875 345.96295166015625 256.15838623046875 247.1084747314453125 284.489013671875 294.86297607421875 297.4281005859375 312.5101318359375 2.6016321182250976562 343.949981689453125 347.9879150390625 4.2681059837341308594 327.528167724609375 313.408416748046875 10.00868988037109375 18.434906005859375 11.3097381591796875 39.28931427001953125 31.890779495239257812 32.0057373046875 348.111053466796875 47.72644805908203125 63.586639404296875 11.309569358825683594 298.908843994140625 328.1722412109375 327.425628662109375
203.8056793212890625 182.121917724609375 45.000263214111328125 322.430999755859375 17.723043441772460938 20.265642166137695312 327.744384765625 357.183380126953125 311.185821533203125 33.691669464111328125 86.55269622802734375 108.4349517822265625 127.09207916259765625 140.4391326904296875 224.9994659423828125 53.1302490234375 31.185033798217773438 340.2010498046875 278.745758056640625 269.99957275390625 283.448211669921875 292.035858154296875 309.382293701171875 3.1795704364776611328 323.245391845703125 344.930633544921875 27.284015655517578125 344.29071044921875 330.460540771484375 7.4320402145385742188 8.9722509384155273438 11.309345245361328125 24.623476028442382812 33.85694122314453125 47.32161712646484375 8.8422145843505859375 49.634586334228515625 53.701755523681640625 4.3382668495178222656 343.75634765625 334.6531982421875 326.309478759765625
228.365325927734375 280.006866455078125 26.565717697143554688 323.12957763671875 164.0543212890625 33.68410491943359375 323.32501220703125 25.346315383911132812 120.963470458984375 172.9535064697265625 143.74603271484375 46.4684600830078125 38.41782379150390625 60.708354949951171875 240.25439453125 33.689571380615234375 21.160764694213867188 10.17568206787109375 358.451873779296875 255.5468292236328125 254.1153411865234375 275.1937255859375 295.640472412109375 352.693572998046875 325.3751220703125 331.089813232421875 41.583553314208984375 357.645965576171875 331.259490966796875 358.209869384765625 11.309696197509765625 21.540767669677734375 21.80145263671875 56.63344573974609375 50.527523040771484375 27.97930145263671875 39.804851531982421875 51.11516571044921875 355.7630615234375 347.00469970703125 7.8156876564025878906 320.7100830078125
348.863037109375 324.292205810546875 108.435791015625 117.474700927734375 123.6906280517578125 290.43231201171875 311.633331298828125 89.99979400634765625 89.432403564453125 51.338741302490234375 313.492645263671875 44.999233245849609375 50.194133758544921875 33.310688018798828125 15.708867073059082031 44.997711181640625 195.94720458984375 336.800872802734375 15.255642890930175781 327.094329833984375 261.98809814453125 279.124298095703125 308.22344970703125 13.495685577392578125 234.4613800048828125 241.9897613525390625 75.57955169677734375 356.63262939453125 322.9068603515625 347.195770263671875 356.877166748046875 22.83338165283203125 27.387224197387695312 29.745014190673828125 35.706966400146484375 30.963685989379882812 27.14963531494140625 45.000209808349609375 19.290195465087890625 308.658935546875 15.255642890930175781 333.711212158203125
344.7447509765625 117.12052154541015625 156.8005523681640625 350.215606689453125 348.06951904296875 323.971893310546875 33.2318878173828125 61.388980865478515625 68.3173065185546875 347.12420654296875 333.034027099609375 94.39870452880859375 152.5926971435546875 164.7444305419921875 134.9996795654296875 24.904813766479492188 19.982820510864257812 302.470245361328125 341.56475830078125 14.53447723388671875 307.800140380859375 281.680755615234375 286.556488037109375 50.572208404541015625 5.1945958137512207031 306.86920166015625 9.0575265884399414062 17.744487762451171875 311.18536376953125 340.1444091796875 8.8811807632446289062 17.700223922729492188 20.297039031982421875 27.05063629150390625 35.94200897216796875 17.559879302978515625 18.435041427612304688 41.22753143310546875 11.523413658142089844 354.33966064453125 348.877899169921875 331.17144775390625
158.051116943359375 149.930938720703125 305.53790283203125 326.975250244140625 318.6900634765625 325.30267333984375 98.13039398193359375 63.43625640869140625 44.999897003173828125 41.18640899658203125 154.2298736572265625 119.054290771484375 106.5574951171875 141.710845947265625 190.9535369873046875 184.634857177734375 169.993377685546875 287.4869384765625 301.75872802734375 20.555967330932617188 310.600433349609375 254.1669158935546875 253.950347900390625 342.978973388671875 355.985107421875 333.177001953125 5.3892683982849121094 40.135715484619140625 304.45977783203125 300.172637939453125 31.866086959838867188 18.43521881103515625 358.724884033203125 17.525335311889648438 33.17823028564453125 8.74585723876953125 20.623651504516601562 46.316577911376953125 358.2633056640625 349.379608154296875 354.0618896484375 327.361663818359375
142.1253509521484375 295.25201416015625 316.300994873046875 345.963897705078125 260.536773681640625 341.55987548828125 52.12467193603515625 4.0864949226379394531 55.305065155029296875 94.63565826416015625 107.102447509765625 109.4853057861328125 134.998870849609375 176.496185302734375 138.239654541015625 178.02459716796875 234.4621124267578125 276.892059326171875 269.999359130859375 329.034210205078125 53.616092681884765625 265.30059814453125 263.90338134765625 282.31842041015625 333.434417724609375 2.2911632061004638672 347.00384521484375 23.681863784790039062 343.392364501953125 306.633514404296875 350.752685546875 5.3326468467712402344 355.291107177734375 12.264349937438964844 46.941802978515625 10.980548858642578125 35.217990875244140625 63.208637237548828125 338.74810791015625 303.689910888671875 288.43865966796875 306.4033203125
286.388458251953125 282.143463134765625 246.8008270263671875 154.65325927734375 185.193878173828125 230.5282135009765625 106.69728851318359375 145.3027496337890625 118.49503326416015625 101.05631256103515625 102.38116455078125 92.935821533203125 77.47122955322265625 0.002185605466365814209 82.6475982666015625 12.652318954467773438 286.556182861328125 279.88726806640625 290.224578857421875 299.357940673828125 335.4796142578125 335.0853271484375 292.873046875 261.38372802734375 288.43426513671875 0.0015611466951668262482 321.169525146484375 354.956298828125 0.70719778537750244141 343.44232177734375 340.344879150390625 347.151763916015625 356.423095703125 47.489505767822265625 51.789806365966796875 357.953277587890625 56.49675750732421875 78.50335693359375 8.1257114410400390625 311.632049560546875 324.781585693359375 303.689239501953125
340.97369384765625 213.6912384033203125 183.17950439453125 226.9090423583984375 20.556446075439453125 291.613555908203125 72.7590789794921875 89.9984283447265625 91.63543701171875 97.6329345703125 126.11917877197265625 88.83129119873046875 31.759584426879882812 68.96227264404296875 89.9984283447265625 314.999725341796875 300.96270751953125 280.49041748046875 296.846527099609375 345.141021728515625 288.817657470703125 327.937469482421875 15.642145156860351562 271.122772216796875 297.25531005859375 333.0037841796875 324.01904296875 348.689239501953125 354.2884521484375 353.810821533203125 356.080963134765625 347.9044189453125 12.528585433959960938 46.2450408935546875 15.751615524291992188 2.1743612289428710938 58.86078643798828125 56.68927001953125 1.7711732387542724609 339.385711669921875 323.74542236328125 297.4737548828125
358.29766845703125 51.93396759033203125 347.00518798828125 292.3055419921875 352.56805419921875 314.999267578125 50.710693359375 60.64226531982421875 118.2169952392578125 128.5809173583984375 152.5253753662109375 89.99979400634765625 125.53730010986328125 126.869384765625 158.9625701904296875 267.0635986328125 273.81365966796875 274.96917724609375 271.519866943359375 331.2586669921875 264.36871337890625 235.6693878173828125 26.563348770141601562 287.0023193359375 297.34893798828125 327.093780517578125 339.973114013671875 12.724217414855957031 354.805633544921875 320.19384765625 341.564483642578125 0.00027320720255374908447 17.487749099731445312 3.8139371871948242188 16.927869796752929688 30.963565826416015625 56.9293212890625 44.999897003173828125 344.39501953125 345.853546142578125 321.765716552734375 280.61920166015625
322.1236572265625 41.8198699951171875 6.5629434585571289062 321.6317138671875 161.565399169921875 195.94482421875 157.8329315185546875 125.72735595703125 97.04579925537109375 75.6184234619140625 137.601837158203125 164.35772705078125 114.67678070068359375 110.77204132080078125 309.471923828125 302.987945556640625 283.73565673828125 268.99407958984375 256.42864990234375 282.52764892578125 313.02392578125 291.528167724609375 318.65130615234375 297.89678955078125 287.037017822265625 293.1973876953125 327.262939453125 73.6104736328125 113.19832611083984375 240.707489013671875 267.95391845703125 347.471527099609375 7.4315128326416015625 352.40435791015625 57.407352447509765625 48.0121612548828125 53.972087860107421875 46.847179412841796875 320.7919921875 340.200286865234375 343.56988525390625 342.97869873046875
246.370361328125 90.00043487548828125 57.26629638671875 99.4628753662109375 142.59521484375 193.39166259765625 157.6194610595703125 129.50750732421875 125.7890167236328125 109.50201416015625 130.8649139404296875 178.393646240234375 150.39532470703125 213.31005859375 282.528167724609375 300.37896728515625 262.503662109375 236.6891937255859375 268.6878662109375 281.16912841796875 315.894622802734375 305.31024169921875 316.9735107421875 311.632720947265625 277.495147705078125 242.5708465576171875 260.537445068359375 64.23069000244140625 67.8339080810546875 277.3055419921875 271.507110595703125 312.39715576171875 334.093353271484375 38.659717559814453125 52.305538177490234375 353.071502685546875 32.86846923828125 35.99163818359375 320.27294921875 317.8614501953125 320.1513671875 5.4039034843444824219
227.6260223388671875 161.0947723388671875 161.5643463134765625 145.3044281005859375 147.011016845703125 168.4392242431640625 169.314666748046875 156.500946044921875 150.945220947265625 141.33990478515625 136.6521148681640625 187.4955291748046875 183.8129730224609375 262.873809814453125 219.5068817138671875 232.1240386962890625 294.589263916015625 336.48455810546875 315.515533447265625 282.993927001953125 263.955230712890625 271.93011474609375 282.618682861328125 296.790771484375 341.96514892578125 323.878997802734375 254.3573760986328125 98.615142822265625 47.862346649169921875 337.3790283203125 295.46282958984375 318.575439453125 0 12.265494346618652344 356.7099609375 335.744720458984375 52.594745635986328125 43.60295867919921875 328.86041259765625 317.385101318359375 275.59881591796875 315.006561279296875
231.07904052734375 175.02972412109375 148.091400146484375 170.6042633056640625 167.1517181396484375 153.4341888427734375 175.0724945068359375 164.0540618896484375 145.43682861328125 122.3909912109375 117.64551544189453125 212.471588134765625 266.308258056640625 291.037384033203125 168.6913604736328125 279.461761474609375 297.422607421875 330.291961669921875 351.86920166015625 308.3448486328125 289.611053466796875 288.767333984375 296.93878173828125 282.528289794921875 319.513641357421875 45.7845916748046875 248.4978179931640625 239.7428741455078125 4.3990378379821777344 351.868865966796875 300.0677490234375 302.1947021484375 38.418186187744140625 330.945037841796875 323.130096435546875 224.9994659423828125 89.99979400634765625 17.102748870849609375 331.5037841796875 31.701231002807617188 200.77227783203125 204.5374908447265625
244.5724639892578125 164.577606201171875 134.1573028564453125 175.76336669921875 196.926971435546875 138.0660400390625 159.4437255859375 160.252838134765625 152.473724365234375 128.190521240234375 137.662750244140625 229.76416015625 264.427581787109375 257.735504150390625 329.53338623046875 281.309417724609375 253.0240936279296875 233.5552825927734375 230.7091827392578125 310.332733154296875 300.342742919921875 287.31829833984375 296.564239501953125 293.3685302734375 304.46063232421875 61.18880462646484375 48.179210662841796875 257.346405029296875 248.9613494873046875 171.86773681640625 254.898406982421875 266.7291259765625 11.975989341735839844 350.75311279296875 329.380950927734375 5.1943655014038085938 32.55986785888671875 333.434173583984375 330.03741455078125 74.67278289794921875 69.62296295166015625 251.564453125
0 0 157.5330810546875 167.366546630859375 209.698638916015625 183.14422607421875 137.48974609375 169.3805999755859375 97.43158721923828125 84.0350341796875 98.1295013427734375 259.508087158203125 263.479400634765625 197.446136474609375 265.332427978515625 280.590850830078125 241.4398193359375 235.140106201171875 232.351318359375 273.310089111328125 312.509765625 332.98077392578125 325.88458251953125 312.924102783203125 320.52691650390625 62.487743377685546875 64.14795684814453125 251.5622711181640625 248.8047943115234375 131.633758544921875 241.82110595703125 253.8101043701171875 269.99871826171875 340.639984130859375 319.0849609375 351.430267333984375 36.753658294677734375 319.7620849609375 163.6089630126953125 82.5188751220703125 28.495502471923828125 5.8263101577758789062
0 0 114.07452392578125 149.0362091064453125 227.6831207275390625 213.6892852783203125 158.6289215087890625 210.067901611328125 156.8010406494140625 85.91407012939453125 75.5290985107421875 272.2900390625 282.01068115234375 339.774383544921875 313.263397216796875 274.8428955078125 218.6591644287109375 256.348968505859375 256.37255859375 269.73052978515625 288.08282470703125 322.460113525390625 310.44549560546875 314.999053955078125 2.2310883998870849609 31.37325286865234375 46.00519561767578125 25.787298202514648438 314.999267578125 6.4988193511962890625 335.658172607421875 305.21697998046875 325.12371826171875 337.379241943359375 294.67578125 264.289642333984375 65.1354217529296875 112.45672607421875 174.6849365234375 164.05328369140625 52.764820098876953125 356.307708740234375
0 0 0 219.0927734375 281.0028076171875 299.744232177734375 350.53863525390625 143.9718170166015625 173.6593170166015625 143.746429443359375 133.85455322265625 241.55609130859375 273.093505859375 302.798919677734375 343.92578125 26.146686553955078125 306.86883544921875 303.7735595703125 312.11297607421875 293.480804443359375 292.809051513671875 318.012115478515625 281.031768798828125 302.6600341796875 37.278228759765625 32.661529541015625 58.495616912841796875 45.784587860107421875 319.15899658203125 332.61151123046875 1.9307593107223510742 294.774505615234375 299.35723876953125 354.093597412109375 344.196014404296875 336.53985595703125 27.474559783935546875 91.18100738525390625 175.6009368896484375 260.5372314453125 350.6541748046875 332.49993896484375
0 0 44.999897003173828125 245.3222503662109375 230.617156982421875 198.4346466064453125 171.713531494140625 167.0048065185546875 184.236114501953125 341.56427001953125 29.845729827880859375 331.69805908203125 235.2562255859375 221.81964111328125 209.123443603515625 310.100341796875 320.93634033203125 308.564483642578125 310.168914794921875 304.27880859375 309.25054931640625 354.709136962890625 298.528839111328125 265.1783447265625 128.5006256103515625 166.5345306396484375 124.99140167236328125 77.73459625244140625 292.751220703125 287.474151611328125 15.642491340637207031 339.565704345703125 280.813323974609375 340.01873779296875 329.0352783203125 329.034912109375 49.398975372314453125 83.08147430419921875 17.524976730346679688 290.827972412109375 328.901885986328125 326.405548095703125
