wildfire/work/fuelmodels/1773/aspect.asc
ncols        468
nrows        424
xllcorner    171015.000000000000
yllcorner    473230.000000000000
cellsize     5.000000000000
NODATA_value   -999
[rows 342 to 360 of 424, columns 420 to 461 of 468]
190.6624755859375 173.7837982177734375 173.72857666015625 158.2552947998046875 218.0359954833984375 235.9437408447265625 184.7898712158203125 183.3269195556640625 214.6946258544921875 213.5107421875 201.68182373046875 188.3029327392578125 169.1999053955078125 168.8631439208984375 212.70440673828125 215.715850830078125 194.23687744140625 205.0910797119140625 218.937744140625 206.8564605712890625 192.4983978271484375 193.954071044921875 178.60235595703125 166.639373779296875 166.1711273193359375 171.869384765625 158.874755859375 166.9304962158203125 213.8345184326171875 198.1450653076171875 214.421600341796875 252.04595947265625 203.198028564453125 143.1298980712890625 181.2315826416015625 178.1516876220703125 177.6463775634765625 198.0042572021484375 163.5392608642578125 153.9042205810546875 180.9545440673828125 159.663299560546875
231.4182586669921875 209.05438232421875 127.30309295654296875 131.877288818359375 240.36090087890625 220.135009765625 190.6007843017578125 216.956512451171875 206.7744140625 203.2786712646484375 203.930572509765625 197.8911895751953125 181.9298248291015625 180.784271240234375 216.0691680908203125 190.22161865234375 183.8651275634765625 213.94805908203125 222.5366058349609375 210.3521728515625 202.37969970703125 194.8015289306640625 171.4158935546875 179.72283935546875 186.0087127685546875 181.54766845703125 178.5310211181640625 131.729156494140625 214.378936767578125 201.6304168701171875 229.58734130859375 229.1740875244140625 186.494476318359375 162.1014404296875 175.7633056640625 182.0633544921875 205.0164031982421875 236.0561981201171875 123.4758148193359375 131.3082275390625 188.59881591796875 193.8842010498046875
248.3170623779296875 203.8052825927734375 137.8623199462890625 134.9996795654296875 240.4212799072265625 188.864288330078125 203.37640380859375 213.8448638916015625 187.25274658203125 208.05047607421875 218.6595611572265625 228.1443939208984375 201.0363616943359375 157.7508087158203125 194.4203338623046875 193.56988525390625 196.04876708984375 206.995452880859375 212.263031005859375 204.6980133056640625 207.1395111083984375 201.1181488037109375 164.86639404296875 185.389068603515625 192.5630035400390625 189.0764923095703125 207.34954833984375 177.3564910888671875 167.5731353759765625 191.0408477783203125 216.9326934814453125 224.9994659423828125 219.7256317138671875 152.7154541015625 156.893402099609375 182.697509765625 204.3660430908203125 205.61981201171875 150.945037841796875 128.81121826171875 167.0532379150390625 179.9995880126953125
203.1981201171875 184.117584228515625 164.2276153564453125 192.0942840576171875 191.04052734375 170.9718475341796875 204.6764678955078125 199.8717803955078125 197.5104522705078125 208.9330902099609375 211.0678863525390625 213.310028076171875 192.0714111328125 155.89752197265625 189.4619598388671875 216.253509521484375 186.6797332763671875 172.5680694580078125 198.434356689453125 206.678497314453125 215.3683929443359375 204.1926116943359375 179.0283660888671875 179.62530517578125 183.14459228515625 191.093109130859375 208.1621246337890625 185.3068389892578125 175.6008453369140625 179.999725341796875 198.434417724609375 225.625518798828125 233.861328125 156.3996734619140625 130.6997222900390625 180.681640625 186.8009033203125 196.28228759765625 173.5113983154296875 144.78216552734375 147.2855987548828125 170.7697296142578125
207.28350830078125 175.4854888916015625 161.5641326904296875 186.115234375 172.07275390625 182.7255706787109375 204.3697052001953125 198.43463134765625 196.4397125244140625 202.4421539306640625 209.0540924072265625 201.9481964111328125 194.7169952392578125 172.99835205078125 199.621917724609375 234.1961822509765625 166.503997802734375 150.623748779296875 201.8008270263671875 234.3949127197265625 222.7088165283203125 198.434326171875 189.743072509765625 175.6891326904296875 183.1104888916015625 187.6783294677734375 200.414794921875 187.9323272705078125 186.7093353271484375 187.81494140625 197.683685302734375 213.0748443603515625 222.6717071533203125 186.512176513671875 131.6887664794921875 184.39794921875 148.069122314453125 187.7646026611328125 166.06170654296875 156.5172119140625 157.5791473388671875 177.8783416748046875
222.904052734375 216.6338348388671875 0.0013660358963534235954 104.62053680419921875 155.0948333740234375 194.5648956298828125 188.5303802490234375 200.5204925537109375 179.9994354248046875 197.968658447265625 217.5682220458984375 199.9827117919921875 197.1981201171875 190.1242218017578125 194.9097442626953125 201.8891143798828125 175.4543914794921875 158.81817626953125 229.3039398193359375 251.0529327392578125 202.202911376953125 182.03045654296875 190.2437591552734375 174.0253753662109375 190.78369140625 182.020843505859375 191.4268951416015625 198.6210784912109375 201.4248199462890625 203.404327392578125 191.3092803955078125 185.453460693359375 216.7363433837890625 203.899505615234375 159.6357879638671875 176.5829925537109375 176.46734619140625 167.387664794921875 142.2186279296875 164.406829833984375 217.4344329833984375 181.908447265625
251.87774658203125 216.4691009521484375 175.100494384765625 130.485687255859375 133.60247802734375 199.5016632080078125 164.8264923095703125 200.32275390625 195.5610198974609375 199.01031494140625 211.3037872314453125 195.4118499755859375 199.2442779541015625 202.3795623779296875 185.266998291015625 181.9941253662109375 189.24591064453125 193.7528533935546875 214.191070556640625 213.689544677734375 186.4876251220703125 187.334014892578125 201.2089691162109375 178.111236572265625 180.5154571533203125 171.963836669921875 192.90081787109375 199.7755279541015625 198.7827911376953125 203.849945068359375 183.1103515625 162.03045654296875 213.241485595703125 216.3132171630859375 153.627593994140625 163.9793548583984375 185.72637939453125 168.8836669921875 132.6580352783203125 183.1217041015625 230.249786376953125 182.5524444580078125
243.83795166015625 173.95550537109375 151.6990509033203125 152.942047119140625 148.799346923828125 206.564300537109375 133.2895050048828125 175.532470703125 200.907470703125 200.2243194580078125 198.2167510986328125 213.16583251953125 227.0204925537109375 198.1126556396484375 176.819671630859375 168.6893768310546875 206.3897247314453125 207.395050048828125 187.321197509765625 193.5395050048828125 189.5296630859375 200.6584930419921875 208.547607421875 193.5699462890625 160.3190460205078125 165.0177764892578125 198.4346771240234375 183.9763336181640625 190.8496246337890625 197.658447265625 181.0337371826171875 162.107757568359375 216.3407745361328125 227.10125732421875 147.8983917236328125 133.3393707275390625 157.676666259765625 164.656982421875 176.81982421875 211.134033203125 217.430999755859375 202.285003662109375
222.7088165283203125 194.2367095947265625 84.0353240966796875 82.8749237060546875 202.37823486328125 185.7112274169921875 113.42856597900390625 144.7819366455078125 187.0372772216796875 197.460693359375 198.9387054443359375 220.4255828857421875 210.067901611328125 175.7513580322265625 176.1059722900390625 171.78955078125 197.1215057373046875 205.450927734375 193.477203369140625 187.124755859375 187.673980712890625 202.5200347900390625 211.5509490966796875 203.989898681640625 158.4979400634765625 171.2797393798828125 186.765960693359375 171.468841552734375 179.2802734375 187.8656005859375 182.262451171875 171.66064453125 210.4993743896484375 207.019866943359375 164.6429290771484375 164.816619873046875 154.0008392333984375 152.0897979736328125 201.851104736328125 215.537109375 197.353515625 205.114410400390625
224.9996795654296875 236.309539794921875 120.962188720703125 73.8103790283203125 107.019439697265625 156.2501068115234375 141.9528961181640625 136.468505859375 152.446533203125 186.4990692138671875 198.274658203125 212.40911865234375 210.134063720703125 179.9995880126953125 164.744659423828125 163.0175933837890625 194.104949951171875 219.008819580078125 204.847869873046875 172.539093017578125 185.71002197265625 200.979248046875 228.626190185546875 217.0668182373046875 156.036834716796875 170.862274169921875 171.7769012451171875 170.5839385986328125 167.8280029296875 175.2751312255859375 183.3174285888671875 179.097503662109375 206.99542236328125 183.147674560546875 157.0675811767578125 167.958465576171875 167.5533599853515625 149.03570556640625 217.95391845703125 221.377960205078125 211.4636688232421875 220.3730621337890625
228.3994598388671875 224.0201263427734375 186.339630126953125 146.448974609375 127.5927581787109375 131.941009521484375 158.6905364990234375 162.58172607421875 134.2456817626953125 163.300750732421875 193.2983856201171875 229.0561370849609375 234.46173095703125 176.495880126953125 164.35736083984375 170.689605712890625 204.443603515625 229.0850830078125 198.6377716064453125 165.8913726806640625 193.609161376953125 202.2090606689453125 218.576080322265625 200.07110595703125 169.768585205078125 171.6065216064453125 161.5645294189453125 172.806060791015625 165.367156982421875 167.0467529296875 185.41156005859375 190.4205169677734375 193.5877227783203125 160.3585968017578125 144.2330322265625 163.5594329833984375 198.434173583984375 207.386810302734375 255.256134033203125 298.41839599609375 313.263580322265625 328.060455322265625
214.4180145263671875 228.9447479248046875 182.6257476806640625 152.7092132568359375 151.92706298828125 118.9794158935546875 131.1214752197265625 158.1142120361328125 154.9420623779296875 188.7457275390625 248.4274749755859375 272.1201171875 245.753326416015625 155.0948333740234375 161.2738800048828125 217.775115966796875 225.000030517578125 207.89666748046875 198.945953369140625 163.3928985595703125 202.379486083984375 214.591796875 204.0259246826171875 192.3307037353515625 189.4619598388671875 168.36602783203125 150.06787109375 168.689605712890625 155.1790313720703125 173.0989990234375 217.78558349609375 192.8745269775390625 158.498260498046875 153.6493072509765625 157.135101318359375 179.6045074462890625 188.548614501953125 190.27484130859375 236.0229949951171875 263.04644775390625 246.8009033203125 179.9998779296875
214.5621490478515625 234.543853759765625 173.289642333984375 132.39697265625 163.024017333984375 131.5310516357421875 112.8329620361328125 112.43289947509765625 134.309783935546875 215.0730133056640625 228.944488525390625 228.651763916015625 211.3898162841796875 161.249908447265625 156.8012237548828125 213.0785980224609375 190.007537841796875 178.6356201171875 187.5345306396484375 179.7087860107421875 203.4706878662109375 205.68310546875 187.4952850341796875 192.4920654296875 213.3258209228515625 175.6012115478515625 140.9055633544921875 138.62109375 141.38397216796875 191.04034423828125 234.9811553955078125 201.5699920654296875 105.89929962158203125 133.2374114990234375 164.6380767822265625 180.6360626220703125 177.70892333984375 182.4466705322265625 222.1724700927734375 216.740020751953125 189.27215576171875 183.0242156982421875
211.759307861328125 219.3399810791015625 185.6170806884765625 124.11444091796875 75.9640045166015625 107.44672393798828125 125.53688812255859375 114.702117919921875 96.0726318359375 229.6347198486328125 214.088348388671875 203.9268798828125 196.6383514404296875 174.69232177734375 177.824920654296875 189.9631195068359375 179.039459228515625 184.898834228515625 181.4682769775390625 184.39825439453125 206.70025634765625 196.698638916015625 189.51934814453125 198.957733154296875 211.41351318359375 180.30615234375 176.7476959228515625 143.129638671875 135.734222412109375 198.003692626953125 221.05419921875 174.8597564697265625 142.6700897216796875 157.953704833984375 185.82598876953125 206.564483642578125 143.91436767578125 175.69525146484375 223.63555908203125 213.03961181640625 183.7042083740234375 181.010650634765625
202.589630126953125 220.8716888427734375 221.3661041259765625 186.70947265625 127.40558624267578125 106.46010589599609375 109.01062774658203125 131.3779754638671875 134.99932861328125 176.496185302734375 190.75030517578125 208.2282867431640625 197.783416748046875 168.8705291748046875 190.4253082275390625 183.69085693359375 180.5353546142578125 200.34375 183.8998870849609375 201.80072021484375 215.0953369140625 194.035736083984375 201.655364990234375 203.6287384033203125 194.03582763671875 177.0889892578125 176.299224853515625 154.0251007080078125 140.2465972900390625 199.439788818359375 202.9883575439453125 0 174.6050872802734375 169.8814544677734375 207.062744140625 180.177001953125 160.0767974853515625 188.7784271240234375 226.3853302001953125 221.090911865234375 169.547943115234375 168.775421142578125
224.999176025390625 236.3091583251953125 234.0896453857421875 197.1756591796875 143.9147491455078125 125.8375396728515625 101.84181976318359375 107.0374298095703125 146.802001953125 173.7960205078125 182.1205902099609375 202.8904876708984375 184.3983001708984375 172.693756103515625 189.887481689453125 182.9605712890625 193.9122161865234375 192.3073883056640625 184.9265899658203125 210.792449951171875 193.8908233642578125 192.319305419921875 212.55950927734375 201.6140289306640625 191.70599365234375 176.4964141845703125 156.1398773193359375 151.698760986328125 170.416259765625 175.10040283203125 147.371795654296875 0 187.947998046875 184.1370086669921875 186.943572998046875 158.6025848388671875 162.1150360107421875 210.96319580078125 226.6004180908203125 203.02508544921875 175.5699310302734375 172.800201416015625
281.72503662109375 259.380157470703125 248.1984405517578125 200.854217529296875 132.206390380859375 117.40700531005859375 93.6516571044921875 84.09362030029296875 94.66693115234375 153.0834197998046875 177.8386688232421875 183.416412353515625 178.10308837890625 183.2238616943359375 181.6131591796875 181.12298583984375 211.3897552490234375 212.092010498046875 190.783538818359375 199.9823760986328125 180.4004669189453125 203.198272705078125 196.0729522705078125 189.8108062744140625 198.165435791015625 185.389007568359375 154.3848419189453125 139.7637176513671875 158.80499267578125 161.5645294189453125 117.88167572021484375 102.5285797119140625 210.642791748046875 189.3231658935546875 169.1309967041015625 129.6043701171875 107.9042816162109375 260.936431884765625 245.779327392578125 191.492340087890625 199.6533050537109375 210.5786590576171875
245.555328369140625 257.0047607421875 237.5281219482421875 175.814849853515625 164.309326171875 163.3004302978515625 85.8551788330078125 81.9885101318359375 75.3984375 85.69510650634765625 139.2361907958984375 172.366424560546875 183.8137054443359375 179.4087982177734375 169.84539794921875 189.9577789306640625 227.6258392333984375 215.6547088623046875 188.9721221923828125 166.1385498046875 167.9884185791015625 206.18768310546875 189.4618377685546875 189.86529541015625 194.5883636474609375 201.2712554931640625 200.5560302734375 142.4317169189453125 123.4073638916015625 132.1372222900390625 94.21112823486328125 90.66753387451171875 241.6989898681640625 200.2973175048828125 154.23046875 138.256866455078125 151.62042236328125 256.746612548828125 235.9943695068359375 180.6156463623046875 217.6937103271484375 223.9514007568359375
224.9994659423828125 227.7695770263671875 210.2557830810546875 166.373016357421875 175.2358856201171875 221.423065185546875 114.145660400390625 101.47545623779296875 103.91217803955078125 100.221832275390625 104.34897613525390625 141.8421630859375 192.380340576171875 149.99493408203125 152.986968994140625 210.6178436279296875 228.3657684326171875 204.30401611328125 190.8227081298828125 171.8695526123046875 175.3995361328125 199.7461395263671875 184.9933013916015625 193.6953125 191.86376953125 212.4706573486328125 229.9158935546875 246.035919189453125 50.572208404541015625 118.2097930908203125 115.77685546875 106.6306610107421875 351.86907958984375 117.07172393798828125 134.111602783203125 147.3804168701171875 191.0559539794921875 230.7401275634765625 212.748291015625 203.7718048095703125 231.5993499755859375 225.8236846923828125
