wildfire/work/fuelmodels/1698/slope.asc
ncols        337
nrows        346
xllcorner    197280.000000000000
yllcorner    448235.000000000000
cellsize     5.000000000000
NODATA_value   -999
[rows 126 to 143 of 346, columns 41 to 81 of 337]
87.11092376708984375 65.58502960205078125 63.033489227294921875 67.2368621826171875 60.150829315185546875 66.5277557373046875 75.960113525390625 69.6414794921875 75.1530914306640625 69.508941650390625 49.069416046142578125 41.75218963623046875 34.909244537353515625 28.801839828491210938 25.454721450805664062 27.621568679809570312 36.4633331298828125 41.117244720458984375 42.656520843505859375 37.94493865966796875 43.78873443603515625 66.678863525390625 83.89521026611328125 85.25783538818359375 78.9714508056640625 76.47547149658203125 60.878253936767578125 40.902545928955078125 26.2424163818359375 18.60970306396484375 12.006412506103515625 4.9422707557678222656 5.3165421485900878906 4.3830504417419433594 8.4113492965698242188 12.351587295532226562 16.800596237182617188 27.698429107666015625 38.75312042236328125 45.00542449951171875 50.793651580810546875
61.063236236572265625 54.03936004638671875 64.60848236083984375 65.94765472412109375 56.17650604248046875 64.74214935302734375 71.56073760986328125 70.48918914794921875 65.15346527099609375 43.49753570556640625 33.43984222412109375 33.942554473876953125 29.9582366943359375 27.135257720947265625 24.778810501098632812 30.641099929809570312 50.69409942626953125 62.51862335205078125 57.344234466552734375 46.395259857177734375 45.974941253662109375 64.77442169189453125 87.04181671142578125 78.95758056640625 69.15473175048828125 75.99602508544921875 60.73486328125 32.39717864990234375 16.063449859619140625 11.603582382202148438 8.3892822265625 4.7909059524536132812 5.8667836189270019531 3.7258138656616210938 8.96563720703125 11.838805198669433594 17.430986404418945312 33.526096343994140625 42.53142547607421875 44.252994537353515625 54.75574493408203125
55.959392547607421875 53.592380523681640625 65.45241546630859375 65.73978424072265625 59.8007659912109375 68.8650360107421875 69.71607208251953125 60.00812530517578125 44.739482879638671875 37.971691131591796875 28.821306228637695312 25.75228118896484375 26.453950881958007812 30.903972625732421875 27.880918502807617188 41.093814849853515625 71.14072418212890625 75.330780029296875 50.70001983642578125 36.540424346923828125 42.37557220458984375 58.618556976318359375 80.5698394775390625 75.15605926513671875 66.6649017333984375 74.11263275146484375 64.34595489501953125 29.394296646118164062 6.9669375419616699219 5.8667540550231933594 4.556995391845703125 7.8499522209167480469 9.7243175506591796875 8.7870807647705078125 9.0841350555419921875 8.6543865203857421875 18.882287979125976562 34.28302001953125 37.76575469970703125 43.579631805419921875 59.393512725830078125
67.9650115966796875 54.086246490478515625 67.3168182373046875 71.81194305419921875 61.666812896728515625 62.9923858642578125 58.830471038818359375 52.19618988037109375 37.566043853759765625 33.30615997314453125 27.979894638061523438 22.074169158935546875 21.685283660888671875 24.797237396240234375 31.62346649169921875 51.67424774169921875 79.97562408447265625 76.3937835693359375 43.542816162109375 30.086395263671875 41.189861297607421875 58.712123870849609375 74.39659881591796875 73.5697174072265625 68.22792816162109375 69.82361602783203125 63.451038360595703125 27.577177047729492188 1.5744241476058959961 5.2414288520812988281 10.357003211975097656 17.360082626342773438 14.402531623840332031 5.4903864860534667969 5.7043900489807128906 7.255092620849609375 15.064992904663085938 29.462955474853515625 37.6165771484375 46.806697845458984375 58.27562713623046875
65.963623046875 46.42053985595703125 67.63542938232421875 63.886936187744140625 63.53424072265625 64.11946868896484375 47.72093963623046875 40.8464508056640625 21.966604232788085938 28.556383132934570312 27.400640487670898438 23.641157150268554688 22.528720855712890625 26.528551101684570312 40.02422332763671875 62.5050506591796875 81.9929962158203125 73.21660614013671875 43.637348175048828125 36.69145965576171875 50.16413116455078125 68.26900482177734375 72.43801116943359375 68.2338714599609375 64.183380126953125 62.16982269287109375 60.122287750244140625 35.314697265625 9.2900476455688476562 7.7303028106689453125 10.35926055908203125 12.852284431457519531 4.0747251510620117188 7.0272245407104492188 7.9696440696716308594 13.782444000244140625 12.362079620361328125 23.771905899047851562 39.182834625244140625 47.177379608154296875 54.68918609619140625
63.488590240478515625 53.99100494384765625 66.25966644287109375 58.589508056640625 70.47298431396484375 55.762973785400390625 38.024936676025390625 35.531497955322265625 23.386472702026367188 25.75726318359375 24.358591079711914062 30.392278671264648438 29.008270263671875 32.65938568115234375 48.141155242919921875 73.10137176513671875 80.52822113037109375 71.0671539306640625 50.407501220703125 41.285858154296875 58.83795166015625 72.89328765869140625 67.18521881103515625 62.947025299072265625 60.43560791015625 55.36651611328125 53.633487701416015625 44.827655792236328125 29.871753692626953125 24.2995452880859375 17.72125244140625 8.7137670516967773438 4.6675615310668945312 7.2460994720458984375 15.813899040222167969 24.425603866577148438 23.987453460693359375 32.424289703369140625 39.75250244140625 44.750164031982421875 53.592418670654296875
64.630126953125 57.94428253173828125 56.02935028076171875 62.106601715087890625 65.1063385009765625 44.151195526123046875 32.16710662841796875 24.53708648681640625 31.232435226440429688 31.536188125610351562 28.820585250854492188 30.992095947265625 25.771930694580078125 23.990606307983398438 49.245330810546875 71.1882171630859375 75.725372314453125 72.97252655029296875 66.88303375244140625 57.71881866455078125 63.94676971435546875 64.980010986328125 54.688915252685546875 59.801670074462890625 61.07068634033203125 51.37220001220703125 49.7294464111328125 52.952358245849609375 46.1912994384765625 40.55574798583984375 32.619243621826171875 20.15222930908203125 16.155591964721679688 19.1503753662109375 26.686168670654296875 28.784908294677734375 24.72684478759765625 32.39856719970703125 35.65666961669921875 43.9340057373046875 54.241863250732421875
69.90122222900390625 61.462310791015625 54.795063018798828125 71.12563323974609375 65.30553436279296875 43.713687896728515625 40.520946502685546875 26.305133819580078125 32.98555755615234375 37.405181884765625 31.938264846801757812 30.30339813232421875 23.5199737548828125 27.934251785278320312 48.87731170654296875 59.106143951416015625 72.51336669921875 80.91742706298828125 83.04083251953125 73.8555450439453125 59.881046295166015625 51.134883880615234375 44.3805084228515625 49.7196197509765625 51.53766632080078125 50.75138092041015625 55.71616363525390625 63.892757415771484375 59.964397430419921875 50.375759124755859375 49.7518768310546875 46.658222198486328125 41.360988616943359375 39.3534088134765625 39.813323974609375 33.674652099609375 28.820501327514648438 32.817958831787109375 31.118154525756835938 40.8309478759765625 56.287109375
67.498870849609375 67.456695556640625 60.052249908447265625 68.92507171630859375 65.374267578125 43.301036834716796875 43.375049591064453125 31.902896881103515625 30.00830841064453125 35.25225067138671875 31.904230117797851562 28.279632568359375 26.707361221313476562 34.847110748291015625 45.72565460205078125 54.451274871826171875 79.93593597412109375 93.58740234375 86.54972076416015625 71.1744842529296875 45.21506500244140625 43.322357177734375 46.18497467041015625 34.492465972900390625 38.20561981201171875 50.873767852783203125 52.39844512939453125 61.7928009033203125 71.76531219482421875 68.793701171875 69.245758056640625 73.6515350341796875 69.55741119384765625 62.03150177001953125 57.49480438232421875 51.000782012939453125 44.779449462890625 39.185306549072265625 35.81296539306640625 39.575603485107421875 54.024860382080078125
54.352603912353515625 78.17713165283203125 72.35292816162109375 59.103961944580078125 58.89450836181640625 46.105442047119140625 41.998371124267578125 29.216930389404296875 23.998605728149414062 30.322231292724609375 31.126682281494140625 33.00623321533203125 33.513446807861328125 32.926975250244140625 43.818836212158203125 58.222431182861328125 85.5972442626953125 99.77657318115234375 91.6154327392578125 72.2653656005859375 47.875701904296875 49.575275421142578125 51.841907501220703125 37.0420989990234375 41.40106964111328125 49.238189697265625 48.89810943603515625 53.482028961181640625 64.88156890869140625 74.497802734375 80.05770111083984375 85.37935638427734375 89.44651031494140625 83.63832855224609375 69.1827239990234375 56.06689453125 50.4941558837890625 46.422542572021484375 38.92258453369140625 36.934612274169921875 46.751220703125
52.543910980224609375 84.50748443603515625 84.16956329345703125 57.05393218994140625 53.276035308837890625 50.161815643310546875 41.459522247314453125 28.546186447143554688 23.009298324584960938 26.707361221313476562 32.60346221923828125 41.270877838134765625 33.910526275634765625 32.94403839111328125 43.25122833251953125 58.318878173828125 84.123077392578125 98.01480865478515625 97.6645050048828125 86.64068603515625 59.775379180908203125 52.17568206787109375 48.22354888916015625 37.6027984619140625 38.813995361328125 46.697048187255859375 51.955661773681640625 58.264217376708984375 69.4180450439453125 80.66759490966796875 82.732177734375 83.18706512451171875 89.5696258544921875 90.0723419189453125 80.93389129638671875 69.07076263427734375 59.485843658447265625 51.0791778564453125 39.583675384521484375 33.98504638671875 47.9651031494140625
62.644863128662109375 85.3375244140625 83.16297149658203125 52.039630889892578125 45.727352142333984375 50.175472259521484375 44.995693206787109375 30.505855560302734375 24.982397079467773438 26.204034805297851562 37.992122650146484375 42.60237884521484375 30.86244964599609375 35.2179718017578125 42.879642486572265625 54.229152679443359375 75.4394683837890625 89.19374847412109375 91.36789703369140625 89.8938446044921875 71.95372772216796875 56.677989959716796875 37.148822784423828125 24.217645645141601562 34.081878662109375 46.158901214599609375 58.95766448974609375 68.594940185546875 75.3787689208984375 82.7692413330078125 88.73656463623046875 90.60218048095703125 89.9918060302734375 91.63446044921875 93.79703521728515625 91.2288055419921875 78.90027618408203125 61.322109222412109375 46.010478973388671875 33.804584503173828125 46.96529388427734375
77.44785308837890625 85.6467132568359375 69.6847381591796875 47.643375396728515625 43.95517730712890625 48.466400146484375 44.61006927490234375 32.034427642822265625 27.486440658569335938 28.83258819580078125 43.631191253662109375 44.029754638671875 35.37650299072265625 38.2985076904296875 45.181365966796875 54.30341339111328125 66.440643310546875 79.2910308837890625 87.15518951416015625 93.12103271484375 85.0896148681640625 69.1234283447265625 39.7698974609375 16.233001708984375 32.234729766845703125 47.395732879638671875 62.969318389892578125 75.6401824951171875 79.23123931884765625 82.7922821044921875 90.39534759521484375 95.61951446533203125 99.09264373779296875 103.74881744384765625 104.3827667236328125 101.43990325927734375 95.34920501708984375 86.8994140625 77.955810546875 67.4533843994140625 53.77902984619140625
81.12567901611328125 79.5169525146484375 53.535770416259765625 44.580596923828125 43.84116363525390625 45.29083251953125 42.627544403076171875 32.75942230224609375 25.267839431762695312 29.495866775512695312 37.57421112060546875 36.670421600341796875 35.825931549072265625 40.41930389404296875 47.057647705078125 55.480770111083984375 60.4372406005859375 70.2714385986328125 77.7855682373046875 89.44489288330078125 91.225616455078125 79.81097412109375 56.486175537109375 25.78980255126953125 35.1260528564453125 45.589630126953125 59.07769012451171875 67.3435821533203125 71.40185546875 78.36974334716796875 83.11962127685546875 87.2755584716796875 91.04486846923828125 93.768310546875 97.22753143310546875 104.0601043701171875 108.14009857177734375 105.79889678955078125 95.84879302978515625 88.3473358154296875 77.2836761474609375
69.89703369140625 76.326995849609375 59.15624237060546875 53.947772979736328125 52.94512176513671875 49.368839263916015625 44.48474884033203125 34.606525421142578125 18.540241241455078125 34.317142486572265625 27.686338424682617188 16.666034698486328125 26.811069488525390625 38.52204132080078125 48.230194091796875 55.261455535888671875 58.17932891845703125 68.4402618408203125 72.95654296875 78.68625640869140625 84.169647216796875 77.8901519775390625 62.277561187744140625 36.626804351806640625 37.925952911376953125 53.72845458984375 61.1194915771484375 62.6710205078125 67.20546722412109375 72.20203399658203125 75.3883514404296875 78.93639373779296875 80.0704498291015625 85.6244354248046875 92.48040008544921875 98.872833251953125 102.71366119384765625 102.953094482421875 102.178924560546875 96.1226654052734375 86.4529876708984375
64.31700897216796875 83.197540283203125 72.14934539794921875 60.95040130615234375 54.976970672607421875 48.62975311279296875 43.128040313720703125 32.970912933349609375 22.063573837280273438 46.1417999267578125 25.204029083251953125 3.6997432708740234375 17.289623260498046875 38.20163726806640625 47.886257171630859375 49.245941162109375 54.77117919921875 68.311553955078125 78.544342041015625 76.492919921875 73.06671905517578125 67.2855224609375 54.58884429931640625 38.1001739501953125 39.70824432373046875 57.12760162353515625 64.990814208984375 63.51789093017578125 64.3851318359375 65.5739288330078125 64.113433837890625 70.224029541015625 81.491546630859375 91.79473876953125 94.58771514892578125 95.56829833984375 105.30924224853515625 111.2422943115234375 108.251220703125 100.96004486083984375 92.8819122314453125
70.0584716796875 91.96848297119140625 73.27169036865234375 59.85416412353515625 52.111545562744140625 44.6800689697265625 41.417079925537109375 29.45970916748046875 33.395904541015625 51.332035064697265625 26.226749420166015625 20.365550994873046875 25.93743133544921875 44.041782379150390625 53.30966949462890625 50.322376251220703125 58.755512237548828125 66.7605438232421875 78.16109466552734375 79.87081146240234375 66.2415008544921875 59.6248626708984375 48.89228057861328125 34.950626373291015625 33.458927154541015625 48.5282745361328125 59.59820556640625 61.681224822998046875 53.397571563720703125 53.27207183837890625 57.122821807861328125 66.53570556640625 71.061798095703125 74.5191192626953125 81.3870697021484375 86.46453094482421875 94.82941436767578125 104.9113311767578125 101.3478240966796875 90.77631378173828125 89.26361846923828125
82.4585113525390625 94.83971405029296875 70.31493377685546875 60.197643280029296875 51.97010040283203125 42.525234222412109375 39.2169036865234375 25.082334518432617188 42.007568359375 48.4858856201171875 28.91713714599609375 38.10944366455078125 35.8613128662109375 46.079219818115234375 56.14241790771484375 57.14227294921875 68.8955230712890625 72.60892486572265625 75.38021087646484375 78.71327972412109375 62.946044921875 53.306270599365234375 43.471828460693359375 27.062038421630859375 17.69994354248046875 38.056842803955078125 50.98203277587890625 67.16463470458984375 60.809024810791015625 50.209461212158203125 49.702423095703125 48.066265106201171875 46.839206695556640625 54.7046661376953125 63.76685333251953125 66.297149658203125 66.14282989501953125 78.53823089599609375 95.01573944091796875 91.413177490234375 84.93978118896484375
