wildfire/work/fuelmodels/1698/slope.asc
ncols        337
nrows        346
xllcorner    197280.000000000000
yllcorner    448235.000000000000
cellsize     5.000000000000
NODATA_value   -999
[rows 126 to 143 of 346, columns 287 to 327 of 337]
51.466999053955078125 39.912693023681640625 34.317165374755859375 36.7071075439453125 42.73955535888671875 47.435733795166015625 54.666599273681640625 47.07025146484375 28.75469970703125 25.879405975341796875 30.499530792236328125 34.0552978515625 42.79015350341796875 49.999614715576171875 45.578327178955078125 52.058597564697265625 53.3687591552734375 51.98688507080078125 54.62512969970703125 62.4712066650390625 57.14286041259765625 45.059253692626953125 41.216091156005859375 30.630016326904296875 17.49027252197265625 9.7988634109497070312 7.3646364212036132812 4.8730263710021972656 8.4383411407470703125 9.6918191909790039062 9.5647859573364257812 11.4857330322265625 10.305982589721679688 10.46175384521484375 14.304982185363769531 13.94745635986328125 16.356884002685546875 20.628389358520507812 17.504575729370117188 15.830829620361328125 14.125254631042480469
36.07314300537109375 27.612287521362304688 27.554210662841796875 26.465938568115234375 30.033718109130859375 44.1869964599609375 46.955265045166015625 31.3791046142578125 23.89359283447265625 31.196245193481445312 37.8953857421875 43.846622467041015625 45.64507293701171875 49.89928436279296875 48.2680206298828125 48.572052001953125 48.870235443115234375 48.136264801025390625 49.828845977783203125 54.01657867431640625 47.918735504150390625 38.45369720458984375 36.3764495849609375 23.883975982666015625 12.979306221008300781 6.3288145065307617188 0.99401879310607910156 5.0010132789611816406 8.6925306320190429688 12.960667610168457031 13.504522323608398438 11.985589981079101562 12.8365020751953125 14.248394966125488281 17.551136016845703125 15.834453582763671875 13.536844253540039062 17.362424850463867188 18.985790252685546875 18.2650909423828125 15.599889755249023438
32.295597076416015625 28.928495407104492188 26.366083145141601562 24.427030563354492188 27.727142333984375 38.05696868896484375 34.27574920654296875 28.276998519897460938 28.886016845703125 34.691387176513671875 38.821468353271484375 42.423442840576171875 43.39997100830078125 48.4656219482421875 49.123363494873046875 43.381633758544921875 41.305660247802734375 44.7346343994140625 46.14971923828125 45.5480499267578125 42.901432037353515625 37.0628662109375 32.941570281982421875 18.518064498901367188 5.5824785232543945312 2.9022715091705322266 3.5387489795684814453 5.1114535331726074219 9.1240854263305664062 10.170919418334960938 10.179720878601074219 8.4661865234375 8.4258623123168945312 10.033130645751953125 13.42761993408203125 13.622419357299804688 11.595824241638183594 13.030385017395019531 17.179103851318359375 20.526050567626953125 19.033720016479492188
42.0445404052734375 33.028247833251953125 25.820903778076171875 25.905834197998046875 47.063266754150390625 53.57291412353515625 34.666713714599609375 29.271776199340820312 36.34549713134765625 34.075176239013671875 33.035099029541015625 36.310260772705078125 36.5032958984375 41.157257080078125 46.611911773681640625 39.5763702392578125 34.776683807373046875 44.280544281005859375 46.6079559326171875 41.043445587158203125 38.473560333251953125 31.627214431762695312 26.597036361694335938 14.725983619689941406 7.5781807899475097656 11.562410354614257812 12.0790557861328125 12.809969902038574219 10.654893875122070312 9.6280527114868164062 9.2333688735961914062 8.09363555908203125 7.3525028228759765625 9.184192657470703125 11.915131568908691406 13.038949012756347656 11.086604118347167969 12.406627655029296875 15.306722640991210938 18.906118392944335938 21.12589263916015625
34.46123504638671875 28.284149169921875 25.186288833618164062 23.664869308471679688 60.184665679931640625 54.762104034423828125 51.688507080078125 35.29296875 32.583484649658203125 28.635684967041015625 31.77063751220703125 36.16345977783203125 34.1750640869140625 41.15438079833984375 50.323947906494140625 41.82642364501953125 36.124298095703125 42.829193115234375 44.89379119873046875 36.376216888427734375 31.863742828369140625 25.818708419799804688 22.899892807006835938 12.574934959411621094 6.8874783515930175781 12.319552421569824219 15.366066932678222656 10.134877204895019531 7.2192158699035644531 7.1368813514709472656 5.9828457832336425781 5.2474236488342285156 8.422939300537109375 10.132723808288574219 12.647367477416992188 12.406618118286132812 12.450922012329101562 12.362272262573242188 15.618249893188476562 17.298440933227539062 16.789134979248046875
23.411912918090820312 24.214693069458007812 26.88805389404296875 30.83544158935546875 56.3665313720703125 21.505992889404296875 35.1968231201171875 31.088237762451171875 27.306636810302734375 29.147512435913085938 34.668628692626953125 38.456287384033203125 35.8806610107421875 43.987934112548828125 50.59893798828125 40.41719818115234375 33.75788116455078125 36.023326873779296875 40.72162628173828125 32.5857391357421875 25.192113876342773438 21.031126022338867188 20.689737319946289062 10.187661170959472656 8.1454668045043945312 8.53472137451171875 5.2227540016174316406 4.3273410797119140625 3.2449808120727539062 4.3216953277587890625 7.0409293174743652344 5.8404526710510253906 8.2864522933959960938 9.1099214553833007812 11.454655647277832031 9.320644378662109375 10.416131019592285156 12.236573219299316406 14.802083969116210938 13.209544181823730469 9.1098794937133789062
27.319843292236328125 27.77242279052734375 27.200185775756835938 34.29892730712890625 40.27565765380859375 13.895159721374511719 14.933145523071289062 24.610782623291015625 25.696878433227539062 27.891000747680664062 31.688035964965820312 37.791637420654296875 35.995418548583984375 41.2961883544921875 44.255157470703125 37.895412445068359375 32.47113037109375 29.660684585571289062 35.689968109130859375 28.0101165771484375 21.571605682373046875 18.51671600341796875 16.650018692016601562 8.8622875213623046875 5.681671142578125 3.4271135330200195312 1.9260921478271484375 1.5325758457183837891 1.5484523773193359375 2.2661709785461425781 7.0455870628356933594 7.6271443367004394531 7.3821835517883300781 3.5635893344879150391 7.4139208793640136719 9.5378141403198242188 8.271732330322265625 11.897458076477050781 11.8988037109375 12.950022697448730469 9.9383821487426757812
27.319887161254882812 27.421722412109375 26.401197433471679688 30.539707183837890625 30.867593765258789062 25.410060882568359375 28.5823974609375 27.931604385375976562 25.313594818115234375 26.7990875244140625 30.208513259887695312 37.43060302734375 34.454864501953125 37.929107666015625 38.493488311767578125 35.546234130859375 35.2317047119140625 28.48537445068359375 29.5847930908203125 24.223112106323242188 23.13300323486328125 19.737928390502929688 11.952387809753417969 5.0156679153442382812 1.9428791999816894531 1.1735134124755859375 2.9078967571258544922 2.6969420909881591797 3.545436859130859375 3.5839939117431640625 1.200734257698059082 2.0990490913391113281 3.8854291439056396484 1.2075151205062866211 5.8043956756591796875 12.3805389404296875 5.1367449760437011719 9.583446502685546875 12.111006736755371094 12.806834220886230469 10.713999748229980469
28.38608551025390625 26.357269287109375 29.413976669311523438 33.311435699462890625 30.604597091674804688 25.018537521362304688 26.832349777221679688 26.830572128295898438 26.174581527709960938 28.421056747436523438 32.57433319091796875 38.3184967041015625 33.13211822509765625 34.99306488037109375 34.48532867431640625 33.18019866943359375 37.467376708984375 24.550962448120117188 21.586183547973632812 23.981136322021484375 25.318704605102539062 19.2444915771484375 11.206361770629882812 6.5747098922729492188 3.9841597080230712891 3.7432234287261962891 5.0090322494506835938 7.0455594062805175781 6.7976746559143066406 6.6434254646301269531 6.6397123336791992188 4.5995330810546875 4.0187726020812988281 2.6239194869995117188 5.2321162223815917969 10.646615982055664062 6.891086578369140625 6.5241374969482421875 9.123210906982421875 12.089007377624511719 12.185591697692871094
26.63057708740234375 20.65818023681640625 30.04154205322265625 38.445648193359375 32.362529754638671875 25.3491973876953125 23.886838912963867188 20.551542282104492188 20.7515411376953125 25.696010589599609375 28.216421127319335938 31.831432342529296875 28.613277435302734375 31.646572113037109375 33.88225555419921875 32.510894775390625 34.97820281982421875 21.23565673828125 19.77719879150390625 25.875890731811523438 26.95819091796875 21.619611740112304688 13.37023162841796875 10.698089599609375 8.0130968093872070312 7.4128923416137695312 11.0485992431640625 11.857288360595703125 10.931532859802246094 12.900592803955078125 13.941469192504882812 11.505417823791503906 7.3437643051147460938 6.4001374244689941406 7.7796010971069335938 8.9521846771240234375 8.6542339324951171875 8.0485525131225585938 7.0087857246398925781 11.614693641662597656 15.249567031860351562
27.024106979370117188 26.592128753662109375 35.5576324462890625 31.91172027587890625 25.718675613403320312 22.774824142456054688 20.931369781494140625 18.333898544311523438 21.1777496337890625 28.051939010620117188 28.7040863037109375 30.28912353515625 27.593412399291992188 30.588056564331054688 34.78802490234375 29.209270477294921875 29.881914138793945312 22.316492080688476562 20.856624603271484375 24.721584320068359375 27.2939605712890625 19.338342666625976562 8.0826559066772460938 8.7649335861206054688 10.958834648132324219 7.2794623374938964844 8.2638387680053710938 10.369411468505859375 12.320307731628417969 13.966583251953125 16.911905288696289062 19.52754974365234375 16.170000076293945312 10.990575790405273438 9.4380474090576171875 9.4354381561279296875 10.561895370483398438 9.7417497634887695312 6.3288822174072265625 9.8606634140014648438 15.206065177917480469
28.649440765380859375 30.800983428955078125 30.383266448974609375 22.942630767822265625 21.526546478271484375 20.27387237548828125 16.844453811645507812 18.201066970825195312 25.599445343017578125 29.445735931396484375 29.56317901611328125 31.838100433349609375 29.172733306884765625 31.321887969970703125 32.898921966552734375 24.909893035888671875 26.189746856689453125 21.252613067626953125 17.683031082153320312 22.354871749877929688 23.990509033203125 15.183788299560546875 5.0347871780395507812 6.9577555656433105469 10.113539695739746094 10.023518562316894531 7.5642571449279785156 6.4955539703369140625 7.7868590354919433594 10.247023582458496094 12.044795036315917969 16.064912796020507812 16.946132659912109375 12.611419677734375 10.313831329345703125 11.188371658325195312 11.7201385498046875 9.3655748367309570312 6.7545332908630371094 7.9919629096984863281 10.89008331298828125
24.084676742553710938 25.072439193725585938 22.718715667724609375 22.159877777099609375 21.933580398559570312 22.650747299194335938 23.697444915771484375 25.47463226318359375 25.801898956298828125 25.197673797607421875 26.083644866943359375 26.426641464233398438 22.626203536987304688 27.393703460693359375 29.123235702514648438 21.030727386474609375 24.554094314575195312 20.753004074096679688 16.411516189575195312 19.835393905639648438 21.206975936889648438 14.933145523071289062 6.6397867202758789062 4.7348279953002929688 4.4708485603332519531 3.5999486446380615234 2.3469071388244628906 6.8534793853759765625 9.1630029678344726562 6.9889698028564453125 5.2320122718811035156 8.9114198684692382812 14.8462066650390625 13.683942794799804688 9.759090423583984375 11.65306854248046875 13.46018218994140625 9.9235515594482421875 8.9628925323486328125 7.6947226524353027344 8.45853424072265625
16.38349151611328125 20.300527572631835938 21.97985076904296875 20.729753494262695312 17.101787567138671875 18.724672317504882812 20.841947555541992188 21.367633819580078125 19.912107467651367188 22.29759979248046875 23.149883270263671875 21.361118316650390625 19.86844635009765625 26.47582244873046875 26.436798095703125 16.997554779052734375 24.212007522583007812 21.017164230346679688 15.777668952941894531 19.456485748291015625 19.620296478271484375 9.4199619293212890625 4.4181036949157714844 0.71994692087173461914 7.1368312835693359375 6.0901608467102050781 5.236530303955078125 11.426553726196289062 9.5935611724853515625 0.63639545440673828125 2.6728029251098632812 4.48358154296875 11.434981346130371094 14.157339096069335938 10.263524055480957031 11.249643325805664062 13.357611656188964844 9.6742229461669921875 11.01110076904296875 9.0134134292602539062 8.0093145370483398438
11.802540779113769531 11.9524383544921875 13.964769363403320312 12.959918022155761719 13.3720703125 15.039257049560546875 13.338746070861816406 14.000514030456542969 17.616664886474609375 19.63146209716796875 20.696666717529296875 22.499399185180664062 24.885309219360351562 28.767034530639648438 22.112802505493164062 15.218754768371582031 26.509515762329101562 21.687862396240234375 15.600037574768066406 17.65203094482421875 14.125807762145996094 5.7888741493225097656 4.4546809196472167969 1.5327532291412353516 9.6783590316772460938 4.7226786613464355469 3.9311223030090332031 15.290782928466796875 12.687678337097167969 7.6462087631225585938 8.7657690048217773438 12.153061866760253906 13.280500411987304688 13.598829269409179688 11.269083023071289062 10.92783355712890625 11.706190109252929688 6.3912744522094726562 10.359174728393554688 11.394617080688476562 10.199590682983398438
5.8626570701599121094 9.8991985321044921875 8.5347261428833007812 12.82517242431640625 16.463161468505859375 12.088959693908691406 8.825473785400390625 13.494841575622558594 15.950293540954589844 15.73256683349609375 23.905483245849609375 27.326944351196289062 26.056680679321289062 25.925052642822265625 16.549236297607421875 14.863135337829589844 29.309894561767578125 23.931043624877929688 16.15503692626953125 12.875487327575683594 11.063837051391601562 7.5255656242370605469 4.090709686279296875 3.8771684169769287109 7.8611655235290527344 3.5201873779296875 1.5744712352752685547 9.7217588424682617188 13.823976516723632812 13.461979866027832031 13.825164794921875 13.418519020080566406 10.824400901794433594 10.401433944702148438 10.362382888793945312 10.369326591491699219 10.606164932250976562 5.3529410362243652344 7.8705587387084960938 10.892210960388183594 12.9175262451171875
7.4140577316284179688 11.962618827819824219 9.1850452423095703125 12.992380142211914062 10.461838722229003906 5.8170213699340820312 6.4955921173095703125 13.281186103820800781 13.803462982177734375 17.313457489013671875 26.466066360473632812 25.866636276245117188 23.175123214721679688 19.835836410522460938 12.559422492980957031 14.252970695495605469 29.433427810668945312 24.338062286376953125 10.103834152221679688 7.5255703926086425781 9.8506822586059570312 5.9422206878662109375 2.8028929233551025391 5.2797446250915527344 4.5033650398254394531 3.4575474262237548828 3.4458031654357910156 2.9023482799530029297 6.4403886795043945312 12.062840461730957031 11.722164154052734375 9.2763156890869140625 7.8221440315246582031 8.6571598052978515625 9.2901754379272460938 10.710184097290039062 9.844974517822265625 4.7518639564514160156 7.3987917900085449219 11.09606170654296875 12.987421035766601562
10.055810928344726562 12.867420196533203125 11.208421707153320312 7.7722158432006835938 6.3288145065307617188 3.8203873634338378906 10.542903900146484375 14.631379127502441406 17.8411712646484375 23.327386856079101562 24.156087875366210938 22.002111434936523438 20.508920669555664062 13.997083663940429688 11.678452491760253906 14.631280899047851562 26.59162139892578125 25.474279403686523438 9.166591644287109375 4.7365102767944335938 7.2895379066467285156 4.3885946273803710938 1.0260852575302124023 2.9821946620941162109 3.0600993633270263672 2.2517733573913574219 2.7533047199249267578 1.8089389801025390625 6.7449941635131835938 8.4113359451293945312 5.8956160545349121094 5.247470855712890625 5.5139007568359375 6.6373748779296875 7.5695805549621582031 10.187444686889648438 9.2192897796630859375 3.3698318004608154297 8.6842365264892578125 12.309160232543945312 10.653448104858398438
