wildfire/work/fuelmodels/1698/slope.asc
ncols        337
nrows        346
xllcorner    197280.000000000000
yllcorner    448235.000000000000
cellsize     5.000000000000
NODATA_value   -999
[rows 18 to 35 of 346, columns 246 to 286 of 337]
15.099360466003417969 13.059456825256347656 12.49170684814453125 7.3986182212829589844 22.41001129150390625 35.19673919677734375 18.660465240478515625 7.8499836921691894531 2.6848926544189453125 2.8460078239440917969 12.450844764709472656 20.770685195922851562 8.4756708145141601562 3.8855626583099365234 9.5173320770263671875 12.328161239624023438 12.079006195068359375 12.450807571411132812 9.1417379379272460938 9.3449554443359375 12.1889190673828125 15.989271163940429688 15.162928581237792969 18.911190032958984375 17.692615509033203125 14.273395538330078125 13.2877960205078125 18.491886138916015625 18.363420486450195312 19.012010574340820312 25.8760833740234375 11.990896224975585938 7.0006499290466308594 17.012744903564453125 60.7388153076171875 41.769969940185546875 60.348907470703125 50.379405975341796875 15.707757949829101562 21.931650161743164062 32.64875030517578125
14.532105445861816406 14.937359809875488281 16.9818572998046875 12.067533493041992188 14.365869522094726562 27.834741592407226562 23.000314712524414062 12.725123405456542969 5.5138092041015625 8.8255481719970703125 12.182867050170898438 21.937143325805664062 16.161571502685546875 3.2197415828704833984 9.9878473281860351562 16.209529876708984375 13.571413040161132812 6.7498097419738769531 5.5910506248474121094 9.2927494049072265625 12.966854095458984375 16.422906875610351562 17.736385345458984375 20.358814239501953125 16.842462539672851562 18.058897018432617188 20.06916046142578125 17.629625320434570312 14.148670196533203125 18.340543746948242188 24.54378509521484375 13.980342864990234375 3.0171415805816650391 17.95806884765625 51.66101837158203125 65.94673919677734375 59.2449493408203125 43.9709320068359375 14.412383079528808594 16.82123565673828125 30.261095046997070312
12.852286338806152344 15.245868682861328125 18.724590301513671875 18.307529449462890625 11.827914237976074219 23.305011749267578125 20.698455810546875 12.974268913269042969 9.3577623367309570312 12.559493064880371094 12.209504127502441406 13.678215980529785156 20.471456527709960938 11.482283592224121094 8.0363712310791015625 14.961199760437011719 13.124479293823242188 8.1861696243286132812 5.6986894607543945312 7.5126490592956542969 13.10642242431640625 16.793003082275390625 21.7082366943359375 23.173658370971679688 15.183687210083007812 15.137272834777832031 23.19171142578125 21.002330780029296875 11.919172286987304688 15.118098258972167969 23.845294952392578125 22.000272750854492188 16.503759384155273438 30.338182449340820312 37.934215545654296875 63.768184661865234375 54.568050384521484375 30.858278274536132812 15.815571784973144531 17.933370590209960938 27.269775390625
12.403964042663574219 19.336698532104492188 15.294999122619628906 17.00699615478515625 14.202854156494140625 26.081634521484375 21.845325469970703125 12.007009506225585938 11.324685096740722656 13.098479270935058594 14.648960113525390625 3.5454716682434082031 14.883776664733886719 13.009939193725585938 3.0759410858154296875 8.71009063720703125 12.159063339233398438 8.3108243942260742188 4.1691689491271972656 6.0502824783325195312 7.3789567947387695312 9.5741481781005859375 23.82861328125 23.978498458862304688 15.839899063110351562 15.038702964782714844 18.129842758178710938 22.171474456787109375 14.544833183288574219 9.4996128082275390625 18.62241363525390625 27.9342041015625 24.707622528076171875 26.4341888427734375 23.2323150634765625 28.14977264404296875 42.271938323974609375 28.643983840942382812 16.470630645751953125 15.139486312866210938 16.383533477783203125
21.562498092651367188 22.378879547119140625 13.180298805236816406 11.263880729675292969 9.0267896652221679688 27.271078109741210938 24.768266677856445312 9.3335561752319335938 12.201470375061035156 14.008069992065429688 17.967531204223632812 7.8002834320068359375 11.375355720520019531 13.854954719543457031 2.2264912128448486328 7.2928829193115234375 10.36234283447265625 8.2077274322509765625 3.5658655166625976562 7.4117226600646972656 7.4920802116394042969 5.8279371261596679688 21.878496170043945312 22.87700653076171875 17.298467636108398438 19.131847381591796875 16.72551727294921875 19.939334869384765625 18.502712249755859375 10.478100776672363281 13.919534683227539062 26.885591506958007812 30.095106124877929688 24.372837066650390625 26.648664474487304688 26.475460052490234375 10.434687614440917969 29.507658004760742188 25.2486572265625 18.924493789672851562 13.373296737670898438
30.271600723266601562 23.173742294311523438 16.610736846923828125 6.8497743606567382812 7.8002486228942871094 26.307674407958984375 23.251733779907226562 14.482419967651367188 17.549695968627929688 18.8908538818359375 23.600725173950195312 15.690944671630859375 16.510280609130859375 15.768616676330566406 8.0375051498413085938 12.879872322082519531 11.508172035217285156 7.6354913711547851562 7.381183624267578125 9.5446500778198242188 7.6526365280151367188 6.2361278533935546875 14.931532859802246094 19.103597640991210938 18.691486358642578125 23.952907562255859375 23.641246795654296875 18.970979690551757812 19.876064300537109375 19.626455307006835938 16.031091690063476562 24.17378997802734375 30.827859878540039062 23.766588211059570312 21.2282867431640625 31.204593658447265625 20.300556182861328125 4.5194864273071289062 21.890483856201171875 24.928903579711914062 18.613582611083984375
24.018280029296875 25.68972015380859375 20.993106842041015625 6.7916269302368164062 11.14044189453125 22.1421356201171875 24.9030609130859375 24.699617385864257812 21.547637939453125 19.46179962158203125 25.242025375366210938 24.426958084106445312 9.9457025527954101562 10.08139801025390625 14.927178382873535156 14.04039764404296875 9.458461761474609375 8.3999147415161132812 4.9424810409545898438 4.7704877853393554688 8.8621091842651367188 8.77594757080078125 8.9196233749389648438 11.924551010131835938 12.653786659240722656 20.247583389282226562 27.92357635498046875 19.101617813110351562 14.982789039611816406 24.28697967529296875 20.155338287353515625 19.1622772216796875 25.065771102905273438 25.321247100830078125 24.101732254028320312 26.335346221923828125 23.883142471313476562 18.607913970947265625 14.662138938903808594 15.075212478637695312 27.735301971435546875
18.57936859130859375 20.929506301879882812 17.298534393310546875 11.93134307861328125 13.768215179443359375 17.907800674438476562 20.25762939453125 20.848094940185546875 19.984910964965820312 19.474863052368164062 20.471363067626953125 28.038217544555664062 17.400791168212890625 10.413759231567382812 13.598706245422363281 8.1860942840576171875 9.0384197235107421875 11.601527214050292969 9.4824934005737304688 66.04815673828125 108.84441375732421875 99.1235198974609375 24.449289321899414062 9.5571603775024414062 8.2961435317993164062 13.17841339111328125 25.568170547485351562 20.02503204345703125 17.423643112182617188 24.269071578979492188 18.517930984497070312 17.537700653076171875 19.827732086181640625 21.409027099609375 26.372936248779296875 24.616441726684570312 19.3345794677734375 20.07878875732421875 22.865255355834960938 16.016948699951171875 24.721561431884765625
14.576497077941894531 13.434704780578613281 13.11382293701171875 12.626933097839355469 12.852092742919921875 10.770521163940429688 8.3098077774047851562 7.7168798446655273438 14.509885787963867188 15.283802032470703125 9.79056549072265625 20.6842193603515625 28.23250579833984375 14.042667388916015625 3.4576330184936523438 5.7889809608459472656 12.915017127990722656 13.89234161376953125 12.739209175109863281 99.4458465576171875 37.357635498046875 110.98123931884765625 43.10977935791015625 11.330568313598632812 8.3342037200927734375 12.263075828552246094 21.634532928466796875 20.906131744384765625 17.953641891479492188 19.62357330322265625 20.282567977905273438 19.772333145141601562 19.1643524169921875 19.060367584228515625 26.358156204223632812 24.639860153198242188 17.897417068481445312 20.4443206787109375 27.943389892578125 31.521768569946289062 10.958117485046386719
15.058156013488769531 13.950226783752441406 13.270039558410644531 10.06778717041015625 10.199419975280761719 13.164905548095703125 7.3986883163452148438 6.4893617630004882812 13.145299911499023438 12.022532463073730469 8.4766674041748046875 17.8157958984375 23.160970687866210938 16.274677276611328125 6.944805145263671875 8.5866851806640625 14.958578109741210938 10.945645332336425781 11.84360504150390625 67.5431671142578125 125.62076568603515625 115.01555633544921875 42.38451385498046875 16.688283920288085938 12.806233406066894531 12.357637405395507812 15.038702964782714844 19.45510101318359375 16.599607467651367188 12.844782829284667969 19.795135498046875 21.078990936279296875 20.597200393676757812 16.645631790161132812 25.921176910400390625 25.429290771484375 10.007349014282226562 17.492130279541015625 31.345109939575195312 45.4145355224609375 32.086421966552734375
54.37984466552734375 40.669891357421875 13.432896614074707031 12.926840782165527344 10.989858627319335938 11.745606422424316406 7.4694647789001464844 10.170123100280761719 10.591007232666015625 12.926897048950195312 14.070375442504882812 14.506971359252929688 16.663537979125976562 15.328258514404296875 12.252302169799804688 10.072484970092773438 14.848980903625488281 13.397424697875976562 12.385735511779785156 14.032865524291992188 13.867162704467773438 14.684221267700195312 12.546545982360839844 12.022519111633300781 15.919838905334472656 17.525262832641601562 10.871424674987792969 15.635053634643554688 16.819871902465820312 8.8201007843017578125 20.589298248291015625 22.381349563598632812 19.846075057983398438 15.646026611328125 25.758749008178710938 25.757226943969726562 5.3589196205139160156 6.3403363227844238281 15.620175361633300781 43.22589111328125 50.661037445068359375
70.37436676025390625 78.9271240234375 13.88747406005859375 14.576360702514648438 14.120726585388183594 11.081493377685546875 6.8214001655578613281 14.080094337463378906 11.998333930969238281 13.321229934692382812 17.988687515258789062 14.032839775085449219 11.212129592895507812 10.029140472412109375 13.150770187377929688 12.880492210388183594 12.700321197509765625 13.786980628967285156 13.619534492492675781 14.582113265991210938 15.797524452209472656 13.945592880249023438 10.827481269836425781 10.326395034790039062 17.579095840454101562 20.808588027954101562 18.789136886596679688 17.667011260986328125 18.044572830200195312 10.598735809326171875 20.564291000366210938 23.094278335571289062 17.57999420166015625 15.925884246826171875 25.021091461181640625 23.112436294555664062 4.9127392768859863281 1.2790216207504272461 7.6355690956115722656 31.34693145751953125 55.0146331787109375
88.767486572265625 117.53395843505859375 20.321516036987304688 13.074872970581054688 17.004732131958007812 13.665126800537109375 5.9653964042663574219 16.154165267944335938 16.01849365234375 9.7549924850463867188 17.300374984741210938 15.746312141418457031 8.7296800613403320312 8.8894739151000976562 9.9170980453491210938 15.474658012390136719 14.984935760498046875 12.070261001586914062 13.583799362182617188 11.153607368469238281 15.075260162353515625 25.0904083251953125 20.84816741943359375 16.877443313598632812 19.062143325805664062 17.479114532470703125 19.706949234008789062 20.191852569580078125 16.999505996704101562 15.525194168090820312 21.862131118774414062 23.32568359375 16.4954681396484375 16.467111587524414062 22.742788314819335938 19.511064529418945312 8.0213718414306640625 1.7682334184646606445 4.4400577545166015625 22.731388092041015625 62.892120361328125
74.79326629638671875 115.7971954345703125 21.297336578369140625 10.836384773254394531 18.73816680908203125 17.711828231811523438 8.2785243988037109375 14.572060585021972656 14.926077842712402344 9.8572797775268554688 16.690685272216796875 17.404653549194335938 11.884502410888671875 11.876980781555175781 11.188343048095703125 13.712409019470214844 13.787117958068847656 11.612680435180664062 13.9571075439453125 8.6280078887939453125 2.2517678737640380859 29.771028518676757812 32.19469451904296875 11.762052536010742188 13.2750396728515625 15.021624565124511719 20.438426971435546875 24.755571365356445312 24.427164077758789062 22.837757110595703125 18.032482147216796875 14.863631248474121094 13.8292694091796875 15.618702888488769531 18.450242996215820312 16.812105178833007812 14.961236953735351562 6.791721343994140625 12.414376258850097656 21.39776611328125 55.11083984375
104.00199127197265625 76.46991729736328125 15.264351844787597656 10.341257095336914062 16.900447845458984375 18.940324783325195312 12.113728523254394531 13.401759147644042969 14.011088371276855469 11.998228073120117188 16.101388931274414062 13.3848724365234375 13.370318412780761719 15.858763694763183594 13.236606597900390625 10.313852310180664062 10.81549835205078125 13.512909889221191406 14.392245292663574219 11.73110198974609375 11.634949684143066406 27.129140853881835938 29.023832321166992188 15.2780609130859375 14.431040763854980469 16.018589019775390625 15.664107322692871094 14.866254806518554688 16.850008010864257812 16.053192138671875 11.22722625732421875 6.0302276611328125 10.505872726440429688 18.057682037353515625 18.827060699462890625 19.46136474609375 20.3216094970703125 22.142110824584960938 15.086461067199707031 9.2219495773315429688 38.31424713134765625
24.44831085205078125 20.952520370483398438 12.959418296813964844 13.089167594909667969 14.451092720031738281 15.653771400451660156 10.737421035766601562 11.300560951232910156 14.268328666687011719 14.843982696533203125 14.544710159301757812 11.821784019470214844 12.003163337707519531 15.903673171997070312 15.025266647338867188 12.954961776733398438 13.271318435668945312 12.976808547973632812 10.148565292358398438 15.132594108581542969 17.004800796508789062 17.897256851196289062 18.844221115112304688 23.399127960205078125 19.86557769775390625 17.427906036376953125 17.212921142578125 12.027223587036132812 10.132518768310546875 8.22855377197265625 12.254563331604003906 12.28614044189453125 2.7208397388458251953 13.523691177368164062 15.393585205078125 13.712390899658203125 16.252798080444335938 24.639942169189453125 24.71923065185546875 17.677581787109375 30.314611434936523438
18.200986862182617188 19.271753311157226562 15.673929214477539062 14.806928634643554688 11.209789276123046875 14.905423164367675781 12.925686836242675781 10.637457847595214844 14.984935760498046875 14.676971435546875 13.876431465148925781 13.333965301513671875 11.157995223999023438 16.645843505859375 14.430958747863769531 15.264216423034667969 16.103567123413085938 9.2132463455200195312 6.2476944923400878906 12.282862663269042969 15.826281547546386719 21.143045425415039062 24.2151031494140625 27.593595504760742188 25.862020492553710938 20.372007369995117188 16.486309051513671875 10.020094871520996094 11.3802337646484375 16.009494781494140625 16.227603912353515625 13.514636993408203125 17.828214645385742188 15.585475921630859375 17.74322509765625 18.979320526123046875 23.51338958740234375 22.875642776489257812 37.151988983154296875 29.111017227172851562 26.553356170654296875
15.92594146728515625 16.636445999145507812 11.616909027099609375 16.775705337524414062 12.076855659484863281 13.880454063415527344 16.867382049560546875 12.02863311767578125 16.001384735107421875 13.812752723693847656 12.809971809387207031 14.397418975830078125 13.527247428894042969 16.4486083984375 14.769826889038085938 16.61254119873046875 16.667531967163085938 10.434763908386230469 7.6238465309143066406 11.107748985290527344 11.903650283813476562 12.753727912902832031 17.744985580444335938 21.322217941284179688 25.745992660522460938 22.833301544189453125 16.340684890747070312 10.878068923950195312 10.074849128723144531 22.423082351684570312 23.119432449340820312 13.868896484375 23.126644134521484375 31.55721282958984375 32.388515472412109375 34.4734649658203125 33.301868438720703125 26.878221511840820312 35.689968109130859375 25.42431640625 16.61511993408203125
