wildfire/work/fuelmodels/1698/slope.asc
ncols        337
nrows        346
xllcorner    197280.000000000000
yllcorner    448235.000000000000
cellsize     5.000000000000
NODATA_value   -999
[rows 126 to 143 of 346, columns 0 to 40 of 337]
0 14.300365447998046875 11.936038017272949219 16.438991546630859375 21.641588211059570312 22.387388229370117188 18.601453781127929688 18.540594100952148438 11.10993194580078125 10.319317817687988281 14.3613433837890625 19.361494064331054688 22.806718826293945312 23.56348419189453125 24.892650604248046875 21.974267959594726562 15.653771400451660156 12.59300994873046875 14.2937469482421875 14.136763572692871094 12.315624237060546875 13.162998199462890625 19.669582366943359375 21.748712539672851562 11.960649490356445312 6.8532996177673339844 15.425026893615722656 24.16490936279296875 26.1279754638671875 16.448383331298828125 11.429385185241699219 9.7483854293823242188 4.3347215652465820312 7.656848907470703125 23.02863311767578125 42.68122100830078125 64.48476409912109375 77.5732879638671875 73.526031494140625 94.90478515625 109.097503662109375
0 23.878454208374023438 21.244701385498046875 21.047916412353515625 19.227783203125 18.420099258422851562 25.099092483520507812 31.873455047607421875 30.7533416748046875 26.784639358520507812 20.45133209228515625 19.353267669677734375 22.345216751098632812 21.951141357421875 20.822946548461914062 19.224020004272460938 18.492246627807617188 17.147596359252929688 13.745471000671386719 9.9123296737670898438 10.871485710144042969 15.290770530700683594 24.444019317626953125 19.915487289428710938 10.338953971862792969 9.6212720870971679688 18.025423049926757812 23.201848983764648438 27.950860977172851562 20.384519577026367188 15.22718048095703125 14.389020919799804688 8.6458978652954101562 14.959054946899414062 33.8624114990234375 53.619831085205078125 70.2375946044921875 69.71585845947265625 62.64642333984375 90.54416656494140625 95.26120758056640625
0 32.842273712158203125 30.598344802856445312 26.747503280639648438 19.7642364501953125 16.234003067016601562 19.972503662109375 23.252773284912109375 26.647430419921875 33.505611419677734375 30.0037994384765625 20.583036422729492188 16.001390457153320312 11.908997535705566406 13.622419357299804688 14.579699516296386719 14.509668350219726562 12.849672317504882812 9.2535123825073242188 5.2981228828430175781 2.1637945175170898438 6.7917432785034179688 17.787372589111328125 10.716235160827636719 18.474691390991210938 28.7199859619140625 31.867889404296875 30.0096588134765625 35.501728057861328125 29.581624984741210938 23.674341201782226562 17.950962066650390625 11.412305831909179688 24.508556365966796875 41.440822601318359375 66.57184600830078125 78.20194244384765625 63.3238983154296875 65.4857177734375 82.05045318603515625 77.82257843017578125
0 29.650045394897460938 27.832223892211914062 25.813709259033203125 23.568994522094726562 27.32869720458984375 36.6957244873046875 36.251708984375 25.394556045532226562 23.06496429443359375 28.372316360473632812 26.19289398193359375 18.314189910888671875 7.762836456298828125 6.9889698028564453125 7.8498620986938476562 10.132604598999023438 12.667830467224121094 10.72536468505859375 5.6127371788024902344 3.0547950267791748047 6.6190500259399414062 16.401235580444335938 6.9297518730163574219 9.75417327880859375 29.981603622436523438 23.082712173461914062 25.045164108276367188 36.097713470458984375 29.027936935424804688 21.398847579956054688 14.790985107421875 12.163553237915039062 31.32183837890625 50.3620147705078125 78.45000457763671875 79.2516326904296875 57.455047607421875 75.3806610107421875 74.37020111083984375 71.769134521484375
0 20.025287628173828125 16.505334854125976562 22.939096450805664062 24.243816375732421875 39.618175506591796875 51.029483795166015625 53.531368255615234375 39.826137542724609375 17.044620513916015625 18.938314437866210938 29.848558425903320312 34.416584014892578125 27.108179092407226562 18.937345504760742188 13.143484115600585938 15.206032752990722656 14.255212783813476562 11.840403556823730469 13.486031532287597656 12.592973709106445312 14.3224945068359375 17.18647003173828125 10.505751609802246094 21.516193389892578125 23.277683258056640625 17.343280792236328125 25.862030029296875 33.59297943115234375 24.42559051513671875 12.749294281005859375 10.32648468017578125 10.384984016418457031 33.964183807373046875 58.053829193115234375 88.5740966796875 82.35184478759765625 54.67014312744140625 75.863372802734375 71.59426116943359375 74.9061431884765625
0 27.275066375732421875 19.018903732299804688 22.310680389404296875 15.903673171997070312 29.516229629516601562 18.755313873291015625 39.31284332275390625 45.297115325927734375 18.8308258056640625 10.5311279296875 14.285167694091796875 25.501070022583007812 27.576145172119140625 23.636465072631835938 18.487798690795898438 15.593259811401367188 19.8296966552734375 19.107748031616210938 17.780050277709960938 18.71575927734375 19.669315338134765625 20.755071640014648438 18.980726242065429688 21.328052520751953125 22.31066131591796875 23.835313796997070312 28.767007827758789062 29.661111831665039062 19.680820465087890625 9.9952688217163085938 14.787964820861816406 19.180768966674804688 40.82054901123046875 68.28652191162109375 96.9615478515625 84.4606781005859375 54.095001220703125 79.55945587158203125 76.5298004150390625 74.13226318359375
0 33.13669586181640625 26.475473403930664062 26.583515167236328125 15.690962791442871094 15.675905227661132812 17.267156600952148438 28.937288284301757812 35.2086639404296875 22.782335281372070312 17.580411911010742188 13.25659942626953125 16.558427810668945312 19.368337631225585938 22.267307281494140625 21.28556060791015625 17.863031387329101562 21.484712600708007812 20.501003265380859375 17.8308258056640625 19.659742355346679688 21.894927978515625 21.15341949462890625 19.809566497802734375 23.315469741821289062 27.326944351196289062 26.789508819580078125 26.163509368896484375 25.488506317138671875 18.375802993774414062 16.093929290771484375 20.737613677978515625 28.931604385375976562 52.33226776123046875 90.64858245849609375 97.96427154541015625 84.12050628662109375 74.00463104248046875 86.37638092041015625 74.84070587158203125 67.7523345947265625
0 31.198383331298828125 27.047344207763671875 30.874044418334960938 24.926631927490234375 10.446370124816894531 1.6740435361862182617 12.974459648132324219 21.307159423828125 23.325769424438476562 25.429506301879882812 25.451910018920898438 26.039216995239257812 24.293292999267578125 21.539724349975585938 20.583429336547851562 17.703126907348632812 18.784526824951171875 19.752819061279296875 21.209827423095703125 23.098423004150390625 26.202968597412109375 27.043870925903320312 27.100982666015625 26.650144577026367188 23.674236297607421875 24.360986709594726562 27.678556442260742188 25.539859771728515625 20.226043701171875 22.40248870849609375 24.728244781494140625 20.30059051513671875 47.875881195068359375 104.79589080810546875 100.658660888671875 88.051544189453125 94.29087066650390625 84.4786224365234375 64.8186492919921875 63.658782958984375
0 30.393869400024414062 26.90876007080078125 29.358327865600585938 26.046636581420898438 19.632738113403320312 16.617002487182617188 14.764924049377441406 14.135064125061035156 15.209799766540527344 17.51935577392578125 20.2671661376953125 27.81983184814453125 28.721055984497070312 23.08469390869140625 22.569074630737304688 21.579988479614257812 21.852087020874023438 24.018280029296875 26.536041259765625 24.715120315551757812 25.2499237060546875 24.721647262573242188 23.541444778442382812 20.701307296752929688 18.352016448974609375 26.364736557006835938 32.887119293212890625 24.853179931640625 23.726968765258789062 29.289318084716796875 19.009885787963867188 13.413739204406738281 37.07769775390625 102.45259857177734375 118.9999542236328125 93.8137054443359375 102.6218414306640625 86.3193817138671875 63.428600311279296875 66.78861236572265625
0 25.824703216552734375 23.641363143920898438 27.691160202026367188 24.843687057495117188 25.737230300903320312 28.561902999877929688 25.011373519897460938 16.46703338623046875 12.052141189575195312 10.02347564697265625 7.6112422943115234375 20.2847442626953125 24.214994430541992188 23.245359420776367188 23.028497695922851562 22.975635528564453125 22.754011154174804688 20.875886917114257812 20.39559173583984375 21.0367584228515625 20.755138397216796875 16.106082916259765625 16.2314910888671875 17.011444091796875 19.469303131103515625 29.019460678100585938 29.23339080810546875 21.276762008666992188 31.48874664306640625 27.525617599487304688 14.049665451049804688 21.431650161743164062 22.939096450805664062 99.66963958740234375 135.5165252685546875 94.6106414794921875 107.67108917236328125 83.7880859375 66.43889617919921875 74.6722564697265625
0 26.217576980590820312 24.53002166748046875 28.595722198486328125 25.680858612060546875 24.78833770751953125 28.894113540649414062 31.48578643798828125 23.281759262084960938 15.328740119934082031 10.822285652160644531 7.8044891357421875 13.493779182434082031 16.153665542602539062 19.12133026123046875 19.7841796875 23.407501220703125 24.780019760131835938 18.431976318359375 16.636465072631835938 17.408803939819335938 14.4024200439453125 12.5755767822265625 18.470964431762695312 17.356874465942382812 20.998804092407226562 29.093454360961914062 26.836154937744140625 28.473901748657226562 33.671001434326171875 11.567922592163085938 27.533903121948242188 19.562347412109375 26.678447723388671875 103.25820159912109375 134.4169158935546875 96.64144134521484375 108.50052642822265625 88.24212646484375 82.25994873046875 83.52082061767578125
0 34.530483245849609375 30.274715423583984375 29.048288345336914062 25.718809127807617188 17.81583404541015625 18.882246017456054688 24.24828338623046875 23.819427490234375 17.947679519653320312 16.109043121337890625 19.467626571655273438 21.115278244018554688 19.534811019897460938 21.835784912109375 24.014820098876953125 25.721038818359375 28.639493942260742188 23.654943466186523438 21.141155242919921875 23.34377288818359375 25.64217376708984375 25.643390655517578125 25.885959625244140625 25.7980499267578125 30.757452011108398438 29.419347763061523438 23.933954238891601562 26.074800491333007812 24.989847183227539062 11.38745880126953125 33.6870574951171875 14.537697792053222656 45.667858123779296875 116.555755615234375 126.12928009033203125 101.71025848388671875 107.97187042236328125 102.2902069091796875 92.76454925537109375 78.65887451171875
0 35.5872802734375 33.15531158447265625 28.071720123291015625 23.888668060302734375 21.403438568115234375 21.154560089111328125 20.264293670654296875 24.843784332275390625 25.996034622192382812 26.4292449951171875 27.244489669799804688 28.514682769775390625 28.767871856689453125 25.365987777709960938 20.39566802978515625 17.169586181640625 21.168470382690429688 22.293268203735351562 23.758825302124023438 25.804647445678710938 27.242883682250976562 27.593494415283203125 28.402788162231445312 31.758714675903320312 29.951807022094726562 18.653455734252929688 10.880401611328125 21.343542098999023438 22.774959564208984375 18.838148117065429688 34.66400909423828125 13.605297088623046875 69.21625518798828125 128.1989898681640625 109.62392425537109375 99.0746612548828125 113.61411285400390625 106.6848297119140625 84.22171783447265625 71.9012298583984375
0 30.487066268920898438 31.275447845458984375 28.953220367431640625 28.744424819946289062 30.960865020751953125 30.02877044677734375 24.566202163696289062 25.51619720458984375 29.145599365234375 28.954019546508789062 23.812257766723632812 20.265386581420898438 23.154027938842773438 21.788867950439453125 16.852453231811523438 13.302425384521484375 17.777355194091796875 18.944204330444335938 19.826166152954101562 20.176103591918945312 18.794704437255859375 23.513021469116210938 28.811557769775390625 22.79080963134765625 10.35930633544921875 5.4652638435363769531 5.8598489761352539062 20.432416915893554688 23.910898208618164062 14.792203903198242188 39.197551727294921875 32.24192047119140625 89.39312744140625 125.943206787109375 108.01287078857421875 111.146484375 118.29126739501953125 102.49692535400390625 82.63956451416015625 76.60589599609375
0 27.216068267822265625 29.299072265625 25.2498779296875 19.968715667724609375 24.989473342895507812 30.857250213623046875 25.643280029296875 24.778852462768554688 22.718915939331054688 22.444644927978515625 24.966291427612304688 22.262821197509765625 20.753152847290039062 20.872488021850585938 22.6347808837890625 20.20386505126953125 22.879444122314453125 25.52536773681640625 23.415384292602539062 24.49834442138671875 27.142160415649414062 27.404172897338867188 21.605913162231445312 12.774686813354492188 9.6382722854614257812 11.887943267822265625 10.737421035766601562 17.924375534057617188 27.277507781982421875 15.87264251708984375 57.260650634765625 58.699405670166015625 98.2569427490234375 123.58467864990234375 123.97426605224609375 121.793212890625 99.93808746337890625 97.2128448486328125 93.91797637939453125 77.32346343994140625
0 22.758718490600585938 28.130016326904296875 26.24958038330078125 17.336147308349609375 14.834827423095703125 22.958528518676757812 23.436346054077148438 23.24857330322265625 23.065155029296875 25.11183929443359375 26.14382171630859375 21.430612564086914062 22.919231414794921875 24.747762680053710938 26.081590652465820312 28.295175552368164062 31.167520523071289062 37.31693267822265625 38.763156890869140625 34.313144683837890625 29.865528106689453125 23.161182403564453125 13.711864471435546875 8.369007110595703125 7.2034292221069335938 6.178585052490234375 4.91268157958984375 13.889307022094726562 30.626356124877929688 15.479944229125976562 74.453643798828125 79.08055877685546875 104.885955810546875 129.5576324462890625 128.61883544921875 114.75211334228515625 93.44135284423828125 96.643157958984375 99.2976837158203125 69.03850555419921875
0 18.2616729736328125 24.170236587524414062 25.170488357543945312 23.28176116943359375 19.8175811767578125 19.888299942016601562 20.02204132080078125 22.119070053100585938 26.428861618041992188 31.84612274169921875 36.263507843017578125 32.147907257080078125 31.207021713256835938 34.1413116455078125 33.73909759521484375 33.752666473388671875 30.974554061889648438 26.954914093017578125 25.222812652587890625 20.631559371948242188 14.36202239990234375 11.324860572814941406 14.202854156494140625 12.700273513793945312 4.9635148048400878906 9.3526735305786132812 14.656124114990234375 21.237150192260742188 44.648975372314453125 44.71134185791015625 76.20721435546875 95.57320404052734375 110.298858642578125 135.6878204345703125 127.8853302001953125 104.9205780029296875 93.8868560791015625 85.2734832763671875 86.1753997802734375 64.77991485595703125
0 16.792970657348632812 20.798566818237304688 23.49779510498046875 21.35810089111328125 22.200054168701171875 28.30872344970703125 25.861629486083984375 21.279882431030273438 22.2106475830078125 24.135080337524414062 30.826215744018554688 30.56047821044921875 24.106121063232421875 23.788343429565429688 25.345273971557617188 18.903863906860351562 12.996689796447753906 9.1920709609985351562 6.3683843612670898438 6.3912744522094726562 7.2361459732055664062 5.1681857109069824219 7.9116048812866210938 7.8407306671142578125 8.4918165206909179688 21.758962631225585938 30.459226608276367188 43.8493194580078125 68.14599609375 89.74478912353515625 95.1789398193359375 99.55670166015625 124.39076995849609375 147.802093505859375 122.11273956298828125 90.72623443603515625 91.95720672607421875 83.5606689453125 80.439605712890625 74.2476959228515625
