wildfire/work/fuelmodels/1824/ahn1.asc
ncols        288
nrows        320
xllcorner    174275.000000000000
yllcorner    482380.000000000000
cellsize     5.000000000000
NODATA_value   -999
[rows 144 to 161 of 320, columns 41 to 81 of 288]
8.9899997711181640625 8.9499998092651367188 9.1000003814697265625 9.5399999618530273438 9.479999542236328125 9.1000003814697265625 9.0600004196166992188 9.4399995803833007812 9.479999542236328125 9.340000152587890625 8.9899997711181640625 8.270000457763671875 8.0399999618530273438 8.1999998092651367188 8.1499996185302734375 8.270000457763671875 8.3800001144409179688 8.5 8.9499998092651367188 8.75 9.0799999237060546875 8.6700000762939453125 9.25 9.0100002288818359375 9.2899999618530273438 9.5399999618530273438 9.0399999618530273438 8.6899995803833007812 8.1499996185302734375 7.9699997901916503906 8.0100002288818359375 7.9499998092651367188 7.8499999046325683594 7.6399998664855957031 7.4299998283386230469 7.6799998283386230469 8.159999847412109375 8.4700002670288085938 8.6099996566772460938 9.409999847412109375 10.140000343322753906
9.1400003433227539062 8.909999847412109375 9.520000457763671875 10.220000267028808594 9.659999847412109375 9.1000003814697265625 8.7799997329711914062 8.93000030517578125 9.7200002670288085938 9.3599996566772460938 8.9700002670288085938 7.7600002288818359375 7.7800002098083496094 7.8800001144409179688 8.229999542236328125 8.2600002288818359375 8.6099996566772460938 8.3900003433227539062 8.4399995803833007812 8.5100002288818359375 8.6199998855590820312 8.68000030517578125 8.7399997711181640625 8.7200002670288085938 9.1199998855590820312 9.340000152587890625 8.9399995803833007812 8.8000001907348632812 8.270000457763671875 8.0799999237060546875 8.0100002288818359375 7.8899998664855957031 7.7699999809265136719 7.6300001144409179688 7.5799999237060546875 7.8499999046325683594 8.5299997329711914062 8.8000001907348632812 9.3000001907348632812 9.3699998855590820312 9.3999996185302734375
8.9399995803833007812 8.3800001144409179688 9.0600004196166992188 10.100000381469726562 9.6199998855590820312 8.9700002670288085938 8.31999969482421875 8.43000030517578125 8.6999998092651367188 9.229999542236328125 8.06999969482421875 7.8800001144409179688 8.0799999237060546875 7.909999847412109375 8.2100000381469726562 8.3599996566772460938 8.659999847412109375 8.8100004196166992188 8.8299999237060546875 8.4600000381469726562 8.479999542236328125 8.520000457763671875 8.590000152587890625 8.729999542236328125 8.8000001907348632812 9.020000457763671875 9.4700002670288085938 8.8699998855590820312 8.6099996566772460938 8.4700002670288085938 8.0399999618530273438 7.7199997901916503906 8.18000030517578125 8.1300001144409179688 8.090000152587890625 7.9699997901916503906 8.5600004196166992188 8.7899999618530273438 8.9899997711181640625 9.56999969482421875 9.6999998092651367188
8.3599996566772460938 8.3800001144409179688 8.1700000762939453125 8.4499998092651367188 8.6400003433227539062 8.3900003433227539062 8.1300001144409179688 8.2399997711181640625 7.9800000190734863281 7.8899998664855957031 7.8899998664855957031 8.4200000762939453125 8.1300001144409179688 8.1099996566772460938 8.0799999237060546875 8.159999847412109375 8.6499996185302734375 8.840000152587890625 8.81999969482421875 8.43000030517578125 8.590000152587890625 8.4399995803833007812 8.5600004196166992188 8.590000152587890625 8.6199998855590820312 9.0399999618530273438 8.93000030517578125 8.7799997329711914062 9.1300001144409179688 9.31999969482421875 9.159999847412109375 7.7899999618530273438 7.909999847412109375 8.3900003433227539062 8.5100002288818359375 8.6300001144409179688 8.7100000381469726562 8.6999998092651367188 8.7399997711181640625 8.909999847412109375 9.2799997329711914062
9.090000152587890625 8.6700000762939453125 8.4499998092651367188 8.1400003433227539062 8.0299997329711914062 8 7.6500000953674316406 7.5700001716613769531 7.5500001907348632812 7.4299998283386230469 7.8499999046325683594 8.2200002670288085938 8.1700000762939453125 8.06999969482421875 7.8600001335144042969 8 8.4700002670288085938 8.4600000381469726562 8.5100002288818359375 8.3500003814697265625 8.5799999237060546875 8.520000457763671875 8.5399999618530273438 8.7200002670288085938 8.6999998092651367188 8.659999847412109375 8.6999998092651367188 8.840000152587890625 9.5500001907348632812 9.159999847412109375 8.9899997711181640625 8.2399997711181640625 7.9299998283386230469 8.090000152587890625 8.43000030517578125 8.6499996185302734375 8.4700002670288085938 8.2899999618530273438 8.4899997711181640625 8.5500001907348632812 8.6700000762939453125
9.8800001144409179688 9.75 9.3000001907348632812 8.1199998855590820312 7.6300001144409179688 7.8499999046325683594 7.5500001907348632812 7.4000000953674316406 7.4200000762939453125 7.5799999237060546875 8.229999542236328125 8.409999847412109375 8.0600004196166992188 7.8499999046325683594 7.8899998664855957031 8.2200002670288085938 8.4499998092651367188 8.3100004196166992188 8.4899997711181640625 8.6099996566772460938 8.9399995803833007812 8.5600004196166992188 8.6199998855590820312 8.840000152587890625 8.8100004196166992188 8.9600000381469726562 8.9600000381469726562 9.18000030517578125 9.1499996185302734375 9.3100004196166992188 9.0799999237060546875 8.3999996185302734375 8.229999542236328125 8.4499998092651367188 8.5600004196166992188 8.3599996566772460938 8 8.0500001907348632812 8.1199998855590820312 8.3100004196166992188 8.5
10.420000076293945312 10.050000190734863281 9.5299997329711914062 8.5799999237060546875 7.5 7.5100002288818359375 7.3699998855590820312 7.2300000190734863281 7.5300002098083496094 7.840000152587890625 8.409999847412109375 8.3299999237060546875 7.9800000190734863281 7.9699997901916503906 8.18000030517578125 8.3100004196166992188 8.7399997711181640625 8.9499998092651367188 9.3299999237060546875 8.9600000381469726562 9.1400003433227539062 8.9200000762939453125 8.9600000381469726562 9.1400003433227539062 9.6099996566772460938 10.579999923706054688 10.550000190734863281 9.8699998855590820312 9.8299999237060546875 9.4700002670288085938 9.229999542236328125 8.3299999237060546875 8.3599996566772460938 8.5100002288818359375 8.270000457763671875 8.0100002288818359375 7.9299998283386230469 7.9400000572204589844 8.0399999618530273438 8.1899995803833007812 8.3800001144409179688
10.239999771118164062 10.729999542236328125 10.609999656677246094 9.75 9.229999542236328125 8.3500003814697265625 8.1300001144409179688 7.4600000381469726562 7.8699998855590820312 7.909999847412109375 8.93000030517578125 9 8.6300001144409179688 8.3500003814697265625 8.090000152587890625 8.6999998092651367188 8.4899997711181640625 8.9200000762939453125 9.18000030517578125 9.9200000762939453125 8.9700002670288085938 9.3299999237060546875 9.8900003433227539062 10.119999885559082031 10.029999732971191406 10.739999771118164062 11.409999847412109375 11.149999618530273438 10.880000114440917969 10.710000038146972656 10.279999732971191406 9 8.7100000381469726562 8.4499998092651367188 8.2600002288818359375 8.090000152587890625 7.9800000190734863281 7.9499998092651367188 8 8.090000152587890625 8.3000001907348632812
9.979999542236328125 11.140000343322753906 11.340000152587890625 11 10.699999809265136719 9.0500001907348632812 8.6000003814697265625 7.8499999046325683594 8.7200002670288085938 8.2200002670288085938 7.9400000572204589844 8.6999998092651367188 8.0399999618530273438 8.0799999237060546875 8.2799997329711914062 8.8299999237060546875 8.4700002670288085938 8.4399995803833007812 8.7600002288818359375 8.6300001144409179688 9.2399997711181640625 9.93000030517578125 10.279999732971191406 10.340000152587890625 10.539999961853027344 11.029999732971191406 11.479999542236328125 11.380000114440917969 11.229999542236328125 11.060000419616699219 10.340000152587890625 9.2600002288818359375 8.7600002288818359375 8.4200000762939453125 8.1899995803833007812 8.0399999618530273438 7.9400000572204589844 7.9400000572204589844 7.9699997901916503906 8.0600004196166992188 8.3900003433227539062
9.840000152587890625 10.789999961853027344 10.630000114440917969 10.760000228881835938 10.630000114440917969 9.7200002670288085938 9.020000457763671875 8.7899999618530273438 8.1300001144409179688 7.909999847412109375 7.5500001907348632812 7.5999999046325683594 7.7800002098083496094 7.75 7.8600001335144042969 8.3800001144409179688 8.1899995803833007812 8.1999998092651367188 8.1499996185302734375 8.6700000762939453125 10.039999961853027344 10.81999969482421875 11.359999656677246094 11.489999771118164062 11.220000267028808594 11.369999885559082031 11.399999618530273438 11.310000419616699219 10.880000114440917969 10.239999771118164062 9.6000003814697265625 9.0600004196166992188 8.6499996185302734375 8.3299999237060546875 8.18000030517578125 8.020000457763671875 7.9600000381469726562 7.9299998283386230469 7.9400000572204589844 8.0799999237060546875 8.6400003433227539062
10.210000038146972656 10.31999969482421875 10.029999732971191406 10.289999961853027344 10.130000114440917969 9.1499996185302734375 8.8999996185302734375 8.7600002288818359375 8.6199998855590820312 7.6900000572204589844 7.6300001144409179688 7.5700001716613769531 7.5599999427795410156 7.4600000381469726562 7.4699997901916503906 7.8000001907348632812 7.8200001716613769531 7.8699998855590820312 7.8600001335144042969 8.3100004196166992188 9.1300001144409179688 10.229999542236328125 11.119999885559082031 11.350000381469726562 11.050000190734863281 11.020000457763671875 10.800000190734863281 10.489999771118164062 10.140000343322753906 9.6999998092651367188 9.2799997329711914062 8.8900003433227539062 8.5600004196166992188 8.3599996566772460938 8.2200002670288085938 7.9499998092651367188 7.9299998283386230469 7.9400000572204589844 7.9200000762939453125 8.1400003433227539062 9.0600004196166992188
10.729999542236328125 10.869999885559082031 10.68000030517578125 10.720000267028808594 10.279999732971191406 9.8900003433227539062 10.159999847412109375 10.050000190734863281 10.210000038146972656 9.479999542236328125 8.2100000381469726562 7.6700000762939453125 7.5700001716613769531 7.4299998283386230469 7.340000152587890625 7.3200001716613769531 7.4299998283386230469 7.6300001144409179688 7.7800002098083496094 8.090000152587890625 8.68000030517578125 9.340000152587890625 10.060000419616699219 9.9200000762939453125 10.279999732971191406 10.289999961853027344 10.109999656677246094 9.9399995803833007812 9.6499996185302734375 9.340000152587890625 8.979999542236328125 8.7600002288818359375 8.5100002288818359375 8.3599996566772460938 8.159999847412109375 7.9600000381469726562 7.8899998664855957031 7.8899998664855957031 7.7699999809265136719 8 8.6700000762939453125
9.3100004196166992188 9.6999998092651367188 10.43000030517578125 11.079999923706054688 10.739999771118164062 10.779999732971191406 10.739999771118164062 10.340000152587890625 9.6700000762939453125 8.9700002670288085938 8.5399999618530273438 7.7600002288818359375 7.6199998855590820312 7.4600000381469726562 7.3499999046325683594 7.3200001716613769531 7.3499999046325683594 7.4600000381469726562 7.6399998664855957031 7.8800001144409179688 8.06999969482421875 8.3999996185302734375 8.6199998855590820312 9.0100002288818359375 9.3500003814697265625 9.6099996566772460938 9.6499996185302734375 9.56999969482421875 9.3299999237060546875 9.0600004196166992188 8.8500003814697265625 8.659999847412109375 8.3999996185302734375 8.270000457763671875 8.090000152587890625 7.9000000953674316406 7.7800002098083496094 7.8000001907348632812 7.7100000381469726562 7.659999847412109375 7.840000152587890625
8.9899997711181640625 9.7600002288818359375 10.590000152587890625 10.899999618530273438 10.770000457763671875 10.659999847412109375 10.109999656677246094 10 9.8000001907348632812 9.31999969482421875 8.31999969482421875 7.8899998664855957031 7.7399997711181640625 7.5399999618530273438 7.2899999618530273438 7.2699999809265136719 7.3200001716613769531 7.4299998283386230469 7.6199998855590820312 7.8200001716613769531 8.0299997329711914062 8.2799997329711914062 8.4899997711181640625 8.8000001907348632812 9.1099996566772460938 9.3000001907348632812 9.590000152587890625 9.1199998855590820312 9.0799999237060546875 8.9600000381469726562 8.81999969482421875 8.6300001144409179688 8.4899997711181640625 8.270000457763671875 8.1000003814697265625 7.9499998092651367188 7.8000001907348632812 7.6900000572204589844 7.6199998855590820312 7.4699997901916503906 7.3699998855590820312
8.5299997329711914062 9.159999847412109375 9.4899997711181640625 10.020000457763671875 10.579999923706054688 11.039999961853027344 10.149999618530273438 9.5500001907348632812 9.6000003814697265625 9.229999542236328125 8.75 7.9200000762939453125 7.6500000953674316406 7.5 7.3299999237060546875 7.2600002288818359375 7.2699999809265136719 7.3499999046325683594 7.5700001716613769531 7.7800002098083496094 8.0600004196166992188 8.2600002288818359375 8.520000457763671875 8.7200002670288085938 8.9499998092651367188 9.0500001907348632812 9.1499996185302734375 9.0799999237060546875 9.090000152587890625 9.0399999618530273438 8.9200000762939453125 8.7399997711181640625 8.5799999237060546875 8.3599996566772460938 8.2100000381469726562 8 7.840000152587890625 7.6900000572204589844 7.5399999618530273438 7.3899998664855957031 7.3099999427795410156
8.7100000381469726562 9.0600004196166992188 9.020000457763671875 9.7100000381469726562 10.310000419616699219 10.420000076293945312 9.6199998855590820312 8.840000152587890625 8.6899995803833007812 8.729999542236328125 8.1199998855590820312 7.5 7.4800000190734863281 7.5 7.6199998855590820312 7.5799999237060546875 7.5100002288818359375 7.5 7.6300001144409179688 7.8499999046325683594 8.1499996185302734375 8.340000152587890625 8.56999969482421875 8.770000457763671875 8.9200000762939453125 9.0399999618530273438 9.0500001907348632812 8.9899997711181640625 9.0299997329711914062 9.0399999618530273438 9 8.9600000381469726562 8.7899999618530273438 8.6199998855590820312 8.2899999618530273438 8.0500001907348632812 7.8099999427795410156 7.6199998855590820312 7.4800000190734863281 7.3000001907348632812 7.1999998092651367188
10.159999847412109375 10.199999809265136719 8.6199998855590820312 9.0299997329711914062 9.7799997329711914062 9.9700002670288085938 9.0799999237060546875 8.229999542236328125 7.75 7.3800001144409179688 7.2100000381469726562 7.3800001144409179688 7.5300002098083496094 7.8000001907348632812 7.8299999237060546875 7.8600001335144042969 7.8800001144409179688 7.9299998283386230469 7.9000000953674316406 7.9299998283386230469 8.090000152587890625 8.3100004196166992188 8.4600000381469726562 8.7100000381469726562 8.840000152587890625 8.8900003433227539062 8.93000030517578125 9.090000152587890625 9.25 9.2899999618530273438 9.31999969482421875 9.3500003814697265625 9.2600002288818359375 9.0600004196166992188 8.7799997329711914062 8.3500003814697265625 7.840000152587890625 7.5 7.3000001907348632812 7.1999998092651367188 7.1300001144409179688
9.6099996566772460938 9.979999542236328125 9.8500003814697265625 9.8800001144409179688 9.8299999237060546875 10.310000419616699219 8.3999996185302734375 8.0100002288818359375 7.5199999809265136719 7.2600002288818359375 7.659999847412109375 8.31999969482421875 8.1000003814697265625 8.1700000762939453125 8.1400003433227539062 8.1099996566772460938 7.9600000381469726562 7.9699997901916503906 8.1000003814697265625 7.9699997901916503906 8.0600004196166992188 8.2799997329711914062 8.4600000381469726562 8.5799999237060546875 8.7600002288818359375 9.0399999618530273438 9.1899995803833007812 9.4700002670288085938 9.6899995803833007812 9.729999542236328125 9.770000457763671875 9.8699998855590820312 10.130000114440917969 10 9.5799999237060546875 8.9600000381469726562 8.1499996185302734375 7.5 7.2199997901916503906 7.159999847412109375 7.0399999618530273438
