wildfire/work/fuelmodels/1824/ahn1.asc
ncols        288
nrows        320
xllcorner    174275.000000000000
yllcorner    482380.000000000000
cellsize     5.000000000000
NODATA_value   -999
[rows 90 to 107 of 320, columns 41 to 81 of 288]
6.9600000381469726562 6.9800000190734863281 7.2300000190734863281 7.1799998283386230469 7.25 7.0799999237060546875 7.1300001144409179688 7.0399999618530273438 6.8600001335144042969 6.7399997711181640625 6.6799998283386230469 6.909999847412109375 7.1999998092651367188 7.4299998283386230469 7.6100001335144042969 7.6100001335144042969 7.7300000190734863281 7.7600002288818359375 7.3800001144409179688 7.4000000953674316406 7.2300000190734863281 7.2399997711181640625 7.4200000762939453125 7.340000152587890625 7.3600001335144042969 7.2899999618530273438 7.2399997711181640625 7.3600001335144042969 7.2199997901916503906 7.340000152587890625 7.3600001335144042969 7.2699999809265136719 7.2899999618530273438 7.2199997901916503906 7.3600001335144042969 7.3499999046325683594 7.2100000381469726562 7.2100000381469726562 7.2699999809265136719 7.1500000953674316406 7.0300002098083496094
6.9800000190734863281 7 6.8499999046325683594 7.0500001907348632812 7.0399999618530273438 7.0399999618530273438 6.9899997711181640625 7 6.9699997901916503906 6.8800001144409179688 6.9800000190734863281 7.0799999237060546875 7.2899999618530273438 7.4499998092651367188 7.3000001907348632812 7.5100002288818359375 7.7899999618530273438 7.7199997901916503906 7.5300002098083496094 7.3499999046325683594 7.3600001335144042969 7.3000001907348632812 7.4200000762939453125 7.2100000381469726562 7.340000152587890625 7.3299999237060546875 7.3899998664855957031 7.2899999618530273438 7.3200001716613769531 7.2300000190734863281 7.2899999618530273438 7.2800002098083496094 7.4600000381469726562 7.4499998092651367188 7.3800001144409179688 7.4000000953674316406 7.2600002288818359375 7.1700000762939453125 7.2300000190734863281 7.090000152587890625 7.0300002098083496094
7.0300002098083496094 7.0999999046325683594 6.8200001716613769531 6.840000152587890625 6.8299999237060546875 6.909999847412109375 6.909999847412109375 6.909999847412109375 6.909999847412109375 7.0700001716613769531 7.2300000190734863281 7.1700000762939453125 7.4499998092651367188 7.3800001144409179688 7.3099999427795410156 7.5399999618530273438 7.6399998664855957031 7.6500000953674316406 7.6700000762939453125 7.4499998092651367188 7.4200000762939453125 7.3600001335144042969 7.4000000953674316406 7.3600001335144042969 7.4400000572204589844 7.4200000762939453125 7.4000000953674316406 7.3699998855590820312 7.3200001716613769531 7.3899998664855957031 7.3699998855590820312 7.4299998283386230469 7.5399999618530273438 7.5 7.3899998664855957031 7.4699997901916503906 7.3699998855590820312 7.159999847412109375 7.1900000572204589844 7.159999847412109375 7.1500000953674316406
7.0599999427795410156 7.0500001907348632812 7.0199999809265136719 7.0700001716613769531 6.8800001144409179688 6.8200001716613769531 6.7800002098083496094 6.9600000381469726562 7.0300002098083496094 7.0799999237060546875 7.2600002288818359375 7.3099999427795410156 7.4800000190734863281 7.4699997901916503906 7.5500001907348632812 7.7899999618530273438 7.6900000572204589844 7.5300002098083496094 7.5999999046325683594 7.5199999809265136719 7.4899997711181640625 7.2800002098083496094 7.4000000953674316406 7.409999847412109375 7.3699998855590820312 7.4299998283386230469 7.4699997901916503906 7.3899998664855957031 7.4699997901916503906 7.5199999809265136719 7.5300002098083496094 7.5100002288818359375 7.6100001335144042969 7.4800000190734863281 7.6900000572204589844 7.9899997711181640625 7.340000152587890625 7.1199998855590820312 7.1700000762939453125 7.1700000762939453125 7.1700000762939453125
7.0500001907348632812 7 7.0700001716613769531 6.9800000190734863281 6.8899998664855957031 6.8499999046325683594 6.8600001335144042969 6.9699997901916503906 7.0300002098083496094 7.0399999618530273438 7.090000152587890625 7.2100000381469726562 7.2899999618530273438 7.4400000572204589844 7.5399999618530273438 7.6300001144409179688 7.7399997711181640625 7.5199999809265136719 7.3800001144409179688 7.5300002098083496094 7.4499998092651367188 7.3600001335144042969 7.3200001716613769531 7.3000001907348632812 7.3200001716613769531 7.4200000762939453125 7.3200001716613769531 7.4299998283386230469 7.5399999618530273438 7.5700001716613769531 7.6999998092651367188 7.7100000381469726562 7.6700000762939453125 7.5500001907348632812 7.6700000762939453125 7.840000152587890625 7.2800002098083496094 7.1999998092651367188 7.2800002098083496094 7.2800002098083496094 7.1700000762939453125
6.909999847412109375 6.9699997901916503906 7 6.9200000762939453125 6.9000000953674316406 6.8800001144409179688 6.909999847412109375 7 7.0500001907348632812 7.0300002098083496094 6.9499998092651367188 6.9499998092651367188 6.9899997711181640625 7.2100000381469726562 7.5100002288818359375 7.6300001144409179688 7.5999999046325683594 7.4200000762939453125 7.3099999427795410156 7.4200000762939453125 7.4600000381469726562 7.2699999809265136719 7.3099999427795410156 7.2100000381469726562 7.4400000572204589844 7.1100001335144042969 7.4600000381469726562 7.590000152587890625 7.3800001144409179688 7.2800002098083496094 7.5 7.8000001907348632812 7.6399998664855957031 7.409999847412109375 7.3200001716613769531 7.2199997901916503906 7.1999998092651367188 7.25 7.1799998283386230469 7.1799998283386230469 7.2199997901916503906
6.9699997901916503906 6.9299998283386230469 6.8899998664855957031 6.8600001335144042969 6.8899998664855957031 6.9899997711181640625 7.0500001907348632812 7.0799999237060546875 7.0100002288818359375 6.909999847412109375 6.8499999046325683594 6.8600001335144042969 7.0100002288818359375 7.1199998855590820312 7.3299999237060546875 7.4200000762939453125 7.4800000190734863281 7.3299999237060546875 7.5 7.5799999237060546875 7.3499999046325683594 7.3600001335144042969 7.2699999809265136719 7.3499999046325683594 7.3600001335144042969 7.5300002098083496094 7.5100002288818359375 7.4499998092651367188 7.340000152587890625 7.4499998092651367188 7.5300002098083496094 7.7600002288818359375 7.5199999809265136719 7.2800002098083496094 7.2800002098083496094 7.1999998092651367188 7.2300000190734863281 7.2800002098083496094 7.2800002098083496094 7.0999999046325683594 7.4499998092651367188
6.9800000190734863281 6.9299998283386230469 6.8600001335144042969 6.8200001716613769531 6.9299998283386230469 7.0100002288818359375 7.0300002098083496094 7.0100002288818359375 6.909999847412109375 6.8600001335144042969 6.7899999618530273438 6.8600001335144042969 6.8699998855590820312 7.0700001716613769531 7.3099999427795410156 7.3600001335144042969 7.3800001144409179688 7.4200000762939453125 7.4600000381469726562 7.4200000762939453125 7.3800001144409179688 7.4299998283386230469 7.3800001144409179688 7.3699998855590820312 7.3600001335144042969 7.5300002098083496094 7.3800001144409179688 7.5700001716613769531 7.6999998092651367188 7.8099999427795410156 7.75 7.4699997901916503906 7.3099999427795410156 7.2800002098083496094 7.0300002098083496094 7.2100000381469726562 7.1700000762939453125 7.2199997901916503906 7.1700000762939453125 7.1300001144409179688 7.2800002098083496094
6.9200000762939453125 6.9400000572204589844 6.909999847412109375 6.7699999809265136719 6.8899998664855957031 6.9299998283386230469 6.9400000572204589844 6.8299999237060546875 6.8499999046325683594 6.8800001144409179688 6.7699999809265136719 6.8499999046325683594 6.909999847412109375 6.9200000762939453125 7.340000152587890625 7.4600000381469726562 7.3600001335144042969 7.5399999618530273438 7.659999847412109375 7.4800000190734863281 7.4800000190734863281 7.4299998283386230469 7.4899997711181640625 7.3099999427795410156 7.3699998855590820312 7.590000152587890625 7.6999998092651367188 7.6900000572204589844 7.75 7.7199997901916503906 7.4699997901916503906 7.2600002288818359375 7.2199997901916503906 7.2300000190734863281 7.25 7.2199997901916503906 7.1700000762939453125 7.159999847412109375 7.1799998283386230469 7.1500000953674316406 7.2199997901916503906
6.7300000190734863281 6.7800002098083496094 6.6399998664855957031 6.5999999046325683594 6.8200001716613769531 6.8299999237060546875 6.8000001907348632812 6.8000001907348632812 6.8800001144409179688 6.9600000381469726562 6.9299998283386230469 6.8600001335144042969 7.0700001716613769531 7.0599999427795410156 7.2600002288818359375 7.3299999237060546875 7.7100000381469726562 7.6799998283386230469 7.5999999046325683594 7.7199997901916503906 7.6199998855590820312 7.5399999618530273438 7.5799999237060546875 7.3000001907348632812 7.3099999427795410156 7.6500000953674316406 7.5999999046325683594 7.6700000762939453125 7.6700000762939453125 7.4499998092651367188 7.2699999809265136719 7.1399998664855957031 7.1999998092651367188 7.3600001335144042969 7.2899999618530273438 7.1999998092651367188 7.1500000953674316406 7.0700001716613769531 7.1500000953674316406 7.1700000762939453125 7.1500000953674316406
6.6700000762939453125 6.6500000953674316406 6.6199998855590820312 6.6199998855590820312 6.8000001907348632812 6.8600001335144042969 6.9699997901916503906 7.0399999618530273438 7.0799999237060546875 6.9800000190734863281 6.8899998664855957031 6.9699997901916503906 7.25 7.25 7.1900000572204589844 7.5799999237060546875 7.7899999618530273438 7.7899999618530273438 7.8899998664855957031 7.7699999809265136719 7.7600002288818359375 7.7199997901916503906 7.8000001907348632812 7.4400000572204589844 7.4200000762939453125 7.3699998855590820312 7.4400000572204589844 7.4499998092651367188 7.3299999237060546875 7.3200001716613769531 7.2699999809265136719 7.2300000190734863281 7.3499999046325683594 7.3499999046325683594 7.2899999618530273438 7.2399997711181640625 7.1900000572204589844 7.25 7.1900000572204589844 7.1399998664855957031 7.159999847412109375
6.7800002098083496094 6.8000001907348632812 6.7600002288818359375 6.840000152587890625 6.9200000762939453125 6.9600000381469726562 7.1399998664855957031 7.2699999809265136719 7.2600002288818359375 7.0300002098083496094 7.1500000953674316406 7.3600001335144042969 7.6799998283386230469 7.590000152587890625 7.4600000381469726562 7.5999999046325683594 7.75 7.9200000762939453125 7.8600001335144042969 7.9600000381469726562 7.7600002288818359375 7.8000001907348632812 7.6999998092651367188 7.4499998092651367188 7.3299999237060546875 7.3600001335144042969 7.3000001907348632812 7.2199997901916503906 7.25 7.2699999809265136719 7.2699999809265136719 7.2300000190734863281 7.25 7.3299999237060546875 7.1999998092651367188 7.0999999046325683594 7.1399998664855957031 7.1700000762939453125 7.1799998283386230469 7.2100000381469726562 7.2100000381469726562
6.7899999618530273438 6.6799998283386230469 6.909999847412109375 6.9299998283386230469 6.9800000190734863281 6.9299998283386230469 7.2899999618530273438 7.3200001716613769531 7.25 7.2199997901916503906 7.4600000381469726562 7.6700000762939453125 7.75 7.659999847412109375 7.4499998092651367188 7.4600000381469726562 7.590000152587890625 7.9600000381469726562 7.8899998664855957031 7.8000001907348632812 7.7899999618530273438 7.7100000381469726562 7.5599999427795410156 7.4699997901916503906 7.4299998283386230469 7.4899997711181640625 7.3499999046325683594 7.2899999618530273438 7.5399999618530273438 7.409999847412109375 7.3200001716613769531 7.3200001716613769531 7.4400000572204589844 7.3600001335144042969 7.2399997711181640625 7.159999847412109375 7.1900000572204589844 7.1799998283386230469 7.1900000572204589844 7.2699999809265136719 7.1900000572204589844
6.8600001335144042969 6.909999847412109375 7.0100002288818359375 7.0199999809265136719 6.9400000572204589844 7.0599999427795410156 7.25 7.4499998092651367188 7.4499998092651367188 7.5399999618530273438 7.6999998092651367188 7.659999847412109375 7.6199998855590820312 7.4800000190734863281 7.3800001144409179688 7.4899997711181640625 7.7199997901916503906 7.9600000381469726562 7.8200001716613769531 7.8499999046325683594 7.8000001907348632812 7.6900000572204589844 7.5700001716613769531 7.4499998092651367188 7.3899998664855957031 7.5700001716613769531 7.340000152587890625 7.3000001907348632812 7.4699997901916503906 7.4200000762939453125 7.4299998283386230469 7.340000152587890625 7.3200001716613769531 7.3000001907348632812 7.25 7.25 7.2399997711181640625 7.3000001907348632812 7.2699999809265136719 7.3299999237060546875 7.3099999427795410156
7.0199999809265136719 7.2199997901916503906 7.2699999809265136719 7.2199997901916503906 7.2100000381469726562 7.7699999809265136719 7.4699997901916503906 7.8699998855590820312 7.8299999237060546875 7.6700000762939453125 7.7600002288818359375 7.6300001144409179688 7.5100002288818359375 7.4000000953674316406 7.2899999618530273438 7.5599999427795410156 7.8800001144409179688 7.8699998855590820312 7.7699999809265136719 7.7699999809265136719 7.8099999427795410156 7.7699999809265136719 7.5399999618530273438 7.4400000572204589844 7.409999847412109375 7.5300002098083496094 7.3600001335144042969 7.4800000190734863281 7.5999999046325683594 7.5599999427795410156 7.5700001716613769531 7.4200000762939453125 7.3699998855590820312 7.3200001716613769531 7.340000152587890625 7.3499999046325683594 7.3000001907348632812 7.3099999427795410156 7.3000001907348632812 7.3899998664855957031 7.409999847412109375
6.8499999046325683594 7.3099999427795410156 7.4200000762939453125 7.4800000190734863281 7.5799999237060546875 7.4200000762939453125 7.8699998855590820312 8.2100000381469726562 8 7.8699998855590820312 7.8099999427795410156 7.7199997901916503906 7.4800000190734863281 7.2699999809265136719 7.409999847412109375 7.909999847412109375 7.9400000572204589844 7.9400000572204589844 8 8.3100004196166992188 8.3800001144409179688 8.409999847412109375 7.7100000381469726562 7.4699997901916503906 7.4200000762939453125 7.3899998664855957031 7.4200000762939453125 7.5599999427795410156 7.5700001716613769531 7.590000152587890625 7.5300002098083496094 7.5 7.4699997901916503906 7.3499999046325683594 7.2899999618530273438 7.3200001716613769531 7.3800001144409179688 7.409999847412109375 7.3600001335144042969 7.3800001144409179688 7.5
7.0700001716613769531 7.2899999618530273438 7.4800000190734863281 7.25 7.0999999046325683594 7.4800000190734863281 7.7899999618530273438 8.1000003814697265625 8.0799999237060546875 8.0299997329711914062 7.8299999237060546875 7.5700001716613769531 7.3699998855590820312 7.1999998092651367188 7.5399999618530273438 8.0299997329711914062 7.8499999046325683594 8.090000152587890625 8.1099996566772460938 8.1400003433227539062 8.3699998855590820312 8.5799999237060546875 7.9000000953674316406 7.5999999046325683594 7.5599999427795410156 7.590000152587890625 7.6399998664855957031 7.6500000953674316406 7.4899997711181640625 7.6300001144409179688 7.5399999618530273438 7.590000152587890625 7.5 7.4400000572204589844 7.4299998283386230469 7.4800000190734863281 7.340000152587890625 7.4200000762939453125 7.4200000762939453125 7.3899998664855957031 7.4899997711181640625
6.9699997901916503906 7.2199997901916503906 7.2600002288818359375 6.8600001335144042969 6.9400000572204589844 7.0999999046325683594 7.5700001716613769531 7.8899998664855957031 7.909999847412109375 7.9000000953674316406 7.6199998855590820312 7.3499999046325683594 7.1500000953674316406 7.2100000381469726562 7.5 7.4800000190734863281 7.8000001907348632812 7.9000000953674316406 7.9400000572204589844 7.7800002098083496094 7.8800001144409179688 7.9400000572204589844 7.7800002098083496094 7.6999998092651367188 7.659999847412109375 7.6500000953674316406 7.6900000572204589844 7.7300000190734863281 7.6300001144409179688 7.7300000190734863281 7.6700000762939453125 7.5300002098083496094 7.6199998855590820312 7.5199999809265136719 7.5399999618530273438 7.409999847412109375 7.409999847412109375 7.340000152587890625 7.3600001335144042969 7.340000152587890625 7.4499998092651367188
