wildfire/work/fuelmodels/1824/ahn1.asc
ncols        288
nrows        320
xllcorner    174275.000000000000
yllcorner    482380.000000000000
cellsize     5.000000000000
NODATA_value   -999
[rows 144 to 161 of 320, columns 0 to 40 of 288]
7.1999998092651367188 7.3800001144409179688 7.9000000953674316406 8.1199998855590820312 8.0100002288818359375 8.2600002288818359375 8.3500003814697265625 9.1899995803833007812 9.3900003433227539062 8.659999847412109375 7.6900000572204589844 7.5999999046325683594 7.5300002098083496094 7.7600002288818359375 8.31999969482421875 9.18000030517578125 9.68000030517578125 9.7799997329711914062 10.579999923706054688 9.6099996566772460938 8.9700002670288085938 9.270000457763671875 8.3500003814697265625 8.43000030517578125 8.18000030517578125 7.659999847412109375 7.5999999046325683594 7.5 7.3200001716613769531 7.4699997901916503906 7.3000001907348632812 7.1100001335144042969 7.590000152587890625 8.090000152587890625 8.3299999237060546875 8.7600002288818359375 8.18000030517578125 9.4700002670288085938 9.979999542236328125 9.7200002670288085938 9.8699998855590820312
7.090000152587890625 7.0399999618530273438 7.6500000953674316406 8.0799999237060546875 8.18000030517578125 8.1400003433227539062 8.0100002288818359375 8.840000152587890625 9.270000457763671875 8.409999847412109375 8.0600004196166992188 7.9499998092651367188 8.06999969482421875 8.409999847412109375 9.1400003433227539062 9.9600000381469726562 10.279999732971191406 10.350000381469726562 10.840000152587890625 10.350000381469726562 9.6300001144409179688 8.840000152587890625 8.0600004196166992188 7.9000000953674316406 7.7399997711181640625 8.0799999237060546875 8.270000457763671875 7.7800002098083496094 7.5599999427795410156 7.6199998855590820312 7.7699999809265136719 7.090000152587890625 7.25 8.0399999618530273438 8.020000457763671875 8.2399997711181640625 8.270000457763671875 9.6000003814697265625 9.8900003433227539062 10.529999732971191406 10.329999923706054688
7.090000152587890625 7.0799999237060546875 7.4400000572204589844 7.7399997711181640625 7.7399997711181640625 7.6399998664855957031 7.9200000762939453125 8.4700002670288085938 9.1000003814697265625 8.8100004196166992188 9.159999847412109375 8.590000152587890625 8.6700000762939453125 9.31999969482421875 10.399999618530273438 10.479999542236328125 10.210000038146972656 10.369999885559082031 10.079999923706054688 9.5100002288818359375 8.5600004196166992188 7.9600000381469726562 7.6799998283386230469 7.7600002288818359375 7.840000152587890625 8.1700000762939453125 8.2100000381469726562 8.43000030517578125 8.18000030517578125 7.9299998283386230469 7.9899997711181640625 7.75 7.1100001335144042969 7.3499999046325683594 7.6500000953674316406 7.7199997901916503906 8.0399999618530273438 9.1499996185302734375 9.8000001907348632812 9.9700002670288085938 9.7600002288818359375
7.0700001716613769531 7.090000152587890625 7.3600001335144042969 7.5100002288818359375 7.4899997711181640625 7.6500000953674316406 7.9600000381469726562 8.1099996566772460938 8.9600000381469726562 9.6499996185302734375 9.770000457763671875 9.31999969482421875 9.6099996566772460938 10.079999923706054688 9.4499998092651367188 9.8000001907348632812 9.06999969482421875 8.979999542236328125 8.8699998855590820312 8.56999969482421875 8.020000457763671875 7.6399998664855957031 7.5 7.7399997711181640625 8.159999847412109375 8.3299999237060546875 8.6999998092651367188 9.1499996185302734375 8.979999542236328125 8.3100004196166992188 8.4700002670288085938 8.840000152587890625 8.0600004196166992188 7.1300001144409179688 7.25 7.4000000953674316406 8.0500001907348632812 8.6000003814697265625 9.18000030517578125 9.2200002670288085938 8.8900003433227539062
7.0599999427795410156 7.1399998664855957031 7.6100001335144042969 7.6399998664855957031 7.7600002288818359375 7.7800002098083496094 7.840000152587890625 8.0399999618530273438 8.340000152587890625 8.4700002670288085938 8.9899997711181640625 9.3000001907348632812 9.3999996185302734375 9.159999847412109375 8.56999969482421875 8.6000003814697265625 8.8100004196166992188 9.159999847412109375 8.7399997711181640625 8.2399997711181640625 7.6500000953674316406 7.5100002288818359375 7.5399999618530273438 7.9899997711181640625 8.1999998092651367188 8.1300001144409179688 9.1000003814697265625 9.75 9.159999847412109375 8.7200002670288085938 9.2200002670288085938 9.1000003814697265625 8.340000152587890625 7.25 7 7.2399997711181640625 8.1000003814697265625 8.9600000381469726562 8.9600000381469726562 9.0299997329711914062 9.0399999618530273438
7.25 7.5399999618530273438 7.6500000953674316406 7.4899997711181640625 7.5999999046325683594 7.7699999809265136719 7.8099999427795410156 7.909999847412109375 7.7800002098083496094 7.6500000953674316406 7.9000000953674316406 8.409999847412109375 7.9200000762939453125 7.6399998664855957031 8.18000030517578125 8.770000457763671875 9.1300001144409179688 9.3100004196166992188 8.3100004196166992188 7.7399997711181640625 7.8000001907348632812 7.8000001907348632812 7.8299999237060546875 8.1899995803833007812 8.7799997329711914062 8.8699998855590820312 9.1199998855590820312 9.6199998855590820312 9.479999542236328125 9.0399999618530273438 9.1999998092651367188 9.1700000762939453125 9.18000030517578125 7.4600000381469726562 6.840000152587890625 6.9899997711181640625 7.590000152587890625 8.7399997711181640625 9.31999969482421875 9.2899999618530273438 9.5
7.4699997901916503906 7.590000152587890625 7.8000001907348632812 7.6999998092651367188 7.9000000953674316406 8.0600004196166992188 8.6999998092651367188 7.7899999618530273438 7.6399998664855957031 7.6399998664855957031 7.6900000572204589844 7.6100001335144042969 7.5700001716613769531 7.7399997711181640625 8.2799997329711914062 8.659999847412109375 8.8800001144409179688 8.6899995803833007812 8.1700000762939453125 8.25 8.1899995803833007812 8.020000457763671875 7.9000000953674316406 8.4700002670288085938 8.43000030517578125 8.5 9.1199998855590820312 9.5399999618530273438 9.5600004196166992188 9.3100004196166992188 9.340000152587890625 9.6700000762939453125 9.3999996185302734375 8.2899999618530273438 7.2199997901916503906 6.9899997711181640625 7.4899997711181640625 8.0399999618530273438 8.9200000762939453125 8.9399995803833007812 9.5100002288818359375
8.8500003814697265625 8.6300001144409179688 9.1999998092651367188 8.4899997711181640625 7.840000152587890625 8 8.18000030517578125 8.2100000381469726562 8.2799997329711914062 7.9699997901916503906 7.6100001335144042969 7.6799998283386230469 7.7399997711181640625 8.18000030517578125 9.0399999618530273438 9.0799999237060546875 8.659999847412109375 8.4899997711181640625 8.1999998092651367188 8.3100004196166992188 8.6300001144409179688 8.6000003814697265625 8.3100004196166992188 8.3800001144409179688 8.25 9.4499998092651367188 9.5100002288818359375 9.3999996185302734375 9.43000030517578125 9.5299997329711914062 10.18000030517578125 10.18000030517578125 10.560000419616699219 9.159999847412109375 7.1999998092651367188 7.0500001907348632812 7.3600001335144042969 7.6799998283386230469 8.3500003814697265625 8.909999847412109375 9.3500003814697265625
8.2799997329711914062 9.31999969482421875 9.7200002670288085938 9.2899999618530273438 7.7899999618530273438 7.4800000190734863281 7.8299999237060546875 8.3100004196166992188 8.520000457763671875 8.0299997329711914062 7.6300001144409179688 7.6399998664855957031 7.909999847412109375 8.2600002288818359375 8.9399995803833007812 8.68000030517578125 8.8000001907348632812 8.590000152587890625 9 9.4499998092651367188 9.4399995803833007812 9.3100004196166992188 9.1899995803833007812 9.1999998092651367188 9.6300001144409179688 9.9600000381469726562 9.75 9.3699998855590820312 9.4499998092651367188 9.8000001907348632812 10.109999656677246094 9.7100000381469726562 9.8900003433227539062 9.2200002670288085938 7.5700001716613769531 7.0799999237060546875 7.2100000381469726562 7.5 8.5 9.3000001907348632812 9.3500003814697265625
7.0100002288818359375 8.2200002670288085938 8.8299999237060546875 9.56999969482421875 8.8500003814697265625 8.020000457763671875 7.5799999237060546875 8.1700000762939453125 8.1199998855590820312 8.020000457763671875 8.590000152587890625 8.43000030517578125 8.159999847412109375 8.5399999618530273438 8.8100004196166992188 9.1300001144409179688 9.340000152587890625 9.3900003433227539062 9.25 9.0299997329711914062 9.6199998855590820312 10.31999969482421875 10.329999923706054688 10.279999732971191406 10.420000076293945312 10.369999885559082031 9.9200000762939453125 9.1700000762939453125 9.5600004196166992188 9.9600000381469726562 9.0600004196166992188 8.68000030517578125 8.7200002670288085938 8.229999542236328125 7.4499998092651367188 7.0799999237060546875 7.1399998664855957031 7.4600000381469726562 8 8.7399997711181640625 9.25
5.7399997711181640625 7.0999999046325683594 7.9699997901916503906 8.6499996185302734375 9.2399997711181640625 8.9399995803833007812 8.4899997711181640625 9.0299997329711914062 9.1999998092651367188 9.3800001144409179688 9.43000030517578125 9.4600000381469726562 9.7100000381469726562 8.9399995803833007812 8.8800001144409179688 9.1899995803833007812 9.1899995803833007812 8.6300001144409179688 8.3500003814697265625 8.409999847412109375 9.1499996185302734375 9.6999998092651367188 10.279999732971191406 10.760000228881835938 11.229999542236328125 10.829999923706054688 10.399999618530273438 10.109999656677246094 10.189999580383300781 9.520000457763671875 8.3699998855590820312 8.520000457763671875 8.6400003433227539062 7.909999847412109375 7.1700000762939453125 7.0500001907348632812 7.1500000953674316406 7.5300002098083496094 8.5799999237060546875 9.4399995803833007812 9.5500001907348632812
5.7399997711181640625 6.0700001716613769531 6.9200000762939453125 7.7100000381469726562 8.1099996566772460938 9.4899997711181640625 9.81999969482421875 9.93000030517578125 9.9700002670288085938 10.020000457763671875 9.9399995803833007812 9.8999996185302734375 9.7200002670288085938 9.3999996185302734375 9.340000152587890625 9.4600000381469726562 9.3100004196166992188 8.9399995803833007812 8.520000457763671875 8.3000001907348632812 8.6400003433227539062 9.1199998855590820312 9.8900003433227539062 10.300000190734863281 11.06999969482421875 10.949999809265136719 10.31999969482421875 9.9700002670288085938 10.06999969482421875 8.9899997711181640625 8.4399995803833007812 8.409999847412109375 8.5500001907348632812 8.6000003814697265625 7.6900000572204589844 7.0999999046325683594 7.1999998092651367188 7.4499998092651367188 8.31999969482421875 9.0399999618530273438 9.979999542236328125
5.5500001907348632812 5.6500000953674316406 6.0999999046325683594 6.7600002288818359375 7.1399998664855957031 8.5500001907348632812 9.5399999618530273438 10.130000114440917969 10.56999969482421875 10.229999542236328125 9.81999969482421875 9.7799997329711914062 9.9600000381469726562 9.7200002670288085938 9.9399995803833007812 10.279999732971191406 10.390000343322753906 9.7200002670288085938 9.229999542236328125 8.520000457763671875 8.6199998855590820312 9.1700000762939453125 10.18000030517578125 11.010000228881835938 10.630000114440917969 10.989999771118164062 10.399999618530273438 10.170000076293945312 9.729999542236328125 8.770000457763671875 8.7200002670288085938 8.9899997711181640625 9.1899995803833007812 8.1000003814697265625 7.340000152587890625 7.1300001144409179688 7.2699999809265136719 7.5199999809265136719 7.9499998092651367188 8.43000030517578125 9.1999998092651367188
5.659999847412109375 5.5700001716613769531 5.8600001335144042969 6.2899999618530273438 7.0300002098083496094 8.1899995803833007812 9.6000003814697265625 10.079999923706054688 9.9899997711181640625 9.8900003433227539062 9.5299997329711914062 9.8100004196166992188 9.6499996185302734375 9.2200002670288085938 9.770000457763671875 10.329999923706054688 10.550000190734863281 10.43000030517578125 9.6300001144409179688 9.2899999618530273438 9.0299997329711914062 9.5299997329711914062 10.100000381469726562 10.090000152587890625 10.359999656677246094 9.840000152587890625 9.9600000381469726562 9.9700002670288085938 9.5100002288818359375 8.8699998855590820312 9.5100002288818359375 9.4700002670288085938 9.6499996185302734375 8.1899995803833007812 7.4200000762939453125 7.0999999046325683594 7.340000152587890625 7.6399998664855957031 7.909999847412109375 8.1999998092651367188 8.4499998092651367188
6.7699999809265136719 5.7300000190734863281 6.1300001144409179688 6.4400000572204589844 7.1199998855590820312 8.5299997329711914062 9.9499998092651367188 9.9700002670288085938 9.6999998092651367188 9.4600000381469726562 9.340000152587890625 9.2100000381469726562 9.3500003814697265625 9.06999969482421875 9.229999542236328125 9.9499998092651367188 10.439999580383300781 10.68000030517578125 10.130000114440917969 10.149999618530273438 9.4399995803833007812 10.460000038146972656 10.279999732971191406 9.5 8.9700002670288085938 9.18000030517578125 9.0500001907348632812 9 8.6700000762939453125 8.9600000381469726562 8.9600000381469726562 8.81999969482421875 8.3900003433227539062 7.6700000762939453125 7.159999847412109375 7.2699999809265136719 7.4400000572204589844 7.5999999046325683594 7.75 7.9499998092651367188 8.2399997711181640625
7.6500000953674316406 7.5799999237060546875 7.2199997901916503906 8.25 8.6999998092651367188 9.5100002288818359375 10.029999732971191406 9.6999998092651367188 9.3999996185302734375 9.0399999618530273438 9.1099996566772460938 8.5799999237060546875 8.659999847412109375 8.8999996185302734375 8.7799997329711914062 9.0299997329711914062 9.9499998092651367188 10.350000381469726562 10.539999961853027344 10.420000076293945312 10.020000457763671875 10.300000190734863281 10.289999961853027344 9.0799999237060546875 8.8299999237060546875 9.159999847412109375 9.3699998855590820312 8.7899999618530273438 8.3999996185302734375 8.229999542236328125 8.0799999237060546875 8 7.8800001144409179688 7.5399999618530273438 7.3000001907348632812 7.2899999618530273438 7.3800001144409179688 7.4200000762939453125 7.5700001716613769531 7.8000001907348632812 8.1499996185302734375
8.6499996185302734375 8.7600002288818359375 8.979999542236328125 9.0600004196166992188 9.3100004196166992188 9.6099996566772460938 9.6499996185302734375 9.2600002288818359375 9.5 9.659999847412109375 8.3999996185302734375 8.4399995803833007812 8.5100002288818359375 8.4899997711181640625 8.6000003814697265625 8.7200002670288085938 9.1300001144409179688 9.479999542236328125 9.93000030517578125 10.289999961853027344 10.600000381469726562 10.439999580383300781 10.329999923706054688 9.5 9.1099996566772460938 9.0799999237060546875 9.229999542236328125 9.8699998855590820312 8.2399997711181640625 8.270000457763671875 8.1300001144409179688 8.0399999618530273438 7.8899998664855957031 7.5399999618530273438 7.4600000381469726562 7.2399997711181640625 7.1700000762939453125 7.3499999046325683594 7.5500001907348632812 7.5799999237060546875 8.659999847412109375
8.6400003433227539062 8.8800001144409179688 9.2799997329711914062 9.520000457763671875 9.3999996185302734375 9.25 9.1199998855590820312 9.25 9.0299997329711914062 8.5100002288818359375 8.479999542236328125 8.479999542236328125 8.43000030517578125 8.5500001907348632812 8.909999847412109375 9.1199998855590820312 9.1300001144409179688 9.25 9.4600000381469726562 9.68000030517578125 10.43000030517578125 10.510000228881835938 10.560000419616699219 10.81999969482421875 10.210000038146972656 9.8999996185302734375 10.369999885559082031 9.4399995803833007812 8.5299997329711914062 8.5100002288818359375 8.270000457763671875 8.1700000762939453125 8.0799999237060546875 8.0100002288818359375 7.8699998855590820312 7.1500000953674316406 7.0199999809265136719 7.4699997901916503906 7.8200001716613769531 8.4600000381469726562 10.210000038146972656
