wildfire/work/fuelmodels/1824/ahn1.asc
ncols        288
nrows        320
xllcorner    174275.000000000000
yllcorner    482380.000000000000
cellsize     5.000000000000
NODATA_value   -999
[rows 144 to 161 of 320, columns 82 to 122 of 288]
11.159999847412109375 11 11.789999961853027344 11.489999771118164062 9.93000030517578125 9.6499996185302734375 10.520000457763671875 10.06999969482421875 10.010000228881835938 9.9899997711181640625 10.119999885559082031 10.5 10.729999542236328125 11.25 11.859999656677246094 12.5 12.75 12.489999771118164062 11.770000457763671875 11.220000267028808594 11.130000114440917969 10.989999771118164062 10.159999847412109375 10.140000343322753906 10.159999847412109375 10.229999542236328125 10.060000419616699219 9.75 9.409999847412109375 9.6899995803833007812 10.289999961853027344 10.520000457763671875 10.109999656677246094 10 10.119999885559082031 9.8500003814697265625 9.8299999237060546875 10.039999961853027344 10.399999618530273438 11.100000381469726562 11.31999969482421875
10.609999656677246094 10.479999542236328125 11.350000381469726562 11.670000076293945312 10.529999732971191406 10.550000190734863281 10.31999969482421875 10.119999885559082031 9.7899999618530273438 9.840000152587890625 10.060000419616699219 10.210000038146972656 10.5 10.949999809265136719 11.329999923706054688 11.850000381469726562 12.5 12.199999809265136719 11.210000038146972656 10.93000030517578125 10.949999809265136719 10.659999847412109375 10.289999961853027344 10.199999809265136719 9.840000152587890625 9.7399997711181640625 9.4200000762939453125 9.409999847412109375 9.3500003814697265625 9.7399997711181640625 10.210000038146972656 10.380000114440917969 10.5 9.9399995803833007812 9.8800001144409179688 9.6400003433227539062 9.6999998092651367188 9.8999996185302734375 10.18000030517578125 10.520000457763671875 10.659999847412109375
9.6899995803833007812 10.020000457763671875 10.949999809265136719 11.670000076293945312 10.829999923706054688 10.310000419616699219 9.8800001144409179688 9.75 9.729999542236328125 9.770000457763671875 9.7200002670288085938 9.8000001907348632812 10.020000457763671875 10.329999923706054688 10.840000152587890625 11.479999542236328125 11.550000190734863281 11.25 10.659999847412109375 10.520000457763671875 10.710000038146972656 10.710000038146972656 10.420000076293945312 10 9.840000152587890625 9.5500001907348632812 9.340000152587890625 9.2399997711181640625 9.270000457763671875 9.3699998855590820312 9.5299997329711914062 9.5399999618530273438 9.6499996185302734375 9.2399997711181640625 9.229999542236328125 9.340000152587890625 9.5100002288818359375 9.7200002670288085938 10.010000228881835938 10.220000267028808594 10.470000267028808594
9.3800001144409179688 9.3999996185302734375 9.4200000762939453125 10.880000114440917969 9.9899997711181640625 9.5299997329711914062 9.2200002670288085938 9.25 9.3500003814697265625 9.409999847412109375 9.409999847412109375 9.4200000762939453125 9.5500001907348632812 9.8299999237060546875 10.060000419616699219 10.359999656677246094 10.550000190734863281 10.489999771118164062 10.470000267028808594 10.949999809265136719 11.060000419616699219 11.489999771118164062 11.210000038146972656 10.270000457763671875 10.109999656677246094 9.4700002670288085938 9.06999969482421875 8.9899997711181640625 8.979999542236328125 9.2200002670288085938 8.9200000762939453125 8.8800001144409179688 8.8599996566772460938 8.93000030517578125 8.9499998092651367188 9.1300001144409179688 9.3900003433227539062 9.5100002288818359375 9.8100004196166992188 10.109999656677246094 10.510000228881835938
8.770000457763671875 8.8100004196166992188 8.6400003433227539062 8.2399997711181640625 8.270000457763671875 8.4499998092651367188 8.6400003433227539062 8.9399995803833007812 9.1199998855590820312 9.1899995803833007812 9.1700000762939453125 9.18000030517578125 9.2899999618530273438 9.5 9.729999542236328125 9.9899997711181640625 10.239999771118164062 10.420000076293945312 10.81999969482421875 11.659999847412109375 11.409999847412109375 11.460000038146972656 11.739999771118164062 10.31999969482421875 10.140000343322753906 9.0100002288818359375 8.68000030517578125 8.6400003433227539062 8.6199998855590820312 8.5100002288818359375 8.56999969482421875 8.5299997329711914062 8.5799999237060546875 8.6400003433227539062 8.7600002288818359375 8.8800001144409179688 9.0799999237060546875 9.2899999618530273438 9.5799999237060546875 10.010000228881835938 10.539999961853027344
8.6000003814697265625 8.5299997329711914062 8.3100004196166992188 8.18000030517578125 8.2600002288818359375 8.43000030517578125 8.7200002670288085938 8.9399995803833007812 9.020000457763671875 9.0299997329711914062 9.0600004196166992188 9.06999969482421875 9.1499996185302734375 9.340000152587890625 9.4600000381469726562 9.6099996566772460938 9.8500003814697265625 10.119999885559082031 10.560000419616699219 10.93000030517578125 11.079999923706054688 11.050000190734863281 10.380000114440917969 9.8500003814697265625 9.020000457763671875 8.5399999618530273438 8.3500003814697265625 8.2399997711181640625 8.2200002670288085938 8.2100000381469726562 8.1700000762939453125 8.2200002670288085938 8.270000457763671875 8.3900003433227539062 8.5600004196166992188 8.729999542236328125 8.8900003433227539062 9.1300001144409179688 9.3500003814697265625 9.75 10.390000343322753906
8.5 8.6700000762939453125 8.68000030517578125 8.7200002670288085938 8.8699998855590820312 8.9399995803833007812 9.270000457763671875 9.2200002670288085938 9.1999998092651367188 9.0600004196166992188 9.090000152587890625 9.0500001907348632812 9.06999969482421875 9.1000003814697265625 9.1899995803833007812 9.3500003814697265625 9.5 9.7399997711181640625 10.020000457763671875 10.350000381469726562 11.289999961853027344 11.119999885559082031 10.350000381469726562 9.1899995803833007812 8.7399997711181640625 8.2399997711181640625 8.06999969482421875 8.090000152587890625 8.0500001907348632812 8.1000003814697265625 8.090000152587890625 8.1300001144409179688 8.2200002670288085938 8.340000152587890625 8.409999847412109375 8.5299997329711914062 8.7100000381469726562 8.909999847412109375 9.1099996566772460938 9.5399999618530273438 10.140000343322753906
8.56999969482421875 8.9700002670288085938 9.6400003433227539062 10.539999961853027344 10.340000152587890625 9.7399997711181640625 9.56999969482421875 9.43000030517578125 9.6000003814697265625 9.3900003433227539062 9.06999969482421875 9.0299997329711914062 8.979999542236328125 8.979999542236328125 8.9700002670288085938 8.9600000381469726562 9.0500001907348632812 9.1700000762939453125 9.3699998855590820312 9.340000152587890625 9.8500003814697265625 9.7600002288818359375 8.9399995803833007812 8.090000152587890625 8.020000457763671875 7.8899998664855957031 7.9299998283386230469 7.9699997901916503906 7.9600000381469726562 8.0100002288818359375 8.06999969482421875 8.1099996566772460938 8.18000030517578125 8.2600002288818359375 8.3299999237060546875 8.3999996185302734375 8.590000152587890625 8.7200002670288085938 8.93000030517578125 9.18000030517578125 9.5
8.7899999618530273438 9.1700000762939453125 10.189999580383300781 11.06999969482421875 11.189999580383300781 10.159999847412109375 9.2399997711181640625 9.6199998855590820312 9.9399995803833007812 9.5600004196166992188 9.0600004196166992188 8.8100004196166992188 8.8000001907348632812 8.6400003433227539062 8.659999847412109375 8.6999998092651367188 8.590000152587890625 8.5100002288818359375 8.5600004196166992188 8.4899997711181640625 8.0600004196166992188 7.8200001716613769531 7.6399998664855957031 7.6399998664855957031 7.7100000381469726562 7.75 7.8099999427795410156 7.8699998855590820312 7.9200000762939453125 7.9899997711181640625 8.0500001907348632812 8.1300001144409179688 8.1899995803833007812 8.2399997711181640625 8.31999969482421875 8.409999847412109375 8.5299997329711914062 8.6700000762939453125 8.8299999237060546875 9.0600004196166992188 9.1300001144409179688
9.3299999237060546875 9.3699998855590820312 9.770000457763671875 10.939999580383300781 10.840000152587890625 9.81999969482421875 9.6300001144409179688 10.399999618530273438 10.18000030517578125 9.4899997711181640625 8.7799997329711914062 8.4899997711181640625 8.3900003433227539062 8.3000001907348632812 8.2799997329711914062 8.2100000381469726562 8.2200002670288085938 8.1700000762939453125 8.1099996566772460938 8.0299997329711914062 7.8200001716613769531 7.7300000190734863281 7.6700000762939453125 7.659999847412109375 7.659999847412109375 7.7300000190734863281 7.8000001907348632812 7.8899998664855957031 7.9299998283386230469 8.0399999618530273438 8.1400003433227539062 8.25 8.3100004196166992188 8.3599996566772460938 8.3800001144409179688 8.479999542236328125 8.6099996566772460938 8.8699998855590820312 9.06999969482421875 9.2100000381469726562 9.2600002288818359375
9.4700002670288085938 9.4499998092651367188 9.4399995803833007812 9.7399997711181640625 10.350000381469726562 10.380000114440917969 10.029999732971191406 10.510000228881835938 9.7799997329711914062 8.8699998855590820312 8.2600002288818359375 8.0299997329711914062 8.0100002288818359375 8.020000457763671875 7.9299998283386230469 7.8600001335144042969 7.9000000953674316406 7.8699998855590820312 7.9499998092651367188 7.8899998664855957031 7.8200001716613769531 7.7300000190734863281 7.6500000953674316406 7.6500000953674316406 7.7100000381469726562 7.7899999618530273438 7.8899998664855957031 8.020000457763671875 8.090000152587890625 8.1300001144409179688 8.270000457763671875 8.409999847412109375 8.4700002670288085938 8.4899997711181640625 8.5 8.6000003814697265625 8.9200000762939453125 9.18000030517578125 9.4700002670288085938 9.5399999618530273438 9.6000003814697265625
9.4200000762939453125 9.3599996566772460938 9.0600004196166992188 8.5500001907348632812 8.43000030517578125 8.3000001907348632812 8.5399999618530273438 10.130000114440917969 8.0500001907348632812 7.7199997901916503906 7.75 7.75 7.7600002288818359375 7.7800002098083496094 7.6999998092651367188 7.8000001907348632812 7.840000152587890625 7.9000000953674316406 7.909999847412109375 7.8699998855590820312 7.8499999046325683594 7.7600002288818359375 7.6999998092651367188 7.6799998283386230469 7.6900000572204589844 7.8000001907348632812 7.909999847412109375 8.1499996185302734375 8.3100004196166992188 8.4200000762939453125 8.5799999237060546875 8.7200002670288085938 8.840000152587890625 8.7899999618530273438 9.0500001907348632812 9.3800001144409179688 9.5100002288818359375 10 10.210000038146972656 10.06999969482421875 9.909999847412109375
8.3599996566772460938 8.2200002670288085938 8.090000152587890625 7.75 7.4800000190734863281 7.3800001144409179688 7.3800001144409179688 7.3800001144409179688 7.3499999046325683594 7.5799999237060546875 7.6700000762939453125 7.590000152587890625 7.7100000381469726562 7.6500000953674316406 7.7300000190734863281 7.8000001907348632812 7.8299999237060546875 7.909999847412109375 7.9299998283386230469 7.9499998092651367188 7.9299998283386230469 7.8600001335144042969 7.8299999237060546875 7.9899997711181640625 8.25 8.5 8.590000152587890625 8.6899995803833007812 8.8000001907348632812 8.8599996566772460938 8.979999542236328125 9.1000003814697265625 9.1899995803833007812 9.43000030517578125 10.029999732971191406 10.890000343322753906 10.779999732971191406 11.56999969482421875 11.310000419616699219 10.619999885559082031 10.140000343322753906
7.340000152587890625 7.3299999237060546875 7.2899999618530273438 7.2399997711181640625 7.2399997711181640625 7.1700000762939453125 7.1399998664855957031 7.1900000572204589844 7.3200001716613769531 7.590000152587890625 7.6900000572204589844 7.7100000381469726562 7.6900000572204589844 7.6900000572204589844 7.75 7.8600001335144042969 8.020000457763671875 8.06999969482421875 8.1099996566772460938 8.2200002670288085938 8.2600002288818359375 8.3299999237060546875 8.409999847412109375 8.9399995803833007812 9.479999542236328125 10.239999771118164062 9.8800001144409179688 9.6300001144409179688 9.4899997711181640625 9.409999847412109375 9.3500003814697265625 9.4600000381469726562 9.5799999237060546875 9.9200000762939453125 10.460000038146972656 11.06999969482421875 11.399999618530273438 11.93000030517578125 11.390000343322753906 10.840000152587890625 10.229999542236328125
7.1999998092651367188 7.2699999809265136719 7.1399998664855957031 7.159999847412109375 7.1399998664855957031 7.159999847412109375 7.1399998664855957031 7.2600002288818359375 7.3800001144409179688 7.6300001144409179688 7.7100000381469726562 7.7300000190734863281 7.7199997901916503906 7.7100000381469726562 7.7800002098083496094 8.0100002288818359375 8.3299999237060546875 8.2899999618530273438 8.2899999618530273438 8.409999847412109375 8.4899997711181640625 8.75 9.1700000762939453125 9.5399999618530273438 9.9700002670288085938 10.630000114440917969 10.720000267028808594 10.810000419616699219 10.439999580383300781 10.090000152587890625 9.9499998092651367188 9.770000457763671875 9.8100004196166992188 10.140000343322753906 10.640000343322753906 11.060000419616699219 11.260000228881835938 11.369999885559082031 11.289999961853027344 10.739999771118164062 10.470000267028808594
7.159999847412109375 7.0999999046325683594 7.1700000762939453125 7.0999999046325683594 7.0999999046325683594 7.1300001144409179688 7.0999999046325683594 7.1199998855590820312 7.340000152587890625 7.5599999427795410156 7.6799998283386230469 7.659999847412109375 7.6399998664855957031 7.6500000953674316406 7.7300000190734863281 7.9299998283386230469 8.1899995803833007812 8.3299999237060546875 8.4399995803833007812 8.5600004196166992188 8.5399999618530273438 8.729999542236328125 9 9.2899999618530273438 9.6000003814697265625 9.9200000762939453125 11.090000152587890625 11.149999618530273438 10.760000228881835938 10.439999580383300781 10.270000457763671875 10.010000228881835938 9.93000030517578125 10.18000030517578125 10.649999618530273438 11.170000076293945312 11.359999656677246094 11.329999923706054688 11 10.5 10.039999961853027344
7.0799999237060546875 7.159999847412109375 7.0300002098083496094 6.9600000381469726562 7.0199999809265136719 6.9800000190734863281 7.090000152587890625 7.2600002288818359375 7.5700001716613769531 7.7800002098083496094 7.8499999046325683594 7.8699998855590820312 7.6999998092651367188 7.6500000953674316406 7.590000152587890625 7.8499999046325683594 8.0399999618530273438 8.2600002288818359375 8.3599996566772460938 8.4600000381469726562 8.479999542236328125 8.4399995803833007812 8.4499998092651367188 8.7100000381469726562 8.9499998092651367188 9.3100004196166992188 10.140000343322753906 10.279999732971191406 10.449999809265136719 10.579999923706054688 10.350000381469726562 10.060000419616699219 9.8699998855590820312 9.9200000762939453125 10.090000152587890625 10.579999923706054688 11.770000457763671875 11.699999809265136719 10.729999542236328125 10.050000190734863281 9.590000152587890625
7.0500001907348632812 6.9899997711181640625 6.9499998092651367188 6.9299998283386230469 6.9499998092651367188 7.2399997711181640625 7.5100002288818359375 7.9000000953674316406 8.6499996185302734375 8.4499998092651367188 8.43000030517578125 8.6000003814697265625 8.6099996566772460938 7.8699998855590820312 8.2399997711181640625 8.1700000762939453125 8.1999998092651367188 8.340000152587890625 8.3800001144409179688 8.3999996185302734375 8.3299999237060546875 8.25 8.2100000381469726562 8.3000001907348632812 8.4899997711181640625 8.909999847412109375 9.3800001144409179688 9.81999969482421875 10.539999961853027344 11.109999656677246094 10.899999618530273438 10.380000114440917969 9.8699998855590820312 9.6199998855590820312 9.590000152587890625 9.6999998092651367188 10.260000228881835938 11.109999656677246094 10.369999885559082031 9.5600004196166992188 9.229999542236328125
