wildfire/work/fuelmodels/1824/aspect.asc
ncols        288
nrows        320
xllcorner    174275.000000000000
yllcorner    482380.000000000000
cellsize     5.000000000000
NODATA_value   -999
[rows 285 to 303 of 320, columns 126 to 167 of 288]
149.808074951171875 125.3108673095703125 199.8846588134765625 257.31903076171875 345.962310791015625 355.913421630859375 323.9716796875 7.5236730575561523438 41.98706817626953125 142.305328369140625 203.4584808349609375 253.216705322265625 266.6329345703125 306.869232177734375 28.8555145263671875 6.6324639320373535156 336.6943359375 336.46685791015625 345.71807861328125 329.71429443359375 46.38021087646484375 93.86049652099609375 122.3575286865234375 223.0245361328125 289.84393310546875 320.664825439453125 12.482455253601074219 75.51999664306640625 108.43466949462890625 235.732147216796875 222.5799560546875 223.090301513671875 243.725189208984375 314.99920654296875 55.91101837158203125 74.9313507080078125 154.7985382080078125 244.26873779296875 209.6495361328125 87.43599700927734375 48.433536529541015625 346.92010498046875
246.799896240234375 46.87781524658203125 339.96197509765625 311.33160400390625 350.2169189453125 57.8042144775390625 191.3097381591796875 170.9602203369140625 156.104461669921875 132.7090301513671875 250.0159759521484375 211.2179107666015625 217.69378662109375 240.4215850830078125 318.9443359375 337.216827392578125 332.795257568359375 348.99554443359375 322.3255615234375 323.034942626953125 74.52582550048828125 91.31976318359375 94.3985137939453125 271.4434814453125 274.3070068359375 269.555206298828125 117.11046600341796875 107.6616363525390625 120.256195068359375 270.643035888671875 240.791778564453125 235.872955322265625 235.8530120849609375 225.547760009765625 111.17548370361328125 61.53971099853515625 12.050739288330078125 322.706695556640625 344.74395751953125 56.056346893310546875 18.924612045288085938 2.0952594280242919922
347.47039794921875 37.33303070068359375 92.726165771484375 204.646148681640625 189.6370086669921875 145.243743896484375 165.0046234130859375 175.7631683349609375 196.0730438232421875 274.39788818359375 344.980987548828125 345.962890625 312.95379638671875 309.17291259765625 322.732818603515625 325.007293701171875 339.56658935546875 346.82659912109375 303.11053466796875 163.4954071044921875 122.437957763671875 119.05434417724609375 101.659088134765625 250.4969024658203125 240.5235137939453125 207.4966888427734375 146.5438690185546875 109.653594970703125 323.42620849609375 307.277374267578125 307.664886474609375 305.772918701171875 307.014404296875 286.059326171875 164.8196563720703125 133.3148040771484375 334.7384033203125 356.307769775390625 29.916889190673828125 34.248966217041015625 13.736128807067871094 352.009857177734375
143.74560546875 132.0640869140625 113.5230560302734375 157.3797149658203125 180.3346405029296875 163.473846435546875 169.86181640625 200.3759002685546875 248.5317230224609375 274.143951416015625 265.600982666015625 279.865264892578125 290.070831298828125 291.193389892578125 203.6290283203125 167.3994293212890625 183.0872344970703125 192.15045166015625 185.71014404296875 155.3409881591796875 145.8851776123046875 149.035888671875 126.57268524169921875 201.800872802734375 208.1191864013671875 201.221527099609375 175.814697265625 122.3663330078125 305.133514404296875 280.7503662109375 278.891937255859375 268.59075927734375 251.564453125 151.0785064697265625 160.5811614990234375 206.273712158203125 236.9632415771484375 166.0712738037109375 125.205841064453125 179.325592041015625 323.128753662109375 329.74267578125
148.32415771484375 146.3094482421875 39.053131103515625 49.714664459228515625 89.99979400634765625 152.47442626953125 181.004638671875 255.815093994140625 275.905487060546875 298.2166748046875 356.7593994140625 307.87432861328125 263.1566162109375 215.8107757568359375 154.7756805419921875 137.742279052734375 177.034759521484375 189.5538330078125 177.510009765625 160.139068603515625 159.1138153076171875 171.50103759765625 172.47576904296875 153.43450927734375 182.48907470703125 240.83184814453125 206.094970703125 188.426513671875 215.8693084716796875 259.345458984375 249.7267913818359375 208.950531005859375 194.10784912109375 155.7845001220703125 151.6605072021484375 259.677215576171875 237.814361572265625 167.93829345703125 158.3603363037109375 196.0485382080078125 198.0934295654296875 173.7252655029296875
174.8051910400390625 218.6592864990234375 300.464935302734375 32.1956329345703125 46.33986663818359375 22.503465652465820312 345.017578125 328.102020263671875 303.475616455078125 297.227996826171875 2.9108090400695800781 334.6531982421875 201.2499237060546875 197.3536529541015625 136.332061767578125 85.652374267578125 81.25363922119140625 202.06732177734375 169.5918426513671875 146.309844970703125 131.1857147216796875 162.5523529052734375 199.9825897216796875 289.1329345703125 344.274444580078125 347.470428466796875 2.2905435562133789062 232.59393310546875 268.853607177734375 294.8758544921875 343.609588623046875 84.09363555908203125 221.423065185546875 19.653573989868164062 338.197845458984375 304.103790283203125 300.37835693359375 123.68976593017578125 176.5757293701171875 213.834564208984375 224.3484039306640625 149.153076171875
186.115020751953125 263.046417236328125 276.952362060546875 50.71041107177734375 65.2724761962890625 25.795976638793945312 334.653076171875 344.744049072265625 319.714019775390625 314.19232177734375 48.856655120849609375 129.3903961181640625 182.8150787353515625 195.9449310302734375 172.438201904296875 126.157928466796875 101.0562591552734375 30.964649200439453125 323.12933349609375 345.78326416015625 26.861875534057617188 61.821346282958984375 240.25439453125 272.28997802734375 299.180145263671875 31.607442855834960938 36.38407135009765625 15.642436981201171875 255.963226318359375 249.530242919921875 189.3443450927734375 108.0339813232421875 280.123992919921875 292.47857666015625 278.470489501953125 257.573455810546875 209.4757232666015625 72.96695709228515625 59.0362396240234375 277.38531494140625 297.34912109375 48.224334716796875
13.781657218933105469 272.92437744140625 243.4343719482421875 168.388092041015625 99.6050567626953125 2.1211411952972412109 326.4486083984375 353.49981689453125 312.70867919921875 311.819427490234375 53.2265625 73.97190093994140625 134.999481201171875 209.232330322265625 167.329803466796875 162.8236846923828125 140.0421295166015625 180.8546600341796875 261.3837890625 139.7632293701171875 137.260162353515625 143.615325927734375 326.00274658203125 288.14483642578125 281.943450927734375 354.93548583984375 2.6194586753845214844 23.607072830200195312 92.60214996337890625 216.814453125 194.09735107421875 173.89678955078125 220.6483612060546875 206.3229217529296875 208.024017333984375 236.06964111328125 257.2750244140625 81.66545867919921875 41.760234832763671875 302.64776611328125 91.80850982666015625 213.502960205078125
68.19850921630859375 265.10028076171875 210.6180419921875 176.6330413818359375 239.5339508056640625 309.70916748046875 337.519775390625 330.779998779296875 297.31494140625 295.9527587890625 89.4151153564453125 86.93007659912109375 86.79457855224609375 253.4950408935546875 95.90579986572265625 35.537078857421875 89.06049346923828125 296.564544677734375 268.687469482421875 116.56475830078125 119.521026611328125 253.4951019287109375 292.0672607421875 298.378570556640625 288.112457275390625 307.041748046875 343.2999267578125 43.430545806884765625 62.8785552978515625 317.28997802734375 300.2025146484375 0 221.1854095458984375 182.059722900390625 185.142333984375 211.5342864990234375 205.0552520751953125 160.187103271484375 196.2844390869140625 241.30450439453125 116.747833251953125 186.8813018798828125
36.08493804931640625 316.3631591796875 5.0424652099609375 6.8428869247436523438 295.11419677734375 289.092803955078125 334.17822265625 339.20013427734375 294.043548583984375 173.3329315185546875 126.8235321044921875 106.47664642333984375 48.25183868408203125 349.547576904296875 10.375710487365722656 3.715259552001953125 24.443952560424804688 357.220062255859375 300.698944091796875 76.37286376953125 21.217985153198242188 330.52337646484375 318.065673828125 267.273101806640625 261.41583251953125 260.082855224609375 199.2301788330078125 125.33986663818359375 102.9944305419921875 316.7091064453125 320.078857421875 6.0395331382751464844 38.027179718017578125 91.1690673828125 145.0077056884765625 225.6222381591796875 202.9633026123046875 176.559661865234375 206.165740966796875 210.56353759765625 138.2283477783203125 180.9388885498046875
350.536712646484375 292.108856201171875 5.9060759544372558594 342.40679931640625 333.93829345703125 322.90643310546875 318.813323974609375 341.56427001953125 173.3328399658203125 150.9450225830078125 128.99072265625 30.06848907470703125 353.156402587890625 16.970308303833007812 26.565036773681640625 356.185028076171875 16.7625732421875 28.412725448608398438 5.1941704750061035156 104.264251708984375 247.248443603515625 296.82135009765625 23.749399185180664062 294.074676513671875 276.3394775390625 234.6045379638671875 163.4647979736328125 134.999725341796875 172.4758148193359375 266.495880126953125 277.655517578125 355.881011962890625 49.8529815673828125 29.313997268676757812 5.024059295654296875 344.377044677734375 21.434503555297851562 329.93084716796875 330.255126953125 234.4617919921875 319.968902587890625 351.14117431640625
336.249359130859375 297.524505615234375 332.215240478515625 327.093963623046875 339.200225830078125 2.6019713914138264954e-05 14.981512069702148438 127.07280731201171875 148.657257080078125 146.3094940185546875 113.89485931396484375 232.8148193359375 237.7707061767578125 101.0232391357421875 82.43840789794921875 156.801422119140625 116.56641387939453125 43.45185089111328125 352.792999267578125 358.024200439453125 348.100860595703125 350.285919189453125 56.42694091796875 238.240234375 250.8437957763671875 189.6883087158203125 133.363067626953125 77.66070556640625 341.563812255859375 247.9631805419921875 240.37567138671875 202.3796539306640625 126.41603851318359375 66.0373382568359375 340.40692138671875 342.36737060546875 58.585865020751953125 339.943115234375 350.361724853515625 345.684417724609375 301.577484130859375 126.8696746826171875
355.716278076171875 344.41827392578125 332.24066162109375 318.852691650390625 330.421417236328125 16.470430374145507812 29.291286468505859375 43.30527496337890625 46.397106170654296875 49.96973419189453125 79.38018035888671875 167.9051361083984375 197.1022491455078125 176.0419769287109375 138.813690185546875 311.599578857421875 346.7227783203125 357.351531982421875 342.69171142578125 348.44879150390625 358.080902099609375 21.757043838500976562 45.23375701904296875 43.7125396728515625 265.291595458984375 283.39239501953125 98.12972259521484375 145.3043212890625 239.0358428955078125 268.451019287109375 241.259552001953125 212.90472412109375 168.9761505126953125 169.5737762451171875 224.35577392578125 232.1245269775390625 47.89846038818359375 5.1172571182250976562 327.457550048828125 13.392595291137695312 146.3095245361328125 162.5116424560546875
347.124176025390625 2.9814383983612060547 333.99578857421875 255.8661346435546875 252.191680908203125 92.3856658935546875 94.34723663330078125 96.072296142578125 81.6741943359375 83.28997039794921875 97.35205841064453125 115.34588623046875 171.25335693359375 274.397979736328125 332.101959228515625 316.83612060546875 344.66229248046875 350.209686279296875 334.5799560546875 349.551361083984375 5.4291558265686035156 34.6301116943359375 38.316036224365234375 32.092498779296875 11.082549095153808594 344.196685791015625 65.772186279296875 8.3930120468139648438 342.1802978515625 344.053863525390625 295.3455810546875 293.19793701171875 79.99192047119140625 142.12481689453125 247.2484130859375 266.893310546875 326.71173095703125 7.0457019805908203125 11.513926506042480469 85.1008453369140625 76.55124664306640625 97.3055419921875
228.5757904052734375 142.9431915283203125 137.174468994140625 200.9886932373046875 224.10430908203125 170.4928436279296875 136.691436767578125 166.4114837646484375 133.908447265625 116.0454864501953125 140.7103271484375 127.736480712890625 292.573486328125 325.10858154296875 343.774749755859375 334.603302001953125 347.53424072265625 305.753204345703125 303.689361572265625 350.765838623046875 14.826463699340820312 47.7666778564453125 53.275745391845703125 54.462192535400390625 63.746799468994140625 99.904083251953125 353.658538818359375 359.235321044921875 30.963718414306640625 316.363067626953125 315.572235107421875 339.6907958984375 39.623210906982421875 25.016876220703125 305.536895751953125 289.1190185546875 286.698577880859375 356.422760009765625 74.267852783203125 99.71294403076171875 93.3656768798828125 63.434783935546875
198.2034912109375 172.9616241455078125 143.129791259765625 187.674041748046875 222.273162841796875 167.3803253173828125 127.07642364501953125 185.8441925048828125 156.8010406494140625 124.47190093994140625 296.56427001953125 354.68951416015625 318.64239501953125 323.75238037109375 357.1585693359375 26.909421920776367188 72.6457977294921875 270.64794921875 270.733856201171875 147.094482421875 151.6305999755859375 138.079864501953125 116.6858978271484375 115.21688079833984375 112.0024566650390625 99.46201324462890625 279.089691162109375 263.65960693359375 60.708492279052734375 302.734466552734375 299.19677734375 330.523406982421875 41.698017120361328125 6.8090624809265136719 323.6666259765625 339.056488037109375 229.0851898193359375 184.573486328125 130.3328094482421875 128.500335693359375 278.972015380859375 9.6686410903930664062
164.054290771484375 173.3450927734375 141.9807281494140625 177.0386810302734375 224.5686798095703125 179.9996337890625 100.79927825927734375 154.7219696044921875 163.5592193603515625 131.986846923828125 302.9425048828125 322.57391357421875 311.459716796875 314.836517333984375 82.293701171875 111.92929840087890625 340.016204833984375 307.041748046875 232.1929473876953125 152.9741363525390625 157.7616119384765625 155.9293060302734375 137.3188018798828125 128.84222412109375 122.71137237548828125 44.999897003173828125 318.365478515625 306.86920166015625 8.1301555633544921875 328.626190185546875 259.286285400390625 277.6326904296875 33.53037261962890625 4.6306209696922451258e-05 302.195068359375 48.813808441162109375 102.6331024169921875 215.537109375 93.92995452880859375 358.66705322265625 314.0751953125 356.346923828125
142.853057861328125 221.423065185546875 69.4437408447265625 94.537567138671875 207.3493804931640625 192.5928955078125 141.709503173828125 146.142608642578125 310.913665771484375 344.434661865234375 298.917633056640625 279.636871337890625 276.755523681640625 282.945892333984375 82.0626220703125 81.09307861328125 244.2033843994140625 198.09344482421875 154.6898651123046875 157.439239501953125 165.9633941650390625 153.7027587890625 128.046722412109375 95.63043975830078125 57.652393341064453125 8.9731073379516601562 6.3397769927978515625 283.735565185546875 32.275806427001953125 107.74446868896484375 239.263916015625 264.150421142578125 93.0126800537109375 145.7506103515625 204.5795135498046875 238.916351318359375 357.165069580078125 2.8767840862274169922 28.231884002685546875 6.1466126441955566406 305.439208984375 73.14151763916015625
192.130828857421875 268.805755615234375 14.534449577331542969 46.060825347900390625 61.219997406005859375 157.7293701171875 161.7825164794921875 211.7009735107421875 276.2376708984375 307.6728515625 274.673553466796875 268.630035400390625 267.032745361328125 253.3605499267578125 66.45786285400390625 68.90576934814453125 135.284759521484375 170.346343994140625 156.177734375 168.689666748046875 194.9811859130859375 162.050323486328125 63.103607177734375 27.847520828247070312 32.04718780517578125 21.37067413330078125 6.3401579856872558594 265.78509521484375 153.434600830078125 83.01874542236328125 295.64031982421875 288.31805419921875 1.6636693477630615234 24.869060516357421875 347.290863037109375 316.2923583984375 340.718841552734375 24.322483062744140625 28.32115936279296875 17.295343399047851562 9.2932996749877929688 24.001234054565429688
