wildfire/work/fuelmodels/1824/aspect.asc
ncols        288
nrows        320
xllcorner    174275.000000000000
yllcorner    482380.000000000000
cellsize     5.000000000000
NODATA_value   -999
[rows 114 to 132 of 320, columns 42 to 83 of 288]
158.4742584228515625 151.886474609375 157.833221435546875 134.9996795654296875 334.798004150390625 305.908966064453125 303.52972412109375 351.8692626953125 240.25439453125 219.559173583984375 193.4952850341796875 224.5097808837890625 227.80584716796875 208.1008758544921875 196.3890838623046875 178.8461456298828125 191.30950927734375 185.6668548583984375 206.0453033447265625 230.3809967041015625 241.238250732421875 244.38397216796875 122.19524383544921875 100.68463134765625 191.3094940185546875 269.9993896484375 316.5067138671875 59.574115753173828125 87.75408172607421875 128.479827880859375 185.38885498046875 186.0086517333984375 291.21728515625 331.112640380859375 20.912488937377929688 332.524749755859375 306.86920166015625 77.38047027587890625 89.9997711181640625 94.23615264892578125 246.2270660400390625 229.76312255859375
140.599029541015625 168.111053466796875 218.9903564453125 246.8007965087890625 290.658233642578125 293.838043212890625 285.8017578125 0.00017075501091312617064 32.905261993408203125 168.6899871826171875 263.659210205078125 274.4742431640625 263.6591796875 210.0680999755859375 189.323089599609375 183.01239013671875 200.72509765625 207.5814666748046875 250.709320068359375 275.411224365234375 279.8807373046875 264.98626708984375 155.55572509765625 99.16216278076171875 170.3108673095703125 255.29107666015625 259.379730224609375 88.5309600830078125 85.4459991455078125 76.42931365966796875 343.609771728515625 314.08990478515625 307.605224609375 328.3917236328125 100.06046295166015625 187.0008697509765625 206.877655029296875 155.1359405517578125 80.28652191162109375 60.1539306640625 306.54425048828125 270.497589111328125
89.99979400634765625 279.461639404296875 284.035552978515625 285.9447021484375 291.800750732421875 307.17022705078125 336.446990966796875 3.1221466064453125 61.189090728759765625 77.470977783203125 294.1925048828125 299.980926513671875 294.56646728515625 306.86895751953125 89.99979400634765625 257.004913330078125 276.3394775390625 278.470489501953125 279.070831298828125 276.527191162109375 276.596099853515625 297.896484375 50.19493865966796875 88.18151092529296875 104.035980224609375 258.162628173828125 241.43988037109375 108.4345703125 49.085399627685546875 23.574678421020507812 358.024261474609375 317.044677734375 274.898529052734375 153.18865966796875 129.44244384765625 169.7685546875 219.6317596435546875 233.880096435546875 78.0237579345703125 70.1774139404296875 338.19781494140625 273.91766357421875
53.5305633544921875 328.391754150390625 346.534027099609375 327.17071533203125 294.09130859375 304.094268798828125 345.962982177734375 26.564989089965820312 29.1807403564453125 2.1610467433929443359 321.22503662109375 319.593505859375 345.202484130859375 7.9071812629699707031 1.6846402883529663086 351.253021240234375 346.428802490234375 310.71014404296875 282.86212158203125 277.124359130859375 278.129425048828125 297.34906005859375 107.64997100830078125 108.69875335693359375 130.1005859375 263.33270263671875 259.460174560546875 44.999897003173828125 18.434906005859375 14.743645668029785156 353.1068115234375 353.417144775390625 187.76470947265625 132.7685394287109375 102.0220489501953125 126.41603851318359375 251.00274658203125 254.9308624267578125 104.6971435546875 112.64006805419921875 170.735107421875 190.08013916015625
75.96347808837890625 280.00732421875 278.614959716796875 306.869232177734375 287.037109375 280.731964111328125 314.99920654296875 25.0168609619140625 3.3177886009216308594 348.689239501953125 332.935943603515625 336.117950439453125 7.6433925628662109375 19.722249984741210938 353.9449462890625 7.1249909400939941406 20.462194442749023438 318.57568359375 300.21063232421875 303.9583740234375 312.97198486328125 355.313385009765625 67.6936492919921875 84.01168060302734375 87.87885284423828125 278.39227294921875 308.190216064453125 359.317108154296875 29.68718719482421875 355.6004638671875 331.112548828125 63.7412109375 112.671112060546875 138.63262939453125 88.7633514404296875 17.783863067626953125 307.982818603515625 285.11279296875 83.65958404541015625 86.84493255615234375 119.05432891845703125 202.3057403564453125
97.124786376953125 183.3658599853515625 224.9994659423828125 266.921966552734375 285.421539306640625 278.129486083984375 288.019073486328125 358.209320068359375 344.133453369140625 331.42852783203125 306.4080810546875 317.40185546875 24.227731704711914062 30.963687896728515625 7.3057241439819335938 6.8012819290161132812 359.6826171875 346.019866943359375 321.620025634765625 321.581207275390625 348.394439697265625 24.829315185546875 56.689189910888671875 74.86669158935546875 90.83003997802734375 267.878265380859375 287.5643310546875 2.1747887134552001953 46.684612274169921875 10.304751396179199219 343.17767333984375 82.47602081298828125 82.69406890869140625 87.43596649169921875 90.881134033203125 322.594085693359375 265.178619384765625 230.2733917236328125 123.95876312255859375 70.27753448486328125 23.708772659301757812 346.443511962890625
75.25634765625 37.87508392333984375 283.391876220703125 264.88897705078125 258.8863525390625 247.566436767578125 224.9994659423828125 203.522705078125 210.465118408203125 188.447113037109375 212.9293212890625 210.0140380859375 187.8286285400390625 111.61455535888671875 48.1797943115234375 326.887847900390625 331.52874755859375 346.872344970703125 320.21612548828125 319.76287841796875 24.283100128173828125 87.04349517822265625 127.3036651611328125 118.39270782470703125 116.8216705322265625 268.63079833984375 277.327880859375 356.346954345703125 65.92430877685546875 46.193180084228515625 2.6026124954223632812 55.366230010986328125 44.999866485595703125 34.59218597412109375 51.632419586181640625 120.46527862548828125 198.0718536376953125 230.5049591064453125 224.9996490478515625 70.3459930419921875 344.053802490234375 340.4354248046875
42.709346771240234375 25.820951461791992188 306.8690185546875 250.7687225341796875 239.67578125 221.2841796875 198.9962005615234375 200.555572509765625 186.952545166015625 169.2281341552734375 185.116851806640625 202.1658782958984375 223.7264556884765625 268.5050048828125 354.426971435546875 332.559478759765625 321.092041015625 336.8006591796875 323.587188720703125 315.583892822265625 69.660614013671875 89.21063995361328125 113.0173492431640625 118.83525848388671875 77.00528717041015625 277.080596923828125 277.057220458984375 344.053863525390625 77.47100067138671875 54.637432098388671875 334.4393310546875 46.287250518798828125 57.680217742919921875 64.28985595703125 78.6898956298828125 89.4741668701171875 217.4050445556640625 275.000030517578125 317.758392333984375 21.868516921997070312 326.744903564453125 309.427032470703125
94.39835357666015625 28.300565719604492188 348.689178466796875 294.443267822265625 266.185272216796875 250.941741943359375 224.9996185302734375 209.875518798828125 162.859283447265625 159.6911773681640625 178.830413818359375 261.12884521484375 284.533782958984375 308.841796875 338.458251953125 338.742095947265625 347.484832763671875 341.784210205078125 326.03173828125 135.0000152587890625 116.46549224853515625 89.99980926513671875 74.35759735107421875 24.904750823974609375 31.70134735107421875 267.813568115234375 249.8034820556640625 186.0720062255859375 126.63382720947265625 130.0725555419921875 234.1296539306640625 103.32422637939453125 90.47330474853515625 102.17127227783203125 105.00107574462890625 103.21250152587890625 216.8696136474609375 249.774566650390625 237.52825927734375 154.5727386474609375 171.084625244140625 204.8632049560546875
12.994862556457519531 338.961639404296875 335.32232666015625 323.841064453125 304.379669189453125 268.3629150390625 216.4686737060546875 160.6406097412109375 122.79933929443359375 49.398494720458984375 332.24072265625 285.25445556640625 278.48095703125 263.875244140625 251.9055328369140625 278.801055908203125 339.87335205078125 36.2537994384765625 172.6651458740234375 138.1218109130859375 132.496551513671875 119.4755859375 74.21112060546875 345.63458251953125 12.022255897521972656 320.792022705078125 253.1500701904296875 177.175628662109375 168.3811187744140625 162.733795166015625 215.4451904296875 155.6465911865234375 118.0721282958984375 76.12232208251953125 77.152130126953125 71.93935394287109375 1.9748839139938354492 220.235809326171875 200.5555572509765625 173.796142578125 174.80517578125 218.035980224609375
0 8.7461261749267578125 294.14483642578125 293.1978759765625 234.4619293212890625 177.79693603515625 205.3456268310546875 157.6194610595703125 123.68997955322265625 325.78338623046875 327.803466796875 264.7181396484375 249.4784698486328125 214.938812255859375 216.8345184326171875 234.515472412109375 223.747314453125 111.72078704833984375 67.6197509765625 40.6838836669921875 53.746002197265625 41.768863677978515625 0.58465605974197387695 343.68536376953125 14.66442108154296875 353.97161865234375 6.0089693069458007812 101.5463714599609375 167.9049530029296875 177.8784942626953125 216.76385498046875 165.159698486328125 164.858551025390625 136.7351837158203125 84.14376068115234375 41.53167724609375 16.232347488403320312 52.274875640869140625 123.3103485107421875 140.1941070556640625 219.9358978271484375 273.95361328125
20.55584716796875 27.474517822265625 314.999267578125 319.084869384765625 113.498382568359375 165.963348388671875 269.999359130859375 337.478668212890625 356.63275146484375 356.18499755859375 177.273345947265625 246.104248046875 238.3527984619140625 216.7727508544921875 246.0152740478515625 264.59942626953125 252.13458251953125 155.5556488037109375 332.524932861328125 17.7446136474609375 64.350616455078125 20.854387283325195312 347.500274658203125 356.2406005859375 65.94237518310546875 115.7689666748046875 143.129791259765625 79.93077850341796875 51.482982635498046875 71.5654296875 187.5233306884765625 184.96923828125 293.197601318359375 47.121242523193359375 63.687252044677734375 12.215701103210449219 27.474353790283203125 36.572925567626953125 12.5287628173828125 23.19852447509765625 344.803955078125 283.4771728515625
359.08978271484375 346.238433837890625 334.469512939453125 9.3099260330200195312 38.367404937744140625 354.5872802734375 321.482330322265625 339.043426513671875 10.007989883422851562 8.3102273941040039062 3.2396869659423828125 311.47784423828125 250.1142730712890625 224.1112518310546875 248.37359619140625 250.393463134765625 227.226470947265625 193.2226104736328125 206.14630126953125 175.8549957275390625 105.18560791015625 339.589263916015625 356.324615478515625 49.46706390380859375 85.91422271728515625 94.0443572998046875 309.643310546875 32.30040740966796875 53.79736328125 78.690032958984375 337.618865966796875 316.60528564453125 337.152557373046875 12.9553070068359375 16.056049346923828125 5.801548004150390625 27.290201187133789062 15.376237869262695312 349.010498046875 4.9341502189636230469 14.866527557373046875 319.14385986328125
357.088348388671875 331.503570556640625 332.8310546875 8.7853069305419921875 27.012601852416992188 359.9991455078125 333.88531494140625 348.246246337890625 359.325103759765625 348.510223388671875 352.52490234375 358.19989013671875 358.12744140625 348.41583251953125 259.761199951171875 229.3154754638671875 213.4188690185546875 198.14874267578125 208.8551788330078125 179.39007568359375 163.300384521484375 209.6039276123046875 197.446746826171875 112.7964019775390625 76.50417327880859375 30.650634765625 346.826690673828125 104.035980224609375 125.199859619140625 143.129852294921875 310.7403564453125 312.708648681640625 334.3890380859375 14.420773506164550781 21.108873367309570312 9.94052886962890625 19.230623245239257812 358.92633056640625 356.277862548828125 22.520528793334960938 33.178401947021484375 0.53541910648345947266
9.51599884033203125 330.320709228515625 277.76446533203125 78.69094085693359375 57.771087646484375 24.325483322143554688 297.12066650390625 269.999359130859375 306.528106689453125 307.001800537109375 323.316864013671875 349.795196533203125 9.2239065170288085938 13.150934219360351562 353.304931640625 289.98248291015625 229.8986053466796875 204.651702880859375 200.8827056884765625 167.7904815673828125 168.43365478515625 193.6895904541015625 200.016387939453125 197.225250244140625 139.39825439453125 4.08551025390625 81.732635498046875 118.207183837890625 159.44354248046875 316.3419189453125 324.06573486328125 307.5845947265625 270.689605712890625 118.7393951416015625 105.25476837158203125 313.63543701171875 354.859375 351.746612548828125 15.7511749267578125 34.571414947509765625 10.12459564208984375 70.20095062255859375
26.804046630859375 55.863933563232421875 177.75384521484375 188.0267791748046875 163.939666748046875 154.8718414306640625 179.5337371826171875 200.979278564453125 208.0086822509765625 233.129547119140625 245.5935211181640625 248.961883544921875 358.263397216796875 7.2060189247131347656 1.3234294652938842773 3.4517557621002197266 4.2588348388671875 126.46915435791015625 175.2590789794921875 155.84197998046875 158.1982269287109375 189.8653564453125 208.7793426513671875 209.433197021484375 199.8120574951171875 187.066314697265625 138.7908477783203125 99.4621124267578125 313.762847900390625 312.7584228515625 334.36895751953125 81.8697052001953125 174.143646240234375 169.4869537353515625 161.5645599365234375 283.391876220703125 314.999267578125 340.865570068359375 21.9807891845703125 46.417819976806640625 91.258819580078125 122.9513702392578125
73.61026763916015625 87.1912841796875 73.3004150390625 325.78363037109375 105.4609375 128.9907379150390625 178.876251220703125 241.9268951416015625 228.813507080078125 238.6136322021484375 233.880096435546875 215.909210205078125 212.06689453125 259.69451904296875 320.087493896484375 0.9516804814338684082 28.162469863891601562 59.46103668212890625 102.9944000244140625 135.48114013671875 150.6190643310546875 181.14532470703125 228.9296417236328125 220.134979248046875 199.007415771484375 184.276885986328125 177.2165374755859375 207.6455535888671875 282.368408203125 278.70672607421875 154.7985382080078125 115.95314788818359375 117.34976959228515625 316.506591796875 321.765411376953125 323.65179443359375 330.6326904296875 335.19903564453125 26.319822311401367188 82.3101654052734375 122.00510406494140625 142.9204254150390625
111.0094146728515625 87.01551055908203125 2.8341145515441894531 357.916595458984375 20.22481536865234375 18.83139801025390625 17.161886215209960938 344.744293212890625 196.5038909912109375 231.60430908203125 218.40277099609375 205.5263519287109375 229.6718902587890625 256.747955322265625 270.454071044921875 306.084381103515625 75.96355438232421875 87.878692626953125 99.14862823486328125 114.6048583984375 112.01100921630859375 251.5643463134765625 266.111480712890625 272.453399658203125 285.46044921875 300.067657470703125 300.067901611328125 311.227020263671875 308.557708740234375 288.0599365234375 140.9311370849609375 308.289306640625 349.901641845703125 339.822357177734375 322.5841064453125 333.845703125 349.623321533203125 12.425963401794433594 111.4049224853515625 107.60295867919921875 109.56911468505859375 124.59200286865234375
47.53348541259765625 14.036206245422363281 5.6923313140869140625 14.848412513732910156 11.752901077270507812 8.031635284423828125 39.248516082763671875 65.343963623046875 298.300079345703125 292.889892578125 275.526947021484375 264.804931640625 282.445465087890625 294.295074462890625 293.050628662109375 199.5363311767578125 116.98760223388671875 94.763427734375 66.918060302734375 33.870697021484375 8.7750339508056640625 345.5467529296875 337.305389404296875 324.517181396484375 342.063934326171875 343.798492431640625 332.3160400390625 326.922393798828125 333.32666015625 47.20253753662109375 94.8643341064453125 286.674346923828125 317.0667724609375 336.857208251953125 326.0364990234375 329.469482421875 97.2241058349609375 119.60089874267578125 128.0247650146484375 113.781768798828125 82.357666015625 29.545379638671875
