wildfire/work/fuelmodels/1824/aspect.asc
ncols        288
nrows        320
xllcorner    174275.000000000000
yllcorner    482380.000000000000
cellsize     5.000000000000
NODATA_value   -999
[rows 190 to 208 of 320, columns 126 to 167 of 288]
356.185211181640625 76.60730743408203125 85.80672454833984375 87.12432861328125 86.84494781494140625 94.513763427734375 171.0269012451171875 239.7429046630859375 355.600372314453125 356.18511962890625 297.473785400390625 251.5655517578125 329.0355224609375 3.5762410163879394531 14.036274909973144531 338.024688720703125 338.961669921875 14.264440536499023438 28.14147186279296875 323.12933349609375 45.000499725341796875 329.742828369140625 330.707794189453125 36.0272979736328125 338.961822509765625 310.235748291015625 64.98299407958984375 18.434906005859375 350.536895751953125 248.1981048583984375 230.71002197265625 220.710296630859375 190.490997314453125 171.869476318359375 158.85980224609375 140.7102203369140625 171.8694915771484375 210.9633026123046875 313.151611328125 340.200286865234375 50.855884552001953125 322.926239013671875
160.5349273681640625 152.0509033203125 137.6022491455078125 125.6042327880859375 110.7719573974609375 108.4346771240234375 177.2732086181640625 255.2558441162109375 274.398040771484375 341.56427001953125 351.868865966796875 161.564849853515625 213.6894378662109375 176.633056640625 217.8743438720703125 288.434173583984375 327.993743896484375 47.38578033447265625 18.434862136840820312 7.0013189315795898438 28.495706558227539062 310.76287841796875 314.999267578125 51.008876800537109375 74.35756683349609375 190.3042755126953125 159.774810791015625 269.99957275390625 341.5643310546875 8.1300830841064453125 26.564441680908203125 232.124481201171875 213.6892547607421875 114.77483367919921875 231.3397979736328125 343.0716552734375 30.96366119384765625 313.090179443359375 287.743988037109375 281.308441162109375 92.38578033447265625 284.420135498046875
151.6406707763671875 155.432464599609375 149.9310760498046875 140.079315185546875 122.57376861572265625 70.8662109375 346.184173583984375 333.8524169921875 335.555084228515625 258.689361572265625 335.853668212890625 12.652494430541992188 25.709997177124023438 75.9630126953125 266.4232177734375 255.963165283203125 202.7506103515625 139.2361602783203125 245.5554046630859375 349.991424560546875 48.366424560546875 309.80474853515625 239.93084716796875 124.21543121337890625 127.303619384765625 191.309326171875 273.36572265625 307.23406982421875 318.813323974609375 354.804718017578125 22.1093597412109375 351.528045654296875 337.478668212890625 14.826434135437011719 340.49676513671875 345.718109130859375 17.140310287475585938 9.4623441696166992188 262.874176025390625 220.6006927490234375 57.8042144775390625 269.686248779296875
141.1588287353515625 147.0422210693359375 147.8746490478515625 150.1725921630859375 183.813720703125 351.253082275390625 342.030059814453125 5.0131154060363769531 59.03606414794921875 237.994140625 246.8007965087890625 321.339263916015625 60.708438873291015625 32.90511322021484375 300.46490478515625 284.93084716796875 216.8699951171875 111.03719329833984375 228.3658447265625 224.999359130859375 15.945539474487304688 359.99908447265625 100.4913787841796875 117.07186126708984375 77.471038818359375 332.52490234375 310.600555419921875 301.758758544921875 286.11273193359375 317.289825439453125 48.691272735595703125 27.64598846435546875 303.11065673828125 322.942718505859375 329.70751953125 334.591461181640625 5.1021599769592285156 31.607452392578125 40.4621124267578125 305.53704833984375 342.7578125 262.234222412109375
128.4799041748046875 145.3045501708984375 137.725921630859375 342.64520263671875 336.92095947265625 345.067779541015625 1.1934570074081420898 49.969562530517578125 60.9452056884765625 358.5303955078125 302.734619140625 221.4234161376953125 117.75823974609375 134.9996795654296875 281.3092041015625 304.6944580078125 341.56317138671875 59.0357818603515625 336.80120849609375 269.999359130859375 251.56451416015625 129.2889556884765625 107.9276580810546875 134.9996795654296875 280.304168701171875 334.653076171875 284.035797119140625 280.304229736328125 279.461669921875 279.161712646484375 72.64572906494140625 33.68991851806640625 314.999267578125 239.0356597900390625 238.828125 265.8328857421875 331.857666015625 69.6233978271484375 64.02541351318359375 347.00457763671875 319.573272705078125 269.999847412109375
47.35320281982421875 4.0855813026428222656 343.09686279296875 338.681304931640625 346.659942626953125 355.394683837890625 16.720815658569335938 42.510349273681640625 28.810779571533203125 6.7661790847778320312 20.555894851684570312 63.434803009033203125 98.746002197265625 258.689666748046875 271.272491455078125 291.036865234375 66.8013458251953125 314.9990234375 344.053863525390625 0 229.3980560302734375 167.4708404541015625 87.436004638671875 48.17978668212890625 283.67059326171875 314.998870849609375 319.76287841796875 324.46160888671875 295.709320068359375 274.3980712890625 14.931252479553222656 350.271636962890625 3.3664641380310058594 52.352237701416015625 209.054168701171875 217.082000732421875 190.1501922607421875 147.482147216796875 118.21710205078125 314.999267578125 330.254364013671875 41.423656463623046875
14.420756340026855469 345.085693359375 339.1014404296875 339.39862060546875 310.985107421875 337.832855224609375 35.264530181884765625 57.658390045166015625 39.87177276611328125 18.97037506103515625 44.999897003173828125 52.124950408935546875 82.87480926513671875 186.3398895263671875 251.5643768310546875 228.575714111328125 138.1795806884765625 239.0355377197265625 261.8692626953125 60.254833221435546875 338.962005615234375 341.564178466796875 44.999897003173828125 30.963735580444335938 334.9822998046875 269.999359130859375 291.36993408203125 18.434906005859375 212.0047607421875 252.2989959716796875 196.699005126953125 266.877227783203125 358.151611328125 66.80123138427734375 82.3037261962890625 192.094329833984375 193.1087493896484375 185.7621612548828125 164.0543060302734375 266.63287353515625 291.800811767578125 73.1784515380859375
347.08135986328125 324.793060302734375 343.196929931640625 13.790835380554199219 319.3721923828125 318.40570068359375 59.24121856689453125 76.47666168212890625 80.627685546875 93.8136749267578125 102.2645111083984375 125.53745269775390625 108.43476104736328125 18.435089111328125 280.7835693359375 281.309112548828125 107.35375213623046875 227.044921875 226.7895050048828125 155.8540802001953125 190.6191253662109375 232.4309234619140625 56.309539794921875 59.03603363037109375 41.82000732421875 295.3455810546875 242.8182830810546875 148.13372802734375 205.82049560546875 231.1696929931640625 164.74456787109375 220.363983154296875 201.66546630859375 114.928253173828125 93.6912078857421875 85.60112762451171875 283.239837646484375 272.725677490234375 240.2546539306640625 258.689453125 239.0355377197265625 101.30973052978515625
314.999267578125 301.298919677734375 335.08740234375 6.3015928268432617188 340.768524169921875 347.686126708984375 80.83747100830078125 86.07707977294921875 81.86968231201171875 96.63225555419921875 94.144378662109375 95.19419097900390625 147.0944671630859375 191.3093414306640625 220.425567626953125 207.1807861328125 78.689361572265625 333.434234619140625 264.288787841796875 179.9989013671875 0 252.757904052734375 214.694671630859375 66.8012847900390625 21.8014373779296875 352.40460205078125 341.564422607421875 118.4953460693359375 200.224395751953125 217.6937713623046875 163.3004913330078125 257.19512939453125 192.8472747802734375 155.8974151611328125 139.6350860595703125 92.72603607177734375 292.832916259765625 294.144805908203125 299.0535888671875 244.653228759765625 230.35516357421875 278.12890625
335.46148681640625 291.4871826171875 275.193817138671875 321.581329345703125 250.6403961181640625 132.56304931640625 106.0167236328125 90.81241607666015625 62.062702178955078125 42.51036834716796875 44.028896331787109375 53.972515106201171875 27.255311965942382812 347.904449462890625 61.69872283935546875 221.986907958984375 259.215087890625 23.199102401733398438 141.339996337890625 212.4706878662109375 157.248565673828125 196.112945556640625 192.5283203125 195.0179595947265625 248.9618682861328125 330.944671630859375 0 44.118473052978515625 356.18511962890625 319.76287841796875 330.52325439453125 334.98236083984375 81.8697357177734375 137.045135498046875 191.3096466064453125 314.99945068359375 310.485321044921875 324.210357666015625 356.34686279296875 354.093017578125 239.9309234619140625 232.1245574951171875
347.790069580078125 314.999176025390625 227.9808807373046875 189.0470733642578125 171.3264312744140625 147.9070892333984375 111.8934326171875 78.439697265625 54.647922515869140625 56.173725128173828125 62.102619171142578125 68.86003875732421875 18.434906005859375 352.874176025390625 38.0468597412109375 345.64984130859375 304.158935546875 16.18927764892578125 33.689945220947265625 71.564605712890625 134.9994049072265625 212.004974365234375 188.9722900390625 249.774658203125 254.0540618896484375 260.13360595703125 297.896575927734375 24.026445388793945312 359.555023193359375 1.169162750244140625 341.56427001953125 330.0677490234375 44.0288543701171875 25.665096282958984375 347.1241455078125 332.474029541015625 330.678741455078125 336.570587158203125 347.27484130859375 10.713055610656738281 29.248752593994140625 298.49505615234375
3.8141005039215087891 16.587291717529296875 10.840447425842285156 160.5595703125 148.7605133056640625 111.94857025146484375 64.65373992919921875 48.15062713623046875 44.999897003173828125 43.51845550537109375 42.137485504150390625 51.418609619140625 21.57117462158203125 338.197845458984375 46.30181121826171875 27.897233963012695312 260.13360595703125 309.288818359375 6.3402032852172851562 23.80585479736328125 6.04412078857421875 357.336151123046875 354.804718017578125 336.6436767578125 2.2025403976440429688 288.434173583984375 271.908477783203125 314.999176025390625 354.288543701171875 40.333003997802734375 14.743541717529296875 320.1937255859375 358.56707763671875 356.31854248046875 347.62835693359375 357.02801513671875 0.51613801717758178711 357.682098388671875 2.6025946140289306641 12.724336624145507812 11.309869766235351562 349.944854736328125
13.172549247741699219 18.733324050903320312 30.963716506958007812 34.624080657958984375 26.564989089965820312 15.851790428161621094 22.270132064819335938 37.019748687744140625 41.308498382568359375 35.6899871826171875 34.61810302734375 41.987087249755859375 32.06186676025390625 344.93072509765625 42.510349273681640625 46.363849639892578125 299.9307861328125 283.56964111328125 304.3795166015625 7.3056435585021972656 13.736200332641601562 349.15887451171875 339.53692626953125 349.874603271484375 28.141546249389648438 339.9039306640625 293.961761474609375 272.48895263671875 191.3097686767578125 38.2900848388671875 353.81060791015625 339.81976318359375 335.22406005859375 335.941864013671875 335.7379150390625 13.614141464233398438 25.874704360961914062 352.732177734375 8.1301050186157226562 17.411893844604492188 19.439916610717773438 347.34661865234375
25.24051666259765625 26.96566009521484375 18.165906906127929688 11.430289268493652344 1.6233422756195068359 359.9991455078125 6.8582553863525390625 20.555986404418945312 35.134124755859375 39.957500457763671875 49.15955352783203125 67.056304931640625 70.55987548828125 105.25510406494140625 129.805328369140625 32.905261993408203125 337.889801025390625 0.00013660360127687454224 293.74871826171875 305.536773681640625 41.633358001708984375 317.488739013671875 261.869049072265625 155.55560302734375 182.7258148193359375 269.999359130859375 271.33154296875 262.40478515625 206.564300537109375 297.03009033203125 320.930755615234375 333.4342041015625 328.770782470703125 300.963043212890625 236.767730712890625 136.8472900390625 139.275482177734375 249.82879638671875 328.323760986328125 44.06070709228515625 89.2745513916015625 172.40496826171875
23.818603515625 15.345247268676757812 0.47744110226631164551 353.44659423828125 350.28863525390625 356.080902099609375 4.8777265548706054688 18.996591567993164062 36.326763153076171875 50.788921356201171875 73.04793548583984375 91.2186737060546875 98.25923919677734375 117.47423553466796875 126.02716064453125 281.76763916015625 310.600677490234375 58.495639801025390625 293.197906494140625 273.012054443359375 343.29974365234375 0 122.1954193115234375 141.0086669921875 221.8197174072265625 241.38897705078125 259.2862548828125 278.84100341796875 329.035430908203125 314.999237060546875 300.46484375 296.113250732421875 174.805206298828125 183.6673736572265625 183.4331817626953125 152.28118896484375 158.10595703125 256.55078125 269.203643798828125 91.2870941162109375 93.9113616943359375 125.5374755859375
34.215606689453125 14.420785903930664062 43.619579315185546875 174.47210693359375 255.841766357421875 316.52679443359375 6.5818886756896972656 31.145158767700195312 53.99233245849609375 69.84223175048828125 85.69112396240234375 100.32941436767578125 105.8188934326171875 91.974578857421875 347.618408203125 313.151519775390625 224.9992828369140625 120.9633941650390625 143.129547119140625 206.5648040771484375 221.0543975830078125 144.461944580078125 51.709865570068359375 37.23480987548828125 330.9443359375 268.151611328125 235.00732421875 272.43603515625 306.86920166015625 324.592376708984375 306.510345458984375 101.309539794921875 127.1706085205078125 161.25823974609375 186.4490509033203125 159.6232452392578125 184.085174560546875 259.486785888671875 249.808837890625 98.33412933349609375 79.86554718017578125 55.388744354248046875
85.6012115478515625 354.667083740234375 57.487941741943359375 52.334209442138671875 277.213623046875 271.750244140625 334.28912353515625 52.76507568359375 68.52307891845703125 76.68947601318359375 87.0315399169921875 103.553497314453125 118.07218170166015625 182.7258148193359375 245.853912353515625 151.92718505859375 168.689697265625 211.7589111328125 11.310115814208984375 3.8136067390441894531 255.2558441162109375 266.98651123046875 330.707916259765625 35.13417816162109375 17.447122573852539062 312.509765625 326.309295654296875 286.578125 296.17462158203125 320.403076171875 345.698883056640625 95.3319549560546875 95.492095947265625 101.0032806396484375 194.620361328125 203.498138427734375 188.972198486328125 244.9825439453125 245.3526611328125 95.96427154541015625 68.91606903076171875 51.952823638916015625
154.4395751953125 269.999298095703125 69.06543731689453125 81.55222320556640625 250.2851409912109375 250.9207305908203125 249.443328857421875 71.5649871826171875 86.18572235107421875 92.6114501953125 95.53537750244140625 92.90169525146484375 83.65966033935546875 137.7260589599609375 213.6895599365234375 171.8692779541015625 36.869754791259765625 295.640380859375 317.3853759765625 14.03610992431640625 341.564178466796875 320.28936767578125 326.887939453125 33.310581207275390625 16.47679901123046875 352.99786376953125 339.62286376953125 275.84393310546875 279.27935791015625 301.18426513671875 75.25628662109375 105.16424560546875 113.702423095703125 97.22409820556640625 94.39835357666015625 220.029754638671875 199.6533203125 260.68939208984375 254.7442626953125 175.1555633544921875 101.84185028076171875 91.6681365966796875
188.1295623779296875 230.710052490234375 126.00597381591796875 126.46054840087890625 211.2387237548828125 236.069671630859375 193.2981109619140625 163.386566162109375 132.137298583984375 118.793731689453125 110.1221466064453125 97.3410491943359375 84.93624114990234375 79.215576171875 300.617828369140625 322.66607666015625 5.8559961318969726562 339.862823486328125 329.03564453125 110.55573272705078125 276.008270263671875 292.795806884765625 307.567840576171875 68.4983367919921875 42.510295867919921875 358.15142822265625 17.102659225463867188 265.694915771484375 264.5302734375 263.6591796875 105.4393768310546875 113.720123291015625 131.4961395263671875 87.8786468505859375 62.744476318359375 134.9987640380859375 171.4687652587890625 234.7612152099609375 234.3809661865234375 177.4660186767578125 142.640106201171875 119.2677764892578125
