wildfire/work/fuelmodels/1824/aspect.asc
ncols        288
nrows        320
xllcorner    174275.000000000000
yllcorner    482380.000000000000
cellsize     5.000000000000
NODATA_value   -999
[rows 190 to 208 of 320, columns 210 to 251 of 288]
168.689666748046875 157.2946929931640625 156.9381256103515625 159.116485595703125 195.3105010986328125 240.6492156982421875 222.3488006591796875 185.50689697265625 167.6188507080078125 159.7559356689453125 170.063232421875 141.369140625 110.94240570068359375 76.42940521240234375 127.6778106689453125 141.6470184326171875 116.8498382568359375 102.2112884521484375 281.887908935546875 175.600921630859375 124.4002685546875 166.0378570556640625 206.6740875244140625 191.40826416015625 141.008697509765625 170.89227294921875 328.827880859375 34.130298614501953125 57.583934783935546875 83.6595916748046875 103.29291534423828125 114.26105499267578125 185.193328857421875 309.2064208984375 328.558685302734375 342.333282470703125 341.615509033203125 338.9345703125 357.143524169921875 1.4741883277893066406 319.256622314453125 321.741302490234375
166.4401702880859375 150.7145843505859375 143.3540191650390625 159.94940185546875 217.0559844970703125 228.4676971435546875 200.8474578857421875 184.6854248046875 198.8380279541015625 284.74298095703125 352.116058349609375 23.013263702392578125 54.46222686767578125 119.72425079345703125 132.72308349609375 144.887664794921875 121.21337890625 106.0037384033203125 292.165618896484375 97.2529449462890625 97.360809326171875 40.76342010498046875 308.7574462890625 335.7933349609375 31.822759628295898438 345.032470703125 300.66650390625 74.71350860595703125 88.31958770751953125 97.9661102294921875 106.9998779296875 51.170207977294921875 335.67364501953125 322.359161376953125 321.715301513671875 335.273101806640625 348.31304931640625 342.750457763671875 8.2671442031860351562 31.2141265869140625 313.8057861328125 246.5191802978515625
170.561065673828125 154.9472198486328125 151.9715576171875 187.124664306640625 277.69537353515625 264.842254638671875 267.366943359375 295.952728271484375 304.874603271484375 318.944427490234375 19.249500274658203125 127.44335174560546875 141.2602386474609375 141.877593994140625 155.928741455078125 160.80419921875 136.6599578857421875 311.633056640625 352.475311279296875 95.3319549560546875 81.869781494140625 333.00335693359375 310.100189208984375 334.868377685546875 30.632076263427734375 16.032323837280273438 214.5080718994140625 124.7957305908203125 100.73618316650390625 96.07561492919921875 81.9569549560546875 328.464385986328125 328.8531494140625 326.0401611328125 314.073974609375 318.83990478515625 351.05230712890625 350.665679931640625 27.531900405883789062 63.82456207275390625 103.82178497314453125 179.8891754150390625
169.24365234375 157.6194915771484375 199.2895355224609375 254.0011138916015625 299.838043212890625 306.45648193359375 314.746856689453125 326.183441162109375 339.632415771484375 302.867950439453125 122.08907318115234375 132.424407958984375 151.9271697998046875 142.6171112060546875 169.954254150390625 150.4100799560546875 172.9329071044921875 239.1905364990234375 329.32196044921875 39.364017486572265625 30.411031723022460938 334.141448974609375 282.52813720703125 211.9442596435546875 132.1656341552734375 104.1619873046875 110.555816650390625 116.48809814453125 99.901336669921875 87.5938262939453125 17.4298095703125 319.556671142578125 317.044647216796875 310.82562255859375 274.55816650390625 245.211090087890625 206.821502685546875 187.236480712890625 102.84751129150390625 82.06308746337890625 80.987884521484375 99.9815673828125
172.002166748046875 174.1357421875 225.95428466796875 255.096771240234375 272.120452880859375 285.99517822265625 298.231231689453125 306.42022705078125 88.89095306396484375 153.7619781494140625 127.0959320068359375 100.6194305419921875 92.988433837890625 109.6800384521484375 149.2368621826171875 144.81524658203125 178.5746307373046875 222.4261016845703125 241.2317657470703125 343.02374267578125 13.298536300659179688 18.434879302978515625 158.4283599853515625 173.89678955078125 188.129638671875 149.130157470703125 130.897857666015625 129.7373046875 105.66930389404296875 30.001253128051757812 356.1080322265625 342.2476806640625 320.72882080078125 274.610015869140625 214.6592864990234375 212.814544677734375 197.966552734375 187.9812774658203125 182.5633392333984375 117.511749267578125 94.10489654541015625 90.18054962158203125
173.2752532958984375 212.0048675537109375 243.2847900390625 240.8135223388671875 250.22052001953125 261.32122802734375 243.33612060546875 183.103668212890625 153.08502197265625 161.9693756103515625 142.403350830078125 71.48968505859375 50.817478179931640625 51.81807708740234375 92.79250335693359375 117.23096466064453125 174.7141265869140625 225.7533111572265625 231.235076904296875 240.6079559326171875 320.6300048828125 51.396465301513671875 79.6373748779296875 132.3801422119140625 203.145294189453125 151.6574859619140625 141.304229736328125 141.7221527099609375 47.683727264404296875 326.74725341796875 351.112152099609375 6.0958514213562011719 358.65557861328125 25.471355438232421875 52.650630950927734375 222.3016815185546875 192.3307037353515625 192.000244140625 197.8628082275390625 154.263641357421875 130.3642425537109375 133.635772705078125
168.9210205078125 217.6996917724609375 215.024383544921875 211.16668701171875 252.082977294921875 277.08831787109375 333.8765869140625 83.76534271240234375 105.5543365478515625 297.81353759765625 328.208953857421875 29.02014923095703125 28.1172332763671875 26.686120986938476562 43.61676788330078125 49.285709381103515625 51.842681884765625 242.353485107421875 238.0750274658203125 240.719451904296875 227.39447021484375 121.7065582275390625 93.7752685546875 65.806640625 326.30914306640625 55.619510650634765625 71.2788848876953125 24.623538970947265625 317.44061279296875 297.447052001953125 323.651763916015625 42.54583740234375 12.506719589233398438 33.648265838623046875 52.948276519775390625 66.0372161865234375 155.6178131103515625 192.925506591796875 195.0735015869140625 153.05657958984375 137.553924560546875 122.3995208740234375
163.5875396728515625 210.245147705078125 202.7343292236328125 211.3226470947265625 255.60040283203125 270.472869873046875 318.636016845703125 25.801111221313476562 13.424338340759277344 347.711883544921875 343.208831787109375 21.288120269775390625 22.729686737060546875 14.131333351135253906 22.24681854248046875 30.256359100341796875 35.648899078369140625 13.523137092590332031 299.22503662109375 259.049468994140625 222.9168853759765625 153.56134033203125 140.647918701171875 350.08258056640625 341.564239501953125 21.037481307983398438 22.5205230712890625 0.45352119207382202148 343.599853515625 317.174041748046875 200.5556640625 141.85943603515625 187.52325439453125 95.0918731689453125 92.98270416259765625 95.33191680908203125 15.3616943359375 22.976970672607421875 119.33158111572265625 135.43048095703125 72.97933197021484375 326.509368896484375
148.726776123046875 204.0102996826171875 208.5509033203125 228.1329803466796875 250.200531005859375 247.347503662109375 232.603546142578125 275.033111572265625 341.88079833984375 348.910888671875 354.747161865234375 17.467988967895507812 22.199512481689453125 4.9356856346130371094 16.301122665405273438 36.351741790771484375 39.77519989013671875 30.152324676513671875 4.3569736480712890625 302.136505126953125 216.398101806640625 145.140411376953125 297.896514892578125 315.415924072265625 351.987945556640625 3.4946703910827636719 356.26513671875 3.4006602764129638672 19.172971725463867188 84.752685546875 166.65093994140625 292.963043212890625 31.239252090454101562 103.814788818359375 98.31005859375 50.79266357421875 326.002838134765625 36.43543243408203125 61.21514892578125 357.24664306640625 335.35003662109375 322.18096923828125
97.0520172119140625 199.5917816162109375 226.696624755859375 246.0369415283203125 248.8874969482421875 241.816619873046875 234.827178955078125 240.0083465576171875 241.9471893310546875 231.90167236328125 288.434234619140625 5.6061654090881347656 32.28459930419921875 7.6107892990112304688 22.22379302978515625 55.21132659912109375 53.401287078857421875 40.41838836669921875 13.017483711242675781 359.699188232421875 18.61952972412109375 27.9398345947265625 298.0411376953125 295.55926513671875 1.3639235496520996094 337.395233154296875 334.69122314453125 53.426799774169921875 80.05924224853515625 63.199024200439453125 344.48492431640625 340.0020751953125 46.771373748779296875 68.30474090576171875 56.465618133544921875 12.817317008972167969 313.618927001953125 65.40975189208984375 5.9400177001953125 340.6920166015625 334.24554443359375 324.012420654296875
103.8148040771484375 193.535369873046875 238.4951934814453125 249.850982666015625 249.7633209228515625 248.0915679931640625 239.23504638671875 226.9506683349609375 218.26971435546875 212.5140228271484375 228.6038665771484375 229.652801513671875 81.253662109375 33.886867523193359375 49.455516815185546875 68.6218414306640625 46.901592254638671875 16.699207305908203125 1.2483735084533691406 3.8140664100646972656 36.501354217529296875 53.037109375 247.8331298828125 225.645660400390625 233.719207763671875 289.816497802734375 92.29038238525390625 121.55687713623046875 28.300859451293945312 10.548032760620117188 349.978057861328125 1.6555047035217285156 51.7695159912109375 63.714969635009765625 67.43572235107421875 10.784260749816894531 345.60565185546875 344.991943359375 338.4461669921875 332.917999267578125 327.483551025390625 326.0572509765625
119.1566619873046875 194.4203338623046875 238.638458251953125 247.347503662109375 250.42919921875 245.9878387451171875 239.1308135986328125 234.48602294921875 235.5454864501953125 239.951995849609375 246.7170562744140625 239.1417999267578125 164.8586578369140625 79.5920867919921875 72.0038909912109375 63.434783935546875 11.6306610107421875 356.686065673828125 9.1952381134033203125 46.09558868408203125 82.59870147705078125 77.803619384765625 13.686436653137207031 292.37945556640625 238.157012939453125 210.342742919921875 152.252288818359375 155.7315521240234375 253.8101654052734375 303.52972412109375 339.216522216796875 7.5147719383239746094 41.552516937255859375 63.47930145263671875 53.5306243896484375 331.677978515625 338.213409423828125 336.01739501953125 338.80517578125 327.697174072265625 314.999267578125 358.875885009765625
117.25502777099609375 214.3798370361328125 244.3838958740234375 249.943328857421875 253.55657958984375 243.021331787109375 243.5196380615234375 250.9134063720703125 256.321624755859375 258.7342529296875 250.494415283203125 216.5871734619140625 194.94964599609375 185.6070098876953125 178.0246734619140625 32.7508087158203125 340.507720947265625 343.539215087890625 100.88116455078125 119.30394744873046875 110.35955047607421875 95.86728668212890625 10.561004638671875 46.060779571533203125 241.5038299560546875 181.9157562255859375 158.2856597900390625 295.16717529296875 302.87554931640625 304.214996337890625 313.8580322265625 11.575150489807128906 59.036098480224609375 56.4537506103515625 16.603197097778320312 327.361724853515625 324.189910888671875 320.936676025390625 345.46478271484375 242.0372467041015625 248.19805908203125 312.435577392578125
104.2498016357421875 249.44342041015625 236.8881072998046875 245.409332275390625 247.3546142578125 236.747467041015625 235.2910308837890625 226.6974639892578125 232.9250030517578125 257.269744873046875 263.7403564453125 194.7078857421875 208.0158843994140625 207.1394195556640625 234.3484039306640625 224.999359130859375 162.34954833984375 160.9362335205078125 115.02783203125 97.14443206787109375 94.5674285888671875 94.62633514404296875 292.165863037109375 354.599151611328125 0.44643256068229675293 32.547000885009765625 339.914886474609375 308.981292724609375 318.140411376953125 318.490936279296875 313.3021240234375 109.502288818359375 77.90506744384765625 40.926898956298828125 11.956559181213378906 331.79400634765625 287.139678955078125 226.7564697265625 152.8597259521484375 204.8419189453125 256.419921875 227.6936798095703125
111.46735382080078125 167.6605682373046875 219.80499267578125 240.583831787109375 241.5124053955078125 229.6057281494140625 222.733551025390625 217.9787139892578125 241.6902923583984375 255.4216766357421875 236.3093414306640625 183.8137359619140625 218.844329833984375 210.2740020751953125 212.936309814453125 203.3804473876953125 149.5560760498046875 136.4025726318359375 124.26702117919921875 107.62372589111328125 109.4016265869140625 117.6930084228515625 315.768341064453125 323.47613525390625 58.535732269287109375 105.94516754150390625 268.55523681640625 289.94171142578125 292.6837158203125 220.600830078125 185.3705291748046875 161.564697265625 93.1796417236328125 57.52872467041015625 40.515300750732421875 54.46215057373046875 183.310546875 192.9941558837890625 178.7631378173828125 284.387939453125 275.43341064453125 142.574371337890625
129.942474365234375 174.019012451171875 233.9720916748046875 241.3011627197265625 238.222503662109375 225.2859344482421875 218.4066009521484375 231.590057373046875 250.7063140869140625 239.7510986328125 198.06854248046875 197.9330291748046875 202.363189697265625 183.9127197265625 208.900421142578125 226.228790283203125 148.5121917724609375 119.57021331787109375 128.5457000732421875 127.22325897216796875 129.7945709228515625 166.5394287109375 197.7395477294921875 185.510284423828125 160.9521636962890625 157.7468109130859375 221.97222900390625 227.659515380859375 181.958648681640625 177.7709503173828125 183.3453521728515625 192.994171142578125 178.22247314453125 165.014190673828125 171.66705322265625 158.60675048828125 172.11212158203125 200.13580322265625 225.715606689453125 235.0601348876953125 207.955596923828125 147.8473663330078125
149.035888671875 218.7576141357421875 247.988128662109375 241.8981170654296875 237.1881256103515625 231.5398406982421875 223.198333740234375 238.2811126708984375 246.0369415283203125 225.2012176513671875 192.332000732421875 206.595672607421875 210.2686309814453125 205.7903289794921875 272.418853759765625 284.263763427734375 132.0093994140625 120.29972076416015625 116.564788818359375 116.36040496826171875 117.25505828857421875 132.828369140625 161.434295654296875 175.3039703369140625 172.35919189453125 173.2897491455078125 216.1670379638671875 213.1166229248046875 186.9622802734375 169.508148193359375 176.8479461669921875 197.79254150390625 183.49951171875 169.41796875 177.6793212890625 169.3416595458984375 176.0202178955078125 211.550872802734375 230.030120849609375 211.93017578125 167.6558074951171875 154.2521514892578125
189.8653564453125 240.4879608154296875 243.434417724609375 234.3231048583984375 229.8130035400390625 223.3023223876953125 216.9723052978515625 254.7704620361328125 258.926605224609375 214.196563720703125 189.4111175537109375 214.4603271484375 220.37847900390625 249.3487548828125 287.57598876953125 14.868242263793945312 78.24982452392578125 97.37604522705078125 100.17867279052734375 105.30902862548828125 119.013458251953125 100.94652557373046875 66.5711669921875 65.83893585205078125 167.5921173095703125 220.913818359375 258.310028076171875 247.3367462158203125 205.9528961181640625 157.2172393798828125 165.31085205078125 207.5646514892578125 186.3397369384765625 163.5227203369140625 174.61029052734375 182.53314208984375 177.7736663818359375 210.3950653076171875 232.5762786865234375 217.7625732421875 121.541046142578125 98.61560821533203125
239.19793701171875 248.4474334716796875 239.42022705078125 224.075408935546875 218.9904937744140625 206.5645751953125 208.95050048828125 233.201812744140625 215.61151123046875 190.987060546875 201.1878662109375 236.2100982666015625 246.2159423828125 255.128448486328125 259.3837890625 359.383148193359375 57.108150482177734375 78.79146575927734375 84.06130218505859375 80.041717529296875 79.33002471923828125 66.57122802734375 14.433673858642578125 33.598697662353515625 20.451524734497070312 342.14892578125 317.271759033203125 241.100799560546875 180.247589111328125 153.1921844482421875 176.185516357421875 227.174224853515625 206.3499603271484375 129.1436309814453125 134.9996795654296875 227.336822509765625 153.0339202880859375 189.3887176513671875 236.1610565185546875 229.440704345703125 168.6896820068359375 181.16864013671875
