wildfire/work/fuelmodels/1824/slope.asc
ncols        288
nrows        320
xllcorner    174275.000000000000
yllcorner    482380.000000000000
cellsize     5.000000000000
NODATA_value   -999
[rows 162 to 179 of 320, columns 240 to 279 of 288]
7.3761873245239257812 7.1623778343200683594 4.6125698089599609375 3.4705739021301269531 3.2999670505523681641 4.187656402587890625 3.5463209152221679688 10.447946548461914062 9.4654865264892578125 6.6222043037414550781 7.2087597846984863281 4.0984635353088378906 4.1238818168640136719 6.7258176803588867188 8.0056161880493164062 3.1846230030059814453 4.3242788314819335938 6.5792551040649414062 9.4675445556640625 7.2731533050537109375 3.3690707683563232422 1.437417149543762207 7.0138368606567382812 11.489516258239746094 4.2981753349304199219 4.9816884994506835938 4.6347198486328125 5.4533581733703613281 1.3427568674087524414 0.31978484988212585449 0.45558908581733703613 1.9141956567764282227 2.5585825443267822266 3.3334889411926269531 4.8901600837707519531 5.841953277587890625 5.2182149887084960938 3.5036096572875976562 1.4569966793060302734 1.3184143304824829102
11.744585037231445312 8.5264129638671875 4.6363539695739746094 3.2946038246154785156 3.4054703712463378906 4.4294323921203613281 7.2476444244384765625 11.352385520935058594 7.4038190841674804688 3.9269635677337646484 5.9222264289855957031 5.0509362220764160156 7.7004570960998535156 9.3132505416870117188 4.6638031005859375 3.89908599853515625 6.3112125396728515625 5.0227074623107910156 5.2978625297546386719 5.2557473182678222656 4.1982493400573730469 2.8821737766265869141 8.8617372512817382812 10.711754798889160156 3.5406160354614257812 3.1050693988800048828 3.4637277126312255859 3.3744704723358154297 1.3603566884994506836 1.1099947690963745117 1.4289416074752807617 2.357135772705078125 2.2730159759521484375 5.7711162567138671875 8.5649852752685546875 8.7992010116577148438 7.8518033027648925781 5.5614671707153320312 2.8224442005157470703 5.6117753982543945312
16.753683090209960938 11.217882156372070312 6.7108583450317382812 6.2180757522583007812 4.7655377388000488281 4.7451748847961425781 7.7065758705139160156 8.6299037933349609375 2.7929122447967529297 4.4721732139587402344 5.0062246322631835938 5.8806900978088378906 8.16124725341796875 8.267482757568359375 6.4838237762451171875 7.4399871826171875 5.7202930450439453125 2.3197152614593505859 4.5800838470458984375 4.0245008468627929688 3.055019378662109375 3.4372196197509765625 9.211231231689453125 7.4205389022827148438 2.3399052619934082031 0.16225275397300720215 1.7785533666610717773 1.8510420322418212891 0.97605365514755249023 1.0046796798706054688 1.5706571340560913086 1.169934391975402832 5.6455030441284179688 7.9089064598083496094 8.0105571746826171875 7.7828860282897949219 9.2288312911987304688 10.021932601928710938 6.4694585800170898438 5.31903076171875
14.342753410339355469 7.0601487159729003906 8.1191110610961914062 8.646575927734375 6.8647418022155761719 6.7716813087463378906 5.67752838134765625 3.1127145290374755859 1.5048396587371826172 4.2059369087219238281 3.5200121402740478516 5.2447133064270019531 8.0157470703125 9.5338525772094726562 8.2853879928588867188 8.0683126449584960938 6.7606906890869140625 5.5282206535339355469 1.5754834413528442383 5.6626043319702148438 7.74097442626953125 5.3069863319396972656 7.1382265090942382812 4.9955377578735351562 2.2594034671783447266 1.9477328062057495117 1.4967501163482666016 0.91779333353042602539 0.92273885011672973633 1.843369603157043457 0.38315859436988830566 0.93147748708724975586 8.2878007888793945312 9.2305612564086914062 3.1908092498779296875 3.29920196533203125 3.2709012031555175781 5.8343663215637207031 8.25730133056640625 5.0978240966796875
13.779340744018554688 3.9494016170501708984 3.4659123420715332031 8.605762481689453125 8.6770582199096679688 6.5498571395874023438 2.2535758018493652344 1.4855484962463378906 1.4841872453689575195 2.1842710971832275391 3.5987799167633056641 4.24999237060546875 5.2141566276550292969 6.3594760894775390625 1.3498975038528442383 1.9059838056564331055 1.4903099536895751953 2.9243168830871582031 3.4496960639953613281 4.273090362548828125 6.36643218994140625 6.2871809005737304688 2.731964111328125 5.0751309394836425781 3.2704334259033203125 2.4009308815002441406 0.70435070991516113281 1.3367168903350830078 1.867369532585144043 2.7200908660888671875 4.8861365318298339844 8.2730474472045898438 9.1449222564697265625 7.0300016403198242188 1.5433530807495117188 4.1263294219970703125 2.9291532039642333984 0.98019754886627197266 5.617870330810546875 10.571964263916015625
10.418017387390136719 10.155115127563476562 7.0019450187683105469 5.7378668785095214844 8.1317415237426757812 6.8354783058166503906 5.0183911323547363281 2.91617584228515625 4.9487857818603515625 5.6476449966430664062 5.9592490196228027344 6.2500290870666503906 7.5757975578308105469 10.023519515991210938 4.350341796875 4.8357214927673339844 6.6666841506958007812 4.0902042388916015625 4.0253810882568359375 9.9514751434326171875 8.368747711181640625 4.3652820587158203125 1.7613962888717651367 5.6372866630554199219 3.5002911090850830078 1.1276406049728393555 2.0502355098724365234 1.9573225975036621094 1.883553624153137207 4.7711467742919921875 11.006474494934082031 12.166665077209472656 8.5747919082641601562 3.2400045394897460938 0.70074760913848876953 4.1263279914855957031 2.3101022243499755859 1.1811244487762451172 1.8529534339904785156 3.5871148109436035156
8.84192657470703125 8.7184391021728515625 14.2076568603515625 6.8287906646728515625 8.3278627395629882812 9.17636871337890625 8.840564727783203125 10.59140777587890625 11.612816810607910156 11.173547744750976562 10.751007080078125 8.4131803512573242188 7.7130150794982910156 11.202266693115234375 8.48966217041015625 2.5490796566009521484 1.3506493568420410156 5.0293359756469726562 8.7835636138916015625 8.9550733566284179688 11.002141952514648438 6.913738250732421875 4.9971508979797363281 4.1402525901794433594 1.9931763410568237305 1.6994022130966186523 0.90501713752746582031 0.3427092134952545166 0.5474427342414855957 5.3749132156372070312 9.6319370269775390625 5.2297945022583007812 2.1831173896789550781 3.2331371307373046875 3.0543591976165771484 3.5734262466430664062 0.72698330879211425781 1.7785528898239135742 6.0895605087280273438 8.81038665771484375
14.608271598815917969 7.2382903099060058594 18.909677505493164062 10.762320518493652344 8.0249891281127929688 8.8698577880859375 12.488097190856933594 16.14826202392578125 13.752254486083984375 10.473708152770996094 9.1353054046630859375 8.8187761306762695312 9.6541147232055664062 10.810892105102539062 8.8564929962158203125 3.5676295757293701172 6.6133961677551269531 9.5644025802612304688 9.8863925933837890625 4.2511811256408691406 7.01856231689453125 9.2443389892578125 8.0126180648803710938 5.1293697357177734375 3.2293796539306640625 1.5908244848251342773 1.5275350809097290039 1.1458947658538818359 0.74486446380615234375 4.6932325363159179688 8.6067533493041992188 10.183161735534667969 4.1665096282958984375 5.0079331398010253906 4.764801025390625 1.0061857700347900391 0.44547471404075622559 5.1162862777709960938 5.0544290542602539062 4.2682437896728515625
12.301819801330566406 9.2516775131225585938 19.603410720825195312 6.6510596275329589844 4.1628756523132324219 6.6359272003173828125 14.013632774353027344 11.893218040466308594 8.6137208938598632812 4.6464619636535644531 6.7920503616333007812 8.340053558349609375 10.36019134521484375 11.403649330139160156 7.3640699386596679688 4.4211096763610839844 8.4506216049194335938 9.13530731201171875 9.22406768798828125 6.6759471893310546875 7.9472680091857910156 11.663010597229003906 13.611516952514648438 12.294958114624023438 7.3682260513305664062 2.614879608154296875 1.6702735424041748047 0.9677245020866394043 1.5741987228393554688 2.3225498199462890625 4.2308301925659179688 8.5532960891723632812 4.2801690101623535156 5.0762219429016113281 4.3476743698120117188 1.3103258609771728516 3.5518710613250732422 6.0567483901977539062 3.4255886077880859375 3.7148163318634033203
6.449615478515625 5.7525935173034667969 13.115529060363769531 5.3554744720458984375 7.3567776679992675781 8.9062290191650390625 7.5285840034484863281 7.6827263832092285156 10.10248565673828125 3.3965573310852050781 6.2584753036499023438 9.889514923095703125 8.8348560333251953125 10.094992637634277344 9.3775310516357421875 10.28951263427734375 9.3650188446044921875 5.4270563125610351562 4.6111493110656738281 2.6154620647430419922 3.5734293460845947266 7.2868738174438476562 11.86740875244140625 15.96360015869140625 13.796206474304199219 3.5448949337005615234 2.9451580047607421875 3.645503997802734375 3.9976880550384521484 4.8072676658630371094 6.6127862930297851562 6.3474450111389160156 2.2235240936279296875 2.6218373775482177734 4.02048492431640625 2.9914782047271728516 2.9326004981994628906 3.6710505485534667969 4.8112554550170898438 4.8305020332336425781
5.4497575759887695312 5.2608242034912109375 10.015321731567382812 11.456872940063476562 11.332677841186523438 15.971165657043457031 18.268108367919921875 17.18418121337890625 11.655159950256347656 8.0027990341186523438 2.9818365573883056641 11.167461395263671875 7.9880084991455078125 9.2747974395751953125 13.533257484436035156 18.971927642822265625 20.095066070556640625 15.742306709289550781 8.1900911331176757812 4.479389190673828125 3.0488910675048828125 2.9300189018249511719 3.6738018989562988281 14.7545166015625 15.776469230651855469 6.5116777420043945312 9.95087432861328125 10.993071556091308594 10.187991142272949219 9.7964792251586914062 7.4679760932922363281 3.1687171459197998047 1.6608593463897705078 1.6461681127548217773 4.0123186111450195312 5.8433365821838378906 7.3423700332641601562 7.4055128097534179688 6.8178205490112304688 4.1880173683166503906
7.7221741676330566406 3.1153132915496826172 8.178348541259765625 8.4219713211059570312 7.0635581016540527344 9.5975027084350585938 13.123185157775878906 11.8689117431640625 8.2957696914672851562 11.300619125366210938 4.0671782493591308594 7.0904498100280761719 8.067874908447265625 11.306406974792480469 14.743192672729492188 19.059679031372070312 20.296703338623046875 22.043207168579101562 18.619031906127929688 17.789434432983398438 16.98712921142578125 12.855320930480957031 7.6840338706970214844 15.53116607666015625 12.203997611999511719 10.560578346252441406 13.124714851379394531 13.051621437072753906 11.835900306701660156 8.4077672958374023438 4.8934588432312011719 3.3455920219421386719 1.3080075979232788086 0.71504616737365722656 0.31819793581962585449 1.2703250646591186523 2.9733490943908691406 4.0523777008056640625 4.3439574241638183594 2.3125095367431640625
7.5361757278442382812 5.2393250465393066406 2.9855585098266601562 5.1372246742248535156 5.4862370491027832031 4.9501128196716308594 5.7664918899536132812 6.0274333953857421875 7.2642455101013183594 10.858415603637695312 10.646248817443847656 4.8851003646850585938 2.3893189430236816406 6.2664289474487304688 7.09540557861328125 9.7886438369750976562 5.4861435890197753906 9.960479736328125 12.1991424560546875 12.204363822937011719 14.845692634582519531 16.037105560302734375 14.7018890380859375 16.817356109619140625 7.5583658218383789062 5.1379113197326660156 3.2499723434448242188 1.8070595264434814453 3.7487931251525878906 4.3469839096069335938 3.2389142513275146484 3.2326626777648925781 2.8138296604156494141 0.60036551952362060547 1.6353750228881835938 2.370616912841796875 2.2774646282196044922 1.1190805435180664062 3.6410641670227050781 3.9324865341186523438
4.4721746444702148438 6.4192905426025390625 7.8612413406372070312 7.5137782096862792969 8.0355920791625976562 6.951480865478515625 6.5135984420776367188 8.2941341400146484375 10.477453231811523438 11.256489753723144531 11.570956230163574219 10.447091102600097656 9.423816680908203125 8.8966341018676757812 8.0830078125 9.2154588699340820312 5.8535737991333007812 4.0664324760437011719 4.311187744140625 3.1092998981475830078 2.8326332569122314453 7.2595462799072265625 18.028470993041992188 17.806789398193359375 7.6972002983093261719 7.3420281410217285156 8.3294858932495117188 6.5144529342651367188 0.43279358744621276855 4.3577671051025390625 4.5729184150695800781 3.6406497955322265625 4.3260288238525390625 3.4526200294494628906 2.0371103286743164062 1.429999232292175293 2.450344085693359375 3.9041373729705810547 6.548244476318359375 9.6395406723022460938
10.258520126342773438 8.7903909683227539062 11.747068405151367188 10.153841972351074219 7.9472684860229492188 9.4434871673583984375 9.9777097702026367188 10.640505790710449219 11.681666374206542969 11.937005043029785156 12.147319793701171875 12.591942787170410156 12.469872474670410156 9.6781978607177734375 9.2926959991455078125 11.5837860107421875 10.090649604797363281 9.31195831298828125 6.6952624320983886719 3.6827259063720703125 5.2882471084594726562 11.333378791809082031 22.12319183349609375 20.271692276000976562 11.649888038635253906 8.4534626007080078125 8.6805143356323242188 10.213029861450195312 7.2385015487670898438 6.3522782325744628906 9.688289642333984375 8.32546234130859375 10.234975814819335938 14.26258087158203125 17.032461166381835938 16.653234481811523438 13.050527572631835938 10.768225669860839844 9.5850238800048828125 6.9335412979125976562
16.38462066650390625 14.380902290344238281 13.442602157592773438 10.233515739440917969 5.4152574539184570312 5.6725597381591796875 6.747821807861328125 5.9541835784912109375 6.1897792816162109375 7.9929661750793457031 9.8914804458618164062 11.179044723510742188 13.080513954162597656 11.080607414245605469 6.2587141990661621094 9.1182374954223632812 9.3675823211669921875 7.39839935302734375 5.4957780838012695312 2.9286341667175292969 3.0616328716278076172 15.197016716003417969 23.653003692626953125 16.052713394165039062 5.9493589401245117188 1.8221127986907958984 4.0428991317749023438 9.465496063232421875 14.369202613830566406 9.5447168350219726562 10.158102989196777344 16.697246551513671875 21.685144424438476562 22.411470413208007812 20.511445999145507812 18.406829833984375 14.961374282836914062 11.169994354248046875 7.6618838310241699219 5.1529021263122558594
12.348006248474121094 11.593570709228515625 9.4668588638305664062 4.8822116851806640625 0.28813683986663818359 0.83702498674392700195 2.2373552322387695312 1.4649673700332641602 2.8587501049041748047 2.6873645782470703125 3.917694091796875 5.0323343276977539062 10.369451522827148438 13.07291412353515625 10.519175529479980469 8.4020490646362304688 6.4217205047607421875 4.3991408348083496094 4.8935637474060058594 5.2949123382568359375 4.1101489067077636719 16.02266693115234375 16.823904037475585938 13.986466407775878906 13.819437026977539062 7.5958313941955566406 5.5918149948120117188 13.171570777893066406 17.747877120971679688 10.080330848693847656 9.0426120758056640625 14.6065673828125 11.159332275390625 5.6831994056701660156 3.757404327392578125 6.6054873466491699219 7.8618149757385253906 6.1228504180908203125 6.5771203041076660156 8.9015741348266601562
6.0247635841369628906 6.3188619613647460938 4.3318605422973632812 1.5978087186813354492 2.3463854789733886719 2.3912260532379150391 3.0588247776031494141 3.08940887451171875 4.9271450042724609375 2.921031951904296875 0.3871021568775177002 3.9108555316925048828 7.5093703269958496094 9.9882898330688476562 12.034227371215820312 13.084613800048828125 10.341594696044921875 7.8121933937072753906 8.6645994186401367188 6.9132280349731445312 4.110149383544921875 11.163239479064941406 19.340728759765625 25.14139556884765625 25.452432632446289062 16.17873382568359375 9.9413604736328125 19.050975799560546875 17.8799896240234375 11.945122718811035156 10.670725822448730469 3.3786604404449462891 10.305121421813964844 11.519184112548828125 9.9059772491455078125 9.3778028488159179688 9.8446807861328125 9.9529285430908203125 11.536284446716308594 9.8705549240112304688
