wildfire/work/fuelmodels/1824/slope.asc
ncols        288
nrows        320
xllcorner    174275.000000000000
yllcorner    482380.000000000000
cellsize     5.000000000000
NODATA_value   -999
[rows 198 to 215 of 320, columns 40 to 79 of 288]
0.62757456302642822266 1.5741963386535644531 1.4940391778945922852 2.5096867084503173828 4.5348043441772460938 7.0506844520568847656 11.418888092041015625 20.403667449951171875 26.400663375854492188 23.767938613891601562 20.632457733154296875 16.827692031860351562 7.9621329307556152344 0.95349597930908203125 6.8089685440063476562 13.592999458312988281 13.26161956787109375 10.101446151733398438 3.6710488796234130859 10.080183982849121094 2.7825748920440673828 7.8860654830932617188 11.210368156433105469 13.640771865844726562 9.089275360107421875 3.1016509532928466797 4.5683884620666503906 6.7358913421630859375 5.980411529541015625 3.4807565212249755859 1.7944135665893554688 2.0303983688354492188 1.701784968376159668 1.9218480587005615234 2.5892333984375 1.9383589029312133789 3.5085086822509765625 8.7364854812622070312 10.792180061340332031 11.507563591003417969
0.89092457294464111328 1.8271026611328125 0.65597033500671386719 1.5092034339904785156 2.9362206459045410156 3.4068067073822021484 7.6713013648986816406 13.206922531127929688 17.96996307373046875 17.210920333862304688 14.722604751586914062 9.6201238632202148438 4.3927083015441894531 3.2636277675628662109 4.9543886184692382812 7.9674119949340820312 7.1764478683471679688 4.7622585296630859375 10.365035057067871094 7.4591064453125 0.31500163674354553223 2.2271604537963867188 6.6260766983032226562 16.119043350219726562 14.807371139526367188 4.72045135498046875 4.6062188148498535156 5.7979269027709960938 4.0385317802429199219 2.5443098545074462891 1.5603100061416625977 2.2269296646118164062 2.1466608047485351562 2.5209467411041259766 3.5701754093170166016 2.1400551795959472656 3.0879337787628173828 6.8134722709655761719 10.7907562255859375 13.27629852294921875
1.3685158491134643555 0.89319276809692382812 1.6886512041091918945 1.3970621824264526367 2.5658838748931884766 1.1994134187698364258 3.5713050365447998047 6.8920521736145019531 11.196066856384277344 10.710457801818847656 9.3889722824096679688 8.5356807708740234375 8.8176403045654296875 7.4403176307678222656 5.6672301292419433594 4.5636425018310546875 4.9482793807983398438 11.874279975891113281 11.281299591064453125 1.0533759593963623047 7.9774689674377441406 11.54233551025390625 13.994908332824707031 19.964540481567382812 17.80368804931640625 6.2488255500793457031 4.4658536911010742188 4.1027774810791015625 2.6775636672973632812 2.9643206596374511719 2.5257558822631835938 1.633823394775390625 1.7359346151351928711 2.9643228054046630859 3.8511300086975097656 3.2942950725555419922 3.3517775535583496094 5.7308444976806640625 9.9537286758422851562 11.621342658996582031
0.98019719123840332031 0.94923937320709228516 2.2927372455596923828 1.8584028482437133789 2.9711349010467529297 0.82790237665176391602 0.83278238773345947266 3.5314748287200927734 7.4927191734313964844 8.8666429519653320312 7.6100745201110839844 6.13590240478515625 6.2415761947631835938 6.6003103256225585938 7.4440951347351074219 7.1489095687866210938 6.8264365196228027344 12.976118087768554688 8.6719827651977539062 13.863839149475097656 18.232652664184570312 18.026397705078125 18.014896392822265625 18.660795211791992188 14.024962425231933594 5.5191020965576171875 3.4137690067291259766 2.4185607433319091797 1.6507701873779296875 2.9689221382141113281 3.1719038486480712891 1.9236874580383300781 1.0948442220687866211 2.4030385017395019531 3.4125893115997314453 3.5393342971801757812 2.7158095836639404297 4.2953500747680664062 8.4307613372802734375 8.9988737106323242188
1.4121950864791870117 1.7913047075271606445 1.3828638792037963867 1.7785484790802001953 2.9906365871429443359 1.2826099395751953125 0.74554479122161865234 1.7309715747833251953 3.0027799606323242188 4.204498291015625 4.6789188385009765625 2.5641124248504638672 1.8988022804260253906 4.025379180908203125 6.5116739273071289062 7.9455003738403320312 9.8451890945434570312 15.044211387634277344 19.600307464599609375 21.964885711669921875 16.927404403686523438 10.54936981201171875 7.7366971969604492188 10.157468795776367188 8.2824859619140625 3.8292982578277587891 2.9036703109741210938 1.3970626592636108398 1.3427562713623046875 3.0111856460571289062 3.2029819488525390625 2.8615803718566894531 1.5959039926528930664 1.8137613534927368164 2.2452559471130371094 3.2147967815399169922 1.8532269001007080078 2.1967437267303466797 5.8837652206420898438 7.5912032127380371094
2.3543441295623779297 1.580613255500793457 0.3500149846076965332 1.217839360237121582 2.0571312904357910156 1.0667423009872436523 1.1772665977478027344 2.4955422878265380859 3.9478652477264404297 6.4642496109008789062 6.1869330406188964844 3.5165624618530273438 2.544307708740234375 2.4790711402893066406 3.8803930282592773438 4.7894005775451660156 9.649311065673828125 14.418280601501464844 15.542439460754394531 11.9550933837890625 7.2146053314208984375 4.1079354286193847656 4.3113040924072265625 8.940052032470703125 5.84557342529296875 2.0679235458374023438 2.14289093017578125 1.1026760339736938477 2.1083827018737792969 3.4637262821197509766 3.8566343784332275391 3.4508674144744873047 1.1026738882064819336 2.0472700595855712891 2.2696790695190429688 2.4331562519073486328 1.473918914794921875 1.361845850944519043 2.7474627494812011719 3.6714594364166259766
2.1858942508697509766 0.84903198480606079102 1.0280836820602416992 1.4597737789154052734 2.6003386974334716797 2.5018150806427001953 2.3440072536468505859 2.5641086101531982422 3.5399057865142822266 5.7075114250183105469 4.4702558517456054688 1.7192413806915283203 1.1208842992782592773 1.381399989128112793 1.7218853235244750977 3.1903319358825683594 4.8757028579711914062 4.7905602455139160156 3.6432883739471435547 2.7445185184478759766 2.8877866268157958984 3.9941539764404296875 6.0497679710388183594 7.0010113716125488281 2.2153201103210449219 1.7017841339111328125 1.6654173135757446289 0.89149564504623413086 2.1775457859039306641 2.9300162792205810547 2.8714559078216552734 2.3336281776428222656 1.4601193666458129883 2.8095176219940185547 2.2434520721435546875 1.3080074787139892578 1.0186855792999267578 0.43278968334197998047 1.2240550518035888672 2.4385519027709960938
1.8824803829193115234 0.52187788486480712891 1.1276381015777587891 1.650768280029296875 2.736400604248046875 2.0234091281890869141 1.2869440317153930664 1.139248967170715332 2.9547567367553710938 5.6498723030090332031 4.9200725555419921875 2.6961927413940429688 1.369626164436340332 0.71504616737365722656 0.88751113414764404297 2.0679228305816650391 1.4374190568923950195 0.37243989109992980957 2.1570062637329101562 2.5656871795654296875 4.0568594932556152344 5.8370385169982910156 5.7347097396850585938 4.8329029083251953125 4.2670607566833496094 4.18970489501953125 3.4477891921997070312 3.0872759819030761719 3.5371897220611572266 3.0257587432861328125 2.6471717357635498047 3.3876183032989501953 4.2403626441955566406 4.092548370361328125 2.9977262020111083984 2.0912764072418212891 1.147219538688659668 0.2737255096435546875 1.0280855894088745117 1.7183536291122436523
2.5259566307067871094 1.3592383861541748047 1.7472640275955200195 1.0766608715057373047 2.6404781341552734375 3.5307602882385253906 0.75900369882583618164 0.76498174667358398438 2.4464213848114013672 5.6621613502502441406 7.5367727279663085938 5.7979259490966796875 3.0352675914764404297 1.4289423227310180664 0.76498568058013916016 1.2538752555847167969 3.4532082080841064453 5.2404789924621582031 6.7793912887573242188 9.6181020736694335938 12.453870773315429688 12.651325225830078125 13.121267318725585938 13.45911407470703125 15.310070037841796875 13.542943954467773438 10.046301841735839844 7.5125813484191894531 6.5141444206237792969 4.8822150230407714844 3.8135752677917480469 3.6607174873352050781 3.7972497940063476562 3.4846658706665039062 3.612651824951171875 3.4858291149139404297 2.8073554039001464844 1.4374139308929443359 1.3592392206192016602 0.95508909225463867188
2.8459894657135009766 1.1113607883453369141 2.362064361572265625 1.4014054536819458008 1.3295011520385742188 3.4496948719024658203 3.1602497100830078125 3.0964319705963134766 2.7085402011871337891 3.8017678260803222656 6.3612966537475585938 7.5159139633178710938 4.8762197494506835938 2.9134039878845214844 3.6816313266754150391 5.523937225341796875 7.9595465660095214844 9.389232635498046875 11.105692863464355469 14.112994194030761719 13.904204368591308594 10.975768089294433594 12.513312339782714844 16.536504745483398438 17.964487075805664062 16.340257644653320312 13.357850074768066406 11.241684913635253906 9.5748777389526367188 9.0156202316284179688 11.5904998779296875 11.316577911376953125 7.2459869384765625 4.4696912765502929688 3.166961669921875 2.2079982757568359375 2.8821771144866943359 3.0956158638000488281 2.3774323463439941406 1.6154483556747436523
1.7599600553512573242 1.9417505264282226562 1.7417546510696411133 1.0127079486846923828 0.51307290792465209961 1.3890721797943115234 3.1762039661407470703 3.1552886962890625 2.1431245803833007812 1.7808229923248291016 3.9607653617858886719 6.7162442207336425781 7.2077150344848632812 5.78044891357421875 5.1464438438415527344 6.39771270751953125 7.1860938072204589844 6.7036676406860351562 8.4476633071899414062 10.688630104064941406 10.854022026062011719 10.63532257080078125 11.258823394775390625 10.419923782348632812 7.7363786697387695312 9.6884403228759765625 11.33477783203125 13.063834190368652344 11.316572189331054688 9.41645050048828125 10.290915489196777344 11.492230415344238281 11.354307174682617188 9.0511722564697265625 6.2942957878112792969 3.59653472900390625 2.7943601608276367188 3.4125878810882568359 2.8251297473907470703 1.7192389965057373047
0.54093033075332641602 1.1841249465942382812 1.1879649162292480469 0.76959884166717529297 0.63399332761764526367 0.72628444433212280273 1.7417532205581665039 1.4790602922439575195 2.2223834991455078125 2.6479339599609375 4.4015498161315917969 6.0749149322509765625 6.9646897315979003906 6.5054988861083984375 2.8937311172485351562 3.6651270389556884766 4.9565267562866210938 3.7294752597808837891 6.7914600372314453125 7.4738850593566894531 8.1356267929077148438 5.5704302787780761719 6.9553098678588867188 0.42690318822860717773 3.5938677787780761719 2.1619255542755126953 3.0384237766265869141 8.3381357192993164062 8.154560089111328125 3.7714848518371582031 1.9430508613586425781 2.6705632209777832031 4.8553895950317382812 4.491878509521484375 5.0751318931579589844 5.1911015510559082031 4.1381788253784179688 4.2174439430236816406 3.4361937046051025391 1.9017307758331298828
0.9044596552848815918 0.57627427577972412109 0.090002030134201049805 0.42452651262283325195 0.65597110986709594727 0.90557807683944702148 2.0489995479583740234 2.7225050926208496094 2.0608160495758056641 2.3242876529693603516 4.4570302963256835938 6.3163113594055175781 6.6564931869506835938 6.1333599090576171875 3.4292774200439453125 3.2491948604583740234 4.8077931404113769531 4.931232452392578125 6.0544228553771972656 5.7297921180725097656 6.2885408401489257812 4.79644775390625 6.2564678192138671875 4.54314422607421875 3.8835177421569824219 3.5027463436126708984 3.5296163558959960938 5.2734599113464355469 6.3121733665466308594 2.5197386741638183594 0.68835228681564331055 2.6420090198516845703 3.2431247234344482422 1.508869171142578125 3.269664764404296875 6.5993981361389160156 7.6463575363159179688 7.2708725929260253906 6.0133886337280273438 3.2210764884948730469
1.2998571395874023438 0.50311005115509033203 0.78005492687225341797 0.87776029109954833984 1.3141846656799316406 1.8359431028366088867 2.1114971637725830078 1.4708256721496582031 1.0152040719985961914 1.8334608078002929688 4.7137122154235839844 7.2017240524291992188 6.6793336868286132812 5.553401947021484375 4.7345366477966308594 4.6151947975158691406 4.8656582832336425781 3.1198487281799316406 6.4367341995239257812 8.3907260894775390625 6.2926154136657714844 3.8229591846466064453 4.8316493034362792969 5.0882244110107421875 4.0746202468872070312 2.4179332256317138672 1.4639278650283813477 2.8267414569854736328 5.75189208984375 3.4864037036895751953 1.3199502229690551758 2.8183224201202392578 0.85969549417495727539 3.4910426139831542969 5.6441650390625 6.3026814460754394531 7.7488064765930175781 9.068206787109375 8.5016155242919921875 4.1040029525756835938
2.2807946205139160156 1.3977887630462646484 1.4300019741058349609 0.41852128505706787109 0.81496369838714599609 1.9089013338088989258 2.9014065265655517578 0.49805420637130737305 1.1669007539749145508 1.6946327686309814453 4.9003548622131347656 6.9785203933715820312 5.8279781341552734375 5.986297607421875 7.6670503616333007812 6.0404458045959472656 3.98516845703125 4.9566321372985839844 10.233854293823242188 11.843374252319335938 8.3938245773315429688 7.3049588203430175781 7.3179340362548828125 7.9669089317321777344 9.02569580078125 6.2274556159973144531 2.7006883621215820312 1.9573198556900024414 4.6766514778137207031 4.2308254241943359375 2.256717681884765625 1.2826124429702758789 3.0789167881011962891 1.752467036247253418 2.4385552406311035156 2.9926667213439941406 1.1208859682083129883 6.0437784194946289062 9.9914798736572265625 5.9452981948852539062
2.3399052619934082031 0.22945515811443328857 0.30186727643013000488 0.75900328159332275391 0.81309723854064941406 1.0971522331237792969 2.9711358547210693359 1.6847527027130126953 0.71504479646682739258 1.65444183349609375 4.2498726844787597656 6.1606121063232421875 4.6003031730651855469 4.6499333381652832031 11.635601997375488281 10.678312301635742188 7.1060137748718261719 10.757658958435058594 12.621746063232421875 5.9154214859008789062 3.9750163555145263672 8.1194171905517578125 14.254987716674804688 10.328888893127441406 1.4032099246978759766 3.7222878932952880859 4.8508157730102539062 4.3569512367248535156 5.372287750244140625 4.0861291885375976562 2.7447009086608886719 2.7999639511108398438 2.9161803722381591797 3.4875698089599609375 4.2664699554443359375 6.419292449951171875 6.3112125396728515625 3.8699669837951660156 7.9969758987426757812 5.216960906982421875
1.451080322265625 2.6133358478546142578 2.2524535655975341797 1.3685158491134643555 0.57274973392486572266 0.51798218488693237305 2.4864046573638916016 2.3994562625885009766 1.2920477390289306641 2.2567143440246582031 3.5938670635223388672 4.5348062515258789062 4.5517950057983398438 6.1827034950256347656 14.014924049377441406 10.516528129577636719 3.4911894798278808594 9.3455514907836914062 7.0700945854187011719 1.693739771842956543 0.3244991004467010498 7.0024418830871582031 8.3136043548583984375 27.136415481567382812 34.96014404296875 30.972187042236328125 25.655557632446289062 23.72949981689453125 21.125326156616210938 11.021929740905761719 3.7207956314086914062 12.022884368896484375 19.722011566162109375 26.264955520629882812 23.606761932373046875 9.7428693771362304688 3.4672262668609619141 2.7130219936370849609 6.4217238426208496094 3.1398725509643554688
2.7351050376892089844 1.7785475254058837891 1.3498988151550292969 1.6325830221176147461 1.622321009635925293 1.0634162425994873047 2.22602081298828125 1.8271038532257080078 0.54466074705123901367 2.8172423839569091797 3.5903515815734863281 3.6527049541473388672 5.2600626945495605469 7.5327763557434082031 13.042566299438476562 11.214259147644042969 8.9853153228759765625 12.004286766052246094 8.5241832733154296875 1.3091679811477661133 3.7207996845245361328 11.639263153076171875 24.922327041625976562 32.5455322265625 28.647466659545898438 27.928577423095703125 23.636346817016601562 17.799150466918945312 22.530206680297851562 16.839084625244140625 5.8662919998168945312 18.109289169311523438 23.32801055908203125 23.171293258666992188 28.864654541015625 23.65877532958984375 4.2815837860107421875 3.0284295082092285156 4.7550535202026367188 1.6276171207427978516
