wildfire/work/fuelmodels/1824/slope.asc
ncols        288
nrows        320
xllcorner    174275.000000000000
yllcorner    482380.000000000000
cellsize     5.000000000000
NODATA_value   -999
[rows 18 to 35 of 320, columns 240 to 279 of 288]
2.2063927650451660156 2.0053253173828125 2.0053253173828125 2.1670670509338378906 2.1165239810943603516 1.9676334857940673828 1.9260526895523071289 1.5850880146026611328 1.5946356058120727539 1.7103835344314575195 1.8257161378860473633 1.7192366123199462891 1.6223206520080566406 1.6654162406921386719 1.8447413444519042969 1.8447420597076416016 1.5850882530212402344 1.2885146141052246094 1.1081675291061401367 0.98995810747146606445 0.94923889636993408203 0.61205512285232543945 0.42808756232261657715 0.29336220026016235352 0.65597110986709594727 0.34418371319770812988 0.21345482766628265381 0.49703553318977355957 1.0147041082382202148 1.0359321832656860352 1.8551349639892578125 2.9161810874938964844 3.1245441436767578125 2.9085412025451660156 2.9139239788055419922 3.3650195598602294922 4.1392788887023925781 4.4998440742492675781 5.4212055206298828125 6.7168459892272949219
0.98842531442642211914 0.54465961456298828125 0.39358469843864440918 0.4815152287483215332 0.35575369000434875488 0.33824661374092102051 0.76431882381439208984 0.96195363998413085938 0.59443360567092895508 1.2090817689895629883 1.508869171142578125 1.5850889682769775391 2.4047193527221679688 3.8667032718658447266 5.0440454483032226562 4.4823184013366699219 2.6728370189666748047 1.4349474906921386719 3.727169036865234375 5.1370291709899902344 5.3517079353332519531 5.3111619949340820312 5.2715439796447753906 5.1183533668518066406 5.0544300079345703125 5.3470931053161621094 5.7008910179138183594 5.5793681144714355469 5.1080012321472167969 4.8329019546508789062 5.7016863822937011719 6.2929363250732421875 6.8554391860961914062 7.3412079811096191406 7.6001834869384765625 7.5952997207641601562 7.3488602638244628906 6.8074946403503417969 6.3796892166137695312 6.4070596694946289062
1.2445572614669799805 2.1222512722015380859 2.0558996200561523438 1.3736823797225952148 1.3397381305694580078 1.5825345516204833984 1.7510249614715576172 1.012705683708190918 1.4064512252807617188 1.5978081226348876953 0.19091989099979400635 0.46980807185173034668 1.6720869541168212891 3.3582563400268554688 2.1976666450500488281 3.9218146800994873047 5.2308549880981445312 4.6347188949584960938 4.975307464599609375 4.8690781593322753906 5.3494477272033691406 5.0813860893249511719 3.8741421699523925781 3.4226408004760742188 3.5507349967956542969 2.9914824962615966797 3.1482324600219726562 2.4651620388031005859 1.180698394775390625 0.2718677222728729248 1.8455621004104614258 1.9863157272338867188 0.22499994933605194092 0.26239222288131713867 0.77418923377990722656 1.3172601461410522461 2.1372160911560058594 2.8748006820678710938 4.0674295425415039062 5.7008943557739257812
2.2289760112762451172 1.8781746625900268555 1.6288592815399169922 1.2510485649108886719 1.0619900226593017578 0.24233259260654449463 0.65597295761108398438 0.73460149765014648438 1.1285350322723388672 1.7708518505096435547 2.1849668025970458984 1.9155155420303344727 2.6648759841918945312 5.5874867439270019531 5.7976632118225097656 6.5798692703247070312 4.4728546142578125 1.5748376846313476562 2.8466985225677490234 4.4648351669311523438 4.4073915481567382812 4.8383240699768066406 5.3154292106628417969 5.2607312202453613281 5.3243336677551269531 5.3494477272033691406 5.6672272682189941406 5.7304925918579101562 5.157009124755859375 4.9238677024841308594 5.4916515350341796875 6.506343841552734375 6.8501615524291992188 7.4075450897216796875 7.3488616943359375 7.1278100013732910156 6.9164981842041015625 6.5505452156066894531 6.1100177764892578125 6.3351545333862304688
0.94603556394577026367 1.6657205820083618164 1.9466921091079711914 0.79547321796417236328 0.75095772743225097656 1.4121975898742675781 1.4510816335678100586 1.0883516073226928711 0.11472839862108230591 0.5130736231803894043 0.51798433065414428711 0.20124559104442596436 0.33824777603149414062 1.6739039421081542969 2.4747869968414306641 1.2355813980102539062 3.1398737430572509766 3.7462286949157714844 3.9087874889373779297 4.4981632232666015625 5.0813870429992675781 5.2807145118713378906 4.6734147071838378906 4.2541460990905761719 3.9114992618560791016 3.2838492393493652344 3.6969618797302246094 3.3334865570068359375 1.9354865550994873047 1.4666908979415893555 1.6501544713973999023 2.6525142192840576172 3.0749735832214355469 2.4528231620788574219 1.8945357799530029297 1.6946337223052978516 1.5538134574890136719 1.2392617464065551758 0.71504473686218261719 0.51307272911071777344
0.96772599220275878906 1.125841975212097168 0.96929180622100830078 0.92274278402328491211 1.0152045488357543945 0.54093039035797119141 0.071151502430438995361 0.17999958992004394531 0.35001653432846069336 0.5849902033805847168 0.41852128505706787109 0.2933635413646697998 0.37244093418121337891 0.20374740660190582275 0.2718677222728729248 0.53339064121246337891 0.43279209733009338379 0.41365525126457214355 0.21345348656177520752 0.15909795463085174561 0.18553957343101501465 0.80496269464492797852 1.3080074787139892578 1.5564146041870117188 1.8003205060958862305 1.5404000282287597656 1.080884099006652832 1.2445577383041381836 1.5115489959716796875 1.7553535699844360352 2.056392669677734375 2.0774414539337158203 2.1595845222473144531 2.4331538677215576172 2.5229532718658447266 2.3433611392974853516 2.3706135749816894531 2.6127555370330810547 2.745624542236328125 2.9472210407257080078
1.3506481647491455078 1.5075281858444213867 1.5404020547866821289 1.5463033914566040039 1.6886512041091918945 1.9186832904815673828 2.0701229572296142578 2.1222522258758544922 2.1372172832489013672 2.2907514572143554688 2.6679110527038574219 2.9921591281890869141 2.83727264404296875 2.4196047782897949219 2.3394718170166015625 2.9085402488708496094 3.3066973686218261719 3.2256219387054443359 3.2673418521881103516 3.4414837360382080078 3.7159068584442138672 4.1526746749877929688 4.4294347763061523438 4.7283525466918945312 5.013568878173828125 4.9336867332458496094 4.8571519851684570312 5.4862351417541503906 5.9093785285949707031 5.9090366363525390625 5.79027557373046875 5.6853227615356445312 5.5964035987854003906 5.4171142578125 5.2620701789855957031 5.3517069816589355469 5.4502158164978027344 5.7044243812561035156 6.0664606094360351562 6.0659632682800292969
3.2414102554321289062 3.5670604705810546875 3.9355680942535400391 4.0961241722106933594 4.0961251258850097656 4.3448896408081054688 4.7008585929870605469 4.8586072921752929688 5.0397448539733886719 5.4497542381286621094 5.6924977302551269531 5.7089257240295410156 5.6561980247497558594 5.4895396232604980469 5.5133461952209472656 5.94800567626953125 5.9329257011413574219 5.6178731918334960938 5.4922027587890625 5.6653623580932617188 5.9036693572998046875 5.7663183212280273438 5.5287675857543945312 5.5053944587707519531 5.2370166778564453125 5.1324162483215332031 5.4497528076171875 5.7907147407531738281 5.5515894889831542969 5.5953278541564941406 5.62647247314453125 5.3301029205322265625 5.0347409248352050781 4.7922420501708984375 4.5702700614929199219 4.5636425018310546875 4.4317145347595214844 4.2359566688537597656 3.9804747104644775391 3.8699665069580078125
2.5704123973846435547 2.6218347549438476562 2.5466928482055664062 2.6364531517028808594 2.7085413932800292969 2.8919832706451416016 2.4310755729675292969 1.6213870048522949219 1.0576908588409423828 1.6620737314224243164 1.5088689327239990234 1.7368067502975463867 2.4528205394744873047 2.9738564491271972656 2.7328867912292480469 2.3334112167358398438 1.8795207738876342773 1.7192386388778686523 1.3977887630462646484 1.0860242843627929688 0.94603508710861206055 0.662113189697265625 0.43279090523719787598 0.34270638227462768555 0.22945432364940643311 0.99861347675323486328 1.1888157129287719727 0.74009573459625244141 0.27000001072883605957 0.3557516634464263916 0.21345278620719909668 0.37107628583908081055 0.1713552325963973999 0.35999774932861328125 0.27372214198112487793 0.2881399989128112793 0.5566126704216003418 0.60790914297103881836 0.36280128359794616699 0.98225998878479003906
4.3560237884521484375 4.6538362503051757812 4.9340944290161132812 4.3937449455261230469 3.6710493564605712891 3.6127936840057373047 4.6343941688537597656 5.282623291015625 4.8404097557067871094 4.2433381080627441406 2.9909765720367431641 2.8610503673553466797 2.5490746498107910156 1.7245274782180786133 1.3725771903991699219 1.6421619653701782227 1.6353687047958374023 1.4649639129638671875 1.6501575708389282227 2.0502355098724365234 2.3549885749816894531 2.2326047420501708984 1.867369532585144043 1.7121605873107910156 1.5248816013336181641 0.80559009313583374023 0.5665270686149597168 1.1026749610900878906 1.1529412269592285156 1.2240583896636962891 1.5525091886520385742 1.5806120634078979492 1.4913259744644165039 1.5987563133239746094 1.2224018573760986328 0.8863690495491027832 0.80496370792388916016 0.61453408002853393555 0.79547286033630371094 1.026112675666809082
5.5552163124084472656 4.9900836944580078125 4.470256805419921875 4.1726822853088378906 3.9647145271301269531 3.7666680812835693359 3.2300078868865966797 1.9555109739303588867 1.7862159013748168945 2.9451606273651123047 1.2445570230484008789 0.79547411203384399414 0.94603610038757324219 0.27372303605079650879 0.27372339367866516113 0.24233259260654449463 0.063639536499977111816 0.29336318373680114746 0.59187489748001098633 0.15909795463085174561 0.19091835618019104004 0.20124414563179016113 0.51307290792465209961 0.32449761033058166504 0.69857287406921386719 0.71504616737365722656 0.76959884166717529297 0.75431942939758300781 1.1285350322723388672 1.978912353515625 2.5389361381530761719 2.5229532718658447266 1.8011664152145385742 0.65596938133239746094 0.55661058425903320312 1.2182543277740478516 1.5825331211090087891 1.7918721437454223633 1.2478075027465820312 0.625148773193359375
3.6924495697021484375 2.7447023391723632812 1.462544560432434082 1.2115868330001831055 1.1888157129287719727 1.2240571975708007812 1.8223906755447387695 2.5197439193725585938 2.9874248504638671875 3.1332671642303466797 1.8204442262649536133 1.6593300104141235352 1.2998571395874023438 0.4327939152717590332 0.13119675219058990479 0.15909916162490844727 0.59187334775924682617 0.74893182516098022461 0.87371456623077392578 0.34418118000030517578 0.13119454681873321533 0.25653862953186035156 0.76893955469131469727 0.44999605417251586914 0.47835081815719604492 0.69784784317016601562 0.9422829747200012207 1.1370246410369873047 2.732700347900390625 5.0412445068359375 6.4420437812805175781 6.580402374267578125 5.5628261566162109375 3.4173214435577392578 1.670271754264831543 1.5908242464065551758 1.5007978677749633789 2.1057400703430175781 2.3958680629730224609 1.8045327663421630859
2.8890070915222167969 4.3660912513732910156 3.2566537857055664062 1.5515298843383789062 1.3956124782562255859 1.5125542879104614258 0.90557652711868286133 1.4046496152877807617 2.4346091747283935547 1.7053484916687011719 0.96772342920303344727 1.1298804283142089844 0.67498558759689331055 1.0804164409637451172 1.0349555015563964844 0.98842477798461914062 0.44660657644271850586 0.93635582923889160156 2.0363695621490478516 2.8610503673553466797 3.1490356922149658203 2.6768050193786621094 2.8267381191253662109 3.2985882759094238281 3.3995282649993896484 3.3546404838562011719 3.0706949234008789062 3.2715137004852294922 4.0204844474792480469 4.0415272712707519531 3.1016509532928466797 3.1669595241546630859 4.5364737510681152344 4.6863493919372558594 2.6745359897613525391 1.2355797290802001953 1.1498626470565795898 1.553813934326171875 1.9430525302886962891 2.1717329025268554688
1.9425282478332519531 3.0339293479919433594 2.9963805675506591797 1.8157140016555786133 2.1150870323181152344 2.3275508880615234375 0.72558802366256713867 1.227772831916809082 1.5075292587280273438 0.32449641823768615723 0.6749858856201171875 0.96772623062133789062 1.0437215566635131836 0.89602553844451904297 0.61122888326644897461 1.2806360721588134766 2.2984683513641357422 2.8596372604370117188 3.2665684223175048828 2.6568934917449951172 2.1067001819610595703 2.2050168514251708984 2.6281924247741699219 3.0364325046539306641 3.1776380538940429688 3.1538484096527099609 3.4048769474029541016 3.4013140201568603516 1.9059852361679077148 1.602234959602355957 3.1384248733520507812 2.7456214427947998047 2.3440091609954833984 2.2781336307525634766 2.1324775218963623047 1.8070548772811889648 2.0715909004211425781 2.2495338916778564453 1.8223901987075805664 1.3184123039245605469
3.1490347385406494141 2.9636390209197998047 2.8925075531005859375 1.5959057807922363281 1.6826480627059936523 2.2269310951232910156 0.95508736371994018555 1.2951759099960327148 1.4261060953140258789 0.36279982328414916992 0.1713526993989944458 0.36279982328414916992 0.55570167303085327148 0.64034950733184814453 0.59187334775924682617 1.3355770111083984375 2.1336648464202880859 1.7739928960800170898 1.1669013500213623047 1.1140904426574707031 0.72558772563934326172 0.49703571200370788574 0.99098503589630126953 1.2703217267990112305 1.4405821561813354492 1.2538793087005615234 1.2826119661331176758 0.84064781665802001953 0.60036587715148925781 0.031817495822906494141 1.0186878442764282227 0.3710804283618927002 0.89149403572082519531 1.1581963300704956055 1.2587134838104248047 1.1405805349349975586 0.8180605769157409668 2.0951452255249023438 1.9030612707138061523 1.0836901664733886719
0.58671969175338745117 0.805591583251953125 2.0701229572296142578 1.700594782829284668 1.976611018180847168 1.7053486108779907227 0.68021690845489501953 1.6226346492767333984 1.7315564155578613281 0.68688178062438964844 0.41852280497550964355 0.11472839862108230591 0.23165063560009002686 0.60790723562240600586 0.63717973232269287109 1.3948880434036254883 0.85674846172332763672 0.52187877893447875977 0.61781895160675048828 0.95508718490600585938 1.145890355110168457 0.98688662052154541016 0.98791408538818359375 1.0359325408935546875 0.9249350428581237793 1.1285358667373657227 1.4300019741058349609 1.5357946157455444336 1.3184128999710083008 0.77484130859375 1.3427556753158569336 0.0318220481276512146 1.2178387641906738281 0.73460251092910766602 0.55570214986801147461 0.85378921031951904297 1.6745079755783081055 1.7799713611602783203 1.4680696725845336914 1.3118714094161987305
1.6251254081726074219 1.239260554313659668 2.2434520721435546875 1.6238803863525390625 1.2290093898773193359 1.2115900516510009766 0.5130742192268371582 1.4957325458526611328 1.6571937799453735352 1.2955684661865234375 0.77680379152297973633 0.84544998407363891602 0.93581688404083251953 0.76630479097366333008 0.82729285955429077148 1.2841871976852416992 0.4815152287483215332 0.2846037745475769043 0.62514841556549072266 0.65519636869430541992 0.93581432104110717773 1.4680705070495605469 2.2925188541412353516 3.5001466274261474609 3.309295654296875 1.8157136440277099609 2.7621474266052246094 4.5606532096862792969 5.4413318634033203125 5.0803894996643066406 4.4531793594360351562 3.7425892353057861328 4.0402784347534179688 4.2059392929077148438 3.70133209228515625 3.6165654659271240234 4.4928879737854003906 5.2100014686584472656 4.8623418807983398438 4.0133199691772460938
1.1045073270797729492 1.5305143594741821289 2.6751048564910888672 1.0691145658493041992 0.51010429859161376953 1.8496716022491455078 2.9085421562194824219 3.2798471450805664062 3.0083336830139160156 3.7801859378814697266 4.4064760208129882812 4.0961241722106933594 3.3794066905975341797 3.0497205257415771484 2.4443526268005371094 1.8022875785827636719 1.5667846202850341797 1.9676321744918823242 2.1057415008544921875 2.0472710132598876953 2.1487822532653808594 3.6594712734222412109 6.2274556159973144531 6.9889516830444335938 6.80779266357421875 4.4847960472106933594 5.1529030799865722656 5.9426736831665039062 6.245601654052734375 6.0896430015563964844 5.1492815017700195312 4.4696917533874511719 4.8405117988586425781 4.1097812652587890625 2.4977710247039794922 2.3848650455474853516 4.5976715087890625 5.5048437118530273438 5.2089366912841796875 3.8273208141326904297
