wildfire/work/fuelmodels/1824/slope.asc
ncols        288
nrows        320
xllcorner    174275.000000000000
yllcorner    482380.000000000000
cellsize     5.000000000000
NODATA_value   -999
[rows 144 to 161 of 320, columns 80 to 119 of 288]
11.251689910888671875 14.625758171081542969 8.9283094406127929688 5.500453948974609375 4.9761199951171875 14.549436569213867188 17.19074249267578125 10.290478706359863281 7.1808514595031738281 1.7570825815200805664 3.5027463436126708984 3.0472302436828613281 4.1804170608520507812 5.9124388694763183594 8.168239593505859375 10.358752250671386719 12.484066963195800781 10.712360382080078125 3.2838532924652099609 10.194879531860351562 10.433514595031738281 4.6146497726440429688 3.029933929443359375 7.7658019065856933594 5.5355005264282226562 3.8151617050170898438 3.9794628620147705078 3.0224139690399169922 4.2981748580932617188 4.6415753364562988281 2.3859262466430664062 5.8017439842224121094 6.5489363670349121094 6.7422318458557128906 8.3395748138427734375 5.3331251144409179688 1.8532249927520751953 1.4057295322418212891 3.0224111080169677734 5.2872929573059082031
5.5141687393188476562 10.904222488403320312 12.280849456787109375 12.164592742919921875 11.536623954772949219 8.1770639419555664062 13.50295257568359375 3.9620397090911865234 3.0867869853973388672 5.2187967300415039062 2.8401212692260742188 2.9014065265655517578 4.8194184303283691406 6.9228081703186035156 9.2062406539916992188 11.362725257873535156 12.9293212890625 12.965604782104492188 10.488221168518066406 14.581752777099609375 13.74689483642578125 7.0353565216064453125 4.2946500778198242188 6.0178236961364746094 5.5773825645446777344 3.4151008129119873047 4.3652825355529785156 6.2871775627136230469 6.7446165084838867188 4.6474370956420898438 2.9880979061126708984 7.2925815582275390625 8.1371660232543945312 7.2344107627868652344 7.08818817138671875 7.4316859245300292969 7.0024471282958984375 5.0806918144226074219 4.114688873291015625 5.4785175323486328125
5.8605375289916992188 6.1634693145751953125 9.1850709915161132812 13.972512245178222656 18.35951995849609375 9.1473245620727539062 13.268889427185058594 10.46677398681640625 10.03980255126953125 7.5285806655883789062 4.9034423828125 4.438995361328125 5.747955322265625 7.6135005950927734375 9.8705053329467773438 11.997321128845214844 14.188755989074707031 15.423712730407714844 15.810393333435058594 15.317320823669433594 8.745006561279296875 1.6424725055694580078 2.8159868717193603516 6.5190820693969726562 9.2760334014892578125 6.7793927192687988281 4.9149479866027832031 5.7004513740539550781 4.4833340644836425781 3.5724399089813232422 4.2031812667846679688 6.7494559288024902344 10.403111457824707031 13.286962509155273438 13.122768402099609375 10.726628303527832031 7.5902814865112304688 5.4028687477111816406 4.6454801559448242188 5.3849315643310546875
9.1427354812622070312 9.4150724411010742188 9.281085968017578125 12.911441802978515625 22.2659149169921875 25.710020065307617188 24.360179901123046875 17.360925674438476562 11.609065055847167969 7.8992066383361816406 6.0117182731628417969 5.2265191078186035156 5.1700906753540039062 5.8763222694396972656 7.5314478874206542969 9.364597320556640625 11.816571235656738281 13.027879714965820312 11.106362342834472656 6.3995218276977539062 3.5141212940216064453 8.143680572509765625 7.7648286819458007812 7.9362244606018066406 12.676819801330566406 11.033938407897949219 7.5901479721069335938 9.6134357452392578125 6.640167236328125 5.6828436851501464844 6.2854213714599609375 7.4779791831970214844 8.5724554061889648438 9.0815792083740234375 8.4153165817260742188 6.1568503379821777344 4.793605804443359375 5.2720241546630859375 5.2539267539978027344 5.6596722602844238281
6.5091233253479003906 7.129848480224609375 7.2711501121520996094 8.2247409820556640625 12.937658309936523438 18.290561676025390625 16.228296279907226562 9.9733171463012695312 6.0584101676940917969 4.5156278610229492188 3.4730510711669921875 3.2696604728698730469 3.2168359756469726562 3.4279506206512451172 4.7324066162109375 5.8634576797485351562 6.7827243804931640625 7.5954332351684570312 6.5866637229919433594 5.0392446517944335938 8.4260149002075195312 5.149280548095703125 1.1113618612289428711 3.8082706928253173828 11.928798675537109375 14.053088188171386719 13.184403419494628906 13.197831153869628906 7.7892556190490722656 6.7358918190002441406 7.3647489547729492188 7.935909271240234375 7.1472220420837402344 5.9777140617370605469 5.4391088485717773438 4.9200725555419921875 4.4955792427062988281 4.9471592903137207031 5.3787555694580078125 5.7254834175109863281
4.3652863502502441406 3.6924540996551513672 2.4445619583129882812 1.654750823974609375 2.9021029472351074219 3.6527037620544433594 5.3058438301086425781 6.2497072219848632812 6.0802984237670898438 3.6489679813385009766 0.92493665218353271484 0.58671623468399047852 0.95455652475357055664 1.4086065292358398438 2.9914841651916503906 4.397533416748046875 5.5649042129516601562 6.7796125411987304688 7.5209832191467285156 8.6178989410400390625 11.176207542419433594 10.251871109008789062 4.6225113868713378906 6.6760196685791015625 15.432702064514160156 17.308492660522460938 15.101050376892089844 11.112660408020019531 6.2359342575073242188 5.1809968948364257812 4.7379422187805175781 4.2116937637329101562 3.9830076694488525391 3.7662615776062011719 3.5214450359344482422 3.6389861106872558594 3.9299175739288330078 4.2981753349304199219 4.8674235343933105469 5.4457769393920898438
3.5036120414733886719 3.4508681297302246094 2.9073247909545898438 5.5282220840454101562 12.556797981262207031 18.187046051025390625 17.3991851806640625 12.455927848815917969 8.0370845794677734375 5.4327192306518554688 4.5592184066772460938 3.3510267734527587891 1.0818216800689697266 0.54744416475296020508 1.8137645721435546875 3.3327329158782958984 4.7804403305053710938 6.3121690750122070312 7.9311728477478027344 9.8747472763061523438 12.053722381591796875 14.772310256958007812 12.807130813598632812 14.068666458129882812 19.85367584228515625 18.003389358520507812 12.462586402893066406 7.7128200531005859375 4.1263337135314941406 2.7621486186981201172 2.2280678749084472656 1.7385550737380981445 1.2095001935958862305 1.4032129049301147461 1.9141981601715087891 2.2594022750854492188 2.8326337337493896484 3.7843267917633056641 4.48839569091796875 4.9914960861206054688
3.1422889232635498047 4.51439666748046875 5.9426727294921875 10.42908477783203125 17.266351699829101562 19.735187530517578125 18.8950347900390625 12.628659248352050781 4.0272555351257324219 3.7332611083984375 5.3909153938293457031 5.9976372718811035156 3.3587110042572021484 2.0371124744415283203 2.8326330184936523438 3.8686604499816894531 4.915256500244140625 6.2204251289367675781 8.4164476394653320312 11.104259490966796875 13.579445838928222656 19.029947280883789062 25.523410797119140625 28.1524505615234375 25.458148956298828125 16.96273040771484375 9.6010828018188476562 5.3726606369018554688 2.7820270061492919922 1.8974721431732177734 1.4089701175689697266 1.2408947944641113281 0.9358132481575012207 1.1136381626129150391 1.4405827522277832031 1.5696890354156494141 1.6979129314422607422 2.5853223800659179688 3.3028805255889892578 3.7547135353088378906
4.1781268119812011719 7.8457355499267578125 8.3552217483520507812 10.370219230651855469 15.636822700500488281 9.0416727066040039062 9.0196046829223632812 13.232631683349609375 3.2004556655883789062 7.3013868331909179688 5.5581111907958984375 8.3513269424438476562 6.8189258575439453125 4.945831298828125 5.5484051704406738281 5.9988918304443359375 6.3121705055236816406 6.7874655723571777344 7.6684236526489257812 9.1767520904541015625 10.815164566040039062 13.323619842529296875 16.681085586547851562 16.901376724243164062 12.128024101257324219 5.8693785667419433594 2.9533903598785400391 1.9070453643798828125 1.5593367815017700195 1.1177190542221069336 0.99861532449722290039 1.3241598606109619141 1.4994504451751708984 1.659331202507019043 1.5593384504318237305 1.3773610591888427734 1.4896275997161865234 2.1114978790283203125 2.8324592113494873047 3.3141796588897705078
6.8739581108093261719 11.236959457397460938 7.8559489250183105469 5.1754469871520996094 13.198872566223144531 13.115414619445800781 8.4193572998046875 10.540465354919433594 6.273166656494140625 6.4361896514892578125 7.9042143821716308594 12.744184494018554688 10.579250335693359375 7.6403908729553222656 6.8093400001525878906 6.2782144546508789062 6.5883421897888183594 6.9785218238830566406 6.4504685401916503906 5.8143162727355957031 5.5636439323425292969 5.3497300148010253906 4.1542520523071289062 2.2043316364288330078 0.91003870964050292969 0.2565384209156036377 0.88465446233749389648 1.3103280067443847656 1.7005957365036010742 1.7819615602493286133 1.8521337509155273438 2.2289791107177734375 2.7040579319000244141 2.8326354026794433594 2.6195213794708251953 2.2625372409820556641 2.1464304924011230469 3.2518393993377685547 4.9321570396423339844 6.08460235595703125
8.7285890579223632812 11.923285484313964844 4.9653635025024414062 1.4405806064605712891 9.0775632858276367188 18.234378814697265625 19.340236663818359375 15.084055900573730469 10.713840484619140625 8.492431640625 20.183986663818359375 18.213350296020507812 11.817783355712890625 7.3210158348083496094 5.6769046783447265625 5.1111588478088378906 4.7791738510131835938 4.0026111602783203125 3.2435910701751708984 2.5229520797729492188 1.8899888992309570312 1.7602450847625732422 1.6498472690582275391 1.4649652242660522461 0.74009370803833007812 0.31819641590118408203 1.1099953651428222656 1.7379723787307739258 2.5082767009735107422 3.087932586669921875 3.4618322849273681641 4.0234990119934082031 4.5729155540466308594 4.6815023422241210938 4.47217559814453125 4.6934480667114257812 6.3509349822998046875 8.3037319183349609375 9.864856719970703125 10.876646041870117188
8.7264699935913085938 14.106088638305664062 11.50450897216796875 11.246484756469726562 13.812617301940917969 18.318765640258789062 23.592374801635742188 25.240648269653320312 26.317716598510742188 25.007884979248046875 24.558300018310546875 13.140714645385742188 6.7600941658020019531 4.0027365684509277344 3.1808156967163085938 2.8183224201202392578 1.8684507608413696289 1.1789851188659667969 0.80496180057525634766 0.65287417173385620117 0.13499976694583892822 0.73459947109222412109 1.4032053947448730469 1.7819601297378540039 1.8835532665252685547 3.314178466796875 5.1882863044738769531 6.3522782325744628906 6.7309679985046386719 6.7472968101501464844 6.5959649085998535156 6.7761988639831542969 6.8556580543518066406 6.6476550102233886719 7.0033049583435058594 9.6975431442260742188 15.296959877014160156 18.283100128173828125 19.412530899047851562 19.565059661865234375
5.998310089111328125 13.099498748779296875 16.945392608642578125 17.69385528564453125 15.857875823974609375 13.168095588684082031 11.048322677612304688 10.867740631103515625 15.842462539672851562 17.8057098388671875 10.765456199645996094 2.8509585857391357422 0.75632995367050170898 0.51405930519104003906 0.67423802614212036133 0.45890820026397705078 1.1136369705200195312 1.5822141170501708984 1.7842289209365844727 1.8109678030014038086 2.1179566383361816406 2.9533894062042236328 3.93338775634765625 5.0994081497192382812 7.5079679489135742188 12.005230903625488281 17.067941665649414062 19.354818344116210938 17.464498519897460938 13.6752777099609375 10.849996566772460938 8.8820161819458007812 7.5728864669799804688 7.0179181098937988281 7.9779677391052246094 11.651970863342285156 16.281244277954101562 16.207736968994140625 17.606008529663085938 15.914020538330078125
3.0982277393341064453 5.6233386993408203125 8.5442285537719726562 9.0436649322509765625 7.9062471389770507812 5.7746081352233886719 3.54161834716796875 2.3916447162628173828 1.8714288473129272461 1.633823394775390625 3.0813772678375244141 3.1495168209075927734 0.99455094337463378906 0.7509555816650390625 0.49499344825744628906 0.60540413856506347656 1.9624847173690795898 3.4526245594024658203 4.0123119354248046875 3.6827263832092285156 3.6574029922485351562 4.2868871688842773438 5.649784088134765625 8.4881906509399414062 12.406587600708007812 15.628741264343261719 18.341339111328125 18.472612380981445312 18.957345962524414062 17.8845062255859375 14.944018363952636719 11.422750473022460938 8.6137228012084960938 6.6871552467346191406 6.9172272682189941406 9.714595794677734375 11.478861808776855469 7.9681673049926757812 6.4355640411376953125 1.2224061489105224609
2.6639280319213867188 2.1324777603149414062 1.7799729108810424805 1.7472647428512573242 1.5394153594970703125 1.2445582151412963867 1.0388584136962890625 0.62676674127578735352 0.63718140125274658203 2.0563957691192626953 3.5557110309600830078 3.0833439826965332031 0.971378326416015625 0.36280155181884765625 0.45558726787567138672 0.69494318962097167969 2.3620650768280029297 4.1659007072448730469 3.0324289798736572266 2.3678374290466308594 3.1583323478698730469 3.2487292289733886719 3.6341214179992675781 5.8027849197387695312 7.5415625572204589844 7.9912729263305664062 9.23488616943359375 7.7645740509033203125 8.4135942459106445312 12.6652679443359375 12.5511016845703125 10.181984901428222656 8.0087404251098632812 5.3977375030517578125 4.5834975242614746094 7.6942043304443359375 9.0775623321533203125 6.5384831428527832031 3.9114992618560791016 3.7311005592346191406
2.8107762336730957031 2.0083510875701904297 1.2826099395751953125 1.0325053930282592773 1.3813973665237426758 1.456995844841003418 1.4064493179321289062 1.202782750129699707 1.026112675666809082 2.7174885272979736328 4.1542534828186035156 3.2287533283233642578 1.5538108348846435547 1.0270990133285522461 0.59187239408493041992 0.79801642894744873047 2.7397229671478271484 4.6757864952087402344 3.7714912891387939453 1.8643838167190551758 1.7913074493408203125 1.2240577936172485352 1.6129339933395385742 4.6547069549560546875 7.5818223953247070312 9.460430145263671875 11.467249870300292969 14.487137794494628906 10.527250289916992188 3.9294075965881347656 4.1373276710510253906 4.7137141227722167969 5.2160892486572265625 3.7436673641204833984 1.3517704010009765625 5.9717345237731933594 8.9460859298706054688 8.6405010223388671875 4.3937435150146484375 4.1244964599609375
2.3912212848663330078 1.6910459995269775391 1.1208834648132324219 1.3091679811477661133 1.9221093654632568359 1.6101130247116088867 1.1776965856552124023 1.9094328880310058594 4.7090067863464355469 9.0350980758666992188 10.628919601440429688 8.7467794418334960938 7.5370416641235351562 8.086170196533203125 7.4461832046508789062 4.4604239463806152344 3.9912409782409667969 3.7239160537719726562 3.1846280097961425781 2.4078707695007324219 1.6669350862503051758 1.479062199592590332 2.3848671913146972656 4.4511384963989257812 7.3179326057434082031 9.6635065078735351562 10.914099693298339844 15.1298828125 15.720033645629882812 10.778734207153320312 3.6277251243591308594 4.0042486190795898438 7.1461620330810546875 6.0053515434265136719 2.0776884555816650391 5.4084610939025878906 10.72422027587890625 15.510416984558105469 12.176442146301269531 7.1489095687866210938
2.2452545166015625 1.4510796070098876953 1.1031336784362792969 1.5433559417724609375 1.3184131383895874023 0.7509555816650390625 5.386989593505859375 9.6024875640869140625 11.919178962707519531 14.234539985656738281 12.922574996948242188 13.404970169067382812 16.67038726806640625 19.711231231689453125 22.476184844970703125 22.40523529052734375 18.04044342041015625 12.121302604675292969 6.9613032341003417969 3.5565659999847412109 1.2392640113830566406 0.54186260700225830078 1.8586733341217041016 2.3160026073455810547 2.9747061729431152344 4.7474079132080078125 6.6854248046875 9.8523235321044921875 10.564060211181640625 9.6579313278198242188 9.0644054412841796875 5.1589617729187011719 8.496257781982421875 10.776844024658203125 6.7956781387329101562 3.4442715644836425781 6.8925652503967285156 14.48416900634765625 20.999963760375976562 19.190633773803710938
