wildfire/work/fuelmodels/1947/aspect.asc
ncols        478
nrows        328
xllcorner    188655.000000000000
yllcorner    458505.000000000000
cellsize     5.000000000000
NODATA_value   -999
[rows 247 to 265 of 328, columns 420 to 461 of 478]
274.51373291015625 262.183685302734375 243.433929443359375 282.994537353515625 308.47991943359375 311.30706787109375 286.387664794921875 293.1971435546875 295.14398193359375 289.884521484375 280.712554931640625 266.985931396484375 239.7425994873046875 236.943267822265625 238.7061920166015625 244.0569000244140625 241.3473358154296875 237.9373321533203125 241.23175048828125 243.666290283203125 228.4677886962890625 140.19329833984375 139.3975982666015625 295.462432861328125 296.5643310546875 293.198272705078125 263.9913330078125 249.6556396484375 223.0248870849609375 202.5568695068359375 229.15924072265625 246.570953369140625 259.623504638671875 244.982574462890625 239.035797119140625 245.8060760498046875 257.57293701171875 279.461029052734375 294.70159912109375 306.71343994140625 314.002716064453125 308.7572021484375
289.178497314453125 256.607025146484375 260.838043212890625 274.08544921875 281.31011962890625 302.735595703125 295.55908203125 292.7503662109375 260.31011962890625 248.1973419189453125 257.61798095703125 257.9041748046875 242.5251617431640625 248.8379974365234375 244.2293701171875 242.2802581787109375 242.61163330078125 242.7150726318359375 243.666290283203125 241.8979339599609375 215.1798553466796875 167.00531005859375 227.725341796875 280.43707275390625 290.05535888671875 300.9622802734375 282.263946533203125 253.494964599609375 230.7101593017578125 237.874664306640625 253.705413818359375 248.197998046875 252.896942138671875 263.88409423828125 274.1439208984375 276.666015625 289.178619384765625 304.80804443359375 308.399383544921875 311.321044921875 319.114105224609375 318.989990234375
292.378936767578125 274.18408203125 282.8033447265625 283.297271728515625 274.762237548828125 260.217041015625 265.426300048828125 276.843597412109375 247.61981201171875 242.878448486328125 254.1967010498046875 274.63470458984375 306.86859130859375 287.02008056640625 274.08551025390625 264.17401123046875 261.656005859375 253.2371978759765625 242.927734375 235.43695068359375 201.8007049560546875 198.43487548828125 252.0950775146484375 267.272979736328125 261.326202392578125 263.6595458984375 284.7427978515625 280.174835205078125 289.13311767578125 294.443145751953125 284.857696533203125 264.093109130859375 267.6134033203125 282.993804931640625 294.675994873046875 299.552825927734375 305.133636474609375 313.472015380859375 319.272064208984375 321.78826904296875 322.85260009765625 328.90667724609375
307.405975341796875 287.44708251953125 267.396759033203125 269.02813720703125 275.709564208984375 267.50933837890625 259.59185791015625 240.9452362060546875 219.287384033203125 267.396759033203125 269.998992919921875 268.829986572265625 271.97393798828125 273.9901123046875 267.510223388671875 246.037506103515625 252.030364990234375 240.460723876953125 226.8177947998046875 217.874298095703125 198.434478759765625 231.1467437744140625 257.783905029296875 251.05279541015625 233.47100830078125 236.5924530029296875 228.0129852294921875 250.7694854736328125 276.498992919921875 299.4066162109375 309.64361572265625 299.743804931640625 287.3861083984375 278.129547119140625 272.72601318359375 287.288543701171875 302.790069580078125 315.2774658203125 323.21209716796875 328.455047607421875 332.849578857421875 350.654388427734375
307.567230224609375 309.2884521484375 277.59344482421875 260.53717041015625 248.96197509765625 252.896453857421875 244.17828369140625 220.7630615234375 253.609161376953125 283.49505615234375 276.071746826171875 254.0542144775390625 222.709259033203125 239.74273681640625 243.969146728515625 227.488555908203125 242.74407958984375 227.4886016845703125 224.9990081787109375 214.3144683837890625 223.0579681396484375 256.1998291015625 256.66015625 240.2545928955078125 240.376220703125 241.4594879150390625 218.6587677001953125 254.0540618896484375 268.89764404296875 267.796295166015625 261.383087158203125 270.85430908203125 270.657806396484375 275.33148193359375 292.75030517578125 298.30010986328125 301.74462890625 310.10015869140625 321.25836181640625 325.304107666015625 348.40704345703125 57.9944000244140625
288.43328857421875 297.6455078125 307.234466552734375 288.43426513671875 284.035552978515625 283.569671630859375 277.12420654296875 269.999359130859375 272.04522705078125 270.000274658203125 256.759674072265625 248.498504638671875 228.576568603515625 254.1969757080078125 250.0162811279296875 259.380401611328125 271.080535888671875 246.800079345703125 240.523284912109375 237.528350830078125 265.17840576171875 264.0931396484375 249.90399169921875 252.5520477294921875 259.1141357421875 255.6989593505859375 273.6510009765625 292.45574951171875 281.820648193359375 261.15753173828125 264.2891845703125 269.999664306640625 271.974456787109375 287.2088623046875 293.681182861328125 290.36468505859375 288.90869140625 285.70782470703125 278.672332763671875 284.236724853515625 48.81328582763671875 70.973876953125
332.101409912109375 316.8465576171875 321.91058349609375 312.207061767578125 315.00048828125 322.12481689453125 326.30810546875 320.708770751953125 252.298858642578125 246.8008270263671875 254.4759368896484375 268.363677978515625 273.814208984375 264.173065185546875 268.876251220703125 285.64129638671875 282.5279541015625 251.565093994140625 237.0954132080078125 239.0363922119140625 259.85400390625 248.3170623779296875 237.99383544921875 242.1021881103515625 234.6595306396484375 250.4629364013671875 272.935394287109375 280.78363037109375 284.655914306640625 295.016448974609375 296.56494140625 284.035888671875 277.430877685546875 276.686370849609375 272.3712158203125 264.684814453125 260.7060546875 245.738128662109375 235.9718017578125 229.6982269287109375 176.9867401123046875 98.6158905029296875
340.8203125 327.199432373046875 325.883880615234375 294.862213134765625 295.820404052734375 309.805572509765625 293.196380615234375 359.9979248046875 298.299468994140625 271.1220703125 272.488494873046875 276.339141845703125 281.307586669921875 272.725250244140625 271.847015380859375 261.15716552734375 209.053985595703125 206.5652923583984375 230.906158447265625 257.90460205078125 252.847076416015625 238.78118896484375 237.224700927734375 233.68585205078125 235.059814453125 253.1777191162109375 259.91876220703125 259.21533203125 262.09234619140625 263.92657470703125 264.8043212890625 270.908599853515625 269.3406982421875 263.479400634765625 255.492767333984375 246.1165008544921875 233.81024169921875 219.2214202880859375 225.4117584228515625 221.111602783203125 198.4343414306640625 190.40673828125
326.76812744140625 321.34075927734375 314.999267578125 269.998687744140625 240.523284912109375 189.4614410400390625 235.88568115234375 272.725189208984375 314.999267578125 275.708984375 262.873321533203125 260.53558349609375 295.345001220703125 314.999267578125 261.2537841796875 210.255523681640625 210.0685882568359375 222.1376190185546875 255.14019775390625 268.20941162109375 255.1412506103515625 241.25958251953125 232.6662139892578125 234.7519378662109375 239.7821044921875 245.984405517578125 252.612396240234375 254.510589599609375 254.6227874755859375 259.87451171875 277.523162841796875 286.048187255859375 289.653106689453125 279.619140625 271.3526611328125 261.068756103515625 247.3054046630859375 245.3225250244140625 250.2006072998046875 239.7430877685546875 218.5409088134765625 216.346893310546875
275.191986083984375 311.818695068359375 343.810028076171875 326.309356689453125 305.53521728515625 251.5688323974609375 273.0128173828125 271.63629150390625 278.129913330078125 265.600555419921875 254.0542144775390625 255.6509552001953125 266.308990478515625 256.43048095703125 134.9983978271484375 222.396331787109375 246.1610260009765625 271.635650634765625 285.944671630859375 274.08544921875 248.1981353759765625 244.854217529296875 242.198028564453125 245.80645751953125 245.5554351806640625 243.8856201171875 243.4343719482421875 237.4388885498046875 246.948211669921875 259.2486572265625 270.909271240234375 274.82037353515625 272.861572265625 268.362640380859375 276.4281005859375 295.25250244140625 310.9136962890625 315.31219482421875 311.337249755859375 300.46490478515625 281.309478759765625 259.285491943359375
241.387725830078125 258.110626220703125 299.743927001953125 344.475341796875 2.8624804019927978516 352.69281005859375 314.99859619140625 308.883209228515625 326.310028076171875 304.993072509765625 290.224884033203125 281.821319580078125 251.564453125 211.429168701171875 210.96197509765625 312.398162841796875 290.22454833984375 278.426483154296875 281.30926513671875 277.304443359375 259.6932373046875 252.4740447998046875 251.5649566650390625 251.0288848876953125 246.6138153076171875 240.3951263427734375 240.9449310302734375 239.78240966796875 249.10205078125 251.21112060546875 255.7837371826171875 265.502471923828125 260.675994873046875 251.938720703125 266.4228515625 285.48773193359375 299.974090576171875 313.186614990234375 334.69110107421875 341.563995361328125 343.2996826171875 349.11456298828125
275.195220947265625 240.06854248046875 247.83349609375 249.7755279541015625 315.006561279296875 321.70916748046875 317.120819091796875 312.39617919921875 341.56317138671875 290.22320556640625 285.253753662109375 295.344757080078125 304.213714599609375 308.65777587890625 292.750030517578125 299.577362060546875 318.26983642578125 302.12408447265625 260.5374755859375 232.852294921875 227.6015777587890625 218.1571044921875 232.4309844970703125 239.299468994140625 235.0074920654296875 240.1006622314453125 248.4702301025390625 246.80059814453125 252.1488800048828125 256.086669921875 256.606353759765625 256.26263427734375 261.430145263671875 274.70745849609375 268.886962890625 265.57110595703125 260.232757568359375 250.2772674560546875 258.95843505859375 316.396209716796875 353.15582275390625 38.1575164794921875
202.83282470703125 215.1343841552734375 238.4480438232421875 219.8046417236328125 224.9994659423828125 260.2178955078125 259.695159912109375 243.434906005859375 203.1973724365234375 276.841827392578125 281.309112548828125 282.52838134765625 285.642120361328125 296.563995361328125 278.128143310546875 262.475128173828125 286.60614013671875 325.303131103515625 306.870941162109375 237.529022216796875 224.9994659423828125 216.02734375 256.700408935546875 258.339630126953125 252.2154083251953125 251.5641021728515625 245.1115570068359375 245.3939666748046875 255.1234130859375 252.197418212890625 234.9033966064453125 227.2899627685546875 227.0447845458984375 245.62908935546875 256.42901611328125 248.080169677734375 236.84161376953125 225.7387542724609375 220.8844757080078125 210.425384521484375 184.666748046875 168.0232086181640625
285.642120361328125 280.009521484375 263.366912841796875 245.5553741455078125 239.0359039306640625 229.5726165771484375 208.7386474609375 206.56512451171875 198.434967041015625 239.0366058349609375 261.326934814453125 270.000640869140625 249.7755279541015625 260.536773681640625 329.03289794921875 269.99981689453125 268.60272216796875 299.055145263671875 44.999897003173828125 269.999359130859375 246.0376129150390625 262.874786376953125 274.08465576171875 258.2308349609375 242.9688262939453125 241.2597198486328125 236.8417205810546875 243.434661865234375 239.035797119140625 221.9547576904296875 210.3518829345703125 212.3343963623046875 222.078826904296875 234.38482666015625 236.645416259765625 235.1749114990234375 226.837127685546875 214.417877197265625 207.3361663818359375 198.704803466796875 188.46087646484375 188.1295623779296875
345.76141357421875 345.529144287109375 328.297943115234375 340.55914306640625 337.305419921875 332.591949462890625 342.5963134765625 348.06951904296875 351.383331298828125 333.434326171875 295.25250244140625 284.03509521484375 307.56817626953125 305.83770751953125 332.524261474609375 309.506622314453125 301.46343994140625 344.05340576171875 15.25911712646484375 329.0333251953125 320.7100830078125 304.562225341796875 297.644866943359375 272.120880126953125 250.710174560546875 242.52496337890625 240.94482421875 236.0232696533203125 222.0180511474609375 214.37982177734375 212.9485626220703125 217.1459808349609375 230.9464263916015625 236.5133514404296875 236.221923828125 233.906158447265625 221.7522125244140625 211.71942138671875 202.6548309326171875 193.5700225830078125 188.9105224609375 191.1568145751953125
202.3793487548828125 236.7666168212890625 271.040435791015625 300.9622802734375 323.972503662109375 299.055694580078125 290.556182861328125 320.7099609375 334.65283203125 347.194976806640625 318.011627197265625 278.1280517578125 292.930633544921875 322.765167236328125 311.819976806640625 307.693359375 335.070220947265625 0.97123312950134277344 1.9757341146469116211 347.57269287109375 335.805999755859375 328.133636474609375 340.512847900390625 343.391693115234375 329.348175048828125 321.70928955078125 278.129150390625 248.024871826171875 241.219635009765625 234.162078857421875 229.2676544189453125 231.33984375 237.0506134033203125 235.8636627197265625 239.272064208984375 233.6728515625 212.470977783203125 210.012054443359375 205.2323760986328125 192.159088134765625 189.46160888671875 197.041595458984375
203.4582061767578125 224.999969482421875 226.1014251708984375 205.820648193359375 195.10101318359375 192.6186370849609375 206.5645751953125 202.3795623779296875 202.5564727783203125 205.1441802978515625 236.3105010986328125 278.9732666015625 236.31036376953125 208.810150146484375 263.990509033203125 266.710174560546875 240.944000244140625 251.5579071044921875 341.566436767578125 318.69000244140625 320.439666748046875 316.591339111328125 327.528106689453125 331.143585205078125 331.388580322265625 346.32781982421875 347.380096435546875 321.84173583984375 307.873626708984375 292.478515625 282.61883544921875 276.66632080078125 264.805084228515625 239.825927734375 232.2528228759765625 218.2335052490234375 204.21142578125 210.8462066650390625 210.718414306640625 197.102081298828125 190.7836151123046875 199.418212890625
212.9044189453125 215.9095001220703125 209.196807861328125 199.798187255859375 193.3242645263671875 196.857818603515625 223.75433349609375 218.4795074462890625 206.5637664794921875 232.7647552490234375 257.470794677734375 242.354461669921875 172.6938629150390625 230.31365966796875 245.6579742431640625 217.404693603515625 200.771697998046875 187.7646484375 196.6304473876953125 219.70989990234375 217.4051666259765625 207.47344970703125 213.1111602783203125 229.2890167236328125 242.9686279296875 245.2239532470703125 264.803863525390625 269.999359130859375 259.823486328125 266.05377197265625 268.089813232421875 251.56402587890625 231.339385986328125 212.7743377685546875 214.2708892822265625 204.3333740234375 204.44329833984375 207.1208343505859375 200.081512451171875 193.495086669921875 188.972076416015625 186.0236663818359375
243.0337982177734375 233.3652191162109375 226.9082794189453125 216.869171142578125 205.9058837890625 213.02410888671875 224.9999237060546875 210.3224945068359375 207.552154541015625 223.8538970947265625 215.5368499755859375 190.24383544921875 186.8423309326171875 238.0906524658203125 234.1292877197265625 218.51654052734375 203.4589080810546875 194.2640228271484375 208.8867645263671875 213.3101959228515625 206.564239501953125 205.277099609375 205.8661346435546875 212.3660736083984375 216.252777099609375 204.6763458251953125 195.395599365234375 212.5919342041015625 216.34698486328125 215.0494537353515625 209.813720703125 210.5786590576171875 202.889892578125 198.7775115966796875 205.2010498046875 203.5741729736328125 208.8270416259765625 203.9269561767578125 195.3124237060546875 197.62158203125 195.8020782470703125 185.194061279296875
