wildfire/work/fuelmodels/1947/aspect.asc
ncols        478
nrows        328
xllcorner    188655.000000000000
yllcorner    458505.000000000000
cellsize     5.000000000000
NODATA_value   -999
[rows 38 to 56 of 328, columns 84 to 125 of 478]
235.2509765625 216.932525634765625 183.5753173828125 183.3108367919921875 185.8060302734375 192.6689910888671875 175.3137969970703125 175.9716796875 253.0733184814453125 250.114501953125 177.396484375 158.1974639892578125 187.0001373291015625 175.5999603271484375 156.1614837646484375 280.782745361328125 275.091064453125 267.435302734375 277.8345947265625 301.428863525390625 309.643341064453125 314.997283935546875 137.2027435302734375 136.919403076171875 131.750457763671875 138.3078460693359375 162.14898681640625 124.3798065185546875 87.0389556884765625 47.815326690673828125 49.8135223388671875 73.300567626953125 76.4487457275390625 59.489837646484375 18.082523345947265625 28.610492706298828125 28.37946319580078125 35.401195526123046875 42.691043853759765625 67.61975860595703125 105.06819915771484375 96.842529296875
239.902099609375 228.341156005859375 199.610382080078125 190.3052215576171875 178.5310211181640625 193.2750701904296875 197.9492034912109375 258.689697265625 288.433441162109375 179.9922943115234375 177.7103729248046875 129.2921295166015625 134.9963226318359375 179.997406005859375 291.80224609375 303.407379150390625 294.20037841796875 288.6270751953125 293.3612060546875 298.739166259765625 299.744842529296875 128.79632568359375 130.48590087890625 128.4069366455078125 127.72452545166015625 136.7092132568359375 317.48931884765625 22.989580154418945312 39.685199737548828125 12.425734519958496094 45.000274658203125 66.50139617919921875 57.179172515869140625 44.999897003173828125 13.735482215881347656 17.723583221435546875 32.4169921875 33.770923614501953125 42.101276397705078125 58.94992828369140625 74.53824615478515625 93.667205810546875
240.944610595703125 240.623748779296875 223.49169921875 192.095367431640625 184.40032958984375 262.695098876953125 301.429656982421875 302.390289306640625 303.110260009765625 83.65961456298828125 154.4414215087890625 177.138824462890625 152.64959716796875 285.256256103515625 306.253936767578125 302.828125 296.156097412109375 297.596710205078125 299.331207275390625 301.75885009765625 91.6841888427734375 115.0535125732421875 120.01789093017578125 108.4346923828125 83.46762847900390625 341.564544677734375 336.514892578125 5.0641260147094726562 19.898176193237304688 17.446935653686523438 50.710582733154296875 61.2599945068359375 52.79994964599609375 50.75789642333984375 31.759120941162109375 11.310423851013183594 40.601558685302734375 29.475717544555664062 50.97000885009765625 68.04537200927734375 73.09250640869140625 90.90935516357421875
213.9960174560546875 247.5735626220703125 241.23162841796875 208.8108062744140625 250.6402587890625 292.889434814453125 305.2376708984375 317.725433349609375 334.17779541015625 61.18780517578125 83.15655517578125 154.2918243408203125 214.99224853515625 275.791473388671875 288.724945068359375 297.552337646484375 295.132293701171875 293.5994873046875 293.73016357421875 296.915130615234375 90.00057220458984375 83.728790283203125 78.43944549560546875 62.783599853515625 11.738854408264160156 340.90582275390625 344.897979736328125 3.7688238620758056641 23.110101699829101562 40.23606109619140625 59.867862701416015625 70.39890289306640625 74.13410186767578125 70.01678466796875 62.300571441650390625 61.92706298828125 70.70896148681640625 358.95654296875 65.8365478515625 81.61280059814453125 92.7873687744140625 93.9179534912109375
289.23016357421875 250.5130767822265625 236.792510986328125 227.2456817626953125 277.274566650390625 297.180328369140625 310.740447998046875 340.113739013671875 26.56389617919921875 80.5392608642578125 85.9713287353515625 75.96228790283203125 283.23785400390625 276.664581298828125 275.052764892578125 283.8768310546875 297.04998779296875 297.6661376953125 285.67193603515625 240.5221710205078125 86.63309478759765625 70.85153961181640625 55.06063079833984375 30.735280990600585938 349.777252197265625 340.136871337890625 353.5162353515625 8.4407262802124023438 32.69153594970703125 41.845066070556640625 55.165668487548828125 57.171398162841796875 53.49847412109375 63.434803009033203125 85.07275390625 109.1783447265625 117.64507293701171875 192.095062255859375 101.956573486328125 89.113006591796875 85.7775421142578125 74.18830108642578125
233.6737823486328125 196.6976776123046875 241.63067626953125 258.878265380859375 287.607269287109375 295.58416748046875 306.25299072265625 87.71044158935546875 139.0859527587890625 90.00147247314453125 67.5203857421875 24.8637237548828125 326.77008056640625 284.8082275390625 283.15716552734375 283.64227294921875 287.2086181640625 285.18988037109375 250.4625091552734375 199.093170166015625 128.9277191162109375 90.62952423095703125 63.904529571533203125 24.352655410766601562 340.3453369140625 336.990814208984375 1.9767982959747314453 71.56488037109375 74.147491455078125 75.15998077392578125 67.69396209716796875 58.626922607421875 84.22537994384765625 101.6587982177734375 108.4346923828125 96.34130096435546875 29.749185562133789062 92.8638763427734375 70.4979705810546875 66.037384033203125 68.56296539306640625 30.018383026123046875
217.80621337890625 214.25970458984375 287.849822998046875 312.759796142578125 314.627410888671875 301.729034423828125 77.47357940673828125 137.5639801025390625 185.476898193359375 197.35333251953125 88.45246124267578125 22.37801361083984375 340.560516357421875 289.653717041015625 277.12451171875 278.05865478515625 274.6058349609375 256.660400390625 206.113677978515625 177.824371337890625 158.0970458984375 148.84075927734375 134.0610198974609375 158.6300811767578125 203.9621734619140625 174.2068939208984375 167.318328857421875 151.69854736328125 145.4918060302734375 119.93140411376953125 53.366260528564453125 94.21410369873046875 115.90641021728515625 130.5750274658203125 123.90636444091796875 359.996429443359375 4.3995523452758789062 61.699016571044921875 66.80017852783203125 88.1216888427734375 87.45119476318359375 44.999897003173828125
216.9722747802734375 227.223052978515625 259.3797607421875 253.0475311279296875 223.2091827392578125 240.737762451171875 125.03560638427734375 132.753875732421875 196.557159423828125 235.8229522705078125 14.0355682373046875 50.7096099853515625 283.23785400390625 282.33709716796875 275.012237548828125 274.01361083984375 264.358917236328125 233.392730712890625 185.7923736572265625 160.386688232421875 154.9253692626953125 162.7584228515625 158.3848876953125 165.004791259765625 186.3396759033203125 177.5938568115234375 169.9300079345703125 155.853179931640625 147.997955322265625 338.962158203125 64.74645233154296875 98.93378448486328125 100.90215301513671875 82.09337615966796875 29.744249343872070312 330.749908447265625 11.768697738647460938 75.19094085693359375 106.92691802978515625 99.62786102294921875 86.70154571533203125 86.72859954833984375
207.7834930419921875 246.0366363525390625 243.1472320556640625 206.5645751953125 203.5317230224609375 213.80145263671875 163.3494110107421875 146.0402679443359375 203.1989593505859375 239.381103515625 231.482025146484375 103.73688507080078125 242.24017333984375 266.467437744140625 277.1629638671875 268.793060302734375 245.4088287353515625 213.8575286865234375 196.8579864501953125 137.384307861328125 132.1725006103515625 167.195953369140625 158.0509033203125 142.852386474609375 179.3404083251953125 180.556365966796875 171.8694915771484375 230.570770263671875 306.868438720703125 141.9110107421875 138.5760040283203125 111.600189208984375 83.61089324951171875 18.767831802368164062 14.420136451721191406 359.99847412109375 42.71054840087890625 66.96031951904296875 52.59420013427734375 64.67771148681640625 72.0774993896484375 40.914318084716796875
214.9915924072265625 250.865753173828125 262.51214599609375 251.05279541015625 231.7091522216796875 203.0452728271484375 177.51007080078125 175.2662506103515625 222.768402099609375 235.0358428955078125 213.90509033203125 179.9995880126953125 253.1795501708984375 275.463592529296875 274.15313720703125 264.7314453125 239.6566314697265625 202.6721038818359375 196.3883819580078125 153.251220703125 142.9798736572265625 183.0776824951171875 172.093170166015625 138.3651275634765625 153.4328460693359375 174.42779541015625 228.0929718017578125 284.8748779296875 156.3714752197265625 124.64366912841796875 128.8383636474609375 99.23314666748046875 76.8274993896484375 49.513721466064453125 42.878326416015625 59.827117919921875 72.55511474609375 66.54155731201171875 53.672756195068359375 75.018035888671875 77.38033294677734375 66.2090606689453125
222.9246368408203125 231.072052001953125 228.3483123779296875 220.3222198486328125 228.5758819580078125 230.905181884765625 215.528900146484375 259.69244384765625 260.95904541015625 240.817840576171875 227.2598876953125 231.3403472900390625 272.48895263671875 288.69818115234375 281.737884521484375 270.5255126953125 223.5325927734375 181.363800048828125 177.314910888671875 153.7329559326171875 159.14544677734375 196.113311767578125 188.13018798828125 153.4341583251953125 111.79982757568359375 131.4225006103515625 270.400726318359375 277.524322509765625 120.86878204345703125 122.068817138671875 126.79754638671875 120.42589569091796875 109.59212493896484375 135.8549652099609375 163.6099090576171875 153.13720703125 147.7567138671875 146.7681732177734375 147.69268798828125 125.88204193115234375 104.74341583251953125 101.00347137451171875
240.5921173095703125 229.6920013427734375 227.131805419921875 234.5698089599609375 246.21771240234375 254.1974639892578125 248.9592132568359375 285.943695068359375 277.350372314453125 244.9816741943359375 256.292144775390625 270.544708251953125 280.374969482421875 290.67999267578125 297.740478515625 300.425384521484375 146.31182861328125 152.1985626220703125 155.5544891357421875 128.8844146728515625 144.866790771484375 195.48773193359375 203.368408203125 196.388153076171875 134.9996795654296875 118.30112457275390625 258.689453125 249.274078369140625 102.171295166015625 121.9839324951171875 149.3561859130859375 153.7708587646484375 138.058380126953125 140.0638580322265625 154.147552490234375 160.5595703125 159.5457305908203125 156.169952392578125 155.0480499267578125 153.829864501953125 157.4200897216796875 127.4549407958984375
236.8406829833984375 253.1777191162109375 261.09765625 252.6451263427734375 243.56817626953125 212.073577880859375 204.9273681640625 234.752044677734375 218.5180206298828125 242.649688720703125 280.221282958984375 293.44171142578125 281.468536376953125 279.31378173828125 293.39337158203125 347.34735107421875 91.7358551025390625 129.8057708740234375 154.3339385986328125 152.85028076171875 145.176422119140625 185.5254058837890625 205.0152130126953125 201.8006439208984375 165.7835845947265625 132.088958740234375 240.3328399658203125 197.3926544189453125 114.7122650146484375 100.645599365234375 103.39191436767578125 119.81305694580078125 128.735931396484375 142.305877685546875 144.3440399169921875 142.124847412109375 140.3432769775390625 142.5527496337890625 145.79736328125 151.6117706298828125 174.6794586181640625 149.3564300537109375
255.761932373046875 272.97772216796875 282.788726806640625 268.797576904296875 249.22711181640625 232.5941925048828125 226.6832427978515625 224.075927734375 227.8632049560546875 266.111846923828125 270.829864501953125 263.1982421875 271.254058837890625 274.945526123046875 271.253753662109375 134.9996795654296875 123.21128082275390625 148.3483123779296875 165.7835845947265625 173.966796875 210.963897705078125 246.791778564453125 130.9134063720703125 193.2994537353515625 174.0350494384765625 141.339691162109375 195.0374298095703125 174.0479278564453125 146.5848846435546875 121.3286285400390625 104.33112335205078125 93.990997314453125 88.93865966796875 93.1790771484375 99.210357666015625 102.58724212646484375 101.58355712890625 104.596771240234375 112.44908905029296875 120.83303070068359375 151.5566864013671875 170.7535400390625
262.056243896484375 264.45123291015625 259.95416259765625 246.47625732421875 244.759063720703125 236.7929840087890625 209.0537109375 227.5447845458984375 260.537109375 269.999359130859375 254.4449005126953125 248.3689422607421875 264.45123291015625 265.4134521484375 232.213592529296875 150.350067138671875 131.0017547607421875 151.6632080078125 173.45330810546875 186.3400421142578125 218.5497283935546875 213.3390655517578125 145.3046875 135.0015869140625 161.002838134765625 150.10064697265625 147.9459381103515625 148.16253662109375 153.434814453125 142.2628326416015625 114.3248291015625 63.824642181396484375 67.30605316162109375 68.08573150634765625 74.6239166259765625 59.65642547607421875 63.0042572021484375 72.18947601318359375 72.36354827880859375 60.046245574951171875 24.527233123779296875 328.716766357421875
252.581634521484375 256.503662109375 246.6223602294921875 225.6893768310546875 241.1006622314453125 237.5931243896484375 210.4990692138671875 240.172576904296875 262.116302490234375 263.156402587890625 260.78814697265625 259.874969482421875 250.7548065185546875 229.94976806640625 184.6348724365234375 154.40545654296875 140.4400177001953125 148.26629638671875 168.8256988525390625 189.00439453125 213.97589111328125 208.939239501953125 189.1887969970703125 165.311676025390625 153.434600830078125 153.633819580078125 143.66357421875 135.5250396728515625 145.0077667236328125 159.943603515625 175.9546966552734375 159.2273406982421875 99.7822418212890625 92.08237457275390625 96.84291839599609375 42.7984619140625 57.35576629638671875 63.33463287353515625 52.315189361572265625 32.774402618408203125 9.8811960220336914062 321.281890869140625
261.02679443359375 268.0511474609375 262.146240234375 250.0671234130859375 249.8633880615234375 235.61968994140625 233.0039520263671875 266.742156982421875 273.75079345703125 262.998046875 260.21734619140625 255.3231353759765625 233.218475341796875 201.80084228515625 167.549591064453125 153.7025299072265625 156.0372467041015625 158.6705169677734375 168.023345947265625 189.511993408203125 207.5814208984375 206.1463470458984375 192.33099365234375 183.0772247314453125 172.25506591796875 140.300750732421875 144.926116943359375 147.6806182861328125 143.442962646484375 162.757965087890625 181.156707763671875 187.863525390625 177.5629119873046875 93.07740020751953125 20.462274551391601562 354.628143310546875 46.01369476318359375 39.998737335205078125 33.958751678466796875 35.193622589111328125 21.801420211791992188 333.435150146484375
264.53515625 252.367584228515625 239.3644561767578125 250.9420318603515625 258.895599365234375 260.133514404296875 276.44915771484375 283.324188232421875 286.749755859375 282.587615966796875 280.581939697265625 253.1783447265625 207.58123779296875 178.5551605224609375 149.4701995849609375 143.8064727783203125 152.85015869140625 152.136322021484375 171.027130126953125 197.667205810546875 212.2420654296875 213.7807464599609375 203.008148193359375 193.542327880859375 188.245635986328125 143.4267578125 133.624908447265625 147.3249664306640625 141.3398895263671875 157.34405517578125 178.667083740234375 191.1392364501953125 197.570831298828125 171.0905609130859375 201.8012542724609375 199.290435791015625 113.8591461181640625 63.433712005615234375 49.59397125244140625 61.260234832763671875 74.7449493408203125 212.90155029296875
238.4217376708984375 234.893951416015625 250.2913665771484375 270.3782958984375 283.53460693359375 290.271209716796875 288.704193115234375 280.0966796875 292.24798583984375 311.14215087890625 307.50390625 169.9908905029296875 168.146697998046875 159.3928985595703125 144.699920654296875 139.1272430419921875 136.21881103515625 66.8012542724609375 21.61397552490234375 312.612823486328125 300.76226806640625 301.184814453125 294.443878173828125 300.070404052734375 157.164947509765625 133.6824798583984375 125.171844482421875 136.9347381591796875 138.1218719482421875 153.2080230712890625 178.460479736328125 188.03546142578125 189.53631591796875 186.441162109375 194.8983001708984375 188.0269775390625 170.743804931640625 176.844757080078125 168.7772979736328125 131.986724853515625 127.4505157470703125 174.0526123046875
