wildfire/work/fuelmodels/1947/aspect.asc
ncols        478
nrows        328
xllcorner    188655.000000000000
yllcorner    458505.000000000000
cellsize     5.000000000000
NODATA_value   -999
[rows 209 to 227 of 328, columns 336 to 377 of 478]
307.27764892578125 286.38946533203125 213.6912384033203125 288.4368896484375 303.6905517578125 341.56298828125 358.02532958984375 305.53717041015625 261.63372802734375 273.23931884765625 327.5283203125 354.803680419921875 287.62176513671875 295.300811767578125 284.035888671875 231.5194244384765625 218.659454345703125 238.6705322265625 258.083892822265625 187.8526611328125 154.9825439453125 154.982696533203125 323.529632568359375 313.450775146484375 282.143463134765625 268.362457275390625 70.20169830322265625 304.694091796875 304.07635498046875 337.165771484375 307.0101318359375 353.65765380859375 71.287933349609375 78.46497344970703125 278.9349365234375 282.4896240234375 312.838134765625 343.966888427734375 315.829742431640625 307.365875244140625 301.577239990234375 277.996551513671875
277.76416015625 232.1246337890625 201.8016815185546875 244.0930633544921875 260.536773681640625 295.01348876953125 329.035888671875 330.421142578125 311.56494140625 295.865386962890625 321.580963134765625 354.339630126953125 319.68511962890625 322.124237060546875 42.563182830810546875 264.80517578125 263.955230712890625 263.33245849609375 234.864959716796875 164.7445068359375 30.256479263305664062 318.690704345703125 313.492095947265625 320.7099609375 305.361785888671875 321.339874267578125 340.923980712890625 345.0093994140625 332.731903076171875 350.142669677734375 1.5074650049209594727 354.135101318359375 20.339025497436523438 38.273044586181640625 309.986236572265625 279.54107666015625 297.896514892578125 355.60064697265625 296.221343994140625 275.09149169921875 254.4751739501953125 263.549835205078125
271.735443115234375 296.563812255859375 320.438812255859375 311.818756103515625 307.693634033203125 336.251068115234375 45.01082611083984375 263.92706298828125 272.6019287109375 259.5911865234375 272.24493408203125 313.0577392578125 302.5736083984375 250.7098388671875 86.0090484619140625 324.3338623046875 324.55364990234375 336.036651611328125 316.33172607421875 332.92779541015625 351.86907958984375 334.17779541015625 326.767364501953125 322.814483642578125 316.683990478515625 326.975677490234375 314.540802001953125 328.171844482421875 333.162109375 349.031341552734375 7.0551080703735351562 8.1299915313720703125 20.865030288696289062 63.098812103271484375 18.434906005859375 262.912506103515625 274.657470703125 354.47149658203125 317.48931884765625 286.55706787109375 296.5648193359375 301.96600341796875
269.999359130859375 274.397430419921875 300.962799072265625 324.461029052734375 337.01031494140625 49.764430999755859375 75.96100616455078125 279.63751220703125 281.310211181640625 278.61566162109375 263.990447998046875 260.058929443359375 216.8696746826171875 224.9994659423828125 306.34722900390625 312.8975830078125 332.611846923828125 16.821023941040039062 304.69427490234375 331.9908447265625 344.196990966796875 327.093841552734375 331.38909912109375 307.029296875 304.076416015625 309.206817626953125 296.1461181640625 295.74981689453125 310.155426025390625 344.115447998046875 13.485639572143554688 58.793529510498046875 110.7457733154296875 125.12313079833984375 167.3805084228515625 272.463653564453125 285.017547607421875 356.08038330078125 336.61395263671875 319.652587890625 308.990325927734375 304.379638671875
314.999267578125 318.576416015625 289.3585205078125 284.74285888671875 153.4367828369140625 110.22473907470703125 267.51123046875 299.47515869140625 320.38848876953125 334.982818603515625 299.5531005859375 289.6529541015625 331.6966552734375 299.62237548828125 287.417449951171875 262.7938232421875 204.2269744873046875 161.565399169921875 266.7593994140625 287.818084716796875 337.98773193359375 330.122894287109375 333.924530029296875 310.071868896484375 309.80438232421875 307.54498291015625 306.338531494140625 290.79815673828125 275.41986083984375 239.035675048828125 127.3594818115234375 112.25565338134765625 112.3090057373046875 127.9208221435546875 266.681671142578125 282.0849609375 292.04132080078125 6.3399100303649902344 320.10137939453125 308.658782958984375 296.564178466796875 278.1290283203125
281.3087158203125 244.6535491943359375 246.57110595703125 257.124420166015625 105.641937255859375 104.93085479736328125 275.792083740234375 292.91192626953125 315.970123291015625 336.41217041015625 308.065185546875 310.135040283203125 83.6593475341796875 238.7362213134765625 248.40411376953125 250.5130767822265625 231.7082366943359375 178.1522979736328125 239.3220062255859375 251.1303253173828125 253.3005218505859375 294.44305419921875 313.40838623046875 306.510498046875 312.588165283203125 306.537994384765625 293.894500732421875 270.970245361328125 244.653167724609375 193.3132171630859375 133.13720703125 99.162139892578125 72.28618621826171875 42.838771820068359375 304.113739013671875 292.5709228515625 308.1981201171875 350.217254638671875 321.339599609375 311.18511962890625 284.035552978515625 245.8535003662109375
184.3992156982421875 186.3397674560546875 208.9260101318359375 224.341033935546875 179.999969482421875 72.75771331787109375 292.248443603515625 287.175201416015625 300.255584716796875 325.7117919921875 295.49688720703125 308.745697021484375 7.5390796661376953125 354.643402099609375 311.862823486328125 301.8082275390625 347.734588623046875 51.340606689453125 273.575103759765625 267.708282470703125 271.788970947265625 287.02008056640625 298.17822265625 295.8511962890625 299.863555908203125 313.567230224609375 303.111083984375 251.8613739013671875 244.6533050537109375 198.8527679443359375 124.3802032470703125 69.943695068359375 47.098896026611328125 44.17360687255859375 304.27996826171875 296.9774169921875 1.4691131114959716797 329.381072998046875 304.59161376953125 310.600799560546875 301.29266357421875 11.311587333679199219
66.249176025390625 134.9996795654296875 209.744140625 214.379608154296875 213.844940185546875 252.9786529541015625 296.113311767578125 301.11456298828125 308.540283203125 318.17852783203125 297.733489990234375 308.70245361328125 358.91815185546875 17.916593551635742188 341.95159912109375 302.904693603515625 296.5687255859375 54.46219635009765625 299.62353515625 275.906005859375 260.941864013671875 269.1444091796875 282.264312744140625 280.684112548828125 280.0072021484375 295.266571044921875 3.8145010471343994141 293.70233154296875 262.724456787109375 185.1942901611328125 135.000152587890625 101.31221771240234375 56.853298187255859375 67.8335418701171875 277.008697509765625 267.625732421875 36.384441375732421875 345.018096923828125 321.842132568359375 317.38525390625 319.573272705078125 22.380426406860351562
35.537815093994140625 35.53771209716796875 0.00099349138326942920685 320.193145751953125 266.9046630859375 266.565460205078125 280.270111083984375 297.376739501953125 336.0360107421875 326.31085205078125 273.012481689453125 256.89959716796875 167.2753143310546875 158.9620361328125 213.6904144287109375 187.5944976806640625 205.2006072998046875 284.036224365234375 302.005279541015625 260.2178955078125 244.2302703857421875 255.378448486328125 267.878082275390625 271.101104736328125 259.991485595703125 243.953643798828125 212.470428466796875 256.218048095703125 217.2345428466796875 181.7350006103515625 164.0540771484375 213.6890106201171875 71.56528472900390625 80.42281341552734375 231.808319091796875 246.696319580078125 247.22442626953125 338.781524658203125 340.924072265625 339.11993408203125 336.193359375 22.166654586791992188
73.88720703125 42.878326416015625 348.68994140625 1.9757080078125 308.99017333984375 285.851226806640625 253.3386383056640625 228.5033111572265625 180.616241455078125 197.44671630859375 226.8668365478515625 207.5645751953125 179.999725341796875 197.3188018798828125 202.619415283203125 176.7287139892578125 226.2722930908203125 259.0765380859375 275.710052490234375 260.536773681640625 271.040802001953125 274.80712890625 281.533843994140625 281.792877197265625 260.4630126953125 246.908111572265625 246.4468841552734375 280.952911376953125 323.8797607421875 343.950408935546875 1.0052943229675292969 15.340676307678222656 75.73508453369140625 90.5615081787109375 81.572662353515625 263.59033203125 266.38751220703125 302.592132568359375 319.483978271484375 339.862548828125 8.973255157470703125 14.931562423706054688
109.53664398193359375 29.0532989501953125 311.632049560546875 341.565216064453125 303.178375244140625 282.994537353515625 220.6837615966796875 204.0009002685546875 190.8710174560546875 214.2150115966796875 229.39776611328125 240.9447174072265625 257.73443603515625 221.05426025390625 192.264404296875 191.6325225830078125 224.999114990234375 228.3659820556640625 240.01788330078125 303.68963623046875 287.24053955078125 279.12933349609375 284.839324951171875 300.067901611328125 304.176177978515625 288.15887451171875 295.3873291015625 311.30780029296875 316.908294677734375 331.830780029296875 357.1837158203125 21.412855148315429688 55.8853607177734375 84.59986114501953125 56.975383758544921875 276.0953369140625 268.6435546875 252.07122802734375 219.143341064453125 187.907196044921875 166.328033447265625 189.461761474609375
139.084747314453125 179.9995880126953125 210.9642333984375 237.2649688720703125 265.763275146484375 294.1448974609375 39.2899627685546875 182.12109375 218.2894744873046875 238.3598480224609375 234.727294921875 261.17919921875 299.52056884765625 36.25400543212890625 123.6916656494140625 218.4788970947265625 235.079864501953125 238.79913330078125 255.3103790283203125 281.30853271484375 295.251861572265625 272.949859619140625 262.130279541015625 264.1925048828125 280.53826904296875 287.649383544921875 288.9698486328125 285.439208984375 270.48095703125 245.897003173828125 233.7451934814453125 25.463043212890625 68.61285400390625 77.89090728759765625 15.941853523254394531 275.78656005859375 273.813446044921875 234.46148681640625 173.500213623046875 178.91864013671875 179.420745849609375 185.9465484619140625
198.434478759765625 173.6604766845703125 201.8016815185546875 285.254180908203125 309.092926025390625 332.1026611328125 22.61968231201171875 26.564332962036132812 319.235748291015625 249.943389892578125 231.3394927978515625 244.81646728515625 240.7801361083984375 132.75390625 125.13457489013671875 218.9903717041015625 228.6515655517578125 247.3283233642578125 253.4423675537109375 251.9951629638671875 276.709320068359375 278.129730224609375 247.4257049560546875 240.0045318603515625 247.3477325439453125 260.664459228515625 261.075286865234375 261.551788330078125 257.470703125 243.434234619140625 238.4480438232421875 232.3050384521484375 71.9588165283203125 68.7327880859375 30.963426589965820312 277.7802734375 271.272369384765625 172.09222412109375 163.8104705810546875 177.33624267578125 181.887451171875 176.2566070556640625
229.39739990234375 182.72637939453125 185.710052490234375 263.417083740234375 260.836822509765625 258.691131591796875 354.805816650390625 92.12058258056640625 249.44293212890625 279.16094970703125 258.68902587890625 238.735748291015625 215.6180419921875 172.9257965087890625 166.6755218505859375 218.4801177978515625 228.81341552734375 241.6204986572265625 246.1394195556640625 244.6534423828125 234.4622039794921875 222.917266845703125 241.2198944091796875 245.2973175048828125 240.6617584228515625 238.9242401123046875 234.110748291015625 230.9464263916015625 223.6190948486328125 218.6591033935546875 224.99981689453125 239.29986572265625 81.02678680419921875 83.07859039306640625 86.7424163818359375 256.5185546875 227.0018157958984375 168.967132568359375 172.5040283203125 180.3892669677734375 175.142791748046875 175.991607666015625
303.690216064453125 327.528564453125 342.298370361328125 283.83984375 240.01788330078125 250.768585205078125 113.19757080078125 111.37017822265625 239.035247802734375 276.581085205078125 305.27154541015625 288.99609375 266.986724853515625 209.74456787109375 239.03729248046875 260.536773681640625 263.04595947265625 262.44970703125 258.02288818359375 239.6964111328125 210.3426361083984375 212.470428466796875 230.1359100341796875 224.9997711181640625 224.4430999755859375 224.9993133544921875 216.7531280517578125 208.610076904296875 207.2082977294921875 211.1919097900390625 217.1080169677734375 207.89678955078125 168.53009033203125 108.65760040283203125 115.65111541748046875 236.80657958984375 219.631622314453125 173.12469482421875 173.3672027587890625 178.2899017333984375 171.86962890625 180.8808441162109375
347.799102783203125 338.07037353515625 342.43896484375 345.172088623046875 322.7645263671875 299.981353759765625 17.10239410400390625 23.428249359130859375 340.25274658203125 314.999664306640625 308.28936767578125 285.523193359375 264.8043212890625 254.7436065673828125 261.0272216796875 271.218536376953125 285.944793701171875 276.339080810546875 263.0460205078125 250.4064483642578125 248.7479705810546875 252.8232879638671875 239.420440673828125 217.775543212890625 219.4268951416015625 223.45098876953125 211.97021484375 203.7489776611328125 206.6856842041015625 208.162078857421875 202.2172088623046875 189.22332763671875 176.6928253173828125 125.28925323486328125 116.6885528564453125 219.288848876953125 212.8158111572265625 189.865234375 180.436859130859375 174.6289215087890625 176.1857452392578125 188.8410491943359375
334.02471923828125 322.853546142578125 315.0001220703125 333.433685302734375 327.19976806640625 317.936126708984375 348.231475830078125 353.08709716796875 342.89642333984375 339.1787109375 338.80535888671875 329.035491943359375 306.383819580078125 325.490386962890625 333.923583984375 314.99969482421875 316.46893310546875 288.435089111328125 260.8375244140625 243.434722900390625 226.5078125 221.0092010498046875 222.990264892578125 215.980377197265625 217.9707794189453125 208.5393218994140625 201.232452392578125 192.6520538330078125 194.858154296875 201.7266998291015625 192.17877197265625 186.0801849365234375 185.3091278076171875 150.1906890869140625 124.21556854248046875 193.6709136962890625 218.816680908203125 209.6584625244140625 190.9535369873046875 182.8912353515625 185.71026611328125 196.0482025146484375
266.987060546875 275.1939697265625 295.20068359375 311.632781982421875 324.461181640625 321.632293701171875 341.5650634765625 356.18353271484375 301.50244140625 321.5810546875 338.628753662109375 335.80572509765625 341.09454345703125 339.10162353515625 324.27166748046875 323.87982177734375 345.76202392578125 342.645416259765625 256.758453369140625 225.000091552734375 216.4695587158203125 223.6025238037109375 223.63525390625 212.09210205078125 212.0051116943359375 194.858184814453125 199.6533966064453125 179.999420166015625 190.91070556640625 213.84490966796875 194.8450469970703125 188.8701324462890625 191.903717041015625 173.7406005859375 157.5428466796875 279.45989990234375 281.975372314453125 237.6518096923828125 202.0671844482421875 197.9687652587890625 198.996307373046875 213.1111602783203125
308.66015625 304.2156982421875 275.526580810546875 259.694366455078125 272.725250244140625 289.178497314453125 336.802520751953125 3.012176513671875 309.80474853515625 259.991729736328125 257.47149658203125 259.28704833984375 228.8128662109375 237.9918365478515625 258.2308349609375 252.1804351806640625 175.913909912109375 224.9974822998046875 310.600433349609375 331.386810302734375 292.889678955078125 305.959747314453125 321.9107666015625 321.708038330078125 280.17401123046875 301.503265380859375 312.797027587890625 33.111148834228515625 320.440673828125 265.02996826171875 235.1749420166015625 207.2547149658203125 207.5517730712890625 200.32257080078125 209.7438201904296875 241.1431427001953125 231.708648681640625 216.382720947265625 204.443634033203125 201.4472503662109375 229.969329833984375 252.3491363525390625
