wildfire/work/fuelmodels/1947/aspect.asc
ncols        478
nrows        328
xllcorner    188655.000000000000
yllcorner    458505.000000000000
cellsize     5.000000000000
NODATA_value   -999
[rows 0 to 18 of 328, columns 0 to 41 of 478]
0 0 0 0 0 0 0 0 0 0 0 0 0 0 0 0 0 0 0 0 0 0 0 0 0 0 0 0 0 0 0 0 0 0 0 0 0 0 0 0 0 0
0 216.78045654296875 204.370086669921875 175.9130706787109375 178.531219482421875 190.804229736328125 121.80899810791015625 111.32912445068359375 237.5289764404296875 270.423858642578125 264.752197265625 91.8933868408203125 94.5503692626953125 114.2743988037109375 124.5479736328125 133.4086151123046875 227.48907470703125 261.308135986328125 265.600830078125 289.68646240234375 359.215362548828125 310.56298828125 295.936676025390625 270.439849853515625 245.044403076171875 203.4156036376953125 128.41766357421875 323.74639892578125 283.57000732421875 281.75830078125 308.25372314453125 308.0079345703125 312.904632568359375 326.88824462890625 257.534576416015625 235.3045196533203125 231.2534942626953125 234.9399261474609375 247.0780792236328125 253.8007965087890625 251.8467559814453125 259.591888427734375
0 206.2001190185546875 212.061676025390625 179.99853515625 159.9734344482421875 179.9998626708984375 124.96050262451171875 116.8722991943359375 267.446624755859375 270.3267822265625 228.512847900390625 127.384765625 110.06774139404296875 112.9957427978515625 135.389373779296875 146.8881683349609375 262.625701904296875 261.07183837890625 252.6362152099609375 257.259796142578125 346.263916015625 288.868560791015625 267.12109375 237.5820770263671875 227.8981170654296875 179.7255859375 204.2541351318359375 306.9185791015625 310.18585205078125 294.512298583984375 311.18475341796875 316.4931640625 327.528045654296875 22.796686172485351562 269.999359130859375 245.9422760009765625 250.91326904296875 257.06463623046875 268.60198974609375 278.908233642578125 280.115814208984375 258.8214111328125
0 186.7885284423828125 213.19708251953125 175.425567626953125 149.334808349609375 160.1732025146484375 125.9979705810546875 133.00189208984375 270.534820556640625 253.663238525390625 179.426513671875 143.5151824951171875 125.40048980712890625 103.06121826171875 110.8541717529296875 212.19549560546875 263.9404296875 258.373443603515625 261.187713623046875 261.2122802734375 278.32415771484375 276.603729248046875 222.9541473388671875 209.86376953125 210.3482818603515625 226.231231689453125 296.784698486328125 316.16424560546875 336.4215087890625 318.244537353515625 318.038543701171875 306.8692626953125 280.783935546875 92.2012176513671875 0 301.896240234375 302.390594482421875 294.676300048828125 283.60906982421875 280.221435546875 278.544647216796875 222.9164581298828125
0 224.9961090087890625 184.684967041015625 176.099273681640625 138.365997314453125 122.25989532470703125 121.12981414794921875 243.824371337890625 278.35723876953125 242.40142822265625 148.1339111328125 144.8132781982421875 157.2722930908203125 138.3306121826171875 117.28398895263671875 297.978668212890625 279.7518310546875 258.56591796875 261.2020263671875 268.214447021484375 274.05303955078125 266.98828125 248.1990203857421875 238.39178466796875 252.8230743408203125 285.523406982421875 294.324798583984375 298.727020263671875 300.57861328125 286.6990966796875 287.949371337890625 218.2903900146484375 188.8802032470703125 170.312835693359375 304.539703369140625 302.815673828125 296.850128173828125 290.970611572265625 275.0511474609375 254.58905029296875 231.552215576171875 187.1242523193359375
0 184.3980712890625 152.161773681640625 196.7623748779296875 158.35528564453125 111.31214141845703125 118.15589141845703125 270.33819580078125 275.19354248046875 173.28912353515625 111.97454833984375 106.86554718017578125 130.6837158203125 159.3188018798828125 181.363800048828125 248.4045257568359375 269.99957275390625 291.6588134765625 295.064971923828125 294.355804443359375 284.7430419921875 260.2161865234375 211.7566986083984375 236.30792236328125 271.526641845703125 269.426544189453125 256.634033203125 227.8801727294921875 217.146392822265625 233.62982177734375 233.6857452392578125 167.9040985107421875 148.1334991455078125 249.9434051513671875 286.247100830078125 285.207733154296875 263.564910888671875 247.92242431640625 233.05645751953125 225.927459716796875 223.1085357666015625 210.709320068359375
0 178.1984405517578125 170.6761932373046875 201.8011627197265625 159.2006988525390625 120.81871795654296875 143.6727294921875 265.258819580078125 236.82122802734375 168.08416748046875 135.81768798828125 95.71033477783203125 84.25922393798828125 35.837749481201171875 269.999359130859375 261.739959716796875 274.559356689453125 283.4742431640625 283.223907470703125 280.93328857421875 255.255157470703125 216.2499237060546875 175.36444091796875 236.5600128173828125 257.25439453125 253.100921630859375 239.8258819580078125 225.62896728515625 227.030181884765625 238.61322021484375 240.78021240234375 196.11248779296875 131.697998046875 212.16400146484375 234.4615478515625 238.7061309814453125 243.0966339111328125 228.7512664794921875 224.2182464599609375 229.805145263671875 227.590240478515625 215.5902862548828125
0 175.3648834228515625 236.888214111328125 188.971710205078125 133.3937530517578125 120.96353912353515625 213.6893157958984375 260.2967529296875 210.1415557861328125 180.8804931640625 138.0768585205078125 124.6948089599609375 144.4620208740234375 98.12812042236328125 25.906301498413085938 289.88433837890625 289.4854736328125 270.82366943359375 246.5809173583984375 221.6132049560546875 206.5643157958984375 198.4342193603515625 188.3660430908203125 238.298431396484375 256.573455810546875 251.86126708984375 241.3402099609375 230.2780609130859375 232.373504638671875 240.99560546875 221.905914306640625 185.3314361572265625 162.0828857421875 177.15777587890625 223.7404022216796875 236.410491943359375 221.6333465576171875 200.1620025634765625 217.361602783203125 218.3382110595703125 202.501007080078125 201.142364501953125
0 252.897705078125 304.993072509765625 119.649200439453125 121.158843994140625 124.4716033935546875 250.114501953125 241.6989898681640625 180.4116973876953125 176.26800537109375 146.251922607421875 131.1659698486328125 228.813995361328125 303.40789794921875 2.7265353202819824219 298.94488525390625 302.02996826171875 297.671417236328125 263.031341552734375 227.1051177978515625 219.7254486083984375 220.060272216796875 205.0169830322265625 234.1883392333984375 241.2380523681640625 232.5159759521484375 221.7035675048828125 214.3956756591796875 227.5496063232421875 232.333892822265625 193.2569427490234375 176.961944580078125 175.8982086181640625 180.77069091796875 220.3731689453125 224.2835235595703125 196.828704833984375 184.7502288818359375 203.5802764892578125 203.820098876953125 192.9768218994140625 198.2205963134765625
0 267.107757568359375 168.6896820068359375 107.300140380859375 109.94210052490234375 140.7098846435546875 251.8538970947265625 180.5355682373046875 176.185302734375 164.133758544921875 139.88250732421875 153.3022918701171875 238.028564453125 252.52459716796875 312.879302978515625 289.002838134765625 300.30712890625 315.697296142578125 275.710296630859375 250.0671234130859375 248.8498687744140625 231.33941650390625 209.0546417236328125 227.41949462890625 223.1907806396484375 215.462890625 214.3349456787109375 212.0980987548828125 224.153656005859375 218.0017547607421875 188.186126708984375 172.2442626953125 174.804718017578125 186.02978515625 199.0462799072265625 201.801025390625 186.566802978515625 183.3357391357421875 204.40020751953125 208.1524658203125 200.108154296875 205.2165374755859375
0 286.44775390625 85.816070556640625 111.644378662109375 115.3256988525390625 175.0601348876953125 227.516632080078125 144.323333740234375 178.7805633544921875 171.6336669921875 114.12811279296875 156.20867919921875 232.02215576171875 237.39898681640625 251.221038818359375 274.829742431640625 279.54833984375 314.994873046875 237.264373779296875 243.43414306640625 248.771575927734375 224.9994659423828125 210.34356689453125 221.2357940673828125 214.9015655517578125 215.2164459228515625 220.363861083984375 221.2476654052734375 223.434539794921875 214.4656982421875 201.25018310546875 183.1634674072265625 166.3823089599609375 173.961883544921875 188.0167999267578125 192.011260986328125 184.520477294921875 193.323974609375 218.9137115478515625 214.305572509765625 205.757537841796875 222.5417938232421875
0 233.1294097900390625 138.1796875 118.05059814453125 125.7697296142578125 207.8970794677734375 179.0119781494140625 139.8132171630859375 179.753631591796875 199.3158721923828125 126.17949676513671875 129.91998291015625 260.165863037109375 275.757568359375 295.435455322265625 283.1541748046875 273.433074951171875 161.5734100341796875 205.0208892822265625 258.406951904296875 252.936065673828125 216.8695220947265625 217.9983367919921875 224.1435546875 216.99383544921875 221.5821533203125 229.1847381591796875 235.51251220703125 239.71466064453125 231.6201324462890625 220.1351776123046875 200.812225341796875 161.3681182861328125 160.855010986328125 182.055450439453125 185.50897216796875 193.12420654296875 215.4793243408203125 215.736572265625 199.4776458740234375 201.55950927734375 230.43133544921875
0 205.8740997314453125 152.10235595703125 118.55109405517578125 125.960235595703125 213.92926025390625 135.881103515625 134.0501556396484375 185.0534515380859375 216.936309814453125 159.5668792724609375 143.296783447265625 277.066162109375 296.76934814453125 324.14971923828125 290.00921630859375 267.978363037109375 161.566864013671875 209.7474212646484375 259.561676025390625 250.2005767822265625 213.690765380859375 226.1688690185546875 232.25189208984375 230.5982513427734375 238.298431396484375 245.1365203857421875 248.551483154296875 247.0219268798828125 237.607879638671875 223.619354248046875 197.92755126953125 158.51727294921875 155.954986572265625 191.3094940185546875 209.4760284423828125 231.9810333251953125 223.66748046875 199.35845947265625 189.13671875 202.410614013671875 223.1172027587890625
0 191.7247467041015625 151.347808837890625 129.5269775390625 149.2370452880859375 168.2930908203125 129.749481201171875 137.436370849609375 198.7581329345703125 224.9994659423828125 209.357330322265625 131.6331634521484375 266.57257080078125 265.388671875 211.1839447021484375 240.8756256103515625 254.51129150390625 167.618988037109375 183.239593505859375 232.6498260498046875 230.709808349609375 214.56219482421875 224.9994659423828125 235.1241455078125 250.641265869140625 266.186309814453125 263.15753173828125 264.340576171875 266.689178466796875 256.477264404296875 228.9008331298828125 187.5944976806640625 143.9139251708984375 142.3506927490234375 229.5743560791015625 227.48956298828125 209.5777587890625 196.64501953125 183.544342041015625 178.0900115966796875 207.727569580078125 222.1873779296875
0 173.6594696044921875 146.75262451171875 148.069091796875 161.1746826171875 138.8135833740234375 133.2191162109375 155.828277587890625 209.0537872314453125 223.712127685546875 205.768768310546875 183.2887420654296875 246.447052001953125 224.9993896484375 193.049530029296875 226.101318359375 235.640106201171875 183.651885986328125 194.035797119140625 250.7688751220703125 258.6895751953125 256.327606201171875 260.3096923828125 266.632843017578125 264.80584716796875 263.660003662109375 261.1181640625 266.7418212890625 275.19390869140625 268.6668701171875 199.178680419921875 188.9725799560546875 151.92510986328125 134.9559783935546875 289.98272705078125 269.999359130859375 234.4613800048828125 187.69586181640625 182.2906036376953125 188.9704132080078125 253.3918914794921875 255.9630889892578125
0 160.3711090087890625 142.9889984130859375 162.6458282470703125 149.14910888671875 138.262847900390625 149.348846435546875 188.3781890869140625 212.4706573486328125 229.4554290771484375 208.2011260986328125 239.6964111328125 254.6865234375 223.72650146484375 207.110260009765625 233.727813720703125 239.169036865234375 209.8135833740234375 233.2965087890625 257.734771728515625 253.30072021484375 247.7515869140625 260.13427734375 265.855194091796875 265.814666748046875 268.72607421875 260.536773681640625 247.4561920166015625 237.2415008544921875 189.7430419921875 184.4971923828125 202.3801116943359375 208.2993316650390625 255.9631500244140625 295.559814453125 308.65802001953125 329.038055419921875 33.692508697509765625 347.00408935546875 312.136199951171875 313.26318359375 291.250030517578125
0 155.265228271484375 132.3569183349609375 146.069854736328125 136.5691680908203125 140.308441162109375 172.9205780029296875 201.25006103515625 212.0048828125 235.8636322021484375 226.3631744384765625 252.8965911865234375 233.59564208984375 204.5124969482421875 233.6724700927734375 260.872467041015625 261.869354248046875 238.1338043212890625 228.6328277587890625 217.1703643798828125 215.4394073486328125 233.4263916015625 258.340301513671875 267.356964111328125 261.02593994140625 257.73388671875 257.346923828125 252.6991424560546875 230.9311370849609375 198.0337371826171875 210.3794097900390625 237.680328369140625 253.0716552734375 264.558807373046875 277.594268798828125 291.36822509765625 323.744140625 358.026824951171875 19.799077987670898438 267.798004150390625 251.0297088623046875 217.6484527587890625
0 176.1857452392578125 146.458221435546875 128.0785064697265625 128.6092376708984375 147.9943695068359375 212.0048675537109375 213.465087890625 240.7079010009765625 239.035400390625 207.6878509521484375 230.04193115234375 203.061279296875 202.833099365234375 262.254669189453125 277.21356201171875 264.057769775390625 212.1638946533203125 204.29071044921875 200.399627685546875 219.95703125 237.6327362060546875 235.619232177734375 248.961669921875 257.73370361328125 251.1303253173828125 240.944610595703125 232.69476318359375 255.1728973388671875 274.573455810546875 271.546630859375 252.82232666015625 235.7113037109375 233.1292724609375 248.8058013916015625 282.52838134765625 321.33837890625 347.00555419921875 77.7326812744140625 238.2404022216796875 218.5160675048828125 203.875457763671875
0 175.81488037109375 144.8877410888671875 123.270172119140625 125.40270233154296875 174.70916748046875 212.7993621826171875 207.0504913330078125 214.30279541015625 213.583648681640625 212.9490203857421875 238.9073333740234375 278.70684814453125 324.848236083984375 304.1590576171875 287.744049072265625 232.124481201171875 184.5475921630859375 195.4945068359375 206.564453125 226.013275146484375 228.6323089599609375 217.5880279541015625 211.8653411865234375 215.1113128662109375 228.944976806640625 218.4532318115234375 207.69879150390625 238.86883544921875 257.618621826171875 259.991729736328125 217.4033203125 208.41168212890625 224.9994659423828125 230.01287841796875 223.87591552734375 211.37353515625 184.3993072509765625 125.5362091064453125 303.686004638671875 306.867431640625 246.0373687744140625
