wildfire/work/fuelmodels/1947/slope.asc
ncols        478
nrows        328
xllcorner    188655.000000000000
yllcorner    458505.000000000000
cellsize     5.000000000000
NODATA_value   -999
[rows 234 to 251 of 328, columns 160 to 199 of 478]
0.13501156866550445557 0.40499797463417053223 0.93957716226577758789 0.84903162717819213867 0.91779249906539916992 2.3554253578186035156 1.7553601264953613281 2.1663787364959716797 0.66820073127746582031 1.3291047811508178711 1.8673593997955322266 2.0246601104736328125 2.1150875091552734375 1.8513127565383911133 1.9735463857650756836 2.2326054573059082031 2.3935346603393554688 2.4831459522247314453 2.2137272357940673828 1.8551384210586547852 2.2260136604309082031 2.8952846527099609375 3.6215708255767822266 4.0514888763427734375 3.7158925533294677734 3.1154589653015136719 3.2499527931213378906 3.3275508880615234375 3.5461592674255371094 3.5283091068267822266 3.5416142940521240234 3.5437562465667724609 3.5428977012634277344 3.9575755596160888672 3.9844043254852294922 4.3066153526306152344 4.3563690185546875 5.1419239044189453125 7.4738726615905761719 8.065380096435546875
0.60791516304016113281 0.31979167461395263672 0.81308531761169433594 0.81122899055480957031 1.2671293020248413086 2.8344247341156005859 0.67499589920043945312 2.8438680171966552734 0.77484029531478881836 0.4867343902587890625 1.1993967294692993164 1.1498655080795288086 1.1494337320327758789 1.3397437334060668945 1.7286355495452880859 1.9448639154434204102 1.9184021949768066406 2.2132501602172851562 2.1457321643829345703 1.6079059839248657227 2.1638042926788330078 2.7474753856658935547 3.5093855857849121094 4.1906790733337402344 3.8068103790283203125 3.0103552341461181641 2.2064032554626464844 2.8790318965911865234 3.3719205856323242188 3.3768510818481445312 3.3201181888580322266 3.3018109798431396484 3.1323037147521972656 2.9636538028717041016 2.6962032318115234375 4.0384044647216796875 4.5636463165283203125 5.3846597671508789062 7.1853289604187011719 8.2985935211181640625
0.57363998889923095703 0.22500468790531158447 0.74553316831588745117 1.0359303951263427734 1.5796561241149902344 1.7648510932922363281 1.2679286003112792969 1.7336094379425048828 1.1458826065063476562 0.54743045568466186523 1.067202448844909668 1.2290053367614746094 1.1472185850143432617 0.67499762773513793945 1.2376506328582763672 1.3725709915161132812 1.2951598167419433594 2.1126792430877685547 2.0106208324432373047 1.7808345556259155273 2.5040531158447265625 2.8587601184844970703 3.3175377845764160156 3.5983676910400390625 3.9218204021453857422 4.1828365325927734375 2.9203355312347412109 2.7967119216918945312 2.8849887847900390625 2.9593689441680908203 2.9935104846954345703 3.064113616943359375 2.9263846874237060547 2.4569301605224609375 2.4757926464080810547 4.0958623886108398438 5.2665657997131347656 5.4861421585083007812 6.736865997314453125 8.5878543853759765625
0.97346889972686767578 0.82115060091018676758 0.98687994480133056641 1.2425276041030883789 1.7245321273803710938 0.76960146427154541016 0.41851273179054260254 1.0672295093536376953 1.7913123369216918945 1.6547387838363647461 1.2679286003112792969 1.6745126247406005859 1.3685175180435180664 0.74214881658554077148 0.94926178455352783203 1.2244716882705688477 1.0504934787750244141 1.7918622493743896484 2.0725674629211425781 2.4447767734527587891 3.1282629966735839844 3.2468514442443847656 3.1206412315368652344 2.8804020881652832031 3.5734188556671142578 4.3577632904052734375 3.5433146953582763672 2.7740108966827392578 2.3517711162567138672 2.3609859943389892578 2.4821150302886962891 2.5774891376495361328 3.1443750858306884766 3.3292305469512939453 3.3510212898254394531 3.9804842472076416016 4.6766643524169921875 5.1921825408935546875 6.3537096977233886719 8.1025056838989257812
1.1140974760055541992 1.0186887979507446289 1.2734915018081665039 1.5285270214080810547 1.4855448007583618164 0.35574460029602050781 0.18555830419063568115 0.58064919710159301758 1.0246399641036987305 1.3685191869735717773 1.476324915885925293 1.8463802337646484375 0.89319133758544921875 0.6442973017692565918 0.49806231260299682617 1.0591262578964233398 0.64036238193511962891 0.9879118800163269043 1.8496695756912231445 2.2649941444396972656 2.2495226860046386719 1.5495582818984985352 1.3707262277603149414 1.6079115867614746094 2.4643366336822509766 3.3737235069274902344 2.6769976615905761719 2.4114398956298828125 2.2391643524169921875 2.32776641845703125 2.5163075923919677734 2.6961877346038818359 3.3077752590179443359 3.9513211250305175781 4.4833445549011230469 4.5388231277465820312 4.5878934860229492188 4.9167857170104980469 5.4855899810791015625 6.2119188308715820312
0.99099934101104736328 0.64428651332855224609 0.85908579826354980469 1.3287447690963745117 1.3107131719589233398 0.84724175930023193359 0.68541300296783447266 0.60541206598281860352 0.33826047182083129883 0.61782985925674438477 1.1699337959289550781 1.4691013097763061523 0.52477997541427612305 0.68096762895584106445 0.80118060111999511719 1.9218403100967407227 0.92929130792617797852 1.0186899900436401367 1.3861535787582397461 1.4957195520401000977 0.95719867944717407227 0.24232304096221923828 0.7269725799560546875 0.83520466089248657227 1.1026697158813476562 1.9511113166809082031 1.7507417201995849609 1.8356748819351196289 1.9155259132385253906 2.2940652370452880859 2.3918442726135253906 2.5213496685028076172 2.8919970989227294922 3.5154266357421875 4.5765581130981445312 4.8627481460571289062 4.8011670112609863281 4.9592642784118652344 5.1395754814147949219 5.2826166152954101562
0.63719534873962402344 0.48150780797004699707 0.74892747402191162109 1.1529562473297119141 1.3260731697082519531 0.54094862937927246094 0.14228934049606323242 0.59188890457153320312 0.36278876662254333496 0.58064919710159301758 0.87371551990509033203 1.0934555530548095703 1.1581960916519165039 1.373691558837890625 0.82974326610565185547 1.5357784032821655273 1.0359296798706054688 1.7963702678680419922 1.0422608852386474609 1.4204145669937133789 1.3367210626602172852 1.2281945943832397461 1.5433554649353027344 1.0667455196380615234 1.1888175010681152344 1.3484022617340087891 2.1066927909851074219 2.4626872539520263672 2.6174051761627197266 2.8372833728790283203 3.0931644439697265625 3.5154175758361816406 4.2290410995483398438 4.946044921875 5.2826209068298339844 5.1262140274047851562 4.6098346710205078125 3.9961819648742675781 3.6273136138916015625 3.0591595172882080078
0.19092290103435516357 0.56652021408081054688 0.77680200338363647461 0.74283653497695922852 1.1981453895568847656 1.4085938930511474609 1.1913537979125976562 1.2979120016098022461 0.58066314458847045898 0.57364469766616821289 0.84544855356216430664 1.1298754215240478516 0.19354349374771118164 0.99657100439071655273 0.46981203556060791016 1.5390799045562744141 2.2353198528289794922 1.9500612020492553711 1.669376373291015625 1.9142128229141235352 1.8706285953521728516 2.3671958446502685547 3.1198308467864990234 2.7291731834411621094 2.6231799125671386719 2.7871103286743164062 3.0364272594451904297 3.1583225727081298828 3.5565659999847412109 4.0046439170837402344 4.3699178695678710938 5.227001190185546875 5.9518866539001464844 5.55420684814453125 4.4180254936218261719 3.4893121719360351562 3.0523726940155029297 2.3882601261138916016 1.2281945943832397461 0.57626104354858398438
2.5197579860687255859 2.6048097610473632812 2.5484812259674072266 2.3243074417114257812 2.5915942192077636719 2.7967119216918945312 2.1179416179656982422 2.0876257419586181641 1.6657133102416992188 1.5716252326965332031 1.8137733936309814453 2.1935255527496337891 2.303966522216796875 2.4774422645568847656 2.7863943576812744141 3.2784631252288818359 3.8014931678771972656 3.8807873725891113281 3.9535045623779296875 3.5466101169586181641 2.7623276710510253906 2.2863311767578125 2.715808868408203125 2.3765838146209716797 2.3394770622253417969 1.9417538642883300781 1.6204611063003540039 1.9229108095169067383 2.3742406368255615234 2.9533903598785400391 3.4864153861999511719 3.0523726940155029297 2.1450171470642089844 1.5619335174560546875 0.78587007522583007812 0.50310623645782470703 0.66896277666091918945 0.65287858247756958008 1.5208899974822998047 0.86439615488052368164
1.565499424934387207 1.6934480667114257812 2.0725636482238769531 2.1530053615570068359 2.6295320987701416016 2.4095597267150878906 2.1858921051025390625 2.457538604736328125 2.5764918327331542969 2.7262156009674072266 3.2704274654388427734 4.1431722640991210938 4.8781800270080566406 5.2208251953125 5.2277774810791015625 5.0589141845703125 4.9221158027648925781 4.7121076583862304688 4.1713514328002929688 3.5223014354705810547 3.3298320770263671875 2.4293882846832275391 1.8359428644180297852 1.4190002679824829102 1.8781845569610595703 1.6943402290344238281 1.2841951847076416016 1.3367210626602172852 1.3382346630096435547 1.2277787923812866211 1.2727024555206298828 0.93581122159957885742 0.33825016021728515625 1.0576982498168945312 1.4957356452941894531 1.2998547554016113281 1.4003193378448486328 1.5796561241149902344 0.82545113563537597656 1.5305142402648925781
0.52957963943481445312 0.24234056472778320312 0.79802793264389038086 1.4129081964492797852 2.4445562362670898438 2.4470484256744384766 2.1831326484680175781 2.1229810714721679688 2.5293722152709960938 3.0222561359405517578 3.4328105449676513672 3.9814810752868652344 4.5143904685974121094 4.7269663810729980469 4.338726043701171875 3.8182005882263183594 3.4226436614990234375 2.8340592384338378906 1.6078952550888061523 0.35574242472648620605 0.94228690862655639648 1.135695338249206543 0.3724378049373626709 0.20373626053333282471 0.41364583373069763184 0.95720309019088745117 1.2599207162857055664 1.2182472944259643555 1.1879616975784301758 0.78780627250671386719 0.22945390641689300537 0.73251909017562866211 0.73458856344223022461 1.324551701545715332 1.4218411445617675781 0.71503686904907226562 1.156457066535949707 1.1811380386352539062 0.90445429086685180664 1.7429109811782836914
3.0027711391448974609 3.1731779575347900391 3.2835488319396972656 3.5812020301818847656 3.2012567520141601562 2.6995694637298583984 2.78839111328125 2.9811720848083496094 3.1282694339752197266 3.2251482009887695312 3.0799012184143066406 2.7113423347473144531 2.2594051361083984375 2.0346236228942871094 1.5796391963958740234 1.2376222610473632812 0.79547923803329467773 0.79547923803329467773 1.9221174716949462891 1.5741971731185913086 1.4175549745559692383 0.91611969470977783203 0.42451387643814086914 0.30017969012260437012 0.27186042070388793945 0.11473555862903594971 0.45557183027267456055 0.44318163394927978516 0.57361239194869995117 0.35575655102729797363 0.81124275922775268555 1.3740532398223876953 1.7963860034942626953 2.5104894638061523438 2.3799750804901123047 2.0022900104522705078 2.4395890235900878906 2.8116762638092041016 3.2704432010650634766 4.7715802192687988281
3.0601444244384765625 3.1327731609344482422 2.8793573379516601562 2.5968306064605712891 1.9573181867599487305 1.9840140342712402344 2.1710252761840820312 2.4760069847106933594 2.5706064701080322266 2.5516495704650878906 2.2949445247650146484 1.6672524213790893555 1.0246523618698120117 0.73460799455642700195 0.34271144866943359375 0.17135973274707794189 0.72557741403579711914 1.5641938447952270508 1.9067803621292114258 0.90108817815780639648 0.1006329953670501709 0.22498750686645507812 0.68318092823028564453 1.1733996868133544922 1.169943690299987793 0.77025663852691650391 0.13499440252780914307 0.85969889163970947266 1.1423531770706176758 1.4300119876861572266 2.5576009750366210938 3.2248370647430419922 3.9875652790069580078 4.888092041015625 5.1252446174621582031 5.5754866600036621094 6.1992754936218261719 6.37441253662109375 6.3455648422241210938 6.5774412155151367188
1.0799385309219360352 1.0860102176666259766 1.0111997127532958984 0.92657184600830078125 1.0836910009384155273 1.609795689582824707 1.4763225317001342773 1.3080106973648071289 1.2027889490127563477 1.0860333442687988281 0.80497378110885620117 0.74283289909362792969 0.28813949227333068848 0.20373816788196563721 0.38710713386535644531 0.25455144047737121582 0.50309854745864868164 0.94604051113128662109 1.207408905029296875 1.1673314571380615234 1.4064475297927856445 1.4064378738403320312 1.0957629680633544922 0.84063935279846191406 0.67498219013214111328 0.6275774836540222168 1.6304051876068115234 3.0325853824615478516 3.9961695671081542969 4.4443373680114746094 4.8967580795288085938 5.4671988487243652344 5.8912110328674316406 6.72940826416015625 7.3406047821044921875 7.4666476249694824219 7.2587265968322753906 7.4862947463989257812 7.9664626121520996094 7.0624179840087890625
0.38317215442657470703 0.10062915831804275513 0.6315835118293762207 0.56293374300003051758 0.38315507769584655762 0.74486702680587768555 0.38315606117248535156 0.4522330164909362793 0.57361304759979248047 0.28636562824249267578 0.60035657882690429688 0.58672541379928588867 0.57363325357437133789 0.38315606117248535156 0.34270694851875305176 0.40248340368270874023 0.54927963018417358398 0.5736433863639831543 0.56384158134460449219 0.71147596836090087891 0.85673552751541137695 0.57363528013229370117 0.89317846298217773438 2.0912756919860839844 2.8919806480407714844 4.0624456405639648438 5.1056241989135742188 5.5903735160827636719 6.0076045989990234375 6.1827702522277832031 6.5632686614990234375 6.8727817535400390625 6.8522052764892578125 7.6694006919860839844 7.4405241012573242188 6.6829457283020019531 6.1297483444213867188 5.7993059158325195312 4.7971644401550292969 3.9607415199279785156
0.85968226194381713867 0.9822533726692199707 0.86439752578735351562 0.85674673318862915039 0.52957963943481445312 1.5285274982452392578 1.3566265106201171875 1.0818189382553100586 0.77679908275604248047 0.7741839289665222168 0.51009190082550048828 0.45890820026397705078 0.57363325357437133789 0.39358249306678771973 0.38710114359855651855 0.34418496489524841309 0.3133780062198638916 0.72698372602462768555 0.6949329376220703125 0.65286082029342651367 0.85614281892776489258 1.5908191204071044922 2.9597151279449462891 3.8927462100982666016 5.4014668464660644531 8.119342803955078125 9.3871049880981445312 8.7209711074829101562 7.2228846549987792969 6.3629674911499023438 6.5486369132995605469 6.5618138313293457031 6.4246153831481933594 6.3718810081481933594 5.4419856071472167969 5.2826175689697265625 5.7497844696044921875 4.9817991256713867188 3.2574470043182373047 2.7749483585357666016
0.28459969162940979004 0.4772974550724029541 0.47303739190101623535 1.1258494853973388672 0.40749129652976989746 1.5178951025009155273 0.40498939156532287598 0.63954865932464599609 0.65517556667327880859 0.48464414477348327637 0.17134170234203338623 0.31820401549339294434 0.45890820026397705078 0.31340020895004272461 0.68689024448394775391 0.60456281900405883789 0.52477997541427612305 1.4913239479064941406 1.8529405593872070312 2.3996512889862060547 2.9840323925018310547 3.5564217567443847656 4.8194208145141601562 5.8949651718139648438 7.3138875961303710938 9.6147813796997070312 9.3966703414916992188 8.7587604522705078125 7.7739167213439941406 6.6273655891418457031 6.2145962715148925781 5.6955852508544921875 5.5744900703430175781 5.3827714920043945312 4.6662802696228027344 4.0413937568664550781 3.9108498096466064453 3.626194000244140625 3.9977018833160400391 3.5273389816284179688
0.57627308368682861328 0.4772974550724029541 0.60539990663528442383 1.2955713272094726562 0.99097096920013427734 1.4317729473114013672 0.31977957487106323242 0.18552917242050170898 0.27373114228248596191 0.56653726100921630859 0.72140544652938842773 1.0403305292129516602 1.4086132049560546875 1.608861088752746582 1.8730454444885253906 1.7648309469223022461 1.8551334142684936523 2.7158074378967285156 2.8086187839508056641 2.8890182971954345703 3.5135483741760253906 4.7477283477783203125 6.6222004890441894531 7.7195706367492675781 8.3323698043823242188 8.3134317398071289062 6.0317068099975585938 4.7711567878723144531 5.0715541839599609375 4.9034366607666015625 4.7368707656860351562 4.3652825355529785156 4.3908638954162597656 3.7120912075042724609 2.31383514404296875 1.7221875190734863281 1.9352213144302368164 1.8008754253387451172 2.3381597995758056641 2.6593728065490722656
