wildfire/work/fuelmodels/1947/slope.asc
ncols        478
nrows        328
xllcorner    188655.000000000000
yllcorner    458505.000000000000
cellsize     5.000000000000
NODATA_value   -999
[rows 54 to 71 of 328, columns 360 to 399 of 478]
2.4396009445190429688 3.0964238643646240234 0.91115587949752807617 0.56919372081756591797 2.7621397972106933594 1.4356533288955688477 1.1472232341766357422 1.2149282693862915039 1.4405777454376220703 1.6657143831253051758 1.7124516963958740234 1.4426838159561157227 0.85674005746841430664 0.54185980558395385742 0.9358227849006652832 0.97606241703033447266 0.7448711395263671875 1.9228904247283935547 2.5960545539855957031 2.4476673603057861328 2.0659658908843994141 1.9573217630386352539 1.8045374155044555664 2.7113373279571533203 3.3587143421173095703 3.0899066925048828125 2.7395503520965576172 2.2607524394989013672 2.2940490245819091797 2.9797914028167724609 3.9340391159057617188 3.6626486778259277344 4.9057145118713378906 6.1690955162048339844 5.4501976966857910156 4.6571946144104003906 4.4732952117919921875 4.6013951301574707031 4.1552286148071289062 4.7291092872619628906
1.3977912664413452148 3.2029793262481689453 1.4957329034805297852 1.5850818157196044922 2.8587601184844970703 1.822113037109375 1.8334801197052001953 1.8982797861099243164 1.7394186258316040039 1.7088905572891235352 1.3275949954986572266 0.9879118800163269043 0.63399177789688110352 0.67425036430358886719 1.1045116186141967773 1.083689570426940918 0.9460347294807434082 1.5978130102157592773 2.3022022247314453125 2.4279453754425048828 1.8477617502212524414 1.9624876976013183594 1.8496654033660888672 2.2196424007415771484 3.1746048927307128906 2.8709273338317871094 3.0591535568237304688 2.8869192600250244141 2.1745321750640869141 2.3541171550750732422 3.8404943943023681641 3.521450042724609375 4.0026187896728515625 5.70618438720703125 5.2577524185180664062 4.1458711624145507812 3.9420964717864990234 4.35913848876953125 3.9218089580535888672 5.6090750694274902344
0.75633871555328369141 4.5284657478332519531 2.1487753391265869141 2.9015774726867675781 2.1057417392730712891 2.7749378681182861328 1.4229063987731933594 1.3499039411544799805 1.1533735990524291992 0.86556220054626464844 0.97398972511291503906 1.5603231191635131836 1.7151174545288085938 2.2216973304748535156 2.0301303863525390625 1.487580418586730957 1.3977769613265991211 1.5538132190704345703 1.7286221981048583984 2.2960247993469238281 2.1967461109161376953 2.1976764202117919922 2.026409149169921875 2.1485457420349121094 2.54668426513671875 2.26432037353515625 3.1949169635772705078 3.50202178955078125 2.7143349647521972656 2.5106930732727050781 3.3768556118011474609 3.2877075672149658203 3.5273334980010986328 4.8195090293884277344 4.8803553581237792969 4.1665368080139160156 3.6256499290466308594 3.8183465003967285156 3.5371956825256347656 5.1065196990966796875
3.3612658977508544922 5.1878075599670410156 1.8586705923080444336 2.1374602317810058594 1.3378568887710571289 3.3010509014129638672 1.3988573551177978516 1.4175552129745483398 1.7472672462463378906 1.7336094379425048828 1.5390949249267578125 1.5796580314636230469 1.4639228582382202148 1.3199383020401000977 0.94603145122528076172 0.85675126314163208008 1.1669036149978637695 1.5667885541915893555 1.1190744638442993164 1.6288572549819946289 2.4651584625244140625 2.3644299507141113281 1.8910760879516601562 2.4528343677520751953 2.9057590961456298828 2.1971995830535888672 2.8010404109954833984 3.3558380603790283203 3.1245496273040771484 3.0657558441162109375 3.2314054965972900391 3.2468683719635009766 3.2625501155853271484 3.8416650295257568359 4.3503346443176269531 4.1665124893188476562 3.4822089672088623047 3.5972433090209960938 3.759815216064453125 3.9319698810577392578
4.7584462165832519531 3.6703710556030273438 1.6424793004989624023 2.0603418350219726562 2.4445700645446777344 3.3965497016906738281 1.6838333606719970703 1.487580418586730957 1.4031981229782104492 1.0971473455429077148 0.53998011350631713867 0.54186761379241943359 0.17136424779891967773 0.45224240422248840332 0.26239809393882751465 0.48150780797004699707 1.0695827007293701172 1.4064548015594482422 0.60539990663528442383 1.4666875600814819336 2.6881055831909179688 2.3774302005767822266 2.1731326580047607422 2.6950705051422119141 3.2630102634429931641 2.7158060073852539062 2.3609890937805175781 3.1482186317443847656 3.3201227188110351562 3.2149598598480224609 3.3568863868713378906 3.3455860614776611328 3.102146148681640625 3.1998248100280761719 3.7891225814819335938 4.0395293235778808594 3.4984107017517089844 3.3202686309814453125 3.9423685073852539062 4.1473188400268554688
1.0533719062805175781 1.4292925596237182617 1.5911469459533691406 1.6608617305755615234 2.2337405681610107422 2.2907440662384033203 0.76893711090087890625 0.29336518049240112305 0.45557522773742675781 0.58672410249710083008 0.21346093714237213135 0.71149766445159912109 0.28460514545440673828 0.39868572354316711426 0.90557467937469482422 0.48466166853904724121 0.86906319856643676758 1.3107264041900634766 1.3696074485778808594 1.7440568208694458008 2.913387298583984375 2.5155096054077148438 1.2982990741729736328 1.2806382179260253906 2.6231865882873535156 3.0490701198577880859 2.215328216552734375 3.0364279747009277344 3.5135591030120849609 3.2468760013580322266 3.1167516708374023438 3.1066820621490478516 3.3375825881958007812 2.9336373805999755859 2.9286324977874755859 3.4723405838012695312 3.6185238361358642578 3.5717170238494873047 4.2863059043884277344 4.9238710403442382812
1.026114344596862793 1.1811249256134033203 1.1776915788650512695 0.79035580158233642578 1.0519261360168457031 0.71504116058349609375 0.31819188594818115234 0.29334807395935058594 0.54372018575668334961 0.66896224021911621094 0.2933730781078338623 0.7980289459228515625 0.82791030406951904297 0.47835654020309448242 0.54093647003173828125 0.67500966787338256836 0.57627445459365844727 0.94013816118240356445 1.053863525390625 1.237630009651184082 2.2969243526458740234 2.5050418376922607422 1.2892998456954956055 1.5048365592956542969 2.5419139862060546875 3.2293879985809326172 2.6065514087677001953 2.8628141880035400391 3.3650455474853515625 3.0299382209777832031 2.8260180950164794922 2.8374357223510742188 3.4254477024078369141 3.0477283000946044922 2.4536314010620117188 2.9874370098114013672 3.7748446464538574219 4.1697745323181152344 4.7311234474182128906 5.4497623443603515625
1.5667823553085327148 1.3287330865859985352 1.0985345840454101562 0.99860918521881103516 1.1276252269744873047 0.61780297756195068359 0.61452221870422363281 0.063641056418418884277 0.40248724818229675293 0.9677250981330871582 0.7689431309700012207 1.1113598346710205078 1.5168998241424560547 0.73459643125534057617 1.3291167020797729492 1.9534345865249633789 1.784224390983581543 1.2380393743515014648 0.59187197685241699219 1.2955552339553833008 2.4003024101257324219 2.0482666492462158203 0.96770834922790527344 1.3397195339202880859 2.0146272182464599609 3.1196932792663574219 3.3995249271392822266 2.9161791801452636719 3.1903591156005859375 3.0130329132080078125 2.70555877685546875 2.8635272979736328125 3.7359721660614013672 3.6345458030700683594 2.5696203708648681641 2.9326045513153076172 4.3246340751647949219 4.9226503372192382812 5.2323894500732421875 5.4028697013854980469
1.8389533758163452148 1.4666854143142700195 1.1582074165344238281 1.6745156049728393555 1.5538086891174316406 1.1651618480682373047 1.2734915018081665039 0.8965905308723449707 0.9358227849006652832 1.6022341251373291016 1.1031399965286254883 0.75096923112869262695 0.75095945596694946289 1.7830849885940551758 2.4346153736114501953 2.0472702980041503906 2.437091827392578125 2.4252376556396484375 1.7121479511260986328 1.2244656085968017578 3.2436001300811767578 2.3594980239868164062 1.412186741828918457 1.1668893098831176758 1.0808669328689575195 2.5040423870086669922 3.6139078140258789062 2.9239685535430908203 3.0277822017669677734 3.1128778457641601562 2.6525094509124755859 2.5293507575988769531 3.3734037876129150391 4.2802901268005371094 3.3028879165649414062 3.1293942928314208984 4.7876181602478027344 5.6205692291259765625 5.5793600082397460938 5.1340818405151367188
1.192625880241394043 2.2052407264709472656 2.8159961700439453125 3.3019571304321289062 0.52957302331924438477 0.70434784889221191406 1.0261158943176269531 2.2641036510467529297 1.4175636768341064453 0.71148681640625 0.79547923803329467773 1.9984936714172363281 2.9772396087646484375 3.9019327163696289062 2.8488445281982421875 1.4405835866928100586 1.0246396064758300781 2.7126386165618896484 1.8781602382659912109 1.3662945032119750977 3.8250782489776611328 2.2260303497314453125 1.5271904468536376953 0.32759803533554077148 0.73802280426025390625 2.0211656093597412109 3.2838506698608398438 2.575115203857421875 2.3485324382781982422 2.6616539955139160156 2.4354546070098876953 2.0740315914154052734 2.3021879196166992188 4.0825371742248535156 4.104373931884765625 3.6165692806243896484 5.05843353271484375 6.0684461593627929688 5.739604949951171875 4.9052953720092773438
1.3766191005706787109 3.4254505634307861328 1.1823998689651489258 4.3802828788757324219 0.57276189327239990234 1.0388733148574829102 1.2873446941375732422 2.5520596504211425781 3.4120035171508789062 3.0912010669708251953 2.9472222328186035156 2.8372800350189208984 2.7483942508697509766 2.4955534934997558594 1.8665558099746704102 1.476324915885925293 2.1088788509368896484 2.6576561927795410156 2.4070184230804443359 2.4185550212860107422 3.7752280235290527344 4.3122358322143554688 2.3433539867401123047 1.4003262519836425781 1.244543910026550293 2.0174148082733154297 2.9364080429077148438 2.6532716751098632812 2.1066832542419433594 2.4497132301330566406 2.2425646781921386719 1.8365075588226318359 1.9778897762298583984 3.5417678356170654297 4.4765796661376953125 4.3877668380737304688 5.3942847251892089844 5.91243743896484375 5.7125277519226074219 5.17418670654296875
1.197718501091003418 2.3774404525756835938 4.1628866195678710938 2.9271001815795898438 1.2885297536849975586 1.0971579551696777344 1.0576934814453125 1.438822627067565918 2.4352338314056396484 2.6295421123504638672 2.4371016025543212891 2.6995580196380615234 2.4053490161895751953 1.6251316070556640625 1.3517731428146362305 1.4093230962753295898 2.2696862220764160156 2.8571634292602539062 2.8972287178039550781 2.8947901725769042969 2.8629980087280273438 3.3175351619720458984 3.1583325862884521484 2.0647406578063964844 2.0912654399871826172 2.3299531936645507812 2.1821994781494140625 2.87691497802734375 2.2407307624816894531 2.2015566825866699219 2.0679152011871337891 1.4377585649490356445 1.8447382450103759766 3.1873333454132080078 4.2858405113220214844 5.1434044837951660156 5.6437077522277832031 5.0106520652770996094 5.7012438774108886719 6.2037420272827148438
1.1330009698867797852 1.7053463459014892578 1.5696831941604614258 1.394877314567565918 1.7887551784515380859 0.96928250789642333984 0.79736649990081787109 0.92491662502288818359 1.2408815622329711914 1.3045136928558349609 1.3592299222946166992 1.7918502092361450195 1.2826024293899536133 1.1669068336486816406 1.1824158430099487305 1.0226533412933349609 1.3325529098510742188 1.3056795597076416016 1.6811380386352539062 2.0083544254302978516 2.8057382106781005859 2.4346153736114501953 1.5706593990325927734 1.5834935903549194336 3.0833518505096435547 2.3671958446502685547 1.1370334625244140625 3.0382769107818603516 2.8578679561614990234 2.29074859619140625 2.4583764076232910156 2.109569549560546875 2.1849713325500488281 3.2287654876708984375 4.0484023094177246094 4.7655472755432128906 5.1926474571228027344 4.7951807975769042969 5.6240468025207519531 6.9262933731079101562
0.95667481422424316406 1.5275337696075439453 1.6547483205795288086 2.0291461944580078125 1.5603075027465820312 0.75900000333786010742 0.72628790140151977539 0.49806231260299682617 0.49805146455764770508 0.63637578487396240234 0.89090937376022338867 1.0403082370758056641 0.35146307945251464844 0.19356742501258850098 0.5492916107177734375 0.98277354240417480469 1.8789873123168945312 1.0166962146759033203 1.0061848163604736328 1.1244925260543823242 1.9809566736221313477 2.2235283851623535156 1.8795220851898193359 2.2643325328826904297 3.7553923130035400391 3.5474641323089599609 2.5042498111724853516 3.19983673095703125 3.4819200038909912109 2.2750222682952880859 2.0224101543426513672 2.7822113037109375 2.9738585948944091797 3.4019136428833007812 3.5751321315765380859 3.6793017387390136719 4.9592885971069335938 6.0170807838439941406 6.4623804092407226562 6.9167194366455078125
1.4374173879623413086 1.3773516416549682617 0.74008834362030029297 0.77680200338363647461 0.84003996849060058594 0.76630324125289916992 0.59443140029907226562 0.86557734012603759766 0.68689024448394775391 0.31500592827796936035 0.57363259792327880859 0.42689234018325805664 0.60372775793075561523 0.48569914698600769043 0.70290005207061767578 0.68835318088531494141 1.7799662351608276367 1.0271037817001342773 1.2090831995010375977 1.5619269609451293945 1.5324892997741699219 1.4994540214538574219 1.6608407497406005859 1.2408908605575561523 2.2940537929534912109 3.5739874839782714844 3.2116465568542480469 3.2609882354736328125 3.3996894359588623047 2.5962550640106201172 2.4815158843994140625 3.0707049369812011719 3.5244565010070800781 4.13806915283203125 4.4539899826049804688 3.9753975868225097656 3.7381420135498046875 5.1797347068786621094 6.9673490524291992188 6.7206583023071289062
1.5482652187347412109 1.4289381504058837891 0.92930084466934204102 0.61205178499221801758 0.32450562715530395508 0.31819188594818115234 1.3325295448303222656 1.0577048063278198242 0.15908187627792358398 1.0804238319396972656 1.0495330095291137695 0.83522135019302368164 0.114742279052734375 0.2624098658561706543 0.67123526334762573242 0.54930567741394042969 1.3498919010162353516 1.1113632917404174805 1.289311528205871582 1.8212686777114868164 1.7253997325897216797 1.4331851005554199219 2.1296246051788330078 1.5908110141754150391 1.4977470636367797852 1.9720017910003662109 2.5564098358154296875 3.7263352870941162109 3.6305062770843505859 3.3841910362243652344 3.8668298721313476562 4.0158357620239257812 3.05501556396484375 3.5937225818634033203 4.4539780616760253906 4.638744354248046875 4.0955142974853515625 5.1850862503051757812 6.8800077438354492188 5.7094507217407226562
0.78780627250671386719 1.309170842170715332 0.89151185750961303711 1.0271004438400268555 0.063616782426834106445 0.50911098718643188477 1.5719332695007324219 0.69785177707672119141 0.67120593786239624023 1.4831727743148803711 1.5301939249038696289 1.666933894157409668 1.3916188478469848633 0.54465365409851074219 1.0672154426574707031 1.0766600370407104492 1.3666601181030273438 1.4121856689453125 1.8365015983581542969 1.4356507062911987305 1.5593322515487670898 1.7524752616882324219 2.6751112937927246094 3.2907741069793701172 3.0007581710815429688 2.49878692626953125 2.0206573009490966797 2.5229368209838867188 2.8395798206329345703 1.9407049417495727539 2.3083484172821044922 3.768795013427734375 2.1682360172271728516 2.0776822566986083984 3.8160784244537353516 5.4605665206909179688 5.7286524772644042969 5.671222686767578125 6.2400450706481933594 5.1963520050048828125
1.2679249048233032227 1.8529590368270874023 0.76895421743392944336 1.3814023733139038086 0.74485564231872558594 0.33825930953025817871 1.2982892990112304688 0.70434397459030151367 0.79799652099609375 1.440587162971496582 1.2619316577911376953 0.18000388145446777344 1.4014115333557128906 1.1494166851043701172 1.5959072113037109375 1.1708000898361206055 1.8011760711669921875 2.2907531261444091797 2.8629980087280273438 2.1775529384613037109 1.8835562467575073242 1.7017990350723266602 1.2290254831314086914 1.421825408935546875 2.3179755210876464844 2.3755323886871337891 2.7269551753997802734 2.1988103389739990234 2.0304036140441894531 2.2807984352111816406 2.2098295688629150391 3.0831596851348876953 2.7774791717529296875 3.3925464153289794922 4.2044930458068847656 5.4913868904113769531 6.3664340972900390625 6.3414897918701171875 5.6003580093383789062 5.4438366889953613281
