wildfire/work/fuelmodels/1947/slope.asc
ncols        478
nrows        328
xllcorner    188655.000000000000
yllcorner    458505.000000000000
cellsize     5.000000000000
NODATA_value   -999
[rows 270 to 287 of 328, columns 0 to 39 of 478]
0 7.5194406509399414062 7.5404896736145019531 4.31224822998046875 3.7993764877319335938 1.8902579545974731445 3.1746220588684082031 3.4434015750885009766 2.7262132167816162109 3.4054696559906005859 3.7704169750213623047 3.2741332054138183594 5.0440230369567871094 3.8468060493469238281 0.94923168420791625977 5.3610253334045410156 4.5214385986328125 3.5751321315765380859 3.5329091548919677734 3.5903580188751220703 3.9134371280670166016 3.4701364040374755859 2.1976606845855712891 1.2998459339141845703 2.7269470691680908203 4.6762156486511230469 4.2319073677062988281 2.3242878913879394531 0.45224240422248840332 0.96300172805786132812 2.2271711826324462891 3.0324387550354003906 2.5465061664581298828 2.1988222599029541016 1.2408918142318725586 0.71505087614059448242 1.114086151123046875 1.147206425666809082 1.5357875823974609375 1.7963702678680419922
0 4.007781982421875 6.7060651779174804688 5.9121031761169433594 3.7891345024108886719 2.9336352348327636719 1.9218411445617675781 2.3772118091583251953 2.2325983047485351562 1.3506536483764648438 3.8733613491058349609 4.3937516212463378906 6.5190005302429199219 1.8824692964553833008 2.7367701530456542969 6.0099654197692871094 4.7128615379333496094 1.6378459930419921875 2.3772268295288085938 2.2781398296356201172 2.3275461196899414062 2.0559098720550537109 1.3529086112976074219 1.2667393684387207031 3.1269764900207519531 6.8528051376342773438 8.79965972900390625 7.8306536674499511719 4.8728108406066894531 1.4122091531753540039 2.7891192436218261719 4.2734460830688476562 2.2960369586944580078 1.9027879238128662109 1.2478061914443969727 1.0325078964233398438 1.4691013097763061523 1.3890608549118041992 1.565480351448059082 1.5667829513549804688
0 3.288478851318359375 3.2992179393768310547 5.84125518798828125 5.9090223312377929688 3.1172490119934082031 2.0234088897705078125 3.6594650745391845703 3.8983013629913330078 4.0752363204956054688 3.6427278518676757812 6.7941408157348632812 7.77155303955078125 4.694427490234375 4.4250016212463378906 5.5591173171997070312 2.7970588207244873047 0.12728205323219299316 0.74007743597030639648 1.0948315858840942383 2.084484100341796875 1.6681495904922485352 1.3945193290710449219 1.9796744585037231445 4.1295132637023925781 4.9230413436889648438 7.3844776153564453125 10.069171905517578125 10.480316162109375 6.4791741371154785156 4.9515376091003417969 4.1822147369384765625 1.9735218286514282227 1.1356810331344604492 1.3517731428146362305 1.4570089578628540039 1.0466349124908447266 1.2869336605072021484 1.2826231718063354492 0.97399723529815673828
0 2.9977161884307861328 1.4538694620132446289 1.4089636802673339844 2.5042278766632080078 2.8610365390777587891 2.5741455554962158203 3.5871148109436035156 4.6917209625244140625 4.3951177597045898438 2.4977717399597167969 5.0011944770812988281 8.7801570892333984375 8.3113908767700195312 4.3947858810424804688 2.9194650650024414062 0.42689234018325805664 0.97138035297393798828 0.53340125083923339844 1.6978920698165893555 2.0876359939575195312 1.5534784793853759766 1.8982703685760498047 2.4987773895263671875 1.9017353057861328125 2.0121335983276367188 0.66895759105682373047 4.1097645759582519531 9.6333189010620117188 10.255218505859375 8.9157009124755859375 5.6902728080749511719 2.426486968994140625 1.3184237480163574219 1.3118865489959716797 1.1208884716033935547 1.1330009698867797852 1.9727528095245361328 0.99912816286087036133 0.70650476217269897461
0 2.8010318279266357422 1.5354532003402709961 1.0226533412933349609 0.98842394351959228516 1.9809461832046508789 2.0932025909423828125 2.3048412799835205078 2.5259618759155273438 2.1849613189697265625 1.9809461832046508789 2.3950107097625732422 4.2337956428527832031 7.3626999855041503906 6.5823740959167480469 3.0349242687225341797 0.89603209495544433594 0.35146307945251464844 1.7785463333129882812 2.4841556549072265625 0.668212890625 0.41851273179054260254 1.1031334400177001953 0.89092153310775756836 0.41365513205528259277 1.2445690631866455078 2.5678515434265136719 2.3153471946716308594 4.7346301078796386719 6.9541430473327636719 5.7228517532348632812 4.9297161102294921875 3.7820651531219482422 1.9583609104156494141 1.3814023733139038086 1.2538660764694213867 1.9383544921875 2.1296362876892089844 1.2607208490371704102 0.77484029531478881836
0 2.740283966064453125 2.4643366336822509766 1.4175552129745483398 0.83277583122253417969 0.54000586271286010742 0.74009883403778076172 1.1172707080841064453 1.3536449670791625977 1.3802900314331054688 1.4093230962753295898 1.2841780185699462891 1.4957211017608642578 3.3115873336791992188 5.6222634315490722656 6.0583167076110839844 4.0473833084106445312 2.1222488880157470703 2.3543365001678466797 1.7980798482894897461 0.715061187744140625 1.0388654470443725586 1.6979184150695800781 1.8773663043975830078 0.12728205323219299316 1.8988058567047119141 3.9184703826904296875 2.6633512973785400391 1.0576968193054199219 2.5640933513641357422 2.2696681022644042969 2.4348261356353759766 2.8237116336822509766 1.5936778783798217773 1.6223162412643432617 1.6378355026245117188 1.5433582067489624023 0.29336518049240112305 0.99861532449722290039 0.25653937458992004395
0 1.4349623918533325195 2.1317718029022216797 1.3714720010757446289 0.48152142763137817383 0.45560231804847717285 0.57363998889923095703 0.73253226280212402344 0.92768043279647827148 0.74282515048980712891 0.7448711395263671875 0.62758791446685791016 0.74487847089767456055 1.5155673027038574219 3.1294050216674804688 5.5844273567199707031 6.4361753463745117188 4.9336733818054199219 3.7596828937530517578 2.1893618106842041016 1.3872411251068115234 2.3396964073181152344 0.9044526219367980957 1.712454676628112793 1.2703177928924560547 3.5638141632080078125 3.2124412059783935547 0.38315406441688537598 1.5390980243682861328 1.9500688314437866211 1.6702489852905273438 2.2223732471466064453 2.7616174221038818359 0.93581122159957885742 1.2044616937637329102 1.1699225902557373047 0.49702116847038269043 0.87371945381164550781 0.68319165706634521484 0.74009364843368530273
0 1.4763151407241821289 1.6476978063583374023 1.5248817205429077148 0.56919914484024047852 0.63399970531463623047 0.47302922606468200684 0.4280770719051361084 0.48466485738754272461 0.35575655102729797363 0.52186787128448486328 0.90446197986602783203 1.187984466552734375 1.28694915771484375 1.4913288354873657227 3.1746270656585693359 5.9168047904968261719 7.5276670455932617188 7.2268466949462890625 5.1190385818481445312 2.2414247989654541016 1.8521498441696166992 2.1638121604919433594 2.7269620895385742188 3.6527001857757568359 4.0192370414733886719 0.76431256532669067383 1.2762868404388427734 0.74282091856002807617 0.71149986982345581055 2.0825371742248535156 3.3311989307403564453 3.9125437736511230469 2.7113361358642578125 2.3485376834869384766 2.1191594600677490234 1.9518913030624389648 1.7980707883834838867 1.7245321273803710938 2.3153471946716308594
0 3.7186188697814941406 2.9396564960479736328 2.2132580280303955078 1.8469339609146118164 1.9070569276809692383 1.5325146913528442383 1.3529086112976074219 0.78587448596954345703 0.044992443174123764038 0.114725455641746521 0.43280762434005737305 0.86147594451904296875 1.0181893110275268555 1.1140857934951782227 1.4800876379013061523 3.0217504501342773438 4.6485247611999511719 5.691616058349609375 6.8604283332824707031 5.7389254570007324219 3.3091487884521484375 1.565507054328918457 2.7130224704742431641 4.3260312080383300781 2.1150836944580078125 1.0766534805297851562 0.81308531761169433594 0.75901329517364501953 1.0874276161193847656 1.2955832481384277344 2.3950173854827880859 4.2550940513610839844 5.5500421524047851562 5.3711595535278320312 4.11212158203125 3.5841722488403320312 3.6787478923797607422 3.8440430164337158203 4.0133299827575683594
0 4.4321780204772949219 3.9134526252746582031 3.1808228492736816406 2.7573869228363037109 3.0728392601013183594 3.0728490352630615234 2.3485541343688964844 1.9142010211944580078 1.5719332695007324219 1.2376074790954589844 1.2115886211395263672 1.3367115259170532227 1.2412877082824707031 1.2473888397216796875 1.247402191162109375 1.5603159666061401367 1.1190658807754516602 1.311862945556640625 4.1336507797241210938 6.0291838645935058594 5.3576335906982421875 3.9287538528442382812 3.9681439399719238281 3.1438958644866943359 0.99915093183517456055 1.5275464057922363281 1.6799409389495849609 1.8455578088760375977 1.6060304641723632812 1.4711838960647583008 1.9727652072906494141 3.3231668472290039062 4.3225412368774414062 4.7464566230773925781 4.8262133598327636719 4.7699842453002929688 4.7566323280334472656 4.5233197212219238281 4.3027567863464355469
0 4.9609036445617675781 4.6425566673278808594 4.6415753364562988281 4.1161599159240722656 3.7158913612365722656 3.7489080429077148438 3.6792931556701660156 3.2588312625885009766 2.7351047992706298828 1.9924169778823852539 1.8600347042083740234 1.9801858663558959961 1.3707374334335327148 0.93581289052963256836 0.83277821540832519531 1.0364269018173217773 1.3107131719589233398 0.99098730087280273438 0.94922924041748046875 2.8840985298156738281 4.4562349319458007812 4.5865578651428222656 3.7251152992248535156 1.1811255216598510742 0.40500652790069580078 0.8597087860107421875 1.5774091482162475586 1.8090064525604248047 2.1191453933715820312 2.3032939434051513672 2.4397950172424316406 2.3101167678833007812 1.9425383806228637695 2.0532007217407226562 3.1322979927062988281 4.2833495140075683594 4.0624647140502929688 2.3754982948303222656 2.3465878963470458984
0 5.4009952545166015625 4.693450927734375 4.03052520751953125 3.3303084373474121094 2.4550840854644775391 2.3740038871765136719 3.2201130390167236328 3.2901544570922851562 2.4845788478851318359 2.1988103389739990234 2.2086834907531738281 2.1717329025268554688 2.1466555595397949219 2.1374416351318359375 2.0223913192749023438 1.67208099365234375 1.5495698451995849609 1.3260644674301147461 1.0147055387496948242 0.69493627548217773438 1.6226410865783691406 2.1038212776184082031 1.4489768743515014648 1.1673046350479125977 0.51404947042465209961 0.9884173274040222168 1.3294876813888549805 2.0973060131072998047 2.5490705966949462891 2.5449035167694091797 2.3908083438873291016 1.9931865930557250977 1.7648309469223022461 1.7599492073059082031 1.9228862524032592773 1.4940378665924072266 3.3678774833679199219 0.90502339601516723633 1.7286342382431030273
0 3.9324796199798583984 3.4210124015808105469 2.5733704566955566406 2.1374595165252685547 1.4957478046417236328 1.0691264867782592773 1.5822004079818725586 2.4912800788879394531 2.3958759307861328125 2.1939637660980224609 2.1562952995300292969 1.7221883535385131836 1.3091762065887451172 1.0186986923217773438 1.4444404840469360352 1.1581884622573852539 0.79801726341247558594 1.2115863561630249023 0.99860918521881103516 0.81495451927185058594 0.96771913766860961914 0.76432573795318603516 1.046630859375 1.4739007949829101562 1.6910461187362670898 1.7017877101898193359 1.6476978063583374023 1.8204450607299804688 1.8532347679138183594 2.1074264049530029297 2.4503469467163085938 2.496952056884765625 2.5389242172241210938 2.5018100738525390625 2.0932114124298095703 2.0630316734313964844 3.2746019363403320312 2.0304133892059326172 1.9068021774291992188
0 2.6722557544708251953 2.8705563545227050781 2.3465976715087890625 2.1296217441558837891 1.5936845541000366211 0.85380345582962036133 0.82974141836166381836 1.9375823736190795898 2.1775510311126708984 2.2391643524169921875 2.4888455867767333984 2.157009124755859375 1.4903116226196289062 0.87544596195220947266 0.79737806320190429688 1.0804266929626464844 1.6254500150680541992 1.7405923604965209961 1.5696947574615478516 0.81311243772506713867 0.70291221141815185547 0.56294333934783935547 0.13119785487651824951 0.61781668663024902344 1.2445559501647949219 1.5515309572219848633 1.6599494218826293945 1.5619397163391113281 1.4666996002197265625 1.559019923210144043 1.9911489486694335938 2.333621978759765625 2.3301532268524169922 2.1146075725555419922 1.7286221981048583984 2.9073228836059570312 1.8411729335784912109 2.2223758697509765625 1.6510697603225708008
0 1.9778954982757568359 2.7900006771087646484 2.2685639858245849609 1.9302464723587036133 1.9038472175598144531 1.5908226966857910156 1.2920507192611694336 1.8974754810333251953 1.9477192163467407227 2.0425837039947509766 2.8183329105377197266 2.6679112911224365234 1.5305150747299194336 0.34270021319389343262 0.80118060111999511719 2.0063343048095703125 2.4120588302612304688 2.2196421623229980469 2.0363545417785644531 1.2522743940353393555 0.72559452056884765625 0.84546720981597900391 0.28814083337783813477 0.80118203163146972656 1.2978976964950561523 1.4831521511077880859 1.905976414680480957 1.8320736885070800781 0.6442973017692565918 1.1772638559341430664 1.8279271125793457031 0.75431245565414428711 0.71505087614059448242 1.5377681255340576172 2.4831459522247314453 3.9104733467102050781 1.5754919052124023438 1.7359434366226196289 1.3378298282623291016
0 1.4093288183212280273 2.1057345867156982422 2.3678436279296875 2.1506705284118652344 1.9534268379211425781 1.9817090034484863281 1.9842779636383056641 2.1914422512054443359 2.0912587642669677734 1.898817896842956543 2.4546902179718017578 3.1758892536163330078 2.7740297317504882812 1.8279439210891723633 1.5225498676300048828 0.88005739450454711914 0.19356943666934967041 0.66211849451065063477 1.849661707878112793 2.2160108089447021484 1.1879614591598510742 1.6657240390777587891 1.9134161472320556641 2.0725791454315185547 1.821284174919128418 1.5834935903549194336 1.7286208868026733398 1.2115815877914428711 1.209071040153503418 0.70074796676635742188 1.5088548660278320312 1.5908244848251342773 2.2196478843688964844 2.6584136486053466797 2.4692618846893310547 2.4179308414459228516 1.1140983104705810547 2.296932220458984375 0.84064531326293945312
0 0.70434397459030151367 1.0061810016632080078 1.8160036802291870117 1.9725328683853149414 1.5936975479125976562 1.8098441362380981445 2.2043244838714599609 2.4196009635925292969 2.1731209754943847656 2.0835282802581787109 2.1654348373413085938 2.6420032978057861328 3.0700347423553466797 2.1914350986480712891 0.58673334121704101562 1.140568852424621582 2.2625248432159423828 2.3015389442443847656 1.6304063796997070312 2.229877471923828125 1.421831965446472168 0.77680200338363647461 1.3423935174942016602 1.7524818181991577148 1.6129487752914428711 1.2006893157958984375 0.64350658655166625977 0.30187112092971801758 0.58670699596405029297 0.4136504828929901123 0.55569487810134887695 0.92274200916290283203 0.60539931058883666992 0.88006663322448730469 1.2607188224792480469 1.2826119661331176758 2.3039710521697998047 1.736811518669128418 0.71150195598602294922
0 0.54185980558395385742 0.41365793347358703613 0.89997339248657226562 1.3861496448516845703 1.2290210723876953125 1.5716316699981689453 2.1038141250610351562 2.4227323532104492188 2.2940537929534912109 2.2228491306304931641 2.0953869819641113281 1.5324892997741699219 1.5357954502105712891 1.8447316884994506836 1.7828090190887451172 1.9155126810073852539 1.8157044649124145508 1.7691259384155273438 1.7335841655731201172 1.4977470636367797852 1.5088738203048706055 0.57363528013229370117 0.9358227849006652832 1.6510697603225708008 1.6608555316925048828 1.3696346282958984375 0.71150195598602294922 0.521884918212890625 0.98020482063293457031 0.94013690948486328125 0.26238927245140075684 0.54928386211395263672 0.97138428688049316406 1.2445625066757202148 1.7980680465698242188 0.68319165706634521484 2.0153892040252685547 1.965308070182800293 1.4374012947082519531
