wildfire/work/fuelmodels/1947/slope.asc
ncols        478
nrows        328
xllcorner    188655.000000000000
yllcorner    458505.000000000000
cellsize     5.000000000000
NODATA_value   -999
[rows 90 to 107 of 328, columns 200 to 239 of 478]
3.1877894401550292969 3.2237303256988525391 3.9401798248291015625 4.5530114173889160156 4.98815155029296875 4.9474530220031738281 4.4793715476989746094 4.0954976081848144531 3.6611297130584716797 3.8193924427032470703 4.5147299766540527344 4.9283728599548339844 4.9210009574890136719 4.8653502464294433594 4.6115932464599609375 4.0631961822509765625 4.0146837234497070312 4.3946566581726074219 4.8341503143310546875 4.9931159019470214844 4.7936301231384277344 4.646472930908203125 4.1954913139343261719 3.6511745452880859375 3.5620810985565185547 3.8404784202575683594 3.9638128280639648438 4.2283163070678710938 4.056732177734375 3.3841843605041503906 2.6911292076110839844 2.1466729640960693359 2.2533595561981201172 3.8776545524597167969 5.2057366371154785156 5.0259227752685546875 4.2433381080627441406 3.3977491855621337891 2.7789354324340820312 4.829559326171875
2.9616000652313232422 3.2050199508666992188 3.8374428749084472656 4.0568423271179199219 4.1238641738891601562 4.2971072196960449219 4.0790705680847167969 3.65435791015625 3.3696689605712890625 3.550731658935546875 3.9413325786590576172 4.2711873054504394531 4.3246150016784667969 4.0323901176452636719 3.432811737060546875 3.0617959499359130859 3.3079254627227783203 3.6511819362640380859 3.9961695671081542969 4.3754382133483886719 4.5401434898376464844 4.5401325225830078125 4.4101314544677734375 4.1591162681579589844 4.1972928047180175781 4.3521962165832519531 4.4711594581604003906 4.31352996826171875 3.5307614803314208984 2.8615827560424804688 2.6849162578582763672 3.1269590854644775391 3.7472991943359375 3.7436718940734863281 3.2901611328125 3.1515970230102539062 2.0774292945861816406 1.736803889274597168 3.3170721530914306641 5.2974820137023925781
3.23751068115234375 3.4635746479034423828 3.4868280887603759766 3.8936383724212646484 4.4660830497741699219 4.3661031723022460938 3.9339091777801513672 3.6010365486145019531 3.3534336090087890625 3.4562695026397705078 3.5746915340423583984 3.2289073467254638672 2.4749891757965087891 2.0053248405456542969 1.8902492523193359375 1.9186893701553344727 2.0472869873046875 2.3223364353179931641 2.8747956752777099609 3.3875987529754638672 4.1293759346008300781 4.6128907203674316406 4.8229718208312988281 4.9496011734008789062 4.9250006675720214844 4.8629755973815917969 4.4941334724426269531 3.6693947315216064453 2.7740101814270019531 2.0063235759735107422 1.3427568674087524414 2.0987601280212402344 3.9575638771057128906 4.4380764961242675781 3.8634276390075683594 2.9042000770568847656 2.3935565948486328125 3.7348902225494384766 5.4740123748779296875 5.5693526268005371094
3.1300330162048339844 2.9253609180450439453 3.1050825119018554688 3.8887245655059814453 4.4253482818603515625 4.1294012069702148438 3.70174407958984375 3.3965702056884765625 3.0259418487548828125 2.7749373912811279297 2.4847834110260009766 1.7406027317047119141 1.0062001943588256836 0.54094791412353515625 0.090002030134201049805 0.60541272163391113281 0.93147921562194824219 1.0538527965545654297 1.6657240390777587891 2.4087009429931640625 3.3433172702789306641 4.3391866683959960938 4.7525048255920410156 4.8720722198486328125 4.7025570869445800781 4.2511730194091796875 3.53820037841796875 3.1229333877563476562 2.2461600303649902344 0.82789820432662963867 2.2305777072906494141 5.5853261947631835938 6.62985992431640625 6.5695319175720214844 5.7023782730102539062 4.3281264305114746094 3.598384857177734375 5.1578974723815917969 4.6311349868774414062 3.9851653575897216797
2.5765087604522705078 2.7923798561096191406 3.5050704479217529297 3.9000089168548583984 3.7473199367523193359 3.2640964984893798828 2.750041961669921875 2.3950355052947998047 2.0951616764068603516 1.6535372734069824219 0.86557382345199584961 0.2845833897590637207 1.2502446174621582031 1.2090831995010375977 0.91169321537017822266 1.1140978336334228516 0.98844230175018310547 0.76496475934982299805 0.51305949687957763672 1.2826180458068847656 1.9924280643463134766 2.7262213230133056641 3.3351538181304931641 3.6710431575775146484 3.6474409103393554688 3.0591535568237304688 2.4519968032836914062 1.438826441764831543 1.9789190292358398438 0.90503752231597900391 7.3831338882446289062 7.9381694793701171875 6.4654116630554199219 5.9123640060424804688 5.7173867225646972656 6.1358828544616699219 5.3909125328063964844 4.9296936988830566406 4.2150411605834960938 3.9850239753723144531
2.7174968719482421875 3.1321434974670410156 3.2075552940368652344 3.0497236251831054688 2.6644983291625976562 2.2714507579803466797 2.1595747470855712891 2.2714507579803466797 2.1114916801452636719 1.381394505500793457 0.67498391866683959961 1.0695768594741821289 1.5978249311447143555 1.1140983104705810547 0.74009364843368530273 1.0822893381118774414 1.2090953588485717773 1.2107431888580322266 1.3091599941253662109 1.2951812744140625 1.2607188224792480469 1.3499039411544799805 1.6547578573226928711 1.7785605192184448242 1.7406047582626342773 1.6260710954666137695 1.3813897371292114258 2.2271628379821777344 3.3019616603851318359 5.01639556884765625 8.7614374160766601562 3.4667651653289794922 2.2043359279632568359 2.2452502250671386719 2.385929107666015625 4.4440922737121582031 4.1829543113708496094 3.5273227691650390625 3.6947710514068603516 3.7639908790588378906
2.6881113052368164062 2.8326213359832763672 2.5425076484680175781 2.3083467483520507812 2.157009124755859375 2.0502412319183349609 2.0740349292755126953 2.1569995880126953125 2.0776822566986083984 1.5642049312591552734 1.2587038278579711914 1.6012936830520629883 1.6501784324645996094 0.76960295438766479492 0.48152142763137817383 0.76894819736480712891 0.86849099397659301758 0.9985987544059753418 1.6910380125045776367 1.8257213830947875977 1.1244925260543823242 0.87545341253280639648 1.0359386205673217773 0.84545993804931640625 0.70290005207061767578 0.60539865493774414062 1.6226332187652587891 2.8331677913665771484 2.4937176704406738281 8.123046875 7.4879517555236816406 2.3125116825103759766 2.3935568332672119141 1.7830849885940551758 0.48569914698600769043 1.3366944789886474609 1.4597514867782592773 1.2982839345932006836 2.2640922069549560547 2.4776437282562255859
2.5425140857696533203 2.4890444278717041016 2.2407400608062744141 2.0571331977844238281 1.8290448188781738281 1.7570884227752685547 1.7887631654739379883 1.6657133102416992188 2.1191389560699462891 1.9624841213226318359 1.5667774677276611328 1.8886569738388061523 1.8974924087524414062 0.71503418684005737305 0.61454480886459350586 1.0112106800079345703 1.1208802461624145508 1.5354520082473754883 1.8982640504837036133 1.8932023048400878906 1.5195658206939697266 1.0261232852935791016 0.73252904415130615234 0.89320266246795654297 1.2392679452896118164 1.0934675931930541992 1.8551272153854370117 2.4780406951904296875 7.4094972610473632812 8.1124477386474609375 5.6537175178527832031 2.8107914924621582031 2.4651663303375244141 1.9642831087112426758 1.6060204505920410156 2.0951435565948486328 2.7180399894714355469 2.8183157444000244141 3.9127833843231201172 3.6362047195434570312
2.2649941444396972656 2.0033133029937744141 1.8452979326248168945 1.8179467916488647461 1.9228862524032592773 2.2714338302612304688 2.2049913406372070312 1.9320720434188842773 2.3398797512054443359 2.4464104175567626953 2.0539286136627197266 1.9624806642532348633 2.1400790214538574219 1.5599880218505859375 1.4739185571670532227 1.7955302000045776367 2.0842354297637939453 2.5104773044586181641 2.3396914005279541016 2.0718388557434082031 1.7570803165435791016 0.91834789514541625977 0.71504062414169311523 1.0246289968490600586 2.1865901947021484375 2.3399074077606201172 5.5264887809753417969 8.4991436004638671875 7.9472661018371582031 5.1864476203918457031 4.3126049041748046875 3.4561450481414794922 3.3546569347381591797 3.5565729141235351562 4.00034332275390625 4.0298948287963867188 4.1600866317749023438 5.210010528564453125 6.1428747177124023438 5.2600693702697753906
1.8271100521087646484 1.5115633010864257812 1.5806224346160888672 1.9931758642196655273 2.3301436901092529297 2.4002854824066162109 2.1972022056579589844 2.2856771945953369141 2.4886372089385986328 2.69487762451171875 2.6179740428924560547 2.3257989883422851562 2.4385569095611572266 2.3334105014801025391 2.5753333568572998047 3.0284316539764404297 3.2092938423156738281 3.1784491539001464844 2.9828739166259765625 2.8615827560424804688 2.4063985347747802734 1.8835511207580566406 1.5551031827926635742 1.8824630975723266602 4.9998617172241210938 8.8021526336669921875 9.5054178237915039062 7.6739325523376464844 6.2655482292175292969 5.9995622634887695312 5.2551631927490234375 4.3088445663452148438 4.5401482582092285156 4.9772329330444335938 5.3793153762817382812 5.237789154052734375 5.1551532745361328125 5.3452105522155761719 4.612895965576171875 3.8578054904937744141
1.8019975423812866211 1.8496628999710083008 2.0647339820861816406 2.3485324382781982422 2.1824138164520263672 1.7121651172637939453 1.6260772943496704102 2.3334290981292724609 2.8961756229400634766 2.9279510974884033203 2.7994239330291748047 2.6456365585327148438 3.1167786121368408203 3.3275847434997558594 3.6984741687774658203 4.1275529861450195312 4.0399193763732910156 3.9825241565704345703 3.9115064144134521484 3.5811848640441894531 3.3205761909484863281 3.1269769668579101562 3.3478662967681884766 5.6076526641845703125 8.7089900970458984375 8.5126886367797851562 6.5370364189147949219 5.0989217758178710938 5.437541961669921875 5.2891116142272949219 4.1161599159240722656 3.1366467475891113281 3.42101287841796875 3.6805131435394287109 3.5896489620208740234 3.6655516624450683594 4.0773534774780273438 3.9843983650207519531 3.3005623817443847656 2.5646882057189941406
1.8334479331970214844 2.116512298583984375 2.3301539421081542969 2.2052462100982666016 1.9500722885131835938 2.0922534465789794922 2.4760158061981201172 2.9170510768890380859 3.5053377151489257812 3.7607731819152832031 3.8213887214660644531 3.8102734088897705078 4.2308435440063476562 4.8571534156799316406 5.1316199302673339844 4.847904205322265625 4.6641259193420410156 4.6811594963073730469 4.2682261466979980469 3.8990883827209472656 3.5341999530792236328 3.10898590087890625 5.2216029167175292969 8.9005193710327148438 7.7309398651123046875 4.8224596977233886719 4.2727293968200683594 4.3419842720031738281 3.7630503177642822266 2.3048388957977294922 1.7918735742568969727 1.2425332069396972656 1.3080118894577026367 2.6241328716278076172 1.9260605573654174805 1.6424791812896728516 1.9511002302169799805 2.3347074985504150391 2.4447665214538574219 2.2271625995635986328
2.6999406814575195312 2.6790764331817626953 2.514926910400390625 2.4618742465972900391 2.3103208541870117188 2.3669877052307128906 2.6433446407318115234 2.9451594352722167969 3.4425046443939208984 3.9386496543884277344 4.5428118705749511719 4.8603563308715820312 5.079578399658203125 5.5500330924987792969 5.840488433837890625 5.7641315460205078125 5.6297669410705566406 4.9921808242797851562 4.4340929985046386719 4.3153996467590332031 4.2522473335266113281 4.9857268333435058594 7.4905667304992675781 6.9718995094299316406 3.7294611930847167969 2.9894435405731201172 3.0964305400848388672 3.5128221511840820312 3.3586974143981933594 2.6108105182647705078 2.3334052562713623047 1.2998547554016113281 0.32760864496231079102 2.4304544925689697266 3.7563323974609375 1.295164942741394043 1.669352412223815918 2.02040863037109375 1.6363005638122558594 1.6874608993530273438
2.8804171085357666016 2.7905430793762207031 2.6728281974792480469 2.5072724819183349609 2.4890537261962890625 2.6911191940307617188 2.7038671970367431641 2.8644034862518310547 3.3134064674377441406 3.5030162334442138672 3.9631774425506591797 4.7431502342224121094 5.3816556930541992188 5.7076158523559570312 5.9946246147155761719 6.2910890579223632812 6.0057516098022460938 5.4429965019226074219 5.0147829055786132812 4.5915255546569824219 5.2519092559814453125 7.0230660438537597656 7.07485198974609375 4.3762507438659667969 3.1256697177886962891 3.243595123291015625 2.9881038665771484375 3.2201297283172607422 3.3959581851959228516 3.0931730270385742188 3.0244119167327880859 1.9417399168014526367 1.4349623918533325195 1.3547699451446533203 3.9799680709838867188 2.5293474197387695312 1.9979919195175170898 2.1717319488525390625 1.6681396961212158203 1.260706782341003418
2.0244119167327880859 1.9842779636383056641 2.3859262466430664062 2.4443576335906982422 2.6739752292633056641 3.0111842155456542969 2.9120109081268310547 2.8592770099639892578 3.0616269111633300781 3.2317144870758056641 3.9290151596069335938 4.7120103836059570312 5.2253665924072265625 5.8173418045043945312 6.2570195198059082031 5.9546065330505371094 5.3917741775512695312 5.1246662139892578125 4.6973185539245605469 4.8157505989074707031 5.9821758270263671875 5.9009470939636230469 4.6499333381652832031 3.7417657375335693359 3.46372222900390625 3.0789277553558349609 2.8459956645965576172 2.9036672115325927734 2.7667186260223388672 2.9071586132049560547 3.4354519844055175781 2.8945910930633544922 1.9417538642883300781 1.9438335895538330078 3.1782650947570800781 3.0217504501342773438 2.2696719169616699219 1.8011661767959594727 1.0971533060073852539 1.196032404899597168
1.9593917131423950195 2.3243074417114257812 2.6570982933044433594 2.8763751983642578125 3.0222353935241699219 2.9906408786773681641 2.8587617874145507812 2.9377679824829101562 3.3175313472747802734 3.8457562923431396484 4.4015603065490722656 4.7051520347595214844 5.1843976974487304688 5.8693742752075195312 5.6498699188232421875 4.8586149215698242188 4.3188123703002929688 3.9290399551391601562 4.2354898452758789062 5.854869842529296875 6.2100720405578613281 4.7495341300964355469 3.7928493022918701172 3.1644001007080078125 2.4629011154174804688 2.0563910007476806641 1.6154367923736572266 1.4013994932174682617 1.5512105226516723633 2.68190765380859375 3.8999931812286376953 4.1531567573547363281 3.3546364307403564453 2.0620255470275878906 1.5834804773330688477 2.5696451663970947266 2.8258385658264160156 1.794403076171875 0.75900000333786010742 0.87777602672576904297
2.3439950942993164062 3.1907961368560791016 3.4858155250549316406 3.2256147861480712891 2.9113144874572753906 2.7900114059448242188 2.8224437236785888672 3.3122003078460693359 3.8718044757843017578 4.1323347091674804688 4.3975391387939453125 4.8336338996887207031 5.3895220756530761719 5.2882595062255859375 4.5908722877502441406 4.2802824974060058594 3.7654416561126708984 4.2179126739501953125 6.1855516433715820312 6.4545221328735351562 4.9297089576721191406 4.1249980926513671875 3.4426715373992919922 2.8821914196014404297 2.6557629108428955078 2.0951435565948486328 1.2885141372680664062 0.39359724521636962891 1.4909965991973876953 1.1249499320983886719 2.6433424949645996094 3.1618430614471435547 3.1196980476379394531 1.3978006839752197266 0.92766964435577392578 1.4625562429428100586 2.8748116493225097656 2.4246089458465576172 1.4841798543930053711 1.1806991100311279297
2.3912198543548583984 3.0277636051177978516 3.0728302001953125 3.1040971279144287109 3.1049237251281738281 3.1801838874816894531 3.3874602317810058594 3.6977818012237548828 3.8003115653991699219 3.7501368522644042969 4.1132187843322753906 4.5659542083740234375 4.4170970916748046875 4.0003266334533691406 3.6706244945526123047 3.4984107017517089844 3.7153477668762207031 5.1763105392456054688 5.7881746292114257812 4.4303307533264160156 3.2611343860626220703 3.0472230911254882812 3.2435967922210693359 3.2251601219177246094 2.6739687919616699219 2.2052462100982666016 2.2341971397399902344 2.0980381965637207031 2.0083537101745605469 1.0804120302200317383 1.7207120656967163086 2.4790618419647216797 3.7295992374420166016 4.3761324882507324219 4.272037506103515625 3.4984252452850341797 3.2630131244659423828 1.8234994411468505859 1.5654898881912231445 1.9604095220565795898
