wildfire/work/fuelmodels/1848/ahn1.asc
ncols        307
nrows        283
xllcorner    176085.000000000000
yllcorner    475320.000000000000
cellsize     5.000000000000
NODATA_value   -999
[rows 126 to 143 of 283, columns 82 to 122 of 307]
25.309999465942382812 25.340000152587890625 25.340000152587890625 25.31999969482421875 25.340000152587890625 25.299999237060546875 25.20999908447265625 25.190000534057617188 25.239999771118164062 25.25 25.260000228881835938 25.129999160766601562 25.1399993896484375 25.260000228881835938 25.20999908447265625 25.06999969482421875 25.030000686645507812 24.950000762939453125 24.45999908447265625 24.600000381469726562 24.93000030517578125 25.149999618530273438 25.379999160766601562 25.409999847412109375 25.420000076293945312 25.450000762939453125 25.549999237060546875 25.520000457763671875 25.56999969482421875 25.719999313354492188 25.649999618530273438 25.70999908447265625 25.770000457763671875 25.8600006103515625 26.170000076293945312 26.20999908447265625 26.270000457763671875 26.260000228881835938 26.409999847412109375 26.5 26.899999618530273438
25.350000381469726562 25.299999237060546875 25.379999160766601562 25.280000686645507812 25.31999969482421875 25.280000686645507812 25.190000534057617188 25.25 25.229999542236328125 25.20999908447265625 25.18000030517578125 25.18000030517578125 25.159999847412109375 25.239999771118164062 25.229999542236328125 25.120000839233398438 25.020000457763671875 24.81999969482421875 24.469999313354492188 24.520000457763671875 24.920000076293945312 25.100000381469726562 25.29000091552734375 25.350000381469726562 25.479999542236328125 25.409999847412109375 25.450000762939453125 25.45999908447265625 25.530000686645507812 25.559999465942382812 25.629999160766601562 25.760000228881835938 25.739999771118164062 25.879999160766601562 26.030000686645507812 26.120000839233398438 26.200000762939453125 26.229999542236328125 26.329999923706054688 26.520000457763671875 26.79000091552734375
25.340000152587890625 25.29000091552734375 25.239999771118164062 25.340000152587890625 25.309999465942382812 25.329999923706054688 25.170000076293945312 25.29000091552734375 25.20999908447265625 25.270000457763671875 25.20999908447265625 25.229999542236328125 25.270000457763671875 25.239999771118164062 25.309999465942382812 25.18000030517578125 25.049999237060546875 24.879999160766601562 24.469999313354492188 24.340000152587890625 24.969999313354492188 25.190000534057617188 25.280000686645507812 25.370000839233398438 25.379999160766601562 25.3899993896484375 25.340000152587890625 25.469999313354492188 25.520000457763671875 25.530000686645507812 25.54000091552734375 25.659999847412109375 25.739999771118164062 25.829999923706054688 25.989999771118164062 26.059999465942382812 26.18000030517578125 26.190000534057617188 26.309999465942382812 26.489999771118164062 26.719999313354492188
25.280000686645507812 25.270000457763671875 25.3600006103515625 25.329999923706054688 25.29000091552734375 25.29000091552734375 25.170000076293945312 25.29000091552734375 25.260000228881835938 25.29000091552734375 25.239999771118164062 25.239999771118164062 25.270000457763671875 25.219999313354492188 25.260000228881835938 25.219999313354492188 25.04000091552734375 24.899999618530273438 24.5 24.440000534057617188 25.059999465942382812 25.120000839233398438 25.260000228881835938 25.260000228881835938 25.31999969482421875 25.3600006103515625 25.409999847412109375 25.450000762939453125 25.450000762939453125 25.579999923706054688 25.54000091552734375 25.719999313354492188 25.670000076293945312 25.809999465942382812 26 25.989999771118164062 26.04000091552734375 26.120000839233398438 26.20999908447265625 26.399999618530273438 26.649999618530273438
25.329999923706054688 25.350000381469726562 25.409999847412109375 25.3600006103515625 25.409999847412109375 25.20999908447265625 25.190000534057617188 25.29000091552734375 25.219999313354492188 25.29000091552734375 25.260000228881835938 25.219999313354492188 25.219999313354492188 25.25 25.170000076293945312 25.1399993896484375 25.049999237060546875 24.95999908447265625 24.559999465942382812 24.440000534057617188 25.450000762939453125 25.04000091552734375 25.219999313354492188 25.340000152587890625 25.239999771118164062 25.350000381469726562 25.379999160766601562 25.440000534057617188 25.450000762939453125 25.489999771118164062 25.530000686645507812 25.549999237060546875 25.590000152587890625 25.770000457763671875 25.950000762939453125 25.969999313354492188 26.06999969482421875 26.090000152587890625 26.129999160766601562 26.260000228881835938 26.56999969482421875
25.31999969482421875 25.29000091552734375 25.29000091552734375 25.260000228881835938 25.299999237060546875 25.270000457763671875 25.190000534057617188 25.200000762939453125 25.229999542236328125 25.260000228881835938 25.260000228881835938 25.219999313354492188 25.159999847412109375 25.120000839233398438 25.1100006103515625 25.170000076293945312 25.010000228881835938 24.979999542236328125 24.590000152587890625 24.31999969482421875 25.510000228881835938 25.06999969482421875 25.280000686645507812 25.31999969482421875 25.31999969482421875 25.43000030517578125 25.309999465942382812 25.43000030517578125 25.409999847412109375 25.510000228881835938 25.45999908447265625 25.54000091552734375 25.620000839233398438 25.700000762939453125 25.870000839233398438 25.989999771118164062 26.020000457763671875 26.030000686645507812 26.18000030517578125 26.270000457763671875 26.340000152587890625
25.29000091552734375 25.450000762939453125 25.329999923706054688 25.159999847412109375 25.239999771118164062 25.229999542236328125 25.20999908447265625 25.219999313354492188 25.25 25.299999237060546875 25.25 25.200000762939453125 25.120000839233398438 25.190000534057617188 25.120000839233398438 25.18000030517578125 25.04000091552734375 24.950000762939453125 24.579999923706054688 24.600000381469726562 25.059999465942382812 25.1100006103515625 25.229999542236328125 25.3600006103515625 25.329999923706054688 25.31999969482421875 25.370000839233398438 25.399999618530273438 25.45999908447265625 25.489999771118164062 25.469999313354492188 25.559999465942382812 25.590000152587890625 25.670000076293945312 25.870000839233398438 25.899999618530273438 25.950000762939453125 26.030000686645507812 25.969999313354492188 26.229999542236328125 26.620000839233398438
25.29000091552734375 25.299999237060546875 25.29000091552734375 25.270000457763671875 25.29000091552734375 25.18000030517578125 25.190000534057617188 25.20999908447265625 25.270000457763671875 25.329999923706054688 25.239999771118164062 25.190000534057617188 25.159999847412109375 25.129999160766601562 25.1399993896484375 25.129999160766601562 25.04000091552734375 24.95999908447265625 24.54000091552734375 24.43000030517578125 25 25.059999465942382812 25.229999542236328125 25.3600006103515625 25.299999237060546875 25.280000686645507812 25.350000381469726562 25.399999618530273438 25.469999313354492188 25.440000534057617188 25.399999618530273438 25.489999771118164062 25.5 25.719999313354492188 25.829999923706054688 25.8600006103515625 25.95999908447265625 25.940000534057617188 26 26.170000076293945312 26.629999160766601562
25.31999969482421875 25.31999969482421875 25.25 25.280000686645507812 25.309999465942382812 25.219999313354492188 25.18000030517578125 25.219999313354492188 25.25 25.309999465942382812 25.20999908447265625 25.260000228881835938 25.129999160766601562 25.1399993896484375 25.1399993896484375 25.1100006103515625 25.06999969482421875 24.920000076293945312 24.600000381469726562 24.299999237060546875 25.049999237060546875 25.100000381469726562 25.20999908447265625 25.3899993896484375 25.280000686645507812 25.229999542236328125 25.29000091552734375 25.299999237060546875 25.409999847412109375 25.420000076293945312 25.370000839233398438 25.469999313354492188 25.469999313354492188 25.6399993896484375 25.79000091552734375 25.870000839233398438 25.870000839233398438 25.870000839233398438 25.920000076293945312 26.059999465942382812 26.620000839233398438
25.29000091552734375 25.29000091552734375 25.379999160766601562 25.25 25.299999237060546875 25.239999771118164062 25.190000534057617188 25.280000686645507812 25.280000686645507812 25.270000457763671875 25.239999771118164062 25.1399993896484375 25.18000030517578125 25.159999847412109375 25.149999618530273438 25.1399993896484375 25.04000091552734375 24.950000762939453125 24.520000457763671875 24.200000762939453125 24.81999969482421875 25.06999969482421875 25.18000030517578125 25.239999771118164062 25.350000381469726562 25.329999923706054688 25.31999969482421875 25.350000381469726562 25.399999618530273438 25.469999313354492188 25.350000381469726562 25.43000030517578125 25.5 25.659999847412109375 25.799999237060546875 25.799999237060546875 25.840000152587890625 25.840000152587890625 25.909999847412109375 26.059999465942382812 26.600000381469726562
25.260000228881835938 25.299999237060546875 25.309999465942382812 25.309999465942382812 25.29000091552734375 25.229999542236328125 25.200000762939453125 25.229999542236328125 25.229999542236328125 25.260000228881835938 25.229999542236328125 25.18000030517578125 25.170000076293945312 25.149999618530273438 25.1100006103515625 25.129999160766601562 25.079999923706054688 24.870000839233398438 24.520000457763671875 24.350000381469726562 25.06999969482421875 25.04000091552734375 25.18000030517578125 25.309999465942382812 25.309999465942382812 25.31999969482421875 25.239999771118164062 25.340000152587890625 25.3899993896484375 25.3899993896484375 25.329999923706054688 25.370000839233398438 25.620000839233398438 25.600000381469726562 25.770000457763671875 25.809999465942382812 25.840000152587890625 25.829999923706054688 25.870000839233398438 26.010000228881835938 26.489999771118164062
25.25 25.29000091552734375 25.299999237060546875 25.29000091552734375 25.270000457763671875 25.159999847412109375 25.159999847412109375 25.229999542236328125 25.229999542236328125 25.219999313354492188 25.190000534057617188 25.18000030517578125 25.100000381469726562 25.129999160766601562 25.120000839233398438 25.1100006103515625 25.030000686645507812 24.739999771118164062 24.479999542236328125 24.579999923706054688 24.809999465942382812 24.950000762939453125 25.159999847412109375 25.229999542236328125 25.239999771118164062 25.25 25.239999771118164062 25.309999465942382812 25.31999969482421875 25.379999160766601562 25.280000686645507812 25.3899993896484375 25.5 25.590000152587890625 25.780000686645507812 25.75 25.79000091552734375 25.829999923706054688 25.940000534057617188 26.04000091552734375 26.479999542236328125
25.299999237060546875 25.260000228881835938 25.3600006103515625 25.260000228881835938 25.29000091552734375 25.159999847412109375 25.149999618530273438 25.190000534057617188 25.149999618530273438 25.200000762939453125 25.129999160766601562 25.18000030517578125 25.120000839233398438 25.06999969482421875 25.120000839233398438 25.129999160766601562 25.100000381469726562 24.809999465942382812 24.520000457763671875 24.54000091552734375 24.629999160766601562 25.020000457763671875 25.1399993896484375 25.270000457763671875 25.25 25.280000686645507812 25.280000686645507812 25.299999237060546875 25.340000152587890625 25.409999847412109375 25.3899993896484375 25.3600006103515625 25.450000762939453125 25.559999465942382812 25.729999542236328125 25.75 25.739999771118164062 25.780000686645507812 25.799999237060546875 25.979999542236328125 26.350000381469726562
25.200000762939453125 25.309999465942382812 25.329999923706054688 25.25 25.219999313354492188 25.239999771118164062 25.219999313354492188 25.18000030517578125 25.1100006103515625 25.20999908447265625 25.18000030517578125 25.1399993896484375 25.1399993896484375 25.100000381469726562 25.04000091552734375 25.030000686645507812 25.04000091552734375 24.8899993896484375 24.56999969482421875 24.600000381469726562 24.469999313354492188 24.979999542236328125 25.129999160766601562 25.229999542236328125 25.299999237060546875 25.340000152587890625 25.370000839233398438 25.299999237060546875 25.379999160766601562 25.43000030517578125 25.299999237060546875 25.229999542236328125 25.45999908447265625 25.549999237060546875 25.70999908447265625 25.75 25.719999313354492188 25.770000457763671875 25.809999465942382812 25.940000534057617188 26.340000152587890625
25.149999618530273438 25.270000457763671875 25.350000381469726562 25.25 25.270000457763671875 25.219999313354492188 25.170000076293945312 25.100000381469726562 25.18000030517578125 25.18000030517578125 25.170000076293945312 25.1399993896484375 25.149999618530273438 25.049999237060546875 24.969999313354492188 25.049999237060546875 25.020000457763671875 24.920000076293945312 24.6100006103515625 24.450000762939453125 25.030000686645507812 24.93000030517578125 25.100000381469726562 25.270000457763671875 25.3600006103515625 25.219999313354492188 25.3600006103515625 25.379999160766601562 25.340000152587890625 25.3600006103515625 25.299999237060546875 25.25 25.43000030517578125 25.520000457763671875 25.75 25.729999542236328125 25.799999237060546875 25.70999908447265625 25.79000091552734375 25.93000030517578125 26.29000091552734375
25.260000228881835938 25.270000457763671875 25.260000228881835938 25.260000228881835938 25.200000762939453125 25.200000762939453125 25.149999618530273438 25.149999618530273438 25.170000076293945312 25.120000839233398438 25.170000076293945312 25.100000381469726562 25.159999847412109375 25.06999969482421875 25 25.059999465942382812 24.909999847412109375 24.850000381469726562 24.579999923706054688 24.510000228881835938 25.1100006103515625 24.879999160766601562 25.049999237060546875 25.260000228881835938 25.3600006103515625 25.159999847412109375 25.370000839233398438 25.340000152587890625 25.309999465942382812 25.379999160766601562 25.299999237060546875 25.370000839233398438 25.45999908447265625 25.54000091552734375 25.670000076293945312 25.739999771118164062 25.780000686645507812 25.700000762939453125 25.809999465942382812 26.010000228881835938 26.29000091552734375
25.280000686645507812 25.270000457763671875 25.239999771118164062 25.25 25.159999847412109375 25.190000534057617188 25.090000152587890625 25.149999618530273438 25.159999847412109375 25.149999618530273438 25.170000076293945312 25.06999969482421875 25.079999923706054688 25.1100006103515625 25.06999969482421875 25.079999923706054688 24.920000076293945312 24.809999465942382812 24.590000152587890625 24.6100006103515625 24.659999847412109375 24.989999771118164062 25.149999618530273438 25.129999160766601562 25.29000091552734375 25.340000152587890625 25.29000091552734375 25.239999771118164062 25.31999969482421875 25.340000152587890625 25.280000686645507812 25.399999618530273438 25.440000534057617188 25.590000152587890625 25.690000534057617188 25.739999771118164062 25.79000091552734375 25.739999771118164062 25.8600006103515625 26.030000686645507812 26.340000152587890625
25.260000228881835938 25.280000686645507812 25.229999542236328125 25.159999847412109375 25.170000076293945312 25.159999847412109375 25.100000381469726562 25.100000381469726562 25.120000839233398438 25.1399993896484375 25.149999618530273438 25.1100006103515625 25.1100006103515625 25.1399993896484375 25 24.979999542236328125 24.879999160766601562 24.840000152587890625 24.629999160766601562 24.68000030517578125 24.799999237060546875 25.149999618530273438 26.030000686645507812 25.079999923706054688 25.229999542236328125 25.18000030517578125 25.280000686645507812 25.25 25.370000839233398438 25.3600006103515625 25.20999908447265625 25.399999618530273438 25.479999542236328125 25.559999465942382812 25.739999771118164062 25.6399993896484375 25.770000457763671875 25.809999465942382812 25.760000228881835938 26.04000091552734375 26.3899993896484375
