wildfire/work/fuelmodels/1848/ahn1.asc
ncols        307
nrows        283
xllcorner    176085.000000000000
yllcorner    475320.000000000000
cellsize     5.000000000000
NODATA_value   -999
[rows 72 to 89 of 283, columns 41 to 81 of 307]
33.840000152587890625 33.229999542236328125 33.15000152587890625 32.81999969482421875 32.520000457763671875 32.3600006103515625 32.34999847412109375 32.159999847412109375 31.760000228881835938 31.590000152587890625 31.030000686645507812 31.18000030517578125 31.079999923706054688 31.29000091552734375 30.530000686645507812 30.420000076293945312 30.31999969482421875 30.049999237060546875 29.659999847412109375 29.54000091552734375 29.450000762939453125 29.129999160766601562 29.170000076293945312 28.8899993896484375 28.760000228881835938 28.56999969482421875 28.399999618530273438 28.350000381469726562 28.20999908447265625 27.920000076293945312 27.93000030517578125 27.8899993896484375 27.670000076293945312 27.510000228881835938 27.600000381469726562 27.670000076293945312 27.620000839233398438 27.350000381469726562 27.340000152587890625 27.309999465942382812 27.299999237060546875
33.470001220703125 33.090000152587890625 33 32.6399993896484375 32.490001678466796875 32.520000457763671875 32.619998931884765625 32.060001373291015625 31.95999908447265625 31.620000839233398438 31.030000686645507812 31.079999923706054688 31.149999618530273438 31.1100006103515625 30.54000091552734375 30.409999847412109375 30.149999618530273438 29.950000762939453125 29.780000686645507812 29.5 29.260000228881835938 29.200000762939453125 29.18000030517578125 28.940000534057617188 28.68000030517578125 28.5 28.489999771118164062 28.229999542236328125 28.1399993896484375 27.940000534057617188 27.8600006103515625 27.75 27.70999908447265625 27.590000152587890625 27.590000152587890625 27.600000381469726562 27.600000381469726562 27.620000839233398438 27.280000686645507812 27.3600006103515625 27.18000030517578125
33.310001373291015625 32.970001220703125 32.84999847412109375 32.799999237060546875 32.490001678466796875 32.159999847412109375 31.899999618530273438 31.950000762939453125 31.690000534057617188 31.43000030517578125 31.079999923706054688 31.04000091552734375 30.829999923706054688 31.079999923706054688 30.530000686645507812 30.229999542236328125 30.059999465942382812 29.899999618530273438 29.469999313354492188 29.350000381469726562 29.340000152587890625 29.030000686645507812 28.979999542236328125 28.8600006103515625 28.899999618530273438 28.600000381469726562 28.420000076293945312 28.18000030517578125 28.020000457763671875 27.969999313354492188 27.93000030517578125 27.629999160766601562 27.70999908447265625 27.6399993896484375 27.600000381469726562 27.530000686645507812 27.469999313354492188 27.43000030517578125 27.18000030517578125 27.239999771118164062 27.260000228881835938
33.409999847412109375 32.970001220703125 32.779998779296875 32.619998931884765625 32.3600006103515625 32.020000457763671875 31.920000076293945312 31.840000152587890625 31.940000534057617188 31.979999542236328125 31.159999847412109375 30.760000228881835938 30.659999847412109375 30.659999847412109375 30.329999923706054688 30.229999542236328125 29.899999618530273438 29.780000686645507812 29.31999969482421875 29.309999465942382812 29.200000762939453125 29.20999908447265625 28.829999923706054688 28.690000534057617188 28.75 28.45999908447265625 28.229999542236328125 28.129999160766601562 28.030000686645507812 27.979999542236328125 27.75 27.600000381469726562 27.690000534057617188 27.629999160766601562 27.620000839233398438 27.56999969482421875 27.479999542236328125 27.20999908447265625 27.260000228881835938 27.229999542236328125 27.229999542236328125
33.439998626708984375 32.93000030517578125 32.770000457763671875 32.520000457763671875 32.549999237060546875 32.1100006103515625 31.690000534057617188 31.770000457763671875 31.68000030517578125 31.5 31.030000686645507812 30.780000686645507812 30.780000686645507812 30.510000228881835938 29.8899993896484375 30.049999237060546875 29.75 29.530000686645507812 29.379999160766601562 29.29000091552734375 29.079999923706054688 28.870000839233398438 28.75 28.620000839233398438 28.399999618530273438 28.260000228881835938 28.190000534057617188 28.1100006103515625 28 27.8600006103515625 27.809999465942382812 27.719999313354492188 27.579999923706054688 27.549999237060546875 27.600000381469726562 27.629999160766601562 27.600000381469726562 27.659999847412109375 27.270000457763671875 27.299999237060546875 27.120000839233398438
33.369998931884765625 32.93000030517578125 32.799999237060546875 32.529998779296875 32.6699981689453125 32.1399993896484375 31.770000457763671875 31.659999847412109375 31.79000091552734375 31.469999313354492188 31.04000091552734375 30.809999465942382812 30.620000839233398438 30.510000228881835938 29.8600006103515625 29.829999923706054688 29.81999969482421875 29.440000534057617188 29.440000534057617188 29.719999313354492188 29.229999542236328125 29.1100006103515625 28.6100006103515625 28.579999923706054688 28.420000076293945312 28.31999969482421875 28.190000534057617188 27.770000457763671875 27.879999160766601562 27.700000762939453125 27.700000762939453125 27.700000762939453125 27.6399993896484375 27.68000030517578125 27.56999969482421875 27.629999160766601562 27.620000839233398438 27.5 27.309999465942382812 27.229999542236328125 27.049999237060546875
33.229999542236328125 32.689998626708984375 32.59999847412109375 32.4199981689453125 32.259998321533203125 32.09999847412109375 31.739999771118164062 31.629999160766601562 31.549999237060546875 31.229999542236328125 31.020000457763671875 30.56999969482421875 30.409999847412109375 29.989999771118164062 29.56999969482421875 29.70999908447265625 29.670000076293945312 29.489999771118164062 29.489999771118164062 29.239999771118164062 29.079999923706054688 28.8899993896484375 28.549999237060546875 28.489999771118164062 28.340000152587890625 28.340000152587890625 28.059999465942382812 27.690000534057617188 27.56999969482421875 27.590000152587890625 27.719999313354492188 27.56999969482421875 27.700000762939453125 27.75 27.549999237060546875 27.54000091552734375 27.70999908447265625 27.350000381469726562 27.590000152587890625 27.56999969482421875 26.989999771118164062
32.939998626708984375 32.8899993896484375 32.520000457763671875 32.09999847412109375 32.1100006103515625 32.029998779296875 31.659999847412109375 31.659999847412109375 31.43000030517578125 31.370000839233398438 31.04000091552734375 30.56999969482421875 30.479999542236328125 30.29000091552734375 29.879999160766601562 29.770000457763671875 29.649999618530273438 29.409999847412109375 29.299999237060546875 29.260000228881835938 28.950000762939453125 28.739999771118164062 28.68000030517578125 28.29000091552734375 28.1100006103515625 28.149999618530273438 28.100000381469726562 27.95999908447265625 27.8600006103515625 27.770000457763671875 27.700000762939453125 27.600000381469726562 27.54000091552734375 27.6100006103515625 27.54000091552734375 27.379999160766601562 27.770000457763671875 27.440000534057617188 27.559999465942382812 27.350000381469726562 26.879999160766601562
32.799999237060546875 32.799999237060546875 32.68000030517578125 32.299999237060546875 32.189998626708984375 31.979999542236328125 31.719999313354492188 31.489999771118164062 31.270000457763671875 31.270000457763671875 31.159999847412109375 30.659999847412109375 30.520000457763671875 30.420000076293945312 29.8899993896484375 29.579999923706054688 29.3899993896484375 29.260000228881835938 29.280000686645507812 29.379999160766601562 29.219999313354492188 28.469999313354492188 28.370000839233398438 28.229999542236328125 28.049999237060546875 28.229999542236328125 28.090000152587890625 28.059999465942382812 27.870000839233398438 27.79000091552734375 27.629999160766601562 27.56999969482421875 27.510000228881835938 27.590000152587890625 27.739999771118164062 27.3899993896484375 27.559999465942382812 27.370000839233398438 27.219999313354492188 27.329999923706054688 26.920000076293945312
32.8600006103515625 32.729999542236328125 32.270000457763671875 32.200000762939453125 32 31.840000152587890625 31.579999923706054688 31.579999923706054688 31.159999847412109375 31.1100006103515625 30.979999542236328125 30.629999160766601562 30.329999923706054688 30.020000457763671875 29.729999542236328125 29.25 29.1100006103515625 29.1100006103515625 29.090000152587890625 29.54000091552734375 29.18000030517578125 28.70999908447265625 28.420000076293945312 28.020000457763671875 28.049999237060546875 27.95999908447265625 27.850000381469726562 27.840000152587890625 27.629999160766601562 27.719999313354492188 27.590000152587890625 27.670000076293945312 27.70999908447265625 27.659999847412109375 27.659999847412109375 27.450000762939453125 27.059999465942382812 27.350000381469726562 27.489999771118164062 27.149999618530273438 26.909999847412109375
32.90000152587890625 32.65000152587890625 32.25 32.220001220703125 31.8899993896484375 31.700000762939453125 31.549999237060546875 31.020000457763671875 31.1399993896484375 31.020000457763671875 30.909999847412109375 30.3899993896484375 30.260000228881835938 30.049999237060546875 29.6399993896484375 29.659999847412109375 29.190000534057617188 29.219999313354492188 29.059999465942382812 29.04000091552734375 29.04000091552734375 28.559999465942382812 28.600000381469726562 28.239999771118164062 28.010000228881835938 28 27.799999237060546875 27.840000152587890625 27.799999237060546875 27.75 27.700000762939453125 27.79000091552734375 27.780000686645507812 27.70999908447265625 27.399999618530273438 27.29000091552734375 27.090000152587890625 26.989999771118164062 26.899999618530273438 26.70999908447265625 26.659999847412109375
32.590000152587890625 32.490001678466796875 32.240001678466796875 31.850000381469726562 31.739999771118164062 31.690000534057617188 31.6399993896484375 31.340000152587890625 30.829999923706054688 30.81999969482421875 30.739999771118164062 30.3899993896484375 30.010000228881835938 29.95999908447265625 29.81999969482421875 29.6399993896484375 29.340000152587890625 29.31999969482421875 29.659999847412109375 29.329999923706054688 29.18000030517578125 29.049999237060546875 29.31999969482421875 28.729999542236328125 27.93000030517578125 27.989999771118164062 27.79000091552734375 27.760000228881835938 27.79000091552734375 27.649999618530273438 27.729999542236328125 27.469999313354492188 27.729999542236328125 27.489999771118164062 27.3600006103515625 27.3899993896484375 27.120000839233398438 26.920000076293945312 26.979999542236328125 27.049999237060546875 26.530000686645507812
32.54000091552734375 32.56999969482421875 32.270000457763671875 31.81999969482421875 31.600000381469726562 31.510000228881835938 31.5 31.3600006103515625 30.909999847412109375 30.809999465942382812 30.840000152587890625 30.329999923706054688 29.879999160766601562 29.940000534057617188 29.940000534057617188 29.549999237060546875 29.479999542236328125 29.239999771118164062 29.299999237060546875 29.370000839233398438 29.030000686645507812 29.06999969482421875 29.010000228881835938 28.670000076293945312 28.159999847412109375 28.1100006103515625 27.989999771118164062 27.809999465942382812 27.649999618530273438 27.56999969482421875 27.559999465942382812 27.590000152587890625 27.75 27.379999160766601562 27.299999237060546875 27.280000686645507812 27.090000152587890625 27.1399993896484375 26.979999542236328125 27.06999969482421875 26.8899993896484375
32.3300018310546875 32.34999847412109375 32.34999847412109375 31.879999160766601562 31.489999771118164062 31.219999313354492188 31.030000686645507812 30.979999542236328125 30.850000381469726562 30.760000228881835938 30.56999969482421875 30.31999969482421875 29.850000381469726562 29.79000091552734375 29.799999237060546875 29.340000152587890625 29.270000457763671875 29.090000152587890625 29.379999160766601562 29.159999847412109375 28.920000076293945312 29.049999237060546875 28.280000686645507812 28.090000152587890625 27.850000381469726562 28.04000091552734375 27.840000152587890625 27.719999313354492188 27.719999313354492188 27.739999771118164062 27.5 27.549999237060546875 27.559999465942382812 27.29000091552734375 27.200000762939453125 27.260000228881835938 27.090000152587890625 27.04000091552734375 27.090000152587890625 26.8899993896484375 26.879999160766601562
32.06999969482421875 32.270000457763671875 32.1100006103515625 31.799999237060546875 31.510000228881835938 31.219999313354492188 31.030000686645507812 30.850000381469726562 30.559999465942382812 30.18000030517578125 29.649999618530273438 29.799999237060546875 29.649999618530273438 29.75 29.729999542236328125 29.3600006103515625 29.280000686645507812 28.829999923706054688 28.659999847412109375 28.450000762939453125 28.299999237060546875 28.45999908447265625 28.04000091552734375 27.95999908447265625 27.81999969482421875 27.8600006103515625 27.840000152587890625 27.79000091552734375 27.840000152587890625 27.81999969482421875 27.700000762939453125 27.520000457763671875 27.450000762939453125 27.450000762939453125 27.309999465942382812 27.31999969482421875 27.149999618530273438 26.879999160766601562 27.1399993896484375 26.969999313354492188 26.850000381469726562
32.279998779296875 32.0800018310546875 32.119998931884765625 31.54000091552734375 31.25 31.219999313354492188 31.030000686645507812 30.8600006103515625 30.530000686645507812 30.18000030517578125 30.04000091552734375 30.059999465942382812 29.850000381469726562 29.579999923706054688 29.479999542236328125 29.229999542236328125 29.489999771118164062 28.850000381469726562 28.559999465942382812 28.31999969482421875 28.239999771118164062 28.29000091552734375 28.239999771118164062 28.090000152587890625 28.1399993896484375 27.879999160766601562 27.829999923706054688 27.75 27.79000091552734375 27.799999237060546875 27.809999465942382812 27.56999969482421875 27.409999847412109375 27.670000076293945312 27.590000152587890625 27.3899993896484375 27.3899993896484375 27.350000381469726562 27.909999847412109375 26.989999771118164062 26.8899993896484375
32.4199981689453125 31.700000762939453125 31.56999969482421875 31.340000152587890625 31.29000091552734375 31.079999923706054688 30.70999908447265625 30.6399993896484375 30.469999313354492188 30.170000076293945312 29.899999618530273438 30.170000076293945312 29.670000076293945312 29.409999847412109375 29.299999237060546875 29.149999618530273438 29.350000381469726562 28.79000091552734375 28.5 28.260000228881835938 28.25 28.299999237060546875 28.31999969482421875 28.1399993896484375 27.93000030517578125 27.8600006103515625 27.829999923706054688 27.829999923706054688 27.799999237060546875 27.760000228881835938 27.899999618530273438 27.829999923706054688 27.450000762939453125 27.6399993896484375 27.469999313354492188 27.370000839233398438 27.239999771118164062 27.200000762939453125 27.350000381469726562 27.06999969482421875 27.030000686645507812
32.3600006103515625 32.029998779296875 31.510000228881835938 31.450000762939453125 31.29000091552734375 31.06999969482421875 30.700000762939453125 30.600000381469726562 30.479999542236328125 30 29.8899993896484375 29.920000076293945312 29.56999969482421875 29.229999542236328125 29.120000839233398438 29.129999160766601562 28.670000076293945312 28.590000152587890625 28.6100006103515625 28.18000030517578125 28.030000686645507812 28.030000686645507812 28.1399993896484375 28.090000152587890625 27.93000030517578125 27.75 27.840000152587890625 27.850000381469726562 28.010000228881835938 27.850000381469726562 27.70999908447265625 27.70999908447265625 27.670000076293945312 27.559999465942382812 27.5 27.1399993896484375 27.239999771118164062 27.1100006103515625 27.1100006103515625 26.95999908447265625 26.93000030517578125
