wildfire/work/fuelmodels/1848/ahn1.asc
ncols        307
nrows        283
xllcorner    176085.000000000000
yllcorner    475320.000000000000
cellsize     5.000000000000
NODATA_value   -999
[rows 36 to 53 of 283, columns 123 to 163 of 307]
25.979999542236328125 26.100000381469726562 26.030000686645507812 26.020000457763671875 25.969999313354492188 25.870000839233398438 25.93000030517578125 25.770000457763671875 25.70999908447265625 25.56999969482421875 25.6399993896484375 25.629999160766601562 25.690000534057617188 25.530000686645507812 25.3600006103515625 25.399999618530273438 25.379999160766601562 25.3899993896484375 25.309999465942382812 25.260000228881835938 25.170000076293945312 25.149999618530273438 25.06999969482421875 25.06999969482421875 25.090000152587890625 25.059999465942382812 25.090000152587890625 25.020000457763671875 25.059999465942382812 25.1100006103515625 25.030000686645507812 25.219999313354492188 25.20999908447265625 25.20999908447265625 25.350000381469726562 25.450000762939453125 25.399999618530273438 25.329999923706054688 24.850000381469726562 24.719999313354492188 24.670000076293945312
26.010000228881835938 26.1399993896484375 26.149999618530273438 26.159999847412109375 26.049999237060546875 25.93000030517578125 25.799999237060546875 25.879999160766601562 25.840000152587890625 25.739999771118164062 25.719999313354492188 25.68000030517578125 25.690000534057617188 25.520000457763671875 25.43000030517578125 25.379999160766601562 25.31999969482421875 25.479999542236328125 25.370000839233398438 25.29000091552734375 25.229999542236328125 25.29000091552734375 25.239999771118164062 25.299999237060546875 25.229999542236328125 25.159999847412109375 25.219999313354492188 25.20999908447265625 25.280000686645507812 25.299999237060546875 25.3600006103515625 25.45999908447265625 25.469999313354492188 25.309999465942382812 25.379999160766601562 25.31999969482421875 25.29000091552734375 25.219999313354492188 24.940000534057617188 24.719999313354492188 24.600000381469726562
26.170000076293945312 26.229999542236328125 26.190000534057617188 26.1399993896484375 26.06999969482421875 26.049999237060546875 26.010000228881835938 25.920000076293945312 25.840000152587890625 25.739999771118164062 25.739999771118164062 25.659999847412109375 25.729999542236328125 25.659999847412109375 25.649999618530273438 25.559999465942382812 25.579999923706054688 25.620000839233398438 25.450000762939453125 25.420000076293945312 25.379999160766601562 25.370000839233398438 25.350000381469726562 25.54000091552734375 25.450000762939453125 25.479999542236328125 25.520000457763671875 25.489999771118164062 25.530000686645507812 25.559999465942382812 25.489999771118164062 25.5 25.379999160766601562 25.379999160766601562 25.31999969482421875 25.260000228881835938 25.159999847412109375 25.04000091552734375 24.95999908447265625 24.8600006103515625 24.829999923706054688
26.18000030517578125 26.090000152587890625 26.219999313354492188 26.3600006103515625 26.1100006103515625 26.04000091552734375 25.989999771118164062 25.979999542236328125 25.950000762939453125 25.879999160766601562 25.809999465942382812 25.780000686645507812 25.739999771118164062 25.70999908447265625 25.70999908447265625 25.68000030517578125 25.68000030517578125 25.579999923706054688 25.829999923706054688 25.739999771118164062 25.6399993896484375 25.469999313354492188 25.469999313354492188 25.649999618530273438 25.530000686645507812 25.590000152587890625 25.590000152587890625 25.549999237060546875 25.510000228881835938 25.510000228881835938 25.510000228881835938 25.43000030517578125 25.340000152587890625 25.239999771118164062 25.20999908447265625 25.1100006103515625 25.06999969482421875 25.030000686645507812 25 24.95999908447265625 24.93000030517578125
26.20999908447265625 26.239999771118164062 26.29000091552734375 26.219999313354492188 26.1100006103515625 26.100000381469726562 26.059999465942382812 26.020000457763671875 25.950000762939453125 25.8899993896484375 25.870000839233398438 25.850000381469726562 25.729999542236328125 25.659999847412109375 25.68000030517578125 25.659999847412109375 25.659999847412109375 25.850000381469726562 25.780000686645507812 25.75 25.700000762939453125 25.629999160766601562 25.45999908447265625 25.670000076293945312 25.600000381469726562 25.579999923706054688 25.510000228881835938 25.530000686645507812 25.579999923706054688 25.45999908447265625 25.469999313354492188 25.379999160766601562 25.31999969482421875 25.190000534057617188 25.149999618530273438 25.1100006103515625 25.059999465942382812 25.049999237060546875 25.04000091552734375 25.010000228881835938 24.940000534057617188
26.219999313354492188 26.25 26.340000152587890625 26.239999771118164062 26.200000762939453125 26.149999618530273438 26.1399993896484375 26.090000152587890625 26.049999237060546875 25.8899993896484375 25.93000030517578125 25.899999618530273438 25.760000228881835938 25.829999923706054688 25.75 25.780000686645507812 25.620000839233398438 25.950000762939453125 25.75 25.649999618530273438 25.520000457763671875 25.649999618530273438 25.56999969482421875 25.700000762939453125 25.579999923706054688 25.600000381469726562 25.469999313354492188 25.5 25.3899993896484375 25.420000076293945312 25.440000534057617188 25.409999847412109375 25.31999969482421875 25.229999542236328125 25.149999618530273438 25.06999969482421875 25.1100006103515625 25.1399993896484375 25.059999465942382812 25.010000228881835938 24.8899993896484375
26.20999908447265625 26.25 26.260000228881835938 26.29000091552734375 26.29000091552734375 26.149999618530273438 26.149999618530273438 26.20999908447265625 26.010000228881835938 25.8600006103515625 25.8600006103515625 25.950000762939453125 25.909999847412109375 25.770000457763671875 25.799999237060546875 25.879999160766601562 25.70999908447265625 25.719999313354492188 25.739999771118164062 25.780000686645507812 25.56999969482421875 25.620000839233398438 25.520000457763671875 25.68000030517578125 25.629999160766601562 25.510000228881835938 25.489999771118164062 25.450000762939453125 25.469999313354492188 25.450000762939453125 25.440000534057617188 25.399999618530273438 25.379999160766601562 25.31999969482421875 25.239999771118164062 25.1100006103515625 25.120000839233398438 25.1100006103515625 25.049999237060546875 25.020000457763671875 24.940000534057617188
26.3600006103515625 26.329999923706054688 26.340000152587890625 26.260000228881835938 26.239999771118164062 26.1100006103515625 26.149999618530273438 26.129999160766601562 26.1100006103515625 26.079999923706054688 25.989999771118164062 25.95999908447265625 25.8600006103515625 25.899999618530273438 25.850000381469726562 25.81999969482421875 25.649999618530273438 25.719999313354492188 25.68000030517578125 25.70999908447265625 25.629999160766601562 25.590000152587890625 25.520000457763671875 25.729999542236328125 25.649999618530273438 25.6100006103515625 25.5 25.450000762939453125 25.45999908447265625 25.489999771118164062 25.530000686645507812 25.43000030517578125 25.299999237060546875 25.379999160766601562 25.270000457763671875 25.200000762939453125 25.149999618530273438 25.120000839233398438 25.030000686645507812 24.920000076293945312 24.8600006103515625
26.299999237060546875 26.309999465942382812 26.299999237060546875 26.31999969482421875 26.29000091552734375 26.219999313354492188 26.200000762939453125 26.170000076293945312 26.149999618530273438 26.049999237060546875 25.989999771118164062 25.909999847412109375 25.940000534057617188 25.850000381469726562 25.850000381469726562 25.850000381469726562 25.840000152587890625 25.799999237060546875 25.739999771118164062 25.75 25.70999908447265625 25.590000152587890625 25.559999465942382812 25.780000686645507812 25.670000076293945312 25.579999923706054688 25.469999313354492188 25.520000457763671875 25.489999771118164062 25.559999465942382812 25.530000686645507812 25.469999313354492188 25.45999908447265625 25.3899993896484375 25.260000228881835938 25.190000534057617188 25.129999160766601562 25.020000457763671875 25 24.969999313354492188 24.879999160766601562
26.270000457763671875 26.18000030517578125 26.190000534057617188 26.219999313354492188 26.280000686645507812 26.190000534057617188 26.170000076293945312 26.090000152587890625 26.149999618530273438 26.090000152587890625 26.049999237060546875 26.049999237060546875 25.95999908447265625 25.93000030517578125 25.81999969482421875 25.870000839233398438 25.79000091552734375 25.68000030517578125 25.690000534057617188 25.700000762939453125 25.629999160766601562 25.670000076293945312 25.620000839233398438 25.81999969482421875 25.6100006103515625 25.600000381469726562 25.559999465942382812 25.420000076293945312 25.45999908447265625 25.469999313354492188 25.5 25.489999771118164062 25.440000534057617188 25.329999923706054688 25.219999313354492188 25.149999618530273438 25.1399993896484375 25.1100006103515625 25.030000686645507812 24.909999847412109375 24.909999847412109375
26.239999771118164062 26.18000030517578125 26.29000091552734375 26.3600006103515625 26.260000228881835938 26.270000457763671875 26.149999618530273438 26.159999847412109375 26.1399993896484375 26.100000381469726562 25.989999771118164062 25.93000030517578125 25.8899993896484375 25.8899993896484375 25.809999465942382812 25.75 25.75 25.700000762939453125 25.770000457763671875 25.670000076293945312 25.81999969482421875 25.739999771118164062 25.670000076293945312 25.590000152587890625 25.739999771118164062 25.590000152587890625 25.5 25.479999542236328125 25.520000457763671875 25.469999313354492188 25.45999908447265625 25.479999542236328125 25.420000076293945312 25.329999923706054688 25.25 25.229999542236328125 25.1399993896484375 25.06999969482421875 25 24.8899993896484375 24.780000686645507812
26.340000152587890625 26.399999618530273438 26.239999771118164062 26.29000091552734375 26.299999237060546875 26.520000457763671875 26.20999908447265625 26.219999313354492188 26.18000030517578125 26.18000030517578125 26.020000457763671875 26.010000228881835938 25.989999771118164062 25.909999847412109375 25.840000152587890625 25.829999923706054688 25.739999771118164062 25.6399993896484375 25.719999313354492188 25.68000030517578125 25.739999771118164062 25.739999771118164062 25.6399993896484375 25.579999923706054688 25.780000686645507812 25.68000030517578125 25.629999160766601562 25.489999771118164062 25.489999771118164062 25.420000076293945312 25.479999542236328125 25.56999969482421875 25.3899993896484375 25.420000076293945312 25.280000686645507812 25.239999771118164062 25.129999160766601562 25.049999237060546875 24.95999908447265625 24.989999771118164062 24.79000091552734375
26.280000686645507812 26.280000686645507812 26.299999237060546875 26.31999969482421875 26.370000839233398438 26.399999618530273438 26.299999237060546875 26.29000091552734375 26.219999313354492188 26.100000381469726562 25.8899993896484375 25.909999847412109375 25.879999160766601562 25.93000030517578125 25.760000228881835938 25.760000228881835938 25.739999771118164062 25.579999923706054688 25.780000686645507812 25.809999465942382812 25.829999923706054688 25.770000457763671875 25.620000839233398438 25.670000076293945312 25.729999542236328125 25.670000076293945312 25.600000381469726562 25.510000228881835938 25.45999908447265625 25.409999847412109375 25.450000762939453125 25.54000091552734375 25.479999542236328125 25.450000762939453125 25.31999969482421875 25.200000762939453125 25.030000686645507812 24.989999771118164062 24.909999847412109375 24.8899993896484375 24.79000091552734375
26.450000762939453125 26.3600006103515625 26.3899993896484375 26.43000030517578125 26.329999923706054688 26.31999969482421875 26.280000686645507812 26.29000091552734375 26.280000686645507812 26.219999313354492188 26.059999465942382812 25.95999908447265625 25.909999847412109375 25.840000152587890625 25.809999465942382812 25.79000091552734375 25.700000762939453125 25.829999923706054688 25.690000534057617188 25.79000091552734375 25.799999237060546875 25.850000381469726562 25.799999237060546875 25.729999542236328125 25.809999465942382812 25.760000228881835938 25.68000030517578125 25.530000686645507812 25.45999908447265625 25.43000030517578125 25.5 25.43000030517578125 25.440000534057617188 25.3899993896484375 25.3600006103515625 25.31999969482421875 25.190000534057617188 25.100000381469726562 25.020000457763671875 24.870000839233398438 24.760000228881835938
26.54000091552734375 26.45999908447265625 26.45999908447265625 26.469999313354492188 26.469999313354492188 26.54000091552734375 26.350000381469726562 26.309999465942382812 26.29000091552734375 26.170000076293945312 26.010000228881835938 25.950000762939453125 25.879999160766601562 25.850000381469726562 25.850000381469726562 25.850000381469726562 25.79000091552734375 25.8600006103515625 25.729999542236328125 25.809999465942382812 25.829999923706054688 25.8899993896484375 25.770000457763671875 25.79000091552734375 25.809999465942382812 25.760000228881835938 25.68000030517578125 25.590000152587890625 25.350000381469726562 25.479999542236328125 25.440000534057617188 25.489999771118164062 25.43000030517578125 25.370000839233398438 25.350000381469726562 25.329999923706054688 25.149999618530273438 25.059999465942382812 24.909999847412109375 24.850000381469726562 24.739999771118164062
26.54000091552734375 26.530000686645507812 26.530000686645507812 26.549999237060546875 26.559999465942382812 26.520000457763671875 26.5 26.299999237060546875 26.309999465942382812 26.219999313354492188 26.1100006103515625 25.969999313354492188 25.920000076293945312 25.840000152587890625 25.770000457763671875 25.760000228881835938 25.799999237060546875 25.81999969482421875 25.899999618530273438 25.829999923706054688 25.850000381469726562 25.969999313354492188 25.829999923706054688 25.829999923706054688 25.879999160766601562 25.81999969482421875 25.700000762939453125 25.659999847412109375 25.489999771118164062 25.45999908447265625 25.45999908447265625 25.479999542236328125 25.420000076293945312 25.329999923706054688 25.31999969482421875 25.309999465942382812 25.170000076293945312 25.059999465942382812 24.940000534057617188 24.8600006103515625 24.81999969482421875
26.56999969482421875 26.579999923706054688 26.479999542236328125 26.489999771118164062 26.5 26.469999313354492188 26.440000534057617188 26.280000686645507812 26.270000457763671875 26.18000030517578125 26.129999160766601562 25.979999542236328125 25.899999618530273438 25.8600006103515625 25.8600006103515625 25.81999969482421875 25.840000152587890625 25.850000381469726562 25.969999313354492188 25.899999618530273438 25.909999847412109375 25.909999847412109375 25.95999908447265625 25.8600006103515625 25.899999618530273438 25.780000686645507812 25.739999771118164062 25.690000534057617188 25.54000091552734375 25.479999542236328125 25.479999542236328125 25.5 25.450000762939453125 25.43000030517578125 25.329999923706054688 25.280000686645507812 25.229999542236328125 25.1399993896484375 24.979999542236328125 24.879999160766601562 24.649999618530273438
26.670000076293945312 26.549999237060546875 26.549999237060546875 26.579999923706054688 26.510000228881835938 26.5 26.520000457763671875 26.420000076293945312 26.280000686645507812 26.20999908447265625 26.100000381469726562 26.010000228881835938 25.979999542236328125 25.920000076293945312 25.899999618530273438 25.920000076293945312 25.93000030517578125 25.909999847412109375 25.899999618530273438 25.950000762939453125 25.989999771118164062 26.030000686645507812 25.989999771118164062 25.93000030517578125 25.8600006103515625 25.840000152587890625 25.780000686645507812 25.729999542236328125 25.590000152587890625 25.530000686645507812 25.530000686645507812 25.489999771118164062 25.43000030517578125 25.340000152587890625 25.350000381469726562 25.270000457763671875 25.149999618530273438 25.100000381469726562 24.81999969482421875 24.75 24.56999969482421875
