wildfire/work/fuelmodels/1848/ahn1.asc
ncols        307
nrows        283
xllcorner    176085.000000000000
yllcorner    475320.000000000000
cellsize     5.000000000000
NODATA_value   -999
[rows 108 to 125 of 283, columns 0 to 40 of 307]
35.8300018310546875 35.8300018310546875 35.869998931884765625 35.84999847412109375 35.659999847412109375 35.68000030517578125 35.529998779296875 35.520000457763671875 35.6100006103515625 35.590000152587890625 35.65000152587890625 35.740001678466796875 35.70999908447265625 35.630001068115234375 36.20999908447265625 36.1100006103515625 36.5 36.6399993896484375 36.630001068115234375 36.43000030517578125 36.240001678466796875 36.3300018310546875 36.029998779296875 36.060001373291015625 35.590000152587890625 35.3300018310546875 35.09999847412109375 34.34999847412109375 33.93000030517578125 33.6100006103515625 33.1699981689453125 32.8300018310546875 32.619998931884765625 32.340000152587890625 31.799999237060546875 31.649999618530273438 31.309999465942382812 31.030000686645507812 30.870000839233398438 30.510000228881835938 30.20999908447265625
35.799999237060546875 35.79000091552734375 35.770000457763671875 35.729999542236328125 35.740001678466796875 35.689998626708984375 35.560001373291015625 35.509998321533203125 35.509998321533203125 35.56999969482421875 35.619998931884765625 35.6399993896484375 35.590000152587890625 35.799999237060546875 35.990001678466796875 36.189998626708984375 36.529998779296875 36.6699981689453125 36.630001068115234375 36.3600006103515625 36.06999969482421875 36.229999542236328125 36.229999542236328125 35.630001068115234375 35.340000152587890625 35.1100006103515625 34.619998931884765625 33.970001220703125 33.93000030517578125 33.700000762939453125 33.43000030517578125 32.759998321533203125 32.479999542236328125 32.159999847412109375 31.6100006103515625 31.43000030517578125 31.280000686645507812 30.729999542236328125 30.700000762939453125 30.510000228881835938 30.1100006103515625
35.770000457763671875 35.68000030517578125 35.799999237060546875 35.84999847412109375 35.779998779296875 35.630001068115234375 35.490001678466796875 35.369998931884765625 35.31999969482421875 35.59999847412109375 35.56999969482421875 35.59999847412109375 35.840000152587890625 35.799999237060546875 35.8600006103515625 35.95999908447265625 36.340000152587890625 36.6100006103515625 36.70999908447265625 36.520000457763671875 36.310001373291015625 36.130001068115234375 35.81999969482421875 35.34999847412109375 35 34.5800018310546875 34.279998779296875 33.799999237060546875 33.6100006103515625 33.6699981689453125 33.700000762939453125 33.119998931884765625 32.490001678466796875 32.1100006103515625 31.600000381469726562 31.340000152587890625 31.170000076293945312 30.649999618530273438 30.549999237060546875 30.520000457763671875 30.010000228881835938
35.729999542236328125 35.81999969482421875 35.740001678466796875 35.6399993896484375 35.75 35.6699981689453125 35.34999847412109375 35.25 35.3899993896484375 35.31999969482421875 35.450000762939453125 35.659999847412109375 35.8600006103515625 35.810001373291015625 35.630001068115234375 35.9199981689453125 36.20999908447265625 36.490001678466796875 36.29000091552734375 36.04000091552734375 35.630001068115234375 36 35.6100006103515625 35.65000152587890625 34.520000457763671875 34.479999542236328125 34.159999847412109375 33.75 33.470001220703125 33.20999908447265625 33.0800018310546875 32.380001068115234375 32.1699981689453125 31.979999542236328125 31.579999923706054688 31.370000839233398438 30.940000534057617188 30.43000030517578125 30.43000030517578125 30.420000076293945312 30.010000228881835938
35.700000762939453125 35.479999542236328125 35.799999237060546875 35.779998779296875 35.59999847412109375 35.529998779296875 35.299999237060546875 35.34999847412109375 35.220001220703125 35.259998321533203125 35.3600006103515625 35.490001678466796875 35.560001373291015625 35.75 35.70999908447265625 35.68000030517578125 35.90000152587890625 36.029998779296875 36.09999847412109375 35.770000457763671875 35.299999237060546875 34.93000030517578125 35.1100006103515625 34.6399993896484375 34.520000457763671875 34.31999969482421875 34.09999847412109375 33.06999969482421875 32.939998626708984375 32.729999542236328125 32.520000457763671875 32.1399993896484375 32.09999847412109375 31.799999237060546875 31.350000381469726562 31 30.690000534057617188 30.43000030517578125 30.280000686645507812 30.379999160766601562 29.879999160766601562
35.740001678466796875 35.869998931884765625 35.56999969482421875 35.6699981689453125 35.490001678466796875 35.279998779296875 35.1699981689453125 35.200000762939453125 35.119998931884765625 35.090000152587890625 35.259998321533203125 35.3899993896484375 35.20999908447265625 35.509998321533203125 35.6699981689453125 35.560001373291015625 35.779998779296875 36.029998779296875 35.700000762939453125 35.810001373291015625 35.45999908447265625 35.31999969482421875 35.029998779296875 34.659999847412109375 34.6100006103515625 34.259998321533203125 34.049999237060546875 33.060001373291015625 32.8600006103515625 32.490001678466796875 32.04000091552734375 32.31999969482421875 31.620000839233398438 31.56999969482421875 31.090000152587890625 30.950000762939453125 30.68000030517578125 30.440000534057617188 30.170000076293945312 30.049999237060546875 29.510000228881835938
35.6399993896484375 35.5800018310546875 35.5800018310546875 35.509998321533203125 35.5 35.40000152587890625 35.159999847412109375 35.06999969482421875 35.06999969482421875 35.119998931884765625 35.200000762939453125 35.40000152587890625 35.18000030517578125 35.4199981689453125 35.439998626708984375 35.479999542236328125 35.43000030517578125 35.799999237060546875 35.659999847412109375 35.560001373291015625 35.5 34.79000091552734375 34.79000091552734375 34.689998626708984375 34.470001220703125 34.029998779296875 33.93000030517578125 33.490001678466796875 32.979999542236328125 32.40000152587890625 32.009998321533203125 31.93000030517578125 31.530000686645507812 31.260000228881835938 31.149999618530273438 30.739999771118164062 30.399999618530273438 30.309999465942382812 29.829999923706054688 29.799999237060546875 29.469999313354492188
35.54000091552734375 35.6399993896484375 35.5800018310546875 35.5 35.40000152587890625 35.200000762939453125 35.06999969482421875 34.79000091552734375 34.700000762939453125 34.8899993896484375 35.0800018310546875 35.029998779296875 35.049999237060546875 35.04000091552734375 35.4199981689453125 35.1399993896484375 35.369998931884765625 35.259998321533203125 35.34999847412109375 35.369998931884765625 35.060001373291015625 34.700000762939453125 34.689998626708984375 34.75 34.1399993896484375 34.090000152587890625 33.869998931884765625 33.439998626708984375 32.229999542236328125 32.220001220703125 31.969999313354492188 31.729999542236328125 31.370000839233398438 31.260000228881835938 30.969999313354492188 30.56999969482421875 30.469999313354492188 30.020000457763671875 29.799999237060546875 29.68000030517578125 29.309999465942382812
35.6699981689453125 35.6399993896484375 35.520000457763671875 35.259998321533203125 35.380001068115234375 35.1699981689453125 35.090000152587890625 34.9199981689453125 34.799999237060546875 34.509998321533203125 34.509998321533203125 34.68000030517578125 34.770000457763671875 34.8899993896484375 35 34.700000762939453125 35.060001373291015625 34.979999542236328125 35.06999969482421875 34.869998931884765625 34.759998321533203125 34.6399993896484375 34.380001068115234375 34.380001068115234375 33.840000152587890625 33.450000762939453125 33.439998626708984375 32.619998931884765625 32.189998626708984375 32.09999847412109375 31.969999313354492188 31.559999465942382812 31.18000030517578125 31.090000152587890625 30.739999771118164062 30.3600006103515625 30.200000762939453125 29.899999618530273438 29.68000030517578125 29.600000381469726562 29.3600006103515625
35.810001373291015625 35.59999847412109375 35.54000091552734375 35.520000457763671875 35.0800018310546875 35.04000091552734375 35.1699981689453125 34.909999847412109375 34.68000030517578125 34.6100006103515625 34.40000152587890625 34.450000762939453125 34.45999908447265625 34.520000457763671875 34.700000762939453125 34.6100006103515625 34.6399993896484375 34.560001373291015625 34.700000762939453125 34.490001678466796875 34.509998321533203125 34.340000152587890625 34.1699981689453125 34.029998779296875 33.84999847412109375 33.470001220703125 33.470001220703125 32.619998931884765625 32.220001220703125 31.95999908447265625 31.56999969482421875 31.31999969482421875 31.020000457763671875 31.020000457763671875 30.5 30.25 30 29.719999313354492188 29.440000534057617188 29.450000762939453125 29.18000030517578125
35.759998321533203125 35.520000457763671875 35.43000030517578125 35.4199981689453125 35.189998626708984375 35 34.939998626708984375 34.799999237060546875 34.439998626708984375 34.31999969482421875 34.450000762939453125 34.25 34.299999237060546875 34.439998626708984375 34.5 34.34999847412109375 34.090000152587890625 34.529998779296875 34.479999542236328125 34.43000030517578125 34.240001678466796875 33.689998626708984375 33.8899993896484375 33.81999969482421875 33.68000030517578125 33.1100006103515625 32.560001373291015625 32.6100006103515625 31.8899993896484375 31.79000091552734375 31.690000534057617188 31.239999771118164062 30.870000839233398438 30.809999465942382812 30.340000152587890625 30.079999923706054688 29.909999847412109375 29.770000457763671875 29.3600006103515625 29.31999969482421875 29.1100006103515625
35.75 35.45999908447265625 35.3600006103515625 35.29000091552734375 35.0800018310546875 34.90000152587890625 34.759998321533203125 34.56999969482421875 34.56999969482421875 34.200000762939453125 34.29000091552734375 34.240001678466796875 34.090000152587890625 34.20999908447265625 34.1399993896484375 34.200000762939453125 33.689998626708984375 33.950000762939453125 34.130001068115234375 34.229999542236328125 34.04000091552734375 33.84999847412109375 33.240001678466796875 33.45999908447265625 33.40000152587890625 33.09999847412109375 32.6399993896484375 32.340000152587890625 32.049999237060546875 31.79000091552734375 31.56999969482421875 31.079999923706054688 30.770000457763671875 30.45999908447265625 30.159999847412109375 29.909999847412109375 29.93000030517578125 29.780000686645507812 29.399999618530273438 29.159999847412109375 28.829999923706054688
35.840000152587890625 35.240001678466796875 35.279998779296875 35.119998931884765625 35.1100006103515625 34.779998779296875 34.740001678466796875 34.409999847412109375 34.529998779296875 34.15000152587890625 34 34.020000457763671875 33.9199981689453125 33.90000152587890625 33.909999847412109375 33.79000091552734375 33.520000457763671875 33.6100006103515625 33.779998779296875 33.68000030517578125 33.65000152587890625 33.54000091552734375 33.3600006103515625 33.049999237060546875 33.0800018310546875 32.84999847412109375 32.65000152587890625 32.159999847412109375 31.870000839233398438 31.260000228881835938 31.120000839233398438 31.1399993896484375 30.45999908447265625 30.5 30.129999160766601562 29.81999969482421875 29.6399993896484375 29.3899993896484375 29.280000686645507812 29.149999618530273438 28.899999618530273438
35.729999542236328125 35.43000030517578125 35.380001068115234375 34.950000762939453125 35.060001373291015625 34.549999237060546875 34.740001678466796875 34.490001678466796875 34.18000030517578125 34.090000152587890625 34.029998779296875 33.8300018310546875 33.8899993896484375 33.65000152587890625 33.68000030517578125 33.56999969482421875 33.40000152587890625 33.15000152587890625 33.4199981689453125 33.529998779296875 33.09999847412109375 33.04000091552734375 33.049999237060546875 32.689998626708984375 32.759998321533203125 32.54000091552734375 32.270000457763671875 32.04000091552734375 31.739999771118164062 31.31999969482421875 31.049999237060546875 30.770000457763671875 30.56999969482421875 30.399999618530273438 29.989999771118164062 29.770000457763671875 29.45999908447265625 29.399999618530273438 29.239999771118164062 28.879999160766601562 28.81999969482421875
35.8300018310546875 35.54000091552734375 35.409999847412109375 35.119998931884765625 34.79000091552734375 34.68000030517578125 34.65000152587890625 34.240001678466796875 33.939998626708984375 33.729999542236328125 33.840000152587890625 33.56999969482421875 33.6399993896484375 33.6399993896484375 33.590000152587890625 33.299999237060546875 33.1699981689453125 32.840000152587890625 32.54000091552734375 33.18000030517578125 32.56999969482421875 32.70999908447265625 32.630001068115234375 32.369998931884765625 32.479999542236328125 32.1699981689453125 31.79000091552734375 31.5 31.170000076293945312 31.170000076293945312 31.010000228881835938 30.670000076293945312 30.530000686645507812 30.010000228881835938 29.850000381469726562 29.6399993896484375 29.329999923706054688 29.120000839233398438 28.989999771118164062 28.799999237060546875 28.70999908447265625
35.65000152587890625 35.380001068115234375 35.240001678466796875 35.009998321533203125 34.720001220703125 34.799999237060546875 34.520000457763671875 34.380001068115234375 33.909999847412109375 33.68000030517578125 33.689998626708984375 33.5800018310546875 33.5 33.43000030517578125 33.299999237060546875 33.189998626708984375 33.0800018310546875 32.81999969482421875 32.5800018310546875 32.3600006103515625 32.279998779296875 32.200000762939453125 32.20999908447265625 31.95999908447265625 31.8600006103515625 31.719999313354492188 31.530000686645507812 31.399999618530273438 31.059999465942382812 30.950000762939453125 30.81999969482421875 30.6100006103515625 30.079999923706054688 29.940000534057617188 29.739999771118164062 29.45999908447265625 29.399999618530273438 29.06999969482421875 28.8600006103515625 28.6100006103515625 28.559999465942382812
35.619998931884765625 35.409999847412109375 35.279998779296875 34.979999542236328125 34.70999908447265625 34.720001220703125 34.270000457763671875 34.130001068115234375 33.75 33.909999847412109375 33.6399993896484375 33.3600006103515625 33.34999847412109375 33.259998321533203125 33.1399993896484375 32.95999908447265625 32.779998779296875 32.520000457763671875 32.520000457763671875 32.369998931884765625 31.93000030517578125 31.549999237060546875 31.450000762939453125 31.79000091552734375 31.5 31.3600006103515625 31.219999313354492188 31.030000686645507812 30.700000762939453125 30.45999908447265625 30.370000839233398438 30.170000076293945312 30.1399993896484375 29.879999160766601562 29.659999847412109375 29.340000152587890625 29.25 28.93000030517578125 28.809999465942382812 28.45999908447265625 28.649999618530273438
35.5 35.34999847412109375 35.159999847412109375 34.90000152587890625 34.779998779296875 34.509998321533203125 34.189998626708984375 34.200000762939453125 33.729999542236328125 33.479999542236328125 33.450000762939453125 33.380001068115234375 33.270000457763671875 33.20999908447265625 32.979999542236328125 32.75 32.490001678466796875 32.200000762939453125 32.020000457763671875 31.950000762939453125 32.009998321533203125 31.54000091552734375 31.219999313354492188 30.700000762939453125 31.020000457763671875 30.95999908447265625 30.969999313354492188 30.54000091552734375 30.399999618530273438 30.329999923706054688 30.20999908447265625 29.909999847412109375 29.75 29.850000381469726562 29.399999618530273438 29.229999542236328125 29.219999313354492188 29.079999923706054688 28.920000076293945312 28.780000686645507812 28.700000762939453125
