wildfire/work/fuelmodels/1848/slope.asc
ncols        307
nrows        283
xllcorner    176085.000000000000
yllcorner    475320.000000000000
cellsize     5.000000000000
NODATA_value   -999
[rows 90 to 107 of 283, columns 240 to 279 of 307]
0.51798200607299804688 0.60790914297103881836 0.68318915367126464844 1.059605717658996582 1.465656280517578125 1.4218373298645019531 1.0246305465698242188 0.67423522472381591797 0.87371927499771118164 1.2240631580352783203 1.3091681003570556641 1.7124562263488769531 2.41960906982421875 4.8513350486755371094 6.1100192070007324219 4.2858338356018066406 1.3828704357147216797 1.0201764106750488281 1.7799685001373291016 1.0672214031219482422 0.29335924983024597168 0.20374195277690887451 0.31338107585906982422 0.57363665103912353516 1.4122018814086914062 1.4331860542297363281 3.0192353725433349609 2.9840407371520996094 4.5636301040649414062 6.30865478515625 4.4257855415344238281 1.9320870637893676758 0.85674315690994262695 1.781668543815612793 0.3628063201904296875 0.83521860837936401367 0.769603729248046875 0.95508611202239990234 0.8112265467643737793 0.77025663852691650391
0.2012561410665512085 0.57363867759704589844 0.38841667771339416504 0.71150195598602294922 0.91114658117294311523 0.71150034666061401367 0.81123369932174682617 0.88408273458480834961 0.83277332782745361328 0.74282091856002807617 0.72628498077392578125 0.7007471919059753418 0.82973581552505493164 1.0437225103378295898 1.7440769672393798828 3.4005753993988037109 3.6312041282653808594 2.3046185970306396484 0.92766237258911132812 0.61206376552581787109 2.0679299831390380859 2.8408298492431640625 1.4666860103607177734 0.45224156975746154785 1.3118761777877807617 0.68687987327575683594 2.5259635448455810547 2.7306611537933349609 7.2139873504638671875 6.2999739646911621094 6.4782414436340332031 7.0196413993835449219 5.8262553215026855469 4.4522776603698730469 3.0302698612213134766 1.6745097637176513672 0.38316363096237182617 0.60790848731994628906 0.59783375263214111328 0.53999727964401245117
0.32761394977569580078 0.61122602224349975586 0.13119196891784667969 0.51798200607299804688 0.47728651762008666992 0.16224738955497741699 0.51010441780090332031 0.4269059300422668457 0.38315558433532714844 0.53338968753814697266 0.36280795931816101074 0.47835654020309448242 0.58065021038055419922 0.45558369159698486328 0.29336121678352355957 1.012713313102722168 1.6400061845779418945 2.7040517330169677734 2.8360240459442138672 2.1824178695678710938 2.4845700263977050781 0.82607090473175048828 1.2607198953628540039 2.4087092876434326172 2.3918519020080566406 2.491291046142578125 0.44206139445304870605 5.3444561958312988281 5.2351899147033691406 2.3225488662719726562 3.2025113105773925781 4.8357172012329101562 6.6697678565979003906 6.6811318397521972656 5.5377707481384277344 4.9458255767822265625 3.0789134502410888672 1.3999540805816650391 0.35000589489936828613 0.30019319057464599609
0.14230020344257354736 0.72138482332229614258 0.045001022517681121826 0.33824676275253295898 0.6112213134765625 0.41851785778999328613 0.54465508460998535156 0.41365841031074523926 0.55570912361145019531 0.76959919929504394531 0.60036301612854003906 0.81558060646057128906 0.86848479509353637695 0.27186042070388793945 0.38840326666831970215 0.69858157634735107422 1.214932560920715332 1.0349522829055786133 0.86439019441604614258 1.4597802162170410156 3.2442152500152587891 4.3405847549438476562 3.4635801315307617188 0.57362788915634155273 3.3251428604125976562 4.7817139625549316406 5.1469326019287109375 5.5725998878479003906 3.2025063037872314453 1.1777040958404541016 0.41366401314735412598 0.61781549453735351562 0.99098008871078491211 1.4461879730224609375 2.70667266845703125 4.6637959480285644531 5.7181792259216308594 4.7863445281982421875 1.8137552738189697266 0.57363259792327880859
0.30187496542930603027 0.60037136077880859375 0.25455752015113830566 0.28813415765762329102 0.81121850013732910156 0.46329820156097412109 0.15909036993980407715 0.78588140010833740234 1.094851374626159668 1.0576959848403930664 0.4136504828929901123 0.29336583614349365234 0.50311654806137084961 0.69493210315704345703 0.41364720463752746582 0.89659315347671508789 1.4656616449356079102 0.9965884089469909668 0.37243834137916564941 0.3935839533805847168 0.68540853261947631836 0.94442915916442871094 3.5615322589874267578 4.1868076324462890625 5.3131585121154785156 3.3996770381927490234 8.730312347412109375 3.3510320186614990234 1.3172574043273925781 0.83520793914794921875 0.94229286909103393555 0.30186918377876281738 0.27372479438781738281 0.42808970808982849121 0.2423349916934967041 1.2157611846923828125 3.7694835662841796875 6.8697924613952636719 6.6294908523559570312 5.1583776473999023438
0.71504390239715576172 0.6145413517951965332 0.35574951767921447754 0.28459697961807250977 0.85378718376159667969 0.54928773641586303711 0.24851635098457336426 0.85675263404846191406 0.5399844050407409668 1.1458950042724609375 0.91613739728927612305 0.40499797463417053223 0.31819915771484375 0.85969913005828857422 0.95349454879760742188 1.3502707481384277344 1.1841295957565307617 0.94924080371856689453 0.18554893136024475098 0.89828020334243774414 0.32760569453239440918 1.1172649860382080078 1.0422664880752563477 2.7408280372619628906 4.4349002838134765625 7.6162056922912597656 6.5756707191467285156 1.8452899456024169922 1.3141832351684570312 0.83521556854248046875 0.57364302873611450195 0.48674869537353515625 0.54929375648498535156 0.22273722290992736816 1.0127091407775878906 1.8673613071441650391 1.5208911895751953125 3.2435855865478515625 5.2490282058715820312 5.4059457778930664062
0.8112265467643737793 1.3603550195693969727 0.86555868387222290039 0.4815146028995513916 1.0305429697036743164 0.73803120851516723633 0.50310236215591430664 0.68835484981536865234 0.35999774932861328125 0.70434588193893432617 1.2810295820236206055 0.95508855581283569336 0.79036819934844970703 0.80496799945831298828 1.2727110385894775391 1.6654088497161865234 0.77680695056915283203 0.89997255802154541016 1.0860238075256347656 0.82729232311248779297 0.4730332791805267334 0.95349192619323730469 0.41852477192878723145 1.883553624153137207 1.4903099536895751953 3.5552875995635986328 2.1028540134429931641 1.1276385784149169922 1.22942352294921875 0.68540853261947631836 0.69857323169708251953 0.86146378517150878906 0.70435547828674316406 0.99098610877990722656 1.6101130247116088867 1.8781697750091552734 0.22499866783618927002 0.70290559530258178711 1.7254068851470947266 2.3823256492614746094
1.583484649658203125 2.2063956260681152344 2.5847239494323730469 0.70290559530258178711 1.0359319448471069336 0.70073616504669189453 0.22499179840087890625 0.37107548117637634277 0.44660669565200805664 0.35001197457313537598 0.87775933742523193359 0.16225333511829376221 0.31819066405296325684 0.89149546623229980469 1.0808886289596557617 1.55413055419921875 1.0971583127975463867 1.0634212493896484375 0.94603186845779418945 0.72558331489562988281 0.67423319816589355469 0.30187496542930603027 1.6477016210556030273 1.5603097677230834961 1.5796555280685424805 3.0813794136047363281 1.5357915163040161133 0.63159602880477905273 1.0672214031219482422 0.738037109375 0.61122602224349975586 0.51010477542877197266 0.27372127771377563477 0.92493665218353271484 1.0466231107711791992 1.4089640378952026367 0.4730332791805267334 1.0166999101638793945 2.5474870204925537109 2.4886445999145507812
3.1166021823883056641 0.76431280374526977539 2.5892276763916015625 2.3240733146667480469 1.6547509431838989258 1.0226472616195678711 0.6403433680534362793 0.53338390588760375977 0.54372370243072509766 0.40499365329742431641 0.62757527828216552734 0.28460514545440673828 0.68687844276428222656 1.2044689655303955078 0.54466110467910766602 0.90557277202606201172 0.82789778709411621094 0.5031096339225769043 0.41488003730773925781 0.071150146424770355225 0.25653937458992004395 1.7221803665161132812 2.2008805274963378906 1.1383554935455322266 2.7051804065704345703 2.8763825893402099609 0.91003662347793579102 1.2619266510009765625 1.2281873226165771484 0.58498930931091308594 0.41365283727645874023 0.40748181939125061035 0.17999099195003509521 0.29335793852806091309 0.28459697961807250977 0.73459851741790771484 0.75632846355438232422 1.7671368122100830078 3.1793782711029052734 2.2350964546203613281
2.608692169189453125 2.9583480358123779297 0.54928982257843017578 1.9302583932876586914 2.5163376331329345703 1.6889535188674926758 0.84245455265045166016 0.40748941898345947266 0.28637775778770446777 0.29336386919021606445 0.54928880929946899414 0.76960068941116333008 1.2178418636322021484 1.2240599393844604492 0.42452982068061828613 0.28460514545440673828 0.74486333131790161133 0.32760569453239440918 0.71505087614059448242 0.25653785467147827148 0.56652873754501342773 2.8825280666351318359 2.8741014003753662109 2.3571424484252929688 4.2840628623962402344 3.1049108505249023438 0.51405733823776245117 1.6681531667709350586 1.3536466360092163086 0.67497789859771728516 0.57626235485076904297 0.48570111393928527832 0.34418159723281860352 0 0.55570280551910400391 0.53338968753814697266 0.94496119022369384766 2.3125071525573730469 2.8360185623168945312 1.2885184288024902344
2.0063304901123046875 3.1860558986663818359 4.0143280029296875 2.1912114620208740234 1.2157611846923828125 1.7521740198135375977 1.2095006704330444336 0.82974100112915039062 0.65596634149551391602 0.61781144142150878906 0.50310236215591430664 1.14942169189453125 1.2224042415618896484 0.87372148036956787109 0.6178213953971862793 0.74009650945663452148 1.2195029258728027344 0.88005942106246948242 0.57363158464431762695 0.56384807825088500977 1.0934495925903320312 2.5040423870086669922 2.2160091400146484375 0.66896510124206542969 4.5481433868408203125 5.6988701820373535156 2.5774829387664794922 1.6012912988662719727 1.6720945835113525391 0.73252278566360473633 0.69784569740295410156 0.72137969732284545898 1.0543293952941894531 0.18554373085498809814 0.35575708746910095215 0.88636964559555053711 1.8730533123016357422 2.5480811595916748047 1.6979112625122070312 0.55570733547210693359
1.6961209774017333984 2.1447794437408447266 3.1567347049713134766 3.6714603900909423828 2.4559125900268554688 0.64428442716598510742 1.6226350069046020508 1.7221828699111938477 0.94923609495162963867 0.30019319057464599609 0.7695954442024230957 1.2841870784759521484 0.90108913183212280273 0.51011043787002563477 0.38316363096237182617 0.58412557840347290039 0.53339147567749023438 1.5208911895751953125 0.6267681121826171875 1.2107563018798828125 2.1712596416473388672 1.0422693490982055664 2.5892403125762939453 3.8682801723480224609 2.1317708492279052734 3.2350172996520996094 5.4913778305053710938 4.5142865180969238281 3.5947120189666748047 2.6231846809387207031 1.8389724493026733398 2.4227347373962402344 2.0291540622711181641 1.3172562122344970703 0.8999665379524230957 1.8022913932800292969 2.5575954914093017578 1.9624806642532348633 0.38840824365615844727 0.28814014792442321777
0.48673677444458007812 0.34270808100700378418 1.2731038331985473633 2.1967389583587646484 2.5696263313293457031 2.0363726615905761719 0.66440850496292114258 2.6092798709869384766 2.4470455646514892578 0.36279940605163574219 0.93148088455200195312 1.7842307090759277344 0.94603073596954345703 0.54744100570678710938 0.70291161537170410156 0.4136504828929901123 0.28460240364074707031 1.3355729579925537109 1.5048439502716064453 1.67391204833984375 2.6790645122528076172 1.2522606849670410156 2.0086081027984619141 2.6758673191070556641 3.3201291561126708984 2.3867769241333007812 1.3378511667251586914 3.4742183685302734375 4.2404804229736328125 3.3152422904968261719 0.79611635208129882812 1.4957306385040283203 1.4913221597671508789 2.4969575405120849609 1.5092002153396606445 2.7343664169311523438 2.2155463695526123047 0.48674747347831726074 0.93581432104110717773 0.77025765180587768555
0.80496412515640258789 0.69857323169708251953 0.74486136436462402344 1.1564354896545410156 1.7309722900390625 3.0130400657653808594 3.256809234619140625 0.65597224235534667969 2.7967145442962646484 1.8433769941329956055 0.32449373602867126465 1.7133427858352661133 1.5741956233978271484 1.104508519172668457 1.0271037817001342773 0.65597754716873168945 0.22499866783618927002 0.51797121763229370117 0.23164479434490203857 1.6811546087265014648 1.7368067502975463867 1.6359869241714477539 1.6129287481307983398 1.4228954315185546875 1.6865483522415161133 2.2380366325378417969 2.0033061504364013672 1.4444404840469360352 4.0485177040100097656 5.1683316230773925781 0.63639032840728759766 0.9550921320915222168 1.5796511173248291016 1.5603097677230834961 2.3543426990509033203 2.8769044876098632812 1.3536412715911865234 1.1190835237503051758 1.282609105110168457 1.5390865802764892578
1.1581960916519165039 0.87545740604400634766 0.68541413545608520508 0.8690649867057800293 1.2671264410018920898 2.2856731414794921875 4.1731739044189453125 4.0632104873657226562 2.1464281082153320312 1.9727699756622314453 0.52670913934707641602 0.69784873723983764648 0.68540513515472412109 0.54928177595138549805 0.74214041233062744141 1.129887700080871582 0.45558959245681762695 0.36280050873756408691 1.5420457124710083008 1.4639307260513305664 0.91115242242813110352 2.2863321304321289062 2.3935403823852539062 2.3823137283325195312 2.5925402641296386719 1.7544865608215332031 1.7963860034942626953 3.2505915164947509766 3.2091302871704101562 5.5542192459106445312 1.2983013391494750977 1.0691118240356445312 1.2892998456954956055 1.1494232416152954102 1.5825331211090087891 1.913394927978515625 0.99404311180114746094 1.2607188224792480469 0.60036104917526245117 1.8137613534927368164
1.1494166851043701172 0.91114521026611328125 1.1977298259735107422 1.7553601264953613281 1.7553515434265136719 1.7133374214172363281 2.2909710407257080078 3.84942626953125 3.5364818572998046875 1.7774132490158081055 0.93580585718154907227 0.45224240422248840332 0.48569595813751220703 1.4189827442169189453 1.5806092023849487305 1.8455699682235717773 1.0971583127975463867 0.47835010290145874023 2.2945082187652587891 0.84064531326293945312 2.6788823604583740234 1.8090170621871948242 1.335582733154296875 0.9572162628173828125 2.0740294456481933594 1.9500707387924194336 2.3706119060516357422 2.1353206634521484375 3.3794043064117431641 3.2617669105529785156 1.6739112138748168945 1.3321613073348999023 2.0932071208953857422 2.6204831600189208984 1.2885099649429321289 1.2727024555206298828 1.3363338708877563477 1.0883510112762451172 0.61123454570770263672 1.8022892475128173828
0.7563343048095703125 1.2951730489730834961 1.3091681003570556641 1.06341552734375 0.97137600183486938477 0.37107238173484802246 0.1147220805287361145 1.1977283954620361328 1.8223989009857177734 1.9534459114074707031 1.583484649658203125 0.44205617904663085938 1.2073973417282104492 0.95721226930618286133 0.8490288853645324707 1.4711726903915405273 1.1568820476531982422 1.0107045173645019531 1.3118709325790405273 2.6991913318634033203 2.9869179725646972656 1.4064522981643676758 0.30186727643013000488 1.0519318580627441406 1.7017798423767089844 2.8450961112976074219 2.8779606819152832031 0.44547170400619506836 2.9677217006683349609 1.0818189382553100586 1.4510873556137084961 0.98790442943572998047 0.94012951850891113281 2.8972148895263671875 3.0789117813110351562 1.6079115867614746094 1.8795199394226074219 0.91834497451782226562 1.5305192470550537109 1.4625477790832519531
0.15909400582313537598 0.43279424309730529785 0.6275774836540222168 0.34418666362762451172 0.39870461821556091309 0.82790428400039672852 0.70650398731231689453 0.79801249504089355469 1.3773629665374755859 2.4896605014801025391 2.0482506752014160156 1.1285266876220703125 1.3184067010879516602 0.25654390454292297363 0.84064763784408569336 1.1738228797912597656 1.3725751638412475586 0.95721042156219482422 1.3592318296432495117 2.6278076171875 1.432120203971862793 0.98637270927429199219 1.3813951015472412109 1.4093313217163085938 1.3355742692947387695 3.2729032039642333984 1.4089692831039428711 3.3719131946563720703 2.2685599327087402344 0.95720881223678588867 1.4489891529083251953 1.2478004693984985352 1.0127003192901611328 0.67497789859771728516 1.1330078840255737305 2.9326069355010986328 1.9979988336563110352 1.7842323780059814453 1.6907478570938110352 1.1405822038650512695
