wildfire/work/fuelmodels/1848/slope.asc
ncols        307
nrows        283
xllcorner    176085.000000000000
yllcorner    475320.000000000000
cellsize     5.000000000000
NODATA_value   -999
[rows 18 to 35 of 283, columns 200 to 239 of 307]
0.56920182704925537109 0.60036301612854003906 0.61782014369964599609 0.70074218511581420898 1.0364192724227905273 0.56384640932083129883 1.0619943141937255859 1.0466231107711791992 0.89602148532867431641 1.5796457529067993164 1.7133386135101318359 1.4635790586471557617 1.7887601852416992188 1.9727710485458374023 1.5275340080261230469 2.7158119678497314453 3.8562443256378173828 0.75431811809539794922 2.1626317501068115234 1.551535487174987793 1.9094387292861938477 1.4940378665924072266 0.94923692941665649414 0.8999665379524230957 0.73253065347671508789 0.79800981283187866211 0.71786957979202270508 0.82606673240661621094 0.74486333131790161133 1.1472132205963134766 1.8532183170318603516 1.0186859369277954102 0.82790404558181762695 1.089282989501953125 0.63638669252395629883 0.52188116312026977539 0.82973635196685791016 0.85378986597061157227 0.52670395374298095703 0.28814014792442321777
1.1154481172561645508 0.64428889751434326172 0.84064233303070068359 0.886363983154296875 0.64899092912673950195 0.44206139445304870605 0.86556845903396606445 1.0246262550354003906 1.3977875709533691406 1.8221156597137451172 1.946694493293762207 1.9407031536102294922 2.1374528408050537109 1.8411709070205688477 1.1276327371597290039 2.3463873863220214844 3.3312163352966308594 0.63399177789688110352 1.9155176877975463867 1.8781709671020507812 2.0630261898040771484 1.8532289266586303711 0.99098128080368041992 0.62677061557769775391 0.81122851371765136719 0.85675060749053955078 1.1926457881927490234 1.2667300701141357422 1.1136400699615478516 1.5272086858749389648 1.5978044271469116211 0.38448411226272583008 0.82974612712860107422 0.73252218961715698242 0.51798200607299804688 0.1935494542121887207 0.42690047621726989746 0.25653862953186035156 0.57274973392486572266 0.51307308673858642578
0.95720881223678588867 0.52188116312026977539 0.56652772426605224609 0.64429223537445068359 0.46981739997863769531 0.27187392115592956543 0.96772491931915283203 1.4405722618103027344 1.6012856960296630859 1.7207162380218505859 1.8433692455291748047 1.7017812728881835938 1.3245497941970825195 1.024634242057800293 1.4089690446853637695 2.2914245128631591797 2.7085423469543457031 0.96194863319396972656 0.67123407125473022461 0.77484232187271118164 1.3666660785675048828 1.9094377756118774414 1.4597721099853515625 0.23164896667003631592 0.25653785467147827148 0.85969913005828857422 1.3080008029937744141 1.1370179653167724609 1.1529353857040405273 1.3367185592651367188 0.82606345415115356445 0.30187496542930603027 0.95721042156219482422 0.22944210469722747803 0.53338789939880371094 0.14230564236640930176 0.65519148111343383789 0.36279940605163574219 0.35146147012710571289 0.38316312432289123535
0.55570733547210693359 0.82545930147171020508 1.1298869848251342773 0.9358227849006652832 0.48674511909484863281 0.071152858436107635498 0.98842245340347290039 1.7245249748229980469 1.6648095846176147461 1.6050806045532226562 1.6012846231460571289 1.4405744075775146484 1.1258454322814941406 1.5936832427978515625 1.891060948371887207 1.6790375709533691406 1.8730475902557373047 0.72697335481643676758 0.23165397346019744873 0.3382422029972076416 0.85969173908233642578 1.6424705982208251953 1.3245443105697631836 0.78716319799423217773 0.50311386585235595703 0.869068145751953125 0.88464838266372680664 0.55660617351531982422 0.28461056947708129883 0.92767149209976196289 0.66895186901092529297 0.78005135059356689453 0.86146378517150878906 0.42453706264495849609 0.36279463768005371094 0.37244403362274169922 0.67122060060501098633 0.13119933009147644043 0.25456359982490539551 0.1935564577579498291
0.69857323169708251953 0.6267681121826171875 0.12727598845958709717 0.60372966527938842773 0.21345008909702301025 0.79801487922668457031 1.2979084253311157227 1.6129397153854370117 1.9059859514236450195 1.7929975986480712891 1.6544430255889892578 1.2826126813888549805 0.89996916055679321289 2.4809091091156005859 2.0224103927612304688 1.4722045660018920898 1.7207103967666625977 0.58412325382232666016 0.42808923125267028809 0.32449373602867126465 1.2376163005828857422 1.5403978824615478516 0.67498993873596191406 0.54466712474822998047 0.61781984567642211914 0.71149599552154541016 0.35001802444458007812 1.0061848163604736328 1.178980708122253418 1.4175636768341064453 0.71149003505706787109 0.51010477542877197266 0.34418496489524841309 0.57363998889923095703 0.17135636508464813232 0.55570876598358154297 0.17135071754455566406 0.50311315059661865234 0.58065623044967651367 0.55661970376968383789
0.47729504108428955078 0.63638186454772949219 0.66211354732513427734 0.73252928256988525391 0.38447859883308410645 2.0603241920471191406 2.6941297054290771484 1.5275399684906005859 1.3355755805969238281 2.5169241428375244141 1.8584035634994506836 1.0147151947021484375 0.40247958898544311523 2.8183135986328125 2.8451073169708251953 1.4317777156829833984 0.94603639841079711914 0.53998875617980957031 0.42451798915863037109 0.64898496866226196289 1.5125422477722167969 1.5799676179885864258 0.4772974550724029541 0.14230564236640930176 0.27186042070388793945 0.70649796724319458008 0.58671420812606811523 0.35145485401153564453 1.2376290559768676758 1.6547472476959228516 0.75431275367736816406 0.29336386919021606445 0.28461056947708129883 0.56384056806564331055 0.18553230166435241699 0.48673677444458007812 0.99658674001693725586 1.1699351072311401367 1.4129146337509155273 1.6238831281661987305
0.74894315004348754883 0.56384807825088500977 0.26239073276519775391 0.29336977005004882812 0.37107238173484802246 2.7051842212677001953 1.5774136781692504883 1.8257213830947875977 0.41487395763397216797 2.8514878749847412109 2.1960508823394775391 1.4573563337326049805 1.8320792913436889648 2.9472138881683349609 2.5522541999816894531 1.4666970968246459961 1.2027900218963623047 1.082291722297668457 0.73252904415130615234 1.1113560199737548828 1.5908168554306030273 1.2703211307525634766 0.28814619779586791992 0.16225333511829376221 0.42808109521865844727 0.67498558759689331055 0.26239222288131713867 0.73253405094146728516 1.1841334104537963867 1.0836949348449707031 0.82972425222396850586 0.89658516645431518555 0.74554479122161865234 0.63399177789688110352 0.6178233027458190918 1.1405897140502929688 1.8223930597305297852 1.9477305412292480469 2.2984640598297119141 2.2513251304626464844
0.96772849559783935547 0.73254144191741943359 0.51799505949020385742 0.33220124244689941406 0.6978537440299987793 1.4940432310104370117 2.7469120025634765625 2.3205914497375488281 1.080884099006652832 2.3301551342010498047 2.1893603801727294922 2.3629276752471923828 3.1413190364837646484 3.3565981388092041016 3.0168917179107666016 1.8334562778472900391 0.87544393539428710938 0.94923752546310424805 0.114725455641746521 1.4292942285537719727 1.3080087900161743164 0.82545650005340576172 0.071152858436107635498 0.25654464960098266602 0.56919914484024047852 0.48569792509078979492 0.13119933009147644043 0.28461056947708129883 0.76894563436508178711 0.38315859436988830566 0.43280136585235595703 0.75431811809539794922 0.99097466468811035156 1.2355780601501464844 1.5936888456344604492 2.0679299831390380859 2.2235231399536132812 2.2774629592895507812 2.3015427589416503906 2.0620396137237548828
0.89658778905868530273 0.89997255802154541016 0.67122924327850341797 0.90502065420150756836 0.44319951534271240234 1.0504876375198364258 2.4185667037963867188 2.5892343521118164062 2.4164717197418212891 1.9617128372192382812 3.0498871803283691406 3.6957387924194335938 3.6879332065582275391 1.6310315132141113281 1.5541353225708007812 0.67648792266845703125 1.551533818244934082 1.5959098339080810547 1.323397517204284668 1.1913739442825317383 0.99097907543182373047 0.60790401697158813477 0.12728205323219299316 0.26239809393882751465 0.63638311624526977539 0.32759448885917663574 0.31819793581962585449 0.70291769504547119141 0.9358151555061340332 0.35575982928276062012 0.44319951534271240234 0.84064531326293945312 1.6961266994476318359 2.1267781257629394531 2.362064361572265625 2.3517637252807617188 2.0932071208953857422 1.9218394756317138672 1.553809046745300293 1.5354706048965454102
1.2425276041030883789 0.76960444450378417969 0.66896396875381469727 1.2510541677474975586 0.68687987327575683594 1.8532282114028930664 0.71504902839660644531 3.0419213771820068359 2.0133798122406005859 0.38315558433532714844 2.9743742942810058594 4.1392841339111328125 3.3780546188354492188 1.1356893777847290039 1.9112873077392578125 2.2763521671295166016 1.5978051424026489258 1.0576914548873901367 1.540402531623840332 1.1651668548583984375 1.0808837413787841797 0.4730288088321685791 0.23165646195411682129 0.22500468790531158447 0.64428889751434326172 0.22944885492324829102 0.78264564275741577148 0.63956254720687866211 1.0538523197174072266 0.46980383992195129395 1.0971448421478271484 1.7218862771987915039 2.2223863601684570312 2.1663684844970703125 1.9653185606002807617 1.5125558376312255859 1.1879616975784301758 1.1879621744155883789 1.0576933622360229492 1.1383608579635620117
1.5822162628173828125 1.5048410892486572266 1.2522580623626708984 1.3423831462860107422 1.2667273283004760742 1.7613914012908935547 3.88585662841796875 3.7222914695739746094 1.9601616859436035156 1.5564169883728027344 3.0007731914520263672 3.8114528656005859375 3.1846196651458740234 1.9888559579849243164 1.3275904655456542969 0.85969281196594238281 0.77485001087188720703 2.5658860206604003906 2.1317670345306396484 1.3427548408508300781 0.96772468090057373047 0.25653636455535888672 0.031820531934499740601 0.28813949227333068848 0.7702528834342956543 0.071147434413433074951 0.83520936965942382812 0.4730288088321685791 0.84903347492218017578 1.2810295820236206055 1.6745083332061767578 1.8359479904174804688 2.0400898456573486328 1.6088526248931884766 1.2157571315765380859 0.82973265647888183594 0.68687397241592407227 0.83278119564056396484 0.45890986919403076172 0.66440099477767944336
1.7315491437911987305 1.7918757200241088867 2.0353748798370361328 1.4430330991744995117 1.0046775341033935547 1.6826475858688354492 2.8841114044189453125 1.3766291141510009766 1.1258498430252075195 1.6363085508346557617 2.0922489166259765625 2.2535769939422607422 5.8101563453674316406 5.4553866386413574219 0.70074218511581420898 0.76630324125289916992 1.5354645252227783203 1.7842346429824829102 0.644287109375 0.98688578605651855469 0.22945220768451690674 0.5867201685905456543 0.61781549453735351562 0.22945725917816162109 0.74553626775741577148 0.33221462368965148926 0.74486702680587768555 0.49397236108779907227 0.84004479646682739258 1.5301821231842041016 1.323399662971496582 1.2762863636016845703 1.240889430046081543 0.45557773113250732422 0.26999250054359436035 0.54743748903274536133 0.82606256008148193359 0.68021929264068603516 0.19091685116291046143 0.62998694181442260742
1.483159184455871582 1.4691050052642822266 1.6672438383102416992 1.1472185850143432617 0.031814463436603546143 2.2118840217590332031 1.8070608377456665039 0.74487483501434326172 0.62676256895065307617 1.8463864326477050781 2.4395890235900878906 2.9014101028442382812 2.0234076976776123047 6.2449550628662109375 1.0957680940628051758 1.3506487607955932617 2.2271659374237060547 3.9681515693664550781 3.1490423679351806641 1.6937462091445922852 0.25653862953186035156 0.3557516634464263916 0.65596044063568115234 0.61452221870422363281 0.13119049370288848877 0.79547923803329467773 0.9363530278205871582 0.72138422727584838867 0.93958777189254760742 1.082289576530456543 0.6178213953971862793 0.96772205829620361328 0.71503871679306030273 0.34417822957038879395 0.29336518049240112305 0.35146200656890869141 0.80559110641479492188 0.45224240422248840332 0.65596842765808105469 0.64898377656936645508
1.9653162956237792969 1.4229019880294799805 1.6620740890502929688 1.432126164436340332 0.86906254291534423828 1.2182480096817016602 1.4321262836456298828 1.4356610774993896484 1.6702759265899658203 2.5337545871734619141 2.0293982028961181641 4.4534015655517578125 8.538776397705078125 6.3016424179077148438 1.5324969291687011719 2.1642627716064453125 2.3054916858673095703 1.4896247386932373047 1.9984979629516601562 2.2643272876739501953 1.5433508157730102539 0.79801249504089355469 0.41365185379981994629 0.46980425715446472168 0.71150302886962890625 1.0500056743621826172 0.72628253698348999023 0.62757527828216552734 1.1733918190002441406 1.1383635997772216797 1.0576900243759155273 0.85910397768020629883 0.42690047621726989746 0.51405733823776245117 0.22499866783618927002 0.34271597862243652344 0.79738587141036987305 0.28813949227333068848 1.0591225624084472656 0.68687844276428222656
1.735937952995300293 1.610110163688659668 1.670277714729309082 1.1772682666778564453 0.44319730997085571289 0.72697651386260986328 1.3861541748046875 0.80496799945831298828 1.5324969291687011719 3.7352924346923828125 2.3755130767822265625 3.7332613468170166016 3.6923074722290039062 1.8270964622497558594 1.0989909172058105469 1.625433802604675293 1.9221143722534179688 1.6304070949554443359 1.8312517404556274414 1.1190850734710693359 0.80559712648391723633 1.0107048749923706055 1.0186851024627685547 1.272706151008605957 1.011204838752746582 0.74213731288909912109 0.22273722290992736816 0.95508611202239990234 1.1841206550598144531 0.89658492803573608398 1.1581901311874389648 0.72628790140151977539 0.16224621236324310303 0.82728630304336547852 0.45558327436447143555 0.35146090388298034668 0.76498395204544067383 0.96981078386306762695 0.96300333738327026367 1.0271037817001342773
1.2667356729507446289 1.5806106328964233398 1.7336012125015258789 0.86848276853561401367 0.87775909900665283203 2.1341311931610107422 2.3334090709686279297 1.8902581930160522461 2.2461574077606201172 4.7405953407287597656 3.1366512775421142578 3.6710486412048339844 3.1583273410797119141 2.6767976284027099609 1.2502372264862060547 1.5275300741195678711 0.78715878725051879883 1.3060715198516845703 1.3506468534469604492 0.28814083337783813477 0.17999529838562011719 0.54372942447662353516 1.2726975679397583008 1.3141891956329345703 0.87545740604400634766 0.96300244331359863281 1.0766620635986328125 1.5920903682708740234 0.93958777189254760742 0.38447609543800354004 0.75431811809539794922 0.65596783161163330078 0.74214041233062744141 0.48570111393928527832 0.44204786419868469238 0.15910249948501586914 0.34271258115768432617 0.62758362293243408203 1.042270660400390625 1.434956669807434082
1.295178532600402832 1.6198235750198364258 2.1717274188995361328 1.6571893692016601562 2.1544251441955566406 2.7637968063354492188 2.4847853183746337891 2.7278885841369628906 3.7331216335296630859 5.4162745475769042969 3.4508779048919677734 3.0498862266540527344 1.3725707530975341797 4.0641889572143554688 1.3060661554336547852 1.8356641530990600586 0.75900155305862426758 0.74282795190811157227 0.54371803998947143555 0.46329653263092041016 0.40500652790069580078 0.30186918377876281738 0.74008810520172119141 1.8455628156661987305 2.9872610569000244141 3.4165861606597900391 2.6016957759857177734 1.8045195341110229492 0.55660617351531982422 0.29336059093475341797 0.77484422922134399414 0.51307386159896850586 0.69784760475158691406 0.45558494329452514648 0.21345008909702301025 0.38315910100936889648 0.33220878243446350098 0.3935883939266204834 1.0364174842834472656 1.1668987274169921875
1.9676259756088256836 2.1842629909515380859 2.3275439739227294922 1.921847224235534668 2.3799889087677001953 2.0204100608825683594 1.9850434064865112305 1.8982712030410766602 2.5498661994934082031 4.2435817718505859375 2.87146759033203125 2.9554421901702880859 1.5619447231292724609 4.0278806686401367188 0.57363325357437133789 1.9228937625885009766 0.38315910100936889648 0.40249684453010559082 0.45557773113250732422 0.70074218511581420898 0.92329353094100952148 0.49499344825744628906 0.61453920602798461914 1.173824310302734375 0.82973581552505493164 1.2355893850326538086 2.8326456546783447266 3.756999969482421875 5.0106434822082519531 3.2162077426910400391 0.93635910749435424805 0.2316548079252243042 0.3244984745979309082 0.31338664889335632324 0.24232622981071472168 0.32759448885917663574 0.48569792509078979492 0.74282205104827880859 1.1370179653167724609 0.68834805488586425781
