wildfire/work/fuelmodels/1848/slope.asc
ncols        307
nrows        283
xllcorner    176085.000000000000
yllcorner    475320.000000000000
cellsize     5.000000000000
NODATA_value   -999
[rows 90 to 107 of 283, columns 0 to 39 of 307]
0 10.5543975830078125 10.828372955322265625 9.7545318603515625 9.8783769607543945312 9.9787130355834960938 8.2976980209350585938 7.3701958656311035156 10.336046218872070312 9.4101810455322265625 7.625072479248046875 9.8576307296752929688 14.505654335021972656 15.180088996887207031 14.063962936401367188 12.668134689331054688 14.838724136352539062 19.679147720336914062 15.789262771606445312 9.866260528564453125 3.8541464805603027344 0.97397267818450927734 7.1337962150573730469 20.045993804931640625 22.679456710815429688 17.64281463623046875 25.997892379760742188 28.279066085815429688 24.739122390747070312 24.150114059448242188 22.985315322875976562 22.638925552368164062 21.7194976806640625 18.415147781372070312 7.4494862556457519531 9.8826084136962890625 18.17626953125 19.788686752319335938 11.119482040405273438 3.0419220924377441406
0 7.3928904533386230469 9.2032117843627929688 9.3114871978759765625 8.116153717041015625 6.5652551651000976562 4.6965565681457519531 3.7875266075134277344 3.9830102920532226562 1.5075141191482543945 2.0932183265686035156 5.6862998008728027344 7.7790083885192871094 6.7656621932983398438 3.2476565837860107422 0.44660627841949462891 4.2166171073913574219 6.7475991249084472656 4.3577589988708496094 2.8326380252838134766 1.7429109811782836914 2.8451030254364013672 6.0663905143737792969 20.913984298706054688 25.718034744262695312 15.062482833862304688 13.205150604248046875 16.118686676025390625 19.756753921508789062 23.368976593017578125 24.897951126098632812 22.215667724609375 19.139690399169921875 22.154254913330078125 21.542484283447265625 18.150037765502929688 19.217420578002929688 17.877712249755859375 9.7943429946899414062 2.0571308135986328125
0 3.7598135471343994141 5.8145766258239746094 8.2412891387939453125 9.0663909912109375 8.6463403701782226562 6.3007602691650390625 4.455211639404296875 3.6277222633361816406 2.8197648525238037109 2.5474936962127685547 2.55918121337890625 3.7436604499816894531 5.8004326820373535156 5.2315378189086914062 4.4359316825866699219 3.8004469871520996094 4.1167683601379394531 3.2847712039947509766 2.8793771266937255859 2.8344225883483886719 3.4853944778442382812 6.1258897781372070312 20.224603652954101562 26.56131744384765625 13.114063262939453125 5.4438495635986328125 7.9825000762939453125 10.985626220703125 15.220857620239257812 17.497838973999023438 15.371163368225097656 12.151417732238769531 15.455790519714355469 21.497997283935546875 18.650857925415039062 14.15171051025390625 9.6437253952026367188 5.2477869987487792969 7.2460560798645019531
0 2.7130134105682373047 2.7769353389739990234 3.7262148857116699219 5.428730010986328125 4.8419818878173828125 4.2185258865356445312 4.4512581825256347656 4.9800801277160644531 6.3224620819091796875 7.5887761116027832031 7.9359073638916015625 7.4777088165283203125 7.3073000907897949219 6.7027792930603027344 4.9937291145324707031 4.7959127426147460938 4.8506994247436523438 4.8040213584899902344 4.8687758445739746094 3.5141196250915527344 2.3046255111694335938 5.4474353790283203125 17.122894287109375 26.044528961181640625 20.05266571044921875 14.730817794799804688 12.209171295166015625 14.928980827331542969 15.865855216979980469 15.364078521728515625 17.083539962768554688 15.391116142272949219 10.765321731567382812 11.013223648071289062 9.97490692138671875 2.1988165378570556641 5.4792490005493164062 9.805477142333984375 12.189902305603027344
0 4.6002879142761230469 4.12204742431640625 2.8608736991882324219 2.9487564563751220703 4.8005495071411132812 4.5649652481079101562 6.07036590576171875 6.3875665664672851562 6.1333489418029785156 6.5390906333923339844 6.85749053955078125 6.4738836288452148438 5.4885230064392089844 5.4519753456115722656 4.1644377708435058594 4.5632905960083007812 5.197589874267578125 5.6477303504943847656 4.5746812820434570312 2.6648700237274169922 3.1154644489288330078 3.8855924606323242188 9.3158655166625976562 19.424358367919921875 21.198732376098632812 17.318607330322265625 13.043165206909179688 12.687861442565917969 9.2406635284423828125 8.3821306228637695312 8.8466081619262695312 10.805796623229980469 11.534961700439453125 11.916990280151367188 13.271886825561523438 8.9123439788818359375 4.0658197402954101562 5.0076308250427246094 4.850818634033203125
0 4.3153896331787109375 5.0419464111328125 5.1788620948791503906 4.4468317031860351562 5.2126097679138183594 4.0706553459167480469 4.1629877090454101562 4.610260009765625 4.7689161300659179688 5.327739715576171875 5.6291556358337402344 5.1244440078735351562 3.9864292144775390625 4.6028351783752441406 4.0111746788024902344 3.4854052066802978516 4.7803587913513183594 4.6832418441772460938 1.7245249748229980469 0.95454376935958862305 2.5696172714233398438 3.3396952152252197266 3.9936506748199462891 7.7086501121520996094 12.439011573791503906 12.61762237548828125 8.8914661407470703125 2.5946967601776123047 3.3251352310180664062 7.7382473945617675781 4.7051420211791992188 5.7623701095581054688 7.9997854232788085938 7.3035845756530761719 10.569849014282226562 10.158101081848144531 10.207029342651367188 8.0026149749755859375 1.8257139921188354492
0 2.9906334877014160156 2.5490825176239013672 2.5956761837005615234 3.2317399978637695312 4.8803615570068359375 4.9329676628112792969 4.2511730194091796875 4.7664947509765625 5.3579206466674804688 4.80684661865234375 4.8579688072204589844 5.3111586570739746094 4.7419986724853515625 4.1871857643127441406 3.1682415008544921875 2.8691713809967041016 2.9719867706298828125 1.2826071977615356445 1.4514408111572265625 1.0201767683029174805 4.1610574722290039062 3.3720803260803222656 2.5868844985961914062 4.7816972732543945312 8.1121912002563476562 7.6148967742919921875 7.7575407028198242188 6.2180833816528320312 3.8266603946685791016 6.5190029144287109375 5.4502129554748535156 4.1645689010620117188 6.3305478096008300781 6.5211544036865234375 8.0539646148681640625 6.1063885688781738281 8.3480243682861328125 11.850939750671386719 5.2949113845825195312
0 2.6241374015808105469 2.2486238479614257812 2.5892186164855957031 3.6077463626861572266 4.5090274810791015625 5.0349407196044921875 4.7088913917541503906 4.9696245193481445312 4.878997802734375 3.8670792579650878906 3.3614113330841064453 3.4210324287414550781 4.1628766059875488281 4.5677218437194824219 3.8257296085357666016 2.5229310989379882812 1.5667712688446044922 0.95507454872131347656 1.8411668539047241211 2.7038719654083251953 5.1785678863525390625 2.8360266685485839844 1.3592379093170166016 4.5654072761535644531 6.2003316879272460938 5.6536955833435058594 7.74900054931640625 7.4368853569030761719 4.3234620094299316406 5.1379160881042480469 4.2971072196960449219 6.3534455299377441406 7.1499409675598144531 5.365909576416015625 7.4273738861083984375 6.2403659820556640625 5.2365331649780273438 9.2112331390380859375 6.58567047119140625
0 1.9184033870697021484 1.4804230928421020508 1.9157794713973999023 2.1201028823852539062 2.0346236228942871094 3.7716250419616699219 5.1131367683410644531 4.2073850631713867188 3.3713214397430419922 3.1245343685150146484 1.6226439476013183594 1.1498802900314331055 2.56470489501953125 4.5147242546081542969 3.6903889179229736328 2.0934507846832275391 2.0681607723236083984 2.2153162956237792969 2.0740258693695068359 3.1089775562286376953 3.8427233695983886719 0.79801726341247558594 0.76630830764770507812 4.3111867904663085938 4.9949331283569335938 4.0063920021057128906 7.3439440727233886719 7.6796002388000488281 5.3774352073669433594 7.38346099853515625 7.2304568290710449219 5.5311398506164550781 5.4028654098510742188 5.3870110511779785156 9.9171934127807617188 9.9613819122314453125 7.6385521888732910156 9.6828718185424804688 5.5297617912292480469
0 1.574185490608215332 1.5619233846664428711 1.2224127054214477539 1.1612620353698730469 1.5551155805587768555 3.3947784900665283203 4.0518951416015625 3.9073877334594726562 3.9077649116516113281 4.7226948738098144531 4.2858204841613769531 3.4350061416625976562 3.2862985134124755859 2.0450315475463867188 1.0181893110275268555 1.5716316699981689453 1.6654212474822998047 1.6000308990478515625 1.4514299631118774414 2.2326061725616455078 1.361840367317199707 1.1276252269744873047 1.4416462182998657227 5.0223989486694335938 5.4482660293579101562 4.3513808250427246094 7.0374264717102050781 7.3193769454956054688 5.8288450241088867188 7.7780485153198242188 6.0686964988708496094 3.8125159740447998047 5.0365390777587890625 6.2866344451904296875 9.6963100433349609375 8.2877340316772460938 3.1687135696411132812 6.7347664833068847656 4.8591275215148925781
0 1.6288597583770751953 1.8353942632675170898 2.0263979434967041016 2.0647439956665039062 2.4520022869110107422 2.0798807144165039062 1.192630767822265625 2.4626917839050292969 3.1040973663330078125 4.4658594131469726562 5.4608354568481445312 3.5341899394989013672 0.57363933324813842773 2.0244059562683105469 0.83701759576797485352 1.2194986343383789062 1.0112106800079345703 1.1673350334167480469 1.5195428133010864258 1.2094962596893310547 2.97725677490234375 3.5429029464721679688 3.9019482135772705078 6.802825927734375 5.6754879951477050781 3.6006121635437011719 6.045436859130859375 6.2519631385803222656 5.5273222923278808594 7.3522076606750488281 7.0632700920104980469 5.7558393478393554688 5.7004628181457519531 5.7318973541259765625 7.5831995010375976562 8.9818658828735351562 7.3608708381652832031 9.0430555343627929688 10.416345596313476562
0 2.277484893798828125 2.3083529472351074219 2.6570713520050048828 2.5674457550048828125 1.9635159969329833984 1.59590911865234375 1.7362307310104370117 2.5862953662872314453 3.2180943489074707031 2.8438584804534912109 3.2201280593872070312 4.8065342903137207031 3.3409049510955810547 2.2643239498138427734 1.7748497724533081055 1.2425129413604736328 1.3080068826675415039 1.1045050621032714844 1.1249243021011352539 1.4984395503997802734 2.5203363895416259766 2.1381561756134033203 5.4212083816528320312 8.4136514663696289062 6.1147198677062988281 3.2004563808441162109 5.6422867774963378906 7.6944742202758789062 5.4101405143737792969 3.6706337928771972656 8.4912538528442382812 8.5093870162963867188 5.2381739616394042969 4.254146575927734375 4.9133062362670898438 5.01033782958984375 2.8080675601959228516 5.7579302787780761719 9.8791379928588867188
0 2.9743657112121582031 3.0464069843292236328 2.3793542385101318359 2.10285186767578125 2.5355472564697265625 2.7085413932800292969 2.0244164466857910156 2.5451021194458007812 2.6920619010925292969 2.9022803306579589844 3.2401564121246337891 5.6007189750671386719 7.0300068855285644531 5.8830857276916503906 3.6787381172180175781 2.4618742465972900391 2.546695709228515625 2.9396538734436035156 1.7725629806518554688 1.4800928831100463867 1.781668543815612793 2.2969317436218261719 5.0116453170776367188 7.574214935302734375 8.8323812484741210938 6.2067317962646484375 6.4166955947875976562 10.282793998718261719 5.1240553855895996094 1.7286342382431030273 7.2205243110656738281 9.7306413650512695312 6.3870120048522949219 4.8383274078369140625 5.3433361053466796875 5.1741690635681152344 3.4875624179840087891 5.7523331642150878906 8.1758403778076171875
0 1.8781697750091552734 1.8684549331665039062 2.0835268497467041016 2.3179755210876464844 3.9019365310668945312 3.1323018074035644531 2.0747606754302978516 1.8411709070205688477 1.0990030765533447266 1.1405905485153198242 1.9134078025817871094 2.5058543682098388672 2.52034759521484375 2.3381831645965576172 1.7819647789001464844 1.6353726387023925781 1.228184819221496582 0.96300333738327026367 2.439792633056640625 1.1045120954513549805 0.97138428688049316406 2.2341856956481933594 4.4283952713012695312 5.9144854545593261719 8.8493413925170898438 6.6291055679321289062 5.1768956184387207031 9.3594264984130859375 3.68273162841796875 3.849033355712890625 7.8487944602966308594 10.080629348754882812 7.4484019279479980469 5.7353200912475585938 6.9809021949768066406 6.5023913383483886719 4.4604182243347167969 5.3809094429016113281 5.95485687255859375
0 1.2157526016235351562 1.2671140432357788086 2.1849548816680908203 2.7650787830352783203 2.6016983985900878906 2.1336693763732910156 1.7521799802780151367 1.6079115867614746094 1.0860240459442138672 0.76893210411071777344 0.19354349374771118164 2.1805574893951416016 2.3859410285949707031 1.5716187953948974609 0.99607241153717041016 0.7961108088493347168 1.3685148954391479492 1.4896247386932373047 2.8068065643310546875 0.64899092912673950195 1.8673696517944335938 2.1353163719177246094 3.6084434986114501953 4.9998788833618164062 7.0669841766357421875 5.7326912879943847656 5.1575918197631835938 8.1908254623413085938 6.8374729156494140625 5.8570051193237304688 7.9174404144287109375 9.3175859451293945312 7.3075041770935058594 6.0802974700927734375 7.8221383094787597656 6.2204241752624511719 4.3917956352233886719 3.9586005210876464844 4.9671955108642578125
0 0.88005483150482177734 0.86847454309463500977 1.0280743837356567383 1.2425349950790405273 1.011198878288269043 1.4542194604873657227 1.1244925260543823242 1.1131801605224609375 1.0246158838272094727 0.33823418617248535156 0.34270021319389343262 2.2730236053466796875 2.0174148082733154297 0.90052264928817749023 1.8070447444915771484 2.3549931049346923828 2.0234088897705078125 2.1633253097534179688 2.454677581787109375 1.0359475612640380859 2.6462280750274658203 2.1466574668884277344 3.3255894184112548828 5.0708789825439453125 7.9955358505249023438 6.8018803596496582031 4.6863527297973632812 8.03371429443359375 8.8391580581665039062 8.5193071365356445312 7.0000748634338378906 6.6255502700805664062 5.3126955032348632812 5.5009121894836425781 7.1589398384094238281 5.2521033287048339844 4.6571989059448242188 4.7571711540222167969 6.610347747802734375
0 0.44659501314163208008 0.51309561729431152344 0.74284482002258300781 0.98020642995834350586 0.73803639411926269531 0.78716170787811279297 0.86849677562713623047 1.1824207305908203125 0.93960916996002197266 0.83520239591598510742 0.28637775778770446777 1.7808246612548828125 2.3918530941009521484 1.8090163469314575195 2.9451537132263183594 3.4143652915954589844 3.4875733852386474609 2.87691497802734375 0.38841319084167480469 0.69857543706893920898 1.7955467700958251953 3.1578524112701416016 4.0323901176452636719 5.2474107742309570312 7.249591827392578125 7.0688905715942382812 5.5280451774597167969 8.9563999176025390625 9.047027587890625 8.4307708740234375 6.6321339607238769531 4.5286741256713867188 4.678928375244140625 6.9201984405517578125 6.9996342658996582031 4.8157606124877929688 4.5851497650146484375 4.8868541717529296875 6.3210849761962890625
0 1.2195072174072265625 1.3707284927368164062 1.0985225439071655273 0.71504062414169311523 0.52477997541427612305 0.87775933742523193359 1.2473922967910766602 0.85673594474792480469 0.76432472467422485352 1.1673314571380615234 0.44999283552169799805 0.97605848312377929688 2.9022688865661621094 3.2637884616851806641 3.0772736072540283203 4.5075674057006835938 3.0184044837951660156 3.0259270668029785156 2.4809052944183349609 1.2619248628616333008 1.70536041259765625 3.5257549285888671875 4.4169855117797851562 5.870746612548828125 5.8744521141052246094 7.9669294357299804688 9.1050205230712890625 8.5656003952026367188 7.9058632850646972656 7.4158139228820800781 5.6625967025756835938 3.9976856708526611328 6.3998460769653320312 8.0892648696899414062 5.7495255470275878906 4.5583367347717285156 4.62894439697265625 5.1835198402404785156 5.9004321098327636719
