wildfire/work/fuelmodels/1848/slope.asc
ncols        307
nrows        283
xllcorner    176085.000000000000
yllcorner    475320.000000000000
cellsize     5.000000000000
NODATA_value   -999
[rows 108 to 125 of 283, columns 40 to 79 of 307]
4.5733590126037597656 4.7790689468383789062 3.7100586891174316406 4.7774801254272460938 5.0207934379577636719 5.337657928466796875 5.9761300086975097656 6.9592843055725097656 6.7377533912658691406 5.8495297431945800781 3.9628052711486816406 4.8554983139038085938 5.7805318832397460938 2.7358455657958984375 1.0495287179946899414 1.8496736288070678711 2.7173058986663818359 2.7319643497467041016 4.3562636375427246094 3.8917012214660644531 1.4666854143142700195 3.1998202800750732422 3.0541884899139404297 2.2070760726928710938 2.7542657852172851562 3.4210114479064941406 1.15819549560546875 1.4711726903915405273 2.2949445247650146484 2.0353667736053466797 1.6238781213760375977 1.1926457881927490234 0.49703046679496765137 0.75633180141448974609 0.45000052452087402344 1.381403803825378418 1.089282989501953125 0.80118060111999511719 0.35575437545776367188 0.32449373602867126465
6.0118021965026855469 4.2928814888000488281 2.8374500274658203125 4.86545562744140625 8.001110076904296875 7.0081148147583007812 4.3419933319091796875 6.7237982749938964844 7.4467830657958984375 5.7840175628662109375 3.403095245361328125 4.4566903114318847656 4.1891016960144042969 2.6593689918518066406 1.2955636978149414062 0.6339899897575378418 2.9258770942687988281 4.6425604820251464844 3.4373779296875 2.9239733219146728516 1.5641983747482299805 0.98019456863403320312 1.046630859375 1.6129378080368041992 2.3893158435821533203 1.5541353225708007812 1.3287371397018432617 2.0647356510162353516 2.2008740901947021484 1.0948450565338134766 2.2325987815856933594 1.7192413806915283203 1.3813962936401367188 1.1099926233291625977 2.1379220485687255859 3.5072150230407714844 3.0284395217895507812 2.2050254344940185547 1.8353959321975708008 1.2277704477310180664
6.9801054000854492188 3.2617731094360351562 2.0524539947509765625 4.2924170494079589844 5.1575045585632324219 5.8288483619689941406 6.505184173583984375 6.1330313682556152344 6.8323106765747070312 6.0955042839050292969 3.3255982398986816406 3.8416743278503417969 3.9478650093078613281 3.2784581184387207031 2.6633627414703369141 2.3170986175537109375 4.0253806114196777344 1.7570793628692626953 1.4388248920440673828 1.602234959602355957 2.1431260108947753906 2.1126945018768310547 1.3828624486923217773 0.10061956197023391724 0.94923895597457885742 1.5716148614883422852 2.7513210773468017578 2.0400896072387695312 2.0563879013061523438 0.43278935551643371582 2.3742372989654541016 2.9980649948120117188 1.7599564790725708008 0.73459410667419433594 1.3427470922470092773 0.78779351711273193359 1.0822771787643432617 1.4510797262191772461 1.6251293420791625977 1.7309719324111938477
7.0322117805480957031 3.0616343021392822266 1.7507376670837402344 3.8230938911437988281 2.8961808681488037109 4.3969569206237792969 8.8142414093017578125 9.6746397018432617188 9.097225189208984375 7.0597906112670898438 3.6008927822113037109 2.7878363132476806641 3.8740091323852539062 3.1719133853912353516 3.1616964340209960938 3.6206209659576416016 2.903148651123046875 1.594630122184753418 4.2749786376953125 2.9779322147369384766 2.6479358673095703125 0.75633007287979125977 1.0349565744400024414 0.49805420637130737305 1.082289576530456543 1.4175593852996826172 0.8490288853645324707 2.3083446025848388672 0.61204898357391357422 1.6304128170013427734 2.0291540622711181641 2.9914820194244384766 4.1336650848388671875 3.6957354545593261719 4.5105967521667480469 4.9410352706909179688 3.6969637870788574219 2.8916394710540771484 2.5293650627136230469 1.7808259725570678711
7.1413159370422363281 1.5920965671539306641 1.6400024890899658203 4.8341526985168457031 3.2946078777313232422 6.5911612510681152344 7.0095429420471191406 6.1732578277587890625 6.9292621612548828125 4.0414004325866699219 1.7799657583236694336 1.1458889245986938477 3.5633754730224609375 4.1880245208740234375 1.3696258068084716797 1.5088713169097900391 1.4977636337280273438 6.7666978836059570312 7.6304011344909667969 6.4134082794189453125 5.0634922981262207031 0.49703046679496765137 0.22500468790531158447 1.2474018335342407227 2.0558929443359375 1.6501466035842895508 2.0932073593139648438 2.0603241920471191406 1.3828656673431396484 1.6946299076080322266 2.2781262397766113281 2.5042388439178466797 2.3609964847564697266 2.1563043594360351562 2.1551253795623779297 1.8643813133239746094 1.5354620218276977539 1.1977220773696899414 1.0246291160583496094 1.0948394536972045898
5.6370167732238769531 1.9534417390823364258 1.0576877593994140625 6.9468584060668945312 4.5142884254455566406 5.4737353324890136719 6.5369510650634765625 3.1877977848052978516 2.0561392307281494141 2.4815108776092529297 2.0053229331970214844 0.37244194746017456055 2.2305653095245361328 5.38250732421875 5.0961527824401855469 7.10955047607421875 10.023528099060058594 8.1297140121459960938 4.8703241348266601562 8.222850799560546875 7.005306243896484375 0.13120080530643463135 0.29335793852806091309 1.2445573806762695312 2.4227344989776611328 1.1776980161666870117 0.55570280551910400391 0.56652396917343139648 0.54186904430389404297 0.75432348251342773438 0.73804241418838500977 1.0672230720520019531 1.5038334131240844727 1.2425220012664794922 0.51405167579650878906 0.48674869537353515625 0.7563343048095703125 0.61205178499221801758 0.52957451343536376953 0.7954743504524230957
3.9576945304870605469 3.7013330459594726562 3.7331326007843017578 5.082775115966796875 5.2788929939270019531 5.7537283897399902344 6.7063646316528320312 5.8054738044738769531 3.3910470008850097656 2.7445120811462402344 3.9626674652099609375 3.4162809848785400391 4.0077776908874511719 7.0284981727600097656 11.021569252014160156 14.244688987731933594 10.855853080749511719 4.9645581245422363281 2.1203389167785644531 7.7761130332946777344 7.4929857254028320312 0.54186517000198364258 0.89091551303863525391 1.3382163047790527344 2.5169219970703125 1.6129385232925415039 1.1836936473846435547 0.28813415765762329102 0.49397668242454528809 1.0107102394104003906 0.61205780506134033203 1.2474009990692138672 1.8204445838928222656 1.560311436653137207 0.54186445474624633789 0.60036623477935791016 0.61206477880477905273 0.5492947697639465332 0.38447558879852294922 0.25654464960098266602
3.4597773551940917969 3.3152468204498291016 5.3263220787048339844 3.9875683784484863281 1.7691332101821899414 4.2759246826171875 4.8881001472473144531 4.4348950386047363281 3.46678924560546875 1.113643646240234375 1.282609105110168457 3.1089699268341064453 5.9185690879821777344 9.6234941482543945312 11.83953094482421875 10.752019882202148438 5.9548521041870117188 7.326641082763671875 0.9249331355094909668 7.2160663604736328125 7.1229472160339355469 0.17135071754455566406 1.2115842103958129883 0.90053933858871459961 2.5018167495727539062 2.6557552814483642578 2.1189057826995849609 0.41365185379981994629 0.18554893136024475098 1.1285399198532104492 0.090010620653629302979 0.68097132444381713867 1.4953970909118652344 2.3039593696594238281 1.4800873994827270508 0.7269789576530456543 0.75632846355438232422 1.0388662815093994141 1.1533846855163574219 0.98019909858703613281
2.6464085578918457031 3.3611204624176025391 4.8868603706359863281 6.8815484046936035156 6.9517679214477539062 7.5786390304565429688 6.7589030265808105469 2.6328067779541015625 2.3646245002746582031 2.6115958690643310547 0.67647939920425415039 1.6251285076141357422 6.0147342681884765625 7.7293109893798828125 4.315399169921875 2.2730193138122558594 5.6664195060729980469 7.75061798095703125 3.0217504501342773438 7.3343744277954101562 6.3983430862426757812 0.59187912940979003906 0.85969644784927368164 0.54928773641586303711 2.0346264839172363281 3.1776309013366699219 2.3502557277679443359 0.42452251911163330078 0.42452982068061828613 1.1533790826797485352 0.28460240364074707031 0.47729137539863586426 1.0971503257751464844 2.6542267799377441406 1.5716316699981689453 0.33220124244689941406 0.063641056418418884277 0.95508587360382080078 1.5178935527801513672 1.8714227676391601562
4.8207883834838867188 6.0806341171264648438 5.0103487968444824219 2.9583492279052734375 4.7880330085754394531 5.3958673477172851562 2.2034139633178710938 1.4510750770568847656 1.1190717220306396484 3.2722818851470947266 1.7368036508560180664 1.4356507062911987305 6.6968359947204589844 8.6492938995361328125 5.4010033607482910156 5.688510894775390625 7.1987271308898925781 6.9338335990905761719 2.8793704509735107422 7.3401889801025390625 6.82996368408203125 0.55570423603057861328 0.89602059125900268555 1.1926398277282714844 2.1028521060943603516 3.4666402339935302734 1.7385609149932861328 0.4783573448657989502 0.82790380716323852539 0.65520507097244262695 0.25654390454292297363 0.74283242225646972656 1.623882293701171875 2.0679221153259277344 1.4472503662109375 0.75632846355438232422 0.99403840303421020508 1.7227637767791748047 1.7842276096343994141 2.3472397327423095703
7.3502292633056640625 5.7192320823669433594 1.8257128000259399414 1.7133426666259765625 0.73183798789978027344 1.8455640077590942383 0.88236325979232788086 1.1772623062133789062 1.6424655914306640625 1.7207103967666625977 1.7816625833511352539 1.8918589353561401367 1.9472099542617797852 7.9545092582702636719 9.771270751953125 10.463971138000488281 12.247348785400390625 12.653820991516113281 10.661366462707519531 9.1131963729858398438 5.8497867584228515625 1.0403248071670532227 1.5651729106903076172 1.5946329832077026367 1.8463864326477050781 3.1860525608062744141 2.0121335983276367188 1.3184128999710083008 0.75095582008361816406 0.63638788461685180664 0.67122370004653930664 0.92766237258911132812 1.9817204475402832031 1.7862188816070556641 1.8902640342712402344 1.8157128095626831055 1.9979932308197021484 2.3774302005767822266 2.4470455646514892578 3.0879373550415039062
6.6385746002197265625 1.8918589353561401367 1.8320771455764770508 2.7178556919097900391 1.1045092344284057617 1.2955691814422607422 2.3399107456207275391 2.5449035167694091797 2.4331538677215576172 0.94012886285781860352 0.34418329596519470215 1.1707959175109863281 2.3039631843566894531 2.9600553512573242188 5.1183533668518066406 6.3963751792907714844 6.7964930534362792969 5.7230234146118164062 6.1147069931030273438 5.4162759780883789062 2.3125123977661132812 2.2326114177703857422 2.1487917900085449219 1.6720945835113525391 1.6620736122131347656 3.5803470611572265625 2.7423083782196044922 1.4317680597305297852 1.1738228797912597656 1.0533719062805175781 0.84544074535369873047 1.1789810657501220703 1.3423831462860107422 1.1699393987655639648 2.3517692089080810547 1.7887672185897827148 1.3828672170639038086 2.2325999736785888672 2.9826822280883789062 3.6875257492065429688
4.5191936492919921875 2.56961822509765625 2.3301610946655273438 1.9583604335784912109 2.129634857177734375 2.8610546588897705078 2.8312113285064697266 1.8835589885711669922 1.7192413806915283203 1.528858184814453125 1.9354844093322753906 3.0706992149353027344 2.3541338443756103516 0.28460514545440673828 1.8447350263595581055 3.5037484169006347656 3.3187592029571533203 5.1578936576843261719 3.5158421993255615234 1.9320851564407348633 1.5908305644989013672 2.9326019287109375 2.1009263992309570312 2.5474870204925537109 2.2767932415008544922 3.6218729019165039062 1.9155176877975463867 0.96195363998413085938 1.332162022590637207 1.6593275070190429688 2.0133850574493408203 1.906788945198059082 1.1100034713745117188 1.7103925943374633789 3.6378793716430664062 2.2944996356964111328 2.3901598453521728516 3.4005708694458007812 3.5135529041290283203 3.7928640842437744141
2.522945404052734375 2.7474577426910400391 3.4705820083618164062 0.71503871679306030273 0.62757319211959838867 2.6081051826477050781 2.2008860111236572266 1.2587140798568725586 1.7133427858352661133 2.9995820522308349609 2.8095097541809082031 0.56919372081756591797 1.2806435823440551758 0.58672475814819335938 1.6424688100814819336 4.7834973335266113281 4.9917035102844238281 5.7136816978454589844 3.4302971363067626953 2.1222488880157470703 2.9650046825408935547 2.7562773227691650391 1.4317643642425537109 2.2271611690521240234 2.2452576160430908203 2.9636454582214355469 1.3367125988006591797 1.1564466953277587891 1.1476632356643676758 1.4292976856231689453 1.7103925943374633789 1.5654947757720947266 1.7440732717514038086 2.8424324989318847656 3.996677398681640625 2.3083407878875732422 2.7363932132720947266 3.9242596626281738281 3.7331330776214599609 3.9962992668151855469
2.1341345310211181641 1.5901842117309570312 3.2468678951263427734 0.89658516645431518555 0.18000388145446777344 2.5331518650054931641 2.03835296630859375 1.2920507192611694336 0.1590976417064666748 0.35575765371322631836 0.28813415765762329102 0.96929526329040527344 2.0489990711212158203 3.8257303237915039062 7.0490422248840332031 9.1353054046630859375 8.8205852508544921875 7.3844776153564453125 4.1057238578796386719 2.4847700595855712891 3.832065582275390625 4.4441003799438476562 1.4374176263809204102 2.1006951332092285156 1.5285332202911376953 1.9766130447387695312 1.528858184814453125 1.7159990072250366211 1.3367162942886352539 1.119080662727355957 1.342379450798034668 1.5088684558868408203 2.3644189834594726562 3.522731781005859375 4.3252096176147460938 3.5036084651947021484 2.9894533157348632812 3.6684384346008300781 3.70556640625 4.0832815170288085938
1.3367087841033935547 0.52957451343536376953 1.6889592409133911133 2.1487891674041748047 1.2778612375259399414 1.1392452716827392578 1.5038340091705322266 2.4229485988616943359 1.7324330806732177734 2.505054473876953125 2.3772161006927490234 3.2326700687408447266 4.8196353912353515625 5.4474458694458007812 6.6503071784973144531 4.8040151596069335938 3.7017397880554199219 1.4639310836791992188 4.0790820121765136719 5.0427398681640625 1.1285352706909179688 6.56824493408203125 3.2835445404052734375 1.7180637121200561523 0.68836152553558349609 1.6799335479736328125 2.1821868419647216797 1.2408974170684814453 0.94603228569030761719 1.6088471412658691406 2.1400492191314697266 2.0934545993804931641 2.3708319664001464844 3.3152496814727783203 4.2403664588928222656 3.3566024303436279297 3.0591487884521484375 3.8490343093872070312 3.5959787368774414062 3.0867772102355957031
1.1249506473541259766 0.85378444194793701172 1.773990631103515625 2.19351959228515625 2.4346027374267578125 1.5305129289627075195 1.7254126071929931641 0.45000052452087402344 1.2538808584213256836 1.6304184198379516602 2.3433680534362792969 5.924945831298828125 2.0211544036865234375 2.3517658710479736328 4.0253815650939941406 2.8481173515319824219 3.0076549053192138672 1.552501678466796875 1.6498520374298095703 5.0751318931579589844 4.4238405227661132812 6.5856728553771972656 4.1017937660217285156 1.2425222396850585938 1.4014052152633666992 1.5741883516311645508 2.3039629459381103516 1.4649677276611328125 1.1140917539596557617 1.4601166248321533203 1.972508549690246582 2.2594053745269775391 2.4706940650939941406 3.23891448974609375 3.7611668109893798828 2.3440065383911132812 2.1914362907409667969 3.1591308116912841797 2.8525543212890625 2.5104835033416748047
1.0186861753463745117 1.6702715158462524414 1.2182651758193969727 1.0985425710678100586 1.267121434211730957 0.92492908239364624023 0.59187912940979003906 1.0359300374984741211 0.31819915771484375 1.2550927400588989258 4.969020843505859375 5.7418189048767089844 1.561938166618347168 2.236225128173828125 2.5283567905426025391 5.0299305915832519531 5.3869867324829101562 2.5696265697479248047 1.2115842103958129883 2.1635711193084716797 3.0277574062347412109 5.4497547149658203125 4.1112580299377441406 1.9601566791534423828 1.6745067834854125977 1.8987981081008911133 2.6048121452331542969 2.3543426990509033203 1.9842706918716430664 1.8011661767959594727 2.2589590549468994141 2.6086924076080322266 2.6395184993743896484 3.214946746826171875 3.58062744140625 2.799411773681640625 2.4385473728179931641 2.6677224636077880859 2.6148819923400878906 2.4310693740844726562
