wildfire/work/fuelmodels/1816/aspect.asc
ncols        375
nrows        264
xllcorner    171030.000000000000
yllcorner    476145.000000000000
cellsize     5.000000000000
NODATA_value   -999
[rows 209 to 227 of 264, columns 210 to 251 of 375]
12.242323875427246094 23.720411300659179688 7.7921166419982910156 12.380597114562988281 346.158203125 341.240631103515625 352.404510498046875 338.59405517578125 34.460773468017578125 55.539035797119140625 22.3801116943359375 22.109270095825195312 45.596599578857421875 9.5828790664672851562 7.8830194473266601562 59.381465911865234375 358.362548828125 318.09307861328125 57.5284576416015625 357.9541015625 346.217559814453125 13.851329803466796875 21.736713409423828125 37.30388641357421875 44.999897003173828125 20.09506988525390625 6.3401770591735839844 346.7586669921875 8.5608968734741210938 18.296251296997070312 24.443904876708984375 22.533124923706054688 3.5395219326019287109 357.9002685546875 299.858428955078125 254.1400299072265625 113.19843292236328125 80.74410247802734375 70.9532012939453125 356.632965087890625 353.385650634765625 326.591522216796875
20.361600875854492188 26.228610992431640625 15.080685615539550781 15.478592872619628906 357.953704833984375 326.65850830078125 352.4039306640625 295.345245361328125 82.874664306640625 84.6676025390625 7.4313097000122070312 38.94557952880859375 39.173553466796875 353.8106689453125 21.674594879150390625 33.0557708740234375 13.6428985595703125 33.99604034423828125 52.5947113037109375 307.874725341796875 304.8238525390625 89.9995574951171875 103.2982177734375 73.88639068603515625 69.4983062744140625 57.9944610595703125 332.2996826171875 339.033447265625 4.5378985404968261719 6.604877471923828125 23.690591812133789062 21.644329071044921875 8.91489410400390625 36.15813446044921875 47.72676849365234375 237.945892333984375 184.8075408935546875 100.61944580078125 70.621856689453125 327.756866455078125 2.4893615245819091797 324.161346435546875
19.759393692016601562 33.111175537109375 19.230569839477539062 11.540497779846191406 15.5615386962890625 355.100189208984375 13.091660499572753906 27.645734786987304688 95.47725677490234375 92.9680023193359375 206.564208984375 88.1528472900390625 9.727512359619140625 339.166015625 44.454227447509765625 52.764984130859375 79.91910552978515625 113.58681488037109375 237.9942474365234375 298.4122314453125 321.709259033203125 62.417865753173828125 72.64593505859375 101.02321624755859375 96.3399200439453125 57.094783782958984375 292.912200927734375 344.2479248046875 56.689098358154296875 277.12481689453125 8.1294279098510742188 58.157283782958984375 77.57389068603515625 33.3106536865234375 2.9207243919372558594 2.2147965431213378906 358.853363037109375 23.568714141845703125 33.492122650146484375 21.104791641235351562 56.30963134765625 251.564453125
21.37023162841796875 24.863489151000976562 23.198535919189453125 27.284160614013671875 45.707363128662109375 357.45440673828125 10.885451316833496094 56.309825897216796875 56.30968475341796875 45.615966796875 39.805538177490234375 87.50971221923828125 188.1298828125 203.1979827880859375 89.99979400634765625 44.999790191650390625 57.1885223388671875 23.713552474975585938 341.564117431640625 339.6761474609375 335.646270751953125 10.573453903198242188 44.572315216064453125 66.467529296875 77.00534820556640625 65.2250823974609375 257.855224609375 249.443939208984375 28.300388336181640625 11.975989341735839844 259.694366455078125 104.1533050537109375 102.48233795166015625 295.6644287109375 333.1771240234375 34.7557525634765625 355.0489501953125 347.56378173828125 26.564989089965820312 32.62595367431640625 22.348035812377929688 357.34490966796875
40.913818359375 87.510650634765625 102.80434417724609375 89.99979400634765625 54.24614715576171875 348.3656005859375 59.676082611083984375 62.92771148681640625 1.1852123737335205078 27.517635345458984375 52.180400848388671875 50.617229461669921875 80.31085205078125 172.2340240478515625 219.9570770263671875 126.25356292724609375 47.462757110595703125 353.843994140625 1.2187833786010742188 22.442857742309570312 306.253143310546875 339.676055908203125 66.00661468505859375 64.1421051025390625 60.01818084716796875 63.852939605712890625 259.69476318359375 260.94158935546875 310.913543701171875 24.30464935302734375 337.086334228515625 30.124307632446289062 35.24200439453125 327.993804931640625 321.90997314453125 35.07366180419921875 333.7110595703125 316.684326171875 64.1788787841796875 31.87944793701171875 23.085054397583007812 9.5542688369750976562
151.9902496337890625 130.7104644775390625 144.46405029296875 56.04085540771484375 69.14580535888671875 272.488494873046875 59.574039459228515625 12.893750190734863281 338.403961181640625 34.894866943359375 40.7372589111328125 36.37258148193359375 25.710069656372070312 17.354061126708984375 6.1152272224426269531 140.572021484375 180.9384307861328125 231.8423919677734375 128.5167083740234375 106.47650146484375 218.0884246826171875 190.243621826171875 116.74786376953125 90.389556884765625 64.17882537841796875 30.217149734497070312 344.912872314453125 325.2032470703125 17.020717620849609375 137.6627349853515625 253.2491912841796875 357.272979736328125 35.67627716064453125 9.8335371017456054688 3.0127322673797607422 10.3754425048828125 352.8741455078125 140.8549957275390625 192.5285186767578125 317.7255859375 51.11539459228515625 46.41448211669921875
193.49505615234375 99.46224212646484375 306.633209228515625 31.293100357055664062 47.68389892578125 333.033416748046875 4.0854406356811523438 2.082508087158203125 16.606904983520507812 25.463579177856445312 49.573810577392578125 77.97756195068359375 100.95368194580078125 6.7096157073974609375 19.686918258666992188 38.072635650634765625 55.17557525634765625 212.1952056884765625 160.8662261962890625 104.85828399658203125 139.3980865478515625 165.17303466796875 133.3148040771484375 105.7245635986328125 67.75072479248046875 344.649078369140625 344.096160888671875 344.930816650390625 46.145572662353515625 82.9831390380859375 229.8131103515625 244.732147216796875 65.09503936767578125 66.10463714599609375 13.240399360656738281 22.619520187377929688 42.56341552734375 35.537815093994140625 334.43927001953125 324.86505126953125 61.88684844970703125 58.840557098388671875
218.156982421875 265.36407470703125 310.828857421875 352.646759033203125 22.407350540161132812 10.992384910583496094 3.9450542926788330078 67.8334197998046875 92.815582275390625 191.3073883056640625 97.73343658447265625 85.80413055419921875 85.50255584716796875 252.2992706298828125 134.9996795654296875 104.6009979248046875 92.1209259033203125 334.289276123046875 329.825439453125 5.0794835090637207031 19.249553680419921875 21.885774612426757812 64.7468414306640625 97.95735931396484375 296.563262939453125 289.322540283203125 274.08489990234375 203.1954803466796875 64.334625244140625 57.7498779296875 335.907196044921875 294.622894287109375 99.3233795166015625 100.56104278564453125 329.419708251953125 12.264889717102050781 21.217992782592773438 18.0833282470703125 345.46466064453125 351.572601318359375 60.945430755615234375 77.98836517333984375
1.3638222217559814453 314.214569091796875 297.57391357421875 326.488189697265625 37.775604248046875 54.210910797119140625 69.10213470458984375 108.4346923828125 124.286651611328125 161.5641326904296875 85.15567779541015625 75.03311920166015625 58.78157806396484375 326.308746337890625 122.6373748779296875 134.0680999755859375 179.9992828369140625 243.4343719482421875 296.5643310546875 331.3009033203125 11.659317970275878906 26.016683578491210938 40.143337249755859375 34.765186309814453125 2.0823168754577636719 311.530609130859375 185.7094268798828125 182.1205902099609375 161.09521484375 55.175670623779296875 342.4278564453125 30.9633636474609375 133.2896881103515625 140.1942138671875 207.823883056640625 210.5786590576171875 4.3995947837829589844 358.26324462890625 351.86895751953125 30.750095367431640625 70.3011932373046875 77.69178009033203125
2.8271205425262451172 342.060333251953125 278.426177978515625 205.4155731201171875 149.867919921875 101.12136077880859375 58.570465087890625 59.0362548828125 38.210781097412109375 89.99951934814453125 132.5801239013671875 113.74919891357421875 70.114715576171875 37.56832122802734375 73.9397430419921875 49.9696197509765625 357.356903076171875 269.999359130859375 264.804901123046875 276.7529296875 2.1747808456420898438 23.4708404541015625 14.036273002624511719 20.989168167114257812 24.676727294921875 22.988718032836914062 40.763824462890625 34.215335845947265625 357.50958251953125 309.28875732421875 75.9629364013671875 112.067657470703125 284.0352783203125 29.64966583251953125 350.39361572265625 308.8291015625 345.963134765625 337.08642578125 347.987640380859375 58.27632904052734375 65.18564605712890625 68.67037200927734375
359.664031982421875 15.33319091796875 110.555694580078125 175.439605712890625 197.0023651123046875 147.528717041015625 43.89817047119140625 56.888507843017578125 46.218563079833984375 87.038787841796875 115.38182830810546875 142.01617431640625 134.99847412109375 54.272251129150390625 32.399585723876953125 24.443994522094726562 50.710605621337890625 87.51020050048828125 250.9887237548828125 254.2186431884765625 277.59381103515625 356.185089111328125 5.1945509910583496094 41.08823394775390625 45.362457275390625 38.534053802490234375 26.88697052001953125 4.3431229591369628906 1.0674533843994140625 357.929107666015625 57.80368804931640625 48.66774749755859375 334.766510009765625 354.018463134765625 359.99908447265625 332.968353271484375 325.560272216796875 329.80780029296875 41.054828643798828125 98.2405242919921875 103.20088958740234375 74.24871826171875
356.007904052734375 45.52533721923828125 66.59505462646484375 11.745821952819824219 319.547271728515625 340.345123291015625 27.552675247192382812 44.274658203125 44.265216827392578125 60.724544525146484375 48.01265716552734375 33.572795867919921875 56.310009002685546875 96.34023284912109375 4.9693803787231445312 54.75249481201171875 71.771026611328125 53.275577545166015625 282.5283203125 267.708770751953125 248.522552490234375 221.0542144775390625 164.0541229248046875 99.0393829345703125 69.12096405029296875 48.60843658447265625 24.211736679077148438 353.58453369140625 1.1690524816513061523 18.604827880859375 18.239355087280273438 24.676944732666015625 7.7921166419982910156 329.619903564453125 179.9995880126953125 142.3521728515625 256.2176513671875 296.2406005859375 58.06143951416015625 69.48223876953125 35.68994903564453125 20.806795120239257812
316.907318115234375 52.51198577880859375 49.085659027099609375 354.704132080078125 342.53997802734375 19.133550643920898438 40.971683502197265625 49.3986968994140625 67.45667266845703125 49.51383209228515625 12.209111213684082031 21.954404830932617188 16.757844924926757812 12.778607368469238281 40.07268524169921875 89.99979400634765625 79.3541717529296875 45.881153106689453125 314.144134521484375 277.59393310546875 225.9543304443359375 216.4687957763671875 205.4627227783203125 90.000091552734375 23.805944442749023438 22.248968124389648438 13.804880142211914062 1.0947120189666748047 352.87408447265625 14.845328330993652344 29.497486114501953125 40.03033447265625 27.688274383544921875 18.852884292602539062 17.102792739868164062 86.18576812744140625 241.2084197998046875 239.4933319091796875 118.24936676025390625 66.6656951904296875 12.783527374267578125 17.2415618896484375
281.022857666015625 34.43878936767578125 33.98313140869140625 338.815032958984375 338.6812744140625 50.65134429931640625 84.80535125732421875 168.6896820068359375 79.82444000244140625 27.979583740234375 338.573822021484375 18.4350128173828125 11.103803634643554688 27.680934906005859375 33.178470611572265625 34.098724365234375 59.81330108642578125 60.15384674072265625 296.9388427734375 290.725128173828125 310.763214111328125 305.7061767578125 0 3.0775113105773925781 356.78375244140625 7.9694647789001464844 28.300588607788085938 49.315799713134765625 326.88812255859375 338.628509521484375 56.421100616455078125 63.112911224365234375 26.258533477783203125 33.53023529052734375 40.515411376953125 55.619594573974609375 327.8741455078125 219.863250732421875 162.474029541015625 187.2238616943359375 149.930572509765625 106.389129638671875
283.49493408203125 334.024627685546875 5.2539162635803222656 338.517425537109375 316.145263671875 95.71038055419921875 106.47171783447265625 204.145050048828125 276.339691162109375 1.4321268796920776367 4.6860055923461914062 44.999897003173828125 154.9833831787109375 74.21906280517578125 38.659759521484375 30.540538787841796875 47.4774932861328125 39.062530517578125 327.6185302734375 316.0802001953125 317.38525390625 311.917083740234375 320.04180908203125 38.6597747802734375 40.48584747314453125 132.0639190673828125 137.06976318359375 140.9740142822265625 182.89080810546875 218.1566925048828125 106.47658538818359375 75.20294952392578125 354.70916748046875 17.758157730102539062 23.537067413330078125 13.736314773559570312 13.590878486633300781 27.377580642700195312 18.435136795043945312 311.18511962890625 122.734649658203125 120.9627227783203125
297.97894287109375 286.0592041015625 355.9130859375 55.00711822509765625 144.46099853515625 99.81591796875 97.32366180419921875 249.7019805908203125 286.73541259765625 352.941375732421875 52.9069061279296875 78.11092376708984375 119.93169403076171875 130.6011810302734375 120.4653472900390625 71.095245361328125 56.386257171630859375 41.896541595458984375 9.3815174102783203125 334.024627685546875 287.29974365234375 289.37725830078125 314.999267578125 71.56488037109375 65.17046356201171875 80.44539642333984375 98.4471893310546875 110.15731048583984375 152.744293212890625 186.115020751953125 0 340.1138916015625 338.70196533203125 11.142924308776855469 20.157562255859375 9.3529863357543945312 22.166301727294921875 27.597208023071289062 9.16230010986328125 10.097397804260253906 27.847539901733398438 358.451080322265625
333.434722900390625 262.998138427734375 172.6480712890625 144.4615936279296875 121.34893798828125 96.69775390625 69.86338043212890625 335.150970458984375 300.555419921875 2.6028604507446289062 71.86175537109375 60.154216766357421875 76.42961883544921875 84.80545806884765625 10.008176803588867188 58.3244476318359375 35.941806793212890625 51.641387939453125 65.61804962158203125 0 270.40570068359375 271.21826171875 0 53.74616241455078125 34.5625152587890625 53.701969146728515625 56.63344573974609375 66.54088592529296875 84.427734375 149.035888671875 0 353.9266357421875 312.8785400390625 71.563568115234375 37.87483978271484375 10.980680465698242188 26.564989089965820312 25.346088409423828125 12.937894821166992188 16.5043182373046875 20.4099578857421875 352.953338623046875
2.3373639583587646484 341.56427001953125 166.430694580078125 288.43426513671875 66.31780242919921875 76.49451446533203125 47.533222198486328125 338.138702392578125 337.963104248046875 129.1435546875 89.99954986572265625 50.964649200439453125 63.434749603271484375 53.12958526611328125 350.216949462890625 30.963397979736328125 43.408412933349609375 97.89153289794921875 93.503387451171875 333.6865234375 313.37811279296875 288.74908447265625 0 329.620452880859375 354.643402099609375 46.952320098876953125 36.1796112060546875 35.909717559814453125 41.241336822509765625 4.8079524040222167969 0 0 318.57501220703125 349.6943359375 349.764495849609375 357.655120849609375 37.2595062255859375 28.39281463623046875 22.520368576049804688 39.094005584716796875 21.318012237548828125 343.55865478515625
12.8211669921875 17.667535781860351562 8.0045404434204101562 348.022796630859375 70.46323394775390625 64.41825103759765625 34.0277099609375 324.781585693359375 62.10292816162109375 106.60691070556640625 173.07220458984375 152.3534088134765625 142.852996826171875 92.72669219970703125 45.00145721435546875 122.0063323974609375 121.82720184326171875 112.55696868896484375 5.8264632225036621094 326.5040283203125 337.618988037109375 308.990142822265625 314.999267578125 297.581298828125 337.165557861328125 31.277667999267578125 19.195489883422851562 34.99195098876953125 37.405223846435546875 359.686065673828125 341.199432373046875 340.200225830078125 325.459014892578125 351.527923583984375 351.407958984375 23.198648452758789062 81.02718353271484375 34.6948089599609375 67.06764984130859375 82.1165313720703125 321.788330078125 345.464447021484375
