wildfire/work/fuelmodels/1816/aspect.asc
ncols        375
nrows        264
xllcorner    171030.000000000000
yllcorner    476145.000000000000
cellsize     5.000000000000
NODATA_value   -999
[rows 133 to 151 of 264, columns 126 to 167 of 375]
37.292491912841796875 31.908113479614257812 319.993011474609375 338.120025634765625 347.73431396484375 303.343902587890625 299.845245361328125 331.886260986328125 21.218061447143554688 21.682168960571289062 46.789844512939453125 76.75921630859375 72.66656494140625 46.684452056884765625 310.68316650390625 330.94439697265625 22.714443206787109375 42.51020050048828125 66.3703460693359375 10.713314056396484375 348.0233154296875 7.2749052047729492188 334.1328125 6.3402838706970214844 354.80499267578125 164.475189208984375 184.0850982666015625 312.95379638671875 309.14312744140625 259.640380859375 286.293426513671875 319.3980712890625 305.536956787109375 339.86279296875 48.57621002197265625 37.775726318359375 304.214874267578125 212.798858642578125 146.8884124755859375 142.5944671630859375 67.619964599609375 63.7118072509765625
74.2912445068359375 34.019184112548828125 312.53662109375 323.497833251953125 330.190093994140625 309.907135009765625 294.245086669921875 281.975494384765625 20.556819915771484375 69.77504730224609375 75.34317779541015625 86.78435516357421875 66.80127716064453125 35.1662750244140625 18.434906005859375 235.3033447265625 231.7093658447265625 67.4792633056640625 50.46014404296875 9.9638051986694335938 339.352264404296875 353.940185546875 6.4760866165161132812 10.645653724670410156 13.079304695129394531 24.77516937255859375 333.57489013671875 335.629150390625 10.905026435852050781 338.657135009765625 319.23565673828125 331.85784912109375 286.79779052734375 208.8103485107421875 102.2646942138671875 14.215892791748046875 23.749555587768554688 123.23142242431640625 149.0361785888671875 293.7484130859375 343.8099365234375 60.140926361083984375
109.35875701904296875 164.4069366455078125 229.93865966796875 273.21484375 299.437774658203125 313.378173828125 308.344696044921875 319.4837646484375 351.25323486328125 31.3286285400390625 44.292560577392578125 55.124538421630859375 27.121198654174804688 29.331830978393554688 26.565067291259765625 9.8656587600708007812 349.776611328125 21.161378860473632812 39.289424896240234375 17.8917694091796875 334.469573974609375 336.892852783203125 18.217046737670898438 20.725521087646484375 2.0455174446105957031 351.157379150390625 344.552764892578125 340.876007080078125 21.864408493041992188 350.216766357421875 335.496429443359375 19.85520172119140625 220.60064697265625 165.9633026123046875 173.8841400146484375 269.999603271484375 59.994869232177734375 51.613468170166015625 2.3530416488647460938 324.46148681640625 318.8140869140625 80.62763214111328125
78.5303497314453125 12.994524955749511719 309.067596435546875 282.358795166015625 284.649200439453125 316.44952392578125 324.760894775390625 335.224029541015625 352.64678955078125 31.122339248657226562 43.171894073486328125 40.37987518310546875 22.380113601684570312 31.159387588500976562 33.845172882080078125 29.180572509765625 14.035981178283691406 28.495985031127929688 46.364109039306640625 24.717260360717773438 316.396453857421875 322.59405517578125 24.734102249145507812 25.12769317626953125 345.378448486328125 322.124267578125 13.642698287963867188 100.71344757080078125 188.1266021728515625 319.2047119140625 343.41180419921875 27.897195816040039062 30.068593978881835938 37.23482513427734375 322.38525390625 320.709808349609375 18.434906005859375 34.91936492919921875 10.007781028747558594 350.536468505859375 358.99407958984375 41.08173370361328125
47.385650634765625 351.468414306640625 338.27215576171875 285.045806884765625 251.2161407470703125 219.4541473388671875 247.0936431884765625 277.764434814453125 4.0853018760681152344 91.808563232421875 106.58712005615234375 82.23471832275390625 66.80152130126953125 78.31050872802734375 52.124393463134765625 25.20110321044921875 24.77515411376953125 21.3708343505859375 17.04913330078125 1.1455678939819335938 321.286102294921875 339.443206787109375 10.692114830017089844 19.680248260498046875 348.253692626953125 288.07171630859375 78.68976593017578125 62.2413482666015625 314.999267578125 254.475372314453125 177.2732086181640625 234.462005615234375 34.939357757568359375 39.999279022216796875 312.22900390625 327.3800048828125 345.962799072265625 43.386478424072265625 29.320413589477539062 350.78790283203125 349.85357666015625 28.101408004760742188
10.8853302001953125 314.999267578125 322.732879638671875 317.32098388671875 259.795623779296875 234.1174163818359375 255.119720458984375 264.122100830078125 23.19815826416015625 79.65118408203125 72.323883056640625 355.029541015625 63.188983917236328125 66.80121612548828125 350.13287353515625 359.308990478515625 12.633434295654296875 1.8241254091262817383 358.853363037109375 356.570770263671875 335.409088134765625 345.84564208984375 62.85004425048828125 96.84246063232421875 0.0013660358963534235954 236.888336181640625 134.9996795654296875 81.86954498291015625 343.07171630859375 244.9819793701171875 154.0932769775390625 244.28961181640625 179.9987945556640625 57.38039398193359375 323.00396728515625 338.050628662109375 332.40185546875 15.832390785217285156 42.220672607421875 8.615451812744140625 283.569854736328125 44.999897003173828125
17.85059356689453125 313.4295654296875 310.87677001953125 350.617706298828125 334.258453369140625 321.3394775390625 291.749603271484375 280.83966064453125 336.036529541015625 48.27044677734375 29.13431549072265625 0.93921220302581787109 30.963657379150390625 22.100008010864257812 349.18524169921875 353.324737548828125 4.2588772773742675781 355.501983642578125 356.422821044921875 8.0355057434644550085e-05 352.724212646484375 84.6105194091796875 115.4477691650390625 154.02508544921875 229.2884521484375 322.12396240234375 4.6856493949890136719 40.60131072998046875 39.559993743896484375 108.4346923828125 319.39776611328125 320.905426025390625 2.1749348640441894531 348.9580078125 332.5916748046875 350.361724853515625 325.2432861328125 20.095058441162109375 74.28115081787109375 25.974321365356445312 334.53631591796875 0
347.968994140625 316.54736328125 314.0028076171875 344.053802490234375 339.025634765625 325.822174072265625 284.4810791015625 286.34222412109375 338.384368896484375 23.629331588745117188 17.319017410278320312 5.11042022705078125 9.757801055908203125 13.339109420776367188 349.9912109375 353.0880126953125 16.955320358276367188 23.8386688232421875 90.00005340576171875 162.4070587158203125 150.9449005126953125 119.3316802978515625 80.13399505615234375 18.435056686401367188 322.12445068359375 296.199462890625 2.7261066436767578125 58.760955810546875 53.972721099853515625 7.1247191429138183594 306.673583984375 313.549163818359375 11.575268745422363281 356.759185791015625 277.12408447265625 298.81005859375 298.494598388671875 115.82098388671875 88.3152313232421875 349.561859130859375 351.5516357421875 356.69732666015625
300.017913818359375 305.997650146484375 305.095062255859375 298.008392333984375 308.11761474609375 338.87451171875 300.46490478515625 282.294677734375 323.026519775390625 353.955108642578125 357.70855712890625 6.2258009910583496094 4.9696602821350097656 10.158956527709960938 0 12.52892303466796875 73.12359619140625 88.87646484375 90.85474395751953125 32.90500640869140625 69.30419921875 62.81861114501953125 358.697174072265625 12.264768600463867188 8.9725589752197265625 307.8756103515625 173.65924072265625 139.3975982666015625 15.2551116943359375 356.09857177734375 306.868988037109375 259.438323974609375 161.56427001953125 134.9996795654296875 284.035614013671875 290.37579345703125 0 57.4073944091796875 47.41945648193359375 337.54241943359375 338.78125 11.591993331909179688
296.564483642578125 279.08966064453125 290.461456298828125 314.180633544921875 315.46124267578125 340.01611328125 351.558837890625 299.595855712890625 293.483428955078125 323.29644775390625 349.29779052734375 16.614343643188476562 16.101245880126953125 12.680386543273925781 31.690876007080078125 65.26573944091796875 80.217437744140625 72.19785308837890625 36.869625091552734375 0.78499090671539306641 33.517993927001953125 27.12114715576171875 343.539306640625 4.4844827651977539062 18.733211517333984375 37.6262359619140625 23.1987457275390625 319.76300048828125 64.98207855224609375 149.8258514404296875 201.8009033203125 226.0802154541015625 251.5641021728515625 330.375518798828125 322.7994384765625 321.653839111328125 355.913665771484375 14.676191329956054688 30.963623046875 345.578521728515625 345.113006591796875 74.0543060302734375
318.44659423828125 314.29205322265625 311.54595947265625 324.715911865234375 323.075103759765625 330.300018310546875 1.2018589973449707031 338.120025634765625 292.010589599609375 274.30389404296875 281.30938720703125 66.47650146484375 71.56475830078125 73.88614654541015625 73.81052398681640625 67.6196136474609375 26.564889907836914062 46.562152862548828125 36.740447998046875 350.361846923828125 42.91728973388671875 3.2890565395355224609 351.134552001953125 12.4499359130859375 16.049089431762695312 27.50431060791015625 26.029621124267578125 49.085613250732421875 130.601104736328125 172.8736572265625 317.8150634765625 323.343170166015625 326.737762451171875 331.76177978515625 332.161102294921875 339.22711181640625 346.263031005859375 35.1337890625 37.0925445556640625 334.212005615234375 15.592866897583007812 40.96209716796875
320.439605712890625 326.23370361328125 323.41558837890625 329.521697998046875 337.6585693359375 334.092742919921875 328.735595703125 337.795654296875 321.51904296875 239.7822113037109375 203.9962615966796875 173.77392578125 100.78409576416015625 44.999897003173828125 46.84735870361328125 41.922382354736328125 12.917898178100585938 55.2139892578125 42.172702789306640625 352.8741455078125 27.095600128173828125 346.108001708984375 9.727386474609375 24.30464935302734375 347.346832275390625 13.92830657958984375 27.70748138427734375 46.73563385009765625 53.84178924560546875 314.291778564453125 320.753875732421875 347.636627197265625 331.23150634765625 324.334320068359375 339.774322509765625 356.49566650390625 17.354169845581054688 66.8012542724609375 328.238677978515625 299.5382080078125 47.935604095458984375 48.651966094970703125
317.924285888671875 315.307281494140625 321.33941650390625 336.800628662109375 10.784260749816894531 101.309906005859375 253.3000946044921875 280.079925537109375 325.6187744140625 11.560109138488769531 345.963897705078125 230.5717620849609375 324.781097412109375 7.12508392333984375 24.96273040771484375 23.3109893798828125 31.277845382690429688 56.0034637451171875 58.09172821044921875 71.565155029296875 35.53936767578125 325.080108642578125 5.527301788330078125 359.14404296875 343.901702880859375 19.230543136596679688 30.80876922607421875 49.332210540771484375 53.77764892578125 305.406097412109375 277.176544189453125 314.998687744140625 307.233917236328125 280.007293701171875 300.140625 355.155059814453125 33.886882781982421875 23.051130294799804688 344.665771484375 343.978759765625 51.340183258056640625 90.78462982177734375
299.449493408203125 286.9268798828125 272.20208740234375 151.698760986328125 157.3282012939453125 184.898773193359375 284.885772705078125 278.129638671875 283.695220947265625 344.2672119140625 25.2920074462890625 359.999053955078125 295.6644287109375 332.59161376953125 14.500034332275390625 26.01233673095703125 27.087604522705078125 37.621368408203125 62.487758636474609375 56.767993927001953125 319.537139892578125 333.92401123046875 345.14044189453125 351.41546630859375 352.0921630859375 62.102558135986328125 56.534534454345703125 54.1415863037109375 47.059970855712890625 342.96630859375 326.30926513671875 350.868896484375 0 314.999420166015625 312.66192626953125 336.800048828125 354.09307861328125 8.5835819244384765625 339.927642822265625 13.706732749938964844 42.646701812744140625 28.4127044677734375
287.271087646484375 271.8712158203125 265.2359619140625 84.5593719482421875 6.3405499458312988281 326.841217041015625 310.600494384765625 318.179168701171875 311.90521240234375 321.84197998046875 37.80638885498046875 13.260844230651855469 350.246856689453125 329.53363037109375 14.743075370788574219 52.2530517578125 21.037761688232421875 53.12995147705078125 61.078647613525390625 12.183600425720214844 341.353668212890625 8.972827911376953125 302.904296875 325.0067138671875 82.3036041259765625 88.090606689453125 19.133615493774414062 33.55060577392578125 21.48193359375 348.56884765625 344.98089599609375 350.133270263671875 5.9805092811584472656 324.89324951171875 350.959747314453125 357.878021240234375 333.852294921875 27.349832534790039062 147.0947265625 146.1289520263671875 200.2237548828125 354.0931396484375
312.545166015625 287.72979736328125 305.216827392578125 26.114015579223632812 334.178466796875 324.63677978515625 295.851043701171875 294.497833251953125 302.618499755859375 330.801483154296875 350.462493896484375 357.63299560546875 12.578988075256347656 4.2973551750183105469 16.189058303833007812 32.957332611083984375 70.08348846435546875 100.738616943359375 66.2178497314453125 9.7823467254638671875 31.551492691040039062 58.62677001953125 325.30401611328125 4.398223876953125 70.9421234130859375 36.119434356689453125 338.96173095703125 28.810558319091796875 37.0301513671875 102.9937591552734375 220.60064697265625 285.944671630859375 333.433807373046875 313.726226806640625 323.392364501953125 347.7677001953125 17.631677627563476562 2.9507236480712890625 51.263248443603515625 62.020351409912109375 301.72296142578125 5.5992178916931152344
338.90679931640625 313.744720458984375 331.325927734375 23.459026336669921875 338.33343505859375 327.9251708984375 313.726226806640625 285.394805908203125 257.6602783203125 292.379425048828125 319.3037109375 348.53253173828125 26.475023269653320312 23.12366485595703125 2.6424841880798339844 20.363782882690429688 42.966602325439453125 35.69004058837890625 31.504102706909179688 51.54595947265625 70.6407318115234375 348.110565185546875 338.628570556640625 12.847600936889648438 40.17916107177734375 23.962545394897460938 317.38525390625 30.425750732421875 66.6560516357421875 13.495842933654785156 335.18499755859375 5.9646081924438476562 304.561614990234375 317.54388427734375 302.54937744140625 314.06005859375 48.918087005615234375 22.619794845581054688 39.59612274169921875 14.19853973388671875 324.60443115234375 21.720920562744140625
338.781219482421875 325.61895751953125 329.71417236328125 14.816287040710449219 354.6336669921875 341.7564697265625 333.568389892578125 333.89752197265625 320.814788818359375 299.25726318359375 289.26458740234375 294.14495849609375 70.53714752197265625 58.60955810546875 326.44854736328125 29.611410140991210938 45.632984161376953125 9.9818601608276367188 37.62943267822265625 71.045623779296875 53.53079986572265625 315.784088134765625 340.60137939453125 39.1437530517578125 59.237148284912109375 41.633579254150390625 307.56793212890625 29.054784774780273438 37.7939300537109375 351.19232177734375 348.886077880859375 22.2491302490234375 333.43402099609375 327.586822509765625 331.586669921875 331.79754638671875 40.985637664794921875 82.30387115478515625 271.331085205078125 333.267059326171875 357.851593017578125 10.922695159912109375
303.002288818359375 317.267242431640625 330.004119873046875 4.685909271240234375 347.2996826171875 339.640838623046875 335.6129150390625 337.29290771484375 327.803466796875 313.03564453125 310.363861083984375 182.5635833740234375 139.6102447509765625 58.24047088623046875 318.31695556640625 71.9801483154296875 79.47910308837890625 347.470489501953125 59.90810394287109375 44.490650177001953125 356.86279296875 341.227874755859375 9.1888275146484375 39.417247772216796875 54.8657379150390625 61.090816497802734375 296.564239501953125 344.24822998046875 353.3193359375 354.9453125 26.8006439208984375 3.5324952602386474609 327.803497314453125 327.698822021484375 354.871002197265625 10.007846832275390625 6.4698324203491210938 56.829952239990234375 321.63177490234375 300.691986083984375 17.076383590698242188 17.89182281494140625
