wildfire/work/fuelmodels/1816/aspect.asc
ncols        375
nrows        264
xllcorner    171030.000000000000
yllcorner    476145.000000000000
cellsize     5.000000000000
NODATA_value   -999
[rows 19 to 37 of 264, columns 210 to 251 of 375]
265.913665771484375 318.730743408203125 76.67523956298828125 285.3756103515625 300.068084716796875 126.468170166015625 160.2005767822265625 260.2171630859375 325.30364990234375 282.99395751953125 265.777252197265625 261.869476318359375 278.365234375 283.108612060546875 340.51324462890625 348.68914794921875 315.986846923828125 355.600677490234375 347.470458984375 290.3223876953125 314.999267578125 9.4622631072998046875 296.02899169921875 309.80487060546875 274.634613037109375 243.6095733642578125 242.1448516845703125 170.216644287109375 304.795074462890625 289.132843017578125 283.119659423828125 66.44777679443359375 72.4742889404296875 53.745815277099609375 55.757846832275390625 53.851894378662109375 55.049053192138671875 299.054931640625 189.865142822265625 126.78052520751953125 150.4781646728515625 258.27459716796875
305.0272216796875 314.999267578125 64.50232696533203125 301.865081787109375 316.63555908203125 86.08130645751953125 325.008056640625 298.8551025390625 296.074554443359375 275.491668701171875 244.707427978515625 235.2435150146484375 257.346832275390625 290.224212646484375 322.12445068359375 344.35693359375 326.309173583984375 339.44329833984375 355.832794189453125 339.30364990234375 324.658935546875 67.16640472412109375 264.684722900390625 272.24505615234375 352.646636962890625 303.230865478515625 239.280303955078125 238.3919219970703125 293.771697998046875 302.470428466796875 215.869140625 181.808349609375 144.1625823974609375 150.9468994140625 76.18488311767578125 62.35382080078125 54.11113739013671875 67.6937255859375 141.4584503173828125 128.99066162109375 169.2151031494140625 262.998046875
271.46875 152.102264404296875 194.4200286865234375 265.514801025390625 266.632904052734375 72.0955963134765625 314.999267578125 299.64923095703125 319.92645263671875 296.028778076171875 232.3048248291015625 239.55963134765625 268.245941162109375 296.01605224609375 353.79571533203125 322.124267578125 322.5386962890625 320.468353271484375 338.014129638671875 19.98299407958984375 9.90399932861328125 7.9269428253173828125 329.03546142578125 307.87420654296875 324.864959716796875 343.071624755859375 12.994771003723144531 285.254547119140625 277.51153564453125 176.08123779296875 167.004913330078125 201.57086181640625 207.4741363525390625 268.1513671875 38.65985107421875 61.9906463623046875 51.89234161376953125 46.9414215087890625 41.149173736572265625 37.28807830810546875 355.600677490234375 306.76348876953125
168.6895599365234375 152.446624755859375 220.8547515869140625 254.577301025390625 278.129364013671875 47.79265594482421875 351.528076171875 296.07470703125 310.762786865234375 314.999267578125 293.961761474609375 269.999542236328125 260.7315673828125 264.804901123046875 338.748291015625 306.253204345703125 302.470550537109375 316.65472412109375 350.7059326171875 58.771350860595703125 10.304676055908203125 332.524932861328125 341.34564208984375 339.1925048828125 303.870025634765625 40.91417694091796875 15.642145156860351562 278.722747802734375 270.5250244140625 83.6594390869140625 30.173513412475585938 302.47137451171875 238.392059326171875 257.98785400390625 55.0081787109375 51.22588348388671875 39.068515777587890625 48.887783050537109375 40.601093292236328125 28.673158645629882812 6.4417223930358886719 337.24822998046875
4.0855793952941894531 24.677001953125 323.796722412109375 294.178466796875 278.56866455078125 15.524027824401855469 5.8262200355529785156 251.564453125 175.710205078125 239.2998199462890625 299.21875 319.8984375 270.290283203125 260.3873291015625 196.5568389892578125 222.878326416015625 279.0224609375 291.278900146484375 22.479364395141601562 37.811397552490234375 356.105438232421875 344.89813232421875 354.8045654296875 177.509490966796875 230.439666748046875 149.0361480712890625 163.9263153076171875 237.4819488525390625 247.5425567626953125 321.70916748046875 0.00023757074086461216211 20.376520156860351562 318.666961669921875 299.053955078125 76.3282470703125 109.653594970703125 76.26367950439453125 49.267726898193359375 36.78061676025390625 38.516941070556640625 25.615406036376953125 340.0828857421875
352.25445556640625 3.5323610305786132812 357.738677978515625 31.607076644897460938 226.7894134521484375 230.439666748046875 105.94556427001953125 120.06812286376953125 315.0029296875 282.5782470703125 293.024688720703125 322.027496337890625 307.2943115234375 305.3328857421875 17.3539581298828125 304.478424072265625 280.935272216796875 265.425567626953125 207.757965087890625 336.800689697265625 353.45281982421875 58.8609161376953125 113.0087127685546875 197.783172607421875 182.72576904296875 187.00079345703125 124.99212646484375 255.8372039794921875 250.363800048828125 222.0885772705078125 255.2557525634765625 331.6986083984375 330.73126220703125 314.144134521484375 21.218061447143554688 50.042446136474609375 44.999897003173828125 29.744701385498046875 61.782611846923828125 63.152820587158203125 30.141345977783203125 343.39215087890625
178.0246124267578125 248.8595123291015625 59.931545257568359375 78.02384185791015625 288.4339599609375 274.6851806640625 134.9996795654296875 290.771209716796875 329.03546142578125 321.48223876953125 299.576904296875 294.192352294921875 291.1524658203125 281.955902099609375 16.69927215576171875 322.73956298828125 285.336181640625 284.742645263671875 286.072967529296875 252.82366943359375 160.1589508056640625 131.6046905517578125 114.8633880615234375 323.3922119140625 16.821256637573242188 342.64520263671875 337.873016357421875 331.52490234375 292.379364013671875 275.709808349609375 266.876983642578125 223.80596923828125 194.1839599609375 225.706817626953125 256.607025146484375 37.961956024169921875 8.8418321609497070312 28.61029815673828125 76.42932891845703125 55.175304412841796875 353.79571533203125 25.750446319580078125
201.36993408203125 270.867279052734375 54.866382598876953125 49.398693084716796875 331.089813232421875 309.80377197265625 102.72400665283203125 282.4068603515625 291.614105224609375 326.975311279296875 301.606842041015625 288.860321044921875 263.45318603515625 223.95782470703125 239.3348388671875 287.570556640625 275.355133056640625 252.6988983154296875 267.088653564453125 239.0361175537109375 78.690032958984375 49.39885711669921875 343.07171630859375 322.695343017578125 16.313524246215820312 357.454193115234375 318.76348876953125 326.309417724609375 303.43914794921875 257.0050048828125 215.7881927490234375 192.09454345703125 246.2499847412109375 272.48895263671875 250.144439697265625 190.3043670654296875 75.963043212890625 40.33293914794921875 33.78491973876953125 19.340711593627929688 355.710052490234375 52.352237701416015625
241.3134613037109375 250.768829345703125 221.986602783203125 44.999897003173828125 36.25350189208984375 106.389984130859375 359.998382568359375 282.130889892578125 271.7352294921875 296.14630126953125 306.297088623046875 300.68817138671875 297.757781982421875 273.620941162109375 271.827423095703125 271.547637939453125 278.901092529296875 276.519134521484375 272.814788818359375 311.72869873046875 349.694488525390625 13.954537391662597656 5.1103396415710449219 337.379425048828125 33.6890106201171875 349.693572998046875 287.849517822265625 266.185150146484375 183.3661041259765625 222.70904541015625 260.83709716796875 329.34857177734375 312.372802734375 326.050689697265625 4.553775787353515625 98.1304168701171875 172.56781005859375 287.649444580078125 10.358957290649414062 23.6705322265625 32.59252166748046875 53.488849639892578125
248.0505523681640625 266.632904052734375 259.99176025390625 120.9615478515625 55.0073394775390625 15.254802703857421875 331.14306640625 298.834869384765625 293.8382568359375 295.200592041015625 289.621612548828125 279.46148681640625 310.73126220703125 325.3040771484375 282.42535400390625 255.963226318359375 265.60076904296875 298.37847900390625 318.31695556640625 320.193603515625 302.004730224609375 60.945293426513671875 55.7126922607421875 15.018094062805175781 20.225025177001953125 9.46222686767578125 236.3089599609375 248.42803955078125 337.750274658203125 334.652984619140625 277.30499267578125 268.314788818359375 260.86932373046875 249.3931427001953125 115.0164947509765625 56.56000518798828125 348.38787841796875 304.507904052734375 224.9994659423828125 340.768341064453125 30.00478363037109375 33.689960479736328125
320.43951416015625 316.111602783203125 336.193328857421875 346.53399658203125 354.236602783203125 359.561859130859375 352.009674072265625 323.470367431640625 275.193756103515625 257.98797607421875 224.9994659423828125 229.653045654296875 253.2283172607421875 265.6007080078125 269.999359130859375 250.730133056640625 255.8083953857421875 263.117767333984375 256.18438720703125 271.00445556640625 274.398193359375 96.6321868896484375 15.944584846496582031 19.885152816772460938 41.055389404296875 80.83792877197265625 142.7655181884765625 249.443328857421875 256.428863525390625 184.3975067138671875 213.68963623046875 232.695526123046875 226.590484619140625 230.0418243408203125 205.0164642333984375 321.339569091796875 14.036496162414550781 104.38115692138671875 264.17303466796875 304.076446533203125 31.292659759521484375 37.12591552734375
303.517425537109375 266.8775634765625 284.035552978515625 323.488067626953125 341.56427001953125 0.00021427984756883233786 24.566999435424804688 24.145420074462890625 280.304107666015625 269.1177978515625 262.2340087890625 271.49365234375 257.136627197265625 227.792236328125 223.024688720703125 255.8270263671875 255.3520050048828125 223.1906890869140625 204.5124664306640625 219.9073638916015625 212.3660430908203125 157.3798980712890625 266.18597412109375 66.80162811279296875 57.99466705322265625 38.659587860107421875 46.301631927490234375 276.145782470703125 259.329193115234375 146.31085205078125 213.6904144287109375 253.008636474609375 252.0120849609375 271.022430419921875 288.4342041015625 293.324554443359375 52.12503814697265625 62.83992767333984375 294.977325439453125 321.33941650390625 27.801189422607421875 43.60268402099609375
194.4205169677734375 205.5132598876953125 248.038726806640625 272.160369873046875 311.759521484375 10.222537994384765625 47.00930023193359375 16.78246307373046875 318.877899169921875 314.999053955078125 320.8253173828125 291.10400390625 271.080108642578125 214.69482421875 241.6987152099609375 263.966156005859375 263.36688232421875 236.0932159423828125 226.122802734375 238.86907958984375 241.3890380859375 260.5372314453125 317.86175537109375 337.8328857421875 28.495615005493164062 41.987056732177734375 57.9945220947265625 313.7261962890625 306.77264404296875 4.1273350715637207031 346.650360107421875 338.838043212890625 327.224273681640625 275.388702392578125 264.907257080078125 270.923370361328125 42.064159393310546875 46.99768829345703125 294.303924560546875 296.5643310546875 36.86959075927734375 41.347591400146484375
17.592359542846679688 303.689361572265625 256.463592529296875 238.9022216796875 221.3780517578125 170.6547088623046875 154.1786651611328125 353.6588134765625 311.09893798828125 304.591766357421875 314.999267578125 288.43426513671875 210.9658355712890625 286.25921630859375 290.12506103515625 289.383819580078125 272.6258544921875 284.23663330078125 292.37921142578125 268.11102294921875 268.451202392578125 284.380615234375 322.124267578125 334.092742919921875 50.128047943115234375 70.01659393310546875 3.5038137435913085938 327.937255859375 308.129425048828125 355.913482666015625 323.6722412109375 330.037109375 358.753753662109375 317.04449462890625 292.556610107421875 301.463531494140625 14.981617927551269531 42.473880767822265625 313.853485107421875 254.35723876953125 142.352264404296875 112.16616058349609375
359.525634765625 349.539306640625 338.719635009765625 280.6192626953125 203.368682861328125 198.434417724609375 229.513275146484375 183.012420654296875 211.5038909912109375 234.751953125 268.63555908203125 294.716552734375 340.345123291015625 317.14691162109375 287.68365478515625 264.2886962890625 256.606903076171875 254.858428955078125 262.874114990234375 277.430694580078125 276.225128173828125 281.504058837890625 294.8133544921875 312.336212158203125 58.157421112060546875 38.659702301025390625 338.885833740234375 333.96954345703125 310.91357421875 267.510223388671875 277.8148193359375 232.85260009765625 184.96917724609375 230.355377197265625 260.4747314453125 236.44049072265625 173.4999847412109375 251.560089111328125 10.619609832763671875 215.5371856689453125 150.9468994140625 351.02685546875
359.117919921875 336.31695556640625 334.745880126953125 6.9529371261596679688 3.5764110088348388672 323.6148681640625 353.659088134765625 46.90908050537109375 284.034942626953125 259.823638916015625 252.498504638671875 250.2006988525390625 261.572479248046875 259.69464111328125 256.92041015625 255.25592041015625 236.9434967041015625 231.043426513671875 261.084442138671875 293.05072021484375 269.999359130859375 244.8715667724609375 231.869598388671875 216.1790924072265625 109.9831695556640625 40.6839752197265625 329.499420166015625 351.325927734375 59.03656768798828125 258.022735595703125 229.08477783203125 164.744354248046875 190.00750732421875 223.181304931640625 239.0356597900390625 216.4686737060546875 202.0672607421875 234.7819366455078125 299.475433349609375 356.466796875 355.7847900390625 347.783538818359375
46.909442901611328125 303.464630126953125 307.36590576171875 27.050405502319335938 16.991025924682617188 295.513031005859375 334.871337890625 5.5600123405456542969 16.699239730834960938 335.771484375 293.7899169921875 294.20513916015625 321.95208740234375 286.25921630859375 269.999267578125 251.564453125 194.6203155517578125 239.380767822265625 248.961883544921875 215.5372161865234375 200.965179443359375 230.3004150390625 222.27337646484375 212.7042083740234375 220.2357177734375 144.4622802734375 280.783935546875 63.434803009033203125 89.99979400634765625 213.689422607421875 172.9983978271484375 166.8270263671875 258.689605712890625 251.564697265625 245.6464691162109375 271.9085693359375 318.751068115234375 313.26385498046875 263.332855224609375 289.98260498046875 343.738616943359375 338.96173095703125
21.139837265014648438 318.223846435546875 282.723968505859375 17.353555679321289062 1.5483827590942382812 350.216796875 286.1884765625 340.768585205078125 57.324489593505859375 349.5079345703125 317.044708251953125 303.3656005859375 344.85821533203125 25.346315383911132812 244.721466064453125 262.874237060546875 341.56427001953125 304.7481689453125 294.144866943359375 219.8049774169921875 261.468536376953125 281.1285400390625 287.849395751953125 275.526824951171875 272.12066650390625 191.3111724853515625 259.11419677734375 26.565534591674804688 81.38378143310546875 118.60906982421875 134.99920654296875 291.643951416015625 327.7235107421875 347.37957763671875 290.461639404296875 261.5443115234375 244.6531219482421875 231.338592529296875 262.404754638671875 243.799530029296875 219.09356689453125 169.5080718994140625
343.854736328125 347.54888916015625 296.563995361328125 281.61065673828125 322.926239013671875 30.488920211791992188 244.6534423828125 191.040557861328125 143.035308837890625 248.1981964111328125 256.89031982421875 256.2000732421875 226.7894439697265625 106.18891143798828125 273.467498779296875 279.751708984375 312.06353759765625 287.20892333984375 286.143798828125 9.1629467010498046875 287.6995849609375 277.3934326171875 297.71795654296875 305.17999267578125 301.67486572265625 358.635223388671875 328.626220703125 352.503448486328125 40.544200897216796875 32.96941375732421875 8.80683135986328125 305.5369873046875 318.178955078125 352.646453857421875 329.035614013671875 289.3585205078125 236.3094635009765625 252.55242919921875 289.43975830078125 261.5283203125 253.4422149658203125 71.5654296875
