wildfire/work/fuelmodels/1816/aspect.asc
ncols        375
nrows        264
xllcorner    171030.000000000000
yllcorner    476145.000000000000
cellsize     5.000000000000
NODATA_value   -999
[rows 57 to 75 of 264, columns 0 to 41 of 375]
0 324.818328857421875 327.224212646484375 320.905517578125 306.739990234375 330.801666259765625 55.97214508056640625 36.469318389892578125 311.454437255859375 302.2471923828125 298.442230224609375 100.784149169921875 117.15961456298828125 192.42559814453125 244.9033203125 113.62883758544921875 94.08535003662109375 73.6103515625 350.53582763671875 345.4102783203125 352.475494384765625 307.74609375 260.837005615234375 104.03664398193359375 273.575714111328125 265.887115478515625 195.2539825439453125 261.25299072265625 265.600555419921875 329.035491943359375 341.56207275390625 290.82037353515625 311.3316650390625 333.434112548828125 345.96295166015625 316.100982666015625 295.559173583984375 260.941436767578125 223.635528564453125 187.1250457763671875 209.62322998046875 145.7126617431640625
0 330.610015869140625 328.464385986328125 336.2086181640625 326.724578857421875 258.690582275390625 102.5873260498046875 354.986175537109375 307.358917236328125 302.177947998046875 299.29052734375 99.22379302978515625 90.53536224365234375 291.798858642578125 227.2901153564453125 158.4979095458984375 19.592586517333984375 24.443897247314453125 358.99365234375 299.0537109375 336.370086669921875 341.5640869140625 303.689605712890625 293.198272705078125 259.215087890625 246.902587890625 232.30511474609375 272.120513916015625 288.4344482421875 341.563995361328125 87.27338409423828125 261.869232177734375 281.90771484375 336.036834716796875 4.1849842071533203125 307.4599609375 315.908477783203125 23.198724746704101562 245.3757171630859375 268.024017333984375 330.067352294921875 343.140838623046875
0 326.820404052734375 302.904510498046875 302.124237060546875 337.832977294921875 109.798736572265625 133.4086151123046875 236.97564697265625 275.113372802734375 298.81005859375 34.87541961669921875 90.88112640380859375 67.06764984130859375 43.152240753173828125 146.3104248046875 253.008514404296875 301.759552001953125 77.47075653076171875 344.2479248046875 327.90655517578125 333.885223388671875 346.503143310546875 356.007904052734375 320.041839599609375 294.442596435546875 245.9842071533203125 236.458160400390625 242.5251617431640625 258.68963623046875 249.4437408447265625 86.0090484619140625 257.10552978515625 253.360595703125 231.3395233154296875 314.999267578125 291.124114990234375 304.438446044921875 26.258417129516601562 342.299072265625 276.95220947265625 293.197906494140625 322.124237060546875
0 308.883270263671875 304.5074462890625 283.735015869140625 329.033538818359375 85.07268524169921875 77.84482574462890625 281.688720703125 278.026611328125 284.3487548828125 108.94606781005859375 104.13877105712890625 142.7645416259765625 74.74445343017578125 21.16107177734375 303.464385986328125 163.1782379150390625 146.513519287109375 232.430572509765625 251.564300537109375 295.144073486328125 335.95489501953125 15.832196235656738281 334.653533935546875 340.114288330078125 313.209320068359375 292.51995849609375 265.600982666015625 226.7894439697265625 232.3520355224609375 62.102817535400390625 289.289215087890625 255.9630889892578125 234.461517333984375 243.8238525390625 269.36962890625 282.354644775390625 350.3104248046875 15.679659843444824219 33.36603546142578125 250.740325927734375 263.990447998046875
0 326.309112548828125 344.054840087890625 232.12420654296875 167.7352752685546875 104.4204254150390625 30.579000473022460938 312.30499267578125 291.12860107421875 220.9145355224609375 125.90936279296875 104.3810577392578125 348.689422607421875 340.97369384765625 357.738677978515625 38.74602508544921875 103.84062957763671875 261.8692626953125 296.96533203125 260.2178955078125 246.0373382568359375 246.8010711669921875 10.008176803588867188 341.564453125 333.9697265625 325.88470458984375 330.037017822265625 339.340362548828125 332.591796875 321.788360595703125 4.086078643798828125 296.5643310546875 247.285003662109375 239.9809722900390625 242.8782196044921875 258.110809326171875 259.69451904296875 263.4998779296875 57.0948638916015625 63.4345855712890625 301.700836181640625 281.975433349609375
0 300.963043212890625 129.2884063720703125 195.94482421875 168.6899566650390625 114.71733856201171875 252.757965087890625 281.744964599609375 280.71240234375 105.25521087646484375 71.5649871826171875 4.5139365196228027344 346.29241943359375 309.4000244140625 339.44329833984375 62.24132537841796875 54.5664215087890625 326.887786865234375 302.3192138671875 344.248046875 300.37835693359375 277.814208984375 286.388427734375 313.853485107421875 323.426239013671875 313.289093017578125 333.823699951171875 341.56427001953125 333.1209716796875 346.15850830078125 16.504411697387695312 34.04566192626953125 271.3968505859375 252.71807861328125 256.660400390625 263.659393310546875 265.191619873046875 267.662261962890625 347.734771728515625 22.248767852783203125 335.25567626953125 309.22491455078125
0 329.030975341796875 83.04718017578125 161.564300537109375 191.3091278076171875 112.57398223876953125 261.026763916015625 275.319244384765625 286.586639404296875 91.27285003662109375 334.092742919921875 335.941864013671875 16.843975067138671875 358.451263427734375 179.9995880126953125 87.954345703125 47.2902679443359375 2.4893615245819091797 330.592132568359375 328.32379150390625 320.526763916015625 342.698699951171875 297.29876708984375 288.43438720703125 299.21881103515625 301.70062255859375 356.98626708984375 179.9995880126953125 224.9994659423828125 275.193511962890625 14.264484405517578125 23.586910247802734375 348.689300537109375 308.9903564453125 277.045166015625 267.7447509765625 272.814971923828125 284.28057861328125 318.223846435546875 354.288543701171875 347.15167236328125 323.971954345703125
0 237.094512939453125 52.765308380126953125 46.790195465087890625 45.00145721435546875 74.74478912353515625 292.6705322265625 287.775726318359375 314.999267578125 118.55944061279296875 240.477935791015625 266.632720947265625 58.707126617431640625 27.801263809204101562 63.43437957763671875 129.0932159423828125 171.606964111328125 303.68914794921875 344.60369873046875 331.69854736328125 320.87677001953125 6.5462408065795898438 316.10076904296875 311.467010498046875 323.21209716796875 334.924835205078125 28.3929901123046875 28.68596649169921875 312.183624267578125 300.783355712890625 44.999897003173828125 51.7093048095703125 319.31536865234375 338.084259033203125 320.10137939453125 282.474365234375 267.552276611328125 263.75738525390625 276.44085693359375 323.296112060546875 346.12200927734375 335.89727783203125
0 299.931182861328125 336.036712646484375 28.810674667358398438 54.09014129638671875 17.446935653686523438 292.78167724609375 285.839111328125 82.3036041259765625 81.25371551513671875 288.08270263671875 245.555511474609375 154.3585205078125 191.0231170654296875 108.43488311767578125 97.9890899658203125 220.2357177734375 263.366729736328125 302.1949462890625 322.764434814453125 351.026702880859375 129.5587005615234375 278.129364013671875 298.897918701171875 311.88836669921875 341.5640869140625 24.4439544677734375 9.0714969635009765625 330.254302978515625 338.384552001953125 74.40685272216796875 308.65777587890625 289.2584228515625 313.40777587890625 321.709014892578125 305.416412353515625 295.2320556640625 266.632843017578125 245.8279876708984375 238.240081787109375 255.962738037109375 279.46124267578125
0 331.476348876953125 334.653167724609375 35.67627716064453125 64.06897735595703125 322.2135009765625 301.6068115234375 296.56439208984375 105.1009979248046875 352.874298095703125 314.036376953125 7.0666117668151855469 39.93631744384765625 332.96844482421875 83.4799957275390625 94.95017242431640625 248.9613494873046875 266.632843017578125 260.165740966796875 255.0177459716796875 101.97591400146484375 96.0085906982421875 271.568756103515625 278.685760498046875 262.11639404296875 197.65008544921875 229.3983001708984375 351.869232177734375 289.982574462890625 128.6593780517578125 80.83747100830078125 320.792022705078125 324.726898193359375 324.245269775390625 306.606353759765625 308.442291259765625 321.07159423828125 330.66748046875 308.45306396484375 251.074951171875 222.273101806640625 203.198028564453125
0 288.9041748046875 314.999664306640625 36.51096343994140625 47.18137359619140625 313.985260009765625 296.436248779296875 334.025421142578125 73.21732330322265625 294.716796875 285.194671630859375 10.491433143615722656 58.7489013671875 79.37952423095703125 111.19353485107421875 104.5340576171875 287.102294921875 291.614105224609375 303.0550537109375 268.362762451171875 163.0727081298828125 351.157623291015625 299.948089599609375 288.43438720703125 216.02716064453125 211.504302978515625 241.99041748046875 247.24896240234375 260.537353515625 120.9632568359375 44.999897003173828125 302.73455810546875 324.21038818359375 322.430816650390625 306.86920166015625 277.956939697265625 259.46038818359375 277.373291015625 322.39886474609375 352.16363525390625 335.955047607421875 315.000823974609375
0 300.32269287109375 320.552215576171875 68.532196044921875 81.86962890625 289.248779296875 284.6201171875 13.393919944763183594 12.994561195373535156 324.161529541015625 316.671783447265625 56.30975341796875 98.2404632568359375 80.31097412109375 44.181423187255859375 23.498477935791015625 358.753997802734375 255.017852783203125 246.630584716796875 236.3102264404296875 293.1971435546875 270.970245361328125 267.8782958984375 218.8294525146484375 174.93597412109375 229.0851898193359375 271.734954833984375 288.433685302734375 289.17822265625 350.361846923828125 4.537685394287109375 299.74407958984375 294.144500732421875 281.767730712890625 230.43994140625 247.135040283203125 261.689178466796875 272.25390625 284.95794677734375 352.77484130859375 0 14.534496307373046875
0 297.158935546875 288.43365478515625 114.2955322265625 201.3703460693359375 290.5552978515625 309.0347900390625 93.36692047119140625 290.461517333984375 301.30914306640625 340.1671142578125 81.09816741943359375 82.80648040771484375 349.75482177734375 25.144643783569335938 58.799480438232421875 85.1009368896484375 220.6007080078125 225.8299713134765625 207.7577972412109375 231.114349365234375 230.9053192138671875 224.9994659423828125 176.72918701171875 193.9120635986328125 252.9615631103515625 260.88140869140625 236.30908203125 273.531463623046875 312.645904541015625 6.7661280632019042969 31.607381820678710938 183.9908294677734375 241.606414794921875 306.25335693359375 300.01763916015625 299.379913330078125 304.61749267578125 308.71240234375 1.9747866392135620117 8.615451812744140625 348.68939208984375
0 251.5648193359375 153.777557373046875 92.353057861328125 306.702056884765625 290.658233642578125 324.462249755859375 57.993865966796875 274.763214111328125 260.14495849609375 168.95867919921875 113.3292388916015625 141.2707672119140625 192.1233978271484375 162.349609375 135.6901092529296875 120.379180908203125 348.688934326171875 336.036041259765625 246.8005218505859375 226.122589111328125 236.309326171875 232.4309234619140625 166.3289337158203125 272.289794921875 276.808319091796875 222.1370086669921875 197.1518402099609375 254.2674102783203125 284.777496337890625 1.2187833786010742188 44.999786376953125 19.9324493408203125 306.19244384765625 305.406097412109375 312.27288818359375 299.357025146484375 288.43426513671875 285.25445556640625 86.18630218505859375 15.944327354431152344 272.2900390625
0 275.19415283203125 96.95256805419921875 54.462390899658203125 297.08673095703125 288.43426513671875 318.81341552734375 10.783961296081542969 308.810791015625 287.215423583984375 111.974212646484375 104.42047119140625 121.954010009765625 174.6850433349609375 178.667205810546875 179.9995880126953125 15.642145156860351562 212.471588134765625 289.358306884765625 345.761932373046875 329.469696044921875 319.4666748046875 23.838209152221679688 49.7627716064453125 237.618743896484375 237.0217132568359375 226.683868408203125 219.8039703369140625 255.153961181640625 251.3919525146484375 232.1246337890625 54.63724517822265625 11.103960037231445312 339.6761474609375 309.9195556640625 310.81427001953125 298.227996826171875 260.927764892578125 206.2579345703125 184.635284423828125 175.73193359375 181.46826171875
0 201.5711822509765625 139.2049407958984375 177.509979248046875 260.43927001953125 282.050048828125 293.1971435546875 296.028472900390625 301.34161376953125 319.926300048828125 95.76244354248046875 86.59334564208984375 56.852752685546875 9.4623632431030273438 5.477603912353515625 311.008544921875 356.18499755859375 33.689945220947265625 290.636749267578125 314.1807861328125 346.428802490234375 328.495269775390625 68.96176910400390625 94.3983917236328125 185.012603759765625 247.0558319091796875 257.170623779296875 5.1944165229797363281 259.471771240234375 239.7882080078125 229.3564453125 178.780914306640625 212.9036865234375 300.963104248046875 311.12066650390625 271.78948974609375 266.00848388671875 254.356964111328125 195.6417236328125 213.6896209716796875 177.7093963623046875 206.5645751953125
0 194.534393310546875 97.882720947265625 325.61907958984375 281.787567138671875 261.157623291015625 193.2401275634765625 279.129547119140625 288.8602294921875 26.564579010009765625 82.98323822021484375 59.225833892822265625 50.194187164306640625 13.814904212951660156 10.304997444152832031 337.478729248046875 347.5733642578125 75.65057373046875 236.30926513671875 234.7818145751953125 185.4769134521484375 176.760009765625 189.4616546630859375 93.7151641845703125 340.3453369140625 281.458160400390625 258.68951416015625 193.6712493896484375 223.938751220703125 230.0915985107421875 244.9453887939453125 259.7769775390625 324.781524658203125 288.74072265625 329.034820556640625 265.029296875 285.394805908203125 354.60992431640625 41.185733795166015625 275.5986328125 317.725128173828125 339.622161865234375
0 309.80474853515625 30.5297088623046875 318.13568115234375 289.178375244140625 44.999897003173828125 253.29986572265625 272.428619384765625 271.21826171875 109.43999481201171875 82.1846771240234375 35.34001922607421875 50.25356292724609375 43.99478912353515625 350.217254638671875 312.7086181640625 28.855739593505859375 67.24884796142578125 349.59130859375 288.969970703125 278.746124267578125 322.4307861328125 356.6339111328125 68.9623870849609375 315.783966064453125 308.757537841796875 246.0369110107421875 204.2741851806640625 206.564483642578125 259.734283447265625 272.890625 267.3363037109375 234.4623565673828125 256.8486328125 204.4425811767578125 291.369842529296875 283.482391357421875 357.95391845703125 10.304701805114746094 332.715087890625 338.96185302734375 351.5279541015625
0 102.09484100341796875 162.4740753173828125 246.370086669921875 267.8782958984375 60.523723602294921875 318.0933837890625 285.140350341796875 271.92999267578125 134.9996795654296875 131.5313873291015625 165.6505126953125 91.9751434326171875 59.036289215087890625 11.821765899658203125 269.999359130859375 106.92691802978515625 54.089893341064453125 341.174468994140625 341.886138916015625 2.5638225078582763672 311.185089111328125 357.70892333984375 1.7715073823928833008 321.40985107421875 351.606201171875 4.7641954421997070312 267.877838134765625 287.4459228515625 277.91680908203125 270.3057861328125 248.70220947265625 234.16229248046875 245.972869873046875 185.47662353515625 232.6784820556640625 255.224853515625 231.339447021484375 278.12945556640625 304.844940185546875 333.868255615234375 4.0444517135620117188
