wildfire/work/fuelmodels/1816/slope.asc
ncols        375
nrows        264
xllcorner    171030.000000000000
yllcorner    476145.000000000000
cellsize     5.000000000000
NODATA_value   -999
[rows 54 to 71 of 264, columns 280 to 319 of 375]
1.1738210916519165039 1.3666614294052124023 1.2671256065368652344 1.6745125055313110352 1.0504876375198364258 1.4763188362121582031 0.93148088455200195312 1.3091626167297363281 1.7510224580764770508 1.0271037817001342773 1.4003278017044067383 2.5751395225524902344 4.6542692184448242188 4.1391515731811523438 1.7368104457855224609 2.3793461322784423828 3.7584776878356933594 3.9538698196411132812 1.802281498908996582 2.3015468120574951172 2.5187427997589111328 2.2940626144409179688 4.0684213638305664062 2.6471750736236572266 0.35575437545776367188 2.4196047782897949219 4.5768880844116210938 6.1133069992065429688 6.8977336883544921875 4.1813802719116210938 2.9029810428619384766 2.4815242290496826172 3.9313349723815917969 4.1097888946533203125 4.4534158706665039062 3.8424675464630126953 3.3433246612548828125 2.2685639858245849609 1.9727747440338134766 2.8172512054443359375
0.99098730087280273438 0.93635910749435424805 1.8011680841445922852 2.1317658424377441406 1.2731038331985473633 0.77418994903564453125 0.73803794384002685547 0.91004151105880737305 1.0280811786651611328 0.63638669252395629883 1.2095018625259399414 2.6648809909820556641 4.9127888679504394531 4.4793848991394042969 1.8795208930969238281 2.0492496490478515625 3.0912063121795654297 4.8187952041625976562 4.573024749755859375 2.4329502582550048828 1.7309781312942504883 1.802005767822265625 3.6957335472106933594 3.1750891208648681641 3.0956127643585205078 4.1595973968505859375 4.2131285667419433594 4.6888217926025390625 5.1769123077392578125 2.9015748500823974609 4.4577126502990722656 1.5324969291687011719 3.3726665973663330078 3.99768829345703125 5.1296715736389160156 5.7032842636108398438 5.0994133949279785156 3.6406474113464355469 1.8137601613998413086 1.1045032739639282227
2.0492472648620605469 2.4103860855102539062 3.0715157985687255859 1.8982665538787841797 1.3861541748046875 1.2006789445877075195 1.1811231374740600586 0.85969173908233642578 0.33825075626373291016 0.25653636455535888672 0.83278119564056396484 2.7822113037109375 4.4461531639099121094 5.2745084762573242188 2.8509631156921386719 1.4957401752471923828 1.2473943233489990234 2.4252502918243408203 3.3876159191131591797 1.8008797168731689453 1.5822089910507202148 2.6788768768310546875 3.1946074962615966797 3.4226398468017578125 4.4450125694274902344 3.7741720676422119141 2.9022779464721679688 3.28385162353515625 4.1238861083984375 2.0679147243499755859 3.9597394466400146484 2.3353638648986816406 1.3423733711242675781 2.4051337242126464844 3.7855198383331298828 5.4883427619934082031 5.8831739425659179688 5.7711195945739746094 4.7274956703186035156 1.4003216028213500977
2.0022976398468017578 3.9921290874481201172 2.8116707801818847656 1.9492870569229125977 1.909168243408203125 0.95508325099945068359 0.80997949838638305664 1.0818216800689697266 1.3045254945755004883 0.65597224235534667969 1.3813996315002441406 2.5018167495727539062 1.829039454460144043 4.9834127426147460938 4.2720246315002441406 1.1285392045974731445 1.8619428873062133789 3.7795197963714599609 2.8763804435729980469 0.52670949697494506836 2.1431252956390380859 4.3894910812377929688 3.7831199169158935547 2.7763903141021728516 4.3969573974609375 3.7082846164703369141 3.2298491001129150391 3.6573941707611083984 3.8226959705352783203 2.5456984043121337891 1.9778873920440673828 2.3054993152618408203 1.0818216800689697266 2.7476456165313720703 3.2912223339080810547 4.1195878982543945312 3.7274355888366699219 3.7848603725433349609 4.9800677299499511719 2.742488861083984375
2.411434173583984375 2.0835194587707519531 2.6231808662414550781 1.9534342288970947266 1.9573225975036621094 1.1405762434005737305 0.97137916088104248047 1.378459930419921875 1.3945220708847045898 1.0957627296447753906 2.4847795963287353516 2.0246558189392089844 0.85674899816513061523 4.9820971488952636719 4.9916977882385253906 0.40499797463417053223 2.7674531936645507812 3.8427293300628662109 2.5257503986358642578 2.3867676258087158203 3.2467076778411865234 4.6294946670532226562 2.7474663257598876953 2.5774817466735839844 3.3018019199371337891 3.5670566558837890625 5.4636940956115722656 3.8949370384216308594 2.1317720413208007812 1.7207150459289550781 0.49396497011184692383 0 0 2.1914422512054443359 1.5008016824722290039 3.0583255290985107422 2.5181341171264648438 3.8267953395843505859 6.0951771736145019531 4.5821690559387207031
3.2350106239318847656 2.1570081710815429688 2.1066937446594238281 2.26432037353515625 1.8886505365371704102 0.37243419885635375977 0.69857627153396606445 1.7227703332901000977 2.1201164722442626953 2.0740389823913574219 1.1956095695495605469 1.7533385753631591797 1.5305163860321044922 4.6454830169677734375 4.8760128021240234375 1.5796526670455932617 1.6063356399536132812 4.940631866455078125 5.7117486000061035156 4.2947745323181152344 3.6808028221130371094 4.1625051498413085938 3.1712617874145507812 3.1211435794830322266 2.3063800334930419922 4.1552257537841796875 6.2372198104858398438 2.5991711616516113281 1.3427622318267822266 2.7373254299163818359 3.1301963329315185547 0 0 4.0515055656433105469 4.1195940971374511719 3.2456173896789550781 3.0357687473297119141 5.2551755905151367188 7.9571003913879394531 7.0950503349304199219
3.4320681095123291016 4.6542692184448242188 2.359493255615234375 1.4430330991744995117 1.0860246419906616211 1.1067925691604614258 0.73804241418838500977 1.3662967681884765625 0.58671420812606811523 2.0539269447326660156 1.6510697603225708008 2.2916448116302490234 2.2907583713531494141 3.49118804931640625 3.2314162254333496094 2.7500331401824951172 5.2837657928466796875 6.8299665451049804688 6.7716779708862304688 5.9609332084655761719 4.2664623260498046875 1.3813935518264770508 4.6237134933471679688 4.114696502685546875 1.5908271074295043945 4.3577585220336914062 5.0589141845703125 2.3823220729827880859 3.7634484767913818359 4.5997519493103027344 3.3780510425567626953 5.1301517486572265625 2.971134185791015625 3.1482284069061279297 5.1656894683837890625 4.6186819076538085938 2.3463828563690185547 1.9347075223922729492 5.6608328819274902344 5.5819029808044433594
2.9784374237060546875 4.8893313407897949219 2.5251567363739013672 0.71149766445159912109 0.85969084501266479492 1.5908256769180297852 1.5534818172454833984 1.417557835578918457 1.173390507698059082 2.438556671142578125 4.4462652206420898438 3.5903513431549072266 2.7217607498168945312 1.718352198600769043 1.6063416004180908203 5.7565255165100097656 6.653095245361328125 1.4722038507461547852 1.3049080371856689453 1.8087319135665893555 2.6048097610473632812 3.0384349822998046875 5.5657305717468261719 5.4190716743469238281 2.5484788417816162109 4.0535020828247070312 3.2012538909912109375 3.7054238319396972656 5.0323305130004882812 2.6593630313873291016 0.66820073127746582031 5.1244521141052246094 5.1244521141052246094 0.87545162439346313477 2.3861370086669921875 3.2704231739044189453 3.2648572921752929688 3.8670890331268310547 6.5719199180603027344 7.4222316741943359375
3.4496858119964599609 3.4586126804351806641 2.3394746780395507812 1.3685166835784912109 2.3517580032348632812 0.73459851741790771484 1.947209477424621582 2.1296274662017822266 1.1960299015045166016 4.4169907569885253906 5.5053853988647460938 3.7875258922576904297 1.6979098320007324219 1.8673664331436157227 0.50310236215591430664 5.9072508811950683594 7.0506854057312011719 2.3083467483520507812 0.51798307895660400391 1.5512049198150634766 2.3912189006805419922 3.5313305854797363281 4.3122372627258300781 2.97198486328125 1.6012856960296630859 3.5806307792663574219 3.5122597217559814453 4.9626150131225585938 4.1591005325317382812 1.5285332202911376953 0.97606039047241210938 5.3534002304077148438 4.9267292022705078125 1.2380366325378417969 0.99911850690841674805 1.8279386758804321289 3.6607167720794677734 4.1548562049865722656 4.6546993255615234375 6.9007902145385742188
1.6012846231460571289 2.3275530338287353516 1.7385592460632324219 2.2863318920135498047 2.6775598526000976562 0.85970020294189453125 2.0630202293395996094 2.8628165721893310547 2.5579841136932373047 3.2838566303253173828 4.1132254600524902344 3.3809030055999755859 1.5959057807922363281 2.2326068878173828125 0.94924342632293701172 4.199092864990234375 4.9909977912902832031 4.4084239006042480469 2.1353192329406738281 0.58499222993850708008 0.8112265467643737793 0.68095916509628295898 1.3367122411727905273 2.6540503501892089844 2.0767161846160888672 2.6648731231689453125 6.0291833877563476562 5.7462773323059082031 1.3769919872283935547 1.6129418611526489258 1.8411777019500732422 5.6377410888671875 3.0138731002807617188 1.0576800107955932617 1.0934684276580810547 2.5579998493194580078 2.4329557418823242188 1.0822956562042236328 1.3725836277008056641 2.7291858196258544922
1.6681430339813232422 2.0798754692077636719 2.272129058837890625 3.6008944511413574219 2.6637437343597412109 2.8741014003753662109 3.0601422786712646484 3.5942921638488769531 3.4195373058319091797 2.19351959228515625 0.6559607386589050293 1.7008886337280273438 1.1772657632827758789 1.3378511667251586914 3.5670680999755859375 3.8953342437744140625 2.9706296920776367188 4.2102627754211425781 2.7740187644958496094 0.28460240364074707031 0.96928966045379638672 1.5275337696075439453 1.2380338907241821289 2.4528284072875976562 2.9265692234039306641 2.6788883209228515625 6.0045895576477050781 5.8804221153259277344 0.60539329051971435547 0.44999366998672485352 0.88006728887557983398 0 2.1849639415740966797 1.1668905019760131836 2.3179714679718017578 1.8022913932800292969 0.82973265647888183594 1.8365001678466796875 0.73184400796890258789 2.862827301025390625
1.5495640039443969727 1.2392572164535522461 0.37244194746017456055 1.5959098339080810547 0.47729137539863586426 2.5042443275451660156 3.3059406280517578125 2.5283625125885009766 2.2567152976989746094 1.7498650550842285156 0.89659589529037475586 1.4763188362121582031 2.2180571556091308594 1.4175628423690795898 3.7795288562774658203 3.2761485576629638672 4.5107083320617675781 5.0999970436096191406 2.5641043186187744141 1.1045039892196655273 0.81122797727584838867 2.0033049583435058594 2.42795562744140625 1.9352203607559204102 2.1267812252044677734 2.7542731761932373047 4.0851368904113769531 4.4101309776306152344 2.7386000156402587891 1.8070501089096069336 1.9352322816848754883 4.2507166862487792969 2.7225110530853271484 0.76629972457885742188 2.3394722938537597656 2.5329570770263671875 0.82729232311248779297 0.89092767238616943359 0 1.9112869501113891602
2.7650699615478515625 1.6353738307952880859 3.1118988990783691406 2.9203305244445800781 1.9448668956756591797 1.1707915067672729492 1.4721992015838623047 0.47302430868148803711 1.5433582067489624023 1.9850372076034545898 1.5394124984741210938 3.240161895751953125 1.6338230371475219727 2.3301622867584228516 2.7234408855438232422 4.1828327178955078125 4.2068896293640136719 1.9354790449142456055 0.38711112737655639648 1.3291118144989013672 1.864383697509765625 2.5892331600189208984 2.0363662242889404297 1.8738543987274169922 2.0932159423828125 3.3275809288024902344 2.8369181156158447266 1.5850877761840820312 4.280277252197265625 3.9087796211242675781 1.0061924457550048828 2.7885694503784179688 3.7352964878082275391 0.57274365425109863281 0.84903347492218017578 1.8496736288070678711 0 0 0 0
4.3246259689331054688 3.0017733573913574219 3.2456114292144775391 3.1998202800750732422 1.7405866384506225586 1.0107073783874511719 0.51406294107437133789 2.1775426864624023438 1.327594757080078125 2.6911170482635498047 3.3814947605133056641 2.3517606258392333984 2.4164674282073974609 1.6359897851943969727 2.3474607467651367188 5.4400382041931152344 3.4186434745788574219 2.0774378776550292969 2.3074734210968017578 1.3592433929443359375 2.3063745498657226562 2.9087135791778564453 2.2993440628051757812 1.1298806667327880859 1.9500706195831298828 3.9534990787506103516 2.5443165302276611328 0 4.8552756309509277344 4.8552756309509277344 0 1.1772682666778564453 0 0.19091685116291046143 0 0 0 0 0 0
2.8714494705200195312 0.4269059300422668457 2.03835296630859375 0.86556351184844970703 3.7256741523742675781 0.85674315690994262695 2.1372139453887939453 3.057834625244140625 0.89319747686386108398 2.7319560050964355469 3.4398643970489501953 1.1045080423355102539 1.4510797262191772461 0.96772754192352294922 4.7050442695617675781 5.0962419509887695312 0.25455752015113830566 2.0405821800231933594 2.8236937522888183594 3.1591360569000244141 1.3103247880935668945 2.8883075714111328125 2.577484130859375 1.9801907539367675781 1.9059838056564331055 3.5185830593109130859 2.2808001041412353516 1.6865507364273071289 5.7241578102111816406 3.9333817958831787109 0.21345822513103485107 0.095461569726467132568 0 1.7074235677719116211 2.1595833301544189453 2.1595833301544189453 0 0 0 0
2.861572265625 1.9725147485733032227 2.2589528560638427734 1.7245334386825561523 3.7559180259704589844 1.5462987422943115234 3.1546530723571777344 1.2893056869506835938 1.2224042415618896484 1.3916128873825073242 2.9243149757385253906 1.5806186199188232422 1.152937769889831543 2.1935214996337890625 5.3749103546142578125 3.3109731674194335938 1.736803889274597168 1.3260718584060668945 3.2375080585479736328 3.473052978515625 2.0371117591857910156 3.1229233741760253906 1.4405785799026489258 1.6353689432144165039 2.9573237895965576172 2.0346384048461914062 1.1841206550598144531 5.0208020210266113281 6.4443111419677734375 1.7324296236038208008 1.5272024869918823242 0 0 1.272706151008605957 2.1595833301544189453 1.7074235677719116211 5.6336240768432617188 5.2087368965148925781 0.19091685116291046143 0.40749034285545349121
2.7358400821685791016 2.2643315792083740234 1.3769881725311279297 2.7994239330291748047 2.2155420780181884766 3.2124280929565429688 3.1322968006134033203 2.1038198471069335938 2.2034101486206054688 2.3258090019226074219 2.7200908660888671875 2.4078764915466308594 3.6116766929626464844 4.7380495071411132812 4.8320684432983398438 4.4522767066955566406 4.2953572273254394531 4.6734137535095214844 3.3726708889007568359 2.8236925601959228516 3.4457383155822753906 3.2017176151275634766 1.8469278812408447266 2.1057343482971191406 2.368907928466796875 1.8469343185424804688 1.5275336503982543945 5.6561946868896484375 5.9049563407897949219 1.1824183464050292969 3.2191855907440185547 4.5388135910034179688 1.4597743749618530273 1.5272024869918823242 0.50911098718643188477 1.272706151008605957 6.4545159339904785156 5.3409609794616699219 0.57274365425109863281 1.0818268060684204102
2.2326028347015380859 2.0086109638214111328 1.0186864137649536133 1.8899896144866943359 0.66895788908004760742 1.3666698932647705078 3.0357701778411865234 2.9719896316528320312 1.4514299631118774414 0.54373157024383544922 1.2445625066757202148 2.5647077560424804688 3.8859834671020507812 3.4702851772308349609 5.8266787528991699219 7.982669830322265625 6.8054208755493164062 5.3199753761291503906 3.3528387546539306641 4.4534058570861816406 6.96051025390625 5.7479491233825683594 5.0355420112609863281 4.37117767333984375 4.1804194450378417969 4.1668634414672851562 3.4923431873321533203 4.1127247810363769531 4.5520181655883789062 2.2625277042388916016 4.1665086746215820312 3.5082294940948486328 1.5538108348846435547 2.1670689582824707031 1.6593325138092041016 4.3214764595031738281 8.2475948333740234375 3.7184915542602539062 1.622328639030456543 4.1341576576232910156
