wildfire/work/fuelmodels/1816/slope.asc
ncols        375
nrows        264
xllcorner    171030.000000000000
yllcorner    476145.000000000000
cellsize     5.000000000000
NODATA_value   -999
[rows 234 to 251 of 264, columns 80 to 119 of 375]
1.7089017629623413086 3.1245446205139160156 4.8762249946594238281 4.499053955078125 1.8223843574523925781 1.8469339609146118164 3.3393933773040771484 3.1644132137298583984 1.082289576530456543 1.5357862710952758789 1.4430375099182128906 1.1581983566284179688 2.9327816963195800781 2.2596235275268554688 0.68541413545608520508 1.1533790826797485352 0.89149194955825805664 2.9363992214202880859 3.1398720741271972656 1.8078846931457519531 0.76498192548751831055 2.4484891891479492188 2.8592770099639892578 0.19092290103435516357 1.2094988822937011719 0.65287417173385620117 1.4093313217163085938 1.7828139066696166992 2.4809091091156005859 0.88636964559555053711 0.77680552005767822266 1.8529497385025024414 1.5007917881011962891 1.0359344482421875 1.8179450035095214844 2.69618988037109375 2.8010478019714355469 2.5474870204925537109 3.0631146430969238281 3.2992038726806640625
1.3696231842041015625 3.4236752986907958984 3.9184670448303222656 4.8156476020812988281 2.3748760223388671875 1.0971524715423583984 3.9423577785491943359 3.0068280696868896484 1.8789868354797363281 2.3996572494506835938 1.2510405778884887695 0.93636500835418701172 2.8596417903900146484 1.6913464069366455078 1.6310294866561889648 1.3740466833114624023 1.6889470815658569336 2.6356940269470214844 2.8429691791534423828 2.1279621124267578125 2.1551299095153808594 2.6231820583343505859 2.3983957767486572266 1.0359344482421875 1.705350041389465332 0.49703046679496765137 1.5551229715347290039 2.1988165378570556641 2.6745440959930419922 0.51406520605087280273 1.6101143360137939453 2.6287701129913330078 1.5901941061019897461 1.129887700080871582 2.5466895103454589844 3.47304534912109375 2.6633658409118652344 1.9840216636657714844 2.9327695369720458984 2.3433594703674316406
2.4227383136749267578 3.9166615009307861328 3.9259321689605712891 4.5862488746643066406 2.3950269222259521484 0.87775909900665283203 3.81951904296875 2.0630278587341308594 0.22500896453857421875 2.1400542259216308594 2.2774574756622314453 2.286334991455078125 1.3172646760940551758 1.3813979625701904297 2.5259578227996826172 2.7461769580841064453 2.1600553989410400391 1.9467017650604248047 3.4079916477203369141 3.1583297252655029297 1.2157560586929321289 1.6547447443008422852 3.0789134502410888672 0.81123304367065429688 1.9425268173217773438 0.38316312432289123535 1.4057326316833496094 2.2641000747680664062 2.9733493328094482422 1.5155540704727172852 2.4831454753875732422 2.7476475238800048828 0.80559110641479492188 1.1045092344284057617 2.5355448722839355469 3.2091267108917236328 1.5008019208908081055 1.7183580398559570312 3.1198506355285644531 2.30857086181640625
2.4214923381805419922 3.8926041126251220703 5.3409585952758789062 6.2997264862060546875 4.4603114128112792969 2.9779303073883056641 4.4257764816284179688 2.0912802219390869141 1.2955662012100219727 1.3685171604156494141 2.94721221923828125 2.0173940658569335938 1.1245009899139404297 1.6238760948181152344 1.2157621383666992188 1.6571891307830810547 2.1747524738311767578 2.7089133262634277344 4.0043764114379882812 2.1914410591125488281 0.43279692530632019043 0.46979850530624389648 3.7152199745178222656 0.60037136077880859375 2.3138139247894287109 1.3603560924530029297 1.6874520778656005859 1.643698573112487793 2.6154623031616210938 1.4538708925247192383 1.5706501007080078125 1.3275988101959228516 0.79611659049987792969 1.15819549560546875 2.36698150634765625 2.73639678955078125 0.4730332791805267334 1.1994080543518066406 3.4864063262939453125 2.2353253364562988281
2.1935236454010009766 2.6849150657653808594 2.1189136505126953125 4.1610560417175292969 5.3092646598815917969 5.5159039497375488281 5.8398733139038085938 4.1713500022888183594 1.2510534524917602539 1.2731038331985473633 2.4626977443695068359 1.2726988792419433594 1.022647857666015625 1.7053471803665161133 0.79036819934844970703 0.91114574670791625977 1.0672121047973632812 1.7472685575485229492 2.7573862075805664062 1.4064475297927856445 1.7510190010070800781 3.3582546710968017578 3.0594851970672607422 0.77679556608200073242 1.8270967006683349609 0.74554479122161865234 1.3483985662460327148 0.99607521295547485352 1.7887642383575439453 2.2086884975433349609 1.0147020816802978516 0.68836152553558349609 0.39358985424041748047 1.6260597705841064453 2.7239894866943359375 2.388256072998046875 0.31979107856750488281 1.2474007606506347656 4.402008056640625 3.9025895595550537109
2.5419259071350097656 2.9031498432159423828 2.1114978790283203125 2.3223347663879394531 3.3351571559906005859 3.4753775596618652344 4.3336019515991210938 5.3154296875 4.7346434593200683594 4.3298764228820800781 4.7419881820678710938 3.3876099586486816406 1.8444638252258300781 1.0422646999359130859 0.85675489902496337891 1.1136375665664672852 1.394527435302734375 1.483159184455871582 2.1663713455200195312 2.8779585361480712891 2.4310693740844726562 1.0985356569290161133 0.53998875617980957031 0.86145770549774169922 1.1824158430099487305 2.0403435230255126953 2.5337543487548828125 0.34271034598350524902 1.7133427858352661133 2.290973663330078125 0.35146147012710571289 1.2095019817352294922 1.024634242057800293 3.1618483066558837891 3.2773764133453369141 1.7785475254058837891 0.95668125152587890625 2.3170952796936035156 4.0082869529724121094 4.3461661338806152344
2.465160369873046875 4.1558351516723632812 2.2567157745361328125 1.3898063898086547852 3.8562390804290771484 3.8162107467651367188 3.1269612312316894531 2.9874293804168701172 1.6943420171737670898 1.7103821039199829102 3.9042694568634033203 5.6472926139831542969 4.9916973114013671875 4.6373343467712402344 4.37395477294921875 3.5621097087860107422 2.4279587268829345703 3.4788596630096435547 5.0174875259399414062 3.4788630008697509766 0.47835049033164978027 1.258704066276550293 1.0948429107666015625 0.68095803260803222656 0.64898258447647094727 1.9123454093933105469 2.6775574684143066406 0.17135298252105712891 1.981726527214050293 1.6672393083572387695 0.92766839265823364258 1.4957410097122192383 3.3298478126525878906 4.2674088478088378906 3.0015990734100341797 2.0301508903503417969 2.4583883285522460938 3.2448389530181884766 3.1322968006134033203 4.6380906105041503906
1.5987509489059448242 4.990695953369140625 3.5283305644989013672 2.0293979644775390625 3.5811920166015625 2.8317384719848632812 1.8048113584518432617 2.3637876510620117188 1.4722038507461547852 1.6461600065231323242 1.5403978824615478516 0.79037290811538696289 2.0326471328735351562 3.4279520511627197266 4.0152058601379394531 4.7350683212280273438 4.7880330085754394531 5.9261341094970703125 5.8721265792846679688 4.4101366996765136719 2.5104963779449462891 1.7799687385559082031 0.54743254184722900391 1.1285306215286254883 0.42690864205360412598 2.1009316444396972656 2.3015389442443847656 0.38316109776496887207 1.4913288354873657227 1.7429088354110717773 0.79801487922668457031 2.5149245262145996094 3.6882064342498779297 3.2648687362670898438 1.7151134014129638672 0.45000052452087402344 2.0776872634887695312 2.7967050075531005859 2.51049041748046875 4.4531841278076171875
1.9500621557235717773 4.8963475227355957031 4.2802948951721191406 1.5298435688018798828 1.8982703685760498047 2.6739740371704101562 2.3133821487426757812 2.5968410968780517578 1.3828601837158203125 0.79737228155136108398 1.124940037727355957 1.2408918142318725586 1.2841916084289550781 0.91834497451782226562 1.2869483232498168945 0.41487953066825866699 1.6129363775253295898 3.3092961311340332031 1.8846253156661987305 2.10837554931640625 3.3624582290649414062 2.7825701236724853516 1.6720832586288452148 1.6050751209259033203 1.2885204553604125977 2.2907528877258300781 2.4977676868438720703 0.53339546918869018555 0.8400402069091796875 2.2373499870300292969 2.7667272090911865234 2.5395443439483642578 2.37722015380859375 2.8374555110931396484 2.0123805999755859375 0.29336121678352355957 2.2271583080291748047 2.9506418704986572266 1.9477390050888061523 3.551311492919921875
1.4089640378952026367 3.7714869976043701172 5.1458611488342285156 3.84942626953125 2.7681777477264404297 3.0111947059631347656 2.259403228759765625 2.2567186355590820312 2.0423228740692138672 1.5390813350677490234 0.84244966506958007812 2.3277671337127685547 1.1981431245803833008 0.19091685116291046143 0.34418496489524841309 0.071147434413433074951 1.8619445562362670898 2.1530153751373291016 1.354763031005859375 0.93581122159957885742 2.7262156009674072266 2.3882555961608886719 0.44319167733192443848 1.1154481172561645508 0.82728630304336547852 2.6204826831817626953 2.3197209835052490234 0.73253405094146728516 1.3118662834167480469 2.4185583591461181641 2.6433532238006591797 1.308007359504699707 1.9383577108383178711 3.2201378345489501953 2.1150887012481689453 0.9249331355094909668 2.1229670047760009766 3.5371859073638916016 1.9229054450988769531 2.8672366142272949219
1.2044630050659179688 2.0371081829071044922 3.5050499439239501953 2.7105998992919921875 3.0168907642364501953 2.6841661930084228516 2.3912198543548583984 2.5837535858154296875 2.9279446601867675781 2.7999594211578369141 1.6519943475723266602 2.4536402225494384766 1.1067962646484375 0.7636502385139465332 1.4601154327392578125 2.5498669147491455078 3.1413190364837646484 2.9690876007080078125 2.0492496490478515625 1.7053567171096801758 2.7981641292572021484 2.9960429668426513672 1.8730475902557373047 0.31819915771484375 1.9228979349136352539 2.6948783397674560547 1.8444669246673583984 1.2240558862686157227 2.5847313404083251953 2.3912138938903808594 1.3060696125030517578 1.823225855827331543 2.3015475273132324219 2.63568878173828125 1.9131391048431396484 0.91114866733551025391 2.2980222702026367188 3.3433241844177246094 1.6547616720199584961 2.2499852180480957031
2.4078662395477294922 4.3281307220458984375 3.5191521644592285156 3.0076646804809570312 2.5863006114959716797 1.5420457124710083008 1.9038600921630859375 2.0642514228820800781 1.6669362783432006836 2.6576573848724365234 3.1229267120361328125 3.3121931552886962891 3.0463993549346923828 3.4143588542938232422 2.8267385959625244141 2.8295991420745849609 2.7038719654083251953 2.5925529003143310547 1.9696953296661376953 1.7547738552093505859 2.4497280120849609375 3.2036130428314208984 3.7408316135406494141 2.9702847003936767578 2.1821908950805664062 1.1405792236328125 1.9344372749328613281 3.3478608131408691406 3.5565659999847412109 1.0186865329742431641 0.73460251092910766602 2.4397983551025390625 1.5987584590911865234 1.6865545511245727539 2.4528229236602783203 2.6751058101654052734 2.4331493377685546875 2.5004014968872070312 2.4993996620178222656 1.985036015510559082
2.1353249549865722656 1.4903132915496826172 0.51798307895660400391 2.5696206092834472656 2.1782388687133789062 1.7362264394760131836 2.1865892410278320312 2.7319586277008056641 1.3725836277008056641 3.9539988040924072266 4.9482769966125488281 3.5494563579559326172 2.2499852180480957031 2.40850067138671875 1.6970212459564208984 2.1782448291778564453 1.3685171604156494141 1.4444413185119628906 0.79611057043075561523 1.3103247880935668945 1.2178397178649902344 0.7702528834342956543 2.9600553512573242188 2.6218347549438476562 2.3901619911193847656 2.7740187644958496094 3.0103485584259033203 5.0268282890319824219 4.9931120872497558594 4.1841568946838378906 3.5542857646942138672 3.5751173496246337891 1.6338230371475219727 0.93959313631057739258 1.4875890016555786133 3.2130725383758544922 2.7820262908935546875 2.3912148475646972656 3.3334903717041015625 2.9677290916442871094
2.0106079578399658203 3.2505962848663330078 3.0284345149993896484 3.2456173896789550781 2.5546228885650634766 1.9725208282470703125 2.04653167724609375 3.0224111080169677734 3.5329015254974365234 3.1107656955718994141 1.4542185068130493164 0.3001880645751953125 0.5474459528923034668 0.6689624786376953125 1.0504915714263916016 1.8056573867797851562 0.8537953495979309082 0.64899092912673950195 0.59187066555023193359 1.2534754276275634766 1.3184125423431396484 1.7944078445434570312 3.2138516902923583984 1.861939549446105957 1.2983031272888183594 1.884633183479309082 3.0879371166229248047 1.7845178842544555664 3.171905517578125 3.8395764827728271484 4.6454858779907226562 6.5787158012390136719 2.6204845905303955078 1.9344422817230224609 1.3184075355529785156 3.1293995380401611328 3.5724365711212158203 2.9982252120971679688 2.9533903598785400391 3.7104680538177490234
2.1805663108825683594 3.1089739799499511719 3.4853975772857666016 4.1097826957702636719 3.9534804821014404297 3.7736310958862304688 3.5845785140991210938 4.2403612136840820312 3.2287502288818359375 1.2094962596893310547 2.1067070960998535156 0.32760804891586303711 0.99861532449722290039 0.42451798915863037109 0.74009364843368530273 1.6811410188674926758 1.7368036508560180664 2.0696310997009277344 1.5525101423263549805 1.255495905876159668 1.5325008630752563477 2.3742411136627197266 3.3018066883087158203 2.8571574687957763672 2.6679167747497558594 2.5774891376495361328 1.8353992700576782227 1.8235055208206176758 1.2873407602310180664 0.96300852298736572266 2.1654341220855712891 7.8345465660095214844 5.2631306648254394531 3.3565981388092041016 1.9755827188491821289 2.5696265697479248047 3.8968818187713623047 5.2744984626770019531 3.8842928409576416016 2.5082743167877197266
2.823696136474609375 1.7842285633087158203 2.1095831394195556641 3.3421230316162109375 3.9045197963714599609 3.9748842716217041016 4.3187823295593261719 4.4462561607360839844 2.9597084522247314453 2.5892186164855957031 3.6651213169097900391 3.0916924476623535156 2.7967107295989990234 2.2180521488189697266 1.2445573806762695312 1.935214996337890625 2.0221605300903320312 1.5377711057662963867 1.9642859697341918945 1.7207120656967163086 1.5357995033264160156 2.0854644775390625 2.1115031242370605469 2.9982342720031738281 2.6849150657653808594 4.0671834945678710938 3.37686920166015625 0.45224240422248840332 0.84724521636962890625 0.74282377958297729492 1.0804150104522705078 5.0798916816711425781 4.9189481735229492188 3.1878006458282470703 3.2637798786163330078 2.4937124252319335938 2.9460113048553466797 6.9045000076293945312 3.6688532829284667969 0.31339216232299804688
0.20123887062072753906 0.61205971240997314453 0.30187496542930603027 0.92329335212707519531 2.3848710060119628906 2.3232059478759765625 0.96195363998413085938 2.1513743400573730469 2.228069305419921875 2.3242917060852050781 2.5579900741577148438 2.4329450130462646484 2.8165214061737060547 3.2747533321380615234 2.2050127983093261719 1.593678593635559082 2.0647490024566650391 0.89149695634841918945 3.0813794136047363281 2.2269306182861328125 1.3184125423431396484 2.7822122573852539062 3.0912077426910400391 2.1466577053070068359 1.8137671947479248047 4.2546234130859375 5.8004450798034667969 4.8868665695190429688 1.8619428873062133789 1.9850487709045410156 2.42940521240234375 3.3876178264617919922 0.94604051113128662109 3.0879349708557128906 4.5340266227722167969 3.1443719863891601562 2.7485630512237548828 4.9017977714538574219 4.674282073974609375 2.8973958492279052734
1.4538638591766357422 1.3260636329650878906 1.1454529762268066406 0.45891320705413818359 1.3977901935577392578 1.8257213830947875977 0.95455348491668701172 1.1330163478851318359 0.91834634542465209961 1.2667250633239746094 1.4089721441268920898 0.85675466060638427734 1.1298754215240478516 1.5305106639862060547 1.3766257762908935547 2.1745231151580810547 2.1747579574584960938 0.61204898357391357422 2.5371429920196533203 2.7573788166046142578 2.2341878414154052734 2.497772216796875 1.8356723785400390625 2.5892403125762939453 5.1523160934448242188 5.4250164031982421875 6.4770741462707519531 8.8690214157104492188 7.9251151084899902344 4.2871217727661132812 4.4221353530883789062 3.1361668109893798828 0.38841173052787780762 2.5293605327606201172 4.1570444107055664062 4.2435736656188964844 4.0389003753662109375 3.2431218624114990234 2.2373611927032470703 3.8019101619720458984
