wildfire/work/fuelmodels/1816/slope.asc
ncols        375
nrows        264
xllcorner    171030.000000000000
yllcorner    476145.000000000000
cellsize     5.000000000000
NODATA_value   -999
[rows 162 to 179 of 264, columns 40 to 79 of 375]
1.5305105447769165039 1.5305242538452148438 1.8271100521087646484 1.718352198600769043 0.99097406864166259766 0.59187066555023193359 0.48570111393928527832 0.66895443201065063477 0.60790240764617919922 0.28460240364074707031 0.54928880929946899414 0.93636500835418701172 1.7053505182266235352 2.3275568485260009766 1.5008106231689453125 1.2281763553619384766 2.1637964248657226562 3.56890869140625 5.1252436637878417969 3.4254391193389892578 1.3118718862533569336 0.92766797542572021484 1.7510243654251098633 3.5972368717193603516 4.5930576324462890625 2.5155265331268310547 0.39358985424041748047 1.0280867815017700195 1.8814029693603515625 0.60036301612854003906 1.1533790826797485352 1.3769919872283935547 0.65596783161163330078 0.8112239837646484375 0.60036301612854003906 0.63638788461685180664 1.2731097936630249023 1.3245332241058349609 2.7999596595764160156 2.5451054573059082031
1.9368025064468383789 3.2995157241821289062 2.7105998992919921875 2.703876495361328125 1.2194970846176147461 0.80306905508041381836 0.76959842443466186523 0.62757009267807006836 0.4980487525463104248 0.44204786419868469238 0.38710510730743408203 0.79802048206329345703 0.82973265647888183594 0.83277350664138793945 1.1733911037445068359 1.883553624153137207 1.2178379297256469727 1.2376259565353393555 4.0222458839416503906 5.1425232887268066406 3.7331256866455078125 1.0957653522491455078 0.54092895984649658203 2.6603181362152099609 3.6853313446044921875 2.4179394245147705078 1.7429143190383911133 0.9358151555061340332 0.60036939382553100586 1.9186887741088867188 0.4867438971996307373 3.7220175266265869141 6.5701622962951660156 7.3867259025573730469 5.2181200981140136719 2.6362638473510742188 1.0874270200729370117 0.58672082424163818359 1.1330066919326782227 3.5565659999847412109
0.94442915916442871094 1.4831603765487670898 0.89602553844451904297 2.1635744571685791016 1.2413057088851928711 0.91170448064804077148 0.72559076547622680664 0.52188599109649658203 0.51407086849212646484 0.79548412561416625977 1.1208884716033935547 0.92657017707824707031 0.80559206008911132812 0.83520609140396118164 0.88465315103530883789 1.5551208257675170898 1.4957300424575805664 1.3172574043273925781 1.8290402889251708984 3.4103693962097167969 6.2087693214416503906 4.2839398384094238281 2.8961684703826904297 3.6957266330718994141 4.3932814598083496094 4.2942976951599121094 2.7038707733154296875 0.98791033029556274414 0.75432068109512329102 0.4280942082405090332 2.1976664066314697266 6.6194739341735839844 9.6677446365356445312 7.732433319091796875 8.1847772598266601562 4.1880245208740234375 1.1772619485855102539 0.98687738180160522461 2.052448272705078125 3.4910471439361572266
1.932604670524597168 1.069590449333190918 0.67122370004653930664 1.128543853759765625 0.98842906951904296875 0.84064829349517822266 0.7954756617546081543 0.61782014369964599609 0.23164896667003631592 0.67423522472381591797 0.54372370243072509766 0.40748560428619384766 0.67424094676971435547 0.66895705461502075195 0.64429223537445068359 1.1943489313125610352 1.462543487548828125 1.5511994361877441406 1.3890645503997802734 1.0596016645431518555 3.2909259796142578125 4.12204742431640625 3.6738018989562988281 4.0785856246948242188 3.9313359260559082031 3.1707949638366699219 4.6828017234802246094 2.8066401481628417969 3.1036038398742675781 3.0364315509796142578 1.6050751209259033203 6.2090086936950683594 9.172840118408203125 6.6891813278198242188 10.113719940185546875 4.2060613632202148438 1.2473949193954467773 1.8463802337646484375 2.3362255096435546875 2.821014404296875
2.0301406383514404297 0.9986184239387512207 0.57362586259841918945 0.99454826116561889648 1.0672121047973632812 0.84003466367721557617 0.62514352798461914062 0.66820073127746582031 0.56293821334838867188 0.99911999702453613281 0.56920182704925537109 0.39358985424041748047 0.55661660432815551758 0.61781644821166992188 0.94603842496871948242 1.2281895875930786133 0.9227415919303894043 1.2982977628707885742 1.8137564659118652344 1.2986824512481689453 1.4510873556137084961 1.3566321134567260742 0.76630377769470214844 2.1153268814086914062 2.9758968353271484375 3.8719244003295898438 5.2720217704772949219 3.4254457950592041016 2.3205859661102294922 1.1789747476577758789 0.54092437028884887695 2.5853245258331298828 8.7001390457153320312 8.6192960739135742188 5.733394622802734375 2.2155489921569824219 2.1450102329254150391 2.4815218448638916016 1.0860306024551391602 1.6507744789123535156
1.43881988525390625 0.8537953495979309082 0.31978443264961242676 0.56652396917343139648 1.1733858585357666016 0.98791033029556274414 0.88006663322448730469 0.89659875631332397461 1.0388700962066650391 1.2869431972503662109 0.8112239837646484375 0.70649796724319458008 0.45559132099151611328 0.51798200607299804688 1.4763151407241821289 1.2810311317443847656 0.33824276924133300781 1.5115501880645751953 1.8835499286651611328 1.0892755985260009766 1.6970227956771850586 1.5671135187149047852 0.87545162439346313477 1.158190608024597168 0.82973027229309082031 1.921847224235534668 3.9166612625122070312 2.47743988037109375 2.0747621059417724609 2.4464211463928222656 2.1960470676422119141 2.8159825801849365234 1.5799701213836669922 1.8643922805786132812 1.266726374626159668 2.578273773193359375 4.0385332107543945312 2.4009294509887695312 0.99455505609512329102 0.79611033201217651367
0.96929281949996948242 0.42808562517166137695 1.1190717220306396484 1.1298786401748657227 0.83520793914794921875 1.1564415693283081055 0.98688739538192749023 1.1026780605316162109 1.2224032878875732422 1.3199430704116821289 1.0388561487197875977 1.1811254024505615234 0.51405507326126098633 0.41851970553398132324 1.5115454196929931641 1.2178361415863037109 0.47303044795989990234 1.3118742704391479492 1.8529497385025024414 1.1581901311874389648 1.6063303947448730469 2.0740349292755126953 2.0045721530914306641 1.4957293272018432617 1.1699351072311401367 1.5667885541915893555 1.9472155570983886719 3.4151062965393066406 3.5904951095581054688 3.2487337589263916016 2.5259678363800048828 2.8890161514282226562 3.868663787841796875 3.0964338779449462891 1.5018084049224853516 2.6084983348846435547 4.6750388145446777344 3.8114521503448486328 1.250243067741394043 0.42690318822860717773
0.75095719099044799805 0.63638311624526977539 0.70649904012680053711 1.7151095867156982422 0.58064424991607666016 1.2294126749038696289 1.2355765104293823242 1.6696606874465942383 1.915513157844543457 1.3506487607955932617 0.86439681053161621094 1.1423536539077758789 0.65287828445434570312 0.92657428979873657227 0.93635910749435424805 0.67423319816589355469 0.47729137539863586426 0.88006728887557983398 1.2534754276275634766 1.0533719062805175781 0.88407135009765625 1.1136400699615478516 1.4472453594207763672 1.273494720458984375 2.0715882778167724609 1.9038591384887695312 1.1879595518112182617 1.0151994228363037109 1.8179409503936767578 2.2640943527221679688 1.2157567739486694336 2.0531880855560302734 2.1114919185638427734 1.1113573312759399414 1.4218411445617675781 2.740283966064453125 4.5217747688293457031 4.990997314453125 2.9203388690948486328 1.9281584024429321289
2.7943551540374755859 1.4317680597305297852 1.6501584053039550781 1.5048410892486572266 1.0112080574035644531 1.1081801652908325195 1.7324374914169311523 1.8496681451797485352 1.3813916444778442383 1.1454529762268066406 0.84902751445770263672 0.9422785639762878418 0.58672541379928588867 1.0201760530471801758 0.72627663612365722656 0.38315048813819885254 0.72628253698348999023 0.65596753358840942383 0.76960599422454833984 2.0747606754302978516 1.8137552738189697266 1.1824189424514770508 0.9986292719841003418 0.74553543329238891602 1.1806961297988891602 1.7944090366363525391 2.7178578376770019531 1.5018097162246704102 1.5619335174560546875 2.2984640598297119141 0.72697335481643676758 0.62514507770538330078 2.0524463653564453125 1.5564203262329101562 2.4627006053924560547 2.8138353824615478516 3.3999779224395751953 3.8503489494323730469 1.947209477424621582 1.9155172109603881836
2.9948611259460449219 2.9076657295227050781 3.2201340198516845703 1.5354689359664916992 1.0107045173645019531 0.54187154769897460938 0.84245085716247558594 1.0576922893524169922 0.97346407175064086914 1.2762863636016845703 1.2607198953628540039 1.273494720458984375 1.006186366081237793 0.98637270927429199219 0.61205714941024780273 0.66895705461502075195 0.64350152015686035156 0.76497989892959594727 0.76630932092666625977 2.272129058837890625 1.7309669256210327148 0.45559680461883544922 0.98638486862182617188 0.58671689033508300781 0.90557652711868286133 2.7367742061614990234 3.3077766895294189453 2.9270937442779541016 2.3101055622100830078 2.006336212158203125 1.5305129289627075195 2.1682405471801757812 3.3303039073944091797 3.5085132122039794922 2.9078457355499267578 3.4179103374481201172 4.2154088020324707031 3.9365997314453125 2.8578639030456542969 2.0266509056091308594
1.9531812667846679688 2.7200908660888671875 3.6039738655090332031 2.9336423873901367188 1.7103893756866455078 1.4656616449356079102 1.5354706048965454102 0.67121827602386474609 0.43279868364334106445 0.6395619511604309082 1.1154540777206420898 1.0226533412933349609 0.95455348491668701172 1.1581960916519165039 1.0971585512161254883 1.2631344795227050781 1.6657273769378662109 1.8320907354354858398 1.5796608924865722656 1.8673664331436157227 1.6226360797882080078 0.65597695112228393555 0.61453920602798461914 0.43279781937599182129 1.5796608924865722656 1.3529000282287597656 2.6618432998657226562 2.9554467201232910156 0.99608057737350463867 2.5371451377868652344 2.6813402175903320312 1.7133504152297973633 0.60456281900405883789 0.95508551597595214844 1.0634239912033081055 2.1222627162933349609 3.5873961448669433594 2.3205914497375488281 1.7955362796783447266 1.7133373022079467773
2.3958675861358642578 2.2649934291839599609 2.5892331600189208984 3.47377777099609375 2.8709273338317871094 2.0922489166259765625 3.6957409381866455078 4.7910900115966796875 3.8901400566101074219 2.0842471122741699219 0.43279111385345458984 0.60457497835159301758 0.58672875165939331055 0.60790914297103881836 0.70291221141815185547 1.011216282844543457 1.6437059640884399414 1.6961241960525512695 1.7218811511993408203 1.5515296459197998047 0.52670949697494506836 0.80118125677108764648 0.54093039035797119141 0.62758362293243408203 1.1956151723861694336 0.69494378566741943359 2.3996682167053222656 2.1236817836761474609 1.9789153337478637695 1.3118765354156494141 0.71149986982345581055 0.82728630304336547852 1.5741941928863525391 0.92766302824020385742 0.64428859949111938477 2.3549942970275878906 3.6651220321655273438 0.69784820079803466797 1.1276444196701049805 1.4855438470840454102
3.8623950481414794922 2.6479339599609375 1.2376298904418945312 1.9409698247909545898 3.032428741455078125 1.9157859086990356445 2.5149254798889160156 2.6677291393280029297 3.0384294986724853516 3.3808987140655517578 2.2499804496765136719 1.1879632472991943359 0.2294505387544631958 0.071150146424770355225 0.76894563436508178711 0.93581783771514892578 0.98225045204162597656 0.86556041240692138672 1.1458950042724609375 0.44547170400619506836 0.95668083429336547852 1.2826149463653564453 0.65596783161163330078 1.8204441070556640625 2.8707470893859863281 2.7006859779357910156 2.8946046829223632812 2.7703721523284912109 1.3080049753189086914 0.92657017707824707031 0.47302839159965515137 2.0934445858001708984 2.8975665569305419922 1.6766202449798583984 0.5849882960319519043 3.1040971279144287109 3.0083286762237548828 2.4246201515197753906 2.3225538730621337891 2.7055594921112060547
3.6055219173431396484 2.3549857139587402344 1.3536441326141357422 1.4089692831039428711 1.1208800077438354492 1.2157571315765380859 0.4136504828929901123 0.95349740982055664062 1.7133458852767944336 1.4841789007186889648 1.8048205375671386719 2.6471836566925048828 1.4331864118576049805 0.84903937578201293945 1.1841273307800292969 1.5911487340927124023 1.4759811162948608398 1.4489837884902954102 1.1981443166732788086 1.4129139184951782227 1.7816805839538574219 2.1447803974151611328 2.5443120002746582031 2.2607481479644775391 0.71149224042892456055 1.2826098203659057617 1.5822178125381469727 1.8910654783248901367 1.7324244976043701172 0.96614921092987060547 1.0280754566192626953 0.24851712584495544434 1.8090114593505859375 0.86906564235687255859 1.9735463857650756836 2.7981581687927246094 0.49396497011184692383 1.2445573806762695312 0.79801583290100097656 1.7180637121200561523
3.7425909042358398438 0.88235765695571899414 1.9601595401763916016 2.1960594654083251953 0.65287417173385620117 0.44319730997085571289 0.85674166679382324219 0.84723675251007080078 1.8714263439178466797 0.70649057626724243164 0.37107238173484802246 2.1466691493988037109 1.3275902271270751953 1.381403803825378418 2.1189136505126953125 3.0726654529571533203 3.0746393203735351562 3.0631146430969238281 3.0662450790405273438 3.8557157516479492188 3.7005116939544677734 3.4705739021301269531 2.7061114311218261719 1.7005957365036010742 3.2298560142517089844 3.2907724380493164062 2.7386164665222167969 2.1201002597808837891 1.4601166248321533203 1.4489928483963012695 2.290752410888671875 3.3734152317047119141 3.3786563873291015625 2.1067020893096923828 2.2337369918823242188 0.84724521636962890625 0.94228690862655639648 0.99097907543182373047 0.58672475814819335938 0.41851785778999328613
0.88465094566345214844 1.0152027606964111328 2.4095466136932373047 1.7218868732452392578 1.1529349088668823242 0.58064424991607666016 0.23165063560009002686 1.0061898231506347656 1.6943300962448120117 0.70073860883712768555 0.54466712474822998047 1.7785496711730957031 1.1045039892196655273 1.8706159591674804688 1.4416258335113525391 1.3378481864929199219 1.4013994932174682617 1.9778932332992553711 1.9635205268859863281 1.7955422401428222656 0.79611057043075561523 0.47835090756416320801 3.5848574638366699219 4.0043821334838867188 1.1651718616485595703 0.86439615488052368164 2.3399045467376708984 3.2025113105773925781 3.4422183036804199219 3.3178341388702392578 2.6920583248138427734 2.1028540134429931641 1.6702721118927001953 1.7103865146636962891 1.691042780876159668 0.54372370243072509766 0.45558327436447143555 1.0576882362365722656 0.39357808232307434082 1.1977212429046630859
1.2157484292984008789 0.73183798789978027344 2.357128143310546875 0.52187639474868774414 0.90109354257583618164 1.0971524715423583984 0.063641056418418884277 1.1699351072311401367 1.4510750770568847656 0.52477997541427612305 1.2631219625473022461 2.4385466575622558594 2.4519948959350585938 1.7731336355209350586 0.93958497047424316406 1.9409698247909545898 1.6501495838165283203 0.72138482332229614258 0.34418496489524841309 0.58672147989273071289 2.2132675647735595703 4.3988008499145507812 4.7927680015563964844 2.3085720539093017578 0.49804607033729553223 2.1635587215423583984 2.6841564178466796875 1.4356493949890136719 1.2534699440002441406 1.3287354707717895508 1.0596016645431518555 1.1370198726654052734 0.89997172355651855469 0.33825132250785827637 0.24851791560649871826 0.82790404558181762695 0.52478581666946411133 0.49397081136703491211 1.3547579050064086914 1.4896304607391357422
0.81121993064880371094 0.61205434799194335938 2.0065813064575195312 0.78264564275741577148 1.0971473455429077148 1.3141832351684570312 1.1977189779281616211 1.1879614591598510742 1.5911408662796020508 1.7739919424057006836 1.9281535148620605469 1.8910551071166992188 1.8134763240814208984 0.74281936883926391602 0.66211211681365966797 1.8496736288070678711 0.79738050699234008789 0.7689431309700012207 0.47303617000579833984 0.93635910749435424805 2.8015892505645751953 2.6003403663635253906 1.1472148895263671875 1.0061913728713989258 1.7227697372436523438 2.4813179969787597656 1.7570803165435791016 0.92766302824020385742 1.0226538181304931641 1.0804224014282226562 1.2277787923812866211 1.3260749578475952148 1.0246390104293823242 0.84724014997482299805 0.91114991903305053711 0.85969913005828857422 0.52478581666946411133 0.14230564236640930176 1.3049083948135375977 0.84724694490432739258
