wildfire/work/fuelmodels/1816/slope.asc
ncols        375
nrows        264
xllcorner    171030.000000000000
yllcorner    476145.000000000000
cellsize     5.000000000000
NODATA_value   -999
[rows 36 to 53 of 264, columns 120 to 159 of 375]
1.6510726213455200195 1.7547827959060668945 1.4855505228042602539 2.0331368446350097656 2.7159948348999023438 2.4536447525024414062 2.5229527950286865234 2.1831181049346923828 2.1670753955841064453 5.1142144203186035156 2.6633582115173339844 0.8112265467643737793 3.9973094463348388672 5.4743733406066894531 2.9300172328948974609 2.2594113349914550781 3.7688057422637939453 3.8963689804077148438 1.9720001220703125 2.6728355884552001953 3.1878035068511962891 4.9050931930541992188 4.0535001754760742188 9.97771453857421875 14.656488418579101562 4.3088521957397460938 3.5135426521301269531 3.0879342555999755859 5.4040770530700683594 2.7948970794677734375 5.5354971885681152344 3.6924495697021484375 2.4760122299194335938 3.5858478546142578125 7.3659768104553222656 8.7919759750366210938 4.9994673728942871094 1.1136314868927001953 0.52187269926071166992 0.61782485246658325195
0.48674273490905761719 0.95720309019088745117 1.4374169111251831055 2.0922429561614990234 1.8918601274490356445 2.7485654354095458984 1.9924132823944091797 0.93581122159957885742 3.1583342552185058594 5.2357702255249023438 3.0642733573913574219 1.3321652412414550781 5.0127673149108886719 4.928775787353515625 2.0876429080963134766 3.804683685302734375 3.1998128890991210938 4.5785360336303710938 1.3355815410614013672 1.7645540237426757812 1.3536386489868164062 2.3646333217620849609 4.6102762222290039062 2.5329587459564208984 12.574961662292480469 10.210628509521484375 7.8631510734558105469 2.8636963367462158203 3.3713257312774658203 2.8053729534149169922 2.4497303962707519531 6.8451757431030273438 5.9185690879821777344 5.9582381248474121094 3.7971158027648925781 6.4577908515930175781 6.9819784164428710938 2.1953635215759277344 1.2281957864761352539 1.6547570228576660156
0.38447859883308410645 0.71149766445159912109 0.59783375263214111328 2.1670632362365722656 2.6102368831634521484 3.0938265323638916016 2.4114398956298828125 0.94603186845779418945 2.9485871791839599609 4.4171161651611328125 2.5293607711791992188 1.8988050222396850586 4.8762259483337402344 6.0420250892639160156 3.1878004074096679688 2.8360192775726318359 2.6295351982116699219 4.6125640869140625 1.8932023048400878906 1.5908271074295043945 1.6204440593719482422 2.1953573226928710938 2.7025575637817382812 0.28459969162940979004 7.1020531654357910156 3.8605635166168212891 2.5522551536560058594 3.7408359050750732422 2.6911222934722900391 4.2776989936828613281 6.8153872489929199219 7.2205209732055664062 9.3765239715576171875 4.4982709884643554688 3.0130293369293212891 2.8066341876983642578 6.4671282768249511719 3.3737173080444335938 1.679945826530456543 2.3848693370819091797
0.31338664889335632324 0.74282377958297729492 0.99607241153717041016 0.25652658939361572266 2.5419173240661621094 2.7293794155120849609 1.5538176298141479492 0.71149492263793945312 2.0291461944580078125 4.0253772735595703125 1.9088983535766601562 1.0985367298126220703 3.0088427066802978516 5.7523283958435058594 3.2448389530181884766 1.3547579050064086914 2.4612607955932617188 3.7948503494262695312 1.8942627906799316406 1.8137655258178710938 1.9929267168045043945 0.68541073799133300781 1.8056528568267822266 4.0082917213439941406 8.893314361572265625 7.9391851425170898438 7.2582240104675292969 4.1527853012084960938 2.5480747222900390625 3.7487864494323730469 11.660081863403320312 4.8104085922241210938 8.3824968338012695312 3.69846343994140625 1.4261108636856079102 1.3547589778900146484 5.7076015472412109375 2.9272441864013671875 3.7436616420745849609 5.829105377197265625
0.68688434362411499023 1.2290118932723999023 1.5275365114212036133 1.6934398412704467773 2.0244112014770507812 2.3842344284057617188 1.9302583932876586914 1.8137640953063964844 2.6679074764251708984 3.1731779575347900391 1.6304063796997070312 1.1811249256134033203 0.45224624872207641602 3.0728368759155273438 4.9969501495361328125 1.7183642387390136719 2.9706308841705322266 4.3391876220703125 3.7180724143981933594 3.3570535182952880859 2.8853349685668945312 2.0423228740692138672 3.0543527603149414062 5.57765960693359375 12.430547714233398438 9.3549480438232421875 3.1495218276977539062 1.8359476327896118164 2.2086884975433349609 3.5670597553253173828 9.9392538070678710938 7.1602010726928710938 8.0355939865112304688 5.9898319244384765625 2.4348146915435791016 3.5307586193084716797 6.3750329017639160156 5.1491732597351074219 5.3290629386901855469 4.9275608062744140625
1.8463921546936035156 1.5463049411773681641 0.57363325357437133789 0.85675489902496337891 0.58672410249710083008 1.6424688100814819336 1.2244712114334106445 2.1203413009643554688 3.5050513744354248047 1.9985098838806152344 2.0221581459045410156 2.5498602390289306641 1.4597743749618530273 3.2468626499176025391 5.3376665115356445312 2.1115062236785888672 2.1551253795623779297 4.6757788658142089844 4.3252091407775878906 3.6706385612487792969 2.3433635234832763672 2.006336212158203125 3.5581274032592773438 3.4195427894592285156 10.945837020874023438 14.64835357666015625 6.4389948844909667969 4.2068920135498046875 4.8880901336669921875 7.2448682785034179688 8.8529338836669921875 1.184126734733581543 5.2130026817321777344 4.8196330070495605469 1.6359943151473999023 6.0689449310302734375 7.2123746871948242188 4.417682647705078125 3.1443860530853271484 2.5784716606140136719
1.4763200283050537109 2.0915229320526123047 1.9518913030624389648 1.7359343767166137695 1.4317777156829833984 2.4229476451873779297 1.8835548162460327148 1.930245518684387207 2.0363667011260986328 3.9780602455139160156 3.4430947303771972656 2.7068493366241455078 2.9374139308929443359 5.1695055961608886719 4.3281359672546386719 1.3547649383544921875 3.1640832424163818359 4.3947763442993164062 3.8008351325988769531 1.1472193002700805664 1.6556619405746459961 1.9666060209274291992 2.4470427036285400391 1.2281825542449951172 4.6569795608520507812 13.124605178833007812 10.836632728576660156 7.7283954620361328125 1.8586705923080444336 4.3596158027648925781 4.642009735107421875 6.8354845046997070312 4.2145776748657226562 1.2798492908477783203 5.9696245193481445312 4.0943970680236816406 10.786465644836425781 5.7308521270751953125 2.6909418106079101562 1.2607198953628540039
2.5133092403411865234 1.5515279769897460938 1.8011627197265625 1.1472243070602416992 2.0490026473999023438 1.6599383354187011719 1.7671306133270263672 1.4804210662841796875 1.4175593852996826172 0.81806617975234985352 3.1604154109954833984 1.9789102077484130859 2.3463730812072753906 0 1.6862545013427734375 1.8714259862899780273 3.8686587810516357422 2.3842303752899169922 3.6556024551391601562 2.5956668853759765625 0.99097877740859985352 2.0715930461883544922 0.72138881683349609375 1.5667843818664550781 2.4937124252319335938 6.7835397720336914062 9.486553192138671875 9.9776697158813476562 9.1850147247314453125 1.3714720010757446289 6.3787455558776855469 5.0663824081420898438 2.6905586719512939453 5.3479447364807128906 6.7956728935241699219 8.4856519699096679688 11.791003227233886719 4.7111487388610839844 1.228178858757019043 0.88005942106246948242
2.0303952693939208984 0.77418893575668334961 2.2993457317352294922 2.3935515880584716797 0.59443044662475585938 1.1568852663040161133 2.9946906566619873047 2.3859233856201171875 1.018687129020690918 2.0246574878692626953 1.0107098817825317383 2.0571427345275878906 0 0 0 0 2.2993426322937011719 0.3382422029972076416 2.3958675861358642578 3.9412057399749755859 2.3353686332702636719 0.75432628393173217773 1.4597743749618530273 2.2298822402954101562 2.8890066146850585938 1.3547649383544921875 1.4708193540573120117 5.0994124412536621094 10.904177665710449219 11.403342247009277344 6.3090624809265136719 1.2554949522018432617 6.3038725852966308594 7.2429370880126953125 7.1218900680541992188 8.161190032958984375 6.3988199234008789062 2.2721247673034667969 2.1466631889343261719 4.1138243675231933594
1.1776919364929199219 2.0033013820648193359 1.8070608377456665039 1.9941910505294799805 2.0053327083587646484 0.95455467700958251953 2.5466887950897216797 2.8010404109954833984 1.8673735857009887695 0.44547775387763977051 1.4300076961517333984 0.79738587141036987305 0 0 0 0 0.32449135184288024902 0.40499365329742431641 1.1244928836822509766 2.7967035770416259766 3.2431249618530273438 2.8587534427642822266 3.1750941276550292969 2.3935484886169433594 2.0642464160919189453 1.5168948173522949219 1.647694706916809082 1.6937402486801147461 2.8008682727813720703 7.9381866455078125 10.79917144775390625 7.1592960357666015625 9.1954393386840820312 5.8041768074035644531 0.2012522965669631958 2.3646330833435058594 2.5923550128936767578 0.54928773641586303711 2.2063930034637451172 2.5233538150787353516
1.1472115516662597656 1.8918642997741699219 3.2588198184967041016 1.9534400701522827148 2.2098317146301269531 1.2281879186630249023 1.8045305013656616211 1.4416282176971435547 2.6086862087249755859 1.565167546272277832 1.1472215652465820312 0.25455752015113830566 0 0 0 0 3.7547128200531005859 2.9031498432159423828 2.2925157546997070312 2.2640943527221679688 2.0346243381500244141 2.7441391944885253906 2.0825469493865966797 0.58672147989273071289 0.32759213447570800781 0.89149564504623413086 2.1279599666595458984 1.8795163631439208984 1.308007359504699707 2.2807891368865966797 6.3362612724304199219 5.0003786087036132812 5.2308483123779296875 1.9394049644470214844 0.54928070306777954102 2.7051804065704345703 2.5956668853759765625 1.0280890464782714844 1.4913239479064941406 4.4211068153381347656
0.71150302886962890625 1.6907498836517333984 1.8447433710098266602 3.0853137969970703125 0.93148005008697509766 2.6410455703735351562 2.0747573375701904297 0.86146426200866699219 1.2412934303283691406 1.9616999626159667969 2.3170943260192871094 5.2985301017761230469 0 0 0.73184400796890258789 1.9352192878723144531 3.8657851219177246094 4.167362213134765625 4.3489527702331542969 3.7659914493560791016 1.5495735406875610352 0.80997949838638305664 0.85673886537551879883 0.38315507769584655762 0.50310122966766357422 1.1811258792877197266 1.8008817434310913086 1.9141876697540283203 2.0774354934692382812 2.4030294418334960938 2.6032528877258300781 1.7913087606430053711 2.0121245384216308594 1.3861516714096069336 1.1405848264694213867 2.7158119678497314453 2.0835139751434326172 1.3999540805816650391 0.78586447238922119141 2.9113144874572753906
3.1366567611694335938 2.2155439853668212891 2.3334090709686279297 1.6204483509063720703 2.0033032894134521484 2.8159871101379394531 0.57363492250442504883 1.8982627391815185547 0.60036814212799072266 1.530506134033203125 0 3.3401548862457275391 1.6050767898559570312 2.8770890235900878906 3.2350172996520996094 0.66895759105682373047 1.1472074985504150391 1.8910596370697021484 3.4508717060089111328 4.2060599327087402344 2.0689065456390380859 0.83702540397644042969 1.5324888229370117188 1.7524733543395996094 1.8867744207382202148 1.8918548822402954102 0.66895759105682373047 0.99861013889312744141 1.6223121881484985352 1.4121876955032348633 0.88408273458480834961 1.4913297891616821289 1.250243067741394043 1.2986824512481689453 3.3097491264343261719 4.4204230308532714844 2.9677255153656005859 1.0147060155868530273 0.51405394077301025391 2.7351028919219970703
1.0860249996185302734 0.45558369159698486328 1.6648051738739013672 2.4019818305969238281 1.2413055896759033203 2.7894732952117919922 0.37107238173484802246 2.0740263462066650391 0.41852569580078125 3.4297151565551757812 5.5754899978637695312 4.1367087364196777344 3.9087789058685302734 4.3549785614013671875 5.79766845703125 2.5163323879241943359 0.76498168706893920898 0.95931667089462280273 3.0056428909301757812 3.1256771087646484375 2.5155277252197265625 1.5275337696075439453 2.7025573253631591797 2.8672320842742919922 3.4798865318298339844 2.6295385360717773438 0.58499622344970703125 0.98018872737884521484 0.38183197379112243652 0.39358985424041748047 0.68688434362411499023 0.65597224235534667969 0.99912595748901367188 2.2269341945648193359 2.1009347438812255859 4.1484131813049316406 5.0899100303649902344 3.2860057353973388672 2.1457180976867675781 2.5575888156890869141
2.2940521240234375 2.3605599403381347656 3.1591241359710693359 1.0822867155075073242 0.89996570348739624023 2.1447808742523193359 0.34418666362762451172 1.4014046192169189453 0.68095064163208007812 3.2162096500396728516 4.2712068557739257812 2.5181338787078857422 2.2940571308135986328 2.6639277935028076172 5.3607363700866699219 4.5306863784790039062 2.0932102203369140625 1.7440717220306396484 3.6427280902862548828 2.6231853961944580078 2.1028611660003662109 2.0681729316711425781 3.3083775043487548828 5.4792575836181640625 7.4154725074768066406 3.5903513431549072266 2.5585832595825195312 1.1612391471862792969 1.0359255075454711914 0.95668083429336547852 0.91115117073059082031 0.74214041233062744141 1.308007359504699707 1.6507662534713745117 0.52187639474868774414 2.2063870429992675781 3.4054701328277587891 5.1325154304504394531 3.1322968006134033203 0.61206537485122680664
3.1403548717498779297 2.7720167636871337891 2.3620619773864746094 0.1935494542121887207 0.77483654022216796875 1.0818296670913696289 1.1068040132522583008 0.38316160440444946289 0.64035695791244506836 1.6198277473449707031 3.4195408821105957031 2.4815218448638916016 0.63718295097351074219 1.1026738882064819336 3.2435839176177978516 4.286296844482421875 3.2722923755645751953 2.9627869129180908203 4.3420963287353515625 3.0789175033569335938 1.135695338249206543 2.66336822509765625 4.3316349983215332031 5.8031411170959472656 4.6412491798400878906 2.9609100818634033203 3.7537670135498046875 3.8457429409027099609 3.3995299339294433594 2.2269353866577148438 1.0246341228485107422 0.60790848731994628906 1.6693644523620605469 1.3397381305694580078 1.5115454196929931641 2.3396866321563720703 1.9735367298126220703 3.7993731498718261719 4.4235043525695800781 3.5123980045318603516
1.1943403482437133789 2.2643210887908935547 2.4397919178009033203 0.70435160398483276367 1.0957598686218261719 0.61205178499221801758 1.1699337959289550781 1.2277736663818359375 0.83279252052307128906 0.10062915831804275513 2.1842675209045410156 3.7157690525054931641 2.6189448833465576172 1.8942687511444091797 1.804524540901184082 1.9969823360443115234 2.4447672367095947266 3.4984107017517089844 5.7833113670349121094 3.0364315509796142578 1.7008886337280273438 2.9513378143310546875 2.9921667575836181641 0.85378986597061157227 1.7368104457855224609 1.1113678216934204102 2.2781276702880859375 3.0098397731781005859 2.0571308135986328125 1.5796526670455932617 1.98606109619140625 2.3706173896789550781 2.0539343357086181641 0.86848568916320800781 2.9022762775421142578 2.4070289134979248047 1.4175628423690795898 2.1824178695678710938 1.4374151229858398438 2.9071547985076904297
1.3725836277008056641 1.5075269937515258789 1.4405858516693115234 1.5774096250534057617 1.2873361110687255859 0.39359134435653686523 0.96930080652236938477 1.3153386116027832031 0.78717201948165893555 0.51405733823776245117 0.70074796676635742188 3.8562364578247070312 4.4806337356567382812 1.8789790868759155273 1.3740472793579101562 0.42809376120567321777 0.68540287017822265625 3.1049089431762695312 6.1526837348937988281 4.3652825355529785156 4.6237134933471679688 2.3861329555511474609 1.1699281930923461914 2.2070820331573486328 1.9352262020111083984 0.72558599710464477539 0.71149766445159912109 2.7172949314117431641 2.2696747779846191406 2.4252498149871826172 3.3231704235076904297 2.06792449951171875 0.35575059056282043457 0.54092895984649658203 2.6433494091033935547 2.7029340267181396484 1.4388245344161987305 2.0679185390472412109 1.6501553058624267578 1.8513164520263671875
