wildfire/work/fuelmodels/1718/ahn1.asc
ncols        464
nrows        422
xllcorner    197320.000000000000
yllcorner    447900.000000000000
cellsize     5.000000000000
NODATA_value   -999
[rows 399 to 417 of 422, columns 210 to 251 of 464]
50.560001373291015625 50.4199981689453125 50.470001220703125 50.509998321533203125 50.490001678466796875 50.450000762939453125 50.529998779296875 50.560001373291015625 50.470001220703125 50.56999969482421875 50.65000152587890625 50.6100006103515625 50.90000152587890625 51.220001220703125 51.4199981689453125 51.68000030517578125 51.8899993896484375 52.09999847412109375 52.020000457763671875 51.939998626708984375 51.520000457763671875 50.93000030517578125 50.6100006103515625 50.31999969482421875 50.1399993896484375 49.720001220703125 49.299999237060546875 48.79000091552734375 48.45999908447265625 48.1100006103515625 47.90000152587890625 47.5800018310546875 47.3600006103515625 46.979999542236328125 46.470001220703125 46.020000457763671875 45.259998321533203125 44.75 44 43.31999969482421875 42.68000030517578125 42.5
50.529998779296875 50.54000091552734375 50.520000457763671875 50.490001678466796875 50.5 50.470001220703125 50.490001678466796875 50.54000091552734375 50.549999237060546875 50.6699981689453125 50.70999908447265625 50.8300018310546875 51.200000762939453125 51.56999969482421875 51.79000091552734375 51.79000091552734375 51.779998779296875 51.84999847412109375 52.029998779296875 52.06999969482421875 51.979999542236328125 51.520000457763671875 51 50.590000152587890625 50.380001068115234375 49.939998626708984375 49.490001678466796875 49.1699981689453125 48.68000030517578125 48.439998626708984375 48.06999969482421875 47.630001068115234375 47.380001068115234375 47.049999237060546875 46.6100006103515625 46.159999847412109375 45.54000091552734375 44.70999908447265625 44.15000152587890625 43.619998931884765625 42.68000030517578125 42.240001678466796875
50.439998626708984375 50.4199981689453125 50.45999908447265625 50.439998626708984375 50.45999908447265625 50.529998779296875 50.490001678466796875 50.549999237060546875 50.560001373291015625 50.6100006103515625 50.56999969482421875 50.720001220703125 51.279998779296875 51.770000457763671875 52.029998779296875 52.1399993896484375 52.200000762939453125 52.20999908447265625 52.18000030517578125 51.8300018310546875 51.70999908447265625 51.509998321533203125 51.159999847412109375 50.79000091552734375 50.470001220703125 50.1699981689453125 49.8600006103515625 49.479999542236328125 49.020000457763671875 48.56999969482421875 48.29000091552734375 47.869998931884765625 47.470001220703125 47.18000030517578125 46.68000030517578125 46.34999847412109375 45.439998626708984375 44.8300018310546875 44.40000152587890625 43.70999908447265625 43.04000091552734375 42.40000152587890625
50.270000457763671875 50.259998321533203125 50.299999237060546875 50.310001373291015625 50.299999237060546875 50.31999969482421875 50.43000030517578125 50.409999847412109375 50.54000091552734375 50.6699981689453125 50.520000457763671875 50.869998931884765625 51.29000091552734375 51.759998321533203125 52.15000152587890625 52.40000152587890625 52.549999237060546875 52.68000030517578125 52.79000091552734375 52.700000762939453125 52.20999908447265625 51.869998931884765625 51.369998931884765625 50.95999908447265625 50.68000030517578125 50.279998779296875 49.75 49.490001678466796875 49.1100006103515625 48.79000091552734375 48.470001220703125 48.009998321533203125 47.65000152587890625 47.29000091552734375 46.880001068115234375 46.529998779296875 45.8600006103515625 44.84999847412109375 44.34999847412109375 43.840000152587890625 43.490001678466796875 42.560001373291015625
50.1399993896484375 50.1399993896484375 50.189998626708984375 50.189998626708984375 50.189998626708984375 50.340000152587890625 50.3899993896484375 50.380001068115234375 50.509998321533203125 50.56999969482421875 50.439998626708984375 50.8899993896484375 51.369998931884765625 51.81999969482421875 52.229999542236328125 52.509998321533203125 52.6699981689453125 52.689998626708984375 52.779998779296875 52.799999237060546875 52.20999908447265625 51.869998931884765625 51.45999908447265625 51.04000091552734375 50.720001220703125 50.520000457763671875 50.15000152587890625 49.549999237060546875 49.259998321533203125 48.689998626708984375 48.3300018310546875 47.970001220703125 47.68000030517578125 47.34999847412109375 47.04000091552734375 46.45999908447265625 45.81999969482421875 45.09999847412109375 44.450000762939453125 43.8300018310546875 43.549999237060546875 42.759998321533203125
50.119998931884765625 50.15000152587890625 50.130001068115234375 50.09999847412109375 50.06999969482421875 50.200000762939453125 50.270000457763671875 50.270000457763671875 50.439998626708984375 50.509998321533203125 50.340000152587890625 50.880001068115234375 51.3600006103515625 51.759998321533203125 52.130001068115234375 52.450000762939453125 52.740001678466796875 52.810001373291015625 52.759998321533203125 52.520000457763671875 52.229999542236328125 51.779998779296875 51.18000030517578125 51.020000457763671875 50.5800018310546875 50.369998931884765625 50.060001373291015625 49.759998321533203125 49.529998779296875 49.009998321533203125 48.619998931884765625 48.04000091552734375 47.3600006103515625 47.009998321533203125 46.8300018310546875 46.3600006103515625 45.90000152587890625 45.240001678466796875 44.6100006103515625 43.90000152587890625 43.79000091552734375 42.869998931884765625
50.09999847412109375 50.06999969482421875 50.04000091552734375 50.04000091552734375 50.060001373291015625 50.06999969482421875 50.15000152587890625 50.159999847412109375 50.229999542236328125 50.259998321533203125 50.310001373291015625 50.729999542236328125 51.15000152587890625 51.590000152587890625 51.939998626708984375 52.259998321533203125 52.520000457763671875 52.659999847412109375 52.5 52.490001678466796875 52.229999542236328125 51.70999908447265625 50.990001678466796875 50.93000030517578125 50.6699981689453125 50.34999847412109375 49.990001678466796875 49.630001068115234375 49.490001678466796875 49.09999847412109375 48.68000030517578125 48.299999237060546875 47.979999542236328125 47.630001068115234375 47.06999969482421875 46.409999847412109375 45.70999908447265625 45.15000152587890625 44.529998779296875 44.060001373291015625 43.729999542236328125 43.04000091552734375
49.720001220703125 49.8899993896484375 49.970001220703125 49.939998626708984375 49.909999847412109375 49.979999542236328125 50.049999237060546875 50.0800018310546875 50.020000457763671875 49.93000030517578125 50.189998626708984375 50.630001068115234375 50.90000152587890625 51.29000091552734375 51.590000152587890625 51.880001068115234375 52.0800018310546875 52.25 52.240001678466796875 52.18000030517578125 51.95999908447265625 51.560001373291015625 51.06999969482421875 51 50.689998626708984375 50.3600006103515625 49.909999847412109375 49.520000457763671875 49.270000457763671875 48.95999908447265625 48.470001220703125 48.15000152587890625 47.779998779296875 47.5 47.18000030517578125 46.6399993896484375 46.200000762939453125 45.630001068115234375 44.990001678466796875 44.270000457763671875 43.779998779296875 43.3300018310546875
49.43000030517578125 49.490001678466796875 49.490001678466796875 49.630001068115234375 49.6699981689453125 49.81999969482421875 49.799999237060546875 49.81999969482421875 49.779998779296875 49.619998931884765625 50.15000152587890625 50.3600006103515625 50.5800018310546875 51.009998321533203125 51.229999542236328125 51.439998626708984375 51.770000457763671875 51.880001068115234375 51.880001068115234375 51.79000091552734375 51.689998626708984375 51.259998321533203125 50.93000030517578125 50.9199981689453125 50.56999969482421875 50.240001678466796875 49.84999847412109375 49.479999542236328125 49.159999847412109375 48.79000091552734375 48.3300018310546875 48.029998779296875 47.779998779296875 47.560001373291015625 47.200000762939453125 46.770000457763671875 46.229999542236328125 45.799999237060546875 45.29000091552734375 44.56999969482421875 43.8600006103515625 43.590000152587890625
49.119998931884765625 49.200000762939453125 49.229999542236328125 49.259998321533203125 49.279998779296875 49.3600006103515625 49.409999847412109375 49.479999542236328125 49.4199981689453125 49.560001373291015625 49.770000457763671875 49.869998931884765625 50.15000152587890625 50.490001678466796875 50.8600006103515625 51.159999847412109375 51.3600006103515625 51.43000030517578125 51.479999542236328125 51.5800018310546875 51.310001373291015625 51.159999847412109375 50.56999969482421875 50.659999847412109375 50.40000152587890625 50.029998779296875 49.630001068115234375 49.380001068115234375 49.0800018310546875 48.700000762939453125 48.31999969482421875 47.93000030517578125 47.799999237060546875 47.549999237060546875 47.259998321533203125 47.029998779296875 46.520000457763671875 46.020000457763671875 45.549999237060546875 44.90000152587890625 44.029998779296875 43.8600006103515625
48.8600006103515625 48.8300018310546875 48.810001373291015625 48.84999847412109375 48.84999847412109375 48.979999542236328125 49.1100006103515625 49.189998626708984375 49.15000152587890625 49.25 49.43000030517578125 49.549999237060546875 49.659999847412109375 50.029998779296875 50.40000152587890625 50.689998626708984375 50.840000152587890625 51 51.090000152587890625 51.1399993896484375 51.0800018310546875 50.799999237060546875 50.529998779296875 50.490001678466796875 50.259998321533203125 49.810001373291015625 49.529998779296875 49.31999969482421875 49 48.6399993896484375 48.279998779296875 47.979999542236328125 47.909999847412109375 47.689998626708984375 47.380001068115234375 47.34999847412109375 46.840000152587890625 46.310001373291015625 45.81999969482421875 45.479999542236328125 44.3300018310546875 44.009998321533203125
48.45999908447265625 48.4199981689453125 48.490001678466796875 48.380001068115234375 48.520000457763671875 48.619998931884765625 48.8600006103515625 48.5 48.700000762939453125 48.95999908447265625 49.159999847412109375 49.380001068115234375 49.43000030517578125 49.659999847412109375 49.90000152587890625 50.18000030517578125 50.3899993896484375 50.479999542236328125 50.659999847412109375 50.75 50.759998321533203125 50.119998931884765625 50.3600006103515625 50.240001678466796875 50.020000457763671875 49.5800018310546875 49.380001068115234375 49.189998626708984375 48.909999847412109375 48.590000152587890625 48.240001678466796875 47.990001678466796875 47.8600006103515625 47.79000091552734375 47.75 47.6100006103515625 47.229999542236328125 46.6100006103515625 46.159999847412109375 45.630001068115234375 44.549999237060546875 44.029998779296875
48.159999847412109375 48.04000091552734375 48 48.119998931884765625 48.229999542236328125 48.009998321533203125 47.93000030517578125 48.18000030517578125 48.229999542236328125 48.54000091552734375 48.68000030517578125 48.79000091552734375 49.20999908447265625 49.3899993896484375 49.45999908447265625 49.619998931884765625 49.8300018310546875 50.06999969482421875 50.200000762939453125 50.20999908447265625 50.450000762939453125 49.729999542236328125 50.1399993896484375 49.950000762939453125 49.700000762939453125 49.34999847412109375 49.259998321533203125 49.1100006103515625 48.799999237060546875 48.479999542236328125 48.25 48.029998779296875 47.8300018310546875 47.8600006103515625 47.880001068115234375 47.659999847412109375 47.15000152587890625 46.740001678466796875 46.20999908447265625 45.700000762939453125 44.909999847412109375 43.90000152587890625
47.619998931884765625 47.590000152587890625 47.5800018310546875 47.770000457763671875 47.68000030517578125 47.369998931884765625 47.990001678466796875 47.6399993896484375 47.75 47.840000152587890625 48.049999237060546875 48.40000152587890625 48.54000091552734375 48.65000152587890625 48.95999908447265625 49.189998626708984375 49.3600006103515625 49.450000762939453125 49.619998931884765625 49.869998931884765625 49.8899993896484375 49.6100006103515625 49.81999969482421875 49.450000762939453125 49.3600006103515625 49.1100006103515625 48.939998626708984375 48.8300018310546875 48.6399993896484375 48.43000030517578125 48.270000457763671875 47.990001678466796875 47.90000152587890625 47.8300018310546875 47.840000152587890625 47.65000152587890625 47.18000030517578125 46.810001373291015625 46.299999237060546875 45.81999969482421875 45.25 43.8600006103515625
47.090000152587890625 47.229999542236328125 47.34999847412109375 47.020000457763671875 47.009998321533203125 47.15000152587890625 47.049999237060546875 47.06999969482421875 47.20999908447265625 47.29000091552734375 47.3300018310546875 47.630001068115234375 48.009998321533203125 48.369998931884765625 48.299999237060546875 48.5 48.8600006103515625 48.909999847412109375 48.950000762939453125 48.909999847412109375 48.95999908447265625 49.18000030517578125 49.159999847412109375 48.9199981689453125 48.8600006103515625 48.759998321533203125 48.6399993896484375 48.689998626708984375 48.5800018310546875 48.310001373291015625 48.1100006103515625 47.909999847412109375 47.810001373291015625 47.8300018310546875 47.700000762939453125 47.520000457763671875 47.0800018310546875 46.8300018310546875 46.3899993896484375 45.9199981689453125 45.220001220703125 44.159999847412109375
46.90000152587890625 46.990001678466796875 46.840000152587890625 46.659999847412109375 46.79000091552734375 46.59999847412109375 46.450000762939453125 46.529998779296875 46.619998931884765625 46.720001220703125 46.79000091552734375 47.1100006103515625 47.45999908447265625 47.490001678466796875 47.68000030517578125 47.9199981689453125 48.229999542236328125 48.29000091552734375 48.490001678466796875 48.65000152587890625 48.479999542236328125 48.479999542236328125 48.630001068115234375 48.659999847412109375 48.619998931884765625 48.5 48.45999908447265625 48.3899993896484375 48.31999969482421875 48.009998321533203125 47.93000030517578125 47.740001678466796875 47.75 47.770000457763671875 47.5800018310546875 47.20999908447265625 46.8899993896484375 46.56999969482421875 46.279998779296875 45.84999847412109375 45.090000152587890625 44.060001373291015625
46.68000030517578125 46.68000030517578125 46.470001220703125 46.259998321533203125 46.20999908447265625 46.06999969482421875 46.049999237060546875 46.1399993896484375 46.159999847412109375 46.25 46.310001373291015625 46.6100006103515625 46.79000091552734375 46.950000762939453125 47.229999542236328125 47.29000091552734375 47.409999847412109375 47.490001678466796875 47.909999847412109375 48.09999847412109375 48.200000762939453125 48.200000762939453125 48.04000091552734375 47.70999908447265625 47.8899993896484375 48.049999237060546875 47.970001220703125 47.93000030517578125 47.810001373291015625 47.479999542236328125 47.529998779296875 47.409999847412109375 47.470001220703125 47.479999542236328125 47.439998626708984375 47.1699981689453125 46.740001678466796875 46.3600006103515625 46.04000091552734375 45.549999237060546875 45.1100006103515625 44.520000457763671875
46.310001373291015625 46.1399993896484375 46.0800018310546875 45.869998931884765625 45.81999969482421875 45.689998626708984375 45.6699981689453125 45.759998321533203125 45.840000152587890625 45.840000152587890625 45.799999237060546875 45.8899993896484375 46.20999908447265625 46.40000152587890625 46.54000091552734375 46.729999542236328125 46.84999847412109375 47.020000457763671875 47.15000152587890625 47.3300018310546875 47.520000457763671875 47.689998626708984375 47.56999969482421875 47.59999847412109375 47.409999847412109375 47.340000152587890625 47.259998321533203125 47.380001068115234375 47.299999237060546875 46.90000152587890625 46.970001220703125 47.009998321533203125 47 47.119998931884765625 46.9199981689453125 46.84999847412109375 46.590000152587890625 46.20999908447265625 45.779998779296875 45.29000091552734375 44.8300018310546875 44.45999908447265625
46.15000152587890625 45.8899993896484375 45.770000457763671875 45.630001068115234375 45.490001678466796875 45.340000152587890625 45.259998321533203125 45.380001068115234375 45.34999847412109375 45.299999237060546875 45.3600006103515625 45.40000152587890625 45.549999237060546875 45.8600006103515625 45.909999847412109375 46.09999847412109375 46.43000030517578125 46.659999847412109375 46.8300018310546875 46.840000152587890625 46.95999908447265625 47.159999847412109375 47.5 47.119998931884765625 47.04000091552734375 46.799999237060546875 46.549999237060546875 46.529998779296875 46.439998626708984375 46.310001373291015625 46.259998321533203125 46.270000457763671875 46.299999237060546875 46.299999237060546875 46.270000457763671875 46.06999969482421875 45.799999237060546875 45.490001678466796875 45.130001068115234375 44.799999237060546875 44.450000762939453125 43.90000152587890625
