wildfire/work/fuelmodels/1718/ahn1.asc
ncols        464
nrows        422
xllcorner    197320.000000000000
yllcorner    447900.000000000000
cellsize     5.000000000000
NODATA_value   -999
[rows 0 to 18 of 422, columns 42 to 83 of 464]
96.8000030517578125 96.8899993896484375 96.9499969482421875 96.779998779296875 97.12999725341796875 97.6399993896484375 97.87000274658203125 97.470001220703125 97.01999664306640625 96.8600006103515625 96.73000335693359375 96.93000030517578125 96.76999664306640625 96.55999755859375 96.5800018310546875 96.55999755859375 96.43000030517578125 96.51999664306640625 96.37000274658203125 96.25 96.37000274658203125 96.0800018310546875 96.20999908447265625 96.05999755859375 96.0500030517578125 95.73999786376953125 95.87999725341796875 95.839996337890625 95.51000213623046875 95.220001220703125 95.09999847412109375 94.81999969482421875 94.6999969482421875 94.55999755859375 94.44000244140625 93.98999786376953125 93.87000274658203125 93.8000030517578125 93.55999755859375 93.3899993896484375 93.25 92.98000335693359375
96.970001220703125 97.12000274658203125 96.93000030517578125 96.8899993896484375 96.8899993896484375 97.09999847412109375 97.12000274658203125 96.8300018310546875 96.76999664306640625 96.779998779296875 96.73000335693359375 96.970001220703125 96.6699981689453125 96.660003662109375 96.75 96.70999908447265625 96.45999908447265625 96.470001220703125 96.48999786376953125 96.5500030517578125 96.29000091552734375 96.12999725341796875 96.0800018310546875 96.01999664306640625 95.93000030517578125 95.73999786376953125 95.81999969482421875 95.23999786376953125 95.37000274658203125 95.160003662109375 94.8899993896484375 94.79000091552734375 94.6999969482421875 94.25 94.1399993896484375 94.029998779296875 94.089996337890625 93.93000030517578125 93.6399993896484375 93.3899993896484375 93.1399993896484375 93.06999969482421875
97 97.04000091552734375 96.9199981689453125 96.98000335693359375 96.93000030517578125 97 96.970001220703125 97.19000244140625 97.06999969482421875 96.910003662109375 96.90000152587890625 96.839996337890625 96.9199981689453125 96.9199981689453125 96.98999786376953125 96.6699981689453125 96.55999755859375 96.51999664306640625 96.75 96.470001220703125 96.3600006103515625 96.26000213623046875 96.029998779296875 96.12999725341796875 96.220001220703125 95.80999755859375 95.76000213623046875 95.589996337890625 95.4199981689453125 95.12999725341796875 94.8600006103515625 94.9199981689453125 94.48999786376953125 94.43000030517578125 94.20999908447265625 94.1999969482421875 94.20999908447265625 93.81999969482421875 93.720001220703125 93.51000213623046875 93.26000213623046875 93.029998779296875
97.1100006103515625 97.04000091552734375 97.029998779296875 97.04000091552734375 97.01999664306640625 96.98000335693359375 97.0500030517578125 97.12999725341796875 97.089996337890625 96.98000335693359375 96.87000274658203125 97.0800018310546875 96.93000030517578125 96.9499969482421875 96.9199981689453125 96.6100006103515625 96.660003662109375 96.62999725341796875 96.5 96.56999969482421875 96.48000335693359375 96.29000091552734375 96.18000030517578125 96.0500030517578125 96.1699981689453125 95.81999969482421875 95.75 95.62000274658203125 95.54000091552734375 95.30999755859375 95.12000274658203125 94.95999908447265625 94.62000274658203125 94.589996337890625 94.37999725341796875 94.339996337890625 94.089996337890625 93.93000030517578125 93.5800018310546875 93.6399993896484375 93.3899993896484375 93
97.3899993896484375 96.9499969482421875 97.1100006103515625 97.19000244140625 97.26999664306640625 97.20999908447265625 97.089996337890625 97.12000274658203125 97.06999969482421875 97.01000213623046875 97 97.01000213623046875 96.9199981689453125 97.01000213623046875 96.95999908447265625 96.720001220703125 96.56999969482421875 96.589996337890625 96.48999786376953125 96.5800018310546875 96.48000335693359375 96.410003662109375 96.19000244140625 96.05999755859375 96.09999847412109375 96.0500030517578125 95.90000152587890625 95.73000335693359375 95.51999664306640625 95.37999725341796875 95.1699981689453125 95.0500030517578125 94.839996337890625 94.75 94.48000335693359375 94.410003662109375 94.09999847412109375 93.8899993896484375 93.76000213623046875 93.5 93.4199981689453125 93.34999847412109375
97.93000030517578125 97.15000152587890625 97.23000335693359375 97.40000152587890625 97.54000091552734375 97.56999969482421875 97.0500030517578125 97.160003662109375 97.160003662109375 97.279998779296875 97.279998779296875 97.12000274658203125 97.23000335693359375 97.09999847412109375 96.98999786376953125 96.910003662109375 96.55999755859375 96.79000091552734375 96.62999725341796875 96.54000091552734375 96.55999755859375 96.3899993896484375 96.410003662109375 96.3899993896484375 96.04000091552734375 95.98000335693359375 95.8899993896484375 95.8899993896484375 95.6399993896484375 95.339996337890625 95.30999755859375 95.339996337890625 95.01999664306640625 94.84999847412109375 94.5500030517578125 94.3300018310546875 94.26999664306640625 94.029998779296875 93.87000274658203125 93.55999755859375 93.5500030517578125 93.6399993896484375
97.73000335693359375 97.1999969482421875 97.44000244140625 97.34999847412109375 97.470001220703125 97.529998779296875 97.34999847412109375 97.19000244140625 97.339996337890625 97.80999755859375 98.01999664306640625 97.8600006103515625 97.45999908447265625 97.44000244140625 97.220001220703125 96.87000274658203125 96.8899993896484375 96.76999664306640625 96.80999755859375 96.76999664306640625 96.6999969482421875 96.69000244140625 96.6100006103515625 96.51999664306640625 96.45999908447265625 96.01999664306640625 96.05999755859375 95.910003662109375 95.8000030517578125 95.5500030517578125 95.62999725341796875 95.43000030517578125 94.6999969482421875 94.62999725341796875 94.48999786376953125 94.4199981689453125 94.3899993896484375 94.160003662109375 93.9199981689453125 93.70999908447265625 93.779998779296875 93.84999847412109375
97.410003662109375 97.3300018310546875 97.69000244140625 97.529998779296875 97.37999725341796875 97.470001220703125 97.4499969482421875 97.40000152587890625 97.529998779296875 97.98000335693359375 98.20999908447265625 97.93000030517578125 98.01000213623046875 97.87000274658203125 97.279998779296875 97.029998779296875 97.04000091552734375 97 97.029998779296875 97.029998779296875 96.8600006103515625 96.76999664306640625 96.660003662109375 96.5800018310546875 96.51000213623046875 96.43000030517578125 96.23000335693359375 96.26999664306640625 95.87999725341796875 95.84999847412109375 95.6100006103515625 95.23999786376953125 94.90000152587890625 94.70999908447265625 94.660003662109375 94.55999755859375 94.45999908447265625 94.12999725341796875 93.8600006103515625 94.09999847412109375 94.01000213623046875 93.98000335693359375
97.5500030517578125 97.6699981689453125 97.6100006103515625 97.470001220703125 97.48000335693359375 97.529998779296875 97.48999786376953125 97.56999969482421875 97.5 97.69000244140625 97.73000335693359375 98.23000335693359375 98.68000030517578125 98.06999969482421875 97.34999847412109375 97.1699981689453125 97.1399993896484375 97.05999755859375 97.029998779296875 97.089996337890625 96.98000335693359375 96.839996337890625 96.6699981689453125 96.660003662109375 96.5800018310546875 96.3600006103515625 96.29000091552734375 96.839996337890625 96.09999847412109375 95.95999908447265625 95.65000152587890625 95.40000152587890625 95.15000152587890625 95.0500030517578125 94.62000274658203125 94.529998779296875 94.37999725341796875 94.12000274658203125 94.160003662109375 94.19000244140625 94.1999969482421875 94.18000030517578125
97.660003662109375 97.69000244140625 97.65000152587890625 97.98999786376953125 97.68000030517578125 97.68000030517578125 97.8600006103515625 97.8899993896484375 97.68000030517578125 97.73000335693359375 98.25 99.29000091552734375 98.80999755859375 98.470001220703125 97.84999847412109375 97.5 97.12999725341796875 97.1699981689453125 97.18000030517578125 97.1100006103515625 97.0500030517578125 96.93000030517578125 96.90000152587890625 96.80999755859375 96.37000274658203125 96.339996337890625 96.37999725341796875 96.70999908447265625 96.470001220703125 95.98999786376953125 95.94000244140625 95.62999725341796875 95.3000030517578125 95.06999969482421875 94.79000091552734375 94.4199981689453125 94.339996337890625 94.48000335693359375 94.779998779296875 94.4499969482421875 94.51000213623046875 94.56999969482421875
97.8300018310546875 97.779998779296875 97.8300018310546875 97.8600006103515625 97.93000030517578125 97.9199981689453125 98.01000213623046875 97.8899993896484375 97.8300018310546875 97.93000030517578125 98.40000152587890625 98.73000335693359375 98.98000335693359375 98.98000335693359375 98.3600006103515625 97.62999725341796875 97.30999755859375 97.279998779296875 97.220001220703125 97.01999664306640625 96.95999908447265625 96.98000335693359375 96.87000274658203125 96.720001220703125 96.660003662109375 96.62999725341796875 96.8899993896484375 97.18000030517578125 96.73000335693359375 96.23000335693359375 95.9499969482421875 95.470001220703125 95.31999969482421875 95.1699981689453125 94.5800018310546875 94.51999664306640625 94.62000274658203125 94.81999969482421875 94.9199981689453125 94.80999755859375 94.8000030517578125 94.6999969482421875
97.80999755859375 97.839996337890625 97.9199981689453125 97.94000244140625 98.26999664306640625 98.40000152587890625 98.12999725341796875 98.0800018310546875 97.98999786376953125 97.9499969482421875 98.01999664306640625 98.01000213623046875 98.720001220703125 98.69000244140625 98.56999969482421875 98.470001220703125 97.3000030517578125 97.65000152587890625 97.93000030517578125 97.089996337890625 97.01000213623046875 96.94000244140625 96.93000030517578125 96.80999755859375 96.76999664306640625 96.93000030517578125 97.43000030517578125 97.5500030517578125 96.8000030517578125 96.3899993896484375 95.81999969482421875 95.48999786376953125 95.06999969482421875 94.80999755859375 94.69000244140625 94.73999786376953125 94.94000244140625 95.09999847412109375 95.1399993896484375 95.05999755859375 95.15000152587890625 95.23999786376953125
97.87000274658203125 97.9499969482421875 98.09999847412109375 98.12000274658203125 98.23999786376953125 98.31999969482421875 98.279998779296875 98.26999664306640625 98.1999969482421875 98.0500030517578125 98.029998779296875 98.09999847412109375 98.05999755859375 98.56999969482421875 98.48000335693359375 98.20999908447265625 98.87000274658203125 98.54000091552734375 98.5500030517578125 97.55999755859375 97.339996337890625 97.01000213623046875 97.01999664306640625 96.93000030517578125 96.910003662109375 96.98999786376953125 97.30999755859375 97.279998779296875 96.80999755859375 96.01999664306640625 95.65000152587890625 95.3000030517578125 95.09999847412109375 94.93000030517578125 95.01999664306640625 95.12000274658203125 95.12999725341796875 95.31999969482421875 95.48999786376953125 95.410003662109375 95.3899993896484375 95.37000274658203125
98.1100006103515625 98.1999969482421875 98.15000152587890625 98.43000030517578125 98.5500030517578125 98.44000244140625 98.44000244140625 98.43000030517578125 98.30999755859375 98.1699981689453125 98.1699981689453125 98.06999969482421875 98.029998779296875 98.12999725341796875 98.26999664306640625 97.9499969482421875 99 99.4199981689453125 99.06999969482421875 98.160003662109375 98.05999755859375 97.73000335693359375 97.26000213623046875 97.01000213623046875 96.87000274658203125 96.76000213623046875 97.160003662109375 97.04000091552734375 96.18000030517578125 95.84999847412109375 95.6399993896484375 95.589996337890625 95.29000091552734375 95.3300018310546875 95.75 95.44000244140625 95.59999847412109375 95.73000335693359375 95.8899993896484375 95.660003662109375 95.62999725341796875 95.45999908447265625
98.30999755859375 98.30999755859375 98.3000030517578125 98.5 98.73000335693359375 98.65000152587890625 98.5 98.45999908447265625 98.34999847412109375 98.23999786376953125 98.18000030517578125 98.15000152587890625 98.01999664306640625 98.01000213623046875 98.0500030517578125 98.5800018310546875 98.6699981689453125 99.23000335693359375 98.970001220703125 98.279998779296875 98.1699981689453125 98.15000152587890625 97.26000213623046875 97.0500030517578125 96.9499969482421875 96.73999786376953125 96.660003662109375 96.3600006103515625 96.1999969482421875 96.01000213623046875 96.1100006103515625 95.9199981689453125 95.6399993896484375 95.720001220703125 95.970001220703125 95.87999725341796875 95.910003662109375 95.80999755859375 95.81999969482421875 95.8600006103515625 95.68000030517578125 95.69000244140625
98.470001220703125 98.45999908447265625 98.62999725341796875 98.6100006103515625 98.5500030517578125 98.5500030517578125 98.48999786376953125 98.4499969482421875 98.44000244140625 98.30999755859375 98.26999664306640625 98.1999969482421875 98.1399993896484375 98.01000213623046875 97.8899993896484375 98.1100006103515625 98.3600006103515625 99.1999969482421875 99.3600006103515625 98.23999786376953125 98.09999847412109375 97.6999969482421875 97.3300018310546875 97.26000213623046875 97.029998779296875 96.8000030517578125 96.62999725341796875 96.29000091552734375 96.589996337890625 96.3600006103515625 96.339996337890625 96.29000091552734375 95.970001220703125 95.87000274658203125 96.160003662109375 96.18000030517578125 96.18000030517578125 96.089996337890625 95.970001220703125 95.87000274658203125 95.98000335693359375 95.87000274658203125
98.62999725341796875 98.779998779296875 98.80999755859375 98.76000213623046875 98.779998779296875 98.6999969482421875 98.5800018310546875 98.55999755859375 98.54000091552734375 98.470001220703125 98.40000152587890625 98.29000091552734375 98.23999786376953125 98.19000244140625 98.01000213623046875 98.029998779296875 98.4499969482421875 98.839996337890625 99.18000030517578125 98.12000274658203125 97.589996337890625 97.51999664306640625 97.4499969482421875 97.48000335693359375 97.0500030517578125 96.76000213623046875 96.6699981689453125 96.51999664306640625 96.660003662109375 96.470001220703125 96.51999664306640625 96.20999908447265625 96.3600006103515625 96.4499969482421875 96.410003662109375 96.40000152587890625 96.40000152587890625 96.44000244140625 96.3000030517578125 96.1699981689453125 96.1999969482421875 96.26999664306640625
98.970001220703125 98.94000244140625 98.8600006103515625 98.93000030517578125 98.8899993896484375 98.73999786376953125 98.56999969482421875 98.589996337890625 98.51000213623046875 98.5 98.470001220703125 98.3600006103515625 98.34999847412109375 98.31999969482421875 98.12999725341796875 98.04000091552734375 98.3899993896484375 98.95999908447265625 98.6999969482421875 98.29000091552734375 97.68000030517578125 97.5 97.4499969482421875 97.37999725341796875 96.779998779296875 96.6999969482421875 96.87999725341796875 96.80999755859375 96.73999786376953125 96.69000244140625 96.73000335693359375 96.5800018310546875 96.62000274658203125 96.65000152587890625 96.6999969482421875 96.51000213623046875 96.62999725341796875 96.55999755859375 96.51000213623046875 96.30999755859375 96.31999969482421875 96.279998779296875
99.01999664306640625 99.01999664306640625 98.8600006103515625 98.98999786376953125 99.04000091552734375 98.80999755859375 98.68000030517578125 98.54000091552734375 98.5 98.529998779296875 98.45999908447265625 98.470001220703125 98.470001220703125 98.31999969482421875 98.160003662109375 98.37000274658203125 98.26000213623046875 98.44000244140625 98.37999725341796875 98.19000244140625 97.8000030517578125 97.81999969482421875 98.160003662109375 97.26000213623046875 96.8899993896484375 97.0500030517578125 97.1699981689453125 97.339996337890625 97.29000091552734375 96.6100006103515625 96.910003662109375 96.87999725341796875 96.839996337890625 96.9499969482421875 97.12000274658203125 96.90000152587890625 96.720001220703125 96.76000213623046875 96.70999908447265625 96.80999755859375 96.48000335693359375 96.470001220703125
