wildfire/work/fuelmodels/1718/ahn1.asc
ncols        464
nrows        422
xllcorner    197320.000000000000
yllcorner    447900.000000000000
cellsize     5.000000000000
NODATA_value   -999
[rows 266 to 284 of 422, columns 210 to 251 of 464]
50.9199981689453125 50.31999969482421875 49.509998321533203125 48.619998931884765625 48.020000457763671875 48.520000457763671875 48.220001220703125 49.490001678466796875 51.720001220703125 54.229999542236328125 56.09999847412109375 58.90000152587890625 60.8300018310546875 63.729999542236328125 65.62999725341796875 67.40000152587890625 69.54000091552734375 71.1699981689453125 72.79000091552734375 74.04000091552734375 75.06999969482421875 75.48000335693359375 75.59999847412109375 75.59999847412109375 75.12999725341796875 74.48999786376953125 73.6399993896484375 72.45999908447265625 70.6999969482421875 69.80999755859375 67.3899993896484375 66.8600006103515625 67.56999969482421875 67.69000244140625 68.19000244140625 68.470001220703125 69.37999725341796875 69.910003662109375 70.51999664306640625 71.5800018310546875 72.279998779296875 73.19000244140625
50.56999969482421875 50.189998626708984375 49.34999847412109375 48.79000091552734375 47.970001220703125 48.450000762939453125 47.8600006103515625 49.990001678466796875 51.759998321533203125 53.909999847412109375 55.909999847412109375 58.240001678466796875 60.75 63.439998626708984375 65.470001220703125 67.1100006103515625 68.8000030517578125 70.6999969482421875 72.339996337890625 73.62000274658203125 74.70999908447265625 75.12999725341796875 75.25 75.279998779296875 75.1399993896484375 74.09999847412109375 73.529998779296875 72.470001220703125 70.8899993896484375 69.73000335693359375 68 67.20999908447265625 67.15000152587890625 67.20999908447265625 67.5 68.25 69.0500030517578125 69.55999755859375 70.37999725341796875 71.19000244140625 71.80999755859375 72.6399993896484375
49.619998931884765625 49.799999237060546875 49.189998626708984375 48.689998626708984375 47.68000030517578125 48.009998321533203125 47.869998931884765625 50.09999847412109375 51.619998931884765625 53.5800018310546875 55.6699981689453125 58.009998321533203125 60.529998779296875 63.1699981689453125 65.37999725341796875 66.910003662109375 68.48000335693359375 70.23000335693359375 72.12000274658203125 73.34999847412109375 74.23000335693359375 74.70999908447265625 74.98000335693359375 74.8899993896484375 74.62999725341796875 74.05999755859375 73.410003662109375 72.51000213623046875 71.0500030517578125 69.98999786376953125 68.81999969482421875 66.5 66.18000030517578125 66.80999755859375 67.160003662109375 67.69000244140625 68.40000152587890625 69.470001220703125 69.970001220703125 70.8600006103515625 71.5500030517578125 72.09999847412109375
50.04000091552734375 49.380001068115234375 49.049999237060546875 48.529998779296875 47.700000762939453125 47.759998321533203125 47.75 50.020000457763671875 51.25 53.4199981689453125 55.529998779296875 57.6699981689453125 60.1699981689453125 62.549999237060546875 65.05999755859375 66.55999755859375 68.34999847412109375 69.75 71.73999786376953125 72.70999908447265625 73.720001220703125 74.31999969482421875 74.48999786376953125 74.5 74.29000091552734375 73.8600006103515625 73.160003662109375 72.37000274658203125 71.470001220703125 70.05999755859375 68.98000335693359375 67.5500030517578125 66.12000274658203125 66.0800018310546875 66.589996337890625 67.1999969482421875 67.98000335693359375 68.8600006103515625 69.54000091552734375 70.37000274658203125 71.06999969482421875 71.56999969482421875
49.700000762939453125 49.299999237060546875 48.799999237060546875 48.439998626708984375 47.54000091552734375 47.619998931884765625 47.950000762939453125 49.54000091552734375 51.1100006103515625 52.990001678466796875 55.380001068115234375 57.619998931884765625 59.909999847412109375 62.1699981689453125 64.660003662109375 66.76999664306640625 68.01999664306640625 69.69000244140625 70.98000335693359375 72.4499969482421875 73.279998779296875 73.70999908447265625 73.94000244140625 74 73.90000152587890625 73.529998779296875 72.8600006103515625 72.089996337890625 71.410003662109375 69.970001220703125 68.51999664306640625 68.029998779296875 66.56999969482421875 65.8899993896484375 65.95999908447265625 66.62999725341796875 67.51999664306640625 68.40000152587890625 69.0800018310546875 69.8300018310546875 70.4499969482421875 71.12999725341796875
49.439998626708984375 48.779998779296875 48.54000091552734375 48.229999542236328125 47.470001220703125 47.43000030517578125 47.8600006103515625 49.229999542236328125 50.779998779296875 52.59999847412109375 54.990001678466796875 56.990001678466796875 59.40000152587890625 61.490001678466796875 64.04000091552734375 66.01999664306640625 67.44000244140625 69.279998779296875 70.589996337890625 71.76999664306640625 72.720001220703125 72.8899993896484375 73.26999664306640625 73.34999847412109375 73.30999755859375 73.01000213623046875 72.23000335693359375 71.62000274658203125 71.19000244140625 69.73000335693359375 68.25 67.98999786376953125 66.62999725341796875 65.26000213623046875 65.589996337890625 66.160003662109375 66.93000030517578125 67.6399993896484375 68.48999786376953125 69.23000335693359375 69.8899993896484375 70.4499969482421875
49.54000091552734375 48.90000152587890625 48.3300018310546875 47.950000762939453125 47.369998931884765625 47.31999969482421875 47.6100006103515625 48.869998931884765625 50.09999847412109375 52.479999542236328125 54.40000152587890625 56.84999847412109375 59.1100006103515625 61.4199981689453125 63.799999237060546875 65.62000274658203125 67.3300018310546875 68.84999847412109375 70.15000152587890625 71.220001220703125 72.12000274658203125 72.6399993896484375 72.93000030517578125 72.76999664306640625 72.76000213623046875 72.3300018310546875 71.5800018310546875 71 70.6100006103515625 69.279998779296875 68 67.93000030517578125 66.6699981689453125 64.55999755859375 65.23999786376953125 65.589996337890625 66.31999969482421875 67.0500030517578125 68.0500030517578125 68.660003662109375 69.3000030517578125 69.8600006103515625
49.740001678466796875 49.020000457763671875 48.560001373291015625 47.840000152587890625 47.310001373291015625 46.8899993896484375 47.340000152587890625 48.3300018310546875 49.70999908447265625 51.840000152587890625 53.659999847412109375 56.240001678466796875 58.740001678466796875 61.18000030517578125 63.240001678466796875 65.25 66.9499969482421875 68.19000244140625 69.45999908447265625 70.54000091552734375 71.3899993896484375 71.87000274658203125 72.26000213623046875 71.9199981689453125 72 71.45999908447265625 71.01000213623046875 70.48000335693359375 70.09999847412109375 68.81999969482421875 67.9499969482421875 67.62999725341796875 66.44000244140625 64.19000244140625 64.529998779296875 65.1699981689453125 65.8300018310546875 66.6699981689453125 67.48999786376953125 68.20999908447265625 68.62999725341796875 69.1100006103515625
49.8899993896484375 49.029998779296875 48.220001220703125 47.81999969482421875 47.3899993896484375 46.729999542236328125 47.1100006103515625 47.689998626708984375 49.4199981689453125 50.90000152587890625 53.470001220703125 55.40000152587890625 57.95999908447265625 60.6699981689453125 62.560001373291015625 64.6999969482421875 66.529998779296875 67.76999664306640625 68.87999725341796875 69.76999664306640625 70.59999847412109375 71.1699981689453125 71.48999786376953125 71.089996337890625 71.23000335693359375 70.87999725341796875 70.410003662109375 69.87000274658203125 69.45999908447265625 68.01999664306640625 67.73000335693359375 67.410003662109375 66.43000030517578125 65.06999969482421875 64.0800018310546875 64.65000152587890625 65.56999969482421875 66.31999969482421875 67.12999725341796875 67.9199981689453125 68.089996337890625 68.6699981689453125
49.979999542236328125 48.95999908447265625 48.310001373291015625 47.70999908447265625 47.20999908447265625 46.380001068115234375 47 47.130001068115234375 48.770000457763671875 50.509998321533203125 52.979999542236328125 54.990001678466796875 57.29000091552734375 59.560001373291015625 61.689998626708984375 64.20999908447265625 65.79000091552734375 67.12000274658203125 68.23999786376953125 69.06999969482421875 69.87999725341796875 70.279998779296875 70.34999847412109375 70.31999969482421875 70.25 70.06999969482421875 69.69000244140625 69.3600006103515625 68.98000335693359375 67.6999969482421875 67.529998779296875 67.1100006103515625 66.0500030517578125 64.76000213623046875 63.979999542236328125 64.25 64.93000030517578125 65.720001220703125 66.44000244140625 67.04000091552734375 67.529998779296875 68.06999969482421875
50.1100006103515625 48.970001220703125 48.189998626708984375 47.509998321533203125 47.090000152587890625 46.31999969482421875 46.689998626708984375 46.979999542236328125 48.369998931884765625 50.06999969482421875 51.8899993896484375 54.279998779296875 56.520000457763671875 58.4199981689453125 61.6399993896484375 63.3899993896484375 65.029998779296875 66.339996337890625 67.54000091552734375 68.09999847412109375 68.90000152587890625 69.339996337890625 69.589996337890625 69.6699981689453125 69.37999725341796875 69.3600006103515625 69.1399993896484375 68.8000030517578125 68.4199981689453125 67.29000091552734375 66.93000030517578125 66.51000213623046875 65.75 64.59999847412109375 63.740001678466796875 63.909999847412109375 64.529998779296875 65.220001220703125 66.06999969482421875 66.5 67.1100006103515625 67.51000213623046875
50.04000091552734375 48.990001678466796875 48.229999542236328125 47.45999908447265625 46.9199981689453125 46.270000457763671875 46.340000152587890625 46.659999847412109375 48.3600006103515625 49.279998779296875 51.31999969482421875 53.529998779296875 55.79000091552734375 58.409999847412109375 60.59999847412109375 62.869998931884765625 64.589996337890625 65.839996337890625 66.62999725341796875 67.45999908447265625 67.87000274658203125 68.48999786376953125 68.6399993896484375 68.76000213623046875 68.720001220703125 68.6999969482421875 68.44000244140625 68.18000030517578125 67.76999664306640625 66.6999969482421875 66.5 66.19000244140625 65.29000091552734375 64.37999725341796875 63.340000152587890625 63.45999908447265625 64.160003662109375 64.87999725341796875 65.660003662109375 66.23999786376953125 66.73000335693359375 67.12000274658203125
50.020000457763671875 48.909999847412109375 48.1699981689453125 47.43000030517578125 46.840000152587890625 46.279998779296875 46.090000152587890625 45.93000030517578125 47.700000762939453125 48.8300018310546875 50.729999542236328125 53.1100006103515625 55.340000152587890625 57.770000457763671875 59.470001220703125 62.20999908447265625 63.810001373291015625 65.4199981689453125 65.87999725341796875 66.5 67.04000091552734375 67.410003662109375 67.76999664306640625 67.8899993896484375 68.01000213623046875 68.06999969482421875 67.79000091552734375 67.4199981689453125 67.20999908447265625 66.19000244140625 65.76000213623046875 65.90000152587890625 64.98000335693359375 63.740001678466796875 62.95999908447265625 63.299999237060546875 63.689998626708984375 64.1100006103515625 64.970001220703125 65.6100006103515625 66.06999969482421875 66.51000213623046875
50.090000152587890625 48.970001220703125 48.1699981689453125 47.310001373291015625 46.759998321533203125 46.240001678466796875 46.189998626708984375 45.869998931884765625 47.529998779296875 48.490001678466796875 50.1699981689453125 52.439998626708984375 54.4199981689453125 57.04000091552734375 59.43000030517578125 61.060001373291015625 62.659999847412109375 64.1100006103515625 65.01999664306640625 65.59999847412109375 65.93000030517578125 66.410003662109375 66.87999725341796875 67.05999755859375 67.15000152587890625 67.23000335693359375 67.19000244140625 67.0500030517578125 66.80999755859375 66.05999755859375 65.48999786376953125 65.30999755859375 64.48999786376953125 63.619998931884765625 62.84999847412109375 62.8899993896484375 63.130001068115234375 63.729999542236328125 64.4199981689453125 64.95999908447265625 65.59999847412109375 65.9499969482421875
50.1699981689453125 48.990001678466796875 48.119998931884765625 47.299999237060546875 46.68000030517578125 46.060001373291015625 45.939998626708984375 45.880001068115234375 47.029998779296875 48 49.740001678466796875 51.84999847412109375 53.689998626708984375 55.770000457763671875 57.720001220703125 60.060001373291015625 61.79000091552734375 63.049999237060546875 63.8600006103515625 64.43000030517578125 64.94000244140625 65.4199981689453125 66.0500030517578125 66.37000274658203125 66.529998779296875 66.3300018310546875 66.54000091552734375 66.43000030517578125 66.26000213623046875 65.029998779296875 65.01000213623046875 64.589996337890625 63.9199981689453125 62.450000762939453125 62.880001068115234375 62.630001068115234375 62.720001220703125 62.979999542236328125 63.70999908447265625 64.44000244140625 65.0800018310546875 65.5
50.090000152587890625 49 48 47.240001678466796875 46.6699981689453125 46.20999908447265625 45.75 45.619998931884765625 46.1699981689453125 47.54000091552734375 49.259998321533203125 51.34999847412109375 53.4199981689453125 55.240001678466796875 56.9199981689453125 58.779998779296875 60.720001220703125 62 62.93000030517578125 63.740001678466796875 64.4199981689453125 64.839996337890625 65.089996337890625 65.470001220703125 65.55999755859375 65.62000274658203125 65.79000091552734375 65.68000030517578125 65.470001220703125 64.56999969482421875 64.6100006103515625 63.990001678466796875 63.34999847412109375 62 62.630001068115234375 62.3899993896484375 62.31999969482421875 62.759998321533203125 63.470001220703125 63.950000762939453125 64.69000244140625 64.98999786376953125
50.409999847412109375 49.04000091552734375 48.090000152587890625 47.119998931884765625 46.70999908447265625 46.220001220703125 45.68000030517578125 45.54000091552734375 45.759998321533203125 47.159999847412109375 48.159999847412109375 50.5 52.479999542236328125 54.56999969482421875 56.299999237060546875 58.15000152587890625 60.159999847412109375 61.3600006103515625 62.049999237060546875 62.810001373291015625 63.40000152587890625 64.029998779296875 64.34999847412109375 64.69000244140625 64.87000274658203125 64.76000213623046875 64.90000152587890625 64.8899993896484375 64.8000030517578125 64.18000030517578125 64.029998779296875 63.43000030517578125 62.75 61.4199981689453125 62.06999969482421875 61.970001220703125 61.8600006103515625 62.25 63.0800018310546875 63.5800018310546875 64.19000244140625 64.660003662109375
50.6100006103515625 49.299999237060546875 48.200000762939453125 47.340000152587890625 46.779998779296875 46.1699981689453125 45.43000030517578125 45.310001373291015625 45.5 46.5 47.759998321533203125 49.59999847412109375 51.700000762939453125 54.020000457763671875 55.909999847412109375 57.520000457763671875 59.1699981689453125 60.380001068115234375 61.450000762939453125 62 62.56999969482421875 63.119998931884765625 63.369998931884765625 63.479999542236328125 63.549999237060546875 63.970001220703125 63.8600006103515625 64.34999847412109375 64.19000244140625 63.380001068115234375 63.3300018310546875 62.70999908447265625 62.25 61.75 61.869998931884765625 61.549999237060546875 61.229999542236328125 61.95999908447265625 62.6699981689453125 63.3600006103515625 63.759998321533203125 64.220001220703125
50.8300018310546875 49.619998931884765625 48.45999908447265625 47.200000762939453125 46.590000152587890625 45.189998626708984375 45.130001068115234375 45.1100006103515625 45.090000152587890625 45.8600006103515625 47.0800018310546875 48.75 51.189998626708984375 53.29000091552734375 55.159999847412109375 56.590000152587890625 58.130001068115234375 59.43000030517578125 60.479999542236328125 61.270000457763671875 61.689998626708984375 61.970001220703125 62.200000762939453125 62.130001068115234375 62.560001373291015625 62.799999237060546875 63.369998931884765625 63.700000762939453125 63.659999847412109375 63.189998626708984375 62.909999847412109375 62.20999908447265625 61.8300018310546875 61.590000152587890625 61.3600006103515625 61.020000457763671875 60.990001678466796875 61.5800018310546875 62.3899993896484375 62.9199981689453125 63.45999908447265625 63.880001068115234375
