wildfire/work/fuelmodels/1718/ahn1.asc
ncols        464
nrows        422
xllcorner    197320.000000000000
yllcorner    447900.000000000000
cellsize     5.000000000000
NODATA_value   -999
[rows 57 to 75 of 422, columns 252 to 293 of 464]
88.529998779296875 88.20999908447265625 87.98000335693359375 87.84999847412109375 87.6100006103515625 87.4199981689453125 87.160003662109375 86.95999908447265625 86.6699981689453125 86.34999847412109375 86.06999969482421875 86.0500030517578125 85.5800018310546875 85.5 85.3000030517578125 85.029998779296875 84.6399993896484375 84.26999664306640625 84.06999969482421875 83.76000213623046875 83.470001220703125 83.23000335693359375 82.910003662109375 82.660003662109375 82 81.76000213623046875 81.3300018310546875 80.93000030517578125 80.529998779296875 79.98000335693359375 80.12000274658203125 80.01999664306640625 79.80999755859375 79.65000152587890625 79.73000335693359375 79.18000030517578125 78.73999786376953125 78.6699981689453125 79.220001220703125 79.0800018310546875 78.779998779296875 78.5500030517578125
88.51000213623046875 88.1999969482421875 87.8899993896484375 87.6999969482421875 87.4199981689453125 87.1999969482421875 87.12999725341796875 86.69000244140625 86.529998779296875 86.19000244140625 85.95999908447265625 85.8600006103515625 85.62999725341796875 85.37000274658203125 85.029998779296875 84.660003662109375 84.410003662109375 84.0500030517578125 83.8899993896484375 83.68000030517578125 83.31999969482421875 83.01999664306640625 83.12999725341796875 82.8000030517578125 81.87999725341796875 81.3300018310546875 81.279998779296875 80.87000274658203125 80.779998779296875 80.26999664306640625 79.839996337890625 79.55999755859375 79.410003662109375 79.5800018310546875 79.37999725341796875 79.160003662109375 78.5500030517578125 78.55999755859375 78.51999664306640625 78.6399993896484375 78.339996337890625 78.25
88.26000213623046875 88.09999847412109375 87.8000030517578125 87.51999664306640625 87.23000335693359375 86.910003662109375 86.5800018310546875 86.3300018310546875 86.15000152587890625 85.94000244140625 85.80999755859375 85.70999908447265625 85.30999755859375 85.01000213623046875 84.8899993896484375 84.62999725341796875 84.51999664306640625 84.12999725341796875 83.73999786376953125 83.44000244140625 83.339996337890625 82.90000152587890625 82.6399993896484375 82.8000030517578125 81.589996337890625 81.54000091552734375 81.26000213623046875 81.23999786376953125 80.12999725341796875 80.029998779296875 79.9499969482421875 79.4499969482421875 79.089996337890625 78.69000244140625 78.73000335693359375 78.529998779296875 78.31999969482421875 78.29000091552734375 78.51999664306640625 78.339996337890625 77.94000244140625 77.69000244140625
88.20999908447265625 87.93000030517578125 87.56999969482421875 87.339996337890625 87 86.79000091552734375 86.470001220703125 86.15000152587890625 86.04000091552734375 85.839996337890625 85.6699981689453125 85.4499969482421875 84.9199981689453125 84.8899993896484375 84.62000274658203125 84.59999847412109375 84.44000244140625 83.45999908447265625 83.4199981689453125 83.18000030517578125 82.87999725341796875 82.84999847412109375 82.81999969482421875 82.15000152587890625 81.87999725341796875 81.4499969482421875 80.910003662109375 80.720001220703125 80.40000152587890625 80.05999755859375 79.70999908447265625 79.40000152587890625 78.95999908447265625 78.84999847412109375 78.339996337890625 78.29000091552734375 78.1999969482421875 77.9199981689453125 78.05999755859375 77.80999755859375 77.30999755859375 77.34999847412109375
87.90000152587890625 87.720001220703125 87.3300018310546875 87.26000213623046875 86.81999969482421875 86.75 86.18000030517578125 85.95999908447265625 85.839996337890625 88.37999725341796875 87.31999969482421875 85.3899993896484375 84.87000274658203125 84.73999786376953125 84.54000091552734375 84.4499969482421875 84 83.29000091552734375 83.29000091552734375 82.8300018310546875 82.720001220703125 82.65000152587890625 82.3899993896484375 82.05999755859375 81.70999908447265625 81.410003662109375 80.910003662109375 80.73000335693359375 80.37000274658203125 80.01000213623046875 79.76000213623046875 79.1699981689453125 78.910003662109375 78.65000152587890625 78.4199981689453125 78.220001220703125 78 77.68000030517578125 77.69000244140625 77.410003662109375 77.34999847412109375 77.26000213623046875
87.79000091552734375 87.5500030517578125 87.06999969482421875 86.9499969482421875 86.54000091552734375 86.470001220703125 85.81999969482421875 85.6699981689453125 85.44000244140625 85.4199981689453125 85.12999725341796875 84.94000244140625 84.9199981689453125 84.6399993896484375 84.55999755859375 83.720001220703125 83.660003662109375 83.37999725341796875 83.1399993896484375 82.76000213623046875 82.6999969482421875 82.30999755859375 82.26000213623046875 81.76000213623046875 81.6699981689453125 81.3899993896484375 81.18000030517578125 80.65000152587890625 80.44000244140625 80.0800018310546875 79.69000244140625 79.339996337890625 78.75 78.529998779296875 78.3600006103515625 78.1100006103515625 78.089996337890625 77.660003662109375 77.660003662109375 77.26000213623046875 77.05999755859375 76.87999725341796875
87.37000274658203125 87.029998779296875 87.09999847412109375 86.75 86.51000213623046875 86 85.6699981689453125 85.55999755859375 85.410003662109375 85.19000244140625 84.75 84.62999725341796875 84.44000244140625 84.6399993896484375 83.8600006103515625 83.73000335693359375 83.59999847412109375 82.910003662109375 82.81999969482421875 82.3899993896484375 82.69000244140625 82.06999969482421875 82.1100006103515625 81.6999969482421875 81.48999786376953125 81.1999969482421875 80.90000152587890625 80.76999664306640625 80.30999755859375 80.05999755859375 79.660003662109375 79.470001220703125 78.98000335693359375 78.51000213623046875 78.25 77.84999847412109375 77.84999847412109375 77.69000244140625 77.23000335693359375 77.0800018310546875 76.8600006103515625 76.87999725341796875
86.98000335693359375 86.65000152587890625 86.51000213623046875 86.54000091552734375 85.95999908447265625 85.87000274658203125 85.62999725341796875 85.410003662109375 85.12999725341796875 84.98999786376953125 84.55999755859375 84.470001220703125 84.23999786376953125 83.8600006103515625 83.9199981689453125 83.69000244140625 83.20999908447265625 82.90000152587890625 82.6699981689453125 82.37000274658203125 82.1699981689453125 81.87000274658203125 81.79000091552734375 81.6999969482421875 81.5800018310546875 81.279998779296875 80.75 80.45999908447265625 80.1999969482421875 80.04000091552734375 79.68000030517578125 79.69000244140625 78.9499969482421875 78.75 78.26000213623046875 77.6100006103515625 77.59999847412109375 77.54000091552734375 77.339996337890625 76.95999908447265625 76.76999664306640625 76.779998779296875
86.59999847412109375 86.31999969482421875 86.0500030517578125 85.76999664306640625 85.8300018310546875 85.529998779296875 85.5500030517578125 84.910003662109375 84.910003662109375 84.55999755859375 84.31999969482421875 84.30999755859375 83.68000030517578125 83.62999725341796875 83.59999847412109375 83.34999847412109375 83.0500030517578125 82.8600006103515625 82.56999969482421875 82.25 82.0800018310546875 81.8899993896484375 81.6699981689453125 81.4199981689453125 81.34999847412109375 81.160003662109375 80.80999755859375 80.48000335693359375 80.23000335693359375 79.87999725341796875 79.4199981689453125 79.220001220703125 78.9199981689453125 78.529998779296875 78.0800018310546875 77.54000091552734375 77.3300018310546875 77.23000335693359375 77.23000335693359375 76.69000244140625 76.62999725341796875 76.48000335693359375
86.18000030517578125 86.089996337890625 85.6999969482421875 85.6100006103515625 85.40000152587890625 85.40000152587890625 85.1100006103515625 84.8600006103515625 84.6399993896484375 84.3600006103515625 84.25 83.68000030517578125 83.68000030517578125 83.720001220703125 83.5 82.79000091552734375 82.59999847412109375 82.529998779296875 82.26000213623046875 81.910003662109375 81.76000213623046875 81.8300018310546875 81.5500030517578125 81.160003662109375 80.8000030517578125 80.76999664306640625 80.65000152587890625 80.54000091552734375 79.839996337890625 79.69000244140625 79.37999725341796875 79.18000030517578125 78.529998779296875 78.30999755859375 77.779998779296875 77.62999725341796875 77.3899993896484375 77.160003662109375 76.839996337890625 76.62999725341796875 76.44000244140625 76.279998779296875
85.76000213623046875 85.69000244140625 85.410003662109375 85.23000335693359375 85.1100006103515625 84.93000030517578125 84.6100006103515625 84.529998779296875 84.3300018310546875 84.12000274658203125 84.0800018310546875 83.910003662109375 83.68000030517578125 83.1699981689453125 83.04000091552734375 82.8600006103515625 82.55999755859375 82.34999847412109375 82.20999908447265625 81.9499969482421875 81.90000152587890625 81.79000091552734375 81.04000091552734375 81.44000244140625 81.44000244140625 80.62000274658203125 80.470001220703125 79.95999908447265625 79.68000030517578125 79.44000244140625 79.25 79.01999664306640625 78.37000274658203125 78.1100006103515625 77.910003662109375 77.4199981689453125 77.20999908447265625 76.76999664306640625 76.54000091552734375 76.75 76.09999847412109375 76.1399993896484375
85.6699981689453125 85.30999755859375 85.37000274658203125 84.87000274658203125 84.6999969482421875 84.54000091552734375 84.48000335693359375 84.339996337890625 84.089996337890625 84.04000091552734375 83.84999847412109375 83.6100006103515625 83.06999969482421875 82.970001220703125 82.90000152587890625 82.69000244140625 82.48000335693359375 82.43000030517578125 81.81999969482421875 81.8899993896484375 81.79000091552734375 81.26999664306640625 81.18000030517578125 80.54000091552734375 80.339996337890625 80.3300018310546875 80.25 79.76000213623046875 79.37999725341796875 79.1699981689453125 78.93000030517578125 78.6399993896484375 78.410003662109375 78.04000091552734375 77.75 77.40000152587890625 76.9199981689453125 76.73000335693359375 76.59999847412109375 76.12000274658203125 75.9499969482421875 75.98999786376953125
85.1100006103515625 85.05999755859375 84.51999664306640625 84.529998779296875 84.6699981689453125 84.40000152587890625 84.06999969482421875 83.94000244140625 83.73999786376953125 83.76000213623046875 83.37000274658203125 83.29000091552734375 82.93000030517578125 82.8600006103515625 82.73999786376953125 82.529998779296875 82.23000335693359375 82.0500030517578125 81.70999908447265625 81.589996337890625 81.31999969482421875 81.20999908447265625 80.8300018310546875 80.54000091552734375 80.089996337890625 80.12000274658203125 80.20999908447265625 79.40000152587890625 79.34999847412109375 79.1399993896484375 78.55999755859375 78.40000152587890625 77.87999725341796875 77.779998779296875 77.4199981689453125 77.1399993896484375 76.70999908447265625 76.48999786376953125 76.26999664306640625 75.80999755859375 75.8300018310546875 75.55999755859375
84.90000152587890625 84.5800018310546875 84.4199981689453125 84.3899993896484375 84.410003662109375 84.31999969482421875 83.84999847412109375 83.62999725341796875 83.48999786376953125 83.3300018310546875 83.15000152587890625 83.01000213623046875 82.55999755859375 82.44000244140625 82.3899993896484375 82.30999755859375 82.1699981689453125 81.6999969482421875 81.6699981689453125 81.34999847412109375 81.0800018310546875 80.73000335693359375 80.37999725341796875 80.089996337890625 79.87999725341796875 79.68000030517578125 79.26000213623046875 79 78.76999664306640625 78.470001220703125 78.48999786376953125 78.18000030517578125 77.76999664306640625 77.55999755859375 77.12999725341796875 77.160003662109375 76.51000213623046875 76.25 76.1100006103515625 75.75 75.45999908447265625 75.3600006103515625
84.40000152587890625 84.26999664306640625 84.09999847412109375 84.0500030517578125 83.75 83.51000213623046875 83.339996337890625 83.4499969482421875 83.29000091552734375 82.76999664306640625 82.779998779296875 82.68000030517578125 82.4199981689453125 82.160003662109375 82.23999786376953125 82.1699981689453125 81.5800018310546875 81.45999908447265625 81.68000030517578125 80.95999908447265625 80.84999847412109375 80.31999969482421875 80.12000274658203125 79.98000335693359375 79.55999755859375 79.25 78.90000152587890625 78.73000335693359375 78.48000335693359375 78.37000274658203125 78.0800018310546875 77.6100006103515625 77.40000152587890625 77.1999969482421875 77.0800018310546875 77.19000244140625 76.30999755859375 75.84999847412109375 75.56999969482421875 75.5 75.529998779296875 75.3899993896484375
84.05999755859375 83.910003662109375 83.75 83.5500030517578125 83.4199981689453125 83.62000274658203125 83.15000152587890625 82.98000335693359375 82.6100006103515625 82.51000213623046875 82.3600006103515625 82.089996337890625 81.94000244140625 81.970001220703125 81.410003662109375 81.3000030517578125 80.87999725341796875 80.51999664306640625 80.5800018310546875 80.5 80.09999847412109375 80.1100006103515625 79.839996337890625 79.55999755859375 79.55999755859375 78.8300018310546875 78.56999969482421875 78.23999786376953125 78.06999969482421875 78.18000030517578125 77.62000274658203125 77.25 77.15000152587890625 77.1100006103515625 76.87000274658203125 76.12000274658203125 75.8899993896484375 75.55999755859375 75.589996337890625 75.44000244140625 75.279998779296875 75.34999847412109375
83.48000335693359375 83.410003662109375 83.54000091552734375 83.01000213623046875 82.9499969482421875 82.3300018310546875 82.220001220703125 82.51999664306640625 82.59999847412109375 81.720001220703125 81.720001220703125 81.5800018310546875 81.339996337890625 81.04000091552734375 81.1999969482421875 80.51999664306640625 80.34999847412109375 80.43000030517578125 80.4199981689453125 79.910003662109375 79.84999847412109375 79.01000213623046875 79.01000213623046875 79.279998779296875 78.470001220703125 78.1100006103515625 78.1100006103515625 77.56999969482421875 77.23000335693359375 77.12000274658203125 76.6399993896484375 76.5500030517578125 76.95999908447265625 76.160003662109375 75.93000030517578125 75.8000030517578125 75.68000030517578125 75.529998779296875 75.69000244140625 75.59999847412109375 75.779998779296875 75.1999969482421875
83.04000091552734375 82.8000030517578125 82.5800018310546875 82.3600006103515625 82.01999664306640625 81.8899993896484375 81.84999847412109375 82.1999969482421875 81.95999908447265625 81.720001220703125 80.87000274658203125 80.87000274658203125 80.8300018310546875 80.279998779296875 79.8899993896484375 79.6399993896484375 79.81999969482421875 79.6399993896484375 79.160003662109375 79.09999847412109375 78.95999908447265625 78.65000152587890625 78.660003662109375 77.62000274658203125 77.73000335693359375 77.73000335693359375 77.43000030517578125 77.279998779296875 76.910003662109375 76.75 76.54000091552734375 76.34999847412109375 76.23999786376953125 76.089996337890625 75.8300018310546875 75.75 75.6100006103515625 75.529998779296875 75.48999786376953125 75.529998779296875 75.79000091552734375 75.70999908447265625
82.48000335693359375 82.279998779296875 81.9499969482421875 81.76999664306640625 81.73999786376953125 81.44000244140625 81.089996337890625 80.9499969482421875 80.6399993896484375 80.15000152587890625 80.12999725341796875 79.9499969482421875 79.589996337890625 79.529998779296875 79.55999755859375 79.3899993896484375 79.26999664306640625 79.0500030517578125 78.98000335693359375 78.55999755859375 78.8600006103515625 78.6699981689453125 77.98000335693359375 77.5 77.51000213623046875 77.59999847412109375 77.12000274658203125 77.09999847412109375 76.6699981689453125 76.48000335693359375 76.23999786376953125 76.1100006103515625 76 75.910003662109375 75.80999755859375 75.69000244140625 75.589996337890625 75.5800018310546875 75.48000335693359375 75.37999725341796875 75.40000152587890625 75.4199981689453125
