wildfire/work/fuelmodels/1718/aspect.asc
ncols        464
nrows        422
xllcorner    197320.000000000000
yllcorner    447900.000000000000
cellsize     5.000000000000
NODATA_value   -999
[rows 90 to 107 of 422, columns 168 to 209 of 464]
138.1224517822265625 118.4957733154296875 145.3046875 114.44268798828125 96.1457672119140625 18.4378204345703125 33.690410614013671875 351.57305908203125 338.873931884765625 325.1904296875 331.631011962890625 343.53961181640625 302.520050048828125 304.1759033203125 319.572784423828125 339.186798095703125 13.902558326721191406 346.428741455078125 341.099884033203125 357.429412841796875 8.7516241073608398438 31.9625701904296875 3.9071099758148193359 301.900390625 336.249603271484375 24.159017562866210938 24.83502960205078125 39.377681732177734375 42.86545562744140625 53.129787445068359375 43.21006011962890625 49.574031829833984375 63.66077423095703125 74.34291839599609375 99.2458343505859375 121.29306793212890625 60.751434326171875 62.1617889404296875 66.90056610107421875 61.3896026611328125 48.272258758544921875 78.83990478515625
56.309803009033203125 75.57955169677734375 104.03664398193359375 134.9996795654296875 136.735748291015625 289.98272705078125 335.282135009765625 338.114227294921875 342.0948486328125 332.524078369140625 334.230072021484375 324.63787841796875 296.861846923828125 294.2413330078125 303.439239501953125 324.5264892578125 331.322113037109375 327.34515380859375 336.11383056640625 358.502899169921875 19.005868911743164062 30.068605422973632812 5.4164977073669433594 338.28033447265625 2.1210703849792480469 33.394985198974609375 33.479343414306640625 60.0250701904296875 54.59859466552734375 56.956493377685546875 56.49139404296875 57.349132537841796875 67.25933837890625 72.311309814453125 66.9253387451171875 31.23983001708984375 56.974887847900390625 68.385101318359375 68.7601470947265625 59.762847900390625 54.6057586669921875 81.31342315673828125
63.43436431884765625 90.68968963623046875 102.095001220703125 101.31053924560546875 258.67938232421875 301.1993408203125 317.572662353515625 332.74444580078125 339.362213134765625 343.925201416015625 345.697662353515625 309.8822021484375 297.120941162109375 299.6041259765625 298.452850341796875 303.478973388671875 292.667022705078125 280.53857421875 281.309051513671875 86.1867523193359375 107.300323486328125 80.02783966064453125 349.748321533203125 325.712310791015625 28.32486724853515625 52.31678009033203125 52.523685455322265625 66.85402679443359375 61.546703338623046875 73.793914794921875 70.70960235595703125 57.80400848388671875 61.55677032470703125 55.102710723876953125 44.115070343017578125 32.6721649169921875 41.78372955322265625 56.309680938720703125 67.35944366455078125 64.36699676513671875 59.43592071533203125 54.09035491943359375
65.5557403564453125 75.52927398681640625 95.3553924560546875 70.56114959716796875 331.55517578125 301.38897705078125 310.2354736328125 345.173126220703125 346.327392578125 327.094329833984375 340.496551513671875 326.180389404296875 298.651031494140625 305.75341796875 313.521514892578125 301.344757080078125 288.071563720703125 268.2093505859375 262.982696533203125 104.90607452392578125 118.739776611328125 175.1549224853515625 267.81378173828125 281.943572998046875 71.34206390380859375 79.93393707275390625 72.0574951171875 64.8983917236328125 57.025646209716796875 64.61212921142578125 70.180450439453125 70.48439788818359375 68.36205291748046875 63.434932708740234375 64.84836578369140625 61.14430999755859375 57.7071990966796875 56.997226715087890625 62.969013214111328125 65.51732635498046875 60.887416839599609375 60.37627410888671875
74.74443817138671875 75.4930877685546875 61.6996307373046875 345.068603515625 341.09344482421875 284.32177734375 257.346710205078125 246.0355682373046875 327.33697509765625 318.135101318359375 328.284088134765625 324.839813232421875 302.65997314453125 294.6514892578125 304.08843994140625 310.794342041015625 306.438690185546875 295.245513916015625 282.86248779296875 66.69989776611328125 66.16907501220703125 14.657491683959960938 270.608795166015625 259.08856201171875 116.72216796875 91.46842193603515625 79.0948028564453125 66.3512115478515625 52.666896820068359375 54.461956024169921875 63.604656219482421875 70.1773834228515625 70.2670135498046875 73.86058807373046875 77.85083770751953125 76.0874481201171875 76.94986724853515625 76.23919677734375 74.66658782958984375 73.16582489013671875 70.86591339111328125 71.5640869140625
121.55100250244140625 93.81372833251953125 35.53865814208984375 349.8243408203125 352.232421875 288.43341064453125 238.7815704345703125 246.03704833984375 292.7137451171875 309.17254638671875 285.80126953125 289.825408935546875 297.809326171875 296.1910400390625 292.1138916015625 303.126953125 305.2171630859375 289.3023681640625 257.0050048828125 291.039520263671875 47.77022552490234375 38.659885406494140625 292.618804931640625 210.7841644287109375 139.1176910400390625 110.5172119140625 83.27327728271484375 68.5950469970703125 62.87828826904296875 57.60376739501953125 60.254901885986328125 60.229473114013671875 70.4447174072265625 79.49309539794921875 77.55448150634765625 77.2900543212890625 76.044952392578125 76.700836181640625 82.4378509521484375 72.492340087890625 68.8860321044921875 69.93363189697265625
63.9249725341796875 46.21811676025390625 35.838764190673828125 65.22364044189453125 134.9996795654296875 299.052459716796875 320.709228515625 295.233062744140625 279.22412109375 305.538543701171875 312.768157958984375 299.4554443359375 301.94927978515625 304.75506591796875 292.795654296875 284.114105224609375 275.504486083984375 258.29241943359375 204.527008056640625 220.4249267578125 138.576202392578125 81.33908843994140625 14.4199371337890625 137.8627471923828125 138.763641357421875 152.64959716796875 144.5538330078125 100.52722930908203125 88.8303985595703125 77.6995697021484375 75.4799346923828125 71.924072265625 78.16872406005859375 85.4624481201171875 71.8508148193359375 65.52227783203125 67.01892852783203125 71.0534210205078125 85.34149169921875 93.0665283203125 80.106292724609375 76.23935699462890625
102.5288238525390625 83.66004180908203125 100.49170684814453125 122.4700469970703125 305.542877197265625 294.227264404296875 314.998626708984375 322.49505615234375 304.632843017578125 313.4375 322.68804931640625 327.1304931640625 321.33966064453125 311.2476806640625 300.72381591796875 305.788238525390625 290.600006103515625 278.74493408203125 148.3245849609375 199.5575103759765625 174.2620697021484375 155.1029510498046875 162.3086700439453125 158.666229248046875 139.0406951904296875 150.8373870849609375 180.651031494140625 162.524810791015625 109.85488128662109375 99.3891754150390625 93.87839508056640625 87.33208465576171875 89.45081329345703125 88.186004638671875 69.87425994873046875 67.1864776611328125 66.9180450439453125 69.90473175048828125 81.8699188232421875 93.3110504150390625 59.03696441650390625 55.965305328369140625
147.9937744140625 164.74517822265625 90.7847747802734375 54.463970184326171875 312.953460693359375 312.824615478515625 303.1102294921875 298.7041015625 310.501129150390625 303.3746337890625 307.545196533203125 324.404449462890625 321.556121826171875 319.513336181640625 302.329193115234375 296.5643310546875 269.27398681640625 207.552154541015625 132.048736572265625 165.6993408203125 175.3141021728515625 150.421905517578125 151.89837646484375 161.262603759765625 150.780029296875 140.8255157470703125 166.8795623779296875 189.245330810546875 171.869049072265625 124.18593597412109375 95.19400787353515625 91.24494171142578125 90.88097381591796875 93.990325927734375 106.9902496337890625 100.6033935546875 89.00323486328125 78.689697265625 82.10791778564453125 84.7319183349609375 71.56707000732421875 91.9091033935546875
42.6140594482421875 4.0848307609558105469 71.56396484375 343.4962158203125 309.751922607421875 326.309051513671875 336.037506103515625 306.25347900390625 297.813568115234375 290.439361572265625 294.36956787109375 305.537017822265625 305.68231201171875 312.240631103515625 290.6129150390625 287.197601318359375 293.629119873046875 143.97198486328125 123.21128082275390625 142.6664886474609375 170.166473388671875 146.3916168212890625 142.41131591796875 146.4273223876953125 153.62139892578125 154.1554107666015625 147.3547515869140625 183.238861083984375 191.8696136474609375 159.034088134765625 111.26696014404296875 93.5033416748046875 81.76184844970703125 85.18413543701171875 104.68300628662109375 110.17050933837890625 104.83486175537109375 97.54921722412109375 91.11200714111328125 89.99979400634765625 127.47519683837890625 115.559478759765625
37.454784393310546875 50.063472747802734375 9.8661851882934570312 330.750518798828125 314.505615234375 327.52813720703125 340.483428955078125 340.74005126953125 316.700958251953125 276.193206787109375 272.679351806640625 287.553070068359375 307.1461181640625 334.010101318359375 340.200469970703125 311.366180419921875 44.999897003173828125 109.93230438232421875 109.3777618408203125 117.8141632080078125 149.1842041015625 142.3642120361328125 157.3563385009765625 158.8597412109375 149.0361480712890625 164.51141357421875 152.6273651123046875 181.6051177978515625 207.7334136962890625 159.1787872314453125 140.78729248046875 122.1783447265625 102.96131134033203125 94.1666107177734375 93.60865020751953125 90.0000457763671875 87.45519256591796875 96.63268280029296875 95.13654327392578125 91.77867889404296875 93.65184783935546875 83.129638671875
53.790309906005859375 78.89626312255859375 253.298553466796875 284.17108154296875 298.63818359375 318.365875244140625 336.3447265625 8.048778533935546875 351.689544677734375 275.767181396484375 263.058441162109375 266.53125 283.56988525390625 317.510772705078125 15.255620002746582031 61.3898162841796875 144.2935638427734375 125.17998504638671875 124.81298828125 126.797943115234375 130.030426025390625 131.7601318359375 159.589630126953125 167.005035400390625 146.7498016357421875 161.795745849609375 160.918212890625 179.36285400390625 191.6331787109375 163.2680206298828125 136.1452484130859375 122.1953887939453125 116.25267791748046875 102.92555999755859375 89.733245849609375 86.2845306396484375 83.589111328125 82.76767730712890625 87.2411346435546875 91.31697845458984375 101.53459930419921875 89.50185394287109375
77.79352569580078125 75.64227294921875 116.56652069091796875 233.2856903076171875 252.086883544921875 274.6708984375 303.339996337890625 38.1987152099609375 15.17330169677734375 300.202545166015625 273.81329345703125 266.723297119140625 270.784210205078125 282.572052001953125 43.854778289794921875 76.73333740234375 115.34638214111328125 123.51082611083984375 126.50525665283203125 144.6196746826171875 129.499359130859375 123.4918365478515625 152.7440643310546875 169.530517578125 156.4050445556640625 160.918701171875 163.5224151611328125 159.369415283203125 179.097503662109375 191.6734771728515625 161.564178466796875 125.27191925048828125 107.35337066650390625 80.10530853271484375 81.443939208984375 93.8139495849609375 99.46236419677734375 93.9646148681640625 92.34417724609375 90.3272552490234375 92.910125732421875 90.8290252685546875
115.62567901611328125 74.633575439453125 77.004638671875 220.42633056640625 242.0564727783203125 251.3520660400390625 241.27581787109375 132.7967071533203125 19.592504501342773438 307.145751953125 298.25726318359375 266.7034912109375 233.9858551025390625 226.17462158203125 183.5748748779296875 111.3954925537109375 124.08397674560546875 131.8416900634765625 122.855255126953125 142.744384765625 138.5538177490234375 129.16705322265625 145.8398590087890625 162.050079345703125 167.4706878662109375 170.087066650390625 172.647308349609375 150.5019683837890625 159.9689483642578125 201.6714019775390625 180.2630615234375 145.3486480712890625 119.93198394775390625 87.15766143798828125 85.997833251953125 86.50730133056640625 100.22216796875 107.1453094482421875 100.71263885498046875 88.19823455810546875 78.689605712890625 86.46727752685546875
165.3234405517578125 103.123931884765625 91.95752716064453125 230.194976806640625 260.409759521484375 255.69903564453125 239.9809722900390625 207.511016845703125 212.619110107421875 280.341278076171875 274.8436279296875 173.927398681640625 209.01861572265625 232.7280120849609375 205.7999267578125 125.205841064453125 127.48735809326171875 138.6208343505859375 131.9055328369140625 130.9403076171875 138.116668701171875 142.751495361328125 146.6013336181640625 147.139984130859375 168.953155517578125 179.2921142578125 172.3419342041015625 163.749267578125 159.2908782958984375 199.5360870361328125 196.664581298828125 183.73126220703125 148.49652099609375 118.98480224609375 99.56029510498046875 77.56465911865234375 69.14536285400390625 59.74333953857421875 60.17250823974609375 73.91542816162109375 74.055206298828125 82.64789581298828125
177.599639892578125 134.5723419189453125 107.26161956787109375 210.960693359375 249.9856719970703125 241.3729705810546875 233.5464630126953125 213.4525909423828125 246.0832977294921875 267.682342529296875 201.613983154296875 130.840362548828125 249.05657958984375 269.999267578125 219.28759765625 119.53857421875 127.59613037109375 133.1986846923828125 144.1761932373046875 124.49668121337890625 125.58150482177734375 145.2166900634765625 151.08428955078125 142.165008544921875 160.158905029296875 181.3314666748046875 172.8062591552734375 170.53759765625 172.65838623046875 188.42645263671875 203.8651123046875 207.5524139404296875 164.3099365234375 110.60585784912109375 99.668212890625 81.8696136474609375 62.48192596435546875 53.530242919921875 65.55562591552734375 73.41259765625 69.4984283447265625 79.9915771484375
180.41217041015625 145.619476318359375 86.72925567626953125 54.784297943115234375 179.9995880126953125 226.847076416015625 241.2286834716796875 255.8713226318359375 280.274688720703125 272.120269775390625 307.873931884765625 18.217006683349609375 318.63720703125 279.18328857421875 137.418487548828125 112.17998504638671875 117.39862823486328125 121.4900970458984375 142.674530029296875 130.2113800048828125 120.01433563232421875 131.67669677734375 143.2821502685546875 146.02294921875 153.5654296875 176.3472747802734375 181.8881683349609375 175.325531005859375 176.4956512451171875 191.9758148193359375 217.518798828125 226.1570587158203125 212.735595703125 96.3391876220703125 88.1211700439453125 73.236968994140625 64.0252838134765625 74.5872344970703125 79.1040802001953125 68.532135009765625 72.00351715087890625 89.99954986572265625
177.049530029296875 169.34600830078125 187.6948699951171875 125.98001861572265625 121.1087799072265625 236.1690826416015625 248.5317840576171875 261.40802001953125 276.1148681640625 252.05084228515625 266.68212890625 318.781982421875 335.335357666015625 292.7952880859375 115.0748291015625 102.5050811767578125 116.20548248291015625 132.6025543212890625 146.2501983642578125 139.1485595703125 128.853057861328125 130.1742706298828125 129.4586029052734375 136.3968048095703125 144.18792724609375 168.4704437255859375 191.5288848876953125 187.71490478515625 179.9992218017578125 206.130767822265625 237.01104736328125 252.961944580078125 272.9508056640625 39.28952789306640625 45.000293731689453125 22.557872772216796875 37.990421295166015625 64.54630279541015625 69.29424285888671875 73.88675689697265625 85.93361663818359375 89.08095550537109375
