wildfire/work/fuelmodels/1718/aspect.asc
ncols        464
nrows        422
xllcorner    197320.000000000000
yllcorner    447900.000000000000
cellsize     5.000000000000
NODATA_value   -999
[rows 396 to 413 of 422, columns 0 to 41 of 464]
0 157.706085205078125 162.48583984375 157.2245025634765625 153.1036529541015625 152.4693756103515625 147.90692138671875 137.082305908203125 137.6239013671875 141.6162567138671875 142.40203857421875 142.3659515380859375 136.7773284912109375 134.9998321533203125 140.2983245849609375 139.2441864013671875 129.6319732666015625 124.67816925048828125 123.5725555419921875 123.35372161865234375 130.0858306884765625 146.3095550537109375 153.3309173583984375 150.4609832763671875 179.9997711181640625 272.01129150390625 271.76568603515625 256.613311767578125 238.16461181640625 235.8242950439453125 230.34649658203125 221.4332275390625 217.77294921875 214.00482177734375 212.3994140625 208.5590362548828125 200.8787384033203125 205.1145477294921875 202.34918212890625 196.0285797119140625 200.5350799560546875 215.2926788330078125
0 152.2889251708984375 157.0586090087890625 148.3780059814453125 148.6043701171875 156.0371551513671875 157.5869598388671875 150.4905242919921875 143.0326690673828125 137.221343994140625 136.69146728515625 136.74273681640625 128.7388763427734375 126.63381195068359375 132.563079833984375 135.4579620361328125 129.0229644775390625 124.4288177490234375 123.6898193359375 121.6752471923828125 121.6463165283203125 133.0580291748046875 156.9667205810546875 160.886505126953125 256.7982177734375 276.8099365234375 271.847015380859375 252.8678131103515625 241.396331787109375 237.838104248046875 230.781768798828125 223.001678466796875 218.7769012451171875 217.022674560546875 214.8374176025390625 209.523529052734375 203.1981964111328125 207.194244384765625 204.856658935546875 201.4738922119140625 212.21600341796875 213.008514404296875
0 151.6385955810546875 158.1544342041015625 145.6191253662109375 139.41827392578125 145.327850341796875 148.3808135986328125 150.485382080078125 149.2153167724609375 141.076690673828125 142.2791900634765625 147.55499267578125 134.7449951171875 125.65506744384765625 126.69239044189453125 126.1353912353515625 121.4214935302734375 118.25945281982421875 120.7427215576171875 125.19052886962890625 124.39716339111328125 128.117889404296875 162.2837066650390625 179.245574951171875 238.9401092529296875 266.098876953125 259.451263427734375 243.1627197265625 242.3533477783203125 239.0355377197265625 232.8266448974609375 225.5171661376953125 220.7008209228515625 218.722015380859375 213.4996795654296875 210.41070556640625 207.2548370361328125 207.13934326171875 205.345489501953125 205.4175262451171875 215.05267333984375 214.4819488525390625
0 154.9324951171875 159.707794189453125 145.720001220703125 140.1943206787109375 147.094329833984375 141.4364166259765625 141.043792724609375 137.7403564453125 130.83148193359375 135.25103759765625 145.9945526123046875 135.2935791015625 124.18033599853515625 123.852691650390625 122.5270233154296875 123.12262725830078125 121.79604339599609375 120.68177032470703125 124.76866912841796875 124.39859771728515625 125.1507415771484375 154.515655517578125 169.2152252197265625 256.416473388671875 270.36083984375 263.402618408203125 241.71942138671875 238.6991729736328125 239.6145172119140625 235.5387725830078125 229.24273681640625 221.7975311279296875 219.0731353759765625 214.3416748046875 210.4051971435546875 209.442901611328125 205.78668212890625 205.7953338623046875 212.0205841064453125 219.2466583251953125 219.763824462890625
0 158.8827667236328125 162.7104034423828125 151.10791015625 141.72320556640625 152.4957122802734375 146.6428985595703125 141.7327728271484375 127.24832916259765625 123.54738616943359375 130.34637451171875 134.2745819091796875 134.148651123046875 129.39019775390625 128.9617767333984375 123.644561767578125 123.0236053466796875 124.36676788330078125 125.76982879638671875 127.40509033203125 125.37444305419921875 131.657684326171875 154.536468505859375 181.930084228515625 268.289581298828125 268.864959716796875 254.599151611328125 237.6187744140625 241.3785400390625 241.6846923828125 235.4790802001953125 233.6320343017578125 227.3086700439453125 222.904296875 216.02685546875 209.683990478515625 210.4884185791015625 206.0095367431640625 208.259063720703125 216.52838134765625 221.77490234375 222.1479339599609375
0 159.1605377197265625 160.1143798828125 158.5741729736328125 147.1766815185546875 148.305145263671875 149.201995849609375 150.3827972412109375 138.461151123046875 132.454925537109375 137.2600860595703125 128.4802398681640625 126.5835418701171875 126.14548492431640625 126.44171142578125 121.45172119140625 120.91060638427734375 120.68636322021484375 122.6443634033203125 126.7238922119140625 123.758270263671875 133.038299560546875 158.0023193359375 214.37982177734375 257.024627685546875 250.754638671875 228.66998291015625 226.188079833984375 240.7842254638671875 243.015350341796875 239.2775726318359375 239.95404052734375 231.1762542724609375 222.05694580078125 215.8782806396484375 212.723663330078125 211.328369140625 206.0291748046875 214.674285888671875 225.884307861328125 231.747314453125 227.8619232177734375
0 160.01666259765625 156.052276611328125 167.505157470703125 172.2708740234375 152.39306640625 146.7801513671875 144.5418548583984375 143.709228515625 144.279754638671875 131.24066162109375 124.69487762451171875 123.1717376708984375 124.14736175537109375 122.99953460693359375 118.27883148193359375 118.9332733154296875 120.96340179443359375 122.02703857421875 127.6472930908203125 124.69477081298828125 130.296173095703125 160.3956451416015625 225.4541168212890625 245.6774749755859375 235.566192626953125 219.25091552734375 225.5724639892578125 241.3011627197265625 244.9826507568359375 245.7604827880859375 244.9672698974609375 235.1685943603515625 224.999237060546875 219.5740814208984375 217.125701904296875 211.82708740234375 213.9228668212890625 231.3395843505859375 239.568878173828125 241.1739044189453125 228.5933685302734375
0 159.567138671875 149.035980224609375 166.695281982421875 192.967529296875 163.810516357421875 136.3382110595703125 139.878753662109375 149.6693878173828125 162.360687255859375 144.265960693359375 136.417266845703125 129.3157958984375 128.990631103515625 125.79558563232421875 118.32263946533203125 114.977630615234375 117.2550048828125 120.5294189453125 130.8225555419921875 132.734832763671875 131.09124755859375 160.441558837890625 213.7624053955078125 230.8669281005859375 234.143310546875 235.64678955078125 240.6165618896484375 243.7008819580078125 246.363311767578125 254.1212921142578125 254.71990966796875 246.5469512939453125 231.640625 223.0379486083984375 221.0169525146484375 215.836883544921875 228.5755767822265625 239.435302734375 237.8814697265625 237.752838134765625 223.181243896484375
0 161.7891387939453125 146.6891021728515625 156.9026641845703125 192.34857177734375 175.6226654052734375 149.1619415283203125 151.3322601318359375 163.2113189697265625 164.0817413330078125 151.1569366455078125 146.5715789794921875 136.0754547119140625 130.18914794921875 125.49414825439453125 121.1961517333984375 116.17505645751953125 114.76004791259765625 113.89963531494140625 121.794830322265625 131.0419769287109375 131.9868927001953125 157.15313720703125 200.6368865966796875 222.929351806640625 234.732147216796875 246.7316741943359375 256.125640869140625 250.9837646484375 247.6932220458984375 252.234527587890625 256.3841552734375 254.7798309326171875 244.4925994873046875 235.10455322265625 231.8228607177734375 224.036773681640625 236.112579345703125 242.6375274658203125 242.4391632080078125 238.415771484375 220.979736328125
0 161.9198760986328125 151.57635498046875 154.67205810546875 170.7613983154296875 171.12310791015625 157.22467041015625 156.0540924072265625 166.920501708984375 163.855377197265625 155.6431732177734375 152.616058349609375 146.3635711669921875 136.7354278564453125 126.2144012451171875 122.90499114990234375 120.963531494140625 122.4709625244140625 117.79496002197265625 119.25583648681640625 130.6009368896484375 131.165985107421875 153.562896728515625 203.8650360107421875 229.0849456787109375 247.78863525390625 257.9832763671875 258.442779541015625 250.154815673828125 264.278076171875 276.02337646484375 275.52691650390625 257.73455810546875 245.6657867431640625 234.673004150390625 228.4334259033203125 225.525604248046875 244.340179443359375 251.9516754150390625 245.897247314453125 231.653594970703125 216.9562835693359375
0 162.6559600830078125 157.844940185546875 158.4041748046875 156.2503204345703125 161.9562835693359375 157.93170166015625 156.03717041015625 163.559295654296875 158.838470458984375 153.6124267578125 153.0774993896484375 151.1009979248046875 144.94573974609375 134.2835540771484375 130.600982666015625 127.97501373291015625 125.73317718505859375 120.75417327880859375 119.2073822021484375 127.72475433349609375 129.3187408447265625 161.8273468017578125 225.665557861328125 247.6194000244140625 265.65478515625 271.715667724609375 270.168426513671875 274.273284912109375 284.82794189453125 295.703643798828125 308.899200439453125 248.096282958984375 234.796142578125 225.545257568359375 220.082763671875 229.7193756103515625 251.113006591796875 252.928253173828125 234.706146240234375 219.6436004638671875 212.9741668701171875
0 162.3846435546875 163.8208465576171875 160.99737548828125 159.7021331787109375 163.739410400390625 162.5854034423828125 160.36187744140625 162.2765350341796875 151.2599029541015625 144.024169921875 149.035919189453125 145.9631195068359375 144.25164794921875 139.324737548828125 135.2434539794921875 136.6284332275390625 133.5887603759765625 129.122314453125 123.68978118896484375 127.13722991943359375 133.5232391357421875 188.548370361328125 239.2806854248046875 260.633026123046875 267.50982666015625 267.691986083984375 279.9427490234375 299.903717041015625 279.2037353515625 246.98187255859375 190.8134613037109375 225.6364593505859375 225.725128173828125 225.4144287109375 223.2091827392578125 237.8743896484375 255.166717529296875 250.941680908203125 224.9998321533203125 214.6581268310546875 211.7803955078125
0 158.7983856201171875 163.3733367919921875 160.9974517822265625 164.8138580322265625 161.029144287109375 167.275115966796875 169.3799896240234375 166.1590576171875 153.7775726318359375 142.084747314453125 147.02496337890625 140.855712890625 138.0561676025390625 136.1569366455078125 129.829803466796875 134.99957275390625 136.6285400390625 135.535247802734375 129.7621917724609375 131.8863067626953125 139.61968994140625 204.443328857421875 240.343353271484375 255.499267578125 269.587127685546875 273.098968505859375 279.292633056640625 289.737823486328125 268.34173583984375 212.3802947998046875 209.5708160400390625 228.6058197021484375 224.9994659423828125 236.7241363525390625 235.550933837890625 250.4188232421875 258.6898193359375 245.74591064453125 214.5922393798828125 211.0827484130859375 214.1136016845703125
0 159.362060546875 164.2747650146484375 161.9273834228515625 169.845458984375 161.3066864013671875 172.568145751953125 173.5541534423828125 167.695709228515625 160.97393798828125 145.4280548095703125 140.8555450439453125 134.023193359375 131.6915283203125 130.2076873779296875 123.51775360107421875 126.1189727783203125 129.289031982421875 129.8313140869140625 126.02707672119140625 131.96405029296875 151.5806732177734375 221.8632049560546875 240.735626220703125 255.8784027099609375 271.111785888671875 273.353515625 267.01898193359375 261.805145263671875 259.286285400390625 243.0035247802734375 244.2032318115234375 229.9263916015625 223.42279052734375 235.4508209228515625 228.2700347900390625 248.5867156982421875 255.5371856689453125 230.3252716064453125 208.760498046875 210.9633636474609375 211.0826568603515625
0 159.92803955078125 168.4527740478515625 164.3573760986328125 166.3283233642578125 163.6810760498046875 176.0625 172.705322265625 167.3993988037109375 167.0051116943359375 157.361602783203125 145.9751739501953125 136.63623046875 134.6627044677734375 132.7726593017578125 127.73650360107421875 127.3490447998046875 129.3187408447265625 127.3113555908203125 119.601043701171875 119.2141571044921875 156.713653564453125 235.4000396728515625 241.8861541748046875 259.47857666015625 267.198150634765625 266.99786376953125 263.737335205078125 257.6353759765625 244.7216033935546875 208.539459228515625 234.8650970458984375 218.2708740234375 219.9096221923828125 228.7041015625 230.826171875 240.9451751708984375 234.5698089599609375 212.4200286865234375 208.5285797119140625 202.6710968017578125 199.611572265625
0 163.0396270751953125 172.4755706787109375 166.941375732421875 162.4740447998046875 167.4480438232421875 175.699859619140625 174.28887939453125 169.0604400634765625 165.349853515625 163.19744873046875 155.7718658447265625 144.665985107421875 140.139373779296875 137.25640869140625 132.8283233642578125 130.448333740234375 129.83258056640625 126.23207855224609375 119.7871551513671875 116.94427490234375 160.851776123046875 243.4343719482421875 252.1644134521484375 258.077239990234375 258.383270263671875 260.521148681640625 267.28436279296875 265.005584716796875 239.9527587890625 196.4670867919921875 201.570831298828125 216.430450439453125 230.4551849365234375 243.2958221435546875 248.2941131591796875 236.30926513671875 226.2722930908203125 209.5379791259765625 202.1861572265625 196.5870361328125 199.9566650390625
0 164.8918609619140625 172.475555419921875 167.93475341796875 161.1658935546875 168.17816162109375 175.461883544921875 177.4076080322265625 171.468902587890625 161.7051239013671875 162.2467193603515625 160.8826751708984375 151.1516571044921875 142.1959075927734375 138.467864990234375 133.5079803466796875 129.9397735595703125 131.3665313720703125 127.06237030029296875 123.00264739990234375 124.71341705322265625 177.7757720947265625 248.5575714111328125 260.502593994140625 268.169952392578125 268.157684326171875 266.61138916015625 267.50982666015625 264.354736328125 220.4052276611328125 187.969390869140625 208.7232818603515625 242.30615234375 246.388031005859375 246.5219268798828125 242.289825439453125 225.342376708984375 218.1423492431640625 204.7579193115234375 192.1265411376953125 195.4140625 205.5594482421875
0 162.6989593505859375 169.539520263671875 168.53009033203125 164.309661865234375 169.5917816162109375 176.8332366943359375 174.1090087890625 172.40509033203125 164.2909393310546875 161.1359405517578125 161.861480712890625 152.0326080322265625 143.2125244140625 141.407073974609375 137.0877685546875 133.64874267578125 136.6132659912109375 133.2017669677734375 124.694793701171875 121.4886016845703125 194.771240234375 248.64013671875 252.115325927734375 266.05419921875 272.3271484375 272.504974365234375 272.104827880859375 264.993560791015625 196.38909912109375 193.7363128662109375 252.8233642578125 259.329498291015625 253.570098876953125 253.231353759765625 244.874420166015625 229.10748291015625 205.050384521484375 201.6141357421875 188.6302490234375 196.38897705078125 209.29998779296875
