wildfire/work/fuelmodels/1718/aspect.asc
ncols        464
nrows        422
xllcorner    197320.000000000000
yllcorner    447900.000000000000
cellsize     5.000000000000
NODATA_value   -999
[rows 108 to 125 of 422, columns 210 to 251 of 464]
47.5732879638671875 62.2584228515625 63.434803009033203125 40.292064666748046875 67.9893035888671875 99.7287139892578125 268.021026611328125 272.11846923828125 264.46923828125 267.61297607421875 278.908172607421875 284.451446533203125 295.707122802734375 178.151611328125 235.406646728515625 265.15435791015625 294.77386474609375 306.0264892578125 352.793609619140625 48.62158966064453125 69.28582763671875 79.78896331787109375 77.9278106689453125 62.867584228515625 46.97481536865234375 26.754194259643554688 33.280323028564453125 52.726654052734375 69.94390106201171875 81.945526123046875 88.2180328369140625 95.6094512939453125 95.648406982421875 87.12656402587890625 79.1283416748046875 80.53739166259765625 76.17073822021484375 80.5903167724609375 87.63836669921875 87.82513427734375 83.53589630126953125 76.544036865234375
65.49726104736328125 81.52832794189453125 77.1142120361328125 80.909088134765625 96.95262908935546875 49.08638763427734375 336.5001220703125 300.618072509765625 313.9381103515625 326.974639892578125 284.7113037109375 254.8856964111328125 168.2748870849609375 192.5286102294921875 265.27984619140625 298.88623046875 315.539459228515625 320.354400634765625 343.300079345703125 35.537990570068359375 53.48871612548828125 56.91088104248046875 57.840373992919921875 56.93526458740234375 42.416645050048828125 40.01369476318359375 56.239299774169921875 63.90056610107421875 66.48040771484375 67.57415008544921875 71.5651092529296875 81.469268798828125 85.31417083740234375 79.47235107421875 78.31084442138671875 83.31302642822265625 87.3973236083984375 87.709442138671875 85.8553619384765625 87.48865509033203125 88.876678466796875 83.65953826904296875
72.75823211669921875 80.03134918212890625 91.16887664794921875 94.7896881103515625 93.01203155517578125 293.202423095703125 314.999267578125 298.033935546875 309.80535888671875 285.253753662109375 260.187957763671875 241.4400177001953125 143.8797454833984375 308.2794189453125 341.923583984375 14.264570236206054688 333.305206298828125 336.391937255859375 341.287384033203125 27.255279541015625 53.530307769775390625 45.417873382568359375 57.835418701171875 56.65923309326171875 35.639514923095703125 64.9490966796875 74.79168701171875 70.60157012939453125 75.113372802734375 76.82723236083984375 75.15985107421875 75.87435150146484375 71.85070037841796875 74.2242279052734375 76.71123504638671875 68.79079437255859375 74.80477142333984375 83.58563995361328125 81.8699493408203125 85.9460601806640625 94.43804168701171875 104.46964263916015625
75.52309417724609375 91.41060638427734375 89.14483642578125 61.23926544189453125 54.260669708251953125 34.380428314208984375 302.2735595703125 292.010009765625 240.9423675537109375 179.9986724853515625 226.2587738037109375 218.325408935546875 217.8760833740234375 285.38836669921875 329.09375 56.80389404296875 354.062286376953125 325.304840087890625 347.691253662109375 43.492130279541015625 60.523967742919921875 52.236995697021484375 66.233001708984375 53.781124114990234375 41.888866424560546875 80.6495513916015625 85.6455230712890625 82.619140625 87.45133209228515625 85.3756256103515625 79.56201171875 83.36707305908203125 78.593170166015625 66.60198974609375 66.80110931396484375 71.10459136962890625 86.7709197998046875 90.65796661376953125 91.8470916748046875 92.45372772216796875 91.295928955078125 96.1700439453125
79.15348052978515625 94.886871337890625 120.21698760986328125 95.01313018798828125 77.2999420166015625 53.364910125732421875 293.58673095703125 265.814666748046875 149.3490447998046875 162.9501953125 190.7841339111328125 213.3533935546875 224.011505126953125 250.48345947265625 214.8468475341796875 117.18541717529296875 1.1235352754592895508 309.2899169921875 24.774122238159179688 75.25597381591796875 54.57463836669921875 55.186717987060546875 61.95517730712890625 43.63568115234375 45.47313690185546875 67.30588531494140625 64.4205474853515625 76.58371734619140625 82.59815216064453125 80.01641845703125 87.47027587890625 86.9655914306640625 76.632720947265625 78.24304962158203125 83.6596527099609375 92.95612335205078125 102.58724212646484375 96.59610748291015625 92.46544647216796875 90.66872406005859375 69.37056732177734375 60.11348724365234375
77.668609619140625 80.6431884765625 107.18926239013671875 165.3578643798828125 127.538482666015625 125.1327362060546875 209.05401611328125 173.7576904296875 162.2692413330078125 170.4064788818359375 191.767242431640625 244.2298126220703125 248.4767303466796875 238.7863311767578125 214.28961181640625 183.8383331298828125 262.115936279296875 282.379974365234375 0.0019870174583047628403 30.501077651977539062 33.9768524169921875 63.71839141845703125 67.9454498291015625 60.207855224609375 68.47730255126953125 74.11586761474609375 67.46877288818359375 75.6688385009765625 85.65438079833984375 84.61029815673828125 81.63387298583984375 76.58576202392578125 75.9634857177734375 89.04474639892578125 92.2701568603515625 84.6739959716796875 82.77557373046875 94.920806884765625 97.7533721923828125 84.23223114013671875 66.5841827392578125 69.9900970458984375
88.152191162109375 87.44501495361328125 86.2568206787109375 119.74510955810546875 157.328399658203125 134.1569976806640625 163.6102752685546875 173.099456787109375 166.28240966796875 174.4000244140625 224.9983367919921875 257.93145751953125 271.54754638671875 270.489166259765625 261.7640380859375 249.7946014404296875 229.67669677734375 226.0789794921875 269.9976806640625 34.6968231201171875 77.54935455322265625 86.1856842041015625 77.50768280029296875 62.223682403564453125 66.37076568603515625 78.22197723388671875 75.89974212646484375 79.88770294189453125 85.7457733154296875 82.2230224609375 66.74060821533203125 56.49139404296875 63.70294189453125 78.19448089599609375 95.512847900390625 102.23929595947265625 87.48609161376953125 97.79674530029296875 115.53975677490234375 120.62982177734375 122.00481414794921875 116.00305938720703125
92.18158721923828125 81.47763824462890625 76.74713897705078125 96.2712554931640625 177.9537811279296875 119.5774688720703125 123.906036376953125 173.6594085693359375 186.33905029296875 191.9748077392578125 244.147552490234375 251.354095458984375 248.13519287109375 254.8307342529296875 258.12158203125 254.78466796875 256.906951904296875 274.665924072265625 283.24029541015625 2.4900419712066650391 71.19986724853515625 82.35935211181640625 89.6482086181640625 93.60825347900390625 75.1733245849609375 64.8372955322265625 65.7090606689453125 77.13445281982421875 75.6298065185546875 69.79814910888671875 77.80701446533203125 87.29703521728515625 92.9918060302734375 91.363616943359375 93.405914306640625 116.1303863525390625 130.4255523681640625 117.12860107421875 122.92557525634765625 139.2969818115234375 147.8186798095703125 141.8039093017578125
88.200469970703125 83.92743682861328125 89.27911376953125 97.3899688720703125 166.371612548828125 140.767486572265625 126.68473052978515625 165.1004486083984375 194.696258544921875 214.2483367919921875 243.004180908203125 241.6992340087890625 234.9037322998046875 249.367218017578125 254.5296783447265625 254.6230316162109375 265.019378662109375 280.762054443359375 296.1754150390625 349.99444580078125 76.90753173828125 73.13082122802734375 76.660400390625 108.93872833251953125 148.0496673583984375 138.720733642578125 99.70003509521484375 84.2070159912109375 73.0725555419921875 74.51593017578125 92.946380615234375 110.24334716796875 113.86965179443359375 106.49753570556640625 96.62490081787109375 104.98603057861328125 128.9215850830078125 132.0513763427734375 126.8193511962890625 113.8498992919921875 129.5439910888671875 146.76800537109375
84.9237213134765625 91.02902984619140625 97.44610595703125 92.72592926025390625 114.44286346435546875 129.7579345703125 128.9042205810546875 152.35345458984375 190.0968017578125 223.1318511962890625 232.3858489990234375 233.87969970703125 253.0435943603515625 267.545135498046875 269.5684814453125 268.151885986328125 266.83135986328125 269.999359130859375 286.388397216796875 115.8205718994140625 115.4970245361328125 89.999420166015625 75.74546051025390625 90.89984130859375 128.51080322265625 183.19293212890625 126.07595062255859375 91.12311553955078125 82.55123138427734375 84.337432861328125 89.6666107177734375 92.36283111572265625 95.65200042724609375 101.5599517822265625 99.930450439453125 97.405487060546875 96.7938079833984375 99.3852996826171875 120.398590087890625 121.667022705078125 119.62953948974609375 135.7388153076171875
91.1231842041015625 87.20346832275390625 85.11133575439453125 87.11348724365234375 102.83525848388671875 95.0633697509765625 70.906707763671875 107.48828887939453125 180.00091552734375 230.4774169921875 240.2545166015625 236.19427490234375 246.9481048583984375 254.3135223388671875 258.613128662109375 263.608917236328125 257.67449951171875 246.00604248046875 227.8610382080078125 117.25626373291015625 82.7463836669921875 84.5877227783203125 92.5729217529296875 93.8138275146484375 89.8094024658203125 266.185882568359375 124.21579742431640625 101.60144805908203125 89.99979400634765625 87.44072723388671875 85.7223968505859375 86.04209136962890625 90.1738433837890625 94.3986053466796875 91.256988525390625 89.8477783203125 91.49025726318359375 93.84206390380859375 110.50463104248046875 125.7113494873046875 125.111602783203125 136.6941680908203125
93.7045745849609375 86.25066375732421875 82.0228424072265625 92.671630859375 111.430938720703125 168.110687255859375 134.522125244140625 135.9017486572265625 188.53143310546875 213.2064208984375 218.76470947265625 223.2508087158203125 239.2109375 245.0517730712890625 251.66461181640625 253.82330322265625 246.9428558349609375 236.148345947265625 208.979095458984375 181.3747100830078125 155.3952789306640625 138.224273681640625 96.18807220458984375 82.3609161376953125 53.392486572265625 21.425212860107421875 72.7582550048828125 101.80242919921875 96.7888031005859375 90.6985015869140625 86.78447723388671875 88.82405853271484375 95.25020599365234375 101.390411376953125 101.51996612548828125 101.0230255126953125 108.78466033935546875 113.84649658203125 107.81850433349609375 98.83154296875 99.2458343505859375 115.8341217041015625
90.59027099609375 94.48077392578125 96.11517333984375 100.0972442626953125 114.038848876953125 163.191131591796875 152.8781280517578125 149.1613616943359375 183.1223907470703125 187.9505767822265625 207.1207733154296875 237.638641357421875 259.67242431640625 263.659454345703125 256.125701904296875 216.909942626953125 211.4436492919921875 212.8184356689453125 191.98858642578125 195.9108734130859375 172.732818603515625 178.6676025390625 101.70627593994140625 77.780364990234375 54.01293182373046875 48.066650390625 79.54001617431640625 114.7747650146484375 133.7872314453125 108.303955078125 95.4954376220703125 98.29415130615234375 104.300140380859375 115.19120025634765625 115.37572479248046875 112.19532012939453125 113.28790283203125 113.35536956787109375 113.6753997802734375 119.25579071044921875 116.64868927001953125 116.90069580078125
94.48061370849609375 97.40160369873046875 95.9541015625 94.42038726806640625 104.25916290283203125 147.369171142578125 162.9508819580078125 124.91881561279296875 146.4207000732421875 175.1004638671875 228.114288330078125 250.8122100830078125 253.4424285888671875 257.88861083984375 249.416534423828125 193.239776611328125 206.5644378662109375 201.1156005859375 202.796173095703125 226.60858154296875 198.8682861328125 192.4493560791015625 137.55596923828125 116.35425567626953125 112.9634552001953125 120.40312957763671875 103.61644744873046875 107.7834320068359375 143.1294708251953125 120.1859130859375 98.438140869140625 102.99436187744140625 103.2482757568359375 104.74327850341796875 110.53896331787109375 115.5599212646484375 121.75940704345703125 129.7404022216796875 129.8256988525390625 133.3895721435546875 133.03985595703125 132.909576416015625
121.85235595703125 118.141448974609375 97.46537017822265625 91.82038116455078125 94.81725311279296875 129.7183990478515625 190.2104034423828125 152.18206787109375 149.6613311767578125 189.5735015869140625 235.1114501953125 239.2945404052734375 237.6918792724609375 240.0962371826171875 238.5471649169921875 258.2308349609375 134.9996795654296875 224.9999847412109375 263.28955078125 265.436004638671875 199.2894287109375 164.6725616455078125 142.86572265625 133.00189208984375 131.6548919677734375 138.230682373046875 105.14986419677734375 86.22161865234375 87.7603302001953125 129.702392578125 116.24091339111328125 104.31455230712890625 103.489532470703125 107.0911865234375 108.43463134765625 113.338592529296875 122.1300811767578125 135.6180877685546875 135.461669921875 128.7457122802734375 122.704376220703125 123.7344512939453125
105.09268951416015625 136.060211181640625 132.828338623046875 107.49573516845703125 99.700286865234375 120.02687835693359375 170.9488372802734375 154.6709442138671875 163.663909912109375 193.902313232421875 214.5691375732421875 221.5240478515625 231.8917236328125 240.17596435546875 241.5867156982421875 208.087554931640625 168.87066650390625 251.87750244140625 277.27069091796875 243.216644287109375 168.55023193359375 153.80535888671875 157.702545166015625 150.254730224609375 137.168731689453125 134.454315185546875 109.47027587890625 88.024993896484375 87.34590911865234375 111.94864654541015625 126.790679931640625 126.09075927734375 131.3509674072265625 128.681121826171875 113.26847076416015625 107.32123565673828125 106.80968475341796875 118.1623077392578125 130.678741455078125 136.8325653076171875 133.3212890625 130.01202392578125
80.66631317138671875 91.41410064697265625 117.62032318115234375 102.9400634765625 98.4225616455078125 115.9227752685546875 158.34033203125 147.608154296875 168.9233856201171875 187.2917327880859375 213.4459075927734375 222.43170166015625 234.0127716064453125 238.7602386474609375 232.6427764892578125 180.2567596435546875 189.36627197265625 250.0037841796875 240.875457763671875 199.057525634765625 147.7448577880859375 145.5911712646484375 174.5162200927734375 164.614349365234375 138.6323394775390625 147.957366943359375 126.54489898681640625 112.6195220947265625 91.79584503173828125 77.982666015625 88.81136322021484375 106.36475372314453125 117.75109100341796875 117.51544189453125 111.50933074951171875 111.9521484375 108.10822296142578125 113.15756988525390625 123.8567657470703125 134.3966217041015625 139.000091552734375 135.6227264404296875
103.6863250732421875 80.8565826416015625 85.997833251953125 105.66773223876953125 105.97319793701171875 115.58002471923828125 161.05352783203125 153.43487548828125 158.2991943359375 186.571441650390625 220.502105712890625 226.238128662109375 231.0311279296875 230.981781005859375 223.8142547607421875 184.6614990234375 232.838470458984375 265.645111083984375 256.026763916015625 191.3094940185546875 134.69647216796875 128.3914337158203125 209.677886962890625 163.8425140380859375 134.02294921875 156.745513916015625 150.2078399658203125 138.9255523681640625 130.671844482421875 113.9097442626953125 107.81189727783203125 94.7106475830078125 72.18796539306640625 84.152740478515625 102.39251708984375 113.533935546875 116.16336822509765625 118.28204345703125 118.7147064208984375 118.5445098876953125 121.93024444580078125 127.07892608642578125
