wildfire/work/fuelmodels/1718/aspect.asc
ncols        464
nrows        422
xllcorner    197320.000000000000
yllcorner    447900.000000000000
cellsize     5.000000000000
NODATA_value   -999
[rows 324 to 341 of 422, columns 336 to 377 of 464]
159.401519775390625 151.663116455078125 149.133758544921875 151.9530792236328125 155.9002838134765625 155.413330078125 151.5291900634765625 148.594512939453125 144.4358673095703125 136.6326904296875 138.9144439697265625 146.505706787109375 145.3556671142578125 142.6584625244140625 146.76202392578125 148.4183502197265625 146.069854736328125 146.3095855712890625 141.829803466796875 141.5693206787109375 141.8424530029296875 142.1247406005859375 145.8461151123046875 147.6254425048828125 145.1561279296875 142.906829833984375 142.9107208251953125 136.661834716796875 137.154327392578125 142.7698211669921875 142.2629241943359375 142.808563232421875 292.01055908203125 302.583709716796875 304.89739990234375 306.510345458984375 304.333953857421875 301.586517333984375 304.462677001953125 313.8331298828125 339.67913818359375 26.475774765014648438
161.7309417724609375 156.1215972900390625 153.7995758056640625 156.770416259765625 156.83367919921875 154.41107177734375 155.4385986328125 151.066070556640625 146.6974029541015625 141.5162353515625 142.4202117919921875 147.9730987548828125 146.531463623046875 143.385772705078125 145.6549530029296875 145.995269775390625 144.7770843505859375 148.6836700439453125 144.718414306640625 142.271514892578125 142.2685546875 142.6227264404296875 144.1298065185546875 148.460784912109375 147.4971466064453125 142.776611328125 145.7127838134765625 140.9371337890625 135.8484649658203125 141.6589202880859375 154.1786956787109375 204.7740936279296875 292.8016357421875 302.267608642578125 306.88031005859375 308.041656494140625 307.55584716796875 306.03204345703125 306.343109130859375 317.518646240234375 352.24456787109375 22.559413909912109375
164.4368743896484375 157.6435546875 154.927215576171875 158.0251312255859375 160.0164337158203125 155.024261474609375 153.8210601806640625 147.637237548828125 146.4208831787109375 145.862579345703125 144.7911834716796875 147.637847900390625 146.7562713623046875 145.0160675048828125 143.947967529296875 142.6874237060546875 143.4322662353515625 149.3350982666015625 147.207916259765625 143.089752197265625 143.39495849609375 142.162353515625 140.477020263671875 142.89434814453125 145.292572021484375 144.6029815673828125 144.6067962646484375 138.7832794189453125 136.41253662109375 154.8718109130859375 261.68902587890625 313.408111572265625 305.75933837890625 304.67340087890625 308.00677490234375 310.287445068359375 308.58184814453125 306.24908447265625 308.802215576171875 319.806549072265625 352.97967529296875 17.421260833740234375
167.9512481689453125 162.4393768310546875 155.17657470703125 156.1609344482421875 162.74273681640625 153.8631744384765625 152.20123291015625 145.486480712890625 141.2115325927734375 145.2791748046875 144.9450531005859375 143.269683837890625 140.787872314453125 145.274932861328125 143.12982177734375 139.6477508544921875 142.068878173828125 146.5218658447265625 146.6993408203125 141.876495361328125 144.17144775390625 144.940216064453125 144.8296051025390625 143.6436309814453125 141.241546630859375 143.563323974609375 142.3260955810546875 134.6036529541015625 140.4771270751953125 257.004913330078125 296.8563232421875 312.5335693359375 314.67962646484375 310.556793212890625 307.24957275390625 307.8602294921875 307.517852783203125 306.232757568359375 310.499420166015625 321.70465087890625 345.61456298828125 14.064357757568359375
168.8667449951171875 165.5050048828125 156.5836334228515625 156.2947998046875 165.330413818359375 154.49383544921875 148.4701690673828125 148.772369384765625 147.4235687255859375 150.289642333984375 153.29705810546875 150.0217742919921875 140.890228271484375 146.3701629638671875 148.1478729248046875 143.447235107421875 143.1717071533203125 145.4290924072265625 146.0665435791015625 140.97064208984375 143.150299072265625 144.0081787109375 144.78656005859375 144.7063446044921875 144.0307464599609375 145.8428497314453125 141.7265472412109375 137.1366424560546875 240.78021240234375 301.102020263671875 308.73260498046875 311.327606201171875 315.801849365234375 316.282196044921875 313.1309814453125 311.265472412109375 309.00146484375 308.2645263671875 311.9405517578125 323.20880126953125 341.8311767578125 11.309895515441894531
167.27520751953125 163.02203369140625 158.7776336669921875 158.3849029541015625 163.7214202880859375 160.75006103515625 150.6870880126953125 148.570098876953125 149.881134033203125 150.72052001953125 156.6376495361328125 155.173187255859375 146.3938446044921875 144.940185546875 147.1048431396484375 144.3043975830078125 140.0613250732421875 141.4970855712890625 145.3621673583984375 139.5673370361328125 136.923583984375 139.4922332763671875 142.252838134765625 141.9612579345703125 147.7758331298828125 151.6563873291015625 146.78436279296875 178.02496337890625 291.51177978515625 308.31329345703125 310.30279541015625 309.54443359375 312.494903564453125 314.564788818359375 315.26776123046875 314.44891357421875 309.879486083984375 306.58319091796875 308.508087158203125 318.06732177734375 341.9986572265625 6.9455366134643554688
166.9518280029296875 162.96575927734375 161.4538726806640625 159.6036834716796875 159.3267822265625 160.2989501953125 154.0800628662109375 151.1847381591796875 149.0722198486328125 147.168212890625 154.7388763427734375 154.579376220703125 148.495361328125 141.624786376953125 143.47821044921875 144.14984130859375 136.0573577880859375 134.3449554443359375 141.97735595703125 140.66339111328125 135.6582183837890625 138.460418701171875 142.0314483642578125 139.407958984375 145.9488525390625 156.88372802734375 182.4891815185546875 297.500701904296875 309.919677734375 314.518463134765625 312.482391357421875 310.600555419921875 311.986480712890625 312.074676513671875 313.98028564453125 313.64874267578125 313.31292724609375 313.265472412109375 312.029388427734375 317.350250244140625 339.596832275390625 3.5423569679260253906
170.257568359375 163.9139251708984375 162.9481048583984375 158.419708251953125 156.1445159912109375 156.550506591796875 154.9477691650390625 155.6740875244140625 153.3387603759765625 147.9231719970703125 150.693267822265625 152.8782958984375 152.89263916015625 147.612274169921875 148.175506591796875 150.7667388916015625 144.818939208984375 137.9810943603515625 141.9713592529296875 141.830657958984375 133.090576171875 133.972137451171875 137.7588043212890625 137.58148193359375 145.046173095703125 199.5103607177734375 297.0364990234375 308.78143310546875 311.650299072265625 315.640838623046875 313.737213134765625 313.15496826171875 314.6226806640625 312.488800048828125 315.325408935546875 315.973052978515625 315.96514892578125 316.951751708984375 314.5372314453125 316.828125 332.2650146484375 358.85595703125
178.098602294921875 168.72479248046875 166.0527496337890625 160.5946044921875 158.045806884765625 157.53802490234375 157.661468505859375 158.3849029541015625 157.585845947265625 154.1726837158203125 153.293609619140625 153.290008544921875 153.2887725830078125 151.7895355224609375 148.7182159423828125 147.44573974609375 149.4564361572265625 144.152801513671875 141.3890533447265625 141.3710784912109375 134.8742828369140625 134.464263916015625 135.7932586669921875 135.86114501953125 166.6747589111328125 304.065521240234375 310.4385986328125 309.232177734375 307.03485107421875 311.17364501953125 312.594146728515625 313.8597412109375 315.283233642578125 311.17431640625 312.05804443359375 314.88104248046875 317.728973388671875 316.69580078125 314.364471435546875 317.195648193359375 326.64776611328125 351.414337158203125
183.3026885986328125 173.9571380615234375 170.733001708984375 166.7267608642578125 162.115570068359375 159.0124053955078125 161.1135406494140625 162.82049560546875 160.9280853271484375 156.3643035888671875 154.3394622802734375 156.0251312255859375 149.8410186767578125 149.8650970458984375 150.269622802734375 141.6909027099609375 143.5457305908203125 146.104827880859375 143.4047393798828125 137.6273956298828125 135.256622314453125 137.5612335205078125 137.9915313720703125 148.907318115234375 299.9129638671875 308.30804443359375 312.67889404296875 311.349945068359375 308.53179931640625 308.559356689453125 309.191680908203125 312.68218994140625 315.412322998046875 311.07122802734375 309.9002685546875 311.62457275390625 316.276092529296875 315.17498779296875 311.05682373046875 314.91845703125 322.784759521484375 344.79925537109375
180.8936767578125 173.4849700927734375 175.9441070556640625 173.6735076904296875 170.955535888671875 165.737579345703125 163.0374908447265625 167.898773193359375 168.303558349609375 160.71484375 153.9751739501953125 157.7720489501953125 152.08984375 149.2444000244140625 149.49688720703125 142.8736114501953125 142.852996826171875 143.5687408447265625 144.235198974609375 136.4482421875 136.0960845947265625 143.1012420654296875 139.2793121337890625 292.98797607421875 301.970977783203125 306.69708251953125 311.0367431640625 310.949127197265625 308.17626953125 306.74237060546875 306.605499267578125 309.961883544921875 313.4381103515625 310.691009521484375 309.71173095703125 309.057769775390625 309.2886962890625 309.4342041015625 304.21502685546875 305.4049072265625 315.326690673828125 338.28857421875
164.5560455322265625 163.773468017578125 172.4898834228515625 171.7949066162109375 173.8775482177734375 172.641387939453125 170.13922119140625 176.1560516357421875 176.0086517333984375 171.972320556640625 165.7074127197265625 159.256805419921875 155.51812744140625 154.53631591796875 146.43505859375 142.9557647705078125 148.998626708984375 143.0822906494140625 138.5574951171875 136.4253082275390625 140.678009033203125 163.0921173095703125 279.272125244140625 301.033721923828125 300.64251708984375 304.758544921875 307.68505859375 308.0230712890625 306.805450439453125 304.3524169921875 303.41278076171875 305.9827880859375 308.395111083984375 307.36932373046875 310.704132080078125 312.859283447265625 305.519073486328125 302.176483154296875 298.290863037109375 297.167449951171875 307.90350341796875 330.986328125
95.5160064697265625 121.26348114013671875 141.085418701171875 152.2200927734375 162.6399993896484375 165.470794677734375 172.22125244140625 180.0723724365234375 177.6521148681640625 181.143798828125 178.6291046142578125 165.3966064453125 158.198272705078125 158.0753631591796875 148.830413818359375 142.5347442626953125 148.6852264404296875 143.8125457763671875 141.2277679443359375 139.763275146484375 143.76727294921875 252.596832275390625 298.7105712890625 303.82196044921875 301.2662353515625 300.878753662109375 301.8037109375 302.607147216796875 303.826904296875 303.228607177734375 301.1502685546875 301.70751953125 303.285064697265625 299.5692138671875 300.915069580078125 307.874267578125 301.024078369140625 293.3927001953125 288.434234619140625 286.07525634765625 290.652557373046875 310.25274658203125
36.20937347412109375 44.396816253662109375 56.57505035400390625 70.33587646484375 85.30109405517578125 101.91849517822265625 134.1229248046875 161.6479034423828125 170.849365234375 183.6802215576171875 184.09088134765625 176.756591796875 166.2806854248046875 157.55047607421875 151.5040435791015625 147.1910247802734375 145.738555908203125 139.8076324462890625 141.00067138671875 148.1160430908203125 195.94488525390625 294.53985595703125 300.7364501953125 304.092803955078125 303.494476318359375 301.54925537109375 298.686981201171875 296.760589599609375 297.10198974609375 299.93975830078125 300.598419189453125 295.765380859375 292.998626708984375 287.933319091796875 281.309326171875 281.173248291015625 282.19140625 279.80096435546875 276.9920654296875 274.99609375 277.032806396484375 289.798370361328125
32.616497039794921875 30.272123336791992188 27.520174026489257812 30.05303955078125 29.350149154663085938 35.40517425537109375 46.16608428955078125 67.71013641357421875 107.94403839111328125 161.965423583984375 179.7809295654296875 181.669830322265625 173.9096527099609375 161.5646514892578125 155.4169464111328125 150.3232269287109375 145.57684326171875 142.56109619140625 136.1512298583984375 163.8860931396484375 283.437469482421875 294.667236328125 296.4000244140625 298.00848388671875 299.920135498046875 300.911285400390625 296.69769287109375 289.77587890625 284.901275634765625 284.319183349609375 283.730438232421875 275.59869384765625 265.44696044921875 258.123779296875 254.262237548828125 252.5170440673828125 254.3972625732421875 257.962860107421875 257.516937255859375 253.6278839111328125 251.2482452392578125 249.2515106201171875
48.46810150146484375 40.740215301513671875 36.6645050048828125 38.1993255615234375 35.898815155029296875 39.876739501953125 44.999897003173828125 53.763031005859375 66.38182830810546875 93.3842010498046875 148.5162353515625 172.7752227783203125 174.98651123046875 170.8817901611328125 158.057891845703125 144.8096771240234375 141.45526123046875 154.4727935791015625 152.240997314453125 267.27386474609375 288.594879150390625 291.854248046875 291.91162109375 290.669921875 290.907867431640625 291.882476806640625 289.45257568359375 280.03521728515625 269.27935791015625 261.797515869140625 255.869842529296875 243.9395294189453125 233.23236083984375 234.3659515380859375 232.879241943359375 230.04193115234375 233.361907958984375 235.4138336181640625 235.3900299072265625 236.671478271484375 236.52996826171875 230.7597503662109375
95.65015411376953125 85.88758087158203125 84.33535003662109375 81.3043365478515625 78.34366607666015625 77.5038909912109375 74.5068511962890625 74.46675872802734375 75.350555419921875 85.84178924560546875 114.58980560302734375 151.815521240234375 164.32275390625 176.548828125 159.8453521728515625 142.0279998779296875 142.2320709228515625 173.3453369140625 213.4398040771484375 291.24993896484375 292.043853759765625 287.8955078125 282.053009033203125 276.58807373046875 273.21099853515625 270.061187744140625 266.462005615234375 264.384063720703125 258.736663818359375 247.6679840087890625 237.8471221923828125 228.5433197021484375 226.5416717529296875 226.27655029296875 217.5987701416015625 216.2668304443359375 220.478515625 220.712554931640625 223.5893707275390625 227.0013885498046875 227.1605224609375 224.1967620849609375
126.71112060546875 117.8040008544921875 114.2503204345703125 117.675689697265625 117.5769805908203125 116.17203521728515625 114.145263671875 106.7080078125 94.32793426513671875 92.0264739990234375 102.66120147705078125 131.280670166015625 144.277984619140625 171.7024078369140625 161.6857452392578125 139.7634124755859375 154.822479248046875 227.602081298828125 290.923675537109375 295.601470947265625 291.075927734375 281.210723876953125 269.075286865234375 259.770843505859375 253.516082763671875 245.5245361328125 239.7702178955078125 238.16131591796875 235.33392333984375 227.8818359375 219.418487548828125 214.8025054931640625 211.9989471435546875 208.7613677978515625 207.6978302001953125 212.2592620849609375 215.0258331298828125 213.7949371337890625 218.5844268798828125 220.8494415283203125 219.7279815673828125 220.890472412109375
