wildfire/work/fuelmodels/1979/aspect.asc
ncols        394
nrows        265
xllcorner    179940.000000000000
yllcorner    475010.000000000000
cellsize     5.000000000000
NODATA_value   -999
[rows 38 to 56 of 265, columns 210 to 251 of 394]
311.267791748046875 347.734588623046875 358.875823974609375 29.054845809936523438 80.75374603271484375 270.64312744140625 257.289947509765625 252.071319580078125 57.362384796142578125 34.6954803466796875 266.985992431640625 280.007171630859375 295.90606689453125 351.0263671875 352.567626953125 29.055051803588867188 8.6155500411987304688 326.512969970703125 330.349365234375 343.885986328125 340.639984130859375 18.4342803955078125 100.007232666015625 113.19757080078125 352.873992919921875 305.536956787109375 307.091949462890625 288.434539794921875 250.0164642333984375 232.1246337890625 104.03551483154296875 353.658843994140625 333.43408203125 344.743896484375 349.32958984375 326.154052734375 10.95375823974609375 49.61028289794921875 351.383544921875 314.999267578125 275.59881591796875 231.4824676513671875
298.141143798828125 324.4615478515625 44.999897003173828125 42.274059295654296875 1.7896078824996948242 323.56842041015625 282.679840087890625 258.68951416015625 111.44766998291015625 96.34008026123046875 235.3043060302734375 248.1979827880859375 237.093780517578125 240.944305419921875 180.0050506591796875 33.692089080810546875 317.385284423828125 292.832550048828125 203.962188720703125 184.6345977783203125 233.7462005615234375 26.564624786376953125 30.465557098388671875 355.814178466796875 332.0198974609375 327.33843994140625 344.576873779296875 345.649505615234375 311.530975341796875 285.46063232421875 315 316.6358642578125 322.593841552734375 356.759368896484375 334.289276123046875 201.50067138671875 209.0547943115234375 6.1466059684753417969 11.56015777587890625 340.19976806640625 229.397735595703125 194.743011474609375
266.81976318359375 156.0377044677734375 253.609161376953125 328.324066162109375 348.069610595703125 318.121246337890625 295.22332763671875 295.9417724609375 96.11522674560546875 105.4219818115234375 267.27252197265625 274.0845947265625 239.7423553466796875 248.9613494873046875 305.533111572265625 329.930328369140625 303.11151123046875 280.008575439453125 121.75876617431640625 187.4302825927734375 254.1971893310546875 224.9994659423828125 0.0027321369852870702744 327.33795166015625 317.120391845703125 321.07183837890625 354.60992431640625 351.57196044921875 338.62823486328125 314.99896240234375 332.1024169921875 242.6495208740234375 240.12353515625 264.805328369140625 70.016693115234375 125.537353515625 226.48736572265625 252.51141357421875 99.16199493408203125 134.9996795654296875 265.601318359375 170.5377197265625
179.9995880126953125 151.92742919921875 259.076324462890625 283.239837646484375 332.743743896484375 313.209320068359375 302.710968017578125 330.944580078125 42.184284210205078125 41.478557586669921875 344.053680419921875 318.81195068359375 284.036224365234375 265.23602294921875 290.37579345703125 334.17767333984375 335.85357666015625 338.628265380859375 38.41782379150390625 348.17816162109375 305.78802490234375 327.99359130859375 317.725677490234375 300.172515869140625 291.570404052734375 284.03546142578125 318.012115478515625 44.999897003173828125 167.7355499267578125 231.3397369384765625 237.5273590087890625 305.53668212890625 258.177886962890625 255.9630126953125 44.999897003173828125 64.11959075927734375 300.172821044921875 262.40496826171875 122.07357025146484375 239.620208740234375 314.999267578125 354.804595947265625
32.470794677734375 14.035996437072753906 304.694671630859375 305.53692626953125 328.670257568359375 297.961456298828125 272.66217041015625 212.00469970703125 329.74200439453125 30.2564849853515625 29.577829360961914062 12.993664741516113281 333.4339599609375 305.75341796875 305.75323486328125 337.247711181640625 344.356475830078125 333.433746337890625 12.264586448669433594 348.689727783203125 325.712615966796875 341.56427001953125 342.215576171875 321.008392333984375 239.035430908203125 246.500732421875 245.85394287109375 95.70998382568359375 14.035031318664550781 308.289642333984375 303.6895751953125 337.618621826171875 288.43463134765625 250.1143646240234375 276.709320068359375 22.520528793334960938 336.928741455078125 77.4710540771484375 129.725860595703125 248.681365966796875 280.303955078125 318.575347900390625
9.9038600921630859375 358.110809326171875 322.828521728515625 322.01593017578125 345.140411376953125 273.651214599609375 232.30511474609375 217.4050140380859375 264.9197998046875 60.068660736083984375 73.6860198974609375 19.653110504150390625 343.299652099609375 275.388824462890625 285.421661376953125 344.743804931640625 336.249603271484375 319.2882080078125 18.434906005859375 1.8480149507522583008 308.479644775390625 348.689239501953125 257.0050048828125 334.982635498046875 337.83306884765625 292.619659423828125 292.619842529296875 341.563934326171875 337.987335205078125 341.564422607421875 0.0027320068329572677612 198.434844970703125 224.9994659423828125 260.537109375 271.54754638671875 313.567138671875 7.6956110000610351562 90.83003997802734375 93.81375885009765625 273.179290771484375 279.90362548828125 290.853668212890625
346.4288330078125 327.527740478515625 314.999267578125 293.83807373046875 8.1303014755249023438 270.00482177734375 249.7751922607421875 264.559417724609375 271.080322265625 355.60040283203125 54.05762481689453125 28.14116668701171875 37.874729156494140625 284.5338134765625 271.041015625 169.99139404296875 253.809814453125 264.2884521484375 18.435634613037109375 348.689453125 334.17779541015625 28.301090240478515625 321.51922607421875 338.384368896484375 354.172698974609375 316.244659423828125 332.0198974609375 340.3870849609375 343.80975341796875 0 6.8430333137512207031 1.6366147994995117188 357.878021240234375 330.349151611328125 308.570526123046875 304.113922119140625 121.67540740966796875 92.5790863037109375 59.6763916015625 257.004791259765625 236.658721923828125 235.783721923828125
345.465301513671875 305.536956787109375 343.29998779296875 302.195159912109375 334.982635498046875 18.434175491333007812 306.8690185546875 269.999359130859375 267.509857177734375 303.05511474609375 47.290546417236328125 47.04534912109375 352.3485107421875 330.523406982421875 348.689178466796875 349.159088134765625 322.593902587890625 342.524322509765625 352.9412841796875 4.8991870880126953125 47.121028900146484375 319.4837646484375 330.46044921875 7.9800634384155273438 48.27044677734375 283.839935302734375 310.970916748046875 342.89642333984375 337.010498046875 14.534576416015625 5.7112832069396972656 357.6131591796875 38.8296051025390625 285.25469970703125 218.3670806884765625 168.464935302734375 164.4755706787109375 68.19837188720703125 57.307788848876953125 359.998077392578125 261.869476318359375 271.590850830078125
354.58740234375 329.28045654296875 24.145137786865234375 314.999664306640625 327.3074951171875 349.045074462890625 353.312255859375 7.5239896774291992188 293.7899169921875 273.575531005859375 45.000148773193359375 23.070404052734375 350.775238037109375 339.056488037109375 4.635547637939453125 335.793426513671875 326.914337158203125 350.61767578125 12.200402259826660156 47.6629486083984375 38.829898834228515625 299.475128173828125 301.674591064453125 32.905071258544921875 35.16644287109375 317.980804443359375 314.13104248046875 71.56488037109375 215.9090118408203125 142.495391845703125 172.1838836669921875 177.4359130859375 151.2198486328125 179.1181488037109375 174.936004638671875 176.05450439453125 276.339691162109375 331.112762451171875 28.570547103881835938 11.673691749572753906 328.10833740234375 304.0452880859375
354.659912109375 9.4622602462768554688 22.833522796630859375 332.5916748046875 327.094024658203125 343.473358154296875 358.399169921875 18.853204727172851562 351.291778564453125 303.6890869140625 343.391998291015625 15.255106925964355469 22.932142257690429688 356.6319580078125 314.999267578125 296.5645751953125 285.75054931640625 18.434175491333007812 75.5787506103515625 39.957370758056640625 17.354169845581054688 296.9952392578125 245.555511474609375 157.2490081787109375 82.30451202392578125 262.116058349609375 205.0166778564453125 148.240447998046875 208.2999725341796875 85.60186767578125 1.6369297504425048828 31.865926742553710938 28.300622940063476562 351.60638427734375 2.6024940013885498047 342.8587646484375 323.6947021484375 329.696380615234375 10.539187431335449219 9.1302890777587890625 349.260101318359375 335.85369873046875
343.77880859375 31.690654754638671875 29.538814544677734375 331.208282470703125 305.646209716796875 302.470245361328125 149.0365447998046875 54.782039642333984375 5.3323855400085449219 327.87420654296875 341.563812255859375 59.0364227294921875 82.5687408447265625 24.4441986083984375 296.56396484375 288.43426513671875 263.883941650390625 281.3087158203125 6.8427228927612304688 2.9357383251190185547 7.9436273574829101562 3.9183213710784912109 314.999267578125 329.035797119140625 86.00881195068359375 224.9994659423828125 252.4734954833984375 358.0238037109375 338.42767333984375 337.3056640625 350.271820068359375 15.85174560546875 4.9695959091186523438 348.92913818359375 353.5159912109375 338.3170166015625 325.68438720703125 322.695465087890625 351.869171142578125 5.5994510650634765625 344.196502685546875 354.28839111328125
214.3798980712890625 118.4961395263671875 32.319766998291015625 335.694915771484375 286.821014404296875 259.695343017578125 4.3988237380981445312 341.56402587890625 337.0673828125 323.4263916015625 351.868927001953125 30.173580169677734375 23.198644638061523438 358.362548828125 335.156707763671875 345.6497802734375 333.434356689453125 305.310272216796875 333.0032958984375 1.9091964960098266602 8.9728422164916992188 19.025690078735351562 346.21746826171875 349.21490478515625 46.169055938720703125 350.361846923828125 305.86907958984375 347.618072509765625 335.554351806640625 312.137054443359375 344.0543212890625 32.4704742431640625 15.641626358032226562 323.4263916015625 344.053680419921875 328.23974609375 326.309356689453125 325.008056640625 308.99072265625 6.8428606986999511719 350.53759765625 108.4346923828125
333.121063232421875 353.33233642578125 358.024169921875 356.63275146484375 350.881103515625 338.458160400390625 0.00032141979318112134933 348.27398681640625 325.12371826171875 294.863311767578125 303.690216064453125 57.80434417724609375 11.689204216003417969 351.869049072265625 334.982269287109375 5.3321232795715332031 3.6916322708129882812 313.938323974609375 326.309112548828125 12.724628448486328125 19.654272079467773438 37.56832122802734375 78.689605712890625 175.2358856201171875 119.475860595703125 134.9942169189453125 246.2501678466796875 181.468414306640625 214.5086669921875 252.8235321044921875 219.2886810302734375 101.30948638916015625 343.60931396484375 314.999267578125 349.379547119140625 342.822845458984375 346.32781982421875 0.00091069785412400960922 305.5367431640625 8.9727830886840820312 8.74674224853515625 14.743075370788574219
356.111297607421875 6.3400883674621582031 354.09295654296875 355.913482666015625 351.0263671875 204.4434814453125 184.3975067138671875 190.00775146484375 184.3987884521484375 201.6141357421875 177.0638580322265625 176.4672088623046875 210.96343994140625 207.180633544921875 212.470733642578125 221.819580078125 25.017393112182617188 244.439300537109375 213.689361572265625 230.1929779052734375 29.7454833984375 56.8883209228515625 74.24854278564453125 93.36563873291015625 156.8018035888671875 89.99979400634765625 248.6292877197265625 213.690185546875 285.46063232421875 288.43402099609375 294.4423828125 50.710693359375 302.470245361328125 281.65863037109375 314.999267578125 288.429901123046875 314.988311767578125 322.764678955078125 330.944366455078125 1.2730594873428344727 345.068084716796875 0.74393582344055175781
130.60089111328125 138.012542724609375 188.1298828125 184.635162353515625 178.15155029296875 152.3534393310546875 202.3790130615234375 167.275360107421875 154.8849639892578125 176.423187255859375 186.043792724609375 212.66046142578125 242.927154541015625 215.5370330810546875 227.3854522705078125 255.46478271484375 281.307586669921875 52.12506103515625 267.510223388671875 258.02362060546875 270.00482177734375 44.99921417236328125 28.14116668701171875 28.539876937866210938 60.06816864013671875 201.8016815185546875 273.36651611328125 298.610015869140625 288.923980712890625 310.91357421875 353.65899658203125 108.4332427978515625 229.085205078125 238.706024169921875 210.3782806396484375 259.990692138671875 325.782806396484375 313.60205078125 325.40692138671875 0 338.748992919921875 359.1688232421875
141.169677734375 128.4180145263671875 236.3093719482421875 186.3397674560546875 251.5628204345703125 350.53656005859375 53.129978179931640625 119.054046630859375 109.2305908203125 83.6593475341796875 294.227142333984375 300.650115966796875 314.9996337890625 314.999267578125 325.712066650390625 304.823486328125 319.235321044921875 358.917999267578125 350.216796875 334.093109130859375 328.39208984375 14.035488128662109375 1.6362879276275634766 35.788990020751953125 48.012737274169921875 354.9859619140625 336.54010009765625 338.4281005859375 280.490875244140625 242.52532958984375 141.3401336669921875 89.99433135986328125 317.8623046875 308.0885009765625 306.869842529296875 289.798614501953125 319.0849609375 325.49053955078125 281.688568115234375 21.800792694091796875 255.9633026123046875 260.536773681640625
126.86949920654296875 44.999897003173828125 318.574951171875 14.036531448364257812 298.30047607421875 292.379119873046875 38.659587860107421875 44.999897003173828125 24.623476028442382812 352.09185791015625 331.335113525390625 319.57305908203125 332.24078369140625 310.710296630859375 319.63482666015625 322.906585693359375 318.09307861328125 335.5548095703125 352.745758056640625 10.407924652099609375 332.1024169921875 8.6149015426635742188 0 22.520946502685546875 41.698162078857421875 5.3892297744750976562 338.19757080078125 2.2910933494567871094 297.349212646484375 300.962738037109375 40.914119720458984375 322.12310791015625 295.46270751953125 313.024658203125 20.555624008178710938 266.054290771484375 262.7462158203125 314.999267578125 283.49468994140625 23.19702911376953125 330.254852294921875 300.068206787109375
12.994462966918945312 35.537445068359375 243.4343719482421875 269.997528076171875 327.994049072265625 310.235992431640625 44.999897003173828125 35.537990570068359375 4.635547637939453125 339.62274169921875 310.81451416015625 326.887908935546875 338.42767333984375 313.024688720703125 292.8333740234375 303.689849853515625 309.559326171875 298.299652099609375 335.135009765625 19.798999786376953125 344.930938720703125 7.1247191429138183594 3.9910097122192382812 12.3807525634765625 58.392162322998046875 51.339603424072265625 305.536956787109375 26.56662750244140625 302.27496337890625 314.999267578125 66.2504425048828125 307.872772216796875 265.814361572265625 245.85394287109375 116.5642242431640625 259.286285400390625 253.8101348876953125 273.990386962890625 302.470489501953125 358.15081787109375 333.434173583984375 348.689361572265625
14.931064605712890625 33.690158843994140625 0 326.6884765625 336.50042724609375 333.924041748046875 34.6954803466796875 347.004608154296875 358.314422607421875 5.0128550529479980469 309.804962158203125 321.339569091796875 327.263641357421875 347.4708251953125 268.263641357421875 277.00042724609375 326.30950927734375 305.75323486328125 323.425994873046875 20.55584716796875 343.810028076171875 13.570303916931152344 356.986602783203125 8.4708728790283203125 44.99969482421875 39.80536651611328125 5.9062814712524414062 342.75799560546875 306.253204345703125 341.564544677734375 58.392101287841796875 330.523101806640625 308.65887451171875 279.781280517578125 348.68841552734375 284.53369140625 283.464691162109375 288.43450927734375 260.8375244140625 175.2362823486328125 259.158935546875 326.30853271484375
