wildfire/work/fuelmodels/1979/aspect.asc
ncols        394
nrows        265
xllcorner    179940.000000000000
yllcorner    475010.000000000000
cellsize     5.000000000000
NODATA_value   -999
[rows 0 to 18 of 265, columns 210 to 251 of 394]
0 0 0 0 0 0 0 0 0 0 0 0 0 0 0 0 0 0 0 0 0 0 0 0 0 0 0 0 0 0 0 0 0 0 0 0 0 0 0 0 0 0
306.572540283203125 11.310046195983886719 314.999267578125 300.962738037109375 305.537261962890625 277.852508544921875 280.079833984375 283.29779052734375 239.035675048828125 167.0049896240234375 157.6194305419921875 199.230377197265625 236.767578125 258.2310791015625 239.0360107421875 234.0900115966796875 247.305633544921875 238.2396392822265625 224.9994659423828125 245.3760986328125 212.0051116943359375 181.84722900390625 207.80108642578125 206.0750579833984375 229.8983917236328125 255.465301513671875 158.9625091552734375 204.90423583984375 212.0047760009765625 144.4616851806640625 300.964019775390625 303.689422607421875 293.02471923828125 313.3626708984375 316.431640625 283.348175048828125 265.514892578125 253.368499755859375 300.963043212890625 53.6523590087890625 22.380168914794921875 332.927215576171875
264.093109130859375 171.8694915771484375 296.5643310546875 279.46197509765625 265.235595703125 267.61358642578125 264.28887939453125 229.3978424072265625 214.6950531005859375 239.0360107421875 96.07212066650390625 214.6944732666015625 231.0080108642578125 229.398223876953125 230.355377197265625 248.7486572265625 265.91363525390625 268.263641357421875 142.12469482421875 222.613494873046875 208.4955596923828125 187.594085693359375 226.7894287109375 215.2169036865234375 238.09112548828125 220.10028076171875 144.4630126953125 296.563690185546875 266.422943115234375 286.38922119140625 314.999603271484375 309.052520751953125 298.779144287109375 304.9910888671875 253.4422149658203125 261.08447265625 245.170135498046875 229.466552734375 198.003936767578125 164.426910400390625 266.185211181640625 340.3453369140625
285.94464111328125 206.5645751953125 277.124359130859375 319.39892578125 307.56817626953125 288.434600830078125 259.28656005859375 206.5643310546875 203.8388214111328125 205.1444549560546875 128.367034912109375 178.4510955810546875 216.1576995849609375 221.4235382080078125 241.11273193359375 259.990966796875 263.6590576171875 261.026824951171875 68.1997528076171875 243.4332733154296875 253.0713348388671875 286.388031005859375 298.071807861328125 306.572479248046875 287.446319580078125 257.904296875 278.12890625 312.272369384765625 317.60137939453125 303.30963134765625 299.290618896484375 292.165740966796875 288.434356689453125 2.7263541221618652344 264.804779052734375 227.7695770263671875 199.0572509765625 200.50762939453125 184.3379364013671875 190.34112548828125 211.121917724609375 189.68841552734375
249.442108154296875 318.574981689453125 327.527130126953125 302.4697265625 249.7741851806640625 222.5103607177734375 226.30120849609375 205.55926513671875 194.3492431640625 194.534149169921875 166.759033203125 327.995025634765625 318.0933837890625 308.658966064453125 297.58148193359375 293.458343505859375 264.0931396484375 249.443328857421875 276.341156005859375 64.98239898681640625 263.65911865234375 271.973968505859375 277.123870849609375 251.5639190673828125 225.0000457763671875 232.431121826171875 226.9086761474609375 223.209869384765625 234.462005615234375 253.44256591796875 263.6593017578125 269.999359130859375 266.307891845703125 284.03460693359375 94.76349639892578125 176.3472747802734375 186.2031707763671875 188.37835693359375 183.9177703857421875 200.507537841796875 205.8865203857421875 190.0970611572265625
233.6149749755859375 269.999359130859375 6.3404436111450195312 179.9941253662109375 254.0540008544921875 248.197998046875 222.2725830078125 216.383636474609375 246.3699493408203125 322.123748779296875 321.339202880859375 316.431396484375 322.430572509765625 318.300994873046875 310.029632568359375 289.798248291015625 180.0000762939453125 230.439910888671875 218.2897796630859375 153.433502197265625 262.56878662109375 236.3097076416015625 216.869171142578125 202.06732177734375 206.5650482177734375 205.4627227783203125 204.6228485107421875 219.559295654296875 224.9997406005859375 237.200225830078125 251.5645904541015625 255.46478271484375 258.689178466796875 267.877838134765625 93.50339508056640625 121.60710906982421875 183.9905853271484375 171.027130126953125 172.87445068359375 201.9906768798828125 202.28515625 199.94183349609375
231.6321563720703125 239.573760986328125 203.962188720703125 329.038055419921875 296.5643310546875 224.9994659423828125 206.5623931884765625 243.4342041015625 241.990325927734375 235.12396240234375 265.363525390625 275.19366455078125 277.124267578125 278.840911865234375 252.896209716796875 173.65966796875 168.690093994140625 231.910858154296875 236.6330108642578125 246.80072021484375 295.016326904296875 325.49090576171875 333.97003173828125 348.110626220703125 359.99822998046875 190.00701904296875 195.7505035400390625 216.1577301025390625 226.1686248779296875 223.7805633544921875 234.12945556640625 245.9550628662109375 251.5645751953125 242.2413330078125 104.03563690185546875 105.48801422119140625 215.13336181640625 179.9984893798828125 106.82111358642578125 236.3096160888671875 251.564453125 244.43939208984375
259.21533203125 244.7462310791015625 249.3040771484375 304.38006591796875 55.30489349365234375 210.9632568359375 275.19305419921875 297.473419189453125 289.535980224609375 266.98651123046875 266.632843017578125 271.396575927734375 269.999359130859375 267.137176513671875 254.0550384521484375 335.555267333984375 4.3983736038208007812 303.68902587890625 275.19342041015625 285.254058837890625 304.15875244140625 329.32208251953125 346.21783447265625 9.4622507095336914062 22.379985809326171875 10.17568206787109375 47.861804962158203125 216.02716064453125 230.8256988525390625 209.40667724609375 225.8418426513671875 225.7843170166015625 199.8404083251953125 208.959716796875 163.7396240234375 89.99979400634765625 258.68890380859375 198.434478759765625 96.00864410400390625 288.433868408203125 280.83917236328125 280.174835205078125
285.25396728515625 271.547271728515625 263.452972412109375 208.2999725341796875 149.534027099609375 217.405364990234375 224.9994659423828125 241.2599945068359375 269.999359130859375 299.57745361328125 290.5555419921875 271.847381591796875 255.9632568359375 255.649993896484375 284.53369140625 314.999267578125 355.46148681640625 353.659027099609375 323.6519775390625 312.396636962890625 288.4337158203125 279.244903564453125 344.7447509765625 2.4895882606506347656 7.3056435585021972656 29.357751846313476562 69.3043365478515625 63.4351654052734375 262.874420166015625 251.564453125 240.523590087890625 223.058135986328125 212.1954345703125 263.394500732421875 280.006317138671875 87.5106658935546875 121.75980377197265625 169.5921630859375 174.8050689697265625 224.9990997314453125 240.7509002685546875 252.2992706298828125
299.743682861328125 255.963226318359375 230.1940155029296875 175.7631072998046875 175.236083984375 228.69091796875 249.7745208740234375 287.525054931640625 279.8651123046875 257.470916748046875 260.13409423828125 269.999847412109375 258.689453125 254.35723876953125 265.235870361328125 269.999359130859375 286.92681884765625 345.963043212890625 310.363983154296875 314.99969482421875 248.198577880859375 249.1018524169921875 270.00006103515625 318.81414794921875 33.690830230712890625 98.53099822998046875 98.972900390625 49.763675689697265625 287.525054931640625 284.534210205078125 275.710540771484375 250.5595550537109375 276.0433349609375 284.79595947265625 119.0550384521484375 118.3006744384765625 105.52361297607421875 102.9939422607421875 264.805328369140625 297.6456298828125 303.4072265625 285.254547119140625
14.03572845458984375 275.710052490234375 202.3793487548828125 195.9444122314453125 296.563812255859375 291.036224365234375 293.96124267578125 299.40631103515625 319.634552001953125 324.0888671875 296.56414794921875 327.094085693359375 340.200408935546875 308.366607666015625 298.85491943359375 283.670684814453125 273.011932373046875 302.904052734375 271.973968505859375 216.86993408203125 217.8754730224609375 265.155670166015625 252.757965087890625 249.7738037109375 56.311901092529296875 46.789844512939453125 24.774868011474609375 9.6370840072631835938 331.69879150390625 314.99969482421875 329.7425537109375 309.2884521484375 255.9630584716796875 241.1638336181640625 143.6151885986328125 87.27234649658203125 23.19823455810546875 22.693826675415039062 341.56427001953125 293.197845458984375 274.184112548828125 277.123870849609375
44.99868011474609375 311.185821533203125 343.810028076171875 335.37567138671875 334.28961181640625 329.825958251953125 306.869476318359375 275.194091796875 265.1004638671875 299.743804931640625 291.24951171875 300.52899169921875 330.254730224609375 307.303070068359375 304.379364013671875 310.913543701171875 306.0267333984375 329.035888671875 341.56317138671875 314.998443603515625 314.999267578125 293.1976318359375 299.930389404296875 317.86175537109375 348.690093994140625 32.470859527587890625 37.23406219482421875 17.2407073974609375 0 243.435455322265625 257.90460205078125 351.868865966796875 275.355316162109375 269.355712890625 30.962076187133789062 85.600067138671875 149.742950439453125 156.0366973876953125 204.7747955322265625 243.434234619140625 245.3222503662109375 241.503753662109375
84.8052520751953125 235.783538818359375 268.263946533203125 298.495086669921875 314.999725341796875 330.944854736328125 275.195770263671875 231.11517333984375 235.43695068359375 238.240020751953125 245.5556488037109375 229.898651123046875 222.8783111572265625 248.6290130615234375 250.559173583984375 268.72607421875 278.129364013671875 264.8056640625 303.689361572265625 307.403839111328125 300.3785400390625 286.389007568359375 215.5369720458984375 181.97454833984375 175.91387939453125 168.475921630859375 167.0737457275390625 182.365875244140625 190.007598876953125 186.0719146728515625 249.1015777587890625 296.564483642578125 309.17303466796875 291.037078857421875 113.74913787841796875 139.763427734375 168.6895904541015625 165.962646484375 237.264068603515625 263.98992919921875 237.0943603515625 226.789764404296875
48.22447967529296875 336.03692626953125 288.433685302734375 242.6492462158203125 231.841949462890625 261.026611328125 26.56389617919921875 274.397430419921875 261.8692626953125 248.7491912841796875 253.2169036865234375 224.9994659423828125 207.071502685546875 223.8977508544921875 200.555419921875 212.8446044921875 212.073577880859375 194.2640533447265625 188.9720458984375 171.0271148681640625 206.3499755859375 232.2526397705078125 141.709014892578125 157.379669189453125 143.7459564208984375 86.98749542236328125 47.290130615234375 332.87799072265625 317.861572265625 342.717559814453125 327.874237060546875 321.51904296875 331.820526123046875 239.0353546142578125 139.2361602783203125 92.91069793701171875 251.564453125 146.30706787109375 227.6016082763671875 248.551727294921875 184.399169921875 219.5590972900390625
52.1249237060546875 15.802556991577148438 329.533966064453125 338.197296142578125 297.896331787109375 227.8619537353515625 175.6012115478515625 210.0677337646484375 228.6905975341796875 221.905364990234375 236.533905029296875 212.2752532958984375 248.7490386962890625 257.470550537109375 178.451385498046875 221.4958648681640625 233.426422119140625 226.84710693359375 247.6191558837890625 40.76342010498046875 304.438262939453125 292.31884765625 358.09014892578125 358.190521240234375 3.3019304275512695312 354.47149658203125 357.56976318359375 355.10015869140625 342.082855224609375 342.29864501953125 336.973541259765625 318.65130615234375 92.29088592529296875 144.0900726318359375 254.743438720703125 69.67688751220703125 39.28910064697265625 71.56597137451171875 251.5655517578125 260.095306396484375 233.12823486328125 276.337127685546875
69.3254241943359375 52.9069061279296875 322.125091552734375 321.709259033203125 352.4039306640625 5.1945958137512207031 328.23944091796875 331.69854736328125 354.093597412109375 293.497711181640625 297.349212646484375 319.397613525390625 295.42620849609375 326.309539794921875 4.5738148689270019531 322.7210693359375 316.7091064453125 325.783416748046875 337.556488037109375 347.1949462890625 341.564117431640625 332.10205078125 324.21044921875 349.2152099609375 29.745021820068359375 299.93060302734375 307.40447998046875 0.00039029464824125170708 5.1963872909545898438 264.805328369140625 269.9990234375 176.987335205078125 124.99181365966796875 351.870391845703125 300.06787109375 51.910976409912109375 18.4347686767578125 6.8431539535522460938 2.4896090030670166016 301.37225341796875 295.345672607421875 319.762908935546875
41.185733795166015625 25.523302078247070312 13.523281097412109375 335.555572509765625 339.443023681640625 4.8078594207763671875 353.156341552734375 344.51068115234375 3.2893071174621582031 331.926788330078125 324.8651123046875 343.685150146484375 325.6842041015625 324.68829345703125 338.9615478515625 335.771514892578125 313.91851806640625 307.009979248046875 321.0084228515625 285.254364013671875 257.27447509765625 210.961334228515625 256.428375244140625 269.998687744140625 51.009006500244140625 284.035552978515625 237.5281219482421875 194.7427215576171875 120.96314239501953125 261.870025634765625 246.2500152587890625 128.9910888671875 54.46071624755859375 317.120819091796875 314.999786376953125 31.759120941162109375 50.44036102294921875 65.55634307861328125 322.43084716796875 334.746246337890625 342.25439453125 319.573028564453125
335.95477294921875 36.97261810302734375 25.750654220581054688 340.843780517578125 333.675872802734375 0.61583608388900756836 8.9017477035522460938 345.578399658203125 353.828857421875 337.24847412109375 310.683380126953125 328.239837646484375 343.855010986328125 331.96539306640625 326.128326416015625 349.0185546875 329.035247802734375 281.309112548828125 233.74505615234375 237.8035736083984375 263.046539306640625 314.999267578125 283.39208984375 262.5682373046875 105.25353240966796875 120.96282958984375 213.6887359619140625 215.5365753173828125 192.995758056640625 286.38922119140625 324.46295166015625 67.8329315185546875 295.345245361328125 293.748931884765625 251.566650390625 191.3078155517578125 89.99947357177734375 15.255082130432128906 302.592041015625 333.85247802734375 346.4287109375 318.30120849609375
277.43072509765625 76.3286285400390625 47.0457305908203125 311.729034423828125 307.693634033203125 347.194580078125 12.339216232299804688 341.564178466796875 359.3404541015625 0.88142263889312744141 311.8770751953125 314.999481201171875 334.2894287109375 325.079803466796875 317.60186767578125 340.86566162109375 355.60015869140625 322.124053955078125 3.8148396015167236328 264.2891845703125 260.362060546875 266.18597412109375 270.000274658203125 194.7429962158203125 174.0937042236328125 156.801422119140625 291.0379638671875 294.77508544921875 314.998504638671875 285.254241943359375 309.805145263671875 34.695159912109375 341.564056396484375 309.287384033203125 18.437091827392578125 318.179168701171875 24.443449020385742188 348.34014892578125 309.61004638671875 317.8616943359375 309.28912353515625 294.676483154296875
