wildfire/work/fuelmodels/1979/aspect.asc
ncols        394
nrows        265
xllcorner    179940.000000000000
yllcorner    475010.000000000000
cellsize     5.000000000000
NODATA_value   -999
[rows 190 to 208 of 265, columns 168 to 209 of 394]
195.2547760009765625 184.8984832763671875 226.7897491455078125 228.8136138916015625 233.128753662109375 248.1977081298828125 179.9995880126953125 189.4629058837890625 250.016571044921875 240.2541351318359375 325.30462646484375 312.063232421875 293.1973876953125 144.2457275390625 181.54791259765625 207.581573486328125 186.1696014404296875 156.296783447265625 145.738433837890625 188.7459716796875 240.5239410400390625 239.0361175537109375 226.3636932373046875 226.7895965576171875 195.25457763671875 208.2998199462890625 161.564239501953125 105.94463348388671875 15.254999160766601562 30.068399429321289062 17.241159439086914062 50.194400787353515625 219.2877044677734375 241.5036468505859375 179.9995880126953125 191.3090667724609375 200.2240753173828125 166.4288330078125 203.962188720703125 195.2547760009765625 173.659271240234375 155.32330322265625
140.19427490234375 261.86981201171875 289.798492431640625 244.439300537109375 248.9615020751953125 268.362762451171875 341.56427001953125 334.982330322265625 303.689239501953125 304.379913330078125 300.37896728515625 198.434478759765625 161.09521484375 146.4963226318359375 177.2732086181640625 197.19805908203125 180.6157684326171875 165.25579833984375 152.197906494140625 200.695343017578125 245.3224945068359375 188.615020751953125 176.05487060546875 220.42559814453125 199.2893524169921875 213.2309417724609375 188.129486083984375 159.6233367919921875 202.8332977294921875 157.619354248046875 30.963039398193359375 77.47133636474609375 142.1240997314453125 221.6332855224609375 181.547760009765625 186.339630126953125 187.3055267333984375 160.6404266357421875 207.8968048095703125 198.434295654296875 164.7441558837890625 156.8016510009765625
59.826435089111328125 259.286041259765625 240.52386474609375 212.470184326171875 250.8205108642578125 253.8863372802734375 251.56500244140625 285.253753662109375 210.960693359375 239.035430908203125 254.7445526123046875 112.248260498046875 130.135040283203125 151.6990966796875 162.180511474609375 183.1793365478515625 185.8558502197265625 179.9995880126953125 166.2178802490234375 223.20953369140625 241.090057373046875 173.8841400146484375 164.9315948486328125 216.5723419189453125 202.1657257080078125 215.8105926513671875 189.8330841064453125 176.0546722412109375 202.2486419677734375 188.129669189453125 200.094818115234375 118.30051422119140625 112.16616058349609375 221.987213134765625 187.594390869140625 185.9058685302734375 183.813751220703125 175.235382080078125 228.3660125732421875 201.801025390625 156.2494964599609375 149.036285400390625
43.958248138427734375 354.804595947265625 269.997528076171875 184.7628631591796875 248.19830322265625 233.88037109375 218.883819580078125 276.95220947265625 36.468990325927734375 154.4397125244140625 191.040496826171875 160.144378662109375 118.44252777099609375 123.6898345947265625 149.74322509765625 170.70611572265625 190.560760498046875 190.1244354248046875 185.1938629150390625 229.39801025390625 228.899810791015625 164.3575897216796875 174.6103515625 220.710235595703125 223.26373291015625 223.7805633544921875 194.9309844970703125 199.093048095703125 210.528961181640625 203.7493438720703125 230.1940155029296875 124.2147216796875 100.00745391845703125 296.5643310546875 146.309722900390625 175.81488037109375 189.6882171630859375 208.2999725341796875 221.8201904296875 177.7089080810546875 153.4342193603515625 160.0164794921875
8.6524658203125 32.905208587646484375 72.9794769287109375 167.7351837158203125 248.1979522705078125 207.348968505859375 248.961700439453125 279.46173095703125 60.944843292236328125 103.86067962646484375 156.6143035888671875 185.3004913330078125 168.689727783203125 133.754302978515625 136.468505859375 168.17791748046875 203.1985626220703125 205.0169830322265625 209.0537109375 233.6149749755859375 215.78851318359375 159.2274322509765625 187.814788818359375 243.03387451171875 215.90936279296875 223.408294677734375 229.398284912109375 186.70892333984375 214.2152099609375 232.12493896484375 242.3538360595703125 120.96250152587890625 140.19378662109375 193.5700531005859375 122.004119873046875 104.03632354736328125 220.2357635498046875 221.987213134765625 208.30096435546875 163.8100433349609375 144.161834716796875 155.32281494140625
7.9269428253173828125 66.9383544921875 62.2413482666015625 20.0952301025390625 292.61871337890625 311.6326904296875 291.369903564453125 262.116119384765625 134.0606536865234375 124.11421966552734375 129.5592498779296875 183.1791839599609375 187.7646484375 139.635223388671875 131.268218994140625 175.02972412109375 206.0297088623046875 224.9998626708984375 242.3527984619140625 230.43939208984375 199.358551025390625 156.3701629638671875 245.22467041015625 247.6194610595703125 185.1935882568359375 215.9598236083984375 219.920013427734375 188.7451629638671875 265.814910888671875 254.0545196533203125 207.3494110107421875 151.259796142578125 131.7291412353515625 207.8968048095703125 249.774810791015625 38.9908447265625 15.943915367126464844 191.3111724853515625 211.759307861328125 158.9615631103515625 100.4906005859375 104.03551483154296875
168.08441162109375 120.96355438232421875 33.3104705810546875 3.7430596351623535156 340.318817138671875 352.430755615234375 354.368682861328125 154.0253753662109375 138.6212310791015625 134.9998626708984375 139.2361602783203125 174.522247314453125 197.3000335693359375 147.0941925048828125 133.6357269287109375 192.2647247314453125 228.0128936767578125 250.8202362060546875 243.4338226318359375 179.999114990234375 191.309722900390625 188.1298828125 237.094818115234375 246.4473419189453125 174.803009033203125 237.2645111083984375 236.309326171875 237.527740478515625 254.7440338134765625 222.27313232421875 176.185455322265625 164.4271240234375 151.990447998046875 203.96209716796875 218.210357666015625 173.65924072265625 166.4298248291015625 194.03643798828125 279.46197509765625 307.874114990234375 42.13744354248046875 42.39731597900390625
192.6990966796875 256.84844970703125 31.32855987548828125 17.103160858154296875 295.90576171875 9.7273349761962890625 81.86963653564453125 115.7501373291015625 128.659576416015625 131.6334686279296875 113.58695220947265625 164.0547332763671875 205.2528228759765625 152.5247650146484375 147.8036651611328125 247.619293212890625 266.98651123046875 250.640228271484375 197.5249176025390625 172.2342376708984375 212.7353363037109375 198.4351043701171875 232.8529205322265625 246.80072021484375 188.1292266845703125 264.093841552734375 280.783721923828125 274.898284912109375 249.6229400634765625 167.6191253662109375 163.810455322265625 177.509979248046875 236.30853271484375 131.4239501953125 173.2106170654296875 187.561065673828125 200.72540283203125 232.3516693115234375 266.185211181640625 243.434906005859375 134.9996795654296875 113.198699951171875
224.999847412109375 228.5758056640625 173.2460174560546875 167.6370697021484375 218.5335540771484375 179.225494384765625 131.2844696044921875 101.30970001220703125 117.961883544921875 156.1044769287109375 139.96905517578125 131.63311767578125 198.435211181640625 157.619049072265625 184.3975677490234375 244.98284912109375 242.1016387939453125 206.564208984375 187.124755859375 198.434478759765625 245.8537750244140625 198.434478759765625 235.3040008544921875 227.9351959228515625 212.4708251953125 271.041015625 292.24859619140625 292.379913330078125 194.0367584228515625 146.5916290283203125 163.177947998046875 231.5815887451171875 245.85394287109375 118.4124298095703125 134.1044921875 204.9281463623046875 224.9994659423828125 234.2923736572265625 226.97406005859375 183.36602783203125 140.71026611328125 113.962677001953125
56.310009002685546875 270.68951416015625 303.689361572265625 112.1258697509765625 221.69775390625 210.4651031494140625 149.035888671875 138.3335113525390625 136.684295654296875 158.7817535400390625 190.56048583984375 160.5593719482421875 170.83770751953125 163.6097259521484375 210.9628753662109375 260.133636474609375 189.4611358642578125 167.275360107421875 229.9692840576171875 282.263946533203125 285.254364013671875 284.03460693359375 284.742095947265625 261.86871337890625 264.804595947265625 268.314483642578125 252.4738616943359375 163.6101531982421875 158.1984405517578125 164.357177734375 215.5368804931640625 230.7102203369140625 172.3033447265625 147.2001190185546875 129.143829345703125 245.224151611328125 232.5937957763671875 239.249267578125 252.6988983154296875 314.999267578125 357.7965087890625 34.82421112060546875
148.39227294921875 274.863861083984375 347.00360107421875 82.25501251220703125 295.70941162109375 273.50323486328125 128.2595672607421875 146.40216064453125 152.9489898681640625 163.1783905029296875 211.865234375 173.366973876953125 170.3111572265625 179.9992218017578125 244.9821319580078125 237.72369384765625 167.00494384765625 188.12994384765625 269.999359130859375 271.973968505859375 232.1246337890625 239.035247802734375 284.0352783203125 324.0888671875 302.659912109375 255.9630889892578125 190.1242828369140625 162.0123748779296875 159.537506103515625 189.292449951171875 201.4470977783203125 174.9573516845703125 149.742950439453125 155.5555572509765625 178.3632965087890625 211.6067657470703125 234.4616546630859375 253.9672088623046875 266.565887451171875 294.717010498046875 355.814178466796875 44.999622344970703125
107.6498565673828125 207.3773040771484375 178.2208099365234375 154.707733154296875 239.99444580078125 159.2608642578125 128.702880859375 145.9802398681640625 168.689422607421875 183.651885986328125 203.1982421875 183.365814208984375 177.5104522705078125 220.91375732421875 234.462066650390625 197.525421142578125 184.635162353515625 237.2645111083984375 241.6988525390625 209.577667236328125 186.9524078369140625 213.3098297119140625 255.06817626953125 279.46209716796875 277.1251220703125 166.7588043212890625 158.85992431640625 167.680389404296875 175.2358551025390625 197.81805419921875 184.5374603271484375 169.56231689453125 164.19677734375 167.73443603515625 205.0166473388671875 239.0353546142578125 259.286041259765625 267.396759033203125 267.03839111328125 260.165740966796875 179.9995880126953125 103.5702667236328125
157.144866943359375 236.5595855712890625 352.873992919921875 143.7460784912109375 189.5662078857421875 145.8297882080078125 136.1342315673828125 165.14093017578125 163.3002471923828125 191.3097991943359375 223.0244903564453125 224.998748779296875 206.5645751953125 202.3793487548828125 195.5239715576171875 186.63226318359375 206.564453125 224.9994659423828125 207.6454010009765625 199.884735107421875 205.9058837890625 253.3005523681640625 264.035247802734375 238.570220947265625 197.1022491455078125 125.83719635009765625 124.919097900390625 162.349822998046875 188.1292877197265625 202.8901824951171875 172.874603271484375 165.65020751953125 202.3795623779296875 199.9826812744140625 220.2357025146484375 242.353424072265625 258.177886962890625 268.11114501953125 263.90350341796875 236.06964111328125 184.5735931396484375 156.5012359619140625
185.2672576904296875 220.6771697998046875 239.4434356689453125 35.788944244384765625 72.12125396728515625 107.00262451171875 134.9999542236328125 171.253662109375 157.379669189453125 228.8135833740234375 255.5781707763671875 217.873626708984375 176.42352294921875 178.451385498046875 181.636810302734375 197.3535308837890625 247.930908203125 278.971588134765625 224.9994659423828125 224.9994659423828125 268.726318359375 288.43426513671875 281.30926513671875 201.8003692626953125 179.9995880126953125 153.9242095947265625 110.5554351806640625 344.7447509765625 350.537078857421875 122.90522003173828125 174.559112548828125 197.1019744873046875 243.4347991943359375 229.7632598876953125 246.037506103515625 255.2570343017578125 270 267.273406982421875 246.6143341064453125 214.9189300537109375 187.252899169921875 169.694580078125
200.6739501953125 217.469573974609375 219.61016845703125 193.6708526611328125 133.948577880859375 128.25408935546875 157.16619873046875 168.690093994140625 191.30926513671875 254.35723876953125 252.7577667236328125 179.9990386962890625 161.5649261474609375 205.34588623046875 264.804931640625 306.25286865234375 289.591644287109375 296.563934326171875 101.31011199951171875 265.600555419921875 275.709716796875 279.161529541015625 292.519683837890625 90.000518798828125 140.194549560546875 176.63348388671875 147.5283355712890625 247.83319091796875 251.571014404296875 86.3472442626953125 44.999897003173828125 282.9940185546875 281.308135986328125 269.998565673828125 287.24078369140625 313.263519287109375 309.986236572265625 302.904510498046875 261.4683837890625 222.9540252685546875 190.712890625 191.9753265380859375
302.9046630859375 251.5646514892578125 228.20147705078125 196.0107879638671875 159.4435882568359375 171.8694915771484375 181.122894287109375 189.162017822265625 231.7093658447265625 216.0265960693359375 189.0896148681640625 179.06036376953125 195.5237579345703125 255.46502685546875 269.999359130859375 266.98651123046875 244.9824981689453125 194.85833740234375 182.1215362548828125 287.02008056640625 294.90435791015625 286.1884765625 261.25299072265625 112.01094818115234375 105.9453887939453125 158.200103759765625 149.0360565185546875 198.43463134765625 199.093292236328125 126.46878814697265625 95.195281982421875 234.46148681640625 224.998779296875 272.119659423828125 295.01568603515625 301.6064453125 287.699462890625 254.356719970703125 238.2396392822265625 178.4516754150390625 192.994293212890625 223.0244903564453125
268.726318359375 0 267.613372802734375 200.8975982666015625 169.5080718994140625 206.5644683837890625 190.922210693359375 223.408294677734375 256.75872802734375 153.433502197265625 137.6022796630859375 190.00775146484375 246.160858154296875 243.4348602294921875 207.473968505859375 222.61346435546875 186.9524078369140625 192.528472900390625 240.7506561279296875 269.169036865234375 280.56048583984375 263.6590576171875 171.468902587890625 140.388702392578125 154.982696533203125 196.389434814453125 113.74913787841796875 163.3004302978515625 227.2016754150390625 174.4716644287109375 154.983062744140625 227.8619232177734375 231.708953857421875 249.904449462890625 257.470733642578125 218.0884246826171875 192.200164794921875 207.524505615234375 207.0302886962890625 159.4441375732421875 233.530364990234375 242.81842041015625
260.53765869140625 206.5645751953125 220.2357177734375 219.28997802734375 292.619293212890625 334.43988037109375 109.9828948974609375 212.0922393798828125 227.86175537109375 173.2896728515625 127.40567779541015625 311.0535888671875 311.346710205078125 345.962493896484375 314.999267578125 233.745880126953125 158.962005615234375 290.3759765625 290.05535888671875 264.804840087890625 228.8131561279296875 189.903778076171875 163.1414642333984375 144.68841552734375 184.7628631591796875 205.5596466064453125 132.510528564453125 206.5634765625 218.6578369140625 167.0048065185546875 257.0037841796875 306.25250244140625 81.8697052001953125 224.9994659423828125 234.2722625732421875 193.2401275634765625 197.1017303466796875 234.2100830078125 213.9960174560546875 196.389434814453125 231.8423309326171875 200.2242584228515625
261.0277099609375 315.002410888671875 254.0555572509765625 215.537567138671875 236.309234619140625 254.053863525390625 81.5728302001953125 179.9995880126953125 229.0847930908203125 188.8802337646484375 247.1658477783203125 297.25469970703125 316.683990478515625 34.38055419921875 68.19956207275390625 161.5651092529296875 265.60015869140625 297.89654541015625 311.9051513671875 278.9716796875 224.9989776611328125 186.70989990234375 160.3459930419921875 138.366180419921875 172.4048614501953125 171.8695526123046875 177.8788604736328125 222.796844482421875 147.99285888671875 191.3078155517578125 266.819488525390625 228.366607666015625 134.9996795654296875 252.7577667236328125 266.05413818359375 243.43365478515625 218.6578369140625 224.99993896484375 226.9090423583984375 222.509857177734375 205.9061431884765625 175.2358856201171875
