wildfire/work/fuelmodels/1979/aspect.asc
ncols        394
nrows        265
xllcorner    179940.000000000000
yllcorner    475010.000000000000
cellsize     5.000000000000
NODATA_value   -999
[rows 114 to 132 of 265, columns 336 to 377 of 394]
145.06036376953125 145.0085906982421875 291.1240234375 284.03533935546875 285.394439697265625 279.83294677734375 134.9996795654296875 251.564239501953125 254.8753662109375 141.3394012451171875 162.8964996337890625 176.7101287841796875 177.6466522216796875 190.7129974365234375 175.7100372314453125 161.1136016845703125 136.14569091796875 156.801300048828125 114.44428253173828125 94.30397796630859375 89.99832916259765625 98.6153411865234375 89.11920928955078125 319.395660400390625 276.70928955078125 282.38043212890625 312.579833984375 303.330596923828125 306.500885009765625 327.14361572265625 284.782012939453125 288.7532958984375 18.4347381591796875 347.0048828125 318.0137939453125 105.2505035400390625 216.46893310546875 194.0359954833984375 146.5345001220703125 148.1722412109375 165.0181427001953125 146.99639892578125
127.9980316162109375 232.8151702880859375 275.439666748046875 280.669219970703125 233.8416900634765625 222.2293853759765625 174.986236572265625 217.029541015625 217.092498779296875 149.364105224609375 156.2500152587890625 198.1127777099609375 193.3922271728515625 186.5816650390625 198.4337615966796875 131.986846923828125 152.198394775390625 193.7353973388671875 133.4930877685546875 111.8016815185546875 108.4351806640625 71.56652069091796875 23.459821701049804688 347.94775390625 329.874267578125 306.494903564453125 317.063323974609375 325.91064453125 302.411590576171875 324.188140869140625 271.9940185546875 247.67510986328125 173.0470428466796875 193.39166259765625 206.5637054443359375 130.710693359375 165.067779541015625 180.48919677734375 160.7096099853515625 161.82745361328125 163.651458740234375 154.2688446044921875
88.66703033447265625 267.137451171875 267.446624755859375 258.111083984375 275.193878173828125 264.804473876953125 175.1001129150390625 190.619842529296875 193.1507415771484375 156.928955078125 141.6132659912109375 196.4483642578125 195.7714385986328125 201.0368804931640625 207.7176666259765625 134.9996795654296875 150.7084197998046875 196.188385009765625 161.564666748046875 127.647796630859375 346.607818603515625 1.9753447771072387695 355.461517333984375 347.733856201171875 314.01092529296875 295.01593017578125 269.255157470703125 256.372283935546875 270.4576416015625 280.007171630859375 271.060516357421875 230.5449066162109375 190.8710174560546875 192.2999267578125 178.1031036376953125 158.65411376953125 162.3363037109375 178.7935028076171875 169.2863922119140625 168.976043701171875 163.4427032470703125 136.684722900390625
72.75862884521484375 302.470550537109375 276.5460205078125 232.8530426025390625 232.943115234375 168.387939453125 174.5876617431640625 185.194244384765625 175.1004486083984375 166.534088134765625 142.7649688720703125 168.1119384765625 224.9994659423828125 246.447021484375 214.5081939697265625 120.963470458984375 108.4346923828125 199.7966156005859375 165.735321044921875 184.2364959716796875 216.6330108642578125 189.245635986328125 167.152435302734375 173.99041748046875 234.0077667236328125 224.2454681396484375 190.388427734375 232.560791015625 259.426055908203125 263.8297119140625 226.145477294921875 197.699951171875 196.010650634765625 179.63916015625 171.0569000244140625 167.904937744140625 159.8203582763671875 176.3475189208984375 173.1562652587890625 182.3846282958984375 175.9147491455078125 103.67182159423828125
158.1985015869140625 262.041656494140625 248.1977081298828125 197.3000335693359375 192.2644500732421875 162.9366607666015625 186.6659088134765625 189.4613800048828125 184.5372161865234375 211.7588348388671875 76.606475830078125 74.05402374267578125 275.193328857421875 260.537109375 170.9094696044921875 142.853240966796875 152.6491546630859375 156.412078857421875 156.929534912109375 183.704345703125 188.43975830078125 184.1118316650390625 171.6454620361328125 178.6464385986328125 224.4878082275390625 199.5633392333984375 191.3097076416015625 241.6986541748046875 247.889984130859375 227.64190673828125 177.20709228515625 193.76043701171875 189.0896148681640625 161.564666748046875 172.6260528564453125 199.230377197265625 134.9996795654296875 329.034820556640625 346.328643798828125 7.4320402145385742188 134.9996795654296875 98.12725067138671875
156.5402679443359375 230.07916259765625 210.7491912841796875 193.133819580078125 188.4706573486328125 183.0106658935546875 224.997283935546875 162.4735565185546875 203.4592132568359375 218.659820556640625 157.3798980712890625 156.8006744384765625 207.824127197265625 204.5374908447265625 162.4986114501953125 160.640899658203125 156.6999969482421875 163.150115966796875 166.5039520263671875 175.946197509765625 190.61932373046875 191.6888580322265625 163.4208221435546875 181.0807342529296875 211.644195556640625 198.0035247802734375 213.3308258056640625 237.283416748046875 240.707977294921875 215.2375030517578125 169.64093017578125 186.7095184326171875 177.0312042236328125 173.3670196533203125 199.982513427734375 238.23968505859375 278.970550537109375 298.6094970703125 293.1971435546875 112.750091552734375 154.65374755859375 264.803863525390625
100.1746063232421875 243.0605316162109375 232.7215118408203125 202.8904876708984375 170.537078857421875 190.6531524658203125 188.309661865234375 162.5969390869140625 186.009002685546875 194.1615447998046875 171.07568359375 167.9049835205078125 192.91754150390625 190.7622528076171875 166.56103515625 165.5097503662109375 131.6333770751953125 152.818634033203125 199.322906494140625 157.9883880615234375 176.0088348388671875 181.5476226806640625 158.67529296875 178.2982940673828125 207.13177490234375 203.7900848388671875 220.06536865234375 227.185394287109375 233.6668701171875 219.7183837890625 186.4828338623046875 165.191253662109375 167.242156982421875 192.01092529296875 217.2342681884765625 241.5038909912109375 233.971710205078125 199.653167724609375 174.5600433349609375 141.3397674560546875 145.7832489013671875 175.7314300537109375
152.525543212890625 200.32305908203125 209.2674407958984375 182.7259368896484375 162.757965087890625 183.620880126953125 193.8604583740234375 178.70745849609375 176.248138427734375 186.653778076171875 178.3313140869140625 179.2148895263671875 185.6301727294921875 178.8764801025390625 185.193756103515625 170.416259765625 120.8215179443359375 141.0725860595703125 236.5339508056640625 153.434600830078125 127.69403839111328125 143.4707489013671875 130.7410888671875 195.12322998046875 257.810577392578125 228.3657989501953125 222.593536376953125 223.461822509765625 230.0001068115234375 231.9723052978515625 209.054351806640625 149.3218841552734375 163.3004302978515625 192.651702880859375 206.053009033203125 228.5444183349609375 211.639312744140625 177.16571044921875 174.2373046875 181.7008514404296875 154.61175537109375 159.989898681640625
177.0888671875 182.626129150390625 189.6192779541015625 178.152099609375 162.9365234375 179.99932861328125 200.4919281005859375 187.6663360595703125 183.366485595703125 223.697235107421875 188.745849609375 181.218719482421875 177.9537353515625 157.8334197998046875 210.6505889892578125 156.8007354736328125 127.665252685546875 173.2902374267578125 223.9183197021484375 178.7808990478515625 26.564989089965820312 51.340206146240234375 70.1329193115234375 308.289215087890625 284.675628662109375 340.7398681640625 325.49090576171875 269.044525146484375 239.0355987548828125 234.03057861328125 213.34918212890625 163.6099853515625 176.390960693359375 185.8258056640625 216.0848236083984375 226.3966827392578125 195.523590087890625 178.2427520751953125 179.9995880126953125 180.4000244140625 153.595245361328125 148.2404327392578125
189.3715667724609375 195.123565673828125 183.468048095703125 169.185882568359375 181.244598388671875 182.3527679443359375 191.0228424072265625 186.4692230224609375 194.1720733642578125 227.1204681396484375 194.0356903076171875 158.49871826171875 183.3661041259765625 148.392242431640625 200.224456787109375 139.6102294921875 119.81392669677734375 239.7439727783203125 251.564453125 194.533721923828125 212.124298095703125 130.2359466552734375 91.2725982666015625 324.463348388671875 271.8641357421875 310.694580078125 5.1944489479064941406 322.942962646484375 219.8054656982421875 237.8038482666015625 228.963897705078125 163.610107421875 162.1208343505859375 245.1701812744140625 294.01422119140625 358.6021728515625 146.309967041015625 184.666717529296875 184.12689208984375 173.90350341796875 160.083465576171875 108.4325103759765625
204.774200439453125 210.6769561767578125 174.472259521484375 149.035888671875 178.4786834716796875 194.035675048828125 200.8204803466796875 183.65191650390625 196.6988372802734375 209.40692138671875 199.766845703125 190.4909515380859375 184.5735931396484375 169.5924224853515625 163.216888427734375 140.19403076171875 111.5010986328125 299.744049072265625 318.944580078125 37.40517425537109375 151.9273834228515625 146.534149169921875 133.491943359375 134.9996795654296875 273.036651611328125 279.967559814453125 97.12496185302734375 151.5565032958984375 198.4348907470703125 258.061004638671875 264.1544189453125 314.994873046875 44.9989013671875 258.6895751953125 263.7318115234375 32.9055938720703125 82.76287841796875 190.6201171875 181.396514892578125 179.99884033203125 229.085845947265625 260.21728515625
193.67071533203125 188.1298828125 179.3411407470703125 145.0802764892578125 140.9055633544921875 214.2149200439453125 217.8744964599609375 202.619598388671875 176.9867401123046875 180.8300628662109375 208.76708984375 201.1750335693359375 193.6092376708984375 182.641998291015625 147.528717041015625 163.6109161376953125 288.433197021484375 278.12823486328125 273.011627197265625 88.5301055908203125 105.06777191162109375 112.75079345703125 121.503875732421875 231.338592529296875 266.66082763671875 248.7487640380859375 124.99196624755859375 141.8697967529296875 231.2532958984375 249.512237548828125 242.7833709716796875 223.60308837890625 141.3412017822265625 157.7498321533203125 226.558197021484375 194.3810882568359375 120.40287017822265625 173.6595916748046875 220.9145355224609375 277.126068115234375 233.1313018798828125 234.08978271484375
203.198028564453125 136.8473358154296875 163.855499267578125 190.7506256103515625 153.969757080078125 192.8036651611328125 203.0084228515625 202.5736236572265625 178.6024932861328125 162.4742431640625 208.8099212646484375 198.0716552734375 198.749359130859375 202.889892578125 165.963623046875 262.56756591796875 263.658905029296875 239.0350494384765625 234.1621856689453125 127.87541961669921875 121.6078338623046875 11.976258277893066406 43.781230926513671875 324.782196044921875 257.507049560546875 206.726715087890625 143.5044403076171875 141.5822296142578125 253.6097412109375 250.69317626953125 245.3228607177734375 236.309844970703125 204.77459716796875 111.13927459716796875 198.103607177734375 197.7000885009765625 175.6006927490234375 194.2638397216796875 190.1244354248046875 198.434478759765625 190.884979248046875 207.645111083984375
178.3629608154296875 154.3972930908203125 161.0751495361328125 206.564483642578125 166.6750946044921875 188.8064117431640625 198.434356689453125 200.555419921875 185.3317108154296875 168.6898193359375 209.744232177734375 204.1451416015625 208.178375244140625 231.6540374755859375 230.3557891845703125 232.7652587890625 203.7491302490234375 233.1294097900390625 176.9870147705078125 138.1222686767578125 210.962615966796875 194.0365447998046875 105.9453582763671875 314.998687744140625 231.952301025390625 188.4261474609375 199.9831695556640625 296.5645751953125 319.7633056640625 302.046600341796875 280.12384033203125 260.33905029296875 252.7572784423828125 73.14136505126953125 57.87520599365234375 170.8376617431640625 203.1977081298828125 203.1979522705078125 173.39495849609375 200.2820587158203125 214.5077972412109375 200.6943206787109375
140.4770355224609375 160.057037353515625 195.5922088623046875 182.2307891845703125 172.971343994140625 222.13702392578125 224.9990386962890625 166.6070556640625 185.1939697265625 204.6231231689453125 224.999908447265625 249.904449462890625 273.366241455078125 265.155670166015625 239.0357666015625 209.93109130859375 237.8043975830078125 274.898956298828125 99.245758056640625 120.068450927734375 201.29693603515625 183.27044677734375 206.56402587890625 252.757965087890625 23.197782516479492188 324.039215087890625 316.974090576171875 322.027374267578125 306.510101318359375 287.5595703125 266.72882080078125 260.432586669921875 256.26318359375 70.4637908935546875 74.29155731201171875 73.072357177734375 305.537353515625 276.63226318359375 111.36992645263671875 224.9994659423828125 240.8017425537109375 213.6897430419921875
125.036102294921875 153.43377685546875 224.9988250732421875 156.80120849609375 203.87493896484375 212.9879608154296875 199.358551025390625 182.6024627685546875 270.001708984375 287.700439453125 305.1337890625 285.01776123046875 278.47052001953125 284.34844970703125 277.124237060546875 274.763092041015625 274.398101806640625 251.5635833740234375 94.18526458740234375 68.70240020751953125 5.1939687728881835938 319.57275390625 313.20965576171875 333.67620849609375 350.536895751953125 332.06231689453125 325.9044189453125 350.33929443359375 302.903778076171875 226.1932220458984375 239.26416015625 257.7841796875 264.986724853515625 71.56488037109375 78.02341461181640625 37.64739990234375 340.86541748046875 327.094146728515625 33.6893157958984375 334.43963623046875 305.537445068359375 331.31280517578125
136.591156005859375 294.22674560546875 1.1693913936614990234 43.89794921875 314.999267578125 183.178863525390625 204.443603515625 250.513275146484375 298.809722900390625 297.34906005859375 264.471710205078125 289.132965087890625 304.591766357421875 318.575653076171875 308.991302490234375 300.52899169921875 312.5086669921875 246.7940521240234375 344.7447509765625 8.971897125244140625 8.8645601272583007812 341.564178466796875 317.662078857421875 325.096832275390625 338.87451171875 325.684417724609375 273.238983154296875 158.19879150390625 77.470245361328125 291.24969482421875 274.820098876953125 258.942840576171875 232.968597412109375 191.9763336181640625 74.74414825439453125 357.70892333984375 16.556621551513671875 130.91485595703125 281.974090576171875 323.92962646484375 330.194580078125 341.951171875
199.289276123046875 246.5705108642578125 254.0535888671875 51.709621429443359375 25.016887664794921875 1.0054938793182373047 338.1976318359375 310.793670654296875 303.995452880859375 45.00208282470703125 222.2731170654296875 243.434173583984375 251.5643768310546875 192.0949249267578125 193.7351226806640625 223.8534698486328125 212.66046142578125 251.5648956298828125 292.61993408203125 289.43994140625 357.397064208984375 334.982421875 316.973846435546875 293.5513916015625 265.363525390625 243.4314727783203125 186.3378143310546875 183.99078369140625 236.8868865966796875 298.1396484375 285.70721435546875 242.3532257080078125 214.5917205810546875 212.735443115234375 218.6578369140625 296.5643310546875 39.64361572265625 2.1752004623413085938 327.457366943359375 317.861572265625 301.6064453125 326.30816650390625
197.175048828125 218.6593170166015625 220.23590087890625 181.548065185546875 96.34023284912109375 314.999755859375 306.383758544921875 298.44189453125 306.252960205078125 41.987056732177734375 85.6009674072265625 223.6974945068359375 232.4953460693359375 185.82598876953125 162.645416259765625 205.82049560546875 223.2897796630859375 207.896820068359375 193.3925628662109375 239.534149169921875 282.99432373046875 311.98699951171875 314.999267578125 293.962249755859375 275.19366455078125 236.303497314453125 328.24017333984375 343.810028076171875 329.035552978515625 314.999267578125 281.309844970703125 236.3105010986328125 233.5300140380859375 232.9063873291015625 233.744720458984375 247.9879302978515625 338.96014404296875 316.974365234375 345.962890625 43.02457427978515625 252.758209228515625 232.5941925048828125
