wildfire/work/fuelmodels/1979/slope.asc
ncols        394
nrows        265
xllcorner    179940.000000000000
yllcorner    475010.000000000000
cellsize     5.000000000000
NODATA_value   -999
[rows 216 to 233 of 265, columns 240 to 279 of 394]
0.85378444194793701172 0.89149546623229980469 0.89092153310775756836 0.85616004467010498047 3.0523743629455566406 3.3005745410919189453 1.2703211307525634766 0.59187066555023193359 1.010699152946472168 0.88464838266372680664 0.65596634149551391602 2.4078707695007324219 2.4993951320648193359 0.89148849248886108398 2.6086947917938232422 2.9139230251312255859 0.85378444194793701172 0.63398420810699462891 0.47835090756416320801 0.54186832904815673828 1.1113654375076293945 1.1099981069564819336 1.0388588905334472656 1.1824078559875488281 1.5706546306610107422 1.6378431320190429688 1.6297981739044189453 1.4855557680130004883 1.4977563619613647461 1.2806327342987060547 0.27371633052825927734 0.92493104934692382812 0.7695954442024230957 0 0 0.85675156116485595703 0.85674834251403808594 0.19355046749114990234 1.1981490850448608398 3.3726766109466552734
0.57363492250442504883 1.0804238319396972656 1.1612501144409179688 1.6101143360137939453 3.4573080539703369141 2.8224389553070068359 0.95455467700958251953 0.3935883939266204834 0.25653862953186035156 0.48673796653747558594 0.96928966045379638672 2.6295385360717773438 2.3299417495727539062 0.69785124063491821289 2.1775536537170410156 3.1884381771087646484 1.5716280937194824219 1.2290062904357910156 0.68834805488586425781 0.63637578487396240234 0.64428889751434326172 0.89602553844451904297 0.85378986597061157227 0.86556619405746459961 1.1494232416152954102 0.85674566030502319336 0.83520793914794921875 1.3484041690826416016 1.3988729715347290039 1.6338230371475219727 0.85675156116485595703 0.57363665103912353516 0.20124654471874237061 0.114725455641746521 0.54186546802520751953 1.0672214031219482422 1.2607281208038330078 0 1.5603153705596923828 2.4085066318511962891
0.26239809393882751465 0.50310814380645751953 1.0860240459442138672 2.2623150348663330078 3.8803997039794921875 2.5209448337554931641 0.72697651386260986328 0.57363295555114746094 0.24232622981071472168 0.55569553375244140625 1.1244981288909912109 2.7791216373443603516 2.2495312690734863281 0.92274492979049682617 1.7359325885772705078 2.5647017955780029297 1.1789869070053100586 1.0818216800689697266 0.80496037006378173828 0.31819066405296325684 0.10062532126903533936 0.34270808100700378418 0.64428651332855224609 0.73252928256988525391 0.99608057737350463867 0.38709312677383422852 0.61205279827117919922 1.3766291141510009766 1.0538547039031982422 1.0495271682739257812 0.9249426722526550293 0.4730332791805267334 0.30186536908149719238 0.29335266351699829102 0.31337860226631164551 0.39869105815887451172 0.38840326666831970215 0.7800585627555847168 1.9257974624633789062 2.1035830974578857422
0.4730332791805267334 0.54093188047409057617 0.67498391866683959961 2.3160109519958496094 4.006404876708984375 2.4519925117492675781 0.38709312677383422852 0.63955593109130859375 0.30187496542930603027 0.52187383174896240234 1.5179020166397094727 3.0222487449645996094 2.2223832607269287109 0.54186546802520751953 2.8877825736999511719 2.9690937995910644531 1.1026780605316162109 0.56294643878936767578 0.44999366998672485352 0.5867201685905456543 0.16225333511829376221 0.23164896667003631592 0.42808562517166137695 0.81122112274169921875 0.88408577442169189453 0.08999773859977722168 0.58498370647430419922 1.2425230741500854492 0.90557849407196044922 0.89602059125900268555 0.86146336793899536133 0.63638788461685180664 0.10062339901924133301 0.2134555131196975708 0.45557773113250732422 0.81122136116027832031 0.76893460750579833984 0.86848652362823486328 1.0538575649261474609 1.5908305644989013672
0.70074331760406494141 0.85378986597061157227 1.2281895875930786133 2.2641057968139648438 3.551311492919921875 2.1124539375305175781 0.67648792266845703125 0.89602059125900268555 0.64350152015686035156 0.66895759105682373047 1.9221036434173583984 3.0357637405395507812 1.7192379236221313477 0.73804402351379394531 3.1616895198822021484 2.1570081710815429688 0.36279568076133728027 0.19091685116291046143 0.38447558879852294922 0.8112239837646484375 0.23165646195411682129 0.46981203556060791016 0.45558241009712219238 0.99658674001693725586 0.91115671396255493164 0.40248724818229675293 0.61205178499221801758 0.83278191089630126953 0.71504765748977661133 0.76893460750579833984 0.79036819934844970703 1.0495301485061645508 0.93581122159957885742 1.1131770610809326172 1.1776860952377319336 0.72559076547622680664 0.48150941729545593262 0.90501463413238525391 1.2355774641036987305 2.1712715625762939453
1.3813979625701904297 0.80307418107986450195 0.41487255692481994629 2.0951399803161621094 3.1987185478210449219 1.4666945934295654297 0.50311315059661865234 0.82729232311248779297 0.82606673240661621094 1.349892735481262207 2.4162580966949462891 2.8296024799346923828 1.0533747673034667969 1.6129363775253295898 1.6163831949234008789 1.8867757320404052734 1.3107125759124755859 0.65597224235534667969 0.55661660432815551758 1.178980708122253418 0.91834342479705810547 1.0519379377365112305 0.94923996925354003906 1.3363338708877563477 1.3736855983734130859 0.90501463413238525391 0.62676507234573364258 0.7325356602668762207 0.68540853261947631836 0.89827454090118408203 1.2115895748138427734 1.3080127239227294922 0.99098068475723266602 0.8846569061279296875 1.4804250001907348633 1.4057265520095825195 0.89149194955825805664 0.76959919929504394531 0.43279111385345458984 1.4831552505493164062
2.2380366325378417969 2.02040863037109375 0.72628498077392578125 1.8918589353561401367 3.1934981346130371094 1.466696619987487793 0.45558241009712219238 0.78586447238922119141 1.1943322420120239258 2.0835132598876953125 2.4210693836212158203 1.5834949016571044922 0.63637822866439819336 1.66693878173828125 0.45890986919403076172 0.98226398229598999023 1.4300020933151245117 0.87372148036956787109 0.61453568935394287109 0.94924342632293701172 1.2826126813888549805 1.1673353910446166992 0.76629519462585449219 1.3080068826675415039 1.318416595458984375 1.0576968193054199219 1.1383608579635620117 1.1392488479614257812 1.1208795309066772461 1.4003156423568725586 1.3378479480743408203 1.4817918539047241211 0.82789778709411621094 0.51798200607299804688 0.92930084466934204102 0.87371551990509033203 0.86556351184844970703 0.96771931648254394531 1.3696197271347045898 0.95720714330673217773
3.7176718711853027344 4.8495678901672363281 3.7795224189758300781 1.7245371341705322266 2.0063290596008300781 2.3549928665161132812 1.2425261735916137695 0.79036360979080200195 1.0533689260482788086 1.8586826324462890625 1.2810354232788085938 0.36280795931816101074 1.0364269018173217773 1.1140979528427124023 0.2700010836124420166 0.79036819934844970703 1.0107045173645019531 0.5727558135986328125 0.17135636508464813232 0.32449966669082641602 0.2423318028450012207 0.38447308540344238281 0.51405507326126098633 1.5048307180404663086 1.4189827442169189453 1.1529438495635986328 1.9067832231521606445 2.2063899040222167969 2.2024886608123779297 1.7725672721862792969 1.2587157487869262695 1.4913227558135986328 0.6267681121826171875 1.016694188117980957 0.79547512531280517578 1.0167019367218017578 0.6178213953971862793 0.41365185379981994629 0.92328119277954101562 1.6593196392059326172
6.1732535362243652344 5.7473397254943847656 3.5761082172393798828 0.66820073127746582031 0.28459969162940979004 1.5495755672454833984 2.2774655818939208984 2.0022988319396972656 1.9766163825988769531 1.1423609256744384766 0.4730288088321685791 0.30186918377876281738 0.51798236370086669922 0.45558577775955200195 0.31978502869606018066 0.65597075223922729492 0.95720714330673217773 0.54465508460998535156 0.48151379823684692383 0.54092437028884887695 0.3628031313419342041 0.51010364294052124023 0.46329653263092041016 1.1738159656524658203 1.6353592872619628906 2.2216949462890625 2.939662933349609375 2.3912205696105957031 1.7816746234893798828 1.0152045488357543945 0.84545421600341796875 1.1276351213455200195 0.2316548079252243042 0.68095546960830688477 0.62757527828216552734 1.1298754215240478516 1.2778688669204711914 0.74282795190811157227 0.74282377958297729492 1.5920903682708740234
5.8988060951232910156 3.4023606777191162109 4.4676594734191894531 0.73460519313812255859 0.72139334678649902344 0.58064919710159301758 1.1276385784149169922 1.4909871816635131836 0.95720881223678588867 0.71150034666061401367 0.70074856281280517578 0.61205875873565673828 0.52477848529815673828 0.10061956197023391724 0.42689779400825500488 0.688343048095703125 0.94442915916442871094 0.54185193777084350586 0.49499344825744628906 0.93959355354309082031 0.85379266738891601562 0.35575437545776367188 0.41364812850952148438 0.91834342479705810547 1.8846229314804077148 3.0523610115051269531 2.7085404396057128906 1.6720968484878540039 1.4300020933151245117 0.35146200656890869141 0.36280900239944458008 0.57363325357437133789 1.3977948427200317383 1.2281897068023681641 1.0046763420104980469 0.2134555131196975708 0.78587347269058227539 0.40249878168106079102 0.20374195277690887451 0.68834805488586425781
4.5851421356201171875 4.7465558052062988281 1.7671297788619995117 1.1113654375076293945 1.0634249448776245117 1.7830982208251953125 0.8999665379524230957 0.063641056418418884277 1.1031316518783569336 0.79037678241729736328 0.38447308540344238281 0.89601796865463256836 0.54744100570678710938 0.56383299827575683594 0.66440850496292114258 1.306065678596496582 0.7663027644157409668 0.8549594879150390625 0.50310814380645751953 0.68835484981536865234 1.0576840639114379883 0.76498395204544067383 0.73183798789978027344 0.7961108088493347168 1.7671306133270263672 2.9533874988555908203 3.0324330329895019531 2.1222581863403320312 1.7254068851470947266 0.63638186454772949219 0.68835818767547607422 1.1208884716033935547 1.4691069126129150391 0.84004575014114379883 1.4374204874038696289 0.60036939382553100586 0.79037213325500488281 0.68541640043258666992 0.51798200607299804688 0.64898496866226196289
1.4977623224258422852 1.9367902278900146484 1.4940432310104370117 1.5075314044952392578 1.0822893381118774414 1.5936942100524902344 1.3945270776748657227 0.73804318904876708984 0.68541187047958374023 0.47835132479667663574 0.29336583614349365234 1.0818135738372802734 0.38709911704063415527 0.68020737171173095703 0.79546934366226196289 0.43278574943542480469 0.72557854652404785156 0.73252326250076293945 0.69857323169708251953 0.6178213953971862793 0.72557902336120605469 1.0112034082412719727 0.76497405767440795898 0.7563228607177734375 1.413262486457824707 2.1805629730224609375 2.9593720436096191406 2.2641077041625976562 2.0091035366058349609 1.311862945556640625 1.3766241073608398438 1.3172609806060791016 0.85674315690994262695 0.61781549453735351562 1.4514354467391967773 0.96301531791687011719 0.58500516414642333984 0.6831919550895690918 0.30186727643013000488 0.68687987327575683594
1.8455640077590942383 1.2762802839279174805 1.3696293830871582031 2.0174014568328857422 0.5446618199348449707 1.761404871940612793 0.64034879207611083984 1.0577027797698974609 0.99862372875213623047 0.88006663322448730469 0.50910490751266479492 0.67498993873596191406 0.77025663852691650391 0.21345278620719909668 0.70649111270904541016 0.70434206724166870117 0.96771931648254394531 0.8800633549690246582 1.0226598978042602539 0.79801636934280395508 0.52670395374298095703 0.70074218511581420898 0.29336583614349365234 0.78264015913009643555 1.127631068229675293 1.8846253156661987305 2.8459873199462890625 2.226940155029296875 2.577487945556640625 2.305500030517578125 2.1988165378570556641 2.3179674148559570312 2.0489990711212158203 1.7221803665161132812 2.0452952384948730469 2.2052543163299560547 1.8087357282638549805 1.1298805475234985352 1.0804178714752197266 1.5301882028579711914
1.791869044303894043 0.57363665103912353516 1.1258410215377807617 1.8198920488357543945 0.13499870896339416504 1.026118159294128418 0.93581783771514892578 1.3696258068084716797 1.8619371652603149414 1.7379748821258544922 0.80496990680694580078 0.89828252792358398438 1.5796511173248291016 2.0825457572937011719 1.622313380241394043 0.86145126819610595703 0.29336121678352355957 0.35146200656890869141 0.67499166727066040039 0.79611033201217651367 0.74215090274810791016 0.91834199428558349609 0.28638991713523864746 0.58065623044967651367 1.1673296689987182617 1.7207050323486328125 2.0759780406951904297 2.1331918239593505859 2.5195484161376953125 2.8030347824096679688 2.3301544189453125 2.0123713016510009766 2.1914396286010742188 2.2063984870910644531 2.3485405445098876953 2.5411336421966552734 2.6081111431121826172 2.5658817291259765625 3.0310924053192138672 2.9600522518157958984
1.0860174894332885742 0.58064424991607666016 1.1699337959289550781 1.5667859315872192383 0.28637775778770446777 0.37107759714126586914 0.7695954442024230957 1.1045104265213012695 1.1031366586685180664 1.0883595943450927734 1.6648181676864624023 0.68096280097961425781 0.44318601489067077637 0.42691132426261901855 1.6223187446594238281 1.5796493291854858398 0.89997339248657226562 0.51307910680770874023 0.6340033411979675293 0.93581700325012207031 0.55661660432815551758 1.1494171619415283203 1.1913655996322631836 0.91614311933517456055 1.4089667797088623047 1.0808837413787841797 1.2412934303283691406 1.4510755538940429688 1.6501499414443969727 2.1784689426422119141 1.8800588846206665039 1.0388615131378173828 1.1533735990524291992 1.4957276582717895508 1.7944090366363525391 2.0647356510162353516 2.26967620849609375 2.5389387607574462891 2.4470374584197998047 2.2196502685546875
0.71504902839660644531 1.0883500576019287109 1.5354640483856201172 1.4913239479064941406 0.46980673074722290039 0.044996734708547592163 0.25653862953186035156 0.65597367286682128906 0.52478581666946411133 1.5285335779190063477 1.5195678472518920898 0.58412855863571166992 0.114725455641746521 0.55569308996200561523 0.21345008909702301025 0.95456194877624511719 1.366672515869140625 0.8655719757080078125 0.98689192533493041992 1.2762802839279174805 1.0595971345901489258 1.4207645654678344727 1.4524676799774169922 2.1563010215759277344 1.3898063898086547852 0.96300852298736572266 0.95720094442367553711 0.51798307895660400391 0.80997526645660400391 0.93580937385559082031 1.4349446296691894531 1.3321659564971923828 1.3367125988006591797 1.4524705410003662109 1.5357954502105712891 1.801167607307434082 2.0980389118194580078 2.0571346282958984375 1.5155701637268066406 1.0576956272125244141
2.6905694007873535156 2.9015834331512451172 1.769129633903503418 0.442050933837890625 0.40249300003051757812 0.19092290103435516357 1.0695928335189819336 0.5474459528923034668 1.0695928335189819336 1.1458946466445922852 1.0733660459518432617 0.70074194669723510742 0.60035783052444458008 0.61452788114547729492 0.5867201685905456543 0.92766904830932617188 1.2671242952346801758 1.5235542058944702148 1.4691050052642822266 1.5619324445724487305 1.465656280517578125 1.4649710655212402344 1.3049143552780151367 2.1286773681640625 2.1745264530181884766 1.9979979991912841797 1.6424654722213745117 0.74282377958297729492 0.67648339271545410156 0.88236051797866821289 1.2826039791107177734 1.3427568674087524414 1.2474055290222167969 1.2986856698989868164 1.1733864545822143555 1.1258410215377807617 1.3080078363418579102 1.4875890016555786133 1.5092085599899291992 0.99912697076797485352
2.3334105014801025391 1.9089008569717407227 2.484577178955078125 0.94603270292282104492 0.27372479438781738281 0.5566113591194152832 1.2244737148284912109 0.89602386951446533203 1.6826552152633666992 0.29336386919021606445 1.0186802148818969727 0.28814014792442321777 0.67648398876190185547 0.91779083013534545898 0.89602553844451904297 2.0093579292297363281 2.2807943820953369141 2.6911220550537109375 1.6461635828018188477 2.5451021194458007812 2.7621479034423828125 2.3022034168243408203 1.6276167631149291992 1.5275398492813110352 1.3506600856781005859 1.5987637042999267578 1.4013994932174682617 1.4763151407241821289 1.1392488479614257812 0.94924551248550415039 1.1733944416046142578 1.3423831462860107422 1.200680851936340332 1.1472132205963134766 1.0883462429046630859 0.90109312534332275391 0.80307585000991821289 0.68095916509628295898 0.66895759105682373047 0.66895759105682373047
