wildfire/work/fuelmodels/1979/slope.asc
ncols        394
nrows        265
xllcorner    179940.000000000000
yllcorner    475010.000000000000
cellsize     5.000000000000
NODATA_value   -999
[rows 90 to 107 of 265, columns 240 to 279 of 394]
0.44660669565200805664 0.2249978184700012207 0.69493377208709716797 0.60789513587951660156 0.80116927623748779297 0.89092767238616943359 0.67499506473541259766 0.31819793581962585449 0.27186042070388793945 0.51010400056838989258 0.49703437089920043945 0.37107759714126586914 1.2510473728179931641 1.881398320198059082 1.6000152826309204102 1.6970175504684448242 0.98842334747314453125 0.896026611328125 1.2951812744140625 1.3397442102432250977 0.99658089876174926758 0.89148956537246704102 1.0989918708801269531 1.4321266412734985352 0.71504062414169311523 0.7007535099983215332 0.45890143513679504395 0.58063721656799316406 0.65287828445434570312 0.73460429906845092773 0.37108069658279418945 1.3666619062423706055 0.57626843452453613281 0.13499870896339416504 0.94443428516387939453 0.73185002803802490234 0.62999987602233886719 0.90447348356246948242 1.5420614480972290039 2.0401027202606201172
1.011204838752746582 0.94924080371856689453 0.84903347492218017578 0.4857062995433807373 0.40248918533325195312 0.52188009023666381836 0.64429038763046264648 1.1026824712753295898 1.1533815860748291016 0.63399755954742431641 0.031820531934499740601 0.22499179840087890625 1.7089022397994995117 1.2095016241073608398 0.60036814212799072266 1.2094970941543579102 0.37107759714126586914 0.18553541600704193115 0.19355046749114990234 0.22499608993530273438 0.88465315103530883789 0.74213731288909912109 0.75095719099044799805 1.4977681636810302734 1.0280913114547729492 0.54187726974487304688 0.58064323663711547852 0.86438482999801635742 1.2826098203659057617 1.1494166851043701172 1.1423563957214355469 1.5978002548217773438 0.23164479434490203857 0.13499870896339416504 1.0808967351913452148 0.81497347354888916016 0.45559132099151611328 0.45223474502563476562 0.45891153812408447266 1.2425247430801391602
1.3427622318267822266 1.0359342098236083984 0.76497989892959594727 0.71786957979202270508 0.9227415919303894043 1.5075269937515258789 1.9221118688583374023 1.5275435447692871094 1.1879682540893554688 1.0186861753463745117 0.94923228025436401367 1.2027766704559326172 2.1971995830535888672 2.1805639266967773438 1.9755868911743164062 1.8137552738189697266 1.1568738222122192383 0.92492514848709106445 0.51405167579650878906 0.30017647147178649902 0.99608057737350463867 0.31819549202919006348 0.60790312290191650391 0.89997339248657226562 0.9879029393196105957 0.50311386585235595703 0.51306629180908203125 0.43278935551643371582 1.104508519172668457 0.64035147428512573242 1.2550843954086303711 1.5403968095779418945 0.47834482789039611816 0.8112265467643737793 0.89603936672210693359 0.7649905085563659668 0.51797378063201904297 0.37107962369918823242 0.61206823587417602539 1.22942352294921875
1.1067962646484375 0.99607789516448974609 0.81309676170349121094 0.82607257366180419922 0.71150583028793334961 0.86556804180145263672 0.85674899816513061523 0.88006067276000976562 1.237628936767578125 0.78587567806243896484 0.60790401697158813477 0.55660825967788696289 1.3397325277328491211 1.2893015146255493164 1.2667300701141357422 1.3999602794647216797 1.2425289154052734375 0.68022638559341430664 0.69784873723983764648 0.88407135009765625 0.81558275222778320312 0.26239073276519775391 0.65596634149551391602 0.81310194730758666992 0.99097055196762084961 0.2012503892183303833 0.28637170791625976562 0.43278935551643371582 1.1581901311874389648 0.79801583290100097656 1.1994057893753051758 1.4680632352828979492 0.84245085716247558594 0.67124247550964355469 0.46332156658172607422 0.42689779400825500488 0.60035657882690429688 0.51307910680770874023 0.30185577273368835449 1.2951920032501220703
1.0822892189025878906 0.82545113563537597656 0.61205178499221801758 0.67122977972030639648 0.55661660432815551758 0.80118203163146972656 0.68688714504241943359 0.98791468143463134766 1.5390813350677490234 0.66895967721939086914 1.0127003192901611328 0.36279940605163574219 0.90109765529632568359 1.4426850080490112305 0.98842245340347290039 0.60540539026260375977 1.0892815589904785156 0.96300923824310302734 1.1113663911819458008 1.4708248376846313477 0.36279463768005371094 1.0672121047973632812 1.1067925691604614258 1.3685148954391479492 1.3498909473419189453 0.40499797463417053223 0.59187424182891845703 0.52477848529815673828 0.95349192619323730469 0.63717687129974365234 1.1977131366729736328 1.7207083702087402344 0.86147594451904296875 0.47835654020309448242 0.70648950338363647461 0.93957716226577758789 0.76893711090087890625 0.63638788461685180664 0.51798272132873535156 1.5092121362686157227
0.9801959991455078125 1.0883548259735107422 1.1298786401748657227 1.1956121921539306641 1.2157697677612304688 1.3118765354156494141 1.3945255279541015625 1.6097919940948486328 1.6556555032730102539 0.64034879207611083984 1.1738127470016479492 0.38709813356399536133 0.79801726341247558594 1.0948429107666015625 1.0364174842834472656 0.54928880929946899414 0.67423522472381591797 0.74892538785934448242 1.1960276365280151367 1.8738629817962646484 0.30018481612205505371 1.0576882362365722656 1.3498996496200561523 2.2984595298767089844 1.6547387838363647461 0.44318601489067077637 0.13499870896339416504 0.44547775387763977051 0.94923752546310424805 0.68687844276428222656 1.4430375099182128906 1.8109890222549438477 0.66898417472839355469 0.51405847072601318359 0.88005483150482177734 0.68021219968795776367 0.63159143924713134766 0.84544855356216430664 0.93581575155258178711 1.4356507062911987305
1.2195039987564086914 1.086030125617980957 1.1568905115127563477 1.2619299888610839844 1.1472215652465820312 1.1529430150985717773 1.5654947757720947266 1.6696668863296508789 1.4601190090179443359 0.86907058954238891602 1.3956105709075927734 0.45224240422248840332 0.67123037576675415039 0.78587007522583007812 0.7954756617546081543 0.46329984068870544434 0.66440272331237792969 0.75095230340957641602 1.1494131088256835938 1.9430539608001708984 0.7007471919059753418 0.90108913183212280273 1.6378327608108520508 1.4089562892913818359 0.51306629180908203125 0.82544571161270141602 0.4327933192253112793 0.54185909032821655273 1.2240539789199829102 1.1298786401748657227 1.7227697372436523438 1.5667929649353027344 0.56652021408081054688 0.80496227741241455078 0.99098849296569824219 0.61782735586166381836 0.56920456886291503906 0.6978562474250793457 0.60037970542907714844 1.0766581296920776367
1.2294175624847412109 0.91170388460159301758 0.95455837249755859375 0.99860703945159912109 1.0538439750671386719 1.3049041032791137695 1.5367833375930786133 1.3056837320327758789 1.1772638559341430664 1.0733673572540283203 1.6608536243438720703 0.65596842765808105469 0.64350056648254394531 0.74893134832382202148 0.69494545459747314453 0.32449254393577575684 0.60036426782608032227 0.83277332782745361328 1.0576848983764648438 1.8048158884048461914 1.2376290559768676758 0.96771550178527832031 0.74281597137451171875 0.095461569726467132568 0.26238486170768737793 0.92492848634719848633 0.42690864205360412598 1.1681936979293823242 0.79801535606384277344 0.76959013938903808594 1.4204119443893432617 1.4289381504058837891 0.92492580413818359375 1.0271037817001342773 1.0186842679977416992 0.61123073101043701172 0.54093647003173828125 0.63639032840728759766 0.71998393535614013672 1.0672110319137573242
1.240889430046081543 1.006186366081237793 0.84723675251007080078 0.76497817039489746094 0.90445816516876220703 1.2619231939315795898 1.0504815578460693359 0.75095230340957641602 0.88750672340393066406 1.0201760530471801758 1.6608536243438720703 0.84724521636962890625 0.59187424182891845703 0.53339725732803344727 0.62757527828216552734 0.16224144399166107178 0.38316363096237182617 0.84003627300262451172 1.1943403482437133789 1.7498748302459716797 1.5885939598083496094 1.1533685922622680664 0.24852101504802703857 0.31500163674354553223 0.61206251382827758789 0.99455505609512329102 0.92766010761260986328 1.1067925691604614258 0.45558622479438781738 0.65596872568130493164 1.3184223175048828125 1.7103906869888305664 0.96981596946716308594 0.98688662052154541016 1.1668939590454101562 1.1383689641952514648 1.1994193792343139648 1.0576846599578857422 0.99403059482574462891 1.4349503517150878906
0.869068145751953125 0.72558706998825073242 0.7400938868522644043 0.82606673240661621094 0.74486702680587768555 0.61452788114547729492 0.44319167733192443848 0.33220472931861877441 0.53338789939880371094 0.72698450088500976562 1.3378430604934692383 0.59783923625946044922 0.55662178993225097656 0.61782014369964599609 0.61205279827117919922 0.13119933009147644043 0.24852488934993743896 0.89996057748794555664 1.4218411445617675781 1.8899979591369628906 1.5619300603866577148 0.85496383905410766602 0.14230293035507202148 0.54373365640640258789 0.78714847564697265625 0.95719969272613525391 0.79737764596939086914 1.050011754035949707 0.79038071632385253906 0.76960599422454833984 1.2955662012100219727 2.1932821273803710938 1.0127000808715820312 1.0695880651473999023 1.2554899454116821289 1.0818296670913696289 1.0989965200424194336 0.82973778247833251953 0.83522319793701171875 1.5911545753479003906
0.47729137539863586426 0.40749034285545349121 0.52958476543426513672 0.77484804391860961914 0.72628498077392578125 0.54744100570678710938 0.51798307895660400391 0.46980425715446472168 0.57362687587738037109 0.73460614681243896484 1.2006707191467285156 0.31819188594818115234 0.31819671392440795898 0.41851878166198730469 0.35575059056282043457 0.22499266266822814941 0.35001802444458007812 0.90052264928817749023 1.3056837320327758789 1.9727784395217895508 1.5403978824615478516 0.53338390588760375977 0.31977233290672302246 1.0246269702911376953 0.83701944351196289062 0.76629722118377685547 0.64036238193511962891 1.2128566503524780273 0.8777764439582824707 1.0519503355026245117 1.597798466682434082 2.3774344921112060547 0.74554717540740966797 0.88752281665802001953 0.7961108088493347168 0.48152142763137817383 0.52476525306701660156 0.59186214208602905273 0.8684794306755065918 1.4913239479064941406
0.35999342799186706543 0.26239222288131713867 0.33824676275253295898 0.46330404281616210938 0.55570912361145019531 0.52188116312026977539 0.54928880929946899414 0.44204786419868469238 0.41851785778999328613 0.85970020294189453125 1.2182519435882568359 0.10061956197023391724 0.1590976417064666748 0.16224621236324310303 0.34270808100700378418 0.36280423402786254883 0.50310814380645751953 0.7563228607177734375 0.96772927045822143555 1.8584121465682983398 1.6501499414443969727 0.46329820156097412109 0.51798236370086669922 1.3241469860076904297 0.69856494665145874023 0.41364583373069763184 0.81807208061218261719 1.3423860073089599609 0.854976654052734375 1.2806490659713745117 2.0689072608947753906 2.1153302192687988281 0.97397464513778686523 1.2408881187438964844 1.2522580623626708984 1.2778708934783935547 0.96929687261581420898 1.0112156867980957031 1.2277725934982299805 1.4953850507736206055
0.38183805346488952637 0.55570733547210693359 0.31500592827796936035 0.31978562474250793457 0.25653785467147827148 0.16225333511829376221 0.51798200607299804688 0.7663027644157409668 0.89658778905868530273 0.84903347492218017578 0.99404311180114746094 0.26999679207801818848 0.22499608993530273438 0.45558494329452514648 0.73804318904876708984 0.60037136077880859375 0.48570430278778076172 0.61781424283981323242 0.42691403627395629883 1.8665587902069091797 1.9394009113311767578 0.67424094676971435547 0.81805580854415893555 1.2277600765228271484 0.47302922606468200684 0.095467634499073028564 1.0576931238174438477 1.2157640457153320312 0.84724175930023193359 0.99097907543182373047 1.5796440839767456055 1.7748349905014038086 1.1383581161499023438 1.2115768194198608398 1.2702974081039428711 1.4538471698760986328 1.1136242151260375977 0.99454385042190551758 1.2281819581985473633 1.9352192878723144531
0.54093432426452636719 0.51307308673858642578 0.17135298252105712891 0.25455752015113830566 0.14230020344257354736 0.063641056418418884277 0.68096393346786499023 0.92493772506713867188 0.30018481612205505371 0.21345278620719909668 0.75632846355438232422 0.49703902006149291992 0.49499776959419250488 0.67123037576675415039 0.73252928256988525391 0.49703046679496765137 0.50310814380645751953 0.5446618199348449707 0.23165228962898254395 1.9430491924285888672 2.5233488082885742188 1.050011754035949707 0.85969936847686767578 1.0874091386795043945 0.44661834836006164551 0.44661924242973327637 1.5716271400451660156 1.2413119077682495117 0.92492496967315673828 0.85614281892776489258 1.4542075395584106445 1.9534384012222290039 1.0112156867980957031 0.97606241703033447266 0.98019456863403320312 0.94012087583541870117 1.1668959856033325195 1.2178304195404052734 1.307994842529296875 1.6110551357269287109
0.12728205323219299316 0.31338107585906982422 0.18553331494331359863 0.26239073276519775391 0.31819066405296325684 0.3426990807056427002 0.60456889867782592773 1.1494287252426147461 0.87775933742523193359 0.47303044795989990234 0.70074331760406494141 0.045001022517681121826 0.12728205323219299316 0.34418159723281860352 0.66210860013961791992 0.34417656064033508301 0.34417822957038879395 0.31978502869606018066 0.57363665103912353516 2.2750189304351806641 2.5337514877319335938 0.88752442598342895508 0.70001941919326782227 1.1498420238494873047 0.78586560487747192383 0.94603800773620605469 1.7708578109741210938 1.2790580987930297852 1.0112106800079345703 0.85379266738891601562 1.2778708934783935547 2.1775562763214111328 0.99861115217208862305 0.84004825353622436523 0.83703327178955078125 0.82116049528121948242 0.97138035297393798828 1.0112046003341674805 1.1776922941207885742 1.188832402229309082
0.1590976417064666748 0.20124079287052154541 0.38316363096237182617 0.17135636508464813232 0.41851878166198730469 0.50310426950454711914 0.48150941729545593262 0.51307982206344604492 0.31339463591575622559 0.45223385095596313477 0.79036819934844970703 0.063641056418418884277 0.17135861515998840332 0.36280050873756408691 0.96981078386306762695 0.35575765371322631836 0.48571145534515380859 0.58413088321685791016 0.6395619511604309082 2.2155387401580810547 2.2533483505249023438 0.99455666542053222656 0.82973027229309082031 1.2115827798843383789 0.81124091148376464844 0.88007587194442749023 1.6400023698806762695 1.3603392839431762695 0.96614158153533935547 1.1298754215240478516 1.7570923566818237305 2.500003814697265625 1.0691142082214355469 0.87775933742523193359 0.93634611368179321289 0.76629620790481567383 0.80306065082550048828 0.84002614021301269531 1.0181893110275268555 1.244582056999206543
0.54092365503311157227 0.41852661967277526855 0.15909643471240997314 0.72559237480163574219 0.55570876598358154297 0.45000052452087402344 0.60456281900405883789 0.74892538785934448242 0.54186904430389404297 0.41487255692481994629 0.52477848529815673828 0.54093432426452636719 0.38710510730743408203 0.51405733823776245117 1.07666015625 0.42452982068061828613 0.45000657439231872559 0.57363933324813842773 0.94228690862655639648 2.3688933849334716797 2.1487753391265869141 0.45559087395668029785 0.68096029758453369141 1.2885184288024902344 0.73185002803802490234 0.82791030406951904297 1.5603075027465820312 1.3287295103073120117 0.45558369159698486328 0.52477699518203735352 2.1191525459289550781 2.4546782970428466797 1.2841961383819580078 1.1081819534301757812 1.207408905029296875 0.89660125970840454102 0.70075571537017822266 1.0766659975051879883 0.98689091205596923828 0.8863818049430847168
0.65287858247756958008 0.78716909885406494141 0.72559553384780883789 0.74282896518707275391 0.38183197379112243652 0.46329486370086669922 0.59443306922912597656 1.0695796012878417969 0.57362788915634155273 0.80997526645660400391 1.0112051963806152344 0.69494211673736572266 0.61781424283981323242 0.73252928256988525391 0.98688310384750366211 0.70650476217269897461 0.59443306922912597656 1.0226472616195678711 1.5225487947463989258 2.2533392906188964844 1.6251214742660522461 0.22499608993530273438 0.99404770135879516602 1.7124645709991455078 0.9868920445442199707 1.2195031642913818359 1.6063338518142700195 1.4175549745559692383 0.85616004467010498047 0.91833907365798950195 2.1939806938171386719 1.9067913293838500977 0.82972753047943115234 0.86556845903396606445 0.67424291372299194336 0.66896796226501464844 0.41852477192878723145 1.0836910009384155273 0.7663123011589050293 0.64350658655166625977
