wildfire/work/fuelmodels/1979/slope.asc
ncols        394
nrows        265
xllcorner    179940.000000000000
yllcorner    475010.000000000000
cellsize     5.000000000000
NODATA_value   -999
[rows 72 to 89 of 265, columns 0 to 39 of 394]
0 0.50312155485153198242 1.3294990062713623047 0.40247958898544311523 1.7315568923950195312 2.7763915061950683594 2.4503471851348876953 1.3592399358749389648 4.574680328369140625 1.3080008029937744141 1.0883457660675048828 1.2044689655303955078 1.2128385305404663086 2.8841106891632080078 2.870578765869140625 1.7309669256210327148 1.5908222198486328125 1.5092052221298217773 1.1533740758895874023 2.3549933433532714844 0.25456359982490539551 1.705350041389465332 1.4639269113540649414 1.8643811941146850586 1.5275399684906005859 0.95509153604507446289 1.4597628116607666016 0.85615593194961547852 0.87545162439346313477 1.0046763420104980469 0.51798200607299804688 0.37107238173484802246 0.61205279827117919922 0.63159143924713134766 0.74282795190811157227 0.47303414344787597656 0.38315910100936889648 0.17135636508464813232 1.1836972236633300781 0.65520507097244262695
0 1.4656616449356079102 0.98689162731170654297 0.85674744844436645508 3.1882734298706054688 2.0539302825927734375 1.7913029193878173828 1.6310315132141113281 2.9533820152282714844 2.0022902488708496094 1.8987969160079956055 1.1298736333847045898 1.4129047393798828125 3.1516063213348388672 0.9249331355094909668 0.47302922606468200684 0.94013196229934692383 1.2869483232498168945 0.22273114323616027832 2.1654284000396728516 2.6843557357788085938 2.8705754280090332031 1.5446630716323852539 3.0548470020294189453 1.6799384355545043945 0.75432628393173217773 1.9755868911743164062 1.679936528205871582 0.79737764596939086914 0.32449966669082641602 0.58064424991607666016 0.90052586793899536133 0.93959033489227294922 0.27187606692314147949 0.27373325824737548828 0.48466327786445617676 0.31819549202919006348 0.41851878166198730469 1.5357935428619384766 1.0504878759384155273
0 1.1208834648132324219 0.84724014997482299805 2.193515777587890625 3.3714725971221923828 0.50911098718643188477 1.0504815578460693359 1.2157567739486694336 0.91114574670791625977 0.17999099195003509521 0.61206001043319702148 1.1454529762268066406 2.176845550537109375 2.5780689716339111328 1.8982712030410766602 1.6907478570938110352 0.69785124063491821289 1.4831603765487670898 1.7103873491287231445 2.3672003746032714844 1.9375717639923095703 1.1811369657516479492 2.4792730808258056641 1.8212690353393554688 2.0065906047821044922 0.88408792018890380859 2.8312070369720458984 1.8795150518417358398 0.22500468790531158447 1.3080118894577026367 0.7702662348747253418 1.2277756929397583008 0.95508611202239990234 0.54372942447662353516 0.21345278620719909668 0.045001022517681121826 0.41365185379981994629 0.78586739301681518555 1.5806100368499755859 1.161252140998840332
0 0.55570113658905029297 1.4207679033279418945 2.1775450706481933594 2.8138301372528076172 1.5178935527801513672 0.40499797463417053223 1.2244712114334106445 0.38447859883308410645 0.78264296054840087891 0.72698771953582763672 1.3245522975921630859 3.1591346263885498047 1.8279271125793457031 0.98277646303176879883 1.6050751209259033203 1.7570825815200805664 2.2542512416839599609 2.2495331764221191406 0.4269059300422668457 2.1939790248870849609 1.9383599758148193359 1.0359259843826293945 0.91778749227523803711 0.29336518049240112305 1.5367807149887084961 3.4257388114929199219 1.1392474174499511719 1.5825362205505371094 0.66211706399917602539 1.6862503290176391602 1.3813987970352172852 0.32760038971900939941 0.92766964435577392578 1.1026824712753295898 1.1045130491256713867 1.0799514055252075195 1.1789861917495727539 1.7089076042175292969 1.4377700090408325195
0 1.0519318580627441406 0.74486911296844482422 1.4597686529159545898 2.6737813949584960938 2.1028599739074707031 2.0045709609985351562 2.0166499614715576172 1.4129146337509155273 0.38316109776496887207 1.973540186882019043 1.253477931022644043 3.7256789207458496094 1.7639783620834350586 0.81309884786605834961 1.8452893495559692383 2.6576535701751708984 1.7498662471771240234 0.50310814380645751953 2.4661879539489746094 2.0363667011260986328 0.38183805346488952637 1.8157128095626831055 0.89828568696975708008 1.6593358516693115234 1.622946619987487793 2.6395199298858642578 1.6669362783432006836 1.1582018136978149414 0.95350551605224609375 2.2045578956604003906 0.76894015073776245117 0.85969549417495727539 0.90501958131790161133 0.74282896518707275391 0.38710412383079528809 1.9727737903594970703 0.91114574670791625977 1.1708000898361206055 1.4708240032196044922
0 0.62757837772369384766 0.85674339532852172852 0.67423319816589355469 2.4755966663360595703 1.2392638921737670898 2.8624672889709472656 2.4955434799194335938 0.99455583095550537109 1.7708537578582763672 0.25456359982490539551 3.6076190471649169922 2.4896535873413085938 1.0733660459518432617 1.4207696914672851562 1.2510466575622558594 0.78586786985397338867 2.0065813064575195312 2.0630295276641845703 1.0181955099105834961 0.73183798789978027344 0.25653260946273803711 1.7913134098052978516 2.7485685348510742188 1.7121566534042358398 0.95720136165618896484 1.6937383413314819336 3.5835871696472167969 3.7868540287017822266 4.1336674690246582031 1.0364269018173217773 0.89148348569869995117 0.99454903602600097656 1.4831638336181640625 0.95455837249755859375 1.315341949462890625 1.5278662443161010742 1.1045080423355102539 0.84064829349517822266 1.0112106800079345703
0 0.97137916088104248047 1.3427484035491943359 1.8627486228942871094 1.7309669256210327148 0.77025765180587768555 2.0371177196502685547 3.2162086963653564453 1.0822892189025878906 1.3872448205947875977 2.1191508769989013672 3.0488870143890380859 0.38840824365615844727 0.88465201854705810547 1.1131854057312011719 1.5667805671691894531 3.3996734619140625 3.5307543277740478516 0.94496971368789672852 0.51307463645935058594 0.46329653263092041016 0.41488605737686157227 2.1824262142181396484 3.16695404052734375 1.0280834436416625977 1.9888620376586914062 0.64898377656936645508 4.7530322074890136719 2.5058646202087402344 2.8037455081939697266 0.63159209489822387695 1.3153368234634399414 1.2195031642913818359 1.4913305044174194336 0.89149546623229980469 0.40249300003051757812 0.92493021488189697266 1.6223187446594238281 0.98637270927429199219 0.36279034614562988281
0 2.4717121124267578125 2.7262156009674072266 1.8684508800506591797 0.29336121678352355957 0.72628790140151977539 1.2731097936630249023 1.7547791004180908203 1.5288521051406860352 0.22500468790531158447 2.6456463336944580078 1.2240549325942993164 0.45558577775955200195 0.76630324125289916992 1.258710026741027832 1.953440546989440918 1.6260628700256347656 0.74282377958297729492 0.82728904485702514648 0.49499776959419250488 0.55569869279861450195 0.53339725732803344727 2.4602324962615966797 2.9692623615264892578 1.7207162380218505859 2.4398062229156494141 2.4279592037200927734 2.8587486743927001953 2.1865885257720947266 0.9879118800163269043 0.91114658117294311523 0.74486333131790161133 1.9430577754974365234 2.0922532081604003906 0.62515836954116821289 0.45890143513679504395 0.47302839159965515137 1.6461640596389770508 0.67648452520370483398 0.52188009023666381836
0 0.53999298810958862305 0.39869976043701171875 0.72629314661026000977 1.4444413185119628906 0.94924485683441162109 0.92493772506713867188 0.78587567806243896484 1.9931826591491699219 1.966605067253112793 2.5641114711761474609 0.69857627153396606445 0.51307684183120727539 0.97605270147323608398 0.41487768292427062988 1.6501573324203491211 2.0912730693817138672 2.1619188785552978516 1.1131770610809326172 0.13500298559665679932 1.4967439174652099609 1.5667859315872192383 2.1126925945281982422 2.5678560733795166016 2.1009399890899658203 0.74215090274810791016 1.3861632347106933594 1.2920453548431396484 1.5716284513473510742 2.4528288841247558594 2.4717254638671875 2.2863402366638183594 2.3950290679931640625 2.1331877708435058594 1.8455628156661987305 1.8359425067901611328 1.6501584053039550781 1.2095018625259399414 0.45890480279922485352 1.0226538181304931641
0 1.5155625343322753906 1.5908284187316894531 1.3291118144989013672 1.8315308094024658203 1.1172593832015991211 0.44548383355140686035 1.2425276041030883789 1.606334686279296875 2.2155478000640869141 2.7929174900054931641 1.9472215175628662109 1.0799471139907836914 1.3536330461502075195 0.96300333738327026367 0.97345697879791259766 0.43279868364334106445 1.4089721441268920898 1.9417500495910644531 0.49805146455764770508 1.457339167594909668 0.78780210018157958984 0.94603598117828369141 2.5498669147491455078 2.4626953601837158203 1.7309634685516357422 2.5696265697479248047 2.0123798847198486328 1.721892237663269043 3.009853363037109375 1.6304128170013427734 1.9781430959701538086 1.5225521326065063477 1.4666860103607177734 1.4841736555099487305 1.1208750009536743164 1.2778632640838623047 1.1776920557022094727 0.97345697879791259766 0.86439090967178344727
0 0.76893758773803710938 2.09151458740234375 1.6421658992767333984 0.66211849451065063477 1.3948944807052612305 0.48150861263275146484 0.36279940605163574219 1.6648049354553222656 2.5169353485107421875 1.7671353816986083984 0.842456817626953125 1.0576956272125244141 1.7645457983016967773 1.7754143476486206055 0.73252928256988525391 1.3897930383682250977 1.2841789722442626953 2.2353222370147705078 0.38315558433532714844 1.0112051963806152344 2.1431260108947753906 1.6079115867614746094 3.6441142559051513672 4.1662607192993164062 1.980959773063659668 2.265659332275390625 3.649932861328125 3.7873945236206054688 2.5104973316192626953 1.0634126663208007812 0.68318629264831542969 0.25653937458992004395 0.57363259792327880859 0.70649713277816772461 0.65287417173385620117 1.371472477912902832 1.2277736663818359375 1.4711760282516479492 1.5959098339080810547
0 1.8179398775100708008 1.2731038331985473633 0.98689192533493041992 1.881404876708984375 1.831256866455078125 0.37243989109992980957 1.535470128059387207 2.6278076171875 2.9336423873901367188 1.4913309812545776367 0.89149588346481323242 0.86556845903396606445 1.3618391752243041992 2.0796291828155517578 1.6424666643142700195 1.6226389408111572266 2.2337346076965332031 1.7227689027786254883 0.68095916509628295898 0.97605848312377929688 1.2679246664047241211 0.2012503892183303833 3.7847249507904052734 5.1159839630126953125 3.4707117080688476562 2.4464151859283447266 2.9099359512329101562 3.4659166336059570312 3.4659123420715332031 2.3646297454833984375 1.6260628700256347656 1.2522689104080200195 0.95509827136993408203 0.54373717308044433594 1.5822178125381469727 1.85131072998046875 1.022647857666015625 0.44319167733192443848 0.60790914297103881836
0 1.7828139066696166992 0.74282205104827880859 0.31338664889335632324 1.0860180854797363281 1.2826098203659057617 2.5641112327575683594 2.9326066970825195312 2.1088550090789794922 1.3412482738494873047 0.76894563436508178711 0.89319747686386108398 0.9677250981330871582 1.1651653051376342773 1.8584035634994506836 2.6477398872375488281 1.7980694770812988281 1.3245443105697631836 0.8149630427360534668 0.114725455641746521 0.54185944795608520508 2.2098317146301269531 2.4196085929870605469 1.7053514719009399414 3.0177316665649414062 3.2467060089111328125 4.4899625778198242188 4.1157979965209960938 3.6299533843994140625 4.9020047187805175781 4.3798232078552246094 2.0642435550689697266 1.1330078840255737305 1.4405821561813354492 1.4218411445617675781 1.5285274982452392578 0.19092290103435516357 1.6510782241821289062 0.8149687647819519043 0.71150088310241699219
0 1.2790647745132446289 1.5716280937194824219 2.7408304214477539062 3.3360629081726074219 3.5790777206420898438 3.30914306640625 1.5825248956680297852 0.41851273179054260254 0.42452982068061828613 0.18553854525089263916 0.31977897882461547852 0.56294268369674682617 1.32874298095703125 2.1635611057281494141 2.8344159126281738281 1.8003205060958862305 0.28814014792442321777 0.74282205104827880859 0.6267681121826171875 1.6654191017150878906 2.0063421726226806641 0.90109765529632568359 2.2452487945556640625 5.312389373779296875 6.0691156387329101562 4.4222493171691894531 2.8571622371673583984 3.3433325290679931641 2.0876445770263671875 3.7343523502349853516 3.3433296680450439453 1.7645485401153564453 1.4514219760894775391 1.5603091716766357422 0.60790848731994628906 1.4691073894500732422 1.417557835578918457 0.21344736218452453613 0.79037213325500488281
0 0.68096762895584106445 0.66895705461502075195 1.6000152826309204102 1.3813979625701904297 1.9367897510528564453 1.3172562122344970703 0.94603186845779418945 1.7053494453430175781 1.2679246664047241211 0.25653636455535888672 0.72558492422103881836 1.0167019367218017578 1.9155237674713134766 2.0423171520233154297 2.0679185390472412109 2.2710170745849609375 0.896026611328125 0.53339147567749023438 1.2550896406173706055 2.8628213405609130859 2.2836816310882568359 1.6994035243988037109 4.4838876724243164062 6.5434017181396484375 4.5683903694152832031 2.1717319488525390625 1.5551146268844604492 2.7676358222961425781 2.4304454326629638672 1.5305163860321044922 3.6050984859466552734 2.2452576160430908203 0.68687987327575683594 0.86556619405746459961 1.8159979581832885742 1.3603560924530029297 0.42691132426261901855 1.424689173698425293 0.70074331760406494141
0 1.6648049354553222656 0.94496548175811767578 0.95455467700958251953 1.3172646760940551758 0.35575982928276062012 0.88466167449951171875 2.0033082962036132812 2.1530187129974365234 2.492095947265625 2.4602332115173339844 2.3118529319763183594 2.2341878414154052734 2.1990439891815185547 1.1370198726654052734 1.67208099365234375 2.9087152481079101562 2.6576609611511230469 2.2271583080291748047 1.8619345426559448242 2.6003377437591552734 1.8469315767288208008 2.8459846973419189453 5.7523264884948730469 5.5798254013061523438 3.7795228958129882812 3.7596876621246337891 3.0550110340118408203 3.0232472419738769531 3.0568342208862304688 0.60036301612854003906 2.7051796913146972656 2.5591747760772705078 0.71504062414169311523 1.4261023998260498047 1.3234001398086547852 1.1476674079895019531 1.9027993679046630859 0.84064233303070068359 1.217844843864440918
0 2.0642516613006591797 2.0346345901489257812 1.4913288354873657227 1.6910490989685058594 1.097156524658203125 0.81122916936874389648 1.1994057893753051758 1.0186922550201416016 2.4331583976745605469 4.1106481552124023438 4.1841654777526855469 2.8793704509735107422 0.8149592280387878418 0.28814014792442321777 2.7068545818328857422 3.8875441551208496094 3.0642771720886230469 2.8821780681610107422 2.3225526809692382812 1.1131801605224609375 2.2280750274658203125 2.6156544685363769531 4.280170440673828125 3.9251658916473388672 2.6032538414001464844 1.4331856966018676758 1.5654947757720947266 3.0259273052215576172 1.4331860542297363281 1.9059852361679077148 0.77680552005767822266 2.9194712638854980469 2.0442979335784912109 0.99403840303421020508 1.2094935178756713867 0.17135298252105712891 0.89148956537246704102 1.7639782428741455078 1.1136375665664672852
0 0.98225843906402587891 1.4377644062042236328 1.5564129352569580078 1.4721977710723876953 0.75632393360137939453 0.47728165984153747559 1.1772599220275878906 2.1600604057312011719 2.6948783397674560547 1.8665536642074584961 1.1581959724426269531 1.3861591815948486328 2.0063316822052001953 2.6479310989379882812 2.8424332141876220703 2.9609086513519287109 2.5050549507141113281 0.6689624786376953125 2.3861410617828369141 1.1405783891677856445 4.7345423698425292969 3.5980844497680664062 2.8369174003601074219 2.8714580535888671875 2.8707532882690429688 2.3046255111694335938 1.2762799263000488281 2.3179759979248046875 0.50910490751266479492 1.8452936410903930664 0.76497817039489746094 1.9091677665710449219 3.5620992183685302734 1.6050751209259033203 1.6424672603607177734 1.4957331418991088867 1.6012856960296630859 1.2735006809234619141 0.51797711849212646484
