wildfire/work/fuelmodels/1979/slope.asc
ncols        394
nrows        265
xllcorner    179940.000000000000
yllcorner    475010.000000000000
cellsize     5.000000000000
NODATA_value   -999
[rows 36 to 53 of 265, columns 0 to 39 of 394]
0 1.4489793777465820312 0.79737764596939086914 0.96981078386306762695 0.38709911704063415527 0.31977838277816772461 0.28814619779586791992 0.21345822513103485107 0.40249300003051757812 0.78264832496643066406 0.67649251222610473633 0.35146200656890869141 0.79036819934844970703 1.2445634603500366211 2.5155251026153564453 1.7379748821258544922 0.74555718898773193359 1.1249482631683349609 0.14230564236640930176 0.7589931488037109375 1.1841140985488891602 1.1154484748840332031 0.12728205323219299316 0.95721298456192016602 1.0246376991271972656 1.1841349601745605469 0.81308841705322265625 0.5437329411506652832 0.76959842443466186523 1.0804238319396972656 1.1244981288909912109 0.85674953460693359375 1.3872483968734741211 0.87371265888214111328 0.84545421600341796875 0.6489956974983215332 0.11472713202238082886 0.17135636508464813232 0.67647939920425415039 0.91003179550170898438
0 1.266732335090637207 1.1383608579635620117 1.6000193357467651367 0.67424094676971435547 0.48570749163627624512 0.42691132426261901855 0.56920182704925537109 0.86146426200866699219 1.0186861753463745117 1.0324995517730712891 0.85969173908233642578 0.70074218511581420898 0.30186727643013000488 1.7679888010025024414 2.3554136753082275391 0.54186445474624633789 0.39870220422744750977 0.68021446466445922852 0.35145539045333862305 0.97137916088104248047 0.41365841031074523926 0.54372727870941162109 0.75901174545288085938 0.6403433680534362793 1.5886056423187255859 0.74214249849319458008 0.045009609311819076538 0.30019319057464599609 1.1841334104537963867 1.5301882028579711914 1.4356493949890136719 1.3325394392013549805 1.2128450870513916016 0.095455490052700042725 1.0147145986557006836 0.44999453425407409668 0.47835692763328552246 0.77680552005767822266 1.1356846094131469727
0 1.2478119134902954102 1.2182519435882568359 2.3275427818298339844 2.1379148960113525391 1.8643765449523925781 1.5774055719375610352 1.7032696008682250977 1.4129110574722290039 0.95668041706085205078 1.0403193235397338867 1.6101095676422119141 1.5403978824615478516 1.4763200283050537109 0.96929526329040527344 1.7151088714599609375 1.8381541967391967773 2.0647439956665039062 1.6461635828018188477 0.99861812591552734375 1.23558807373046875 0.47304189205169677734 0.70650398731231689453 0.87370932102203369141 1.3427504301071166992 1.404652714729309082 0.37244403362274169922 0.20124846696853637695 0.52187639474868774414 1.3970736265182495117 1.2290097475051879883 0.8112239837646484375 0.3244984745979309082 1.2290154695510864258 0.90053933858871459961 1.539091944694519043 1.011202692985534668 0.95508611202239990234 0.14230020344257354736 0.45223385095596313477
0 2.0361242294311523438 1.7648407220840454102 2.1831133365631103516 2.0647356510162353516 2.2407400608062744141 2.3748760223388671875 2.0425729751586914062 1.7309789657592773438 1.2376332283020019531 1.050487518310546875 0.61123454570770263672 0.91170680522918701172 1.2522606849670410156 1.4064475297927856445 1.6593316793441772461 2.8740999698638916016 1.6571893692016601562 1.9809545278549194336 1.8902537822723388672 1.5603075027465820312 1.0691082477569580078 1.0804209709167480469 0.82115060091018676758 1.054335474967956543 1.272706151008605957 0.79035896062850952148 0.60372197628021240234 0.63399177789688110352 1.2355915307998657227 1.1807020902633666992 0.89148956537246704102 0.73460036516189575195 0.41365608572959899902 0.32760569453239440918 0.8112239837646484375 0.70649904012680053711 0.83520215749740600586 0.58064919710159301758 0.86848568916320800781
0 2.2768027782440185547 1.6510808467864990234 1.7207182645797729492 1.6937494277954101562 1.6910552978515625 1.8532317876815795898 1.6910552978515625 1.6608604192733764648 1.8532282114028930664 1.3056837320327758789 0.54466110467910766602 0.92657428979873657227 1.3234006166458129883 1.7309768199920654297 1.8641153573989868164 1.7645485401153564453 1.6766219139099121094 0.28814619779586791992 0.89997339248657226562 0.95508325099945068359 0.79800689220428466797 0.92493021488189697266 0.77680552005767822266 0.79802238941192626953 1.0280845165252685547 0.56653249263763427734 0.76431882381439208984 0.20124463737010955811 0.76895117759704589844 1.0957763195037841797 0.6395613551139831543 0.61205369234085083008 0.41852477192878723145 0.26238778233528137207 0.50910490751266479492 1.1383527517318725586 0.21345278620719909668 1.1476589441299438477 1.8315324783325195312
0 1.4331800937652587891 1.22942352294921875 1.4538686275482177734 1.4229080677032470703 0.65287858247756958008 0.69784760475158691406 1.3528914451599121094 1.7785429954528808594 1.8090080022811889648 1.7510218620300292969 1.7501517534255981445 1.7133427858352661133 1.2445573806762695312 0.86146336793899536133 0.67423319816589355469 0.61204582452774047852 1.3060761690139770508 1.0971608161926269531 0.51306706666946411133 0.37107759714126586914 0.38447859883308410645 0.87544596195220947266 0.80997526645660400391 0.41487255692481994629 0.85969549417495727539 0.63955533504486083984 1.1673372983932495117 1.2826141119003295898 1.4896304607391357422 1.1356881856918334961 0.57627379894256591797 0.38315606117248535156 0.15909643471240997314 0.16225810348987579346 0.738037109375 1.3045182228088378906 0.71787691116333007812 0.86146378517150878906 1.2762802839279174805
0 0.74214559793472290039 1.4014054536819458008 0.74282091856002807617 1.2502329349517822266 0.72627663612365722656 0.92766010761260986328 1.1673353910446166992 1.1943358182907104492 1.1879606246948242188 0.92493104934692382812 0.81122112274169921875 1.1113605499267578125 0.99658262729644775391 0.78715735673904418945 0.69493794441223144531 0.72698134183883666992 0.56384056806564331055 1.2550917863845825195 1.2157608270645141602 0.77679705619812011719 0.65596956014633178711 0.37107548117637634277 0.45558494329452514648 0.42808562517166137695 1.0619891881942749023 1.279052734375 1.3080118894577026367 1.9477390050888061523 1.7754229307174682617 0.85675060749053955078 0.43279692530632019043 0.64350152015686035156 0.76960068941116333008 0.83520609140396118164 1.3397325277328491211 1.718352198600769043 1.8381487131118774414 1.7385542392730712891 1.6063295602798461914
0 0.89658778905868530273 2.2434515953063964844 0.32449254393577575684 1.1140919923782348633 1.0948429107666015625 0.84064763784408569336 0.57363903522491455078 0.38315606117248535156 1.042270660400390625 1.0181893110275268555 0.70650619268417358398 0.51307910680770874023 0.54373508691787719727 0.7643191218376159668 0.93581700325012207031 1.0403248071670532227 1.0127130746841430664 0.92493623495101928711 2.0953891277313232422 1.4711703062057495117 1.7845178842544555664 0.81558489799499511719 0.61781984567642211914 0.71998822689056396484 0.67423892021179199219 0.94442915916442871094 0.92493772506713867188 1.1140919923782348633 1.0107073783874511719 1.323393702507019043 0.34418159723281860352 0.57363158464431762695 0.28814083337783813477 1.2510534524917602539 2.0106203556060791016 1.8867812156677246094 1.7570862770080566406 1.7245274782180786133 1.8800581693649291992
0 1.3427562713623046875 1.9801907539367675781 1.829039454460144043 0.89829051494598388672 0.95510202646255493164 0.64899212121963500977 0.13119344413280487061 0.56383645534515380859 0.332210540771484375 0.78264564275741577148 1.2224032878875732422 0.93959313631057739258 0.76365625858306884766 1.1298747062683105469 0.77484232187271118164 0.86146336793899536133 1.1249428987503051758 1.4570037126541137695 2.0121257305145263672 1.4003193378448486328 1.560311436653137207 2.1201083660125732422 1.5885972976684570312 0.90557849407196044922 0.27372479438781738281 0.79036819934844970703 1.4510834217071533203 1.0325028896331787109 0.56293821334838867188 1.5696870088577270508 1.560311436653137207 0.52188116312026977539 1.07666015625 1.8867812156677246094 2.2907559871673583984 2.0844957828521728516 1.3784637451171875 0.67497879266738891602 1.0181893110275268555
0 3.1219525337219238281 2.4645426273345947266 1.8673664331436157227 0.31978562474250793457 0.22500468790531158447 0.59187424182891845703 0.41851878166198730469 0.14230020344257354736 0.27186611294746398926 0.5727558135986328125 0.65597224235534667969 0.99861574172973632812 1.2290097475051879883 1.3049080371856689453 0.71504390239715576172 0.85911011695861816406 1.1154540777206420898 1.1581960916519165039 1.3060708045959472656 1.0691131353378295898 0.15910249948501586914 0.72558647394180297852 1.2735065221786499023 1.3736827373504638672 1.2027815580368041992 1.6163910627365112305 1.6874543428421020508 0.79801535606384277344 0.78005731105804443359 1.0596102476119995117 2.03537750244140625 2.4497268199920654297 2.2155442237854003906 1.6937462091445922852 1.6101047992706298828 1.6310260295867919922 1.2425184249877929688 1.1776958703994750977 0.66820681095123291016
0 1.5125575065612792969 3.0430834293365478516 1.2731038331985473633 0.46330237388610839844 0.090002030134201049805 0.3244984745979309082 0.73252558708190917969 0.76893758773803710938 0.37243419885635375977 0.54744946956634521484 0.31978502869606018066 0.56652873754501342773 0.64898973703384399414 0.49805691838264465332 0.22944885492324829102 0.7269789576530456543 0.80307751893997192383 0.74554395675659179688 0.62757527828216552734 0.47729381918907165527 0.55660307407379150391 0.65519684553146362305 0.1006272435188293457 0.91834634542465209961 0.63638788461685180664 1.5325014591217041016 0.99454987049102783203 0.89997255802154541016 1.4014115333557128906 0.96772754192352294922 1.1330066919326782227 1.7324244976043701172 1.8974668979644775391 1.4093254804611206055 1.127631068229675293 1.8003119230270385742 0.70435160398483276367 0.68096280097961425781 0.52670949697494506836
0 3.4853944778442382812 1.5298609733581542969 3.0867886543273925781 0.51011008024215698242 0.14230293035507202148 0.11471872031688690186 0 0.34418159723281860352 0.24852101504802703857 0.51307982206344604492 0.68835318088531494141 0.48150941729545593262 0.36279836297035217285 0.11472713202238082886 0.50310045480728149414 0.74213421344757080078 0.59444051980972290039 0.89603137969970703125 0.78716462850570678711 0.44319951534271240234 0.32449966669082641602 0.59187424182891845703 0.89148974418640136719 0.75632846355438232422 0.35575982928276062012 1.2474007606506347656 0.35575544834136962891 1.2619266510009765625 1.1981443166732788086 0.5399844050407409668 0.51306706666946411133 0.95455592870712280273 1.5667860507965087891 1.6101047992706298828 1.4538607597351074219 1.930245518684387207 1.1136375665664672852 0.52669847011566162109 0.15910249948501586914
0 2.4559125900268554688 0.66895967721939086914 2.56470489501953125 1.9448639154434204102 0.85674744844436645508 0.82606410980224609375 0.45223769545555114746 0.38446754217147827148 0.71149116754531860352 0.81121993064880371094 1.4321204423904418945 1.0892815589904785156 0.19354547560214996338 0.24851712584495544434 0.46328902244567871094 0.75632262229919433594 0.62514662742614746094 0.74009907245635986328 0.89150041341781616211 0.65597224235534667969 0.56294232606887817383 0.73253542184829711914 1.1841206550598144531 0.35575655102729797363 1.0388587713241577148 0.87370955944061279297 0.4269059300422668457 1.3118709325790405273 1.1067943572998046875 0.3382473289966583252 0.92766839265823364258 1.244562983512878418 0.51405733823776245117 0.20374669134616851807 0.58499395847320556641 1.0388576984405517578 0.73459905385971069336 0.61205434799194335938 0.29336255788803100586
0 0.97605669498443603516 0.7643191218376159668 0.91614103317260742188 2.4154119491577148438 1.3740491867065429688 0.72557854652404785156 0.25455144047737121582 0.69493961334228515625 0.96300923824310302734 0.34418496489524841309 0.78714996576309204102 1.3685171604156494141 0.92275094985961914062 0.24851712584495544434 0.22499608993530273438 0.79800933599472045898 0.98019003868103027344 0.96772491931915283203 0.81496775150299072266 0.71504902839660644531 0.38447859883308410645 0.98637884855270385742 0.89602601528167724609 1.4514273405075073242 1.5599855184555053711 1.735930323600769043 1.1977258920669555664 0.76959842443466186523 0.92492514848709106445 0.8800633549690246582 0.74283242225646972656 0.63399755954742431641 1.4570057392120361328 1.5719466209411621094 1.3457676172256469727 1.0971466302871704102 1.2826071977615356445 0.71786957979202270508 0.16225333511829376221
0 1.3696293830871582031 1.1136400699615478516 2.1763892173767089844 2.084491729736328125 1.0591243505477905273 0.50310468673706054688 0.35145595669746398926 0.62757223844528198242 0.2249978184700012207 1.0226533412933349609 0.93581783771514892578 0.51011079549789428711 1.2607284784317016602 0.34418159723281860352 0.60790914297103881836 0.17135298252105712891 1.1472132205963134766 1.2473970651626586914 0.80998378992080688477 0.85675126314163208008 0.64428377151489257812 1.1330066919326782227 1.4739171266555786133 1.4721918106079101562 1.5936832427978515625 1.0533747673034667969 1.2587081193923950195 0.8840796351432800293 1.2413055896759033203 0.82790964841842651367 0.31338602304458618164 0.54372727870941162109 0.52478146553039550781 0.54187369346618652344 1.012713313102722168 0.32759743928909301758 0.51798200607299804688 1.1651618480682373047 0.22499866783618927002
0 4.1275529861450195312 2.6464059352874755859 1.9720017910003662109 0.44660627841949462891 0.42808970808982849121 0.16225333511829376221 0.3884067535400390625 0.24851325154304504395 0.52478146553039550781 0.84544855356216430664 0.40249106287956237793 0.4857062995433807373 1.1208834648132324219 0.67423522472381591797 0.90501463413238525391 0.84724521636962890625 1.1581884622573852539 1.0766566991806030273 1.1651653051376342773 1.2178381681442260742 0.72697651386260986328 0.97605848312377929688 1.2806327342987060547 1.1824103593826293945 1.2244766950607299805 1.0152097940444946289 0.95349740982055664062 1.4129110574722290039 1.5667889118194580078 0.90109765529632568359 0.65287828445434570312 1.1836972236633300781 1.7997668981552124023 1.7648460865020751953 1.2073992490768432617 0.75632619857788085938 1.2425222396850585938 1.2128385305404663086 0.60036623477935791016
0 1.0989998579025268555 0.64034610986709594727 1.0495287179946899414 0.61123454570770263672 0.6178233027458190918 1.0971555709838867188 0.84244489669799804688 0.10061381012201309204 0.55660617351531982422 0.54372942447662353516 0.41365841031074523926 0.33824276924133300781 0.69784015417098999023 0.8149687647819519043 0.25653862953186035156 0.7954756617546081543 0.73460012674331665039 1.270313262939453125 1.6050735712051391602 1.0804224014282226562 0.44661882519721984863 0.81806761026382446289 1.20949554443359375 1.235581517219543457 0.442050933837890625 1.1472193002700805664 1.0948380231857299805 1.3506468534469604492 1.3233865499496459961 1.0388479232788085938 1.1913605928421020508 1.8752073049545288086 1.3945248126983642578 0.44999969005584716797 0.70649713277816772461 0.94013750553131103516 1.1494226455688476562 0.54093039035797119141 0.22946062684059143066
0 1.5394142866134643555 1.3457676172256469727 1.1249490976333618164 1.0061932802200317383 1.3056837320327758789 1.9142031669616699219 2.7061171531677246094 1.6378384828567504883 0.81122773885726928711 0.73183798789978027344 0.68687844276428222656 0.93581122159957885742 0.99861323833465576172 0.51307833194732666016 0.7262961268424987793 0.61205714941024780273 0.51307386159896850586 1.1081601381301879883 1.4300043582916259766 0.92492979764938354492 0.78005260229110717773 0.78587245941162109375 1.2873322963714599609 0.49805146455764770508 1.2392593622207641602 0.74282795190811157227 2.4872188568115234375 1.5619283914566040039 0.031820531934499740601 0.15909400582313537598 0.76431858539581298828 0.96929526329040527344 1.1529392004013061523 0.38315910100936889648 1.1669042110443115234 0.51798909902572631836 0.68540287017822265625 0.28637170791625976562 0.36280050873756408691
