wildfire/work/fuelmodels/1843/aspect.asc
ncols        351
nrows        260
xllcorner    185735.000000000000
yllcorner    478100.000000000000
cellsize     5.000000000000
NODATA_value   -999
[rows 152 to 170 of 260, columns 210 to 251 of 351]
13.600126266479492188 22.306646347045898438 6.6669645309448242188 23.552015304565429688 82.26618194580078125 117.68796539306640625 243.88543701171875 268.090545654296875 59.93067169189453125 25.769100189208984375 320.825469970703125 10.222474098205566406 37.6943206787109375 13.392208099365234375 340.015594482421875 333.121734619140625 14.858800888061523438 24.443927764892578125 32.254669189453125 31.759578704833984375 313.450958251953125 306.956329345703125 329.03509521484375 322.351654052734375 288.996307373046875 297.7178955078125 348.310028076171875 351.86907958984375 342.049896240234375 331.8118896484375 323.378021240234375 317.25994873046875 63.741374969482421875 62.612567901611328125 43.6026763916015625 40.50276947021484375 309.173004150390625 312.817596435546875 353.658660888671875 21.801519393920898438 23.552417755126953125 309.36865234375
91.364013671875 122.59241485595703125 190.407257080078125 132.273773193359375 89.72559356689453125 90.43708038330078125 280.51556396484375 308.773345947265625 45.000499725341796875 7.5238943099975585938 337.51910400390625 356.18524169921875 34.79642486572265625 357.98956298828125 352.827056884765625 1.1457908153533935547 32.276500701904296875 26.565494537353515625 30.599691390991210938 26.980176925659179688 316.00457763671875 255.0684814453125 263.884613037109375 321.709259033203125 312.39678955078125 315.773345947265625 343.52215576171875 331.072967529296875 317.140228271484375 323.426055908203125 334.5911865234375 317.662322998046875 42.357147216796875 34.2486419677734375 41.986766815185546875 72.99684906005859375 272.6749267578125 282.88458251953125 337.618804931640625 37.64804840087890625 59.58896636962890625 308.658935546875
153.4346923828125 90.00018310546875 351.864715576171875 291.03729248046875 69.10210418701171875 30.068365097045898438 314.325347900390625 357.108154296875 37.56878662109375 334.383575439453125 3.5319743156433105469 34.046207427978515625 29.476070404052734375 310.76318359375 338.961456298828125 43.38661956787109375 45.00084686279296875 354.2889404296875 46.36307525634765625 65.28208160400390625 333.434906005859375 321.979949951171875 294.774078369140625 273.943939208984375 296.747314453125 325.25030517578125 5.0794835090637207031 320.476593017578125 304.0657958984375 292.166015625 304.113189697265625 320.193267822265625 42.336841583251953125 81.158050537109375 95.5720977783203125 60.32143402099609375 316.770660400390625 291.984344482421875 325.006927490234375 33.930133819580078125 51.34023284912109375 322.123992919921875
290.157318115234375 1.9413343667984008789 18.718389511108398438 17.102895736694335938 76.60750579833984375 359.9989013671875 310.470550537109375 15.124344825744628906 15.164232254028320312 335.708251953125 28.217113494873046875 56.112941741943359375 347.003997802734375 305.27178955078125 327.994110107421875 54.210796356201171875 41.121318817138671875 4.3983092308044433594 65.40924835205078125 51.63228607177734375 325.048797607421875 344.834686279296875 349.69427490234375 319.350311279296875 301.836029052734375 314.15655517578125 44.999897003173828125 289.7979736328125 287.649444580078125 318.99102783203125 315.784271240234375 337.832550048828125 47.910610198974609375 78.17835235595703125 66.37054443359375 352.953338623046875 329.57354736328125 309.052490234375 333.0335693359375 11.976123809814453125 32.619140625 347.734222412109375
308.018280029296875 335.4090576171875 32.660877227783203125 50.9312591552734375 81.59078216552734375 233.7449188232421875 253.609527587890625 306.633514404296875 2.862194061279296875 345.34222412109375 38.54093170166015625 41.42363739013671875 349.9185791015625 313.61859130859375 335.805877685546875 48.093715667724609375 38.9454498291015625 20.658687591552734375 50.440326690673828125 358.0240478515625 320.091400146484375 351.29205322265625 350.310272216796875 325.538360595703125 294.743011474609375 298.177764892578125 40.91443634033203125 311.4228515625 304.158721923828125 329.035491943359375 324.68798828125 338.084075927734375 30.35260009765625 49.299839019775390625 26.96550750732421875 332.52484130859375 325.8848876953125 321.51922607421875 338.025054931640625 44.999897003173828125 69.44371795654296875 353.65765380859375
314.999267578125 331.69879150390625 5.7106881141662597656 44.36316680908203125 43.196033477783203125 7.3058271408081054688 311.510009765625 310.06036376953125 4.0281767845153808594 359.168670654296875 16.31368255615234375 37.600433349609375 349.417877197265625 320.439453125 354.367919921875 62.037532806396484375 53.2974395751953125 26.99652862548828125 47.815704345703125 335.09417724609375 294.44305419921875 306.157470703125 343.391693115234375 327.525970458984375 271.419403076171875 304.379364013671875 9.6887264251708984375 325.4593505859375 290.9652099609375 285.75042724609375 305.39373779296875 330.0367431640625 27.553243637084960938 47.862548828125 28.672937393188476562 341.273468017578125 332.55963134765625 335.85357666015625 348.40704345703125 37.874767303466796875 2.6023645401000976562 346.07781982421875
328.81463623046875 356.709991455078125 342.978973388671875 42.30554962158203125 51.96816253662109375 16.69910430908203125 327.892791748046875 312.79705810546875 4.0281767845153808594 353.65875244140625 61.69873809814453125 89.99939727783203125 310.461883544921875 324.36572265625 11.914710044860839844 59.893352508544921875 38.517459869384765625 40.71148681640625 69.537689208984375 311.632049560546875 269.998687744140625 242.699981689453125 200.8545074462890625 310.425262451171875 298.345062255859375 310.81427001953125 5.1941781044006347656 328.535186767578125 305.7269287109375 280.78424072265625 292.53619384765625 336.800445556640625 37.52858734130859375 49.085315704345703125 32.399585723876953125 343.442169189453125 336.800872802734375 345.255584716796875 356.1849365234375 18.7256927490234375 354.881927490234375 353.903076171875
333.675872802734375 0 341.56451416015625 62.353546142578125 51.00872039794921875 16.048830032348632812 325.783233642578125 291.447052001953125 326.30889892578125 340.198974609375 70.2013092041015625 14.589145660400390625 310.18585205078125 305.310638427734375 107.59197998046875 77.64447021484375 27.646272659301757812 54.12998199462890625 56.943695068359375 336.369903564453125 340.426116943359375 6.339466094970703125 246.803466796875 278.6727294921875 287.506561279296875 295.61474609375 356.986328125 316.9407958984375 331.23126220703125 324.2454833984375 311.739227294921875 355.7626953125 35.293212890625 48.576152801513671875 36.469165802001953125 334.8314208984375 333.1519775390625 337.7813720703125 6.14620208740234375 34.8239898681640625 16.700206756591796875 25.018270492553710938
340.513031005859375 29.0541229248046875 64.65348052978515625 94.1446380615234375 56.310398101806640625 0.67392641305923461914 357.66180419921875 336.412322998046875 348.231475830078125 104.036773681640625 109.88604736328125 320.973358154296875 333.129364013671875 14.300148963928222656 9.7435359954833984375 9.6887264251708984375 26.125520706176757812 56.6499786376953125 55.839630126953125 312.08892822265625 330.172119140625 33.51776123046875 350.339019775390625 301.108062744140625 272.48907470703125 269.999603271484375 322.43084716796875 319.33184814453125 305.67535400390625 291.570465087890625 285.17926025390625 342.348968505859375 46.7359771728515625 63.21739959716796875 57.529033660888671875 283.569671630859375 267.13690185546875 292.066558837890625 9.161571502685546875 76.75962066650390625 98.1311798095703125 316.684326171875
0.76376456022262573242 16.630535125732421875 63.434803009033203125 99.2109375 307.404449462890625 332.9486083984375 7.6959395408630371094 357.50933837890625 356.552398681640625 43.047481536865234375 11.575016021728515625 294.000579833984375 310.46124267578125 33.158069610595703125 341.885955810546875 341.377532958984375 35.79729461669921875 64.5660552978515625 62.700408935546875 293.6287841796875 321.880950927734375 4.0138783454895019531 345.560028076171875 343.7388916015625 321.008148193359375 312.323883056640625 324.46160888671875 341.564361572265625 325.30389404296875 279.71234130859375 266.7591552734375 281.975128173828125 47.009490966796875 49.44724273681640625 37.359462738037109375 8.6155500411987304688 312.06353759765625 302.79864501953125 344.474609375 49.2680511474609375 22.109991073608398438 308.064910888671875
353.86688232421875 354.684478759765625 35.311298370361328125 40.200214385986328125 321.060943603515625 338.355010986328125 8.275848388671875 353.839630126953125 3.9727215766906738281 15.195359230041503906 12.366421699523925781 330.42144775390625 299.35723876953125 48.57558441162109375 280.492218017578125 230.6304473876953125 115.95848846435546875 88.349761962890625 19.536703109741210938 320.253448486328125 316.590728759765625 333.65692138671875 344.21856689453125 341.979217529296875 320.462921142578125 323.530059814453125 327.892974853515625 358.9569091796875 325.0072021484375 312.454620361328125 309.288543701171875 280.813507080078125 76.82634735107421875 76.3282470703125 50.599109649658203125 48.503261566162109375 305.133392333984375 295.42620849609375 333.852294921875 23.702634811401367188 42.58049774169921875 291.21759033203125
342.51123046875 321.16925048828125 45.92413330078125 54.76966094970703125 307.404144287109375 266.185211181640625 320.94647216796875 335.08099365234375 15.395623207092285156 356.819427490234375 26.241281509399414062 13.240321159362792969 328.535064697265625 38.211071014404296875 15.25519561767578125 146.3098602294921875 127.6473846435546875 82.43849945068359375 352.475189208984375 342.215576171875 321.339996337890625 286.072662353515625 121.60735321044921875 266.467132568359375 289.557464599609375 310.100341796875 323.364990234375 12.379115104675292969 309.55908203125 317.174468994140625 353.288726806640625 251.5648956298828125 131.423309326171875 92.2028350830078125 93.36653900146484375 105.12358856201171875 265.600860595703125 289.154815673828125 321.88092041015625 7.2060570716857910156 26.748010635375976562 338.266845703125
342.164306640625 338.19781494140625 86.68195343017578125 84.06813812255859375 357.509063720703125 317.08148193359375 309.8050537109375 325.56036376953125 44.999897003173828125 11.309064865112304688 83.65947723388671875 35.2720794677734375 344.05340576171875 27.553331375122070312 4.5140910148620605469 60.592830657958984375 78.05574798583984375 93.9905242919921875 265.099884033203125 301.37176513671875 340.820892333984375 313.4508056640625 48.093433380126953125 288.758056640625 280.46844482421875 305.980072021484375 335.657958984375 357.796112060546875 311.98651123046875 323.583099365234375 55.712406158447265625 284.035430908203125 340.640350341796875 40.76342010498046875 74.74432373046875 50.855480194091796875 320.194000244140625 293.19805908203125 299.35711669921875 10.620001792907714844 358.209197998046875 332.817962646484375
338.343292236328125 23.477672576904296875 72.32373809814453125 66.80115509033203125 346.6746826171875 323.21173095703125 314.999542236328125 339.62384033203125 57.874019622802734375 105.123382568359375 138.9899139404296875 282.263946533203125 27.348787307739257812 331.556793212890625 9.9044160842895507812 82.56832122802734375 101.15456390380859375 132.6141204833984375 299.0540771484375 327.99395751953125 357.878143310546875 349.590972900390625 4.085357666015625 306.72314453125 255.2957000732421875 254.1671600341796875 298.76708984375 2.4893615245819091797 313.667266845703125 228.812957763671875 112.16664886474609375 274.968780517578125 299.054107666015625 79.21492767333984375 83.25372314453125 352.234344482421875 329.035491943359375 283.275848388671875 275.19378662109375 108.43761444091796875 216.4681854248046875 240.9444122314453125
335.923675537109375 40.763690948486328125 70.0618438720703125 61.03244781494140625 322.23602294921875 311.0262451171875 324.92547607421875 356.63330078125 41.90517425537109375 61.5739288330078125 47.54571533203125 278.84063720703125 3.0100030899047851562 304.044891357421875 96.34062957763671875 82.6002044677734375 63.276805877685546875 354.288238525390625 307.87445068359375 333.034027099609375 17.2407073974609375 3.0128407478332519531 330.944549560546875 333.777069091796875 305.837127685546875 281.658721923828125 288.657073974609375 17.175825119018554688 24.443696975708007812 97.1246185302734375 87.879058837890625 287.35333251953125 280.88543701171875 90.5349578857421875 87.58008575439453125 286.699462890625 303.68914794921875 291.914031982421875 311.185791015625 13.393075942993164062 5.7106881141662597656 293.628631591796875
344.7440185546875 57.26435089111328125 73.7937164306640625 62.49562835693359375 309.052490234375 302.6365966796875 340.38702392578125 12.144430160522460938 32.471221923828125 66.93871307373046875 28.393465042114257812 340.639892578125 3.2151849269866943359 342.698944091796875 31.464658737182617188 44.4031829833984375 32.7159271240234375 3.76397705078125 318.813446044921875 104.0353546142578125 310.912872314453125 342.3492431640625 323.2967529296875 324.16168212890625 325.041351318359375 305.310546875 308.65911865234375 16.03238677978515625 39.0939483642578125 33.408008575439453125 3.2395222187042236328 310.48553466796875 269.999359130859375 69.62371826171875 55.4603729248046875 40.238826751708984375 267.708282470703125 283.534881591796875 309.558807373046875 40.030124664306640625 18.434906005859375 290.13641357421875
36.633434295654296875 96.33988189697265625 87.4140167236328125 54.89388275146484375 345.113006591796875 292.3187255859375 294.145233154296875 60.52484893798828125 66.50098419189453125 58.814929962158203125 4.635547637939453125 334.57171630859375 34.824436187744140625 328.3482666015625 14.162257194519042969 44.999660491943359375 35.13387298583984375 40.601276397705078125 25.907312393188476562 1.6369297504425048828 323.529632568359375 337.618621826171875 296.5645751953125 267.878631591796875 279.46160888671875 290.144012451171875 303.689361572265625 27.718229293823242188 61.534503936767578125 30.529207229614257812 7.3050923347473144531 15.256764411926269531 251.5626068115234375 18.435529708862304688 49.2680511474609375 25.407741546630859375 324.818603515625 281.092681884765625 280.49017333984375 47.2021331787109375 353.9901123046875 305.2174072265625
30.425386428833007812 64.07508087158203125 76.9446258544921875 11.929427146911621094 358.687347412109375 343.23602294921875 328.391845703125 26.564624786376953125 72.179901123046875 82.1838531494140625 120.96270751953125 209.3575592041015625 336.797607421875 287.649261474609375 120.962615966796875 78.92957305908203125 77.470977783203125 95.710479736328125 59.03696441650390625 326.688812255859375 323.8409423828125 349.018218994140625 343.1407470703125 321.808197021484375 297.531219482421875 294.663177490234375 307.303070068359375 42.273517608642578125 66.50133514404296875 33.689708709716796875 66.8010711669921875 39.29039764404296875 316.301483154296875 356.495758056640625 39.9201507568359375 15.750910758972167969 4.3992609977722167969 293.1981201171875 299.053680419921875 54.461688995361328125 310.600433349609375 304.874481201171875
355.02886962890625 44.48842620849609375 46.423130035400390625 353.344818115234375 348.8956298828125 22.932039260864257812 10.619609832763671875 14.0355682373046875 40.601039886474609375 58.392795562744140625 41.634044647216796875 329.035491943359375 346.157928466796875 8.12964630126953125 0.0012142767664045095444 35.7270660400390625 61.5256805419921875 57.030544281005859375 356.877166748046875 336.16082763671875 304.4599609375 330.122894287109375 351.869964599609375 303.110565185546875 290.58843994140625 286.5390625 295.345458984375 33.43973541259765625 50.931537628173828125 47.202117919921875 59.0355377197265625 334.025177001953125 311.37811279296875 14.349543571472167969 53.91461181640625 26.562803268432617188 64.17900848388671875 290.343841552734375 301.632354736328125 44.36316680908203125 347.195556640625 272.769317626953125
