wildfire/work/fuelmodels/1843/aspect.asc
ncols        351
nrows        260
xllcorner    185735.000000000000
yllcorner    478100.000000000000
cellsize     5.000000000000
NODATA_value   -999
[rows 76 to 94 of 260, columns 252 to 293 of 351]
261.25299072265625 162.5969390869140625 164.7448272705078125 21.8019866943359375 328.298309326171875 351.869110107421875 354.26129150390625 338.68115234375 61.990650177001953125 123.68978118896484375 223.5670928955078125 54.4610137939453125 54.46199798583984375 56.768772125244140625 60.04640960693359375 68.96225738525390625 79.31496429443359375 71.5655364990234375 59.57501220703125 51.911956787109375 276.6317138671875 334.17724609375 59.553249359130859375 49.46729278564453125 86.63326263427734375 212.9051666259765625 277.882904052734375 27.7578125 44.999271392822265625 83.77382659912109375 88.57940673828125 91.9302825927734375 103.62674713134765625 125.53797149658203125 156.0366973876953125 224.9981842041015625 224.9994659423828125 101.31221771240234375 45.004268646240234375 357.27117919921875 12.264586448669433594 36.868499755859375
299.576873779296875 30.963685989379882812 321.338897705078125 341.56427001953125 323.212249755859375 328.535186767578125 349.006378173828125 3.3662588596343994141 51.241924285888671875 39.439952850341796875 339.7017822265625 5.7094974517822265625 68.96277618408203125 10.008910179138183594 57.31919097900390625 69.10178375244140625 67.52019500732421875 49.66683197021484375 47.337223052978515625 55.8851470947265625 311.6322021484375 266.34735107421875 69.5196685791015625 55.91121673583984375 61.534595489501953125 323.74554443359375 278.84136962890625 4.085662841796875 72.6456298828125 89.5340576171875 86.3915557861328125 79.15952301025390625 76.3282470703125 58.391231536865234375 49.7626190185546875 243.436553955078125 261.2547607421875 340.2005615234375 6.0090517997741699219 2.7247223854064941406 60.2524566650390625 71.5640106201171875
346.5338134765625 10.060938835144042969 345.8148193359375 326.153564453125 313.697296142578125 305.271453857421875 209.744384765625 150.9461517333984375 91.97495269775390625 68.68193817138671875 27.474559783935546875 69.77561187744140625 29.057012557983398438 326.3094482421875 80.3800201416015625 82.38129425048828125 64.92549896240234375 59.74321746826171875 46.5907440185546875 20.037340164184570312 5.5595579147338867188 354.47119140625 36.869983673095703125 76.60721588134765625 93.9448699951171875 280.49066162109375 274.6346435546875 182.7253875732421875 111.12461090087890625 111.587554931640625 122.85530853271484375 115.55960845947265625 79.87493896484375 47.044185638427734375 26.564363479614257812 352.6942138671875 326.309844970703125 280.00701904296875 125.53856658935546875 89.9976043701171875 78.6887664794921875 45.00208282470703125
6.0723347663879394531 39.746273040771484375 348.68939208984375 313.957427978515625 278.841583251953125 177.50946044921875 156.8009185791015625 173.4799652099609375 124.3802032470703125 134.1447296142578125 155.4488372802734375 142.5390777587890625 231.4824066162109375 284.857696533203125 71.5649871826171875 65.422332763671875 61.1275787353515625 70.5882568359375 49.763599395751953125 328.570465087890625 28.008880615234375 44.999897003173828125 23.629251480102539062 84.92761993408203125 89.99979400634765625 282.994049072265625 300.963409423828125 30.963941574096679688 91.02285003662109375 98.636810302734375 110.5555572509765625 131.905548095703125 121.75876617431640625 80.2165985107421875 11.309345245361328125 332.354644775390625 37.878932952880859375 168.6896820068359375 189.463653564453125 120.97119140625 93.8161773681640625 333.44073486328125
9.6598758697509765625 26.184080123901367188 5.1364870071411132812 27.254756927490234375 155.772186279296875 210.9631195068359375 125.0488433837890625 167.549468994140625 129.56024169921875 53.392505645751953125 51.709789276123046875 79.01885223388671875 243.852508544921875 244.831329345703125 60.460842132568359375 59.53423309326171875 75.4930877685546875 85.6746978759765625 91.5482635498046875 186.63092041015625 153.94635009765625 175.73211669921875 297.472198486328125 60.051250457763671875 53.78115081787109375 320.31341552734375 287.52484130859375 33.36634063720703125 79.15943145751953125 73.338958740234375 68.5231475830078125 89.0289306640625 241.6996917724609375 38.99072265625 20.225238800048828125 140.193023681640625 277.1248779296875 340.60137939453125 17.968997955322265625 52.764820098876953125 90.00160980224609375 296.562164306640625
280.35809326171875 2.81562042236328125 27.646022796630859375 60.42188262939453125 44.999897003173828125 308.989959716796875 109.2692108154296875 166.1587371826171875 247.9316253662109375 20.55539703369140625 44.301319122314453125 60.56136322021484375 123.6885223388671875 212.7635955810546875 229.3323822021484375 69.2273101806640625 73.898406982421875 82.34912109375 79.21582794189453125 91.39670562744140625 113.89464569091796875 243.824371337890625 273.813079833984375 67.98858642578125 67.69355010986328125 58.24066925048828125 260.13336181640625 75.9629364013671875 75.09406280517578125 74.0545501708984375 86.63333892822265625 92.6021575927734375 271.467926025390625 335.8536376953125 41.633968353271484375 67.93218231201171875 282.528594970703125 286.188690185546875 52.495677947998046875 41.34734344482421875 12.17194366455078125 4.6364994049072265625
270.97039794921875 229.7635040283203125 78.2747802734375 60.0181884765625 34.755706787109375 42.337371826171875 78.53031158447265625 355.31298828125 304.63311767578125 14.0357818603515625 100.204010009765625 96.21543121337890625 95.41139984130859375 175.6012420654296875 244.2689056396484375 92.12052154541015625 73.0723114013671875 68.81855010986328125 48.900726318359375 52.94351959228515625 63.676422119140625 292.96319580078125 260.537109375 87.39711761474609375 71.312530517578125 62.488018035888671875 280.30438232421875 206.5656585693359375 97.18393707275390625 97.81504058837890625 93.652008056640625 70.67662811279296875 310.100341796875 307.503509521484375 35.960445404052734375 18.434568405151367188 343.495269775390625 235.8850250244140625 173.6602935791015625 50.709499359130859375 19.35948944091796875 20.224811553955078125
318.520782470703125 338.96124267578125 215.534210205078125 81.2923126220703125 84.89748382568359375 101.8877716064453125 77.3992919921875 331.88580322265625 317.86175537109375 118.4954071044921875 119.6784210205078125 100.561187744140625 61.189117431640625 19.203800201416015625 293.72418212890625 323.128814697265625 77.141815185546875 72.967010498046875 68.0701751708984375 47.12062835693359375 47.602344512939453125 22.067901611328125 244.8549652099609375 261.8692626953125 77.969482421875 85.31417083740234375 227.6025238037109375 185.7108612060546875 102.46441650390625 85.83327484130859375 71.88683319091796875 40.840160369873046875 358.66766357421875 261.383819580078125 330.9442138671875 352.99761962890625 20.820798873901367188 17.17584991455078125 344.743408203125 81.86533355712890625 89.9976043701171875 348.689239501953125
291.80010986328125 108.4346923828125 172.646697998046875 124.6945648193359375 54.688404083251953125 32.275623321533203125 12.265007972717285156 348.689239501953125 51.581966400146484375 94.71991729736328125 90.9388275146484375 59.03546142578125 57.528350830078125 4.9703650474548339844 295.01593017578125 341.563446044921875 65.4971923828125 66.72686767578125 68.44766998291015625 14.931562423706054688 39.427581787109375 65.4491729736328125 248.9632568359375 238.3240814208984375 89.99956512451171875 76.6860198974609375 66.800750732421875 246.801971435546875 77.00510406494140625 82.97142791748046875 79.91919708251953125 24.863489151000976562 33.440311431884765625 3.8133890628814697266 276.340789794921875 217.4045562744140625 127.87602996826171875 52.764820098876953125 48.0121917724609375 86.98760986328125 314.999267578125 305.8363037109375
284.034942626953125 50.389980316162109375 41.269092559814453125 347.73345947265625 62.92804718017578125 19.358976364135742188 0.92424219846725463867 46.636505126953125 107.102447509765625 129.6987762451171875 163.886993408203125 345.25494384765625 67.24921417236328125 141.5811920166015625 227.5728759765625 207.4285430908203125 91.507537841796875 71.7540130615234375 66.70977783203125 355.4617919921875 26.916835784912109375 69.49863433837890625 88.4518890380859375 217.092376708984375 122.00453948974609375 91.15289306640625 125.94144439697265625 229.92681884765625 91.397796630859375 85.54425048828125 68.62914276123046875 7.6965985298156738281 35.789234161376953125 23.748823165893554688 23.199037551879882812 224.9885406494140625 224.9963531494140625 113.20134735107421875 87.71044158935546875 79.50943756103515625 300.963470458984375 275.4403076171875
328.1571044921875 8.7074747085571289062 38.53003692626953125 91.30178070068359375 153.434600830078125 203.1982879638671875 231.1697845458984375 105.7082977294921875 118.64727020263671875 153.4341888427734375 297.645111083984375 326.88714599609375 80.1665496826171875 78.6894989013671875 208.1418609619140625 232.828857421875 277.431427001953125 68.38520050048828125 69.962738037109375 1.4691131114959716797 44.999897003173828125 76.94437408447265625 95.30072021484375 177.18414306640625 186.0086822509765625 114.1453857421875 126.25359344482421875 231.403839111328125 170.837432861328125 97.62404632568359375 67.10947418212890625 38.99198150634765625 84.472442626953125 110.77294921875 105.946075439453125 153.4338531494140625 203.9633636474609375 303.689361572265625 13.392935752868652344 15.100970268249511719 34.50783538818359375 182.862060546875
333.434906005859375 345.650054931640625 71.56444549560546875 74.62331390380859375 79.34580230712890625 220.71051025390625 244.8544921875 85.6012115478515625 62.818653106689453125 344.744171142578125 345.4991455078125 25.016954421997070312 53.914546966552734375 45.923427581787109375 30.963470458984375 277.695556640625 260.21710205078125 75.735260009765625 74.33512115478515625 64.02603912353515625 75.9629364013671875 76.28221893310546875 72.5744171142578125 39.093204498291015625 8.131832122802734375 75.0185394287109375 56.31009674072265625 296.174072265625 189.1625213623046875 101.0406494140625 85.10088348388671875 15.256260871887207031 29.981485366821289062 33.23136138916015625 49.63512420654296875 44.998531341552734375 319.084930419921875 324.162200927734375 0.00084064214024692773819 3.8127119541168212891 65.17021942138671875 23.552957534790039062
9.8660249710083007812 68.1976776123046875 81.3472900390625 49.044361114501953125 44.5788421630859375 19.885023117065429688 275.709808349609375 80.775970458984375 48.17960357666015625 355.134521484375 358.15185546875 39.19342041015625 65.771942138671875 86.98673248291015625 93.5031280517578125 181.468109130859375 228.944732666015625 136.7344207763671875 73.8307952880859375 47.41930389404296875 11.724383354187011719 54.344921112060546875 46.01409149169921875 16.578451156616210938 22.913204193115234375 49.548130035400390625 44.4433135986328125 21.31720733642578125 358.780029296875 41.8779144287109375 32.005031585693359375 348.310302734375 9.6052122116088867188 29.577381134033203125 36.5111236572265625 16.048990249633789062 333.032958984375 12.26529693603515625 133.1509552001953125 195.642242431640625 37.874561309814453125 346.21783447265625
103.23995208740234375 115.20110321044921875 92.60292816162109375 40.3640289306640625 34.89513397216796875 38.5581512451171875 50.0421295166015625 119.05406951904296875 90.00006866455078125 80.8382110595703125 147.5281982421875 117.9796142578125 111.615081787109375 125.09616851806640625 140.552581787109375 172.5678863525390625 262.009918212890625 304.874603271484375 61.032379150390625 43.682704925537109375 23.962377548217773438 33.69024658203125 27.29931640625 26.21117401123046875 45.0001373291015625 51.753444671630859375 48.6673431396484375 46.5689849853515625 28.810766220092773438 41.0546417236328125 44.999897003173828125 34.992450714111328125 146.3079071044921875 88.26436614990234375 50.356170654296875 56.88820648193359375 158.963470458984375 144.0901336669921875 111.037200927734375 256.6064453125 290.223419189453125 288.433074951171875
119.0539093017578125 101.82056427001953125 108.4346923828125 5.1915502548217773438 42.61531829833984375 80.5989990234375 80.11167144775390625 351.02734375 41.510364532470703125 71.16100311279296875 136.244354248046875 133.853240966796875 86.90566253662109375 70.79613494873046875 83.53040313720703125 276.841094970703125 276.93341064453125 299.474700927734375 59.995044708251953125 41.7293243408203125 24.887449264526367188 18.083330154418945312 15.164232254028320312 39.289398193359375 48.2092437744140625 43.7678985595703125 50.505496978759765625 66.938568115234375 90.00009918212890625 171.8694915771484375 83.99124908447265625 86.3477325439453125 0 83.65908050537109375 96.33890533447265625 84.80501556396484375 69.4433441162109375 77.47075653076171875 48.366424560546875 317.082305908203125 301.907470703125 330.2518310546875
11.309817314147949219 48.270427703857421875 54.089504241943359375 191.3111724853515625 131.268035888671875 112.50341796875 31.758975982666015625 333.003570556640625 27.81018829345703125 52.4471893310546875 47.759052276611328125 44.999897003173828125 78.6897430419921875 95.30072021484375 100.221832275390625 259.5084228515625 275.38885498046875 288.4345703125 73.610198974609375 22.619909286499023438 17.65006256103515625 55.0078125 106.6992950439453125 92.56377410888671875 65.8206329345703125 55.885467529296875 74.16728973388671875 92.15271759033203125 99.865814208984375 240.253875732421875 64.65348052978515625 56.88820648193359375 5.5279779434204101562 42.797657012939453125 62.103057861328125 85.03037261962890625 75.0687255859375 29.476070404052734375 343.60955810546875 332.525634765625 310.365142822265625 330.944580078125
18.060350418090820312 41.8891143798828125 39.93631744384765625 17.102659225463867188 51.546092987060546875 40.186248779296875 336.145172119140625 326.4202880859375 50.411548614501953125 61.699127197265625 50.60919189453125 68.9625244140625 99.56667327880859375 70.94246673583984375 54.8409423828125 334.535888671875 244.9827880859375 197.10235595703125 164.309326171875 190.6187896728515625 149.03594970703125 140.742095947265625 171.9504547119140625 184.8434906005859375 129.8979644775390625 109.17876434326171875 101.03212738037109375 88.02481842041015625 60.333011627197265625 23.749555587768554688 321.33837890625 54.1621551513671875 70.34670257568359375 112.6203765869140625 93.1809234619140625 77.73555755615234375 74.0554656982421875 341.56317138671875 298.07098388671875 345.962310791015625 277.4315185546875 285.361480712890625
0 45.830066680908203125 60.945285797119140625 29.876102447509765625 18.885969161987304688 10.305055618286132812 345.499053955078125 19.981624603271484375 111.29727935791015625 96.91115570068359375 64.61181640625 74.5258331298828125 64.2899627685546875 342.97857666015625 32.1116790771484375 50.46901702880859375 191.3096466064453125 186.146148681640625 178.78045654296875 187.4306488037109375 138.5320587158203125 136.390167236328125 192.030029296875 211.882965087890625 166.1226043701171875 122.27538299560546875 94.969757080078125 73.07263946533203125 61.797870635986328125 77.66051483154296875 268.152069091796875 78.68988800048828125 104.4204559326171875 146.887451171875 177.709320068359375 44.999897003173828125 56.888874053955078125 101.31305694580078125 230.1939697265625 198.4353485107421875 271.004669189453125 271.701080322265625
216.253143310546875 124.6953277587890625 82.4760589599609375 89.99979400634765625 158.9625701904296875 192.338592529296875 190.0079803466796875 119.804351806640625 129.253448486328125 167.1371917724609375 119.62381744384765625 72.58805084228515625 26.791501998901367188 343.925628662109375 89.3556671142578125 80.8626556396484375 22.833730697631835938 28.301210403442382812 114.905120849609375 173.436859130859375 126.3471527099609375 111.27935028076171875 207.0947723388671875 227.650115966796875 180.643951416015625 145.0489654541015625 128.5884857177734375 137.544586181640625 112.16574859619140625 97.43083953857421875 239.035675048828125 108.43556976318359375 80.340179443359375 64.7987518310546875 299.055328369140625 336.803619384765625 83.65930938720703125 100.61978912353515625 257.27447509765625 296.5634765625 284.6561279296875 278.129791259765625
