wildfire/work/fuelmodels/1843/aspect.asc
ncols        351
nrows        260
xllcorner    185735.000000000000
yllcorner    478100.000000000000
cellsize     5.000000000000
NODATA_value   -999
[rows 228 to 246 of 260, columns 84 to 125 of 351]
159.145904541015625 90.00066375732421875 81.8749542236328125 89.99979400634765625 85.20565032958984375 225.9381561279296875 197.2888336181640625 132.58905029296875 106.05945587158203125 117.8378753662109375 226.9747772216796875 99.272979736328125 100.548248291015625 110.6374359130859375 75.37747955322265625 37.875568389892578125 77.1415863037109375 72.31855010986328125 55.953582763671875 154.53564453125 135.9709014892578125 134.3415069580078125 130.5249481201171875 147.424560546875 179.0899810791015625 179.029052734375 270.000335693359375 64.5027923583984375 76.2639617919921875 222.1388092041015625 199.5361328125 161.0411376953125 144.673065185546875 103.6837005615234375 123.9762115478515625 259.85406494140625 358.72540283203125 341.32318115234375 66.96453857421875 87.53668212890625 249.879913330078125 116.28729248046875
90.00707244873046875 90.00043487548828125 38.991741180419921875 63.434803009033203125 58.87735748291015625 28.811418533325195312 38.662914276123046875 139.7655181884765625 88.8986968994140625 53.88040924072265625 18.433156967163085938 103.5704498291015625 96.26354217529296875 101.72591400146484375 351.86676025390625 45.00104522705078125 63.0723724365234375 69.82044219970703125 75.041534423828125 115.709197998046875 126.08448028564453125 104.32210540771484375 81.38405609130859375 49.3994903564453125 97.3059844970703125 205.8203582763671875 222.1364593505859375 143.258636474609375 78.02353668212890625 1.3309644460678100586 13.392701148986816406 52.001781463623046875 111.160980224609375 123.996002197265625 157.750091552734375 250.3122711181640625 281.851409912109375 281.312652587890625 77.0467071533203125 37.619083404541015625 353.78375244140625 48.813518524169921875
85.91329193115234375 110.374359130859375 120.06812286376953125 136.7913360595703125 90.00093841552734375 89.99979400634765625 116.5641021728515625 114.44488525390625 50.3569793701171875 62.57091522216796875 92.72564697265625 103.77994537353515625 79.69474029541015625 58.392223358154296875 312.61279296875 39.80428314208984375 84.80495452880859375 93.91124725341796875 67.86440277099609375 4.9394421577453613281 30.866495132446289062 61.904941558837890625 64.180145263671875 47.664516448974609375 43.755191802978515625 353.232269287109375 40.600429534912109375 131.4945068359375 217.4060516357421875 231.116119384765625 59.93145751953125 5.7113156318664550781 67.011016845703125 88.344329833984375 309.56170654296875 292.3458251953125 324.781402587890625 15.091419219970703125 31.821865081787109375 25.745042800903320312 24.63448333740234375 31.890560150146484375
72.37770843505859375 45.001644134521484375 69.86362457275390625 50.4393310546875 27.644512176513671875 81.35649871826171875 67.3780975341796875 37.40450286865234375 107.35105133056640625 101.30947113037109375 86.39131927490234375 87.13799285888671875 92.56377410888671875 83.8836669921875 308.34564208984375 10.14492034912109375 82.6941680908203125 109.70259857177734375 174.155517578125 275.116485595703125 60.10118865966796875 78.78723907470703125 70.71158599853515625 49.898799896240234375 9.3221673965454101562 359.308746337890625 55.98094940185546875 47.337703704833984375 326.309173583984375 224.9994659423828125 236.76641845703125 293.35455322265625 55.512542724609375 30.627141952514648438 356.832000732421875 319.728851318359375 291.80072021484375 66.17537689208984375 80.97664642333984375 87.32421875 83.04636383056640625 74.445037841796875
55.886112213134765625 15.523824691772460938 35.272182464599609375 25.942106246948242188 33.68878936767578125 74.50031280517578125 67.7142791748046875 102.52741241455078125 115.70851898193359375 101.308013916015625 81.552215576171875 93.8140106201171875 96.44916534423828125 83.66004180908203125 278.81903076171875 1.396450042724609375 83.3838653564453125 93.887664794921875 182.726470947265625 233.218505859375 135.5302886962890625 83.27278900146484375 17.354320526123046875 7.1244711875915527344 3.2386999130249023438 1.8890589475631713867 57.65287017822265625 35.34058380126953125 342.64459228515625 3.7307405471801757812 331.573638916015625 313.46539306640625 15.708581924438476562 7.6769814491271972656 9.947620391845703125 19.163173675537109375 211.7089385986328125 160.933563232421875 104.97299957275390625 68.82444000244140625 64.9037017822265625 65.97430419921875
39.288158416748046875 60.419506072998046875 96.7650604248046875 96.953094482421875 88.83127593994140625 95.71054840087890625 94.6859588623046875 75.700897216796875 95.8570404052734375 145.126220703125 106.0328369140625 92.6028900146484375 85.955322265625 74.2498779296875 271.973602294921875 176.99090576171875 89.428924560546875 75.895965576171875 24.917604446411132812 273.96405029296875 158.198333740234375 89.99979400634765625 46.73595428466796875 359.997467041015625 23.960855484008789062 22.7525482177734375 69.165985107421875 28.77968597412109375 345.25494384765625 343.17626953125 307.029693603515625 289.334564208984375 321.633148193359375 91.97435760498046875 122.391265869140625 99.00838470458984375 74.53871917724609375 318.09283447265625 50.3325958251953125 47.544765472412109375 47.43660736083984375 44.256252288818359375
111.03589630126953125 108.4346923828125 104.93048858642578125 106.18677520751953125 103.56955718994140625 102.3994293212890625 133.754058837890625 133.361541748046875 95.19429779052734375 70.01752471923828125 61.460369110107421875 61.534908294677734375 76.32859039306640625 75.9630584716796875 266.9873046875 141.341461181640625 74.792083740234375 66.27496337890625 57.4331512451171875 104.9313507080078125 167.27520751953125 174.0951995849609375 73.17876434326171875 83.662811279296875 269.955657958984375 18.436849594116210938 20.556196212768554688 6.9530692100524902344 15.731963157653808594 355.784942626953125 328.42950439453125 292.476959228515625 188.3653106689453125 129.642730712890625 92.72510528564453125 88.263702392578125 84.2891082763671875 222.7083892822265625 126.415863037109375 92.12052154541015625 86.79457855224609375 100.78375244140625
53.614696502685546875 65.4101409912109375 65.8557281494140625 76.60845184326171875 94.2679443359375 83.8531494140625 97.9693450927734375 156.249053955078125 156.03466796875 7.5941009521484375 37.61391448974609375 60.94492340087890625 65.40924835205078125 44.999897003173828125 295.016326904296875 351.3841552734375 58.89124298095703125 74.5238800048828125 82.819427490234375 103.44902801513671875 149.931243896484375 259.379638671875 18.433656692504882812 23.629573822021484375 12.530449867248535156 326.30792236328125 335.850555419921875 37.406223297119140625 41.010166168212890625 347.691253662109375 344.115447998046875 40.763362884521484375 115.42809295654296875 164.0542144775390625 103.67154693603515625 44.999897003173828125 28.17840576171875 38.019214630126953125 56.633571624755859375 52.85334014892578125 85.0135650634765625 84.80573272705078125
45.000675201416015625 49.667755126953125 58.298847198486328125 81.25399017333984375 95.35613250732421875 74.0543670654296875 76.218536376953125 67.06880950927734375 266.008544921875 167.9052734375 112.3800048828125 79.2152252197265625 67.37987518310546875 58.57091522216796875 287.74383544921875 224.9994659423828125 97.37308502197265625 90.54528045654296875 91.32306671142578125 91.84688568115234375 38.28887939453125 269.090484619140625 184.40032958984375 148.239105224609375 144.4560699462890625 287.241455078125 348.672454833984375 21.037912368774414062 347.6190185546875 316.431610107421875 338.965301513671875 91.14534759521484375 98.1304168701171875 162.5541229248046875 279.4609375 7.6959395408630371094 63.4344940185546875 76.29217529296875 42.707126617431640625 53.7455291748046875 59.774677276611328125 50.30107879638671875
100.71344757080078125 106.92809295654296875 100.750823974609375 102.75711822509765625 113.96297454833984375 102.1730499267578125 80.40740203857421875 63.12188720703125 139.0832977294921875 161.5637969970703125 201.0376434326171875 84.09310150146484375 54.819515228271484375 78.326171875 186.9531402587890625 200.4323272705078125 112.5736236572265625 79.3800048828125 95.3502044677734375 131.9332733154296875 242.1028594970703125 293.198211669921875 69.4431915283203125 59.038677215576171875 318.1810302734375 330.80169677734375 355.39813232421875 11.309906005859375 119.35649871826171875 192.578765869140625 210.7176055908203125 90.69020843505859375 81.74005126953125 96.9521636962890625 249.716766357421875 178.7813873291015625 109.60408782958984375 118.2176361083984375 166.760162353515625 75.96422576904296875 37.99951934814453125 46.605831146240234375
115.14347076416015625 97.25211334228515625 106.52573394775390625 97.76555633544921875 63.436115264892578125 54.4631805419921875 63.199504852294921875 51.666362762451171875 28.299753189086914062 27.474550247192382812 344.05523681640625 51.70867156982421875 13.393154144287109375 73.3830108642578125 101.309417724609375 234.2456817626953125 87.4355010986328125 12.699493408203125 0 26.461944580078125 351.55157470703125 338.498291015625 36.674518585205078125 344.1962890625 318.53912353515625 349.076751708984375 3.3659250736236572266 355.599945068359375 57.907390594482421875 25.346315383911132812 266.346771240234375 76.5046234130859375 61.347576141357421875 60.523563385009765625 255.1410369873046875 182.8636627197265625 101.4637451171875 116.075347900390625 180.971527099609375 202.378448486328125 158.1968994140625 78.27365875244140625
32.0030975341796875 73.0085601806640625 60.422115325927734375 33.85668182373046875 29.427083969116210938 36.416202545166015625 49.20485687255859375 46.48694610595703125 9.271453857421875 39.49431610107421875 57.011837005615234375 319.397308349609375 342.8226318359375 73.46854400634765625 67.27547454833984375 293.42822265625 352.971160888671875 314.011688232421875 53.84163665771484375 47.1453704833984375 26.778577804565429688 21.251394271850585938 108.4349365234375 220.6005859375 274.44622802734375 35.273899078369140625 8.1293840408325195312 315.953948974609375 32.844799041748046875 29.44232940673828125 347.905853271484375 28.301090240478515625 25.406732559204101562 25.095996856689453125 355.854949951171875 20.077814102172851562 77.236480712890625 77.9876556396484375 71.5626983642578125 239.6200103759765625 288.43865966796875 69.7717742919921875
23.7024383544921875 68.8751678466796875 46.592548370361328125 37.2339935302734375 46.0409393310546875 46.101806640625 60.679019927978515625 64.38410186767578125 25.55735015869140625 80.3401031494140625 43.94039154052734375 334.831634521484375 9.8643398284912109375 73.3305206298828125 62.525463104248046875 320.313934326171875 290.555267333984375 231.7098541259765625 120.3425140380859375 74.68068695068359375 49.969745635986328125 29.9821929931640625 59.470180511474609375 315.795166015625 276.952117919921875 83.92781829833984375 311.985992431640625 265.013458251953125 51.11516571044921875 76.022705078125 89.255584716796875 305.394683837890625 26.833219528198242188 6.7087764739990234375 333.112701416015625 34.182247161865234375 60.717044830322265625 54.260280609130859375 35.909435272216796875 336.8016357421875 348.68963623046875 52.3526611328125
87.930908203125 92.95116424560546875 104.93062591552734375 121.551910400390625 136.33319091796875 108.43402099609375 91.97412872314453125 88.0909576416015625 72.75960540771484375 82.2666015625 14.934285163879394531 325.306182861328125 93.23935699462890625 97.32653045654296875 89.99979400634765625 312.61468505859375 236.312744140625 153.435028076171875 166.1844635009765625 109.306060791015625 55.989185333251953125 21.485645294189453125 34.1915283203125 359.31982421875 321.493438720703125 8.4705438613891601562 358.22686767578125 300.216400146484375 308.15667724609375 77.62924957275390625 55.437374114990234375 295.974029541015625 53.797061920166015625 44.999897003173828125 234.056732177734375 121.56850433349609375 82.983306884765625 75.96370697021484375 37.8748931884765625 59.0438232421875 156.4470367431640625 145.6202239990234375
111.501800537109375 81.87000274658203125 94.53704833984375 116.05291748046875 157.7515411376953125 185.199005126953125 94.4741058349609375 124.1580657958984375 156.803558349609375 50.85504150390625 43.1533355712890625 147.5258941650390625 95.59857940673828125 87.2356414794921875 79.50836944580078125 322.592742919921875 49.08794403076171875 75.3242645263671875 100.22336578369140625 116.5653228759765625 136.84759521484375 93.57696533203125 58.284130096435546875 15.172863006591796875 348.110992431640625 358.696929931640625 20.8206329345703125 311.564849853515625 289.590972900390625 70.0617828369140625 33.98235321044921875 299.053985595703125 61.990398406982421875 22.65918731689453125 49.288848876953125 141.952056884765625 89.999298095703125 72.5358123779296875 28.008708953857421875 4.1448512077331542969 28.610219955444335938 44.998828887939453125
30.465557098388671875 49.898799896240234375 65.88616180419921875 66.20928192138671875 358.0238037109375 355.234466552734375 74.291778564453125 67.166961669921875 327.52545166015625 352.869781494140625 40.136219024658203125 15.39640045166015625 17.986852645874023438 59.7194061279296875 68.66295623779296875 194.0319366455078125 128.41827392578125 90.000457763671875 86.76065826416015625 97.83568572998046875 149.534210205078125 146.9443206787109375 166.218658447265625 293.199432373046875 352.303558349609375 359.9970703125 57.09497833251953125 208.296661376953125 226.245086669921875 95.9803924560546875 71.95180511474609375 28.301090240478515625 311.818634033203125 331.12664794921875 29.19730377197265625 54.46179962158203125 73.35434722900390625 66.202667236328125 36.60663604736328125 326.30889892578125 46.397369384765625 49.331829071044921875
60.376415252685546875 47.337703704833984375 53.213054656982421875 63.23891448974609375 103.3896331787109375 162.644195556640625 82.45095062255859375 53.36572265625 26.074815750122070312 6.3423099517822265625 60.95020294189453125 25.71038055419921875 10.783364295959472656 60.79222869873046875 70.66979217529296875 41.186504364013671875 37.56890869140625 60.751140594482421875 57.5289306640625 85.5327301025390625 108.4346923828125 134.9996795654296875 238.2404022216796875 251.5637969970703125 255.256744384765625 318.942169189453125 30.736066818237304688 25.710153579711914062 326.76727294921875 39.28952789306640625 59.845493316650390625 64.53800201416015625 159.2278289794921875 232.666168212890625 140.630950927734375 90.26146697998046875 43.854763031005859375 61.361232757568359375 75.963836669921875 209.05352783203125 133.91937255859375 93.91892242431640625
63.434215545654296875 78.68950653076171875 91.8468475341796875 86.49578094482421875 108.071990966796875 197.1009674072265625 4.40280914306640625 43.18050384521484375 32.36685943603515625 30.964616775512695312 13.567456245422363281 55.30297088623046875 0 77.19522857666015625 78.793731689453125 58.3919830322265625 0.0012856646208092570305 33.906406402587890625 5.5599412918090820312 0 0 298.30047607421875 333.177001953125 353.210784912109375 336.80169677734375 307.404083251953125 71.5654296875 73.6107025146484375 314.999267578125 27.18094635009765625 57.952392578125 44.999897003173828125 72.01190948486328125 179.4207305908203125 186.5086822509765625 99.040283203125 20.480754852294921875 47.12143707275390625 47.290699005126953125 26.979938507080078125 79.1137237548828125 115.942596435546875
82.44977569580078125 108.4343719482421875 101.72496795654296875 56.040645599365234375 60.216358184814453125 347.61981201171875 297.978790283203125 33.48526763916015625 30.303150177001953125 29.053985595703125 26.563703536987304688 29.876249313354492188 56.310222625732421875 99.83322906494140625 96.632080078125 115.8654022216796875 272.291351318359375 8.9727630615234375 325.153656005859375 295.70941162109375 0 0 353.4166259765625 18.434906005859375 344.98126220703125 330.25433349609375 48.289348602294921875 3.093509674072265625 318.40643310546875 42.3974609375 60.66788482666015625 41.2844085693359375 47.80599212646484375 31.527099609375 343.392364501953125 36.867916107177734375 106.258941650390625 98.8058319091796875 59.588336944580078125 49.945644378662109375 49.214481353759765625 39.2173919677734375
