wildfire/work/fuelmodels/1843/aspect.asc
ncols        351
nrows        260
xllcorner    185735.000000000000
yllcorner    478100.000000000000
cellsize     5.000000000000
NODATA_value   -999
[rows 171 to 189 of 260, columns 210 to 251 of 351]
14.74341583251953125 57.5289306640625 53.78528594970703125 13.061432838439941406 351.500823974609375 35.09575653076171875 32.573883056640625 18.434663772583007812 37.694183349609375 74.6590118408203125 42.13803863525390625 284.036041259765625 26.560617446899414062 10.490350723266601562 340.3455810546875 29.248279571533203125 76.3492584228515625 51.70941925048828125 2.2906396389007568359 12.724888801574707031 289.02459716796875 308.017578125 349.562225341796875 307.59979248046875 281.436767578125 279.210418701171875 288.434112548828125 340.345428466796875 33.08480072021484375 56.093463897705078125 36.674594879150390625 330.460235595703125 298.227996826171875 28.009775161743164062 69.32529449462890625 11.308897018432617188 9.8660249710083007812 302.5411376953125 294.660064697265625 27.897205352783203125 21.8015899658203125 305.1802978515625
11.309858322143554688 52.764965057373046875 103.87694549560546875 102.263671875 355.913482666015625 4.5143537521362304688 27.377655029296875 8.6729574203491210938 47.12062835693359375 91.09429931640625 212.4699249267578125 283.736358642578125 333.43328857421875 333.4337158203125 332.101654052734375 94.763824462890625 101.1427459716796875 85.6009674072265625 11.310578346252441406 6.6328954696655273438 313.93853759765625 303.52978515625 328.49505615234375 335.884765625 294.381134033203125 287.102203369140625 303.958404541015625 311.34722900390625 92.6751556396484375 91.15348052978515625 85.36573028564453125 266.0081787109375 276.339447021484375 34.9936981201171875 68.9623870849609375 1.908832550048828125 342.51123046875 307.358795166015625 285.053375244140625 21.800855636596679688 46.8778076171875 2.4197025299072265625
13.626954078674316406 56.836605072021484375 19.74665069580078125 359.117706298828125 6.8701167106628417969 346.568328857421875 30.547519683837890625 11.3097381591796875 48.0938262939453125 60.504917144775390625 344.357177734375 336.947998046875 348.438812255859375 341.16082763671875 7.9074339866638183594 76.60746002197265625 75.03305816650390625 346.32781982421875 8.4986181259155273438 347.904449462890625 329.88568115234375 322.326019287109375 297.14910888671875 316.272064208984375 297.569122314453125 289.6529541015625 300.64996337890625 91.217987060546875 120.35761260986328125 120.96314239501953125 64.09247589111328125 304.159088134765625 293.497894287109375 54.86684417724609375 81.25366973876953125 332.352813720703125 336.54034423828125 297.428436279296875 284.83953857421875 30.960683822631835938 81.15756988525390625 346.607818603515625
155.924285888671875 69.02611541748046875 6.7794785499572753906 4.39864349365234375 30.801462173461914062 356.531219482421875 68.875 71.56517791748046875 83.1075286865234375 72.36339569091796875 358.26409912109375 318.990020751953125 347.194580078125 320.5989990234375 8.1300106048583984375 62.327480316162109375 51.753444671630859375 322.325714111328125 8.5834112167358398438 347.904327392578125 326.61785888671875 351.988128662109375 335.820068359375 320.26190185546875 309.805084228515625 295.252410888671875 298.766510009765625 62.796031951904296875 75.25626373291015625 54.461956024169921875 341.56427001953125 328.20025634765625 323.325225830078125 106.5044403076171875 74.74425506591796875 316.467803955078125 346.4288330078125 285.642059326171875 274.666778564453125 116.5647735595703125 118.61060333251953125 263.990203857421875
44.999897003173828125 65.55559539794921875 125.39447021484375 166.65093994140625 175.6012115478515625 39.290287017822265625 56.310009002685546875 38.757717132568359375 70.05701446533203125 84.95723724365234375 350.75408935546875 335.7247314453125 337.749664306640625 312.580169677734375 356.0081787109375 60.14550018310546875 49.667072296142578125 313.451080322265625 352.233795166015625 344.499786376953125 320.79852294921875 350.590057373046875 356.385223388671875 340.709136962890625 322.470977783203125 313.151763916015625 317.418365478515625 69.67688751220703125 76.34514617919921875 43.755214691162109375 290.7698974609375 253.215850830078125 134.9996795654296875 93.09333038330078125 176.6361541748046875 206.5645751953125 179.9995880126953125 242.6119384765625 245.972625732421875 136.8469696044921875 79.9911041259765625 300.963134765625
59.036102294921875 101.0564117431640625 114.12079620361328125 212.0055084228515625 289.535797119140625 55.6217498779296875 69.1457672119140625 37.874423980712890625 70.906280517578125 73.1063232421875 317.120391845703125 354.804779052734375 341.113037109375 309.667144775390625 356.877166748046875 69.5670013427734375 43.15236663818359375 331.698486328125 347.783538818359375 329.533599853515625 313.1663818359375 337.7137451171875 2.0454592704772949219 345.25531005859375 307.5994873046875 288.434417724609375 272.121734619140625 95.55976104736328125 84.01189422607421875 64.57335662841796875 118.60984039306640625 212.005035400390625 203.1988067626953125 105.0674896240234375 112.83303070068359375 162.4737091064453125 185.527099609375 240.2545623779296875 254.44476318359375 94.39771270751953125 312.8785400390625 299.8135986328125
92.2900238037109375 77.52445220947265625 48.90021514892578125 340.27691650390625 330.332794189453125 47.545230865478515625 92.0456390380859375 154.656036376953125 76.9383544921875 64.58390045166015625 311.69757080078125 338.96185302734375 339.62384033203125 279.161529541015625 314.999267578125 61.644657135009765625 50.47690582275390625 310.683563232421875 348.27447509765625 303.0550537109375 280.618927001953125 292.01055908203125 345.963226318359375 354.39990234375 271.97320556640625 237.8471832275390625 206.02899169921875 103.9024200439453125 88.87646484375 81.2534332275390625 89.9993133544921875 225.0005035400390625 218.659881591796875 219.8049774169921875 56.5605316162109375 42.797672271728515625 344.35699462890625 284.152557373046875 275.10125732421875 333.433807373046875 312.136627197265625 309.18359375
46.65988922119140625 44.265216827392578125 16.073368072509765625 357.632965087890625 0.83112132549285888672 71.99559783935546875 96.458343505859375 161.5649261474609375 123.99681854248046875 73.3007354736328125 56.308116912841796875 206.02899169921875 234.86474609375 277.12493896484375 282.094268798828125 63.435009002685546875 70.73067474365234375 281.309112548828125 299.744598388671875 302.318939208984375 281.863922119140625 302.573699951171875 330.12347412109375 17.319238662719726562 8.1302585601806640625 317.814361572265625 341.56396484375 56.128948211669921875 56.88848114013671875 64.17873382568359375 55.980319976806640625 355.2357177734375 356.495330810546875 291.973907470703125 40.764225006103515625 38.516422271728515625 342.511383056640625 309.381927490234375 278.44677734375 303.48541259765625 314.999267578125 304.6103515625
63.435028076171875 48.5037384033203125 359.99884033203125 51.203765869140625 103.4955902099609375 106.45964813232421875 85.5148468017578125 68.96204376220703125 127.8746795654296875 87.2739105224609375 50.710430145263671875 340.200531005859375 313.0577392578125 323.97149658203125 318.01153564453125 64.35938262939453125 55.696529388427734375 340.639984130859375 343.8101806640625 329.795867919921875 295.483551025390625 295.67608642578125 305.048431396484375 23.199121475219726562 351.179168701171875 348.689117431640625 18.434488296508789062 355.099884033203125 32.78841400146484375 55.96773529052734375 22.16632843017578125 8.8418149948120117188 36.1580810546875 293.96197509765625 74.74167633056640625 11.308505058288574219 324.865203857421875 329.036376953125 295.016357421875 292.80902099609375 300.3785400390625 300.963134765625
71.98030853271484375 55.61977386474609375 338.49749755859375 47.81534576416015625 66.3996734619140625 77.54969024658203125 25.497119903564453125 29.745189666748046875 37.50418853759765625 16.293552398681640625 0.4734293520450592041 356.466888427734375 342.107452392578125 337.61883544921875 353.478851318359375 18.435230255126953125 20.449377059936523438 345.865966796875 1.3972990512847900391 348.689178466796875 311.632598876953125 299.677734375 302.827728271484375 353.417449951171875 323.296783447265625 8.1299581527709960938 69.53751373291015625 237.5283660888671875 103.46484375 70.55982208251953125 28.300930023193359375 70.20117950439453125 54.782962799072265625 344.24725341796875 334.05670166015625 346.685516357421875 4.6669740676879882812 330.780364990234375 308.129119873046875 302.70391845703125 288.177490234375 287.161285400390625
61.335788726806640625 29.74456024169921875 355.029388427734375 34.561405181884765625 73.65148162841796875 72.89704132080078125 322.430389404296875 52.275485992431640625 40.23613739013671875 3.0663461685180664062 343.300048828125 356.632781982421875 5.9647526741027832031 344.47491455078125 63.434070587158203125 108.43906402587890625 335.554901123046875 351.468475341796875 20.898006439208984375 336.412322998046875 319.183990478515625 318.365478515625 312.473236083984375 352.874298095703125 357.509033203125 153.434600830078125 82.50408172607421875 130.1561431884765625 173.118133544921875 115.1145477294921875 69.36199188232421875 58.39160919189453125 7.8155727386474609375 354.98541259765625 306.38348388671875 321.008453369140625 56.8218536376953125 311.633331298828125 277.548797607421875 266.2841796875 263.15667724609375 256.808868408203125
97.2244873046875 351.867340087890625 9.8654832839965820312 78.689727783203125 90.81841278076171875 69.36283111572265625 336.79949951171875 83.28989410400390625 18.433897018432617188 350.41595458984375 1.5074548721313476562 3.3671562671661376953 14.534814834594726562 357.579132080078125 36.416141510009765625 358.5306396484375 300.59906005859375 5.8561992645263671875 40.601490020751953125 304.15899658203125 299.475555419921875 303.689666748046875 286.9268798828125 355.60125732421875 72.5524749755859375 95.195281982421875 93.23974609375 71.56488037109375 56.976016998291015625 157.931671142578125 99.46237945556640625 27.801189422607421875 0.00033116000122390687466 348.975555419921875 322.94189453125 290.555084228515625 42.61346435546875 340.463592529296875 285.254974365234375 297.28338623046875 298.685577392578125 284.17169189453125
67.79619598388671875 291.799407958984375 318.17852783203125 65.46245574951171875 68.89534759521484375 57.633289337158203125 23.198034286499023438 7.2531070709228515625 359.998779296875 343.8092041015625 26.5662994384765625 3.0140485763549804688 342.51123046875 352.332000732421875 20.912614822387695312 8.2596435546875 313.753875732421875 354.5589599609375 31.759334564208984375 334.39666748046875 322.72088623046875 321.008453369140625 294.443450927734375 74.05402374267578125 110.09470367431640625 329.038055419921875 55.71286773681640625 71.9799957275390625 79.91919708251953125 62.649810791015625 319.7626953125 44.999897003173828125 338.19830322265625 324.271728515625 4.14397430419921875 346.53375244140625 3.1796042919158935547 7.8831615447998046875 308.03118896484375 309.609832763671875 315.602264404296875 323.6724853515625
56.426860809326171875 8.1294040679931640625 319.288238525390625 56.143169403076171875 65.90784454345703125 64.0251312255859375 357.8780517578125 348.177703857421875 38.54093170166015625 74.35764312744140625 307.234344482421875 341.564483642578125 326.09307861328125 355.36395263671875 5.8271932601928710938 10.581543922424316406 331.219329833984375 326.97589111328125 28.609905242919921875 347.798553466796875 329.348724365234375 331.8204345703125 324.68798828125 37.64739990234375 49.184635162353515625 328.495086669921875 70.8652496337890625 78.9584197998046875 65.4491729736328125 28.85555267333984375 309.0933837890625 48.575626373291015625 333.43475341796875 320.2900390625 16.926868438720703125 334.09210205078125 27.47458648681640625 5.9052019119262695312 287.2408447265625 281.092926025390625 275.825408935546875 307.404449462890625
67.2758026123046875 359.99884033203125 349.62353515625 44.999897003173828125 66.30560302734375 48.270153045654296875 342.011962890625 347.660552978515625 61.620716094970703125 50.44036102294921875 299.054229736328125 301.5042724609375 304.5618896484375 38.884708404541015625 311.186553955078125 339.9429931640625 15.254802703857421875 333.434173583984375 359.998321533203125 4.8989038467407226562 319.57415771484375 303.6900634765625 329.53338623046875 37.40517425537109375 34.5625152587890625 42.50977325439453125 93.5031890869140625 63.003437042236328125 59.4996795654296875 31.37332916259765625 350.31036376953125 10.175014495849609375 318.300994873046875 333.4346923828125 60.944530487060546875 251.566650390625 23.1940155029296875 3.8119385242462158203 269.453582763671875 266.26788330078125 271.080322265625 277.430877685546875
67.0110931396484375 327.527923583984375 358.753997802734375 17.241502761840820312 51.661334991455078125 37.8748016357421875 347.004180908203125 15.255620002746582031 37.116779327392578125 23.198301315307617188 1.5071750879287719727 318.17919921875 306.57208251953125 26.17499542236328125 330.153839111328125 318.990509033203125 29.248653411865234375 0.90922409296035766602 358.875640869140625 0 334.884307861328125 326.309173583984375 354.28814697265625 25.115020751953125 25.710527420043945312 64.4401092529296875 57.724414825439453125 48.945201873779296875 72.84751129150390625 20.556819915771484375 353.3668212890625 47.2901153564453125 246.8004608154296875 227.3849639892578125 77.47145843505859375 347.275115966796875 338.4278564453125 4.3988237380981445312 293.197662353515625 280.527099609375 289.358306884765625 308.155914306640625
78.0702972412109375 289.13311767578125 313.314849853515625 5.1174335479736328125 51.7097320556640625 50.815349578857421875 350.94091796875 33.690158843994140625 28.009050369262695312 8.97222137451171875 23.860059738159179688 351.65582275390625 302.90447998046875 1.5473245382308959961 330.349365234375 358.66717529296875 64.6515960693359375 331.699462890625 15.642145156860351562 332.92742919921875 324.618865966796875 320.616607666015625 5.0126481056213378906 30.068662643432617188 42.455066680908203125 72.32344818115234375 70.7095947265625 61.69969940185546875 60.35037994384765625 50.905765533447265625 270.003753662109375 56.308624267578125 334.9835205078125 294.443359375 68.19899749755859375 158.200103759765625 250.640228271484375 317.602386474609375 314.999267578125 289.3839111328125 266.185211181640625 210.2552642822265625
103.3921661376953125 292.520111083984375 281.784210205078125 358.66717529296875 73.36072540283203125 63.767604827880859375 0.88124674558639526367 38.289951324462890625 19.98319244384765625 345.76165771484375 52.98944091796875 87.51020050048828125 221.4230194091796875 245.771728515625 262.302947998046875 0 359.99884033203125 0.76405984163284301758 8.4275798797607421875 319.92633056640625 324.30902099609375 341.563385009765625 314.999267578125 50.194492340087890625 79.329925537109375 82.625762939453125 56.002758026123046875 47.2021026611328125 77.47075653076171875 90.855072021484375 155.322906494140625 202.8333892822265625 281.3096923828125 285.256134033203125 111.03680419921875 30.962398529052734375 290.22454833984375 233.1294097900390625 256.13848876953125 261.869537353515625 239.035919189453125 228.575927734375
96.842376708984375 297.215545654296875 287.89129638671875 60.9456634521484375 93.04830169677734375 73.47444915771484375 358.5670166015625 38.290203094482421875 16.073711395263671875 344.166961669921875 53.972442626953125 57.61934661865234375 331.990264892578125 306.157470703125 314.99835205078125 309.05206298828125 335.44854736328125 16.03238677978515625 13.671893119812011719 316.0604248046875 312.272369384765625 39.6435546875 10.00868988037109375 78.6887664794921875 76.53437042236328125 56.093379974365234375 48.813800811767578125 70.200927734375 100.437164306640625 113.19832611083984375 128.516754150390625 224.9994659423828125 236.59124755859375 155.22418212890625 263.1568603515625 357.70806884765625 139.76422119140625 179.999176025390625 233.8573150634765625 223.3391571044921875 231.00823974609375 237.6799163818359375
