wildfire/work/fuelmodels/1843/slope.asc
ncols        351
nrows        260
xllcorner    185735.000000000000
yllcorner    478100.000000000000
cellsize     5.000000000000
NODATA_value   -999
[rows 162 to 179 of 260, columns 80 to 119 of 351]
2.4988162517547607422 2.5853281021118164062 1.8159928321838378906 1.6437075138092041016 1.0305439233779907227 0.25456359982490539551 0.78587692975997924805 1.585101008415222168 1.4855551719665527344 1.0166932344436645508 1.3287214040756225586 0.73458856344223022461 1.3199297189712524414 2.1088645458221435547 2.4536697864532470703 2.0244286060333251953 2.8794000148773193359 4.7180066108703613281 4.3266139030456542969 1.8673887252807617188 0.47303250432014465332 1.0166765451431274414 1.2951812744140625 0.40748560428619384766 0.95456808805465698242 1.8315598964691162109 0.71998393535614013672 1.3427470922470092773 4.70600128173828125 4.5677485466003417969 4.6307797431945800781 1.9678590297698974609 0.79740035533905029297 1.5088647603988647461 0.89601564407348632812 0.54097002744674682617 0.82544595003128051758 0.071177296340465545654 1.3118747472763061523 1.0107048749923706055
2.677577972412109375 2.2515571117401123047 1.4635790586471557617 1.4289262294769287109 1.8109737634658813477 1.8846387863159179688 2.3901627063751220703 2.2235283851623535156 2.4195876121520996094 1.3707419633865356445 1.6946166753768920898 1.2380285263061523438 1.2920507192611694336 2.7038826942443847656 3.2314221858978271484 2.8790147304534912109 2.2909843921661376953 1.6544402837753295898 1.9351953268051147461 3.1302099227905273438 2.1267654895782470703 0.63157433271408081055 1.9325840473175048828 2.1932773590087890625 2.9161968231201171875 1.7498785257339477539 2.426486968994140625 2.3275341987609863281 5.6089735031127929688 4.3622717857360839844 5.1621575355529785156 2.2623093128204345703 1.2727218866348266602 2.0630197525024414062 1.5911664962768554688 1.149440765380859375 0.93148088455200195312 0.77484083175659179688 1.4014110565185546875 2.705547332763671875
3.5307536125183105469 2.3083512783050537109 1.7842466831207275391 1.0860120058059692383 2.1824200153350830078 3.1119103431701660156 1.2425160408020019531 0.63954865932464599609 3.4572923183441162109 0.83278650045394897461 1.6943269968032836914 1.8510428667068481445 2.2305777072906494141 3.747325897216796875 3.8060159683227539062 1.8902496099472045898 1.67024993896484375 1.042237401008605957 0.89316630363464355469 2.0443248748779296875 1.0818581581115722656 0.84901440143585205078 2.1428656578063964844 1.9594019651412963867 0.98994839191436767578 1.8447446823120117188 2.5331370830535888672 1.1956257820129394531 4.0974597930908203125 6.8662567138671875 7.213962554931640625 2.1203520298004150391 1.1045050621032714844 2.097320556640625 1.732458949089050293 1.1581991910934448242 0.99401199817657470703 1.5037838220596313477 2.3485188484191894531 4.1259670257568359375
4.3652739524841308594 2.9076797962188720703 2.8974077701568603516 2.0293872356414794922 2.51490020751953125 4.0727663040161132812 2.5962700843811035156 1.5394372940063476562 2.3706047534942626953 0.66440039873123168945 0.90109723806381225586 1.7680114507675170898 2.9906468391418457031 3.4434058666229248047 2.0085864067077636719 0.22943705320358276367 0.68095064163208007812 0.99861115217208862305 2.0045602321624755859 3.2443833351135253906 2.0246446132659912109 1.3803009986877441406 1.4538757801055908203 2.4747648239135742188 0.31980133056640625 1.9347033500671386719 1.7405560016632080078 2.9403326511383056641 2.8777496814727783203 6.3796844482421875 8.0183038711547851562 1.978135228157043457 1.0261158943176269531 1.5179053544998168945 1.1476801633834838867 0.39357072114944458008 1.0695784091949462891 1.5603060722351074219 1.4957578182220458984 2.7500517368316650391
3.8038763999938964844 2.4528095722198486328 2.8714597225189208984 2.8778023719787597656 2.6148791313171386719 3.8183169364929199219 2.8779795169830322266 0.13119490444660186768 1.3291262388229370117 1.0934453010559082031 0.42690864205360412598 1.691353917121887207 3.3433208465576171875 2.6992177963256835938 1.1824367046356201172 1.6022341251373291016 0.93582576513290405273 0.88238757848739624023 2.0033049583435058594 2.2596387863159179688 0.39357662200927734375 0.39870801568031311035 0.4970398247241973877 2.2223489284515380859 1.0538517236709594727 1.6913305521011352539 1.2425316572189331055 1.7207106351852416992 0.62515985965728759766 6.1165208816528320312 7.2992568016052246094 1.6012846231460571289 2.1784746646881103516 1.1113514900207519531 0.58674514293670654297 1.128537297248840332 1.2115646600723266602 1.3685171604156494141 1.878186345100402832 1.1177161931991577148
3.3569135665893554688 2.4246153831481933594 1.4132688045501708984 1.3291280269622802734 2.1150774955749511719 3.0168478488922119141 3.0662631988525390625 1.0634248256683349609 1.4416482448577880859 0.97347366809844970703 1.4299920797348022461 1.691353917121887207 3.0445814132690429688 2.4780704975128173828 0.73254168033599853516 1.3412506580352783203 1.9141978025436401367 0.56654679775238037109 2.1074264049530029297 1.3740532398223876953 1.1994171142578125 1.6400254964828491211 1.0182136297225952148 1.484171748161315918 1.1977264881134033203 2.8568243980407714844 3.2784621715545654297 0.74281102418899536133 2.2750067710876464844 6.8177366256713867188 7.4858288764953613281 2.0085980892181396484 2.7224864959716796875 0.5978062748908996582 0.20371732115745544434 1.788761138916015625 2.0032742023468017578 2.1971886157989501953 1.8781517744064331055 0.84542977809906005859
3.6694214344024658203 3.3275611400604248047 1.4711681604385375977 1.0934693813323974609 2.6040122509002685547 2.8459692001342773438 2.7143392562866210938 2.3911986351013183594 2.3996627330780029297 1.8781622648239135742 1.1776801347732543945 1.0672403573989868164 2.9022798538208007812 3.0284161567687988281 0.62756699323654174805 0.68095064163208007812 1.6799187660217285156 0.58674257993698120117 2.0679280757904052734 0.804950714111328125 1.1131572723388671875 0.86556136608123779297 1.5091967582702636719 0.66211557388305664062 2.3360104560852050781 1.9375897645950317383 1.3276207447052001953 2.2064013481140136719 1.4994547367095947266 6.4254736900329589844 6.0654072761535644531 3.2398545742034912109 2.8486089706420898438 0.85968631505966186523 0.75632745027542114258 2.2907636165618896484 1.8008726835250854492 2.4264931678771972656 0.82974326610565185547 2.0251445770263671875
4.0472764968872070312 3.1040883064270019531 1.3103241920471191406 0.89999061822891235352 2.0679037570953369141 3.5670435428619384766 3.2838580608367919922 2.1886789798736572266 2.012393951416015625 2.1506795883178710938 1.5716546773910522461 0.41367572546005249023 2.4661688804626464844 3.4989917278289794922 1.5358126163482666016 1.5975055694580078125 1.7842285633087158203 0.55572611093521118164 1.6338284015655517578 1.6535075902938842773 0.57272547483444213867 0.94603073596954345703 1.4064593315124511719 0.14228935539722442627 2.0045454502105712891 2.5546338558197021484 3.2835385799407958984 0.18552500009536743164 3.6574330329895019531 3.8979303836822509766 4.3729124069213867188 4.3699121475219726562 2.6775147914886474609 0.9822533726692199707 1.1651778221130371094 1.9720251560211181641 1.7725656032562255859 2.7749042510986328125 1.3603512048721313477 2.9573163986206054688
3.6529698371887207031 3.0741672515869140625 1.4086016416549682617 0.86557382345199584961 0.66439342498779296875 2.0718162059783935547 2.9291472434997558594 2.0620710849761962891 1.732458949089050293 1.4490045309066772461 1.5908488035202026367 2.6404886245727539062 3.1326014995574951172 2.6311089992523193359 2.1165449619293212891 0.94600784778594970703 0.25650623440742492676 0.30017584562301635742 0.48154708743095397949 1.3773891925811767578 1.3517894744873046875 1.6129442453384399414 1.3367210626602172852 0.89994257688522338867 0.50309622287750244141 1.282601475715637207 0.39359426498413085938 1.8312525749206542969 2.0951616764068603516 3.8231177330017089844 4.7025651931762695312 4.0534915924072265625 2.4252245426177978516 2.6433303356170654297 1.7740207910537719727 0.76896327733993530273 1.7785357236862182617 2.5017848014831542969 1.1568801403045654297 1.1811611652374267578
2.5155041217803955078 3.0477669239044189453 2.3457438945770263672 2.8592939376831054688 2.4937386512756347656 2.0845074653625488281 2.7936208248138427734 2.7174837589263916016 2.3689126968383789062 1.9840140342712402344 2.5355486869812011719 2.6032602787017822266 2.0033054351806640625 1.1459186077117919922 1.6421645879745483398 0.96193015575408935547 0.67424237728118896484 0.76892107725143432617 0.031826604157686233521 0.52958619594573974609 1.2195136547088623047 2.2969384193420410156 2.0502240657806396484 0.66439342498779296875 0.84724855422973632812 1.0107048749923706055 2.3689126968383789062 0.78779798746109008789 1.1568801403045654297 4.8254032135009765625 4.2682600021362304688 3.0384027957916259766 1.7218762636184692383 2.3912122249603271484 3.1846191883087158203 1.0804181098937988281 1.0957626104354858398 2.8573293685913085938 1.70536041259765625 0.86557561159133911133
1.9344165325164794922 2.3033304214477539062 0.97135728597640991211 1.5564032793045043945 2.3571379184722900391 2.6063714027404785156 2.6662068367004394531 2.5703933238983154297 2.9258494377136230469 2.3465912342071533203 1.7639870643615722656 1.1564450263977050781 0.3322245180606842041 0.47302922606468200684 1.9500688314437866211 1.0146974325180053711 1.6154536008834838867 1.2825924158096313477 0.61451089382171630859 0.8400325775146484375 1.069133758544921875 2.4443557262420654297 2.5585925579071044922 0.22273722290992736816 0.75633257627487182617 2.5229573249816894531 4.5217871665954589844 4.4833445549011230469 3.3394029140472412109 5.1252508163452148438 3.1965272426605224609 1.9030513763427734375 2.6086909770965576172 2.5323758125305175781 3.3905637264251708984 1.5667724609375 1.0808744430541992188 3.605503082275390625 3.1896712779998779297 2.6032223701477050781
1.7440695762634277344 1.853529810905456543 0.7748247981071472168 1.5602991580963134766 2.1710114479064941406 2.7650563716888427734 2.8652911186218261719 2.2045493125915527344 2.5209190845489501953 1.8364869356155395508 0.86145079135894775391 1.0246018171310424805 1.6251046657562255859 1.3287377357482910156 1.3566281795501708984 1.5822205543518066406 1.3045281171798706055 1.1131697893142700195 0.70072323083877563477 0.49702116847038269043 1.2534804344177246094 2.4706974029541015625 2.1146335601806640625 0.62760883569717407227 0.74280691146850585938 1.7725918292999267578 4.2670722007751464844 2.3054699897766113281 2.0718162059783935547 4.5861177444458007812 4.2493977546691894531 0.43279245495796203613 3.1439161300659179688 3.5082337856292724609 2.6570339202880859375 1.55347442626953125 0.20128875970840454102 3.7462143898010253906 3.5811717510223388672 1.1285496950149536133
1.412903904914855957 1.2116086483001708984 1.7324379682540893555 2.1605305671691894531 1.7124575376510620117 1.8924003839492797852 2.4937279224395751953 2.3485591411590576172 3.2597372531890869141 1.988844752311706543 1.9027651548385620117 1.6424520015716552734 1.145428776741027832 1.2671155929565429688 1.532497406005859375 0.69785952568054199219 0.61454230546951293945 1.2128305435180664062 0.60373544692993164062 0.75433957576751708984 1.8477617502212524414 2.0630052089691162109 1.3725786209106445312 0.28810197114944458008 0.20374004542827606201 1.9634889364242553711 4.2850041389465332031 4.9609141349792480469 3.1552882194519042969 4.2735304832458496094 5.6884918212890625 5.4160604476928710938 5.8262481689453125 5.4391083717346191406 1.1298456192016601562 1.770846247673034668 1.1943881511688232422 3.7654535770416259766 2.6739418506622314453 1.3828785419464111328
2.6173868179321289062 2.6645016670227050781 2.4760341644287109375 1.2885380983352661133 0.94925403594970703125 1.7842509746551513672 2.4114551544189453125 2.5765314102172851562 4.1982560157775878906 1.8982757329940795898 1.8627589941024780273 1.6556786298751831055 1.6608642339706420898 1.9291907548904418945 2.9656827449798583984 3.1863570213317871094 2.3039495944976806641 1.8510550260543823242 1.1299126148223876953 0.96301531791687011719 2.8821737766265869141 1.7501628398895263672 1.342395782470703125 0.95935475826263427734 1.2522358894348144531 2.5706102848052978516 4.9050526618957519531 5.2288861274719238281 4.791782379150390625 2.0370955467224121094 2.2223906517028808594 0.79546958208084106445 7.2772030830383300781 5.9861288070678710938 1.0804295539855957031 2.7716710567474365234 1.8204913139343261719 2.9982213973999023438 1.9393700361251831055 1.6826599836349487305
2.353515625 1.6934312582015991211 0.92273318767547607422 0.54745161533355712891 1.679050445556640625 1.8619750738143920898 1.7828289270401000977 2.23374176025390625 4.6699657440185546875 2.6722800731658935547 2.2589771747589111328 2.0681726932525634766 2.90213775634765625 2.9711101055145263672 1.922129511833190918 2.3257989883422851562 1.1136314868927001953 0.28815022110939025879 0.33828559517860412598 0.98018276691436767578 3.5187213420867919922 1.2842042446136474609 1.622349858283996582 1.6400254964828491211 3.9077551364898681641 6.8492655754089355469 5.3635516166687011719 5.2596621513366699219 4.1079030036926269531 2.7540342807769775391 4.0706510543823242188 5.5005044937133789062 7.8641438484191894531 5.6033339500427246094 2.7178561687469482422 3.5642347335815429688 1.7785509824752807617 2.3688900470733642578 2.8707346916198730469 2.4841797351837158203
1.9070620536804199219 0.68023836612701416016 0.74281102418899536133 1.3118512630462646484 2.5774774551391601562 1.9603931903839111328 1.8982472419738769531 2.3153445720672607422 4.4833288192749023438 3.4667775630950927734 1.4204046726226806641 1.7842293977737426758 2.50588226318359375 3.3814840316772460938 2.2398774623870849609 1.6571815013885498047 2.5187451839447021484 0.071144722402095794678 1.0260857343673706055 2.060817718505859375 2.8310363292694091797 1.4014121294021606445 1.7645514011383056641 1.5357995033264160156 3.7912473678588867188 2.8183157444000244141 0.57627308368682861328 1.844723820686340332 3.8749029636383056641 1.1045029163360595703 4.1391720771789550781 5.1301403045654296875 6.4190578460693359375 4.3699140548706054688 1.9466862678527832031 1.8789824247360229492 1.1405618190765380859 3.0232408046722412109 2.7885637283325195312 1.9969857931137084961
2.3759393692016601562 0.95455837249755859375 1.9678727388381958008 2.82366943359375 2.7579329013824462891 2.1267795562744140625 2.3353750705718994141 2.4162838459014892578 3.5670931339263916016 4.2308344841003417969 2.489658355712890625 2.8411972522735595703 1.5285390615463256836 3.67105865478515625 2.0033392906188964844 1.6378297805786132812 3.1127111911773681641 1.9221065044403076172 2.1988215446472167969 2.0999791622161865234 1.5325053930282592773 2.3485376834869384766 1.2778555154800415039 0.55660200119018554688 3.2455923557281494141 2.5784578323364257812 1.4374176263809204102 4.2359576225280761719 4.9127788543701171875 5.2826180458068847656 5.7558455467224121094 6.8644542694091796875 5.5776615142822265625 3.250598907470703125 1.4573597908020019531 1.7207120656967163086 2.7720234394073486328 3.2597677707672119141 2.2155652046203613281 2.5892202854156494141
1.7980855703353881836 2.7904999256134033203 3.7403802871704101562 3.2466855049133300781 1.7567920684814453125 1.0504932403564453125 1.006174921989440918 2.0371119976043701172 2.6003577709197998047 4.1333036422729492188 3.6864295005798339844 4.0223846435546875 1.9218375682830810547 2.8068087100982666016 1.342373967170715332 0.59781795740127563477 1.770846247673034668 1.6063389778137207031 1.6163829565048217773 1.3662617206573486328 0.32761925458908081055 2.564693450927734375 1.6163661479949951172 1.0836560726165771484 1.665719151496887207 1.670252680778503418 3.060321807861328125 2.1784842014312744141 3.2499773502349853516 2.8317601680755615234 6.9367656707763671875 8.0550212860107421875 6.1339879035949707031 2.9473788738250732422 0.87372606992721557617 1.881415247917175293 2.9078462123870849609 1.7547919750213623047 0.69496631622314453125 2.3118271827697753906
