wildfire/work/fuelmodels/1843/slope.asc
ncols        351
nrows        260
xllcorner    185735.000000000000
yllcorner    478100.000000000000
cellsize     5.000000000000
NODATA_value   -999
[rows 90 to 107 of 260, columns 120 to 159 of 351]
1.6874610185623168945 1.2951977252960205078 2.0121450424194335938 2.0620329380035400391 2.4348096847534179688 1.9727725982666015625 1.1888207197189331055 1.1776797771453857422 1.7955362796783447266 2.1717543601989746094 3.1197059154510498047 3.2784748077392578125 1.8835828304290771484 2.3810746669769287109 2.9408738613128662109 2.7905435562133789062 2.5490705966949462891 1.9842779636383056641 2.0133817195892333984 2.9403347969055175781 3.0083160400390625 1.4121979475021362305 1.0261248350143432617 1.4089696407318115234 1.5774191617965698242 1.7510343790054321289 1.1738364696502685547 1.1529268026351928711 1.7955422401428222656 2.2567157745361328125 3.0853006839752197266 4.80063629150390625 5.3046984672546386719 0.61781299114227294922 1.2790484428405761719 2.0083479881286621094 3.3327360153198242188 3.3696787357330322266 4.2754487991333007812 4.8777661323547363281
0.80119115114212036133 0.70652937889099121094 0.57363462448120117188 1.7315504550933837891 2.7789468765258789062 2.8411905765533447266 3.1422963142395019531 3.4737629890441894531 3.330287933349609375 2.6813480854034423828 3.6710584163665771484 3.9186115264892578125 3.5874147415161132812 3.1776609420776367188 2.4815304279327392578 1.4430390596389770508 1.2667165994644165039 1.7300930023193359375 1.471175074577331543 1.0576846599578857422 1.7799650430679321289 2.9120075702667236328 0.98690658807754516602 1.0538575649261474609 1.5987575054168701172 2.4943349361419677734 2.3243000507354736328 0.83277821540832519531 0.54929375648498535156 1.3861560821533203125 0.91171443462371826172 3.2884616851806640625 4.727809906005859375 2.0403423309326171875 2.6433539390563964844 3.6511819362640380859 5.6896715164184570312 6.0905642509460449219 4.360088348388671875 2.7891018390655517578
3.8678727149963378906 2.7525808811187744141 1.7405790090560913086 3.0541892051696777344 1.953465580940246582 1.7309669256210327148 3.5531396865844726562 4.3559012413024902344 4.4101133346557617188 3.7462143898010253906 2.7878031730651855469 1.9510903358459472656 2.3678121566772460938 2.1037900447845458984 1.6556553840637207031 1.7417823076248168945 0.78779798746109008789 1.4299845695495605469 2.4987750053405761719 2.2940671443939208984 1.712172389030456543 4.0940275192260742188 2.2305665016174316406 1.1458946466445922852 1.0246256589889526367 1.0672132968902587891 1.8814046382904052734 1.0466268062591552734 0.48150780797004699707 1.0799471139907836914 0.68096762895584106445 3.5324752330780029297 4.2479710578918457031 0.23165397346019744873 5.0706677436828613281 4.1822218894958496094 3.4090240001678466797 3.1229248046875 2.4774601459503173828 1.0152180194854736328
3.5556986331939697266 3.7348549365997314453 2.6728227138519287109 2.9239809513092041016 1.3382508754730224609 1.7910112142562866211 2.2244303226470947266 1.5978186130523681641 1.9154833555221557617 2.1654098033905029297 0.89324074983596801758 1.8771331310272216797 0.45559725165367126465 1.5225595235824584961 2.2337224483489990234 2.3550057411193847656 1.298703312873840332 1.3049203157424926758 1.9969949722290039062 3.4226572513580322266 3.4578924179077148438 4.6377716064453125 3.4811763763427734375 2.6873717308044433594 2.5229663848876953125 1.0809012651443481445 2.1341426372528076172 2.7239806652069091797 2.6200883388519287109 1.1249376535415649414 0.45559132099151611328 3.4431030750274658203 6.6916675567626953125 3.6345400810241699219 4.9821071624755859375 1.5908271074295043945 2.1336576938629150391 1.8814066648483276367 1.9448775053024291992 1.7053494453430175781
2.4943394660949707031 3.3430399894714355469 3.6688392162322998047 3.2075455188751220703 2.9472138881683349609 3.771503448486328125 2.8438923358917236328 2.0166888236999511719 1.145477294921875 2.4774594306945800781 2.0532071590423583984 2.1028816699981689453 1.9089214801788330078 1.8738800287246704102 2.5373432636260986328 1.9840373992919921875 3.3097748756408691406 3.1712920665740966797 1.6745187044143676758 0.64036780595779418945 1.3547819852828979492 3.4991636276245117188 2.8082497119903564453 2.2278301715850830078 3.1021404266357421875 0.9161281585693359375 1.3153264522552490234 1.0305421352386474609 0.60789930820465087891 1.310711979866027832 1.4690991640090942383 1.6060137748718261719 5.2539300918579101562 4.5466952323913574219 3.1219575405120849609 2.5782678127288818359 2.6767930984497070312 1.6000193357467651367 1.8078894615173339844 1.9207789897918701172
0.99608331918716430664 1.9980052709579467773 3.4048655033111572266 4.1449913978576660156 3.9166557788848876953 3.1093118190765380859 2.6775825023651123047 3.4514830112457275391 3.1583611965179443359 3.249996185302734375 3.1495342254638671875 2.8397719860076904297 2.3689064979553222656 0.87370133399963378906 2.2159903049468994141 2.2377858161926269531 2.9377510547637939453 2.5084669589996337891 1.2115945816040039062 0.43277814984321594238 0.99097406864166259766 2.2326323986053466797 2.4252376556396484375 3.0299205780029296875 3.4842343330383300781 3.1882607936859130859 2.7456173896789550781 2.7373125553131103516 1.6154471635818481445 2.215991973876953125 1.7799609899520874023 0.90502768754959106445 2.06081390380859375 0.20374763011932373047 1.2510602474212646484 2.3620698451995849609 3.7746982574462890625 2.9087135791778564453 1.7808266878128051758 2.1341481208801269531
1.0422788858413696289 2.6788716316223144531 2.1317696571350097656 1.449004054069519043 1.3427470922470092773 2.3474607467651367188 2.8672220706939697266 3.1490294933319091797 2.3153553009033203125 2.3912148475646972656 3.4984347820281982422 2.6174094676971435547 0.8400325775146484375 1.5525144338607788086 1.3536276817321777344 3.5371942520141601562 1.6654331684112548828 1.55347442626953125 2.0620670318603515625 3.2877075672149658203 1.8234982490539550781 1.1249551773071289062 1.852114558219909668 2.9279332160949707031 2.5373466014862060547 2.6819057464599609375 2.2070996761322021484 2.6737699508666992188 2.3646330833435058594 1.6163734197616577148 2.1775450706481933594 1.6608519554138183594 1.7691406011581420898 1.6934423446655273438 1.106800079345703125 0.78716754913330078125 2.2643332481384277344 3.2149584293365478516 1.8444728851318359375 1.0152077674865722656
2.1265454292297363281 2.6517241001129150391 1.3685121536254882812 1.5235643386840820312 2.5259668827056884766 3.2798712253570556641 2.1768484115600585938 3.3882324695587158203 2.0093636512756347656 2.3560786247253417969 2.6679284572601318359 3.6427624225616455078 3.0349342823028564453 3.5328981876373291016 3.5399203300476074219 2.8159885406494140625 2.8082418441772460938 2.2515349388122558594 2.9758887290954589844 3.5054798126220703125 3.5007343292236328125 0.3987293243408203125 1.4957036972045898438 2.0291371345520019531 1.4218504428863525391 2.1551451683044433594 2.4246432781219482422 1.424677729606628418 0.72698056697845458984 1.1131801605224609375 2.4546790122985839844 2.9161951541900634766 2.3301627635955810547 2.2535691261291503906 0.68539947271347045898 0.51406067609786987305 1.0733720064163208008 1.1581960916519165039 2.3231997489929199219 1.5774010419845581055
2.4792611598968505859 1.7842236757278442383 1.4597785472869873047 4.0143170356750488281 4.1391472816467285156 1.6424618959426879883 2.3472533226013183594 2.3258275985717773438 2.4626917839050292969 2.4470272064208984375 1.3956085443496704102 2.9170506000518798828 3.8901507854461669922 3.5851469039916992188 2.7820537090301513672 2.0371317863464355469 2.7447037696838378906 2.2235057353973388672 1.4057166576385498047 2.1782243251800537109 4.8735241889953613281 2.2623093128204345703 1.6862485408782958984 2.4196012020111083984 3.0726654529571533203 2.0953869819641113281 2.9609344005584716797 3.1692166328430175781 1.9281691312789916992 2.4823634624481201172 3.1088252067565917969 2.3347232341766357422 1.2587124109268188477 1.7599570751190185547 0.98687958717346191406 0.50309854745864868164 0.94924306869506835938 1.1458822488784790039 2.4246089458465576172 2.2271659374237060547
2.6034653186798095703 4.2773442268371582031 4.5703682899475097656 3.5557045936584472656 1.2380067110061645508 1.5602818727493286133 3.1172358989715576172 3.6127946376800537109 2.9982399940490722656 2.7533504962921142578 3.0616307258605957031 2.6318418979644775391 2.3225588798522949219 1.7253854274749755859 1.1581797599792480469 0.92767918109893798828 1.4014363288879394531 2.1635887622833251953 2.2015590667724609375 2.1506466865539550781 4.5472350120544433594 3.8383831977844238281 3.1762156486511230469 3.4979529380798339844 2.5893862247467041016 1.9351953268051147461 1.3685166835784912109 2.5353615283966064453 1.2955822944641113281 1.9417756795883178711 2.1654458045959472656 3.8740141391754150391 3.0168993473052978516 2.8030405044555664062 1.2376332283020019531 1.9500722885131835938 3.0017788410186767578 3.08924102783203125 2.3571197986602783203 2.4987709522247314453
4.1293692588806152344 3.7132904529571533203 2.5209357738494873047 0.73254591226577758789 0.60037332773208618164 2.0701024532318115234 3.0878918170928955078 3.3911690711975097656 2.5451111793518066406 1.7740002870559692383 1.3802902698516845703 0.91834497451782226562 1.7808284759521484375 2.1633038520812988281 2.4179167747497558594 1.9291907548904418945 1.710373997688293457 2.57061004638671875 2.3740410804748535156 1.5978301763534545898 3.2368724346160888672 2.8709192276000976562 1.93262481689453125 1.5305135250091552734 1.831225275993347168 2.1466314792633056641 1.6826599836349487305 2.0564088821411132812 1.0126664638519287109 1.2412761449813842773 1.3241415023803710938 3.6252102851867675781 3.1784377098083496094 3.2981400489807128906 1.6129397153854370117 1.9472144842147827148 1.8433870077133178711 1.4903149604797363281 1.4855427742004394531 2.8635153770446777344
3.5165450572967529297 2.0980393886566162109 1.2979096174240112305 1.0883606672286987305 1.5420435667037963867 1.4003350734710693359 1.3172658681869506836 2.2152953147888183594 2.9470295906066894531 2.0045650005340576172 0.89601999521255493164 1.0388642549514770508 1.0187047719955444336 1.520928502082824707 2.1115164756774902344 2.8825347423553466797 2.2079844474792480469 0.91614669561386108398 0.99913895130157470703 1.8159903287887573242 2.9746909141540527344 2.2271492481231689453 2.1450061798095703125 1.8846613168716430664 2.0246789455413818359 2.3714652061462402344 2.8691954612731933594 2.6577014923095703125 2.2567157745361328125 1.4031915664672851562 0.045009609311819076538 1.6012599468231201172 1.6204527616500854492 2.2710218429565429688 2.2593934535980224609 2.3549809455871582031 2.2984685897827148438 2.2625520229339599609 1.8109850883483886719 2.2452476024627685547
2.469264984130859375 2.4841597080230712891 2.2643210887908935547 1.986065983772277832 2.1191668510437011719 2.4937500953674316406 2.5785009860992431641 2.2607583999633789062 2.0133755207061767578 2.1057453155517578125 3.0728321075439453125 3.8278586864471435547 3.2192184925079345703 1.5367971658706665039 0.68096536397933959961 1.2178523540496826172 1.9778897762298583984 1.0246282815933227539 0.77416002750396728516 2.0489697456359863281 3.0813670158386230469 0.61204743385314941406 0.88463395833969116211 1.5959062576293945312 1.6063356399536132812 1.9500467777252197266 2.3594875335693359375 2.3457579612731933594 2.4294481277465820312 2.4429385662078857422 1.6304229497909545898 1.0957520008087158203 1.27310943603515625 1.6022341251373291016 2.0519573688507080078 2.5419139862060546875 1.4405714273452758789 2.1006839275360107422 0.52670359611511230469 1.6101138591766357422
2.1893393993377685547 2.0759472846984863281 1.7570669651031494141 2.0294101238250732422 2.3160147666931152344 1.4739375114440917969 0.6054363250732421875 1.496773838996887207 2.1626343727111816406 3.2889335155487060547 3.5393505096435546875 2.8165214061737060547 2.4845712184906005859 2.0825340747833251953 0.52957302331924438477 0.5736548304557800293 2.2763521671295166016 1.5920969247817993164 0.64349097013473510742 1.9573268890380859375 2.9731709957122802734 1.2289870977401733398 0.58670568466186523438 1.0533710718154907227 0.97604334354400634766 1.4977326393127441406 2.4583601951599121094 2.0630052089691162109 1.4014077186584472656 2.3742547035217285156 2.1642899513244628906 2.3301639556884765625 2.3240690231323242188 1.8982521295547485352 2.3396794795989990234 1.8279207944869995117 0.54465508460998535156 2.1914446353912353516 2.8658165931701660156 2.6081089973449707031
1.5987799167633056641 2.0630052089691162109 1.7221555709838867188 1.5495657920837402344 1.4349380731582641602 1.8389533758163452148 2.1317696571350097656 2.9271039962768554688 4.0535078048706054688 4.0587282180786132812 2.9901375770568847656 2.4969618320465087891 1.7053689956665039062 2.3054718971252441406 0.090002030134201049805 0.21348807215690612793 1.543337702751159668 2.8057348728179931641 2.5538539886474609375 2.1506891250610351562 1.9260814189910888672 1.2982990741729736328 1.7121489048004150391 2.2024922370910644531 1.6937325000762939453 0.47302430868148803711 0.98279005289077758789 1.4086016416549682617 1.654404759407043457 2.4955134391784667969 2.2780985832214355469 3.2617449760437011719 3.6714632511138916016 2.7763750553131103516 3.1998116970062255859 1.2982990741729736328 1.3367210626602172852 2.9731822013854980469 4.9287767410278320312 3.2073717117309570312
1.6838941574096679688 2.9239950180053710938 2.9506428241729736328 2.5064427852630615234 1.4984152317047119141 2.2337219715118408203 3.0217115879058837891 2.2524290084838867188 1.566773533821105957 1.1026697158813476562 3.4254221916198730469 3.510089874267578125 3.130218505859375 3.8419325351715087891 2.5064647197723388672 1.3696554899215698242 0.54374718666076660156 0.68689924478530883789 1.6946197748184204102 2.2843327522277832031 2.3646523952484130859 1.2115978002548217773 1.4247168302536010742 2.0519800186157226562 2.2909739017486572266 0.91612392663955688477 0.6442978978157043457 0.74214667081832885742 1.1699134111404418945 3.1443409919738769531 4.3391766548156738281 3.1060516834259033203 3.1546649932861328125 2.5774772167205810547 2.9472184181213378906 1.1113661527633666992 3.0183939933776855469 3.6904144287109375 2.8344504833221435547 2.8961913585662841797
0.98639100790023803711 0.50311005115509033203 2.0740599632263183594 3.3997006416320800781 3.3965787887573242188 2.5469214916229248047 1.4292993545532226562 1.2727024555206298828 1.1285339593887329102 0.86557382345199584961 2.5064647197723388672 2.5474786758422851562 1.4721964597702026367 2.5450897216796875 3.0192041397094726562 2.6950466632843017578 2.2280795574188232422 2.7089223861694335938 1.4472522735595703125 0.92764759063720703125 2.2969384193420410156 0.7663123011589050293 1.2044709920883178711 2.0083425045013427734 2.9031605720520019531 2.5259640216827392578 2.6341464519500732422 2.0603361129760742188 1.0634363889694213867 2.4821753501892089844 2.2155735492706298828 2.482151031494140625 2.799411773681640625 3.7559003829956054688 4.0463857650756835938 1.7691310644149780273 2.4352269172668457031 1.6425033807754516602 1.3736948966979980469 3.2251772880554199219
2.8209986686706542969 1.6811319589614868164 2.0264248847961425781 0.69786065816879272461 1.4427020549774169922 1.637856602668762207 1.7032848596572875977 2.1595833301544189453 1.8510328531265258789 1.2892932891845703125 2.0922620296478271484 2.2050426006317138672 0.7689310908317565918 1.1673241853713989258 1.9320604801177978516 2.8671848773956298828 4.4585905075073242188 2.4955804347991943359 2.8578782081604003906 2.0166351795196533203 2.1267795562744140625 0.48569914698600769043 1.1612300872802734375 1.7367776632308959961 3.1719050407409667969 2.6905698776245117188 2.0266435146331787109 3.0083308219909667969 3.0814008712768554688 2.3171253204345703125 1.0883606672286987305 2.1400885581970214844 2.8628213405609130859 3.0192139148712158203 3.4508419036865234375 2.1222581863403320312 1.8534955978393554688 2.0679404735565185547 2.8946042060852050781 3.8015162944793701172
