wildfire/work/fuelmodels/1843/slope.asc
ncols        351
nrows        260
xllcorner    185735.000000000000
yllcorner    478100.000000000000
cellsize     5.000000000000
NODATA_value   -999
[rows 180 to 197 of 260, columns 0 to 39 of 351]
0 3.0016484260559082031 1.5495885610580444336 1.1651718616485595703 1.770846247673034668 1.6799335479736328125 0.74215918779373168945 2.5538589954376220703 1.7192175388336181641 1.5748323202133178711 1.0437346696853637695 1.5048602819442749023 3.8963625431060791016 1.5168697834014892578 0.48571979999542236328 1.6424798965454101562 2.6277849674224853516 2.0740272998809814453 1.6910290718078613281 1.2825803756713867188 1.4489730596542358398 1.2074011564254760742 0.4280770719051361084 0.37108173966407775879 0.54000586271286010742 0.28462141752243041992 0.61779862642288208008 1.6648182868957519531 2.5090506076812744141 1.7785344123840332031 0.27370858192443847656 0.85674673318862915039 0.58414214849472045898 1.1960595846176147461 0.95507580041885375977 0.63398385047912597656 1.3291025161743164062 1.2703607082366943359 2.9935138225555419922 0.56290763616561889648
0 3.1490559577941894531 0.72628676891326904297 0.19352552294731140137 1.7133294343948364258 2.4760062694549560547 0.78587692975997924805 1.4525140523910522461 1.3498919010162353516 0.80115646123886108398 0.58670830726623535156 1.1529422998428344727 3.7165858745574951172 2.5579433441162109375 1.7912658452987670898 1.8643373250961303711 2.0835027694702148438 1.7440952062606811523 1.8003293275833129883 1.8290370702743530273 1.1772789955139160156 0.2134555131196975708 0.54374718666076660156 0.031826604157686233521 0.77485573291778564453 1.207408905029296875 0.73253226280212402344 2.5331568717956542969 2.3907871246337890625 1.1190392971038818359 1.2885153293609619141 0.5333817601203918457 0.38842317461967468262 1.14725494384765625 1.59368896484375 1.0836803913116455078 1.7887551784515380859 1.7510360479354858398 2.4815251827239990234 0.75092810392379760742
0 2.1265265941619873047 0.98017722368240356445 0.6112194061279296875 1.0766634941101074219 2.5617456436157226562 1.4085786342620849609 0.54188257455825805664 1.158211827278137207 1.3275859355926513672 0.94925403594970703125 0.41485717892646789551 3.1616997718811035156 1.3737062215805053711 2.5040316581726074219 2.117931365966796875 2.0371189117431640625 1.8011893033981323242 1.5978326797485351562 1.7033051252365112305 1.6874520778656005859 1.5495427846908569336 1.2294160127639770508 0.35575872659683227539 0.30185577273368835449 0.71784913539886474609 0.47727319598197937012 3.3121991157531738281 2.3916327953338623047 0.79549866914749145508 0.42691949009895324707 0.42690864205360412598 1.0823011398315429688 1.0388642549514770508 2.6081178188323974609 1.4831807613372802734 1.1494246721267700195 1.3367210626602172852 1.7309911251068115234 0.60033982992172241211
0 2.0361182689666748047 1.6000416278839111328 1.050011754035949707 0.60038614273071289062 1.8271100521087646484 2.0678992271423339844 0.26240104436874389648 1.1141103506088256836 2.1019046306610107422 1.4666875600814819336 1.5805711746215820312 2.1267795562744140625 2.1600522994995117188 2.3301565647125244141 1.9583597183227539062 1.8212990760803222656 1.0818452835083007812 0.72559553384780883789 0.98996555805206298828 1.0971579551696777344 1.2408918142318725586 1.6937348842620849609 1.0766699314117431641 0.78778129816055297852 0.42809510231018066406 0.45557856559753417969 2.8451125621795654297 3.1884226799011230469 0.89998716115951538086 0.34418833255767822266 0.53998875617980957031 1.1276320219039916992 0.75896948575973510742 2.7397086620330810547 2.4215166568756103516 0.60789227485656738281 1.686249852180480957 1.5825331211090087891 0.22497549653053283691
0 2.4651741981506347656 1.2873353958129882812 1.4649622440338134766 1.4246850013732910156 2.1324713230133056641 2.6873497962951660156 1.3502657413482666016 1.0186812877655029297 2.3549904823303222656 3.1301982402801513672 3.8118178844451904297 4.8668732643127441406 4.0483622550964355469 2.13793182373046875 1.2240899801254272461 1.0672469139099121094 0.7689310908317565918 0.68019062280654907227 0.90501570701599121094 1.0672469139099121094 1.0359475612640380859 0.38181984424591064453 1.4299834966659545898 1.1405848264694213867 0.84901982545852661133 0.3627770543098449707 1.5742089748382568359 3.2317283153533935547 1.6608251333236694336 0.60033982992172241211 0.22499608993530273438 0.92274999618530273438 0.42454025149345397949 2.0519528388977050781 2.5072991847991943359 0.79803329706192016602 1.5088658332824707031 1.1135975122451782227 0.35145980119705200195
0 1.3325161933898925781 0.85909795761108398438 0.8999665379524230957 0.93583971261978149414 1.9089214801788330078 2.4185667037963867188 1.9931620359420776367 1.4032119512557983398 2.0987865924835205078 1.9158118963241577148 2.7441630363464355469 4.0114288330078125 3.8273348808288574219 2.9774379730224609375 2.22721099853515625 1.6970461606979370117 1.5085303783416748047 1.228184819221496582 0.94926702976226806641 1.4229280948638916016 1.3503057956695556641 0.54094862937927246094 1.4738862514495849609 1.4374032020568847656 0.98689091205596923828 0.40249878168106079102 0.61782985925674438477 2.2050251960754394531 1.6946352720260620117 0.23165397346019744873 0.28459969162940979004 0.72140431404113769531 0.60455071926116943359 2.0915310382843017578 2.1960556507110595703 1.1960595846176147461 1.1772789955139160156 0.92764174938201904297 0.92491412162780761719
0 0.15909400582313537598 0.95510888099670410156 1.5835233926773071289 1.0818467140197753906 1.3828880786895751953 1.3427959680557250977 1.8359410762786865234 1.1669234037399291992 1.2920507192611694336 0.74009984731674194336 2.1967461109161376953 1.3241595029830932617 1.9766188859939575195 2.3301455974578857422 2.2280681133270263672 1.417537689208984375 1.3696136474609375 1.6013028621673583984 1.4625478982925415039 1.9466910362243652344 1.6739180088043212891 0.97606635093688964844 1.3287377357482910156 0.93148416280746459961 0.8561852574348449707 1.1068270206451416016 0.59785020351409912109 2.0234088897705078125 2.0747733116149902344 0.3322245180606842041 0.49702116847038269043 0.92764174938201904297 0.44202515482902526855 1.9229108095169067383 1.4601083993911743164 1.6556797027587890625 1.3861742019653320312 1.0695992708206176758 1.4708135128021240234
0 1.1926562786102294922 0.82115626335144042969 0.92657184600830078125 1.2094898223876953125 1.4804323911666870117 1.5225468873977661133 2.3153390884399414062 0.48571979999542236328 1.8469101190567016602 2.6200838088989257812 2.9405198097229003906 1.6889226436614990234 1.1356595754623413086 1.8795046806335449219 3.1196866035461425781 2.1731326580047607422 1.1837018728256225586 1.0388761758804321289 0.85676932334899902344 1.8109737634658813477 1.6063356399536132812 0.517993927001953125 0.99911111593246459961 0.54927754402160644531 0.33825132250785827637 0.95458745956420898438 0.94925403594970703125 1.5538012981414794922 2.0363790988922119141 0.3871091008186340332 0.28812879323959350586 0.58064919710159301758 0.35143780708312988281 1.4739375114440917969 0.99454385042190551758 1.4121739864349365234 1.5667724609375 1.5937103033065795898 1.6378355026245117188
0 1.1956257820129394531 0.70000118017196655273 0.22495490312576293945 1.0590759515762329102 2.0246446132659912109 1.1824047565460205078 2.3540976047515869141 2.6775484085083007812 3.4875566959381103516 3.0103619098663330078 1.8235121965408325195 2.3100943565368652344 1.1113375425338745117 1.5495657920837402344 2.1712822914123535156 2.0121412277221679688 1.0808758735656738281 1.1131489276885986328 0.94924908876419067383 1.532497406005859375 1.2826099395751953125 0.77028125524520874023 0.7767722010612487793 0.67645883560180664062 0.28461056947708129883 0.71153020858764648438 1.4405835866928100586 1.2445420026779174805 1.697025299072265625 0.99911111593246459961 0.45893174409866333008 0.031826611608266830444 0.2134555131196975708 0.80309092998504638672 1.1392683982849121094 0.90109723806381225586 1.2825924158096313477 1.8079010248184204102 1.4046499729156494141
0 0.517993927001953125 1.3861742019653320312 2.1381561756134033203 2.5058376789093017578 2.8395838737487792969 2.0603473186492919922 1.7955302000045776367 2.4987504482269287109 3.3152410984039306641 2.5353541374206542969 2.0346443653106689453 2.8596394062042236328 0.47305533289909362793 1.0883371829986572266 3.3102159500122070312 1.2380503416061401367 0.7636502385139465332 1.0111935138702392578 1.6022341251373291016 1.9221174716949462891 1.3536483049392700195 0.89604580402374267578 1.5007686614990234375 0.99454694986343383789 0.46981126070022583008 0.60541331768035888672 1.5008032321929931641 1.5367749929428100586 1.2885297536849975586 1.192629694938659668 1.1026697158813476562 1.5357940196990966797 1.6702655553817749023 1.4189847707748413086 1.8235224485397338867 1.3667050600051879883 1.3118783235549926758 1.5324813127517700195 1.194353938102722168
0 0.64430749416351318359 1.7472751140594482422 2.0774698257446289062 1.3080290555953979492 1.7227419614791870117 2.2533609867095947266 1.6669631004333496094 1.6338284015655517578 2.2542631626129150391 0.97605848312377929688 1.3378413915634155273 3.5790579319000244141 1.0619959831237792969 2.0531835556030273438 2.3055095672607421875 1.0808758735656738281 0.62678045034408569336 0.1855125129222869873 1.4398758411407470703 2.003322601318359375 0.8982880711555480957 1.1494468450546264648 2.0400884151458740234 1.8640989065170288086 0.76627802848815917969 0.63397657871246337891 1.26671600341796875 1.4666932821273803711 0.9677250981330871582 0.56652772426605224609 0.31975540518760681152 0.67120128870010375977 0.5736090540885925293 0.78001916408538818359 1.6874246597290039062 2.0715894699096679688 1.8918833732604980469 1.6593139171600341797 1.3566435575485229492
0 2.8628115653991699219 0.95718055963516235352 0.45891153812408447266 0.15909886360168457031 0.86436003446578979492 1.2522475719451904297 1.273503422737121582 1.8673955202102661133 0.98020321130752563477 0.63157433271408081055 0.6559810638427734375 3.1327831745147705078 1.2115640640258789062 2.1324720382690429688 3.1846492290496826172 1.6060137748718261719 0.55661869049072265625 0.031826604157686233521 1.5447002649307250977 1.6874524354934692383 0.58410906791687011719 0.75901019573211669922 1.0505033731460571289 1.9919226169586181641 1.9888688325881958008 1.4121679067611694336 1.2473922967910766602 1.1529610157012939453 1.1529268026351928711 0.5850136876106262207 0.38709312677383422852 0.76632034778594970703 0.071155577898025512695 0.41485717892646789551 1.0671991109848022461 1.9367827177047729492 2.2137272357940673828 2.4864072799682617188 1.5978010892868041992
0 2.7905452251434326172 2.5480816364288330078 0.48153185844421386719 0.57362383604049682617 0.8112156987190246582 1.1044973134994506836 1.4032046794891357422 0.99911111593246459961 0.3627834320068359375 0.57362383604049682617 0.90448075532913208008 2.7807712554931640625 0.58413022756576538086 3.0384111404418945312 4.7427320480346679688 3.1636121273040771484 1.1498363018035888672 0.92494416236877441406 1.2671484947204589844 1.1392488479614257812 0.85672420263290405273 0.87774217128753662109 0.7903620600700378418 0.88465315103530883789 1.4913288354873657227 1.7192265987396240234 1.2424974441528320312 1.2224203348159790039 1.0634212493896484375 0.50312542915344238281 0.4281113743782043457 0.76497542858123779297 0.90053677558898925781 0.72560197114944458008 1.004669189453125 1.5390783548355102539 1.8706204891204833984 2.1670835018157958984 1.3897897005081176758
0 0.3276074528694152832 2.8566262722015380859 2.4550945758819580078 1.5603194236755371094 1.2951699495315551758 2.0033392906188964844 2.7703850269317626953 1.8223955631256103516 0.7689431309700012207 0.17133720219135284424 1.4957356452941894531 2.2949702739715576172 1.1249318122863769531 2.2015736103057861328 2.2155272960662841797 3.1269712448120117188 2.2925214767456054688 2.2160091400146484375 1.6847636699676513672 1.8843673467636108398 1.6720854043960571289 1.1841118335723876953 0.23164731264114379883 0.20374004542827606201 1.3321691751480102539 1.8334554433822631836 1.3517568111419677734 1.3828880786895751953 0.88639581203460693359 0.31816759705543518066 1.0822776556015014648 0.80561608076095581055 1.3153444528579711914 0.21346637606620788574 1.1136314868927001953 1.9207681417465209961 2.2391736507415771484 1.2538830041885375977 1.0261098146438598633
0 1.3397316932678222656 2.0844957828521728516 2.2640995979309082031 1.9720017910003662109 1.3118582963943481445 3.1014993190765380859 1.6288453340530395508 2.1317720413208007812 1.0226556062698364258 1.6608251333236694336 1.6910412311553955078 1.2522907257080078125 0.71996676921844482422 2.0211434364318847656 3.62949371337890625 1.5796308517456054688 1.9643050432205200195 3.321949005126953125 2.4994077682495117188 1.7472424507141113281 0.91002321243286132812 0.41366636753082275391 0.30190181732177734375 0.4970398247241973877 0.63640004396438598633 1.9302446842193603516 2.1831212043762207031 1.4957401752471923828 0.54745721817016601562 0.76893305778503417969 0.96770757436752319336 0.68098467588424682617 1.1994305849075317383 0.86558985710144042969 1.3287214040756225586 1.838948369026184082 1.6657520532608032227 1.0892702341079711914 1.3060543537139892578
0 2.3554253578186035156 1.9601728916168212891 2.4776701927185058594 2.7500340938568115234 0.5867188572883605957 2.17638397216796875 0.3987070620059967041 1.5195658206939697266 2.6858434677124023438 3.4354279041290283203 2.2533438205718994141 1.590212702751159668 0.85500240325927734375 1.4848563671112060547 2.2774515151977539062 2.5229685306549072266 2.1064772605895996094 2.6920449733734130859 2.9403660297393798828 1.9448828697204589844 0.83519691228866577148 0.79545015096664428711 0.58667409420013427734 0.23163062334060668945 0.095455490052700042725 1.2157443761825561523 2.2461695671081542969 1.7315561771392822266 0.92659515142440795898 0.28638991713523864746 1.0883563756942749023 1.0576931238174438477 0.80500441789627075195 1.4003350734710693359 1.0957626104354858398 1.4831666946411132812 1.0127526521682739258 1.6154277324676513672 2.3646154403686523438
0 2.5448961257934570312 2.0531835556030273438 3.6552054882049560547 5.1571183204650878906 4.7172574996948242188 2.0264248847961425781 0.76958936452865600586 1.2425129413604736328 1.980185389518737793 4.135227203369140625 3.9748554229736328125 2.7822051048278808594 1.192653656005859375 1.7828090190887451172 2.4164614677429199219 0.69858157634735107422 1.3378413915634155273 2.0363423824310302734 2.0953869819641113281 1.4132894277572631836 1.0261158943176269531 1.5825453996658325195 1.8800685405731201172 1.6593139171600341797 1.0667188167572021484 1.4909764528274536133 1.6745173931121826172 1.3666390180587768555 1.1370141506195068359 1.0403352975845336914 1.4229280948638916016 1.5007892847061157227 0.65595871210098266602 1.0576727390289306641 1.6477098464965820312 1.9352599382400512695 1.2667512893676757812 2.0221118927001953125 2.2235057353973388672
0 2.3912084102630615234 0.071144722402095794678 1.6681495904922485352 3.8292996883392333984 4.3461666107177734375 4.1667428016662597656 1.5446528196334838867 3.7928285598754882812 2.6301054954528808594 2.846710205078125 2.7688927650451660156 2.6978697776794433594 1.5179053544998168945 1.7032644748687744141 0.96928250789642333984 1.5742089748382568359 2.3996777534484863281 1.4388071298599243164 1.6421588659286499023 0.91113716363906860352 0.76632034778594970703 0.83280789852142333984 0.88010483980178833008 1.0422871112823486328 1.4377483129501342773 1.6325818300247192383 1.46567535400390625 1.2826093435287475586 0.10057541728019714355 0.89993911981582641602 1.1651579141616821289 0.7649905085563659668 0.5944378972053527832 0.54741775989532470703 1.3529075384140014648 2.3048768043518066406 1.8070503473281860352 1.8002949953079223633 1.8945268392562866211
