wildfire/work/fuelmodels/1843/slope.asc
ncols        351
nrows        260
xllcorner    185735.000000000000
yllcorner    478100.000000000000
cellsize     5.000000000000
NODATA_value   -999
[rows 162 to 179 of 260, columns 0 to 39 of 351]
0 5.6221714019775390625 3.8741388320922851562 3.7256493568420410156 4.4515666961669921875 4.5473618507385253906 2.9752218723297119141 2.3083302974700927734 3.4044313430786132812 3.5001435279846191406 2.2736654281616210938 1.5225402116775512695 1.3261020183563232422 2.4114496707916259766 2.1717042922973632812 1.1476290225982666016 0.51307463645935058594 0.58414214849472045898 1.1699450016021728516 0.52186787128448486328 1.0860098600387573242 0.39867508411407470703 0.57362383604049682617 1.2178376913070678711 0.99404621124267578125 1.5796514749526977539 0.8406499028205871582 0.48465529084205627441 2.2656621932983398438 1.2178497314453125 0.18552500009536743164 0.4867534339427947998 1.8003284931182861328 1.6238876581192016602 1.473957061767578125 0.87546932697296142578 0.66899514198303222656 0.34999376535415649414 0.73185002803802490234 0.5736548304557800293
0 3.9021914005279541016 2.5835583209991455078 3.18064117431640625 4.1726999282836914062 4.6164331436157226562 4.1628928184509277344 2.5516541004180908203 2.40453338623046875 3.9010145664215087891 3.8383932113647460938 1.9155218601226806641 1.209506988525390625 0.84546720981597900391 1.1113806962966918945 0.81120520830154418945 0.3149801790714263916 0.24850469827651977539 1.2425285577774047852 1.0359251499176025391 1.0766620635986328125 0.81557285785675048828 0.55661034584045410156 0.43280848860740661621 0.26998820900917053223 1.3427613973617553711 0.41484603285789489746 0.70073533058166503906 1.978135228157043457 1.6424757242202758789 1.8389675617218017578 1.7362190485000610352 1.7648276090621948242 1.5378181934356689453 0.45223128795623779297 0.60036551952362060547 0.42690864205360412598 0.5665085911750793457 0.63641947507858276367 0.13120080530643463135
0 2.7738234996795654297 2.2714602947235107422 2.5657196044921875 2.3048868179321289062 1.6961187124252319336 2.0972988605499267578 2.4476516246795654297 2.2153375148773193359 3.4143645763397216797 6.5599894523620605469 4.1720857620239257812 1.6213792562484741211 0.73185002803802490234 1.0504932403564453125 1.2869509458541870117 0.86848610639572143555 0.92763513326644897461 1.0634212493896484375 1.4189652204513549805 0.51306253671646118164 1.0860120058059692383 1.004669189453125 0.30185577273368835449 0.38449567556381225586 0.64898377656936645508 1.0151910781860351562 1.2115945816040039062 1.7613980770111083984 2.1824398040771484375 1.9500737190246582031 2.0294101238250732422 1.6223317384719848633 1.7570935487747192383 1.200659632682800293 1.0883414745330810547 0.60541206598281860352 0.91779917478561401367 0.66441667079925537109 0.13120080530643463135
0 1.0403352975845336914 2.2750380039215087891 2.7358655929565429688 2.1267795562744140625 2.092235565185546875 2.1007068157196044922 2.2625520229339599609 2.3190567493438720703 1.6421363353729248047 3.1903250217437744141 2.7791037559509277344 2.4245963096618652344 2.8769037723541259766 2.4385497570037841797 1.5225641727447509766 1.1888175010681152344 1.5911111831665039062 1.3045079708099365234 1.1190689802169799805 1.0695768594741821289 1.0437198877334594727 1.3060743808746337891 1.2703289985656738281 1.1357072591781616211 0.67650908231735229492 0.5557219386100769043 0.77420789003372192383 1.1405977010726928711 1.5512218475341796875 1.5225641727447509766 0.98018276691436767578 1.6363005638122558594 1.8910695314407348633 1.3814109563827514648 1.457340240478515625 1.7980798482894897461 1.7819768190383911133 1.1208802461624145508 1.5538206100463867188
0 1.611079096794128418 2.2623322010040283203 1.4416258335113525391 1.7253751754760742188 2.510677337646484375 2.1763966083526611328 1.4739375114440917969 1.1529422998428344727 0.87774217128753662109 2.2854344844818115234 1.8198944330215454102 1.2920267581939697266 1.4876148700714111328 2.7106106281280517578 1.8773784637451171875 1.2195136547088623047 1.6254208087921142578 1.5716202259063720703 2.0386147499084472656 1.9115521907806396484 0.85380887985229492188 0.34272724390029907227 0.90444320440292358398 1.7309643030166625977 1.1981595754623413086 0.44204962253570556641 1.2194926738739013672 1.0822762250900268555 0.99862349033355712891 1.3536489009857177734 1.1031602621078491211 1.7362248897552490234 1.8109506368637084961 1.5719361305236816406 1.3618381023406982422 1.6163873672485351562 2.0876719951629638672 1.3696509599685668945 1.5668199062347412109
0 2.990955352783203125 1.7918468713760375977 0.74484837055206298828 1.258704066276550293 0.9677250981330871582 1.7103731632232666016 0.86847454309463500977 1.5404195785522460938 2.3258244991302490234 2.5133154392242431641 2.5688507556915283203 1.0305439233779907227 0.27002254128456115723 1.7406047582626342773 2.0363698005676269531 0.75633871555328369141 1.5901982784271240234 1.6907560825347900391 1.4721992015838623047 0.99607241153717041016 1.1498537063598632812 0.41364395618438720703 0.81803667545318603516 0.86844694614410400391 1.3592296838760375977 0.60789865255355834961 1.7103906869888305664 0.61123836040496826172 1.5324792861938476562 0.41367572546005249023 1.0696086883544921875 0.92764174938201904297 0.94011592864990234375 0.27373397350311279297 0.32449135184288024902 0.87369251251220703125 1.7691502571105957031 0.98689091205596923828 0.91781270503997802734
0 1.7103731632232666016 1.5075227022171020508 0.85971057415008544922 0.99094992876052856445 1.3060584068298339844 1.3684979677200317383 0.74283081293106079102 0.88468724489212036133 0.76497328281402587891 1.7845048904418945312 2.6456482410430908203 1.0596238374710083008 0.44999283552169799805 1.2551062107086181641 1.8087413311004638672 0.70073860883712768555 1.1285367012023925781 1.7918649911880493164 0.68318152427673339844 0.13120080530643463135 0.8537762761116027832 0.67122089862823486328 0.63954865932464599609 0.60370475053787231445 1.0576697587966918945 1.0695768594741821289 1.2425316572189331055 0.38708516955375671387 1.7359070777893066406 0.44999626278877258301 0.55569690465927124023 0.63952451944351196289 0.89994257688522338867 0.65287858247756958008 0.23167730867862701416 0.79797905683517456055 1.6378562450408935547 1.4855376482009887695 1.6424618959426879883
0 0.59185957908630371094 0.28638991713523864746 1.3153162002563476562 1.2355964183807373047 2.4053263664245605469 1.2727024555206298828 0.13497725129127502441 0.10064450651407241821 0.22947072982788085938 1.1682019233703613281 2.3083302974700927734 0.64035695791244506836 1.3172658681869506836 0.92931038141250610352 1.2355964183807373047 0.62515372037887573242 0.57274973392486572266 0.70073860883712768555 0.73254168033599853516 0.33826732635498046875 0.59189343452453613281 1.266726374626159668 1.4831609725952148438 1.4416348934173583984 1.394911646842956543 1.6913607120513916016 0.7428277134895324707 0.13117136061191558838 1.5534486770629882812 0.2485202401876449585 0.48152303695678710938 0.66895705461502075195 0.74892079830169677734 0.71503686904907226562 0.7961108088493347168 0.49394696950912475586 1.3506623506546020508 0.51011687517166137695 0.89148974418640136719
0 1.5987582206726074219 1.3184190988540649414 0.22500297427177429199 2.6310622692108154297 0.68096536397933959961 1.6681227684020996094 0.71502280235290527344 0.85496813058853149414 1.451084136962890625 1.9383498430252075195 2.9325721263885498047 1.548249363899230957 1.7671283483505249023 0.94921416044235229492 1.2128343582153320312 1.2978857755661010742 0.36280050873756408691 0.88752281665802001953 0.30187878012657165527 1.0766499042510986328 1.2182407379150390625 1.2667086124420166016 1.0062085390090942383 1.2178541421890258789 1.5115686655044555664 1.8532253503799438477 1.6088620424270629883 1.5754752159118652344 2.0999300479888916016 1.4790381193161010742 1.2281508445739746094 0.98273581266403198242 0.64427387714385986328 0.54374718666076660156 0.15909400582313537598 0.85673153400421142578 1.4289500713348388672 1.8835330009460449219 2.0931944847106933594
0 1.3861581087112426758 1.2982990741729736328 1.4490008354187011719 2.0876240730285644531 2.8627874851226806641 2.5050311088562011719 1.4570049047470092773 1.4510989189147949219 1.046642303466796875 0.75096201896667480469 1.7521634101867675781 1.875208735466003418 1.9781566858291625977 0.51406067609786987305 1.0061948299407958984 0.91831552982330322266 1.2534582614898681641 0.81310814619064331055 1.1529422998428344727 0.81558132171630859375 0.80305731296539306641 0.79544430971145629883 0.45557522773742675781 0.62674844264984130859 0.70647907257080078125 1.1955934762954711914 2.1265301704406738281 1.9208005666732788086 2.0482540130615234375 1.4691107273101806641 1.7521964311599731445 2.5498814582824707031 2.9465272426605224609 2.9774072170257568359 2.6462066173553466797 1.9218403100967407227 1.1837069988250732422 1.712437748908996582 0.044975277036428451538
0 0.75632953643798828125 1.3685245513916015625 1.736811518669128418 1.6012870073318481445 1.4510669708251953125 0.78588581085205078125 0.89604580402374267578 1.2998955249786376953 1.1772947311401367188 1.5358155965805053711 0.95509684085845947266 1.3536276817321777344 2.3336272239685058594 0.95350569486618041992 0.79548895359039306641 1.1131905317306518555 0.9395656585693359375 1.0127176046371459961 1.4597785472869873047 0.55572056770324707031 0.6809698939323425293 0.52671968936920166016 0.5566228032112121582 0.44319036602973937988 0.071166433393955230713 1.2893165349960327148 1.926085352897644043 2.5564284324645996094 2.7038843631744384766 2.0532071590423583984 1.998003840446472168 2.3342776298522949219 2.0932285785675048828 2.1191525459289550781 2.4626860618591308594 3.0304117202758789062 1.7218732833862304688 1.2408974170684814453 0.9822635650634765625
0 0.1423110663890838623 0.55569136142730712891 1.4817813634872436523 1.3861252069473266602 0.58062529563903808594 0.39361780881881713867 0.9111626744270324707 0.48154389858245849609 1.0860062837600708008 1.4388532638549804688 1.3382618427276611328 1.1383527517318725586 2.0934338569641113281 1.2920453548431396484 0.91615515947341918945 1.3861663341522216797 0.27369445562362670898 1.1879659891128540039 1.1533626317977905273 1.2538491487503051758 1.3696243762969970703 1.0107262134552001953 1.1209090948104858398 1.3172658681869506836 1.2806165218353271484 1.8619320392608642578 0.71504551172256469727 1.0538517236709594727 1.5822205543518066406 1.9017547369003295898 0.91004276275634765625 1.1811128854751586914 1.0437006950378417969 0.87543839216232299805 2.1124711036682128906 3.2205941677093505859 1.8447111845016479492 0.93958860635757446289 0.7489630579948425293
0 0.79546082019805908203 0.41489255428314208984 0.26239514350891113281 0.74211341142654418945 0.70435160398483276367 1.028078913688659668 1.947190403938293457 1.2978857755661010742 1.6436952352523803711 0.4846776127815246582 2.2461843490600585938 2.2337462902069091797 1.718039393424987793 0.98840719461441040039 1.0634553432464599609 1.0061948299407958984 0.62758791446685791016 0.98689091205596923828 0.70072323083877563477 0.37104842066764831543 0.95509999990463256836 0.74282664060592651367 0.90554779767990112305 1.0359117984771728516 1.3536163568496704102 1.5603060722351074219 0.7748247981071472168 1.1099712848663330078 1.3872338533401489258 1.7124716043472290039 0.79802358150482177734 1.6204694509506225586 1.713360905647277832 1.6129584312438964844 2.3022260665893554688 2.4310617446899414062 1.7206852436065673828 1.2445570230484008789 1.4597785472869873047
0 1.5822036266326904297 3.2708961963653564453 4.4289641380310058594 4.3405890464782714844 3.1172814369201660156 2.3560597896575927734 2.0403041839599609375 1.9676115512847900391 2.1805400848388671875 0.73458117246627807617 2.9295053482055664062 2.2721507549285888672 0.61205750703811645508 1.1772408485412597656 1.5959304571151733398 1.2731342315673828125 1.127648472785949707 1.0957626104354858398 0.91112536191940307617 0.92329353094100952148 0.7489630579948425293 0.85971236228942871094 1.1208560466766357422 1.366273045539855957 1.598740696907043457 1.2244827747344970703 1.0971635580062866211 1.8145985603332519531 2.3159861564636230469 1.676636815071105957 0.92766010761260986328 0.32449135184288024902 0.71503686904907226562 1.3291442394256591797 0.94231319427490234375 1.368485569953918457 2.6593530178070068359 2.0423190593719482422 1.972752690315246582
0 2.3774194717407226562 4.0387825965881347656 3.196506500244140625 3.1801962852478027344 2.6728675365447998047 2.3433961868286132812 1.3428006172180175781 2.2086956501007080078 1.6547429561614990234 0.804950714111328125 3.1567175388336181641 1.950095057487487793 0.70648998022079467773 0.81119370460510253906 1.042237401008605957 1.0305641889572143555 1.1067808866500854492 0.99858868122100830078 1.1668903827667236328 1.158211827278137207 0.92493581771850585938 1.0576938390731811523 1.5301939249038696289 1.3784679174423217773 1.1581951379776000977 0.64033526182174682617 0.5409157872200012207 0.9909865260124206543 2.3646397590637207031 1.9027965068817138672 1.2194895744323730469 0.85616910457611083984 0.82975822687149047852 0.75433957576751708984 1.1807285547256469727 1.0696289539337158203 2.0558941364288330078 1.9653362035751342773 1.5275259017944335938
0 2.9300425052642822266 2.5925657749176025391 0.95718944072723388672 0.99858868122100830078 0.82971721887588500977 0.27189451456069946289 1.4896320104598999023 2.4476628303527832031 1.4300007820129394531 0.98020642995834350586 2.6767764091491699219 1.808756709098815918 0.73187434673309326172 1.3367060422897338867 0.57627844810485839844 0.93633198738098144531 1.9070519208908081055 1.9417808055877685547 1.8942935466766357422 2.2344255447387695312 2.208675384521484375 1.6297791004180908203 1.469127655029296875 0.60789483785629272461 0.81123757362365722656 0.4867248833179473877 0.44544741511344909668 0.90557086467742919922 2.0086073875427246094 1.6979248523712158203 1.5671025514602661133 1.2538688182830810547 1.3766257762908935547 1.3685318231582641602 0.47304719686508178711 0.96613723039627075195 1.7599649429321289062 1.7121814489364624023 0.89657461643218994141
0 3.2130751609802246094 1.6838492155075073242 0.47732171416282653809 1.1699134111404418945 1.2734979391098022461 0.90558618307113647461 1.9911489486694335938 2.1635575294494628906 1.378475189208984375 0.30021700263023376465 2.2499501705169677734 2.4095664024353027344 0.5179983973503112793 1.2607145309448242188 0.41366636753082275391 1.9067860841751098633 1.4444525241851806641 1.3325630426406860352 1.6013001203536987305 1.5298795700073242188 1.5092443227767944336 1.9802196025848388672 1.8115334510803222656 1.598740696907043457 1.9919226169586181641 1.8320891857147216797 0.71505957841873168945 0.85967290401458740234 1.4573311805725097656 1.2727365493774414062 1.6510910987854003906 2.0174319744110107422 1.7221994400024414062 1.1113750934600830078 1.1099816560745239258 0.9265651702880859375 0.58499521017074584961 1.5305114984512329102 0.37106925249099731445
0 2.6881299018859863281 1.2294355630874633789 0.90561687946319580078 1.7570890188217163086 1.5325053930282592773 1.0261368751525878906 2.3882691860198974609 1.7955302000045776367 0.5566228032112121582 1.0403130054473876953 2.3646259307861328125 3.4398660659790039062 1.1045372486114501953 1.4977904558181762695 1.5652000904083251953 2.3159935474395751953 1.2413004636764526367 0.71147596836090087891 0.80556809902191162109 0.7695954442024230957 0.95507413148880004883 0.91170388460159301758 0.78586417436599731445 0.10059844702482223511 0.28812611103057861328 0.87372964620590209961 1.622977137565612793 1.6744716167449951172 1.5357758998870849609 0.79801392555236816406 0.35577607154846191406 0.49805146455764770508 1.2842042446136474609 1.3276033401489257812 1.1524989604949951172 2.0371167659759521484 2.4969415664672851562 2.5538127422332763672 0.5130354762077331543
