wildfire/work/fuelmodels/1828/ahn1.asc
ncols        81
nrows        61
xllcorner    175265.000000000000
yllcorner    482860.000000000000
cellsize     5.000000000000
NODATA_value   -999
[rows 18 to 35 of 61, columns 0 to 40 of 81]
8.6899995803833007812 8.840000152587890625 8.8999996185302734375 9.090000152587890625 9.2799997329711914062 9.4899997711181640625 9.770000457763671875 10.029999732971191406 10.270000457763671875 10.529999732971191406 10.960000038146972656 11.43000030517578125 11.75 12.229999542236328125 12.560000419616699219 13.170000076293945312 13.720000267028808594 13.43000030517578125 13.25 12.560000419616699219 12.5 12.439999580383300781 12.489999771118164062 12.470000267028808594 12.43000030517578125 12.550000190734863281 12.739999771118164062 13.43000030517578125 13.550000190734863281 12.789999961853027344 12.800000190734863281 12.449999809265136719 12.090000152587890625 11.760000228881835938 10.529999732971191406 10.840000152587890625 11.109999656677246094 10.659999847412109375 9.81999969482421875 9.2600002288818359375 9.18000030517578125
8.7899999618530273438 8.9899997711181640625 9.159999847412109375 9.2399997711181640625 9.479999542236328125 9.6999998092651367188 9.9399995803833007812 10.270000457763671875 10.649999618530273438 10.93000030517578125 11.289999961853027344 11.880000114440917969 12.260000228881835938 12.75 13.399999618530273438 14.239999771118164062 14.420000076293945312 13.68000030517578125 13.350000381469726562 12.989999771118164062 12.640000343322753906 12.350000381469726562 12.159999847412109375 12.050000190734863281 11.970000267028808594 11.859999656677246094 11.850000381469726562 12.060000419616699219 12.020000457763671875 11.609999656677246094 11.640000343322753906 11.720000267028808594 11.239999771118164062 10.739999771118164062 10.560000419616699219 10.300000190734863281 10.170000076293945312 10.630000114440917969 10.56999969482421875 10.439999580383300781 10.170000076293945312
8.8599996566772460938 9.1199998855590820312 9.25 9.3999996185302734375 9.6300001144409179688 9.909999847412109375 10.159999847412109375 10.510000228881835938 10.93000030517578125 11.25 11.710000038146972656 12.289999961853027344 12.630000114440917969 13.31999969482421875 13.75 14.369999885559082031 14.520000457763671875 14.060000419616699219 13.710000038146972656 13.479999542236328125 12.699999809265136719 12.220000267028808594 11.770000457763671875 10.869999885559082031 10.699999809265136719 10.859999656677246094 11.199999809265136719 11.100000381469726562 11.359999656677246094 11.039999961853027344 11.130000114440917969 11.149999618530273438 11.029999732971191406 10.310000419616699219 10.18000030517578125 10.270000457763671875 10.300000190734863281 10.050000190734863281 9.8999996185302734375 10.159999847412109375 9.6999998092651367188
9.1300001144409179688 9.1499996185302734375 9.5 9.6400003433227539062 9.8900003433227539062 10.199999809265136719 10.479999542236328125 10.869999885559082031 11.260000228881835938 11.560000419616699219 12.210000038146972656 12.880000114440917969 13.210000038146972656 13.630000114440917969 13.859999656677246094 14.090000152587890625 14.329999923706054688 14.5 14.369999885559082031 13.350000381469726562 12.550000190734863281 12.119999885559082031 11.31999969482421875 10.520000457763671875 10.140000343322753906 9.770000457763671875 10.340000152587890625 10.979999542236328125 11.109999656677246094 11.010000228881835938 10.939999580383300781 10.939999580383300781 10.949999809265136719 10.140000343322753906 10 10.390000343322753906 10.06999969482421875 9.31999969482421875 9.0600004196166992188 9.229999542236328125 9.3100004196166992188
9.3800001144409179688 9.5299997329711914062 9.8000001907348632812 9.9399995803833007812 10.170000076293945312 10.439999580383300781 10.939999580383300781 11.189999580383300781 11.609999656677246094 11.949999809265136719 12.449999809265136719 13.130000114440917969 13.68000030517578125 14.100000381469726562 14.989999771118164062 14.409999847412109375 14.619999885559082031 14.159999847412109375 13.369999885559082031 12.340000152587890625 12 11.899999618530273438 11.270000457763671875 11.18000030517578125 10.899999618530273438 10.229999542236328125 9.840000152587890625 10.210000038146972656 10.789999961853027344 10.710000038146972656 10.699999809265136719 10.960000038146972656 10.380000114440917969 10.039999961853027344 10.06999969482421875 10.119999885559082031 9.3500003814697265625 8.8699998855590820312 8.8500003814697265625 8.979999542236328125 8.8800001144409179688
9.6899995803833007812 9.8800001144409179688 10.039999961853027344 10.399999618530273438 10.729999542236328125 11.170000076293945312 11.510000228881835938 11.779999732971191406 11.93000030517578125 12.279999732971191406 12.770000457763671875 13.369999885559082031 14 14.390000343322753906 14.939999580383300781 15 13.81999969482421875 12.81999969482421875 12.279999732971191406 12.18000030517578125 11.689999580383300781 11.609999656677246094 11.5 12.189999580383300781 11.630000114440917969 10.699999809265136719 9.8500003814697265625 9.270000457763671875 9.68000030517578125 9.8900003433227539062 10.409999847412109375 10.600000381469726562 10.43000030517578125 10.010000228881835938 10.100000381469726562 9.9200000762939453125 8.8999996185302734375 8.8800001144409179688 8.979999542236328125 9.4399995803833007812 8.5100002288818359375
10.300000190734863281 10.390000343322753906 10.56999969482421875 10.739999771118164062 11.739999771118164062 12.43000030517578125 12.609999656677246094 12.439999580383300781 12.289999961853027344 12.380000114440917969 12.859999656677246094 13.609999656677246094 14.31999969482421875 14.770000457763671875 14.579999923706054688 14.199999809265136719 13.939999580383300781 13.43000030517578125 12.510000228881835938 12.380000114440917969 11.699999809265136719 11.909999847412109375 12.189999580383300781 12.510000228881835938 12.409999847412109375 11.739999771118164062 10.93000030517578125 9.270000457763671875 9.25 9.8900003433227539062 10.449999809265136719 10.390000343322753906 10.479999542236328125 10.439999580383300781 10.25 9.7799997329711914062 9.2399997711181640625 8.93000030517578125 9.159999847412109375 9.340000152587890625 8.8900003433227539062
11.239999771118164062 10.920000076293945312 11.109999656677246094 11.350000381469726562 12.390000343322753906 13.06999969482421875 13.270000457763671875 12.829999923706054688 12.489999771118164062 12.31999969482421875 12.970000267028808594 13.529999732971191406 14.18000030517578125 14.399999618530273438 13.920000076293945312 13.899999618530273438 13.529999732971191406 12.890000343322753906 12.609999656677246094 12.550000190734863281 12.470000267028808594 12.520000457763671875 13.060000419616699219 12.539999961853027344 12.130000114440917969 12.100000381469726562 12.239999771118164062 11.859999656677246094 10.050000190734863281 10.289999961853027344 10.510000228881835938 10.609999656677246094 10.5 11.010000228881835938 10.710000038146972656 10.260000228881835938 10.210000038146972656 10.409999847412109375 10.289999961853027344 9.2100000381469726562 8.7399997711181640625
11.729999542236328125 11.510000228881835938 11.489999771118164062 11.779999732971191406 12.420000076293945312 12.989999771118164062 13.460000038146972656 13.399999618530273438 12.409999847412109375 12.170000076293945312 12.609999656677246094 13.399999618530273438 13.75 13.18000030517578125 12.880000114440917969 12.640000343322753906 12.090000152587890625 12.399999618530273438 12.409999847412109375 13.310000419616699219 13.229999542236328125 12.81999969482421875 12.960000038146972656 12.989999771118164062 12.18000030517578125 11.779999732971191406 12.079999923706054688 12.140000343322753906 11.460000038146972656 10.390000343322753906 10.460000038146972656 10.600000381469726562 10.68000030517578125 10.409999847412109375 10.75 10.880000114440917969 10.859999656677246094 10.600000381469726562 9.909999847412109375 9.590000152587890625 9.0399999618530273438
12.149999618530273438 11.75 11.739999771118164062 11.939999580383300781 12.300000190734863281 12.770000457763671875 13.31999969482421875 12.770000457763671875 12.170000076293945312 11.920000076293945312 12.260000228881835938 12.640000343322753906 12.43000030517578125 12.31999969482421875 12.199999809265136719 12.020000457763671875 11.770000457763671875 12.25 13.020000457763671875 12.720000267028808594 12.710000038146972656 12.5 12.329999923706054688 12.18000030517578125 11.890000343322753906 11.960000038146972656 11.579999923706054688 11.340000152587890625 10.979999542236328125 10.659999847412109375 10.340000152587890625 10.760000228881835938 10.449999809265136719 10.090000152587890625 10.210000038146972656 10.229999542236328125 10.310000419616699219 9.6499996185302734375 10.390000343322753906 10.289999961853027344 9.56999969482421875
12.340000152587890625 11.880000114440917969 11.739999771118164062 11.850000381469726562 12.270000457763671875 12.859999656677246094 12.979999542236328125 12.689999580383300781 11.829999923706054688 11.770000457763671875 11.810000419616699219 12.369999885559082031 12.220000267028808594 12.220000267028808594 11.550000190734863281 11.210000038146972656 11.300000190734863281 11.939999580383300781 12.090000152587890625 12.149999618530273438 12.239999771118164062 12.270000457763671875 12.229999542236328125 12.260000228881835938 11.979999542236328125 12.289999961853027344 11.539999961853027344 11.149999618530273438 11.010000228881835938 10.25 10.609999656677246094 10.600000381469726562 10.140000343322753906 10.100000381469726562 10.100000381469726562 10.399999618530273438 10.239999771118164062 9.8000001907348632812 10.81999969482421875 11 10.090000152587890625
12.390000343322753906 12.010000228881835938 11.859999656677246094 11.699999809265136719 11.960000038146972656 12.060000419616699219 11.960000038146972656 11.670000076293945312 11.420000076293945312 11.590000152587890625 11.560000419616699219 11.659999847412109375 11.649999618530273438 11.460000038146972656 11.329999923706054688 11.340000152587890625 11.260000228881835938 11.5 11.93000030517578125 12 12.189999580383300781 12.560000419616699219 12.779999732971191406 13.170000076293945312 12.449999809265136719 11.300000190734863281 10.609999656677246094 10.800000190734863281 10.470000267028808594 10.590000152587890625 10.619999885559082031 10.600000381469726562 10.350000381469726562 10.18000030517578125 10.420000076293945312 10.859999656677246094 11.020000457763671875 10.710000038146972656 10.590000152587890625 10.520000457763671875 9.7600002288818359375
12.43000030517578125 12.060000419616699219 11.880000114440917969 11.550000190734863281 11.600000381469726562 11.729999542236328125 11.590000152587890625 11.170000076293945312 11.289999961853027344 11.340000152587890625 11.300000190734863281 11.239999771118164062 11.369999885559082031 11.140000343322753906 11.029999732971191406 11.31999969482421875 11.439999580383300781 11.75 12.079999923706054688 12.279999732971191406 12.539999961853027344 12.689999580383300781 13.260000228881835938 11.039999961853027344 10.840000152587890625 10.529999732971191406 10.439999580383300781 10.699999809265136719 10.310000419616699219 10.68000030517578125 10.770000457763671875 10.380000114440917969 10.279999732971191406 10.25 10.720000267028808594 11.25 10.670000076293945312 10.640000343322753906 10.449999809265136719 10.260000228881835938 9.8900003433227539062
12.43000030517578125 12.100000381469726562 11.640000343322753906 11.329999923706054688 11.25 11.199999809265136719 11.109999656677246094 11.029999732971191406 11.119999885559082031 11.050000190734863281 11.010000228881835938 10.979999542236328125 10.899999618530273438 10.850000381469726562 10.920000076293945312 11.170000076293945312 11.600000381469726562 12.119999885559082031 12.329999923706054688 12.840000152587890625 13.260000228881835938 12.56999969482421875 12.529999732971191406 10.970000267028808594 10.729999542236328125 10.340000152587890625 10.520000457763671875 10.189999580383300781 9.7899999618530273438 10.140000343322753906 10.899999618530273438 11.079999923706054688 10.779999732971191406 10.68000030517578125 10.619999885559082031 10.520000457763671875 10.649999618530273438 10.829999923706054688 10.449999809265136719 10.020000457763671875 9.409999847412109375
12.229999542236328125 11.739999771118164062 11.31999969482421875 10.960000038146972656 10.920000076293945312 10.840000152587890625 10.829999923706054688 10.93000030517578125 10.93000030517578125 10.81999969482421875 10.75 10.670000076293945312 10.670000076293945312 10.689999580383300781 10.779999732971191406 11.090000152587890625 11.489999771118164062 12 12.390000343322753906 13.010000228881835938 12.739999771118164062 11.590000152587890625 11.75 11.189999580383300781 10.729999542236328125 10.470000267028808594 10.18000030517578125 9.6000003814697265625 9.3800001144409179688 9.6199998855590820312 10.100000381469726562 11.100000381469726562 11.409999847412109375 11.119999885559082031 10.43000030517578125 10.100000381469726562 10.079999923706054688 10.449999809265136719 9.6300001144409179688 9.7600002288818359375 8.9499998092651367188
11.800000190734863281 11.340000152587890625 10.869999885559082031 10.590000152587890625 10.649999618530273438 10.810000419616699219 11.090000152587890625 11.130000114440917969 11.039999961853027344 10.899999618530273438 10.800000190734863281 10.489999771118164062 10.270000457763671875 10.310000419616699219 11.029999732971191406 10.720000267028808594 11.149999618530273438 12.010000228881835938 12.420000076293945312 11.600000381469726562 11.039999961853027344 11.060000419616699219 11.810000419616699219 11.920000076293945312 11.079999923706054688 11.06999969482421875 10.329999923706054688 9.68000030517578125 9.2399997711181640625 9.479999542236328125 9.770000457763671875 10.25 11.300000190734863281 11.25 10.939999580383300781 9.9499998092651367188 10.010000228881835938 10.060000419616699219 9.3299999237060546875 9.1099996566772460938 9.409999847412109375
11.159999847412109375 10.68000030517578125 10.329999923706054688 10.390000343322753906 10.600000381469726562 11.090000152587890625 11.329999923706054688 11.189999580383300781 11.029999732971191406 10.720000267028808594 10.56999969482421875 10.140000343322753906 9.8900003433227539062 9.9200000762939453125 10.369999885559082031 10.340000152587890625 10.920000076293945312 12.170000076293945312 13.350000381469726562 13 12.189999580383300781 11.619999885559082031 12.909999847412109375 12.68000030517578125 12.25 11.909999847412109375 11.449999809265136719 10.710000038146972656 9.840000152587890625 9.1300001144409179688 9.7399997711181640625 9.93000030517578125 10.970000267028808594 10.649999618530273438 10.420000076293945312 10.329999923706054688 10.560000419616699219 10.760000228881835938 10.090000152587890625 9.75 9.9499998092651367188
10.300000190734863281 9.9700002670288085938 9.979999542236328125 10.159999847412109375 10.460000038146972656 11.489999771118164062 10.989999771118164062 10.93000030517578125 10.5 10.439999580383300781 10.289999961853027344 9.7799997329711914062 9.6099996566772460938 9.590000152587890625 9.81999969482421875 9.9700002670288085938 10.590000152587890625 12.06999969482421875 12.93000030517578125 13.029999732971191406 13.710000038146972656 14.010000228881835938 13.800000190734863281 13.640000343322753906 12.989999771118164062 12.93000030517578125 13.199999809265136719 12.470000267028808594 11.350000381469726562 10.25 10.06999969482421875 10.149999618530273438 10.369999885559082031 10.359999656677246094 10.029999732971191406 10.659999847412109375 10.93000030517578125 10.779999732971191406 11 11.199999809265136719 11.140000343322753906
