wildfire/work/fuelmodels/1828/ahn1.asc
ncols        81
nrows        61
xllcorner    175265.000000000000
yllcorner    482860.000000000000
cellsize     5.000000000000
NODATA_value   -999
[rows 0 to 17 of 61, columns 0 to 40 of 81]
7.8699998855590820312 7.9499998092651367188 8.1499996185302734375 8.3100004196166992188 8.6099996566772460938 9 9.4600000381469726562 9.8100004196166992188 10.050000190734863281 10.359999656677246094 10.659999847412109375 10.989999771118164062 12.170000076293945312 12.949999809265136719 13.699999809265136719 14.020000457763671875 13.970000267028808594 12.659999847412109375 11.720000267028808594 11.600000381469726562 11.130000114440917969 10.5 10.149999618530273438 9.8299999237060546875 9.5799999237060546875 9.3999996185302734375 9.3800001144409179688 9.6199998855590820312 10.119999885559082031 10.06999969482421875 10.329999923706054688 11.270000457763671875 12.350000381469726562 13.210000038146972656 13.670000076293945312 13.289999961853027344 12.960000038146972656 12.369999885559082031 12.359999656677246094 11.869999885559082031 11.600000381469726562
8.5799999237060546875 8.5 8.4899997711181640625 8.6499996185302734375 8.9200000762939453125 9.31999969482421875 9.6099996566772460938 9.9899997711181640625 10.310000419616699219 10.479999542236328125 10.93000030517578125 11.31999969482421875 12.060000419616699219 13 13.489999771118164062 13.539999961853027344 13.119999885559082031 11.949999809265136719 11.210000038146972656 10.56999969482421875 10.770000457763671875 10.689999580383300781 10.729999542236328125 10.43000030517578125 10.020000457763671875 9.2799997329711914062 9.1499996185302734375 9.6499996185302734375 10.109999656677246094 10.090000152587890625 10.5 12.529999732971191406 13.510000228881835938 13.770000457763671875 13.350000381469726562 13.399999618530273438 13.090000152587890625 12.779999732971191406 13.739999771118164062 12.159999847412109375 12.520000457763671875
9.18000030517578125 9.18000030517578125 9.0500001907348632812 9.0399999618530273438 9.2899999618530273438 9.7899999618530273438 10.279999732971191406 10.550000190734863281 10.520000457763671875 10.600000381469726562 11.079999923706054688 11.5 13.229999542236328125 13.109999656677246094 13.25 12.800000190734863281 12.359999656677246094 11.520000457763671875 10.800000190734863281 10.390000343322753906 10.789999961853027344 11.449999809265136719 11.729999542236328125 11.149999618530273438 10.960000038146972656 10.789999961853027344 11.010000228881835938 10.670000076293945312 10.560000419616699219 10.289999961853027344 10.779999732971191406 12.220000267028808594 13.260000228881835938 12.439999580383300781 13.369999885559082031 13.300000190734863281 13.510000228881835938 13.18000030517578125 13.699999809265136719 13.329999923706054688 12.859999656677246094
9.8500003814697265625 9.7100000381469726562 9.5299997329711914062 9.7200002670288085938 9.75 10.470000267028808594 10.979999542236328125 11.149999618530273438 11.5 11.600000381469726562 11.409999847412109375 11.850000381469726562 12.390000343322753906 13.149999618530273438 13.470000267028808594 12.960000038146972656 12.199999809265136719 11.289999961853027344 10.760000228881835938 10.970000267028808594 12.279999732971191406 12.170000076293945312 12.310000419616699219 12.720000267028808594 11.869999885559082031 11.989999771118164062 12.289999961853027344 11.81999969482421875 10.890000343322753906 10.439999580383300781 10.239999771118164062 10.880000114440917969 11.220000267028808594 11.710000038146972656 12.060000419616699219 12.649999618530273438 13.020000457763671875 12.75 13.170000076293945312 13.289999961853027344 12.479999542236328125
10 10.090000152587890625 10.210000038146972656 10.560000419616699219 10.600000381469726562 11.840000152587890625 12.020000457763671875 12.399999618530273438 12.75 12.689999580383300781 12.729999542236328125 12.489999771118164062 12.75 13.529999732971191406 13.600000381469726562 13.520000457763671875 12.619999885559082031 12.489999771118164062 11.810000419616699219 12.81999969482421875 13.649999618530273438 13.489999771118164062 13.550000190734863281 13.609999656677246094 12.970000267028808594 13.109999656677246094 13.020000457763671875 13 10.789999961853027344 10.590000152587890625 10.439999580383300781 10.300000190734863281 10.800000190734863281 11.100000381469726562 11.239999771118164062 11.68000030517578125 11.949999809265136719 12.239999771118164062 13.050000190734863281 13.649999618530273438 12.380000114440917969
10.090000152587890625 10.420000076293945312 10.619999885559082031 11.130000114440917969 11.619999885559082031 12.300000190734863281 12.920000076293945312 12.869999885559082031 13.340000152587890625 13.439999580383300781 13.189999580383300781 12.93000030517578125 13.010000228881835938 13.359999656677246094 13.720000267028808594 14.390000343322753906 13.239999771118164062 13.270000457763671875 13.529999732971191406 13.720000267028808594 13.75 13.630000114440917969 14.149999618530273438 14.159999847412109375 13.739999771118164062 13.5 13.220000267028808594 12.159999847412109375 11.810000419616699219 11.119999885559082031 10.439999580383300781 10.340000152587890625 10.31999969482421875 10.289999961853027344 10.829999923706054688 11.220000267028808594 11.399999618530273438 11.800000190734863281 13.06999969482421875 13.56999969482421875 12.279999732971191406
11.149999618530273438 11.350000381469726562 11.079999923706054688 11.229999542236328125 12.140000343322753906 13.329999923706054688 13.659999847412109375 13.479999542236328125 13.510000228881835938 13.470000267028808594 13.699999809265136719 13.310000419616699219 13.25 13.220000267028808594 13.369999885559082031 13.609999656677246094 13.449999809265136719 13.220000267028808594 13.06999969482421875 13.239999771118164062 13.399999618530273438 13.550000190734863281 13.829999923706054688 13.880000114440917969 13.800000190734863281 13.609999656677246094 12.949999809265136719 12.720000267028808594 12.210000038146972656 11.260000228881835938 10.510000228881835938 9.9899997711181640625 10.170000076293945312 10.229999542236328125 10.399999618530273438 10.449999809265136719 10.810000419616699219 11.68000030517578125 12.5 12.869999885559082031 11.93000030517578125
11.060000419616699219 11.729999542236328125 11.039999961853027344 11.560000419616699219 12.479999542236328125 13.420000076293945312 13.420000076293945312 13.880000114440917969 14.25 13.68000030517578125 14.109999656677246094 13.859999656677246094 13.300000190734863281 12.81999969482421875 12.850000381469726562 12.859999656677246094 12.75 12.649999618530273438 12.760000228881835938 12.979999542236328125 13.210000038146972656 13.590000152587890625 13.909999847412109375 13.779999732971191406 13.760000228881835938 12.699999809265136719 12.710000038146972656 12.760000228881835938 12.579999923706054688 12.350000381469726562 11.279999732971191406 10.329999923706054688 9.2899999618530273438 9.75 10.229999542236328125 10.539999961853027344 10.720000267028808594 10.920000076293945312 10.960000038146972656 11.260000228881835938 11.350000381469726562
10.670000076293945312 10.899999618530273438 10.689999580383300781 11.380000114440917969 12.340000152587890625 12.449999809265136719 12.539999961853027344 13.079999923706054688 13.600000381469726562 13.130000114440917969 13.270000457763671875 13 12.479999542236328125 12.220000267028808594 12.239999771118164062 12.25 12.270000457763671875 12.390000343322753906 12.609999656677246094 12.899999618530273438 13.359999656677246094 13.920000076293945312 14.199999809265136719 13.699999809265136719 13.550000190734863281 13.779999732971191406 13.229999542236328125 13.420000076293945312 13.640000343322753906 13.340000152587890625 12.289999961853027344 10.289999961853027344 9 9.5500001907348632812 10.220000267028808594 10.43000030517578125 10.710000038146972656 11.010000228881835938 11.119999885559082031 10.970000267028808594 10.920000076293945312
9.9700002670288085938 10.399999618530273438 10.109999656677246094 10.199999809265136719 11.039999961853027344 11.210000038146972656 11.579999923706054688 11.81999969482421875 12.079999923706054688 12 12.130000114440917969 12.020000457763671875 11.829999923706054688 11.710000038146972656 11.720000267028808594 11.81999969482421875 11.989999771118164062 12.25 12.560000419616699219 13.079999923706054688 14.079999923706054688 14.039999961853027344 13.939999580383300781 14.020000457763671875 14.25 14.310000419616699219 14.210000038146972656 13.729999542236328125 13.520000457763671875 13.510000228881835938 12.510000228881835938 10.949999809265136719 9.6999998092651367188 9.93000030517578125 10.170000076293945312 10.640000343322753906 11.310000419616699219 12.119999885559082031 12.75 12.899999618530273438 11.949999809265136719
9.229999542236328125 9.5299997329711914062 9.5799999237060546875 9.909999847412109375 10.170000076293945312 10.399999618530273438 10.670000076293945312 10.850000381469726562 10.960000038146972656 11.239999771118164062 11.220000267028808594 11.189999580383300781 11.199999809265136719 11.239999771118164062 11.399999618530273438 11.56999969482421875 11.779999732971191406 12.090000152587890625 12.409999847412109375 13.310000419616699219 14.449999809265136719 14.720000267028808594 14.020000457763671875 14.229999542236328125 14.720000267028808594 14.640000343322753906 14.529999732971191406 13.869999885559082031 13.439999580383300781 12.920000076293945312 12.220000267028808594 11.31999969482421875 10.710000038146972656 10.760000228881835938 10.68000030517578125 11.039999961853027344 11.829999923706054688 12.489999771118164062 13.210000038146972656 13.149999618530273438 12.260000228881835938
8.7100000381469726562 9 9.2399997711181640625 9.5 9.6899995803833007812 9.8299999237060546875 9.9600000381469726562 10.130000114440917969 10.409999847412109375 10.560000419616699219 10.68000030517578125 10.75 10.840000152587890625 11.06999969482421875 11.220000267028808594 11.329999923706054688 11.56999969482421875 11.829999923706054688 12.189999580383300781 12.789999961853027344 13.460000038146972656 13.770000457763671875 14.109999656677246094 14.539999961853027344 14.510000228881835938 14.479999542236328125 13.920000076293945312 13.220000267028808594 12.989999771118164062 11.979999542236328125 11.68000030517578125 11.760000228881835938 11.949999809265136719 11.600000381469726562 10.93000030517578125 11.289999961853027344 11.619999885559082031 12 12.760000228881835938 12.300000190734863281 11.850000381469726562
8.5600004196166992188 8.75 8.9700002670288085938 9.1899995803833007812 9.3999996185302734375 9.6400003433227539062 9.6199998855590820312 9.7799997329711914062 10.010000228881835938 10.189999580383300781 10.350000381469726562 10.470000267028808594 10.779999732971191406 10.859999656677246094 11.020000457763671875 11.140000343322753906 11.390000343322753906 11.68000030517578125 12.050000190734863281 12.340000152587890625 12.760000228881835938 13.18000030517578125 13.68000030517578125 14.199999809265136719 14.029999732971191406 13.93000030517578125 13.960000038146972656 12.859999656677246094 12.380000114440917969 11.619999885559082031 11.81999969482421875 12.380000114440917969 12.489999771118164062 11.890000343322753906 11.470000267028808594 11.420000076293945312 11.289999961853027344 10.770000457763671875 11.369999885559082031 11.689999580383300781 11.369999885559082031
8.4700002670288085938 8.6400003433227539062 8.8999996185302734375 9.1099996566772460938 9.2399997711181640625 9.4200000762939453125 9.5299997329711914062 9.6999998092651367188 9.909999847412109375 10.100000381469726562 10.229999542236328125 10.340000152587890625 10.609999656677246094 10.729999542236328125 10.960000038146972656 11.18000030517578125 11.380000114440917969 11.649999618530273438 11.93000030517578125 12.239999771118164062 12.479999542236328125 12.880000114440917969 13.189999580383300781 13.590000152587890625 13.689999580383300781 13.81999969482421875 13.859999656677246094 13.380000114440917969 12.939999580383300781 12.5 12.189999580383300781 12.689999580383300781 13.06999969482421875 12.579999923706054688 12.270000457763671875 11.130000114440917969 10.439999580383300781 9.6899995803833007812 10.109999656677246094 10.229999542236328125 10.229999542236328125
8.520000457763671875 8.6700000762939453125 8.8500003814697265625 8.9899997711181640625 9.1700000762939453125 9.3699998855590820312 9.5100002288818359375 9.6999998092651367188 9.8699998855590820312 10.06999969482421875 10.239999771118164062 10.630000114440917969 10.75 10.899999618530273438 11.079999923706054688 11.229999542236328125 11.380000114440917969 11.630000114440917969 11.880000114440917969 12.25 12.369999885559082031 12.760000228881835938 12.979999542236328125 13.300000190734863281 13.43000030517578125 13.739999771118164062 13.920000076293945312 13.859999656677246094 12.869999885559082031 12.529999732971191406 12.31999969482421875 12.600000381469726562 13.109999656677246094 13.289999961853027344 12.699999809265136719 11.079999923706054688 10.960000038146972656 9.8699998855590820312 9.3800001144409179688 9.1899995803833007812 9.5799999237060546875
8.4899997711181640625 8.6300001144409179688 8.770000457763671875 8.9700002670288085938 9.1000003814697265625 9.2899999618530273438 9.4700002670288085938 9.7200002670288085938 9.8699998855590820312 10.100000381469726562 10.31999969482421875 10.560000419616699219 10.789999961853027344 10.970000267028808594 11.289999961853027344 11.399999618530273438 11.479999542236328125 11.630000114440917969 11.800000190734863281 12.06999969482421875 12.340000152587890625 12.600000381469726562 13.020000457763671875 13.100000381469726562 13.229999542236328125 13.630000114440917969 14.029999732971191406 14.220000267028808594 13.289999961853027344 12.760000228881835938 12.380000114440917969 12.329999923706054688 12.329999923706054688 12.920000076293945312 12.619999885559082031 11.590000152587890625 11.409999847412109375 10.300000190734863281 9.1700000762939453125 8.8299999237060546875 8.8999996185302734375
8.5399999618530273438 8.7200002670288085938 8.8299999237060546875 8.93000030517578125 9.1300001144409179688 9.3100004196166992188 9.520000457763671875 9.6999998092651367188 9.9200000762939453125 10.159999847412109375 10.399999618530273438 10.720000267028808594 10.979999542236328125 11.369999885559082031 11.619999885559082031 11.689999580383300781 11.789999961853027344 11.829999923706054688 11.939999580383300781 12.100000381469726562 12.279999732971191406 12.449999809265136719 12.720000267028808594 12.899999618530273438 13.050000190734863281 13.210000038146972656 13.779999732971191406 14.090000152587890625 13.770000457763671875 12.68000030517578125 12.359999656677246094 12.140000343322753906 12.100000381469726562 11.869999885559082031 11.489999771118164062 11.18000030517578125 10.779999732971191406 10.199999809265136719 8.93000030517578125 8.4700002670288085938 8.3800001144409179688
8.6300001144409179688 8.8100004196166992188 8.8299999237060546875 9.0399999618530273438 9.2100000381469726562 9.4200000762939453125 9.6400003433227539062 9.75 10.029999732971191406 10.229999542236328125 10.760000228881835938 10.949999809265136719 11.5 11.760000228881835938 11.920000076293945312 12.090000152587890625 12.310000419616699219 12.210000038146972656 12.220000267028808594 12.18000030517578125 12.279999732971191406 12.489999771118164062 12.560000419616699219 12.699999809265136719 12.829999923706054688 13.029999732971191406 13.159999847412109375 13.43000030517578125 13.56999969482421875 13.390000343322753906 13.170000076293945312 12.75 12.449999809265136719 12.130000114440917969 11.189999580383300781 11.06999969482421875 10.81999969482421875 9.979999542236328125 8.979999542236328125 8.6000003814697265625 8.3500003814697265625
