wildfire/work/fuelmodels/1828/ahn1.asc
ncols        81
nrows        61
xllcorner    175265.000000000000
yllcorner    482860.000000000000
cellsize     5.000000000000
NODATA_value   -999
[rows 36 to 53 of 61, columns 0 to 40 of 81]
9.4899997711181640625 9.520000457763671875 9.6899995803833007812 9.8500003814697265625 10.210000038146972656 11.189999580383300781 11.189999580383300781 11.390000343322753906 10.869999885559082031 10.340000152587890625 10.229999542236328125 9.8500003814697265625 9.4499998092651367188 9.4600000381469726562 9.5299997329711914062 9.7600002288818359375 10.329999923706054688 11.229999542236328125 12.109999656677246094 12.979999542236328125 13.640000343322753906 14.18000030517578125 14.300000190734863281 14.520000457763671875 14.329999923706054688 13.579999923706054688 14.020000457763671875 13.029999732971191406 12.25 11.300000190734863281 10.529999732971191406 10.380000114440917969 10.260000228881835938 10.25 10.479999542236328125 11.329999923706054688 11.270000457763671875 11.039999961853027344 11.439999580383300781 11.520000457763671875 10.949999809265136719
9.159999847412109375 9.2899999618530273438 9.4399995803833007812 9.6099996566772460938 10.050000190734863281 10.68000030517578125 10.989999771118164062 11.5 11.149999618530273438 10.75 10.81999969482421875 10.270000457763671875 9.3900003433227539062 9.3000001907348632812 9.4399995803833007812 9.7100000381469726562 10.130000114440917969 10.859999656677246094 11.770000457763671875 12.359999656677246094 13.18000030517578125 13.390000343322753906 13.899999618530273438 14.550000190734863281 14.329999923706054688 14.119999885559082031 14.119999885559082031 13.869999885559082031 12.5 12.090000152587890625 11.710000038146972656 12.340000152587890625 11.989999771118164062 10.510000228881835938 10.579999923706054688 10.960000038146972656 11.31999969482421875 11.380000114440917969 11.979999542236328125 11.220000267028808594 11.270000457763671875
8.8699998855590820312 9.1300001144409179688 9.3100004196166992188 9.4899997711181640625 9.770000457763671875 10.020000457763671875 10.340000152587890625 10.75 10.68000030517578125 10.789999961853027344 10.859999656677246094 9.8599996566772460938 9.229999542236328125 9.1400003433227539062 9.3100004196166992188 9.56999969482421875 9.909999847412109375 10.520000457763671875 11.340000152587890625 11.699999809265136719 12.149999618530273438 12.850000381469726562 13.31999969482421875 14.239999771118164062 14.289999961853027344 14.220000267028808594 14.119999885559082031 13.609999656677246094 13.279999732971191406 13.609999656677246094 13.880000114440917969 13.760000228881835938 12.75 10.890000343322753906 10.420000076293945312 10.260000228881835938 10.840000152587890625 11.590000152587890625 11.56999969482421875 10.68000030517578125 10.939999580383300781
8.8699998855590820312 9.06999969482421875 9.229999542236328125 9.4600000381469726562 9.6400003433227539062 9.840000152587890625 9.979999542236328125 9.909999847412109375 10.18000030517578125 10.350000381469726562 10.25 9.4700002670288085938 9.1300001144409179688 9.0299997329711914062 9.1899995803833007812 9.4499998092651367188 9.840000152587890625 10.310000419616699219 10.75 11.770000457763671875 12.189999580383300781 12.899999618530273438 13.399999618530273438 13.909999847412109375 14.210000038146972656 14.149999618530273438 14.270000457763671875 14.050000190734863281 13.850000381469726562 14.699999809265136719 13.949999809265136719 12.909999847412109375 12.199999809265136719 10.779999732971191406 11.329999923706054688 11.119999885559082031 10.600000381469726562 10.890000343322753906 10.399999618530273438 10.649999618530273438 11.039999961853027344
8.8800001144409179688 9.0100002288818359375 9.2200002670288085938 9.4399995803833007812 9.4899997711181640625 9.6000003814697265625 9.6999998092651367188 9.770000457763671875 9.8299999237060546875 9.729999542236328125 9.6199998855590820312 9.43000030517578125 8.979999542236328125 9.0500001907348632812 9.1700000762939453125 9.2399997711181640625 9.7899999618530273438 10.060000419616699219 10.409999847412109375 11.340000152587890625 11.979999542236328125 12.449999809265136719 13.310000419616699219 13.189999580383300781 13.140000343322753906 13.75 13.460000038146972656 14.529999732971191406 13.949999809265136719 14.260000228881835938 13.670000076293945312 12.539999961853027344 11.689999580383300781 11.020000457763671875 10.699999809265136719 10.75 10.640000343322753906 10.93000030517578125 10.399999618530273438 11.420000076293945312 11.409999847412109375
8.8599996566772460938 8.909999847412109375 9.1400003433227539062 9.2600002288818359375 9.3800001144409179688 9.409999847412109375 9.56999969482421875 9.479999542236328125 9.4700002670288085938 9.4600000381469726562 9.25 9.1400003433227539062 9.1099996566772460938 9.0799999237060546875 8.9899997711181640625 9.1999998092651367188 9.4600000381469726562 9.9600000381469726562 10.039999961853027344 10.43000030517578125 10.670000076293945312 12.890000343322753906 13.439999580383300781 13.5 13.390000343322753906 13.550000190734863281 13.909999847412109375 14 13.829999923706054688 13.470000267028808594 13.159999847412109375 13.109999656677246094 11.689999580383300781 11.020000457763671875 11.079999923706054688 11.489999771118164062 12.119999885559082031 11.329999923706054688 10.93000030517578125 11.420000076293945312 11.939999580383300781
8.8299999237060546875 8.9899997711181640625 9.0600004196166992188 9.06999969482421875 9.1999998092651367188 9.1999998092651367188 9.2100000381469726562 9.090000152587890625 9.1099996566772460938 9.1300001144409179688 9.18000030517578125 9.2399997711181640625 9 8.8500003814697265625 8.909999847412109375 9.1199998855590820312 9.229999542236328125 9.7100000381469726562 9.729999542236328125 10.159999847412109375 10.460000038146972656 12.279999732971191406 12.779999732971191406 12.779999732971191406 13.140000343322753906 13.029999732971191406 12.93000030517578125 13.300000190734863281 13.909999847412109375 13.289999961853027344 13.140000343322753906 12.090000152587890625 10.81999969482421875 10.720000267028808594 11.220000267028808594 11.520000457763671875 10.970000267028808594 10.31999969482421875 10.369999885559082031 12.029999732971191406 11.859999656677246094
8.909999847412109375 8.979999542236328125 9.020000457763671875 9.0500001907348632812 9.0399999618530273438 8.9899997711181640625 8.8999996185302734375 8.8800001144409179688 8.840000152587890625 8.770000457763671875 9.3800001144409179688 9.1700000762939453125 8.729999542236328125 8.7799997329711914062 8.9200000762939453125 9 9.18000030517578125 9.31999969482421875 9.6099996566772460938 9.7100000381469726562 10.31999969482421875 11.380000114440917969 11.689999580383300781 11.920000076293945312 12.800000190734863281 12.810000419616699219 12.909999847412109375 13.56999969482421875 13.409999847412109375 13.140000343322753906 12.43000030517578125 10.979999542236328125 10.800000190734863281 10.539999961853027344 9.8800001144409179688 9.8999996185302734375 9.9700002670288085938 9.9499998092651367188 9.9499998092651367188 10.380000114440917969 10.689999580383300781
8.8900003433227539062 8.979999542236328125 9.0399999618530273438 9 8.9399995803833007812 8.840000152587890625 8.770000457763671875 8.6499996185302734375 8.5799999237060546875 8.479999542236328125 8.5600004196166992188 8.5399999618530273438 8.590000152587890625 8.7200002670288085938 8.8699998855590820312 8.9499998092651367188 9.0600004196166992188 9.2399997711181640625 9.4499998092651367188 9.5500001907348632812 10.18000030517578125 10.56999969482421875 10.81999969482421875 10.68000030517578125 11.93000030517578125 11.93000030517578125 13.359999656677246094 13.689999580383300781 13.149999618530273438 13.149999618530273438 11.789999961853027344 11.189999580383300781 10.630000114440917969 10.470000267028808594 9.8800001144409179688 9.18000030517578125 9.31999969482421875 9.3999996185302734375 9.4399995803833007812 10.199999809265136719 10.409999847412109375
8.8500003814697265625 8.909999847412109375 8.979999542236328125 8.8900003433227539062 8.81999969482421875 8.75 8.6400003433227539062 8.520000457763671875 8.3999996185302734375 8.340000152587890625 8.340000152587890625 8.3800001144409179688 8.5 8.6499996185302734375 8.8100004196166992188 8.8900003433227539062 8.9499998092651367188 9.020000457763671875 9.0500001907348632812 9.3500003814697265625 10.590000152587890625 10.289999961853027344 10.229999542236328125 10.439999580383300781 11.100000381469726562 11.939999580383300781 14.100000381469726562 14.100000381469726562 13.420000076293945312 13.109999656677246094 11.789999961853027344 10.779999732971191406 10.369999885559082031 10.279999732971191406 10.359999656677246094 10.5 9.25 9.7899999618530273438 9.9399995803833007812 10.079999923706054688 10.109999656677246094
8.8800001144409179688 8.8900003433227539062 8.8900003433227539062 8.840000152587890625 8.8900003433227539062 8.68000030517578125 8.520000457763671875 8.4499998092651367188 8.3500003814697265625 8.2899999618530273438 8.2799997329711914062 8.3000001907348632812 8.4499998092651367188 8.6199998855590820312 8.7399997711181640625 8.7899999618530273438 8.8800001144409179688 8.9200000762939453125 8.9499998092651367188 8.9899997711181640625 8.9499998092651367188 9.2200002670288085938 9.9600000381469726562 10.189999580383300781 11.100000381469726562 11.590000152587890625 12.520000457763671875 14.100000381469726562 14.100000381469726562 13.109999656677246094 12.210000038146972656 11.270000457763671875 10.970000267028808594 10.229999542236328125 10.539999961853027344 10.470000267028808594 10.43000030517578125 10.100000381469726562 9.8800001144409179688 9.93000030517578125 9.81999969482421875
8.8699998855590820312 8.8800001144409179688 8.81999969482421875 8.8000001907348632812 8.590000152587890625 8.5799999237060546875 8.5600004196166992188 8.4399995803833007812 8.340000152587890625 8.3000001907348632812 8.31999969482421875 8.3000001907348632812 8.3800001144409179688 8.5100002288818359375 8.56999969482421875 8.68000030517578125 8.93000030517578125 8.7899999618530273438 8.8800001144409179688 8.9499998092651367188 8.8999996185302734375 9.1199998855590820312 9.590000152587890625 9.979999542236328125 11.140000343322753906 12.520000457763671875 12.470000267028808594 13.279999732971191406 14.189999580383300781 13.68000030517578125 13.060000419616699219 12.479999542236328125 11.300000190734863281 11.789999961853027344 11.25 11.189999580383300781 11.06999969482421875 9.909999847412109375 9.8299999237060546875 9.770000457763671875 9.5500001907348632812
8.8100004196166992188 8.81999969482421875 8.8599996566772460938 8.8599996566772460938 8.7200002670288085938 8.6300001144409179688 8.56999969482421875 8.5 8.5100002288818359375 8.479999542236328125 8.4200000762939453125 8.3500003814697265625 8.3800001144409179688 8.5100002288818359375 8.5799999237060546875 8.6400003433227539062 8.6999998092651367188 8.729999542236328125 8.8000001907348632812 8.8299999237060546875 8.8800001144409179688 9.1999998092651367188 9.4399995803833007812 9.6300001144409179688 10.170000076293945312 12.229999542236328125 11.899999618530273438 11.760000228881835938 14.119999885559082031 14.289999961853027344 14.140000343322753906 14.18000030517578125 13.880000114440917969 11.75 11.460000038146972656 11.5 11.170000076293945312 10.789999961853027344 10.789999961853027344 10.31999969482421875 9.4200000762939453125
8.75 8.770000457763671875 8.8900003433227539062 8.8699998855590820312 8.8000001907348632812 8.7899999618530273438 8.68000030517578125 8.7399997711181640625 8.5500001907348632812 8.5299997329711914062 8.5500001907348632812 8.590000152587890625 8.4700002670288085938 8.5500001907348632812 8.5799999237060546875 8.6199998855590820312 8.75 8.7200002670288085938 8.7399997711181640625 8.8500003814697265625 8.9600000381469726562 8.979999542236328125 9.229999542236328125 9.3900003433227539062 9.75 10.359999656677246094 11.270000457763671875 11.539999961853027344 12.130000114440917969 13.279999732971191406 13.470000267028808594 13.600000381469726562 13.380000114440917969 13.050000190734863281 11.720000267028808594 11.649999618530273438 11.43000030517578125 11.020000457763671875 10.310000419616699219 9.9899997711181640625 9.6000003814697265625
8.6300001144409179688 8.6400003433227539062 8.6400003433227539062 8.7200002670288085938 8.6899995803833007812 8.7200002670288085938 8.8299999237060546875 8.8100004196166992188 8.590000152587890625 8.6000003814697265625 8.5 8.6499996185302734375 8.6199998855590820312 8.5399999618530273438 8.5500001907348632812 8.7200002670288085938 8.7399997711181640625 8.6700000762939453125 8.6199998855590820312 8.7200002670288085938 8.7799997329711914062 8.9600000381469726562 9.1000003814697265625 9.3599996566772460938 9.659999847412109375 10.329999923706054688 10.699999809265136719 11.229999542236328125 11.770000457763671875 12.470000267028808594 12.829999923706054688 13.079999923706054688 13.380000114440917969 13.220000267028808594 12.909999847412109375 11.369999885559082031 11.31999969482421875 11.060000419616699219 11.060000419616699219 9.6999998092651367188 9.090000152587890625
8.2899999618530273438 8.3000001907348632812 8.270000457763671875 8.3800001144409179688 8.56999969482421875 8.6899995803833007812 9.229999542236328125 8.93000030517578125 8.5500001907348632812 8.43000030517578125 8.590000152587890625 8.56999969482421875 8.5799999237060546875 8.56999969482421875 8.6000003814697265625 8.6000003814697265625 8.7100000381469726562 8.6199998855590820312 8.6899995803833007812 8.75 8.8699998855590820312 9.159999847412109375 9.31999969482421875 9.5799999237060546875 9.6999998092651367188 10.310000419616699219 10.539999961853027344 11.199999809265136719 11.850000381469726562 12.399999618530273438 12.810000419616699219 13.109999656677246094 13.470000267028808594 13.220000267028808594 11.640000343322753906 11.199999809265136719 11 10.81999969482421875 10.81999969482421875 9.7399997711181640625 9.3800001144409179688
7.9400000572204589844 7.909999847412109375 8.1700000762939453125 8.1199998855590820312 8.2799997329711914062 8.5299997329711914062 9.1300001144409179688 8.3000001907348632812 8.2100000381469726562 8.2200002670288085938 8.4700002670288085938 8.4600000381469726562 8.6099996566772460938 8.6099996566772460938 8.7399997711181640625 8.5399999618530273438 8.5500001907348632812 8.6999998092651367188 9.4399995803833007812 9.43000030517578125 10.720000267028808594 9.590000152587890625 9.5299997329711914062 9.8299999237060546875 11.170000076293945312 10.439999580383300781 10.869999885559082031 11.329999923706054688 11.970000267028808594 12.289999961853027344 12.939999580383300781 13.43000030517578125 13.439999580383300781 13.140000343322753906 12.529999732971191406 12.090000152587890625 10.529999732971191406 10.5 10.350000381469726562 9.7399997711181640625 9.3999996185302734375
7.8099999427795410156 7.75 7.840000152587890625 7.9499998092651367188 7.9899997711181640625 8.1700000762939453125 8.06999969482421875 7.9600000381469726562 7.9400000572204589844 8.1300001144409179688 8.3000001907348632812 8.409999847412109375 8.5299997329711914062 8.5799999237060546875 8.6199998855590820312 8.6099996566772460938 8.6099996566772460938 10.189999580383300781 10.189999580383300781 10.359999656677246094 10.539999961853027344 9.409999847412109375 9.8900003433227539062 10.609999656677246094 10.630000114440917969 10.670000076293945312 11.050000190734863281 11.670000076293945312 12.310000419616699219 12.670000076293945312 13.06999969482421875 13.210000038146972656 13.18000030517578125 13.140000343322753906 12.590000152587890625 11.130000114440917969 10.229999542236328125 10.25 9.659999847412109375 9.520000457763671875 9.3999996185302734375
