wildfire/work/fuelmodels/1828/aspect.asc
ncols        81
nrows        61
xllcorner    175265.000000000000
yllcorner    482860.000000000000
cellsize     5.000000000000
NODATA_value   -999
[rows 38 to 56 of 61, columns 0 to 41 of 81]
0 238.2659149169921875 241.0810699462890625 244.627899169921875 234.203521728515625 217.9766693115234375 207.83758544921875 191.3948822021484375 176.650238037109375 182.44659423828125 126.0059051513671875 112.69658660888671875 119.1566619873046875 194.4203338623046875 238.638458251953125 247.347503662109375 250.42919921875 245.9878387451171875 239.1308135986328125 234.48602294921875 235.5454864501953125 239.951995849609375 246.7170562744140625 239.1417999267578125 164.8586578369140625 79.5920867919921875 72.0038909912109375 63.434783935546875 11.6306610107421875 356.686065673828125 9.1952381134033203125 46.09558868408203125 82.59870147705078125 77.803619384765625 13.686436653137207031 292.37945556640625 238.157012939453125 210.342742919921875 152.252288818359375 155.7315521240234375 253.8101654052734375 303.52972412109375
0 257.95684814453125 257.43194580078125 253.1307220458984375 234.6115570068359375 219.6766815185546875 201.208740234375 194.152984619140625 193.2400665283203125 181.496246337890625 143.0144805908203125 117.52211761474609375 117.25502777099609375 214.3798370361328125 244.3838958740234375 249.943328857421875 253.55657958984375 243.021331787109375 243.5196380615234375 250.9134063720703125 256.321624755859375 258.7342529296875 250.494415283203125 216.5871734619140625 194.94964599609375 185.6070098876953125 178.0246734619140625 32.7508087158203125 340.507720947265625 343.539215087890625 100.88116455078125 119.30394744873046875 110.35955047607421875 95.86728668212890625 10.561004638671875 46.060779571533203125 241.5038299560546875 181.9157562255859375 158.2856597900390625 295.16717529296875 302.87554931640625 304.214996337890625
0 252.349334716796875 251.3499298095703125 237.7781982421875 216.4687652587890625 211.8362274169921875 195.9449310302734375 190.304443359375 187.0730743408203125 170.723724365234375 150.794219970703125 123.481048583984375 104.2498016357421875 249.44342041015625 236.8881072998046875 245.409332275390625 247.3546142578125 236.747467041015625 235.2910308837890625 226.6974639892578125 232.9250030517578125 257.269744873046875 263.7403564453125 194.7078857421875 208.0158843994140625 207.1394195556640625 234.3484039306640625 224.999359130859375 162.34954833984375 160.9362335205078125 115.02783203125 97.14443206787109375 94.5674285888671875 94.62633514404296875 292.165863037109375 354.599151611328125 0.44643256068229675293 32.547000885009765625 339.914886474609375 308.981292724609375 318.140411376953125 318.490936279296875
0 257.524261474609375 239.5960235595703125 216.792236328125 203.60662841796875 200.7936248779296875 185.5448760986328125 176.215118408203125 179.1570587158203125 166.1920928955078125 153.5720062255859375 126.0270538330078125 111.46735382080078125 167.6605682373046875 219.80499267578125 240.583831787109375 241.5124053955078125 229.6057281494140625 222.733551025390625 217.9787139892578125 241.6902923583984375 255.4216766357421875 236.3093414306640625 183.8137359619140625 218.844329833984375 210.2740020751953125 212.936309814453125 203.3804473876953125 149.5560760498046875 136.4025726318359375 124.26702117919921875 107.62372589111328125 109.4016265869140625 117.6930084228515625 315.768341064453125 323.47613525390625 58.535732269287109375 105.94516754150390625 268.55523681640625 289.94171142578125 292.6837158203125 220.600830078125
0 274.707183837890625 236.76776123046875 211.534210205078125 194.958160400390625 182.1664886474609375 173.71270751953125 171.8053436279296875 178.8762969970703125 193.748626708984375 216.869354248046875 99.38129425048828125 129.942474365234375 174.019012451171875 233.9720916748046875 241.3011627197265625 238.222503662109375 225.2859344482421875 218.4066009521484375 231.590057373046875 250.7063140869140625 239.7510986328125 198.06854248046875 197.9330291748046875 202.363189697265625 183.9127197265625 208.900421142578125 226.228790283203125 148.5121917724609375 119.57021331787109375 128.5457000732421875 127.22325897216796875 129.7945709228515625 166.5394287109375 197.7395477294921875 185.510284423828125 160.9521636962890625 157.7468109130859375 221.97222900390625 227.659515380859375 181.958648681640625 177.7709503173828125
0 271.908447265625 243.4343719482421875 190.783599853515625 171.0269317626953125 162.783538818359375 162.80108642578125 167.50360107421875 170.753509521484375 204.759857177734375 200.53131103515625 149.1747589111328125 149.035888671875 218.7576141357421875 247.988128662109375 241.8981170654296875 237.1881256103515625 231.5398406982421875 223.198333740234375 238.2811126708984375 246.0369415283203125 225.2012176513671875 192.332000732421875 206.595672607421875 210.2686309814453125 205.7903289794921875 272.418853759765625 284.263763427734375 132.0093994140625 120.29972076416015625 116.564788818359375 116.36040496826171875 117.25505828857421875 132.828369140625 161.434295654296875 175.3039703369140625 172.35919189453125 173.2897491455078125 216.1670379638671875 213.1166229248046875 186.9622802734375 169.508148193359375
0 246.0369110107421875 196.1890411376953125 149.6204833984375 148.2401580810546875 145.4911956787109375 147.264373779296875 154.41107177734375 159.33087158203125 190.6488037109375 189.6307220458984375 171.4196624755859375 189.8653564453125 240.4879608154296875 243.434417724609375 234.3231048583984375 229.8130035400390625 223.3023223876953125 216.9723052978515625 254.7704620361328125 258.926605224609375 214.196563720703125 189.4111175537109375 214.4603271484375 220.37847900390625 249.3487548828125 287.57598876953125 14.868242263793945312 78.24982452392578125 97.37604522705078125 100.17867279052734375 105.30902862548828125 119.013458251953125 100.94652557373046875 66.5711669921875 65.83893585205078125 167.5921173095703125 220.913818359375 258.310028076171875 247.3367462158203125 205.9528961181640625 157.2172393798828125
0 231.00848388671875 172.74652099609375 141.072052001953125 124.9915924072265625 124.56224822998046875 134.34112548828125 136.3318023681640625 140.9311370849609375 166.7232513427734375 188.615234375 210.0178375244140625 239.19793701171875 248.4474334716796875 239.42022705078125 224.075408935546875 218.9904937744140625 206.5645751953125 208.95050048828125 233.201812744140625 215.61151123046875 190.987060546875 201.1878662109375 236.2100982666015625 246.2159423828125 255.128448486328125 259.3837890625 359.383148193359375 57.108150482177734375 78.79146575927734375 84.06130218505859375 80.041717529296875 79.33002471923828125 66.57122802734375 14.433673858642578125 33.598697662353515625 20.451524734497070312 342.14892578125 317.271759033203125 241.100799560546875 180.247589111328125 153.1921844482421875
0 206.5644683837890625 155.5556793212890625 145.619354248046875 136.6362152099609375 124.38007354736328125 116.28801727294921875 110.5558319091796875 110.5557861328125 126.0269012451171875 200.5556182861328125 241.820831298828125 247.6707916259765625 239.3488006591796875 222.1009063720703125 228.917724609375 226.1686248779296875 196.2935333251953125 213.002532958984375 210.3896636962890625 197.5970916748046875 206.71160888671875 225.3905487060546875 252.0780029296875 271.674224853515625 266.567352294921875 246.21124267578125 239.2367095947265625 63.34572601318359375 64.06903076171875 56.2914581298828125 45.305194854736328125 32.820751190185546875 10.762521743774414062 358.559844970703125 20.2637481689453125 31.52834320068359375 40.236278533935546875 155.13592529296875 169.8902740478515625 157.5030975341796875 152.9160919189453125
0 170.5371246337890625 122.90554046630859375 104.931365966796875 114.0262908935546875 110.77210235595703125 81.11930084228515625 65.17053985595703125 39.400539398193359375 16.389650344848632812 12.994462966918945312 304.21502685546875 257.47064208984375 242.6495819091796875 227.8150787353515625 236.852508544921875 212.151702880859375 185.630218505859375 217.0101776123046875 192.52825927734375 251.1995697021484375 257.944427490234375 242.5596923828125 242.6558380126953125 258.908050537109375 267.338623046875 230.4480743408203125 233.8968505859375 244.422119140625 43.778118133544921875 28.686082839965820312 25.216596603393554688 25.322084426879882812 23.238788604736328125 15.409577369689941406 11.54666900634765625 48.680511474609375 48.376789093017578125 17.601133346557617188 57.04691314697265625 114.35272979736328125 175.7942657470703125
0 215.133636474609375 314.999786376953125 55.007778167724609375 47.353168487548828125 30.963726043701171875 30.963726043701171875 26.81085205078125 22.319410324096679688 12.528829574584960938 11.534470558166503906 6.3401370048522949219 316.145050048828125 284.420166015625 269.999359130859375 249.36181640625 218.5162506103515625 196.927093505859375 227.4361724853515625 235.0075225830078125 263.41748046875 254.41845703125 235.75433349609375 230.30584716796875 237.5878753662109375 222.4008331298828125 189.0188751220703125 226.16522216796875 228.9943084716796875 185.825958251953125 35.5375823974609375 26.613422393798828125 43.006229400634765625 52.25836181640625 43.223857879638671875 30.963674545288085938 55.48401641845703125 45.556121826171875 42.65728759765625 75.42273712158203125 58.04550933837890625 350.941314697265625
0 204.1018218994140625 202.833160400390625 153.0037078857421875 105.75102996826171875 31.372941970825195312 8.6525325775146484375 30.256319046020507812 47.77007293701171875 24.227643966674804688 356.05389404296875 4.96973419189453125 2.1210765838623046875 307.64691162109375 276.339569091796875 284.656097412109375 292.619293212890625 171.25341796875 217.7245635986328125 233.6726226806640625 237.6989593505859375 237.0607757568359375 234.199920654296875 239.1805572509765625 239.93084716796875 226.5175628662109375 210.0119476318359375 227.3804473876953125 225.8007659912109375 207.2510833740234375 191.6273651123046875 181.5708770751953125 100.527557373046875 57.936458587646484375 49.13005828857421875 61.422061920166015625 79.0770111083984375 71.56485748291015625 87.2034912109375 105.27523040771484375 165.4652099609375 312.7845458984375
0 183.9642486572265625 188.7848358154296875 189.614044189453125 192.3548736572265625 278.324859619140625 342.7274169921875 54.21086883544921875 85.44597625732421875 138.8134918212890625 262.404693603515625 306.25286865234375 49.7636566162109375 3.3662266731262207031 274.969207763671875 264.805084228515625 185.71002197265625 137.045135498046875 230.1938323974609375 244.7216339111328125 264.4000244140625 284.825836181640625 288.644927978515625 281.74493408203125 270.62896728515625 258.78875732421875 244.4499359130859375 248.588714599609375 251.81854248046875 238.580352783203125 219.909637451171875 227.1337127685546875 131.185882568359375 85.482421875 93.53603363037109375 108.9350738525390625 132.8111572265625 99.9719085693359375 83.26935577392578125 91.9747314453125 186.263092041015625 245.6438446044921875
0 184.3648529052734375 191.212371826171875 200.07098388671875 212.608612060546875 258.02325439453125 253.6099090576171875 113.5814056396484375 141.980743408203125 192.0608673095703125 222.136993408203125 209.74432373046875 195.94488525390625 342.6448974609375 327.803070068359375 211.428955078125 195.8019256591796875 313.385772705078125 336.39508056640625 336.701416015625 346.8443603515625 359.525634765625 322.942718505859375 314.214447021484375 319.82000732421875 308.135589599609375 278.757568359375 276.7855224609375 273.978729248046875 269.274139404296875 277.01312255859375 290.15692138671875 349.82342529296875 95.44011688232421875 90.99039459228515625 86.82647705078125 118.09456634521484375 163.019927978515625 114.38314056396484375 93.15773773193359375 66.476654052734375 248.1668548583984375
0 193.160614013671875 200.8280792236328125 199.7115020751953125 212.6110382080078125 221.272857666015625 173.5604095458984375 144.462005615234375 168.866790771484375 211.521697998046875 220.8718414306640625 217.146087646484375 241.9902191162109375 268.451202392578125 53.130306243896484375 102.0949859619140625 305.705963134765625 323.657989501953125 344.102783203125 334.1922607421875 2.4226047992706298828 43.2772369384765625 319.048858642578125 308.97528076171875 328.2640380859375 343.00836181640625 296.75140380859375 291.821441650390625 291.944427490234375 288.996002197265625 284.15008544921875 275.485504150390625 136.04132080078125 83.27428436279296875 74.06678009033203125 89.67238616943359375 116.1503448486328125 160.1215057373046875 133.043121337890625 113.6958465576171875 112.46651458740234375 215.6824188232421875
0 193.7358551025390625 211.0968170166015625 203.6288604736328125 208.5107879638671875 199.513153076171875 172.46270751953125 153.2723236083984375 304.3143310546875 305.869049072265625 313.471710205078125 278.61505126953125 239.57379150390625 254.290985107421875 328.3919677734375 338.19781494140625 309.42431640625 322.64990234375 349.779815673828125 334.854400634765625 14.12789154052734375 30.83776092529296875 338.584259033203125 307.43939208984375 325.551025390625 322.982574462890625 309.64794921875 311.017578125 314.826141357421875 306.075347900390625 277.06195068359375 197.102325439453125 171.438720703125 110.45606231689453125 101.090423583984375 105.74179840087890625 116.51253509521484375 136.78961181640625 134.99969482421875 141.86962890625 119.418731689453125 188.1297149658203125
0 151.6990509033203125 242.4174346923828125 233.129547119140625 223.8060150146484375 226.6841888427734375 302.798919677734375 316.14501953125 320.1165771484375 319.1842041015625 344.01580810546875 21.286336898803710938 346.217498779296875 284.8980712890625 317.967498779296875 322.33160400390625 296.40826416015625 301.222625732421875 349.3179931640625 6.0540623664855957031 123.31026458740234375 109.89810943603515625 297.07135009765625 276.95233154296875 311.2562255859375 307.160003662109375 300.7130126953125 297.96435546875 290.5859375 266.737335205078125 263.564666748046875 128.805816650390625 170.78857421875 150.619049072265625 112.20992279052734375 97.4956207275390625 87.41573333740234375 103.72917938232421875 118.42281341552734375 167.811004638671875 127.9832000732421875 300.963287353515625
0 30.9633636474609375 284.53375244140625 253.442352294921875 268.314697265625 302.79876708984375 317.173980712890625 285.85125732421875 264.52203369140625 281.914520263671875 321.473236083984375 23.4984893798828125 29.709928512573242188 309.236602783203125 298.155487060546875 304.434539794921875 280.73089599609375 279.640960693359375 341.905303955078125 96.79363250732421875 129.6487579345703125 174.6613922119140625 204.8111724853515625 220.28912353515625 219.456512451171875 219.02947998046875 217.8586883544921875 208.3822479248046875 199.4451141357421875 210.5554656982421875 207.8313446044921875 138.443115234375 156.2106170654296875 162.0931396484375 141.4309844970703125 130.196197509765625 87.420654296875 45.61374664306640625 22.062435150146484375 18.917724609375 47.9355621337890625 243.434234619140625
0 288.43426513671875 300.962982177734375 183.36578369140625 250.4969635009765625 259.195037841796875 235.7838592529296875 220.814605712890625 261.303863525390625 269.37884521484375 274.66619873046875 42.990299224853515625 58.51241302490234375 314.396148681640625 268.0091552734375 205.5905303955078125 241.457061767578125 260.3941650390625 327.803558349609375 69.0872802734375 72.60540008544921875 61.92737579345703125 227.9351348876953125 215.6439971923828125 208.3185882568359375 187.9097900390625 197.1807403564453125 197.502593994140625 194.454437255859375 195.9924163818359375 189.7819671630859375 163.65850830078125 152.0818634033203125 158.6233978271484375 157.0464630126953125 170.66253662109375 155.5557098388671875 14.845414161682128906 7.2472629547119140625 40.18300628662109375 65.9425048828125 107.59227752685546875
