wildfire/work/fuelmodels/1828/aspect.asc
ncols        81
nrows        61
xllcorner    175265.000000000000
yllcorner    482860.000000000000
cellsize     5.000000000000
NODATA_value   -999
[rows 0 to 18 of 61, columns 0 to 41 of 81]
0 0 0 0 0 0 0 0 0 0 0 0 0 0 0 0 0 0 0 0 0 0 0 0 0 0 0 0 0 0 0 0 0 0 0 0 0 0 0 0 0 0
0 0.36806944012641906738 352.125244140625 332.834228515625 316.011474609375 313.72625732421875 317.447906494140625 321.16326904296875 320.547760009765625 299.61602783203125 296.34979248046875 292.89349365234375 291.92889404296875 281.90765380859375 223.190765380859375 163.1836395263671875 133.79364013671875 122.22730255126953125 130.246429443359375 158.0909271240234375 192.010955810546875 2.1886277198791503906 15.344318389892578125 26.236631393432617188 29.4620208740234375 18.077936172485351562 351.615936279296875 332.07672119140625 336.16046142578125 317.704132080078125 284.489105224609375 287.216796875 293.3170166015625 230.0418701171875 188.3654022216796875 76.087310791015625 49.898956298828125 345.771087646484375 17.807605743408203125 36.19970703125 25.615419387817382812 51.143096923828125
0 8.0622491836547851562 1.576557159423828125 344.2615966796875 323.034942626953125 319.084869384765625 330.388916015625 340.7928466796875 347.418304443359375 337.119720458984375 312.084930419921875 286.262969970703125 282.195068359375 283.45257568359375 150.123748779296875 121.55108642578125 117.887939453125 112.57556915283203125 106.32659149169921875 330.32073974609375 324.9288330078125 342.82330322265625 2.5612959861755371094 18.5635528564453125 16.63877105712890625 1.9256433248519897461 0.20535963773727416992 9.2146511077880859375 22.619806289672851562 351.6063232421875 254.88824462890625 236.829559326171875 196.8444976806640625 186.6662139892578125 203.0182647705078125 198.9139404296875 140.44000244140625 239.3221588134765625 259.69476318359375 65.31586456298828125 82.16429901123046875 104.1388702392578125
0 8.3832502365112304688 355.78497314453125 349.009552001953125 330.304229736328125 325.739715576171875 340.041046142578125 345.314453125 351.60186767578125 357.4417724609375 349.34698486328125 307.33245849609375 274.898468017578125 283.187164306640625 20.828439712524414062 65.068359375 68.636871337890625 58.557056427001953125 14.878731727600097656 330.84442138671875 337.9365234375 354.133209228515625 353.55084228515625 14.297834396362304688 14.769166946411132812 353.80426025390625 3.7614266872406005859 38.456615447998046875 60.892696380615234375 71.08547210693359375 227.612823486328125 215.8623504638671875 198.139801025390625 197.0524139404296875 204.694091796875 201.78668212890625 186.428314208984375 201.243255615234375 233.9720611572265625 99.6227569580078125 105.46680450439453125 120.9217529296875
0 347.095947265625 338.890289306640625 340.91253662109375 327.305511474609375 324.287811279296875 342.3077392578125 341.61187744140625 347.537445068359375 2.1965777873992919922 5.8156042098999023438 349.561676025390625 303.58514404296875 290.285003662109375 339.033447265625 41.795856475830078125 41.458072662353515625 19.621063232421875 355.6004638671875 330.904693603515625 341.084808349609375 357.884857177734375 348.65576171875 16.962068557739257812 19.659206390380859375 359.9991455078125 24.999912261962890625 70.81165313720703125 68.44445037841796875 47.642452239990234375 59.5887603759765625 221.5930633544921875 212.332427978515625 204.1649169921875 209.7095184326171875 207.32208251953125 197.7589874267578125 227.9965057373046875 260.374114990234375 84.73212432861328125 95.6894378662109375 106.97988128662109375
0 345.19354248046875 334.251739501953125 317.385162353515625 312.4915771484375 318.0325927734375 342.450225830078125 342.702423095703125 337.2110595703125 2.2628183364868164062 21.297269821166992188 14.252705574035644531 309.836029052734375 261.66802978515625 254.426849365234375 67.24893951416015625 55.878475189208984375 9.74994659423828125 341.190399169921875 305.328765869140625 268.567291259765625 277.560821533203125 300.51458740234375 40.914264678955078125 40.69814300537109375 46.272922515869140625 88.75444793701171875 82.230224609375 61.504215240478515625 59.424663543701171875 80.89519500732421875 169.438629150390625 201.0684814453125 207.765380859375 215.1336822509765625 206.9760284423828125 215.9346923828125 245.3726654052734375 248.32684326171875 132.23291015625 96.65160369873046875 88.95394134521484375
0 354.727447509765625 353.36669921875 295.139892578125 294.335693359375 304.286163330078125 336.97760009765625 344.518157958984375 353.495147705078125 357.768035888671875 12.185687065124511719 31.617828369140625 39.16046905517578125 196.7621002197265625 205.8990631103515625 174.5714874267578125 146.0149383544921875 169.5738067626953125 195.7882232666015625 205.4867706298828125 211.5037994384765625 246.308746337890625 236.8881072998046875 147.6800689697265625 116.56475830078125 122.584136962890625 111.73656463623046875 64.19869232177734375 52.361652374267578125 56.1575927734375 61.494747161865234375 94.30425262451171875 176.7103424072265625 215.1755523681640625 221.7503662109375 215.4550018310546875 229.5087432861328125 229.300201416015625 211.2127685546875 168.6321563720703125 117.05031585693359375 74.05443572998046875
0 177.088714599609375 181.0605621337890625 271.126708984375 267.25726318359375 233.333831787109375 205.7779541015625 234.546234130859375 147.2645111083984375 157.61944580078125 182.653717041015625 122.470916748046875 134.0119476318359375 165.342864990234375 186.176361083984375 178.974517822265625 171.6228485107421875 179.6523284912109375 209.6557159423828125 239.2061920166015625 268.87603759765625 291.83770751953125 332.21533203125 103.7606048583984375 102.244293212890625 83.54425048828125 38.316013336181640625 10.741925239562988281 22.7063140869140625 37.474460601806640625 54.605083465576171875 80.96533203125 148.6041717529296875 230.86029052734375 248.4195709228515625 260.33953857421875 250.8982696533203125 222.45465087890625 198.94891357421875 180.0921478271484375 158.223358154296875 91.1532135009765625
0 181.957611083984375 187.3879241943359375 228.0849151611328125 217.837554931640625 193.72021484375 196.334442138671875 202.993682861328125 180.5668487548828125 174.2965545654296875 179.5399932861328125 159.3291778564453125 153.707611083984375 167.823699951171875 182.7258758544921875 183.315277099609375 189.5874176025390625 215.5987091064453125 252.1975555419921875 284.074432373046875 302.38824462890625 308.78363037109375 19.798860549926757812 48.74280548095703125 12.550211906433105469 18.368907928466796875 12.528776168823242188 359.9991455078125 11.144933700561523438 48.132953643798828125 68.34658050537109375 75.79784393310546875 62.25664520263671875 280.44818115234375 272.8092041015625 285.625335693359375 309.391845703125 332.38909912109375 350.79754638671875 8.1300802230834960938 35.180622100830078125 103.22280120849609375
0 187.0045623779296875 185.1940155029296875 213.39093017578125 204.487396240234375 192.334442138671875 196.00152587890625 194.680206298828125 184.8640899658203125 180.2025146484375 178.9713134765625 168.5312042236328125 165.837432861328125 176.3533172607421875 189.850860595703125 199.4506988525390625 217.793426513671875 238.5588836669921875 265.109893798828125 286.3463134765625 307.928924560546875 357.0343017578125 37.7109222412109375 341.9002685546875 343.992950439453125 8.01519775390625 30.356500625610351562 45.846561431884765625 104.12775421142578125 103.5946044921875 87.2456207275390625 70.4505767822265625 30.545026779174804688 335.10546875 316.721893310546875 305.536956787109375 310.9486083984375 322.877593994140625 344.459991455078125 19.443838119506835938 45.742572784423828125 61.9999542236328125
0 195.5296478271484375 195.4312744140625 215.2667694091796875 205.8893890380859375 197.5298919677734375 196.0048980712890625 192.918853759765625 192.124542236328125 187.96917724609375 181.1228790283203125 177.929534912109375 181.6193389892578125 193.5969390869140625 205.8064422607421875 215.9909820556640625 228.384002685546875 236.3633575439453125 251.0782012939453125 257.12664794921875 249.2852630615234375 160.529327392578125 21.297420501708984375 304.863525390625 319.048797607421875 72.93707275390625 105.2261810302734375 115.8364715576171875 132.6949310302734375 132.8786163330078125 111.70196533203125 61.331668853759765625 18.237661361694335938 5.4871416091918945312 345.962982177734375 299.8486328125 282.7305908203125 270.857666015625 253.7392120361328125 109.66359710693359375 94.5519256591796875 81.0271759033203125
0 212.6530914306640625 213.78668212890625 214.2485198974609375 207.914215087890625 200.6683197021484375 196.8458099365234375 200.8885040283203125 202.436981201171875 196.2148590087890625 189.8584747314453125 194.970123291015625 209.104217529296875 217.5680999755859375 215.74383544921875 221.6548614501953125 231.817718505859375 238.177642822265625 241.0730133056640625 232.9739227294921875 215.5555877685546875 199.3045654296875 222.613494873046875 239.4933013916015625 180.54010009765625 151.749908447265625 123.26311492919921875 128.8594512939453125 133.4889373779296875 132.698272705078125 129.0936126708984375 4.8990998268127441406 13.401436805725097656 32.6090545654296875 14.688776016235351562 293.256744384765625 222.5313720703125 212.72479248046875 197.62896728515625 153.882537841796875 129.8190460205078125 106.95165252685546875
0 233.857391357421875 232.2963714599609375 226.4226531982421875 222.172393798828125 210.4650726318359375 206.8335113525390625 221.9690093994140625 221.1209716796875 214.181671142578125 209.21875 223.0244903564453125 230.920013427734375 225.9623565673828125 231.5051422119140625 243.5863800048828125 250.896331787109375 251.979644775390625 246.4644012451171875 234.16180419921875 224.144378662109375 221.0085601806640625 223.7264404296875 203.7279052734375 173.504669189453125 165.718536376953125 99.1715087890625 87.5995941162109375 82.8134765625 64.7466888427734375 328.899169921875 324.49261474609375 16.762508392333984375 41.130710601806640625 37.6475372314453125 96.088287353515625 157.2031097412109375 186.5480499267578125 195.47479248046875 174.633209228515625 169.7579193115234375 152.899139404296875
0 258.689453125 252.9914398193359375 242.3235321044921875 237.3242340087890625 232.333831787109375 241.0393524169921875 254.8085174560546875 253.1007537841796875 250.0503387451171875 262.234161376953125 276.043426513671875 275.5523681640625 274.949615478515625 279.4000244140625 278.65985107421875 270.60882568359375 262.936767578125 258.95843505859375 252.16436767578125 243.8717498779296875 236.8052215576171875 227.6111297607421875 210.140899658203125 195.381591796875 216.689208984375 68.25244903564453125 61.2727813720703125 56.2792816162109375 42.88663482666015625 330.3994140625 295.84820556640625 0.40065243840217590332 33.088695526123046875 57.755146026611328125 87.74199676513671875 111.8428192138671875 152.3328857421875 190.1403350830078125 182.8684844970703125 192.5997161865234375 192.0032806396484375
0 264.578765869140625 254.2107696533203125 247.2245330810546875 248.411590576171875 251.0529327392578125 260.46929931640625 267.708831787109375 267.7388916015625 271.895904541015625 282.394775390625 290.790069580078125 301.463531494140625 303.24932861328125 306.026641845703125 305.715667724609375 284.930694580078125 267.855621337890625 258.78656005859375 253.5799102783203125 251.56451416015625 251.56451416015625 244.1392669677734375 224.99951171875 225.7067718505859375 251.0372467041015625 338.497772216796875 59.667675018310546875 70.20095062255859375 68.99013519287109375 19.653566360473632812 242.211517333984375 231.1149749755859375 77.69927215576171875 78.231536865234375 71.03925323486328125 59.695018768310546875 77.69351959228515625 139.38067626953125 182.822509765625 199.4045562744140625 191.247314453125
0 274.84332275390625 267.63311767578125 261.99468994140625 261.86932373046875 264.173095703125 268.5491943359375 272.201995849609375 276.813720703125 282.56280517578125 283.77093505859375 285.683441162109375 300.37841796875 310.957916259765625 323.08380126953125 335.555267333984375 325.9532470703125 303.995697021484375 275.4854736328125 260.1968994140625 251.564453125 248.07513427734375 238.279632568359375 219.8050079345703125 226.963104248046875 240.73822021484375 255.1007080078125 64.344146728515625 68.93517303466796875 71.83812713623046875 99.811004638671875 192.8169403076171875 202.30572509765625 175.02984619140625 123.9269256591796875 103.73108673095703125 89.1590423583984375 89.78249359130859375 103.55622100830078125 163.93182373046875 191.9980010986328125 187.608551025390625
0 297.846893310546875 290.491851806640625 283.312896728515625 286.048309326171875 288.868316650390625 287.9866943359375 283.78094482421875 285.090850830078125 291.892974853515625 301.327972412109375 309.156768798828125 315.894439697265625 323.00396728515625 332.934539794921875 342.0498046875 347.864349365234375 347.5963134765625 328.162445068359375 294.375823974609375 265.543731689453125 248.0906829833984375 228.3879852294921875 214.478668212890625 219.4272918701171875 226.3579864501953125 221.301849365234375 170.8372955322265625 84.70972442626953125 60.56970977783203125 39.26558685302734375 36.395412445068359375 102.84746551513671875 142.8453216552734375 137.8836822509765625 135.56695556640625 114.95879364013671875 100.343505859375 98.38396453857421875 120.96344757080078125 177.1082763671875 194.550933837890625
0 297.07135009765625 294.537017822265625 290.555328369140625 292.5662841796875 293.59405517578125 302.423828125 306.869232177734375 306.09759521484375 302.102508544921875 307.183990478515625 313.97625732421875 315.3701171875 326.2706298828125 335.5347900390625 340.10296630859375 354.730316162109375 4.4395213127136230469 8.0272035598754882812 6.7505426406860351562 316.3162841796875 268.263641357421875 224.9994659423828125 205.3456878662109375 204.2579345703125 209.7029571533203125 216.9770965576171875 212.12451171875 114.92822265625 81.54479217529296875 58.958156585693359375 66.4578399658203125 85.3224029541015625 104.237030029296875 122.43112945556640625 146.41064453125 76.85495758056640625 72.57886505126953125 62.7771453857421875 36.841747283935546875 24.818181991577148438 21.124654769897460938
0 310.648162841796875 316.700592041015625 304.407745361328125 301.878875732421875 301.14288330078125 305.26226806640625 313.02435302734375 318.9786376953125 312.83819580078125 307.782684326171875 313.75390625 316.36322021484375 322.99920654296875 328.760009765625 334.69677734375 359.414520263671875 18.768018722534179688 28.450992584228515625 34.65674591064453125 22.297143936157226562 145.490997314453125 178.918701171875 179.10443115234375 184.8435516357421875 190.4273223876953125 204.57720947265625 201.4472808837890625 164.187469482421875 161.04852294921875 168.352203369140625 152.1133270263671875 148.378936767578125 132.397125244140625 135.6776885986328125 188.0727691650390625 141.735626220703125 60.8726806640625 37.622173309326171875 18.046123504638671875 27.853178024291992188 53.558746337890625
