wildfire/work/fuelmodels/1828/aspect.asc
ncols        81
nrows        61
xllcorner    175265.000000000000
yllcorner    482860.000000000000
cellsize     5.000000000000
NODATA_value   -999
[rows 19 to 37 of 61, columns 0 to 41 of 81]
0 308.867034912109375 321.3936767578125 313.3145751953125 308.00408935546875 309.1597900390625 306.38360595703125 306.76678466796875 314.548126220703125 316.022308349609375 308.7318115234375 312.54522705078125 316.100982666015625 315.270172119140625 313.216766357421875 317.875335693359375 18.8348388671875 53.61551666259765625 48.885730743408203125 51.826763153076171875 67.53308868408203125 116.8054656982421875 149.503387451171875 165.036651611328125 177.37005615234375 184.8986663818359375 192.08331298828125 188.8739776611328125 169.2899932861328125 166.6983642578125 179.909912109375 163.1919403076171875 144.3730621337890625 138.82318115234375 145.922454833984375 178.0074615478515625 185.304656982421875 155.4671478271484375 74.9190521240234375 34.34600830078125 66.82817840576171875 83.65961456298828125
0 303.339996337890625 313.646087646484375 316.516693115234375 310.134796142578125 312.742523193359375 311.7781982421875 307.79559326171875 310.8828125 311.53106689453125 308.578704833984375 315.446868896484375 315.76727294921875 308.187896728515625 292.1656494140625 271.32281494140625 57.528636932373046875 45.877941131591796875 42.974231719970703125 70.067291259765625 90.65233612060546875 111.27349090576171875 126.78980255126953125 148.50946044921875 172.4874420166015625 188.1723175048828125 196.9786224365234375 195.381591796875 171.22882080078125 160.229644775390625 185.3426055908203125 166.97216796875 119.53015899658203125 121.6168212890625 170.5943145751953125 170.5371856689453125 140.2735595703125 161.564666748046875 179.379058837890625 173.449432373046875 124.054046630859375 107.44243621826171875
0 320.64385986328125 320.831787109375 324.812744140625 315.266998291015625 313.820526123046875 315.83868408203125 313.227752685546875 313.572235107421875 308.698760986328125 301.856048583984375 309.8997802734375 316.74456787109375 315.906280517578125 325.358306884765625 316.659515380859375 322.593719482421875 91.15717315673828125 110.1002197265625 118.87622833251953125 124.5082244873046875 114.0653839111328125 100.84900665283203125 85.18624114990234375 88.137176513671875 176.216949462890625 211.9076080322265625 215.53717041015625 191.9616241455078125 158.3173370361328125 189.057373046875 164.6781158447265625 117.6457061767578125 113.0173187255859375 220.1553955078125 161.312286376953125 131.819854736328125 146.1884613037109375 180.5134124755859375 184.460418701171875 132.21099853515625 107.5197296142578125
0 328.64215087890625 324.5460205078125 327.887420654296875 325.655029296875 322.627410888671875 324.793060302734375 324.18536376953125 317.620086669921875 307.575836181640625 296.033416748046875 296.417572021484375 307.335784912109375 308.8411865234375 336.189605712890625 30.1817779541015625 128.2571258544921875 146.1324920654296875 142.317047119140625 135.7679901123046875 141.75323486328125 120.55214691162109375 58.28850555419921875 19.661037445068359375 36.572963714599609375 52.296825408935546875 171.5962371826171875 205.0868682861328125 196.1707916259765625 185.1693878173828125 204.340606689453125 160.576934814453125 115.05542755126953125 109.691741943359375 218.6592864990234375 128.028717041015625 125.18312835693359375 137.8198699951171875 240.5234222412109375 160.8206787109375 115.273651123046875 111.83440399169921875
0 337.82220458984375 330.641510009765625 323.45648193359375 327.829132080078125 336.095672607421875 343.252044677734375 346.21337890625 330.78485107421875 302.2540283203125 290.65106201171875 291.319549560546875 300.230072021484375 294.468292236328125 249.443359375 114.9200439453125 113.1468963623046875 117.51172637939453125 120.1444244384765625 107.818634033203125 105.01810455322265625 44.090496063232421875 341.88916015625 358.761138916015625 38.731189727783203125 47.34515380859375 62.795818328857421875 155.3337249755859375 205.9935302734375 216.8426513671875 228.9446563720703125 169.031768798828125 89.161407470703125 48.012699127197265625 61.07343292236328125 98.40160369873046875 96.82094573974609375 52.69596099853515625 302.3800048828125 48.6082916259765625 80.77344512939453125 71.04560089111328125
0 350.8138427734375 338.22174072265625 317.049224853515625 316.426605224609375 334.782806396484375 356.549652099609375 12.748195648193359375 3.3664324283599853516 288.85247802734375 277.183624267578125 277.43988037109375 277.174591064453125 235.6533203125 161.7845916748046875 141.51947021484375 108.79732513427734375 88.06194305419921875 70.34600067138671875 51.788852691650390625 28.46884918212890625 341.646942138671875 337.6585693359375 7.4313802719116210938 51.602794647216796875 39.135433197021484375 37.005458831787109375 35.76902008056640625 355.553497314453125 289.4810791015625 286.724456787109375 339.7742919921875 4.4749460220336914062 12.211462020874023438 40.155910491943359375 55.049224853515625 29.977876663208007812 0 357.370086669921875 67.12615203857421875 82.8551483154296875 62.425289154052734375
0 2.8686308860778808594 339.694732666015625 308.297393798828125 295.026092529296875 305.83123779296875 1.0675045251846313477 45.39368438720703125 66.8012542724609375 252.3629608154296875 259.323028564453125 256.124420166015625 222.3506927490234375 168.2859039306640625 162.1439208984375 161.667816162109375 154.2787322998046875 143.659210205078125 110.0950469970703125 4.6915521621704101562 11.758928298950195312 341.23114013671875 344.54571533203125 58.207794189453125 88.79795074462890625 53.673061370849609375 26.4328765869140625 36.281040191650390625 28.728780746459960938 340.820220947265625 298.401214599609375 339.94317626953125 311.3079833984375 337.889801025390625 39.2289581298828125 23.740550994873046875 7.8629713058471679688 8.6631803512573242188 41.2569122314453125 71.727203369140625 73.50832366943359375 63.434810638427734375
0 17.679632186889648438 336.59454345703125 294.93133544921875 271.26727294921875 260.86419677734375 245.8538665771484375 95.52730560302734375 106.0639190673828125 207.925567626953125 238.3119049072265625 220.800506591796875 180.973602294921875 163.7076873779296875 165.744964599609375 161.659698486328125 168.216156005859375 200.24456787109375 280.17486572265625 309.757476806640625 62.87860870361328125 148.091705322265625 181.2449493408203125 119.9757232666015625 107.64986419677734375 161.273773193359375 175.9551239013671875 100.81671905517578125 73.4378204345703125 55.469051361083984375 282.0941162109375 278.426422119140625 143.235260009765625 182.6347503662109375 189.604766845703125 158.6290130615234375 120.79296875 127.18441009521484375 78.60448455810546875 53.0631256103515625 45.338924407958984375 53.2630615234375
0 46.054286956787109375 326.59149169921875 275.313934326171875 264.698486328125 256.784149169921875 187.5941925048828125 118.85938262939453125 120.5237579345703125 189.37664794921875 227.181121826171875 203.292572021484375 168.689666748046875 157.2946929931640625 156.9381256103515625 159.116485595703125 195.3105010986328125 240.6492156982421875 222.3488006591796875 185.50689697265625 167.6188507080078125 159.7559356689453125 170.063232421875 141.369140625 110.94240570068359375 76.42940521240234375 127.6778106689453125 141.6470184326171875 116.8498382568359375 102.2112884521484375 281.887908935546875 175.600921630859375 124.4002685546875 166.0378570556640625 206.6740875244140625 191.40826416015625 141.008697509765625 170.89227294921875 328.827880859375 34.130298614501953125 57.583934783935546875 83.6595916748046875
0 67.64662933349609375 34.695095062255859375 247.854278564453125 243.078521728515625 218.026702880859375 170.8451995849609375 137.2075958251953125 136.607574462890625 185.1450653076171875 216.2899627685546875 197.42938232421875 166.4401702880859375 150.7145843505859375 143.3540191650390625 159.94940185546875 217.0559844970703125 228.4676971435546875 200.8474578857421875 184.6854248046875 198.8380279541015625 284.74298095703125 352.116058349609375 23.013263702392578125 54.46222686767578125 119.72425079345703125 132.72308349609375 144.887664794921875 121.21337890625 106.0037384033203125 292.165618896484375 97.2529449462890625 97.360809326171875 40.76342010498046875 308.7574462890625 335.7933349609375 31.822759628295898438 345.032470703125 300.66650390625 74.71350860595703125 88.31958770751953125 97.9661102294921875
0 75.0522613525390625 82.14646148681640625 201.713531494140625 214.5869598388671875 189.203582763671875 164.4591827392578125 153.0210723876953125 163.283050537109375 188.045684814453125 193.9311981201171875 190.33221435546875 170.561065673828125 154.9472198486328125 151.9715576171875 187.124664306640625 277.69537353515625 264.842254638671875 267.366943359375 295.952728271484375 304.874603271484375 318.944427490234375 19.249500274658203125 127.44335174560546875 141.2602386474609375 141.877593994140625 155.928741455078125 160.80419921875 136.6599578857421875 311.633056640625 352.475311279296875 95.3319549560546875 81.869781494140625 333.00335693359375 310.100189208984375 334.868377685546875 30.632076263427734375 16.032323837280273438 214.5080718994140625 124.7957305908203125 100.73618316650390625 96.07561492919921875
0 89.99976348876953125 108.92433929443359375 153.0243682861328125 192.5512237548828125 177.206878662109375 152.300201416015625 155.06024169921875 188.93914794921875 181.4836273193359375 175.0724334716796875 182.582550048828125 169.24365234375 157.6194915771484375 199.2895355224609375 254.0011138916015625 299.838043212890625 306.45648193359375 314.746856689453125 326.183441162109375 339.632415771484375 302.867950439453125 122.08907318115234375 132.424407958984375 151.9271697998046875 142.6171112060546875 169.954254150390625 150.4100799560546875 172.9329071044921875 239.1905364990234375 329.32196044921875 39.364017486572265625 30.411031723022460938 334.141448974609375 282.52813720703125 211.9442596435546875 132.1656341552734375 104.1619873046875 110.555816650390625 116.48809814453125 99.901336669921875 87.5938262939453125
0 114.72708892822265625 125.6521453857421875 148.8968353271484375 175.9713134765625 173.2690887451171875 163.0033111572265625 173.5808258056640625 183.86505126953125 168.689697265625 169.902069091796875 174.502655029296875 172.002166748046875 174.1357421875 225.95428466796875 255.096771240234375 272.120452880859375 285.99517822265625 298.231231689453125 306.42022705078125 88.89095306396484375 153.7619781494140625 127.0959320068359375 100.6194305419921875 92.988433837890625 109.6800384521484375 149.2368621826171875 144.81524658203125 178.5746307373046875 222.4261016845703125 241.2317657470703125 343.02374267578125 13.298536300659179688 18.434879302978515625 158.4283599853515625 173.89678955078125 188.129638671875 149.130157470703125 130.897857666015625 129.7373046875 105.66930389404296875 30.001253128051757812
0 129.5175323486328125 134.625213623046875 153.6763458251953125 176.3161163330078125 184.8986663818359375 224.9996337890625 302.004913330078125 116.02925872802734375 129.7258453369140625 143.6522369384765625 156.2712249755859375 173.2752532958984375 212.0048675537109375 243.2847900390625 240.8135223388671875 250.22052001953125 261.32122802734375 243.33612060546875 183.103668212890625 153.08502197265625 161.9693756103515625 142.403350830078125 71.48968505859375 50.817478179931640625 51.81807708740234375 92.79250335693359375 117.23096466064453125 174.7141265869140625 225.7533111572265625 231.235076904296875 240.6079559326171875 320.6300048828125 51.396465301513671875 79.6373748779296875 132.3801422119140625 203.145294189453125 151.6574859619140625 141.304229736328125 141.7221527099609375 47.683727264404296875 326.74725341796875
0 139.26318359375 144.552154541015625 166.902557373046875 226.7352142333984375 294.1015625 331.203033447265625 14.995078086853027344 70.9064178466796875 104.03598785400390625 122.56649017333984375 137.9811553955078125 168.9210205078125 217.6996917724609375 215.024383544921875 211.16668701171875 252.082977294921875 277.08831787109375 333.8765869140625 83.76534271240234375 105.5543365478515625 297.81353759765625 328.208953857421875 29.02014923095703125 28.1172332763671875 26.686120986938476562 43.61676788330078125 49.285709381103515625 51.842681884765625 242.353485107421875 238.0750274658203125 240.719451904296875 227.39447021484375 121.7065582275390625 93.7752685546875 65.806640625 326.30914306640625 55.619510650634765625 71.2788848876953125 24.623538970947265625 317.44061279296875 297.447052001953125
0 150.4355010986328125 162.336273193359375 202.4093780517578125 267.476104736328125 293.76458740234375 8.1303014755249023438 132.3732757568359375 136.347564697265625 145.1837005615234375 134.4811859130859375 135.2217864990234375 163.5875396728515625 210.245147705078125 202.7343292236328125 211.3226470947265625 255.60040283203125 270.472869873046875 318.636016845703125 25.801111221313476562 13.424338340759277344 347.711883544921875 343.208831787109375 21.288120269775390625 22.729686737060546875 14.131333351135253906 22.24681854248046875 30.256359100341796875 35.648899078369140625 13.523137092590332031 299.22503662109375 259.049468994140625 222.9168853759765625 153.56134033203125 140.647918701171875 350.08258056640625 341.564239501953125 21.037481307983398438 22.5205230712890625 0.45352119207382202148 343.599853515625 317.174041748046875
0 164.6607513427734375 188.0219573974609375 219.6712799072265625 255.4480133056640625 263.20550537109375 88.6026458740234375 86.4234161376953125 101.30966949462890625 129.6566314697265625 119.4598236083984375 115.746337890625 148.726776123046875 204.0102996826171875 208.5509033203125 228.1329803466796875 250.200531005859375 247.347503662109375 232.603546142578125 275.033111572265625 341.88079833984375 348.910888671875 354.747161865234375 17.467988967895507812 22.199512481689453125 4.9356856346130371094 16.301122665405273438 36.351741790771484375 39.77519989013671875 30.152324676513671875 4.3569736480712890625 302.136505126953125 216.398101806640625 145.140411376953125 297.896514892578125 315.415924072265625 351.987945556640625 3.4946703910827636719 356.26513671875 3.4006602764129638672 19.172971725463867188 84.752685546875
0 186.75311279296875 206.861419677734375 226.0959320068359375 246.7736053466796875 239.3808441162109375 250.016387939453125 28.453168869018554688 56.86761474609375 45.3164520263671875 48.737491607666015625 70.63330078125 97.0520172119140625 199.5917816162109375 226.696624755859375 246.0369415283203125 248.8874969482421875 241.816619873046875 234.827178955078125 240.0083465576171875 241.9471893310546875 231.90167236328125 288.434234619140625 5.6061654090881347656 32.28459930419921875 7.6107892990112304688 22.22379302978515625 55.21132659912109375 53.401287078857421875 40.41838836669921875 13.017483711242675781 359.699188232421875 18.61952972412109375 27.9398345947265625 298.0411376953125 295.55926513671875 1.3639235496520996094 337.395233154296875 334.69122314453125 53.426799774169921875 80.05924224853515625 63.199024200439453125
0 213.9856719970703125 221.3729095458984375 235.0074615478515625 238.993682861328125 223.3768157958984375 216.2108612060546875 188.337005615234375 102.79415130615234375 39.889507293701171875 54.14464569091796875 85.3351593017578125 103.8148040771484375 193.535369873046875 238.4951934814453125 249.850982666015625 249.7633209228515625 248.0915679931640625 239.23504638671875 226.9506683349609375 218.26971435546875 212.5140228271484375 228.6038665771484375 229.652801513671875 81.253662109375 33.886867523193359375 49.455516815185546875 68.6218414306640625 46.901592254638671875 16.699207305908203125 1.2483735084533691406 3.8140664100646972656 36.501354217529296875 53.037109375 247.8331298828125 225.645660400390625 233.719207763671875 289.816497802734375 92.29038238525390625 121.55687713623046875 28.300859451293945312 10.548032760620117188
