wildfire/work/fuelmodels/1828/slope.asc
ncols        81
nrows        61
xllcorner    175265.000000000000
yllcorner    482860.000000000000
cellsize     5.000000000000
NODATA_value   -999
[rows 18 to 35 of 61, columns 0 to 40 of 81]
0 2.9348402023315429688 3.2138485908508300781 3.9790778160095214844 4.3420968055725097656 4.9111523628234863281 5.4494752883911132812 6.4521818161010742188 7.3200588226318359375 8.4136552810668945312 9.8393688201904296875 10.20444488525390625 10.644570350646972656 11.820589065551757812 15.885405540466308594 19.333347320556640625 17.420063018798828125 14.557565689086914062 11.554295539855957031 8.4816465377807617188 3.378662109375 0.87371248006820678711 3.5762536525726318359 5.7528543472290039062 7.9726281166076660156 10.273060798645019531 12.682071685791015625 13.436715126037597656 14.4890594482421875 15.636951446533203125 13.385600090026855469 12.144633293151855469 12.703586578369140625 15.268500328063964844 10.705072402954101562 6.397708892822265625 4.066432952880859375 10.309079170227050781 15.938158035278320312 16.587442398071289062 15.0754547119140625
0 3.8699672222137451172 3.71209716796875 4.3260288238525390625 5.2196650505065917969 5.6221742630004882812 6.3616151809692382812 7.5378389358520507812 8.0608568191528320312 8.8820180892944335938 11.020440101623535156 11.090672492980957031 11.521199226379394531 13.36090087890625 15.198429107666015625 13.221513748168945312 8.1319284439086914062 9.522647857666015625 8.4269666671752929688 9.0705156326293945312 6.4654140472412109375 4.7851848602294921875 8.487361907958984375 13.066095352172851562 15.061319351196289062 14.880278587341308594 16.161016464233398438 18.826719284057617188 19.081298828125 16.817958831787109375 14.257052421569824219 12.447691917419433594 13.381195068359375 12.796932220458984375 7.3722376823425292969 5.1724233627319335938 6.3167061805725097656 4.8182692527770996094 3.8891041278839111328 6.5288629531860351562 12.498833656311035156
0 4.0909442901611328125 4.0395293235778808594 4.80191802978515625 5.9948697090148925781 6.4533505439758300781 7.3456525802612304688 8.6013469696044921875 8.3977003097534179688 9.43312835693359375 12.440233230590820312 12.144919395446777344 11.801739692687988281 11.473982810974121094 9.8008060455322265625 6.8063173294067382812 2.0531895160675048828 8.282482147216796875 9.8624811172485351562 10.837178230285644531 9.8387546539306640625 8.59366607666015625 12.836260795593261719 14.979231834411621094 16.339870452880859375 16.892398834228515625 14.437127113342285156 10.638039588928222656 7.9474596977233886719 6.7060637474060058594 6.2721266746520996094 5.8806929588317871094 8.9180021286010742188 8.7705755233764648438 3.7153620719909667969 1.0948446989059448242 4.1512174606323242188 9.9910821914672851562 12.3869171142578125 10.796225547790527344 13.636270523071289062
0 5.4928445816040039062 5.9406418800354003906 5.965328216552734375 6.7965612411499023438 7.7148919105529785156 8.6609029769897460938 9.2314786911010742188 8.9148664474487304688 10.105486869812011719 12.787495613098144531 12.098123550415039062 11.430425643920898438 11.989780426025390625 8.9947605133056640625 4.3894939422607421875 0.96300244331359863281 4.4522747993469238281 11.202666282653808594 15.318621635437011719 11.298909187316894531 10.1097259521484375 12.001646041870117188 8.5544080734252929688 5.5309548377990722656 5.4502158164978027344 11.18024444580078125 10.214190483093261719 5.4212985038757324219 4.0167150497436523438 3.1429302692413330078 3.404430389404296875 8.5089054107666015625 7.463409423828125 1.8838264942169189453 3.2289152145385742188 10.846340179443359375 11.739778518676757812 9.99411773681640625 9.5108547210693359375 11.062228202819824219
0 6.73261260986328125 7.0840029716491699219 7.6848115921020507812 9.2597112655639648438 10.735701560974121094 10.797472000122070312 9.7285909652709960938 9.0160055160522460938 9.8121852874755859375 11.875074386596679688 11.716361045837402344 10.451611518859863281 12.088476181030273438 9.384979248046875 6.2109527587890625 6.4931201934814453125 15.980098724365234375 19.66735076904296875 16.426565170288085938 9.7030477523803710938 7.5072336196899414062 6.4950494766235351562 11.900531768798828125 15.478763580322265625 10.474556922912597656 4.0003385543823242188 13.171670913696289062 13.233704566955566406 9.4536733627319335938 6.213298797607421875 4.1244897842407226562 8.0012912750244140625 4.5366969108581542969 1.1524982452392578125 7.3247861862182617188 12.607871055603027344 6.4561548233032226562 1.7830945253372192383 1.0957695245742797852 8.4596719741821289062
0 8.26215362548828125 8.2378168106079101562 10.9793853759765625 15.604239463806152344 17.543451309204101562 15.311312675476074219 11.178339004516601562 7.8171358108520507812 8.1984052658081054688 10.98187255859375 12.360469818115234375 10.807080268859863281 8.503086090087890625 2.3063719272613525391 8.0417585372924804688 13.07208251953125 14.486055374145507812 10.746427536010742188 7.9204282760620117188 4.7711515426635742188 2.0045659542083740234 7.5104379653930664062 11.393908500671386719 16.7073211669921875 18.401264190673828125 13.433969497680664062 5.7609872817993164062 12.043214797973632812 9.6068449020385742188 6.463626861572265625 2.9554402828216552734 4.6089630126953125 3.6305060386657714844 1.9534400701522827148 9.35942840576171875 9.4373025894165039062 1.1879647970199584961 4.3659739494323730469 3.5371909141540527344 8.9515542984008789062
0 10.662199974060058594 9.9657258987426757812 14.115671157836914062 18.879579544067382812 17.72341156005859375 14.458249092102050781 10.153058052062988281 4.9760165214538574219 5.8405752182006835938 10.743424415588378906 12.089173316955566406 9.511699676513671875 3.2687344551086425781 7.3973131179809570312 10.04654693603515625 11.184189796447753906 11.906888008117675781 7.3423714637756347656 6.7168459892272949219 7.2532582283020019531 9.8223943710327148438 10.605383872985839844 6.2525267601013183594 9.9216518402099609375 16.324005126953125 24.115362167358398438 21.593919754028320312 8.3934049606323242188 8.542293548583984375 4.7647995948791503906 0.45558327436447143555 2.5946898460388183594 6.1599578857421875 7.5188493728637695312 10.168245315551757812 11.598139762878417969 12.695125579833984375 8.8011331558227539062 6.2415719032287597656 8.1186151504516601562
0 10.295312881469726562 9.5601749420166015625 13.263295173645019531 15.585433006286621094 10.14202117919921875 7.2306609153747558594 9.2273168563842773438 5.6472873687744140625 4.0816788673400878906 11.116537094116210938 11.570314407348632812 8.9215917587280273438 12.443406105041503906 15.333207130432128906 15.65015411376953125 15.552287101745605469 11.143680572509765625 1.9642874002456665039 7.4105930328369140625 11.203108787536621094 9.7522287368774414062 6.8266558647155761719 6.3953557014465332031 6.4254755973815917969 3.7959191799163818359 12.999922752380371094 24.755523681640625 19.668701171875 7.6522583961486816406 3.4514517784118652344 1.5088709592819213867 1.9766139984130859375 1.5541408061981201172 6.0036754608154296875 10.569707870483398438 13.54758453369140625 12.906560897827148438 10.192196846008300781 10.005174636840820312 7.1185755729675292969
0 7.5392336845397949219 6.5589771270751953125 9.1489086151123046875 11.128179550170898438 9.0395183563232421875 1.4300020933151245117 9.0789403915405273438 8.91497802734375 4.6560025215148925781 11.544217109680175781 12.521234512329101562 14.434549331665039062 17.655673980712890625 16.974735260009765625 16.958118438720703125 13.773993492126464844 6.2968502044677734375 4.4539775848388671875 3.4811873435974121094 3.1081650257110595703 1.4046521186828613281 4.1380620002746582031 7.5924587249755859375 7.2565732002258300781 2.8024909496307373047 4.4624609947204589844 9.1993541717529296875 13.39763641357421875 5.9452953338623046875 1.9326092004776000977 1.2281849384307861328 2.4429044723510742188 5.3767871856689453125 4.4462642669677734375 1.1113638877868652344 2.5923526287078857422 4.909198760986328125 5.9132099151611328125 11.506404876708984375 10.704518318176269531
0 5.1817736625671386719 2.5329546928405761719 5.8219323158264160156 8.7399206161499023438 8.7319612503051757812 4.0830402374267578125 11.497832298278808594 10.014575958251953125 4.9663805961608886719 9.9892816543579101562 10.7032623291015625 11.524122238159179688 11.593913078308105469 12.272762298583984375 11.922579765319824219 8.0730876922607421875 9.2855510711669921875 6.867084503173828125 8.1827573776245117188 8.47503662109375 6.7500500679016113281 6.2488222122192382812 6.8703722953796386719 3.9003844261169433594 2.6841635704040527344 5.7347970008850097656 8.496028900146484375 10.07050323486328125 6.1599583625793457031 1.7472664117813110352 0.88006496429443359375 5.5286760330200195312 4.1934356689453125 5.2566065788269042969 5.1131315231323242188 7.2790842056274414062 2.9840390682220458984 6.3793725967407226562 12.903698921203613281 14.193863868713378906
0 5.2004184722900390625 0.71149843931198120117 4.1752266883850097656 8.0785455703735351562 8.8828582763671875 10.279065132141113281 13.121266365051269531 9.0416727066040039062 4.7622585296630859375 7.5471448898315429688 8.0906276702880859375 7.8493814468383789062 8.666675567626953125 9.1662445068359375 6.551158905029296875 6.89402008056640625 10.472283363342285156 8.7600879669189453125 6.8721299171447753906 4.0387806892395019531 0.44205051660537719727 4.4257864952087402344 7.2932019233703613281 5.6057562828063964844 7.8306488990783691406 10.367198944091796875 7.0269980430603027344 7.0624213218688964844 3.0183994770050048828 1.9676355123519897461 2.4943225383758544922 4.7371983528137207031 0.86146378517150878906 4.0943932533264160156 5.3714427947998046875 8.212558746337890625 7.0424904823303222656 7.4381632804870605469 7.2384996414184570312 16.688327789306640625
0 5.1410565376281738281 2.6339604854583740234 2.7358467578887939453 7.5527272224426269531 9.8077669143676757812 12.598162651062011719 12.467649459838867188 7.1035370826721191406 4.3368682861328125 5.9721584320068359375 8.2560300827026367188 8.8892164230346679688 8.7397489547729492188 5.1178631782531738281 0.36280366778373718262 3.3587064743041992188 6.2477774620056152344 3.9166607856750488281 2.8267357349395751953 4.5214362144470214844 6.463626861572265625 3.0017733573913574219 9.4026126861572265625 15.031725883483886719 16.293561935424804688 10.815164566040039062 6.4217171669006347656 4.3894910812377929688 1.0836913585662841797 1.202788233757019043 3.3880648612976074219 3.3395459651947021484 2.6758573055267333984 7.8048095703125 6.8213562965393066406 6.6558165550231933594 4.0706562995910644531 1.7472639083862304688 8.06116485595703125 17.413103103637695312
0 5.438373565673828125 4.9898824691772460938 4.2131319046020507812 6.0991382598876953125 7.37224578857421875 8.1099176406860351562 6.0207533836364746094 4.0515108108520507812 4.3405895233154296875 5.233455657958984375 5.9822630882263183594 6.3790574073791503906 5.7832293510437011719 3.8118484020233154297 3.3455936908721923828 5.1044483184814453125 7.4799246788024902344 7.2077150344848632812 8.505207061767578125 7.1609759330749511719 3.4807512760162353516 11.332853317260742188 20.863336563110351562 16.63784027099609375 10.51383209228515625 3.9961712360382080078 5.1434035301208496094 5.4798994064331054688 5.7032761573791503906 1.5433530807495117188 4.8553862571716308594 4.7959203720092773438 4.07276153564453125 5.8002681732177734375 2.2533495426177978516 3.2163665294647216797 2.4823369979858398438 4.2261719703674316406 7.4991440773010253906 15.291136741638183594
0 7.5129799842834472656 7.8165597915649414062 6.3486371040344238281 6.3950414657592773438 7.2793598175048828125 6.2248678207397460938 3.6207535266876220703 3.3360629081726074219 4.4707098007202148438 4.9998755455017089844 5.3958678245544433594 5.4916510581970214844 4.1813869476318359375 3.8166167736053466797 5.7663183212280273438 7.2790846824645996094 7.007678985595703125 7.5922646522521972656 7.44867706298828125 3.4864106178283691406 8.7767314910888671875 14.67807769775390625 15.947021484375 5.6028804779052734375 3.2722828388214111328 4.3954639434814453125 9.2993001937866210938 9.0175018310546875 11.279851913452148438 7.8345513343811035156 4.4660797119140625 8.8723354339599609375 6.1096038818359375 2.0803611278533935547 7.1805043220520019531 5.719852447509765625 4.6879644393920898438 7.9862518310546875 9.6767024993896484375 10.860063552856445312
0 10.28008270263671875 9.6993436813354492188 7.13935089111328125 5.24739837646484375 3.160247802734375 1.0500026941299438477 0.42452910542488098145 1.0766649246215820312 2.0767133235931396484 2.9600555896759033203 4.4694647789001464844 5.1824498176574707031 4.2421450614929199219 3.8515250682830810547 5.7136874198913574219 9.6703128814697265625 8.6225423812866210938 5.8580470085144042969 10.341978073120117188 17.902746200561523438 13.988775253295898438 5.6719331741333007812 10.791447639465332031 8.4509754180908203125 5.8881244659423828125 7.3722410202026367188 8.627643585205078125 5.1237673759460449219 9.6370592117309570312 13.376491546630859375 10.361002922058105469 2.2696788311004638672 7.1253418922424316406 7.9845571517944335938 4.8687701225280761719 6.4002256393432617188 8.4116868972778320312 11.241900444030761719 8.4020519256591796875 2.0383532047271728516
0 12.334442138671875 9.9300775527954101562 5.6522774696350097656 3.1503188610076904297 3.7444777488708496094 3.8745291233062744141 2.6081013679504394531 2.4756035804748535156 2.5968353748321533203 4.1352510452270507812 6.1082844734191894531 6.5456280708312988281 7.7441401481628417969 6.4184288978576660156 6.5098967552185058594 12.499073028564453125 13.213479042053222656 5.2066140174865722656 8.058685302734375 9.0314493179321289062 3.2293832302093505859 10.122026443481445312 14.438315391540527344 15.086935997009277344 14.160425186157226562 15.659096717834472656 13.522472381591796875 5.6011762619018554688 4.2639865875244140625 10.08428955078125 14.323392868041992188 8.3518657684326171875 5.941997528076171875 8.8555898666381835938 5.1004924774169921875 4.05350494384765625 6.2060146331787109375 8.5268850326538085938 3.5622408390045166016 8.1942501068115234375
0 13.17530059814453125 8.4288072586059570312 4.7172474861145019531 6.6319122314453125 5.9653248786926269531 0.63638311624526977539 3.4702856540679931641 5.4043583869934082031 5.3925065994262695312 7.0182042121887207031 8.1869144439697265625 6.4393157958984375 8.5948305130004882812 9.4548902511596679688 8.5866794586181640625 16.1996917724609375 18.780717849731445312 7.5071663856506347656 14.955603599548339844 22.03333282470703125 23.749940872192382812 19.993640899658203125 17.500448226928710938 17.815555572509765625 19.414936065673828125 24.624235153198242188 26.695560455322265625 21.144098281860351562 9.109691619873046875 5.8442797660827636719 9.7926692962646484375 8.7287588119506835938 9.0655641555786132812 5.8113679885864257812 3.2648680210113525391 7.7363743782043457031 9.6775770187377929688 14.843756675720214844 16.855657577514648438 14.691156387329101562
0 10.750868797302246094 6.7585344314575195312 6.1582479476928710938 10.872259140014648438 6.2664232254028320312 1.8452872037887573242 3.6050937175750732422 5.728649139404296875 4.4386534690856933594 6.1664080619812011719 7.0300002098083496094 4.28771209716796875 5.4123716354370117188 6.9534344673156738281 8.704441070556640625 17.703277587890625 21.269411087036132812 12.660366058349609375 4.355907440185546875 12.791739463806152344 18.006536483764648438 16.050748825073242188 16.671895980834960938 18.37932586669921875 17.808300018310546875 21.012598037719726562 26.11647796630859375 26.465362548828125 19.317472457885742188 9.4425878524780273438 4.1422076225280761719 3.8273193836212158203 3.97336578369140625 3.4606630802154541016 8.7232608795166015625 6.1253957748413085938 5.8975243568420410156 10.660101890563964844 13.180826187133789062 8.8094758987426757812
