wildfire/work/fuelmodels/1828/slope.asc
ncols        81
nrows        61
xllcorner    175265.000000000000
yllcorner    482860.000000000000
cellsize     5.000000000000
NODATA_value   -999
[rows 0 to 17 of 61, columns 0 to 40 of 81]
0 0 0 0 0 0 0 0 0 0 0 0 0 0 0 0 0 0 0 0 0 0 0 0 0 0 0 0 0 0 0 0 0 0 0 0 0 0 0 0 0
0 10.460363388061523438 8.5150251388549804688 7.6694049835205078125 8.9765253067016601562 9.9845476150512695312 9.6449680328369140625 7.98023223876953125 5.5874891281127929688 6.2274541854858398438 8.03852081298828125 14.336506843566894531 16.617277145385742188 10.09814453125 6.03969573974609375 10.529000282287597656 17.901433944702148438 19.960245132446289062 14.4659576416015625 8.8954534530639648438 2.1619272232055664062 7.0556659698486328125 12.586414337158203125 13.934777259826660156 14.020940780639648438 13.599538803100585938 12.874963760375976562 10.569849014282226562 5.2826251983642578125 4.0429024696350097656 18.35576629638671875 24.181276321411132812 11.308642387390136719 3.2568089962005615234 3.0916955471038818359 2.5259578227996826172 6.6942887306213378906 8.1252775192260742188 11.632752418518066406 15.243590354919433594 12.666392326354980469
0 10.69806671142578125 9.7750959396362304688 9.3402147293090820312 10.87281036376953125 13.300683021545410156 12.978547096252441406 11.563120841979980469 10.692352294921875 9.5131635665893554688 8.7342538833618164062 14.886439323425292969 14.154232978820800781 5.8909511566162109375 1.2194970846176147461 8.9997587203979492188 14.68396759033203125 15.607224464416503906 9.2516794204711914062 4.8123016357421875 13.371380805969238281 14.130652427673339844 15.454387664794921875 18.736215591430664062 20.089975357055664062 22.926593780517578125 24.487455368041992188 18.560300827026367188 9.9048185348510742188 2.7738354206085205078 15.551510810852050781 23.508028030395507812 19.1923980712890625 17.229337692260742188 13.083710670471191406 6.7893886566162109375 2.6841595172882080078 3.0857989788055419922 0.50310814380645751953 8.8610630035400390625 9.8627786636352539062
0 8.615924835205078125 10.666254043579101562 12.54717254638671875 15.866600990295410156 19.16945648193359375 17.444202423095703125 17.611934661865234375 18.82537078857421875 17.912740707397460938 14.480448722839355469 11.621851921081542969 11.787936210632324219 6.9880900382995605469 4.4259018898010253906 10.888737678527832031 13.547151565551757812 13.737858772277832031 12.536352157592773438 22.04064178466796875 24.142780303955078125 19.502643585205078125 18.180225372314453125 19.9818878173828125 20.133800506591796875 19.298147201538085938 19.250560760498046875 19.513944625854492188 14.174115180969238281 3.3995356559753417969 7.658023834228515625 18.1833343505859375 19.076700210571289062 16.907970428466796875 17.650360107421875 16.6010894775390625 12.774390220642089844 9.8341007232666015625 7.3285527229309082031 6.5835371017456054688 17.899631500244140625
0 6.3372969627380371094 10.325373649597167969 13.655772209167480469 18.400796890258789062 20.345899581909179688 17.329967498779296875 16.916910171508789062 16.49581146240234375 16.257892608642578125 14.527913093566894531 10.386271476745605469 10.245902061462402344 8.3477334976196289062 5.1507515907287597656 12.444838523864746094 16.301677703857421875 18.303625106811523438 22.682958602905273438 24.459074020385742188 16.807586669921875 13.915098190307617188 14.960621833801269531 15.351230621337890625 15.819268226623535156 13.003748893737792969 9.178493499755859375 17.110536575317382812 17.2987213134765625 8.258701324462890625 2.3996636867523193359 5.3488864898681640625 9.97137451171875 12.181636810302734375 13.650127410888671875 14.338247299194335938 13.18265533447265625 12.098409652709960938 11.641938209533691406 6.3612980842590332031 23.930379867553710938
0 10.51766204833984375 9.1361789703369140625 11.403644561767578125 17.239961624145507812 18.380807876586914062 13.698222160339355469 10.695323944091796875 8.2259016036987304688 7.3916168212890625 8.5232458114624023438 7.2043061256408691406 5.2974810600280761719 5.4282650947570800781 5.6916146278381347656 4.5342497825622558594 9.9072294235229492188 8.0827608108520507812 8.6961612701416015625 7.1828107833862304688 1.8003226518630981445 2.5641090869903564453 3.9412083625793457031 4.9078640937805175781 7.1962180137634277344 5.7212572097778320312 8.2586956024169921875 13.055844306945800781 15.089905738830566406 12.438175201416015625 7.0948400497436523438 2.6999402046203613281 5.8749532699584960938 8.1400575637817382812 10.353855133056640625 11.152266502380371094 11.251024246215820312 15.031238555908203125 14.732848167419433594 8.543758392333984375 24.077222824096679688
0 9.0303964614868164062 5.8359189033508300781 11.274312973022460938 17.625146865844726562 14.258114814758300781 7.6335601806640625 7.9870076179504394531 6.9384675025939941406 5.1956663131713867188 6.9149727821350097656 8.0896930694580078125 2.8138320446014404297 3.8983099460601806641 9.49427032470703125 9.9490747451782226562 8.4681873321533203125 5.7117486000061035156 6.7680430412292480469 6.9404940605163574219 4.903652191162109375 4.8112521171569824219 3.7048768997192382812 2.6084911823272705078 5.7277693748474121094 8.704669952392578125 7.3953418731689453125 7.529781341552734375 12.338726043701171875 16.264066696166992188 13.568703651428222656 6.2850203514099121094 5.8738350868225097656 7.442745208740234375 7.2825341224670410156 7.2763299942016601562 10.07588958740234375 15.543152809143066406 19.19785308837890625 17.361253738403320312 16.438259124755859375
0 3.9850420951843261719 2.4298281669616699219 12.49895477294921875 15.369110107421875 10.056008338928222656 8.7674436569213867188 7.084003448486328125 1.4977575540542602539 2.4813158512115478516 3.3995292186737060547 7.6092839241027832031 9.1969690322875976562 9.039630889892578125 10.409037590026855469 11.26018524169921875 10.302652359008789062 7.4083566665649414062 5.4048237800598144531 5.1804108619689941406 5.7308492660522460938 6.4608263969421386719 2.3646302223205566406 2.2696757316589355469 5.4040803909301757812 7.387813568115234375 4.0979685783386230469 7.1074938774108886719 13.650523185729980469 20.530950546264648438 22.588108062744140625 17.127773284912109375 7.154590606689453125 9.6232290267944335938 6.4733424186706542969 4.2875967025756835938 6.1100187301635742188 8.5737972259521484375 12.596756935119628906 13.817911148071289062 9.4867010116577148438
0 10.488411903381347656 10.278293609619140625 16.940952301025390625 18.126964569091796875 17.605846405029296875 18.380056381225585938 19.55760955810546875 17.9394683837890625 16.784229278564453125 16.63835906982421875 16.943225860595703125 14.650892257690429688 11.038883209228515625 9.893695831298828125 8.91817474365234375 6.741710662841796875 4.8654499053955078125 5.1460452079772949219 8.0277929306030273438 9.5825290679931640625 6.4545187950134277344 1.7932825088500976562 3.4103627204895019531 6.5119843482971191406 12.275180816650390625 12.774774551391601562 9.815891265869140625 9.1641206741333007812 14.996680259704589844 25.176504135131835938 25.690916061401367188 7.8104605674743652344 8.7806062698364257812 7.3275952339172363281 6.0885701179504394531 8.7647075653076171875 12.064373970031738281 14.506361007690429688 12.800009727478027344 6.7044858932495117188
0 11.92179107666015625 11.371053695678710938 16.572015762329101562 19.139192581176757812 18.483457565307617188 18.50704193115234375 20.501497268676757812 20.84552001953125 18.780208587646484375 17.3352203369140625 15.791980743408203125 12.336966514587402344 9.1667909622192382812 7.6092853546142578125 6.4080047607421875 5.5735950469970703125 5.5573925971984863281 7.6369738578796386719 13.566419601440429688 12.330884933471679688 5.6476473808288574219 2.7579357624053955078 4.8479051589965820312 8.7037515640258789062 9.485233306884765625 10.152031898498535156 6.4490609169006347656 3.4090275764465332031 10.57624053955078125 21.58435821533203125 24.273015975952148438 14.65605926513671875 11.325155258178710938 8.4430398941040039062 10.786977767944335938 14.732151985168457031 17.198225021362304688 18.062755584716796875 18.329870223999023438 16.979764938354492188
0 11.45064544677734375 8.93367767333984375 9.9353456497192382812 11.885274887084960938 13.420067787170410156 14.63954925537109375 15.249630928039550781 14.756002426147460938 13.528825759887695312 12.543079376220703125 11.154845237731933594 8.7285299301147460938 6.4014077186584472656 5.3172307014465332031 5.2775616645812988281 5.9202728271484375 6.6091399192810058594 10.019550323486328125 15.694943428039550781 11.388995170593261719 2.3620617389678955078 1.4246851205825805664 5.7780933380126953125 3.6027123928070068359 2.3765821456909179688 7.8616285324096679688 9.4645395278930664062 10.241680145263671875 14.488824844360351562 14.358402252197265625 14.140321731567382812 16.353265762329101562 14.233408927917480469 8.8770084381103515625 10.663641929626464844 11.675225257873535156 11.945700645446777344 5.6176915168762207031 8.5992488861083984375 14.059222221374511719
0 7.5716223716735839844 7.3472886085510253906 7.657497406005859375 7.6711058616638183594 8.0107412338256835938 9.20673370361328125 9.92983245849609375 9.7475261688232421875 9.15370941162109375 7.9947786331176757812 6.3477602005004882812 4.9906868934631347656 4.4247608184814453125 4.3489489555358886719 4.9037461280822753906 5.8881282806396484375 6.6871509552001953125 9.7306375503540039062 14.774394035339355469 16.115314483642578125 12.108900070190429688 6.8656888008117675781 4.82663726806640625 4.76575469970703125 6.8321738243103027344 11.666446685791015625 12.998258590698242188 14.359935760498046875 13.371381759643554688 3.7086937427520751953 7.8836498260498046875 13.204091072082519531 12.813861846923828125 7.1721825599670410156 5.7473354339599609375 7.3725128173828125 15.41323089599609375 16.024126052856445312 14.043010711669921875 11.911333084106445312
0 4.9543862342834472656 5.25507354736328125 5.1190409660339355469 5.1554460525512695312 4.4341030120849609375 4.2833528518676757812 5.4104175567626953125 5.6376504898071289062 5.0806932449340820312 4.5592193603515625 4.6125707626342773438 4.3153982162475585938 3.7848634719848632812 3.6489710807800292969 3.7912561893463134766 4.8765273094177246094 5.883083343505859375 7.0290708541870117188 8.9627122879028320312 10.611380577087402344 10.918736457824707031 11.396648406982421875 8.9169969558715820312 7.3433980941772460938 5.1023745536804199219 8.7244625091552734375 11.223848342895507812 10.385602951049804688 7.8907656669616699219 6.4791636466979980469 9.6095418930053710938 9.7139730453491210938 13.1099700927734375 9.90572357177734375 3.3925421237945556641 11.721597671508789062 18.856512069702148438 22.141536712646484375 18.730611801147460938 12.696257591247558594
0 3.6692562103271484375 3.9973051548004150391 3.6312012672424316406 3.8734910488128662109 3.2389142513275146484 2.6479330062866210938 3.5187196731567382812 3.7133243083953857422 3.2300066947937011719 2.9963808059692382812 3.8440418243408203125 3.25385284423828125 2.8672311305999755859 3.4420745372772216797 3.4350168704986572266 4.2271261215209960938 5.1183533668518066406 5.6320185661315917969 5.429653167724609375 6.5792603492736816406 7.9113774299621582031 9.047473907470703125 8.0440626144409179688 5.337657928466796875 2.8610510826110839844 4.4294333457946777344 11.407644271850585938 11.647719383239746094 8.6027393341064453125 5.5049357414245605469 8.0291051864624023438 6.4242229461669921875 12.408452987670898438 14.711884498596191406 12.484067916870117188 11.4280853271484375 10.419925689697265625 16.675052642822265625 19.470249176025390625 17.416555404663085938
0 3.0951256752014160156 3.3888084888458251953 3.1953957080841064453 3.3618650436401367188 3.186370849609375 3.1243815422058105469 3.3761122226715087891 3.4210157394409179688 3.3977453708648681641 4.1897072792053222656 4.4968194961547851562 3.5329034328460693359 4.0598521232604980469 4.281230926513671875 3.3516266345977783203 3.4911882877349853516 4.2073812484741210938 5.201091766357421875 4.8508133888244628906 5.1882882118225097656 6.1804232597351074219 5.7181763648986816406 5.1174654960632324219 5.1495709419250488281 4.6351542472839355469 2.3935472965240478516 9.7632617950439453125 11.887187957763671875 6.6401691436767578125 0.66896378993988037109 6.1198883056640625 5.3699398040771484375 3.0616271495819091797 16.365047454833984375 15.360714912414550781 13.323325157165527344 13.102352142333984375 7.8941278457641601562 11.360630035400390625 14.170934677124023438
0 2.6637415885925292969 2.72399139404296875 2.9073247909545898438 3.1806542873382568359 3.3231639862060546875 3.5542900562286376953 3.5108101367950439453 3.6010296344757080078 4.0313935279846191406 4.7215228080749511719 4.7397541999816894531 4.5342459678649902344 5.8611397743225097656 5.6490693092346191406 4.6177082061767578125 4.0162138938903808594 3.49913787841796875 3.9981930255889892578 4.3577618598937988281 4.5498023033142089844 5.8370428085327148438 5.25775909423828125 4.2144513130187988281 5.5646357536315917969 7.2572650909423828125 5.070262908935546875 6.3295941352844238281 13.543778419494628906 8.92159271240234375 3.0357644557952880859 4.357761383056640625 9.4498729705810546875 11.367130279541015625 14.93817138671875 11.221373558044433594 10.683196067810058594 17.570926666259765625 12.305231094360351562 7.21961212158203125 10.237742424011230469
0 2.6965677738189697266 2.3774304389953613281 3.0277619361877441406 3.4165806770324707031 3.7547156810760498047 3.6410651206970214844 3.6814875602722167969 4.1451282501220703125 5.183521270751953125 6.04918670654296875 6.8636422157287597656 8.1247196197509765625 8.2032289505004882812 6.9095225334167480469 6.7044939994812011719 6.7306013107299804688 5.5450520515441894531 4.0493917465209960938 3.1605708599090576172 3.4737753868103027344 4.4586215019226074219 4.8404102325439453125 4.5271210670471191406 5.2373056411743164062 8.0312871932983398438 9.3408555984497070312 4.9406309127807617188 9.7235660552978515625 10.619757652282714844 7.6248865127563476562 4.8868579864501953125 1.3153402805328369141 8.136363983154296875 12.566183090209960938 9.6052398681640625 10.71991729736328125 17.567613601684570312 14.231065750122070312 5.2419199943542480469 4.4570279121398925781
0 2.2736845016479492188 2.2750182151794433594 3.4586184024810791016 3.7501358985900878906 4.2689547538757324219 4.235118865966796875 4.7206635475158691406 5.3402080535888671875 6.9716839790344238281 8.1676311492919921875 8.8820180892944335938 9.7936849594116210938 9.2467708587646484375 10.385220527648925781 13.840047836303710938 15.525404930114746094 14.409218788146972656 10.585120201110839844 5.5439620018005371094 2.7681777477264404297 2.2280709743499755859 2.8628182411193847656 4.2541451454162597656 5.7424283027648925781 7.7004556655883789062 9.5401248931884765625 6.8412847518920898438 5.2788057327270507812 6.7206587791442871094 5.6648302078247070312 5.9063100814819335938 4.9615077972412109375 10.834248542785644531 9.9031581878662109375 3.5364787578582763672 7.6983761787414550781 15.914719581604003906 14.769229888916015625 9.1617193222045898438 6.2616114616394042969
