wildfire/work/fuelmodels/1828/slope.asc
ncols        81
nrows        61
xllcorner    175265.000000000000
yllcorner    482860.000000000000
cellsize     5.000000000000
NODATA_value   -999
[rows 36 to 53 of 61, columns 0 to 40 of 81]
0 6.8743948936462402344 5.818035125732421875 6.6394901275634765625 12.359710693359375 8.9383153915405273438 1.5799757242202758789 4.5768842697143554688 8.944522857666015625 5.7516312599182128906 6.3351531028747558594 8.7253208160400390625 4.394779205322265625 2.8172419071197509766 4.2942981719970703125 7.5168523788452148438 14.794863700866699219 18.961191177368164062 16.227045059204101562 13.5356903076171875 11.185439109802246094 6.0806283950805664062 3.484668731689453125 7.3538417816162109375 12.637989044189453125 10.485091209411621094 10.716437339782714844 18.921377182006835938 20.542875289916992188 18.841014862060546875 16.687433242797851562 16.985652923583984375 13.153963088989257812 6.2805414199829101562 7.4016518592834472656 8.0097455978393554688 3.7788476943969726562 6.2535676956176757812 6.410434722900390625 4.3391904830932617188 6.635250091552734375
0 4.8254866600036621094 4.523662567138671875 6.0331945419311523438 10.478975296020507812 11.179041862487792969 9.7498226165771484375 5.2697272300720214844 5.7833185195922851562 3.9269635677337646484 6.5952024459838867188 11.828326225280761719 7.0524649620056152344 2.4987800121307373047 4.0876073837280273438 6.6506056785583496094 11.259526252746582031 15.581532478332519531 15.376201629638671875 15.725290298461914062 15.854234695434570312 13.583929061889648438 12.074407577514648438 5.4843115806579589844 4.1402564048767089844 3.6299512386322021484 4.9102263450622558594 14.020519256591796875 16.125898361206054688 20.765132904052734375 27.040021896362304688 27.521711349487304688 24.56291961669921875 13.773962974548339844 3.2784569263458251953 8.4397792816162109375 5.2413449287414550781 5.3032779693603515625 1.6886490583419799805 6.69443511962890625 1.6608556509017944336
0 4.0184760093688964844 3.6737985610961914062 4.8263254165649414062 6.9488849639892578125 8.8203029632568359375 11.26371002197265625 11.775804519653320312 8.829193115234375 5.2637910842895507812 8.9266290664672851562 14.054449081420898438 7.3267045021057128906 2.438762664794921875 4.4494376182556152344 6.1829485893249511719 9.3035984039306640625 13.22954559326171875 13.835397720336914062 12.279196739196777344 12.096451759338378906 11.0433349609375 12.052282333374023438 8.3111429214477539062 1.9809585809707641602 1.1208842992782592773 3.7120997905731201172 9.32444000244140625 12.5298614501953125 19.542633056640625 17.245159149169921875 11.5837860107421875 21.584766387939453125 15.810883522033691406 4.4657382965087890625 2.06792449951171875 7.5309133529663085938 8.5258207321166992188 10.678312301635742188 7.2650780677795410156 6.52524566650390625
0 3.4492557048797607422 3.6172649860382080078 3.6423187255859375 3.9992094039916992188 5.1395802497863769531 6.4570126533508300781 7.9844985008239746094 8.6183643341064453125 9.440952301025390625 11.125502586364746094 11.381377220153808594 5.0062227249145507812 1.553813934326171875 3.6410663127899169922 6.0270166397094726562 8.1648731231689453125 9.732635498046875 13.4233245849609375 12.443522453308105469 10.420017242431640625 11.228841781616210938 9.8662662506103515625 9.103931427001953125 8.867321014404296875 6.2073893547058105469 1.9583541154861450195 4.944305419921875 6.9318051338195800781 4.1263337135314941406 11.732737541198730469 16.855112075805664062 20.402578353881835938 11.383858680725097656 2.6999382972717285156 3.4354555606842041016 2.6873645782470703125 6.0467705726623535156 5.4666452407836914062 4.1238851547241210938 8.7595720291137695312
0 3.1154730319976806641 3.7972459793090820312 3.1636054515838623047 3.2162117958068847656 4.0493898391723632812 3.9287621974945068359 4.5242247581481933594 6.2024455070495605469 7.9359121322631835938 8.2767381668090820312 6.8387889862060546875 2.9239735603332519531 0.76894289255142211914 2.4706921577453613281 5.8314328193664550781 7.9271345138549804688 7.3288960456848144531 12.213709831237792969 15.939131736755371094 16.2071075439453125 15.171121597290039062 7.002658843994140625 3.7198450565338134766 6.7413358688354492188 6.0086164474487304688 5.2826228141784667969 1.5272055864334106445 3.1154730319976806641 7.7650880813598632812 13.772395133972167969 16.107219696044921875 16.209470748901367188 7.790927886962890625 0.65596795082092285156 4.5388073921203613281 8.6361551284790039062 7.8011531829833984375 5.4316067695617675781 10.573798179626464844 10.405979156494140625
0 2.6032586097717285156 3.1552889347076416016 3.3419632911682128906 3.3134183883666992188 3.8004407882690429688 4.652645111083984375 5.7871489524841308594 6.1112523078918457031 5.4612932205200195312 4.1929545402526855469 3.0591549873352050781 2.1513717174530029297 1.4739171266555786133 2.4596147537231445312 4.8513364791870117188 7.4833478927612304688 6.7232022285461425781 8.8244428634643554688 12.926808357238769531 20.4682159423828125 20.977008819580078125 6.640167236328125 3.0430834293365478516 3.2630097866058349609 5.1269125938415527344 8.0479831695556640625 7.4105901718139648438 5.9417395591735839844 7.7787613868713378906 9.8704586029052734375 16.89109039306640625 16.671888351440429688 4.5953645706176757812 4.7371978759765625 6.6793355941772460938 3.5329048633575439453 7.517383575439453125 5.3503899574279785156 10.76706695556640625 4.6050190925598144531
0 1.9186887741088867188 1.5599896907806396484 2.3225460052490234375 3.0497198104858398438 4.1625089645385742188 5.3358659744262695312 5.6754832267761230469 5.7308435440063476562 4.35138702392578125 1.1249396800994873047 2.6218392848968505859 3.6077566146850585938 2.3748779296875 2.4476587772369384766 3.5123946666717529297 5.97283172607421875 6.3534650802612304688 6.36367034912109375 8.0186204910278320312 19.635457992553710938 22.394611358642578125 15.443294525146484375 12.917509078979492188 8.4901943206787109375 6.9100308418273925781 8.1250295639038085938 7.3990068435668945312 4.2185220718383789062 8.2293643951416015625 14.039067268371582031 21.454563140869140625 15.283960342407226562 7.0419182777404785156 10.511563301086425781 14.630467414855957031 17.096323013305664062 14.199934959411621094 13.160920143127441406 14.277086257934570312 11.131922721862792969
0 1.3506513833999633789 0.60373353958129882812 0.96195280551910400391 2.1635637283325195312 3.3433246612548828125 3.9543824195861816406 4.2603135108947753906 4.8963441848754882812 6.0614027976989746094 6.2128973007202148438 6.3563151359558105469 4.3261456489562988281 2.048259735107421875 2.2807931900024414062 2.626461029052734375 4.0664324760437011719 5.0232086181640625 5.0565233230590820312 7.5996570587158203125 15.79108428955078125 17.836511611938476562 17.5764007568359375 18.2888641357421875 14.513909339904785156 7.429859161376953125 7.9736943244934082031 4.1063385009765625 4.2664690017700195312 10.609079360961914062 18.54932403564453125 16.729524612426757812 7.4996771812438964844 6.7063622474670410156 12.428805351257324219 17.106592178344726562 14.758490562438964844 9.9725742340087890625 12.762233734130859375 16.0533447265625 12.721538543701171875
0 1.3294968605041503906 0.72628903388977050781 1.5125567913055419922 2.2223849296569824219 2.6204807758331298828 2.9946877956390380859 3.5406179428100585938 4.0133223533630371094 5.3509573936462402344 7.5136461257934570312 6.4738864898681640625 3.1503174304962158203 2.7397236824035644531 2.3138196468353271484 2.1600544452667236328 3.0324320793151855469 4.2942919731140136719 5.0078310966491699219 8.6248025894165039062 10.611513137817382812 9.135959625244140625 12.441187858581542969 16.512939453125 16.78595733642578125 14.234919548034667969 15.057525634765625 5.255176544189453125 5.7376065254211425781 12.020580291748046875 18.9404296875 12.447054862976074219 6.114048004150390625 5.5617399215698242188 7.340183258056640625 5.2712583541870117188 2.3033041954040527344 3.1250278949737548828 5.3243350982666015625 6.9352817535400390625 5.6479134559631347656
0 1.2157534360885620117 1.24739837646484375 1.5038274526596069336 1.6476992368698120117 2.4583764076232910156 2.7676329612731933594 2.7364015579223632812 2.4626965522766113281 2.0571291446685791016 2.2524545192718505859 2.3381760120391845703 2.7234334945678710938 2.8777904510498046875 2.2993500232696533203 1.9727680683135986328 2.4310753345489501953 3.3190546035766601562 4.8294572830200195312 10.655444145202636719 12.022390365600585938 10.924776077270507812 8.5648069381713867188 10.750688552856445312 13.783504486083984375 20.253582000732421875 19.359811782836914062 2.0922510623931884766 9.3711538314819335938 14.797510147094726562 18.856836318969726562 11.900493621826171875 6.308902740478515625 2.9415531158447265625 5.4994397163391113281 11.684550285339355469 10.067540168762207031 6.9592862129211425781 4.0097994804382324219 3.2111752033233642578 5.1917829513549804688
0 0.50310909748077392578 1.0874202251434326172 1.5538108348846435547 2.2278394699096679688 2.5892274379730224609 2.0825524330139160156 1.9221118688583374023 1.5377695560455322266 0.61205875873565673828 0.38447988033294677734 1.4292950630187988281 2.7234313488006591797 2.823696136474609375 2.5163319110870361328 2.327770233154296875 1.5593384504318237305 1.523555755615234375 2.6017007827758789062 6.9246287345886230469 11.619298934936523438 11.696574211120605469 9.2902765274047851562 11.058287620544433594 15.248967170715332031 15.991055488586425781 19.225790023803710938 10.943164825439453125 6.4589610099792480469 16.185533523559570312 19.204303741455078125 17.683668136596679688 13.472835540771484375 11.029444694519042969 8.9284219741821289062 9.77106475830078125 11.680480003356933594 5.7396249771118164062 1.0166951417922973633 2.9472146034240722656 4.8173246383666992188
0 0.5474459528923034668 0.45558959245681762695 1.3970612287521362305 2.0443036556243896484 1.3956145048141479492 1.4573470354080200195 1.6608536243438720703 1.6304097175598144531 1.5946367979049682617 1.2006789445877075195 0.68021982908248901367 2.0740289688110351562 2.2034080028533935547 1.9430510997772216797 2.6328082084655761719 1.8600373268127441406 1.6050772666931152344 1.8312517404556274414 1.244556427001953125 2.2337365150451660156 6.7743520736694335938 7.8896207809448242188 12.507953643798828125 20.459014892578125 12.9955291748046875 10.342606544494628906 19.834341049194335938 5.8288426399230957031 13.332614898681640625 20.051645278930664062 25.782238006591796875 24.861642837524414062 16.630430221557617188 10.201909065246582031 8.5173711776733398438 10.851963996887207031 10.219644546508789062 6.8323159217834472656 5.329723358154296875 4.6882867813110351562
0 0.7428194880485534668 0.31819793581962585449 1.6476982831954956055 2.3242878913879394531 1.9676337242126464844 1.9676337242126464844 2.3440086841583251953 2.3101010322570800781 2.0740299224853515625 2.2499811649322509766 2.0371148586273193359 1.5911426544189453125 1.6260586977005004883 1.1249414682388305664 1.8510408401489257812 1.408966064453125 1.0818215608596801758 1.4967472553253173828 1.0985331535339355469 2.3549854755401611328 4.85382843017578125 5.7895865440368652344 10.277131080627441406 22.718572616577148438 20.682596206665039062 14.232617378234863281 21.479242324829101562 21.073141098022460938 5.5341410636901855469 4.2549772262573242188 11.83502197265625 19.79671478271484375 18.37693023681640625 8.190769195556640625 4.58789825439453125 9.0624208450317382812 9.7939424514770507812 6.9921131134033203125 8.6449537277221679688 5.3503875732421875
0 1.8730454444885253906 1.8551282882690429688 1.3382239341735839844 0.91170388460159301758 1.0804164409637451172 2.0934548377990722656 2.4999980926513671875 1.9748216867446899414 0.98689091205596923828 1.3080075979232788086 2.0774383544921875 1.8234965801239013672 0.9945494532585144043 1.0186870098114013672 1.5115489959716796875 0.58499163389205932617 0.59187239408493041992 1.5075275897979736328 1.8988041877746582031 2.3153464794158935547 3.8046865463256835938 4.5733590126037597656 6.0951776504516601562 14.206136703491210938 17.781305313110351562 12.469868659973144531 15.173145294189453125 22.286401748657226562 18.222553253173828125 12.642359733581542969 8.9958181381225585938 7.7389669418334960938 16.306667327880859375 14.453953742980957031 6.2926173210144042969 5.2187910079956054688 6.8174490928649902344 8.7354040145874023438 11.046433448791503906 1.8824777603149414062
0 4.5520186424255371094 5.0036025047302246094 4.1731653213500976562 2.4179348945617675781 1.8643856048583984375 2.8030278682708740234 3.576251983642578125 2.5498692989349365234 0.47835069894790649414 0.68095678091049194336 0.41851878166198730469 0.76630026102066040039 0.38315683603286743164 1.0388619899749755859 1.4909845590591430664 0.45224004983901977539 0.89149564504623413086 1.0543380975723266602 1.7913075685501098633 2.3054955005645751953 3.1640882492065429688 3.8682708740234375 4.6380910873413085938 8.167995452880859375 10.141187667846679688 9.6145238876342773438 10.370222091674804688 12.749831199645996094 11.589212417602539062 7.8704824447631835938 5.1210126876831054688 0.47835069894790649414 9.9577283859252929688 15.883577346801757812 9.7383708953857421875 4.9942226409912109375 4.1548590660095214844 10.88946533203125 13.6060333251953125 3.7100572586059570312
0 5.9036712646484375 5.2010965347290039062 4.9775381088256835938 4.2971162796020507812 5.3069868087768554688 0.79738587141036987305 6.1769213676452636719 4.7081494331359863281 2.6911232471466064453 1.9112811088562011719 1.0883487462997436523 0.32760420441627502441 0.75431799888610839844 0.7178719639778137207 0.94924122095108032227 1.2392598390579223633 2.259624481201171875 5.8357458114624023438 10.196103096008300781 11.990071296691894531 8.145465850830078125 5.5190982818603515625 9.2594461441040039062 10.553049087524414062 6.9090862274169921875 8.1052799224853515625 10.801383018493652344 10.329419136047363281 8.8594808578491210938 7.1710615158081054688 5.6729116439819335938 0.89149266481399536133 11.331060409545898438 15.463356971740722656 10.92041778564453125 6.7716050148010253906 6.1540780067443847656 10.524845123291015625 12.979115486145019531 2.0854587554931640625
0 4.6403779983520507812 4.4259033203125 4.465740203857421875 5.6287074089050292969 8.2989635467529296875 8.6006450653076171875 10.214191436767578125 5.7023072242736816406 3.9566833972930908203 3.0933270454406738281 1.8627529144287109375 1.1977227926254272461 0.83278214931488037109 0.22499567270278930664 0.64429146051406860352 5.3139085769653320312 12.598592758178710938 14.335412979125976562 15.805753707885742188 11.64504241943359375 8.4430418014526367188 7.1939158439636230469 12.650624275207519531 8.5719890594482421875 5.0764222145080566406 9.2149715423583984375 11.497965812683105469 9.9533758163452148438 8.682292938232421875 8.1685476303100585938 3.9981954097747802734 1.7501554489135742188 9.5698719024658203125 14.223914146423339844 15.592360496520996094 11.072991371154785156 7.3288941383361816406 10.207952499389648438 8.8174734115600585938 3.2368824481964111328
0 2.0842502117156982422 3.3092961311340332031 3.1422855854034423828 4.1451287269592285156 6.7903499603271484375 7.3597774505615234375 3.5501666069030761719 1.7159972190856933594 3.6076149940490722656 2.3867709636688232422 0.75095474720001220703 1.6437015533447265625 1.4957308769226074219 0.68688577413558959961 3.6330132484436035156 15.882502555847167969 19.069103240966796875 14.705610275268554688 12.105597496032714844 10.18824005126953125 13.933371543884277344 11.70368194580078125 10.354090690612792969 3.2999701499938964844 5.2635121345520019531 12.542021751403808594 13.642070770263671875 10.484714508056640625 7.7753424644470214844 5.1183533668518066406 3.670360565185546875 4.2290377616882324219 6.0425271987915039062 15.971654891967773438 20.534929275512695312 10.983499526977539062 7.1162476539611816406 9.1956090927124023438 5.3141016960144042969 3.4338381290435791016
