wildfire/work/fuelmodels/1860/aspect.asc
ncols        375
nrows        406
xllcorner    181495.000000000000
yllcorner    463905.000000000000
cellsize     5.000000000000
NODATA_value   -999
[rows 19 to 37 of 406, columns 0 to 41 of 375]
0 33.111175537109375 53.129909515380859375 19.855287551879882812 0.90922969579696655273 100.009429931640625 199.88458251953125 230.7099151611328125 130.683563232421875 146.53411865234375 235.407196044921875 224.9998779296875 234.462066650390625 293.96197509765625 259.50787353515625 243.4342041015625 214.6944732666015625 295.016082763671875 316.59014892578125 341.56427001953125 326.7674560546875 89.99979400634765625 167.7353515625 150.943603515625 7.4318370819091796875 6.3402252197265625 341.564056396484375 16.1893157958984375 305.908721923828125 73.6104736328125 91.81813812255859375 247.3794403076171875 286.6201171875 313.780364990234375 340.79522705078125 323.614837646484375 314.999114990234375 0.00019172426254954189062 10.713385581970214844 318.52044677734375 271.468475341796875 229.3156280517578125
0 134.9996795654296875 81.468994140625 33.3667144775390625 40.426311492919921875 87.27367401123046875 174.2894439697265625 216.1790924072265625 131.308380126953125 154.79815673828125 243.82415771484375 219.956939697265625 239.4693450927734375 287.353118896484375 304.0452880859375 294.074951171875 314.999267578125 298.7388916015625 314.99835205078125 153.434600830078125 219.289031982421875 321.708465576171875 349.823577880859375 4.185268402099609375 333.082855224609375 16.259992599487304688 94.7630767822265625 185.194183349609375 253.0727996826171875 113.1981201171875 99.37177276611328125 308.197998046875 311.459686279296875 317.837921142578125 312.137054443359375 267.3155517578125 238.1087188720703125 179.2919769287109375 196.1121673583984375 273.57574462890625 130.9147491455078125 161.564544677734375
0 105.641937255859375 63.4351654052734375 77.47098541259765625 111.249755859375 77.0048370361328125 1.4318470954895019531 345.963134765625 77.94934844970703125 152.52606201171875 248.83807373046875 280.490875244140625 298.14093017578125 287.818450927734375 304.113922119140625 289.98260498046875 286.556884765625 247.619537353515625 172.30389404296875 121.50359344482421875 288.047271728515625 315.901397705078125 348.795745849609375 27.149684906005859375 26.564691543579101562 83.65761566162109375 60.94507598876953125 346.82659912109375 335.555145263671875 77.005126953125 6.8427686691284179688 307.17022705078125 326.0482177734375 57.528705596923828125 183.621002197265625 212.0467376708984375 228.7426300048828125 272.2020263671875 319.513671875 188.13140869140625 138.5760040283203125 149.9053802490234375
0 117.4738311767578125 145.30419921875 107.74440765380859375 49.5734405517578125 7.5942082405090332031 340.7398681640625 34.159893035888671875 82.60572052001953125 71.564605712890625 275.4765625 274.5133056640625 265.60107421875 213.6895599365234375 212.004974365234375 248.0508270263671875 278.129669189453125 318.8140869140625 350.216644287109375 336.20843505859375 320.19366455078125 313.744720458984375 340.11370849609375 75.30252838134765625 67.7508697509765625 16.927133560180664062 8.1304655075073242188 1.3322463035583496094 345.14044189453125 31.32869720458984375 338.560760498046875 298.539306640625 51.340137481689453125 111.5709686279296875 252.897216796875 306.25323486328125 295.70916748046875 301.42889404296875 146.3085784912109375 143.829437255859375 134.6586456298828125 152.6706390380859375
0 163.14105224609375 156.0370330810546875 180.0001373291015625 340.345123291015625 1.6362879276275634766 246.7996978759765625 117.89701080322265625 109.83190155029296875 141.3401336669921875 243.4342803955078125 219.5592041015625 223.9185333251953125 278.970550537109375 299.053497314453125 285.944610595703125 238.240234375 258.231292724609375 318.57568359375 309.206512451171875 282.041839599609375 247.108642578125 155.136199951171875 134.9998321533203125 100.98065185546875 347.469970703125 336.500640869140625 358.780242919921875 320.2730712890625 354.426971435546875 335.80047607421875 320.811737060546875 41.14928436279296875 35.13417816162109375 334.39697265625 334.653045654296875 339.86297607421875 150.7084808349609375 154.580322265625 154.3775482177734375 131.034942626953125 106.55660247802734375
0 78.69240570068359375 18.434906005859375 323.744720458984375 221.4231109619140625 157.2490081787109375 144.210540771484375 111.9293060302734375 63.083354949951171875 355.854278564453125 1.1693823337554931641 302.905120849609375 256.13848876953125 269.169189453125 296.9158935546875 294.716522216796875 49.763751983642578125 281.069427490234375 299.248199462890625 2.4900419712066650391 226.3164215087890625 193.4377899169921875 152.7000579833984375 121.86571502685546875 56.3089599609375 319.63482666015625 340.345458984375 344.356842041015625 318.69049072265625 317.669097900390625 338.231536865234375 2.2457876205444335938 28.495584487915039062 7.1936244964599609375 333.617767333984375 350.705718994140625 98.770599365234375 134.69818115234375 156.734405517578125 190.8397064208984375 35.53818511962890625 20.555772781372070312
0 173.1566162109375 176.9867095947265625 167.347198486328125 187.1244964599609375 167.00506591796875 128.290069580078125 80.5373382568359375 2.0452437400817871094 354.0928955078125 7.4809451103210449219 2.2025403976440429688 334.79803466796875 276.33984375 261.026947021484375 292.093597412109375 347.904296875 335.388275146484375 313.6513671875 37.333148956298828125 323.1973876953125 345.826934814453125 21.459930419921875 18.047697067260742188 10.304735183715820312 314.999267578125 313.897735595703125 328.447906494140625 329.035400390625 293.618408203125 324.971282958984375 100.53247833251953125 157.352813720703125 203.5316925048828125 221.2212982177734375 153.5789947509765625 119.50778961181640625 101.959503173828125 20.224679946899414062 308.156494140625 358.362213134765625 59.93114471435546875
0 171.9639739990234375 179.3557586669921875 195.57208251953125 204.14508056640625 177.1368408203125 288.433197021484375 354.28814697265625 7.1244111061096191406 220.2357025146484375 213.6870574951171875 323.61444091796875 345.82659912109375 342.75775146484375 323.53009033203125 300.86614990234375 324.271820068359375 352.0240478515625 348.80712890625 357.602142333984375 325.46588134765625 0.6117274165153503418 53.746105194091796875 32.471271514892578125 20.658922195434570312 356.632415771484375 292.3795166015625 296.38934326171875 326.309326171875 264.052459716796875 161.43505859375 142.2075958251953125 167.7838897705078125 186.6260986328125 197.121368408203125 177.7254791259765625 134.999603271484375 105.7244873046875 319.7630615234375 252.47369384765625 169.992034912109375 131.9874114990234375
0 167.0055999755859375 327.99395751953125 310.313262939453125 225.0103912353515625 195.2541656494140625 294.968353271484375 350.21661376953125 46.013797760009765625 105.2541961669921875 280.22198486328125 313.549163818359375 328.88372802734375 346.37225341796875 336.071990966796875 308.201385498046875 295.99334716796875 307.404449462890625 321.6536865234375 330.6673583984375 296.2918701171875 34.9580841064453125 79.67893218994140625 25.463468551635742188 353.210174560546875 1.909014582633972168 324.532257080078125 318.36578369140625 10.176545143127441406 161.7787628173828125 141.18829345703125 147.3621063232421875 164.4197540283203125 176.8140869140625 199.672149658203125 193.48260498046875 183.8348846435546875 212.71112060546875 206.5631103515625 171.384124755859375 267.509521484375 28.495874404907226562
0 341.778106689453125 343.9256591796875 355.340789794921875 41.633358001708984375 344.98126220703125 275.65380859375 256.60699462890625 85.17911529541015625 358.362548828125 326.934844970703125 326.792816162109375 314.999267578125 317.201904296875 309.80487060546875 280.75042724609375 210.3021697998046875 216.1416015625 210.2559967041015625 200.646575927734375 252.110137939453125 79.69498443603515625 72.22850799560546875 346.262939453125 345.3424072265625 355.235565185546875 345.46466064453125 32.9055938720703125 133.7123260498046875 145.8260040283203125 130.5758819580078125 138.598419189453125 155.555694580078125 169.4022979736328125 206.3671875 198.434478759765625 204.315460205078125 240.5657501220703125 297.645355224609375 25.6407928466796875 304.874786376953125 63.434665679931640625
0 355.134796142578125 284.036346435546875 56.309803009033203125 41.987224578857421875 2.6630654335021972656 258.205902099609375 195.603546142578125 61.69969940185546875 332.927032470703125 340.113983154296875 313.31451416015625 262.874176025390625 197.9274444580078125 224.414947509765625 189.659454345703125 194.0357513427734375 240.01788330078125 185.3553619384765625 171.75885009765625 220.5853729248046875 189.84539794921875 141.4184112548828125 279.046905517578125 312.7266845703125 50.389293670654296875 145.3044281005859375 150.3759002685546875 150.363128662109375 146.0135650634765625 134.5235748291015625 138.481048583984375 150.88360595703125 168.1467437744140625 234.1410675048828125 220.6007843017578125 221.2477874755859375 242.0811767578125 217.936859130859375 162.3604736328125 209.7831878662109375 160.0571441650390625
0 65.29746246337890625 341.56207275390625 198.4322967529296875 224.9994659423828125 351.0263671875 354.2064208984375 328.472442626953125 327.62506103515625 343.411773681640625 75.9637908935546875 217.23370361328125 152.4471893310546875 149.708038330078125 197.3363189697265625 193.4951934814453125 194.815826416015625 199.1227264404296875 173.1905517578125 161.1221923828125 186.2553253173828125 189.0743408203125 179.9995574951171875 204.1332550048828125 191.73193359375 159.4176788330078125 162.125091552734375 163.492401123046875 167.709320068359375 155.7769927978515625 141.677947998046875 151.6673736572265625 171.5284576416015625 191.7059478759765625 250.0162811279296875 291.72039794921875 308.156341552734375 242.262451171875 203.0560760498046875 173.8609466552734375 203.5140838623046875 193.877044677734375
0 48.74286651611328125 4.3248801231384277344 15.780947685241699219 347.1243896484375 332.8779296875 338.050537109375 327.86212158203125 333.434173583984375 54.4624481201171875 85.81520843505859375 145.1245269775390625 164.054595947265625 79.623992919921875 11.310242652893066406 279.86505126953125 301.463348388671875 58.39173126220703125 127.17057037353515625 130.699737548828125 147.094451904296875 178.24456787109375 174.4720001220703125 196.6326446533203125 182.23077392578125 157.3632965087890625 170.2100677490234375 165.1691131591796875 163.760711669921875 178.6493988037109375 113.084930419921875 110.64678192138671875 171.3389434814453125 187.1630401611328125 228.028167724609375 236.90545654296875 177.3732147216796875 206.931121826171875 193.58245849609375 176.4008026123046875 219.1320037841796875 222.838409423828125
0 13.671169281005859375 12.407352447509765625 10.827507972717285156 358.151580810546875 340.4798583984375 337.40130615234375 352.18414306640625 120.0682830810546875 141.0820465087890625 175.02972412109375 8.972133636474609375 357.136688232421875 12.994533538818359375 18.0938568115234375 311.8544921875 314.22503662109375 10.124505996704101562 16.144306182861328125 37.405292510986328125 63.103572845458984375 82.4313812255859375 108.4345703125 181.2014312744140625 169.5674591064453125 147.094390869140625 192.61883544921875 151.484161376953125 123.86331939697265625 259.447662353515625 352.1458740234375 69.417327880859375 46.022945404052734375 6.3407101631164550781 245.1190185546875 214.6946563720703125 186.1934814453125 195.6642913818359375 181.531219482421875 197.37359619140625 251.1790771484375 258.7735595703125
0 356.294464111328125 14.647442817687988281 359.746795654296875 359.33038330078125 348.30975341796875 359.192047119140625 76.0875396728515625 106.389251708984375 100.5274200439453125 295.127227783203125 334.396942138671875 25.5599517822265625 4.39878082275390625 52.124523162841796875 236.6888275146484375 189.5361480712890625 195.5046539306640625 185.2734832763671875 114.23877716064453125 92.54027557373046875 75.89157867431640625 80.40677642822265625 104.56552886962890625 126.1930084228515625 136.7896270751953125 178.8978424072265625 170.9601593017578125 47.4365997314453125 285.71795654296875 268.111358642578125 47.402400970458984375 19.311748504638671875 9.1068912297487258911e-05 352.874237060546875 355.125152587890625 296.563812255859375 215.1336212158203125 198.4346923828125 246.476165771484375 237.8471527099609375 222.42877197265625
0 331.885894775390625 356.1851806640625 4.553760528564453125 3.4684560298919677734 51.339603424072265625 119.52115631103515625 106.0037994384765625 77.7746734619140625 36.63384246826171875 297.377105712890625 271.734771728515625 101.3097686767578125 161.5639495849609375 110.055877685546875 140.90570068359375 171.6556396484375 203.294158935546875 168.365966796875 145.603515625 137.0634918212890625 138.5947113037109375 140.748321533203125 127.1080169677734375 115.8660736083984375 106.048797607421875 125.13411712646484375 277.5233154296875 308.51629638671875 302.95672607421875 303.91290283203125 1.9367876052856445312 41.915081024169921875 46.219024658203125 292.619598388671875 43.726593017578125 70.7096099853515625 192.9942169189453125 201.681976318359375 191.601043701171875 206.67205810546875 203.4769287109375
0 224.99932861328125 185.314361572265625 155.2244415283203125 169.3798370361328125 159.717132568359375 154.563385009765625 150.7313995361328125 97.81505584716796875 109.72205352783203125 183.4058990478515625 192.61883544921875 160.42657470703125 170.4952239990234375 164.2375030517578125 157.425506591796875 185.773773193359375 230.4395599365234375 100.61966705322265625 94.47924041748046875 116.5647430419921875 138.1218109130859375 163.300323486328125 25.559787750244140625 15.751132011413574219 0.54572075605392456055 14.813426017761230469 24.9438018798828125 241.459320068359375 261.732208251953125 265.10028076171875 206.5644683837890625 104.0360107421875 122.52918243408203125 211.3281402587890625 162.950714111328125 118.00893402099609375 257.005401611328125 93.81356048583984375 146.633209228515625 228.7775421142578125 274.9197998046875
0 201.37017822265625 176.685089111328125 163.4875030517578125 172.2025604248046875 170.897125244140625 154.7464752197265625 173.2238311767578125 176.633148193359375 142.2415924072265625 162.0792083740234375 191.585784912109375 166.7718505859375 161.5646514892578125 183.2957000732421875 244.721466064453125 326.002777099609375 266.81976318359375 143.745849609375 108.92966461181640625 109.47628021240234375 128.5581207275390625 307.160003662109375 342.406768798828125 2.8209843635559082031 352.0224609375 40.0428314208984375 72.95085906982421875 266.759185791015625 231.6128997802734375 202.5636444091796875 181.767364501953125 148.2569122314453125 134.9996795654296875 262.348907470703125 124.69460296630859375 92.2904510498046875 306.026458740234375 42.357631683349609375 20.35333251953125 321.187896728515625 307.4046630859375
0 209.4380340576171875 194.206298828125 143.4812774658203125 170.3621063232421875 188.5303955078125 144.2929840087890625 166.3990631103515625 175.0298614501953125 160.0768585205078125 163.9955291748046875 182.120513916015625 159.73388671875 146.0560760498046875 241.5039215087890625 259.10076904296875 245.5559234619140625 138.3656005859375 126.415985107421875 117.82791900634765625 110.432586669921875 310.120025634765625 304.326416015625 330.22894287109375 28.090642929077148438 92.72588348388671875 109.903411865234375 86.04546356201171875 346.70074462890625 293.196044921875 314.99652099609375 334.439300537109375 61.313823699951171875 55.304500579833984375 278.745574951171875 44.999897003173828125 330.801788330078125 334.868377685546875 10.210871696472167969 355.194305419921875 341.033782958984375 331.586578369140625
