wildfire/work/fuelmodels/1860/aspect.asc
ncols        375
nrows        406
xllcorner    181495.000000000000
yllcorner    463905.000000000000
cellsize     5.000000000000
NODATA_value   -999
[rows 266 to 284 of 406, columns 84 to 125 of 375]
231.7884063720703125 244.48553466796875 249.655364990234375 254.463104248046875 262.482940673828125 266.63287353515625 264.5589599609375 258.485443115234375 250.127166748046875 238.1900177001953125 225.4453887939453125 200.8204193115234375 175.1129608154296875 164.590911865234375 173.3780517578125 172.58099365234375 155.416015625 153.2403411865234375 154.3974609375 145.6475830078125 139.9917144775390625 130.5831298828125 113.43305206298828125 112.75792694091796875 120.72216033935546875 128.9014434814453125 131.57135009765625 131.2756805419921875 118.9885711669921875 93.42374420166015625 65.4493865966796875 54.188884735107421875 32.19568634033203125 20.224855422973632812 39.9575042724609375 44.012111663818359375 1.5074700117111206055 308.324676513671875 296.680572509765625 300.892578125 305.537017822265625 302.734527587890625
237.7625885009765625 249.9041748046875 253.0086517333984375 254.961669921875 260.266754150390625 260.537078857421875 255.9630889892578125 249.701873779296875 238.6804046630859375 222.322662353515625 210.261260986328125 198.9089508056640625 186.725738525390625 175.36865234375 171.5859527587890625 168.21624755859375 158.8879852294921875 156.0496826171875 153.3147735595703125 143.5868682861328125 142.93780517578125 143.55511474609375 126.86962127685546875 120.85152435302734375 125.83109283447265625 129.7338409423828125 124.35404205322265625 96.67962646484375 67.1092681884765625 45.83007049560546875 30.963617324829101562 21.87928009033203125 9.881404876708984375 9.6252603530883789062 34.11438751220703125 31.551240921020507812 351.08441162109375 318.31695556640625 270.938507080078125 266.26800537109375 276.469207763671875 292.845977783203125
249.6909637451171875 253.672576904296875 255.16253662109375 261.394866943359375 267.525177001953125 265.2957763671875 258.7601318359375 250.092803955078125 233.2350311279296875 215.13372802734375 207.464508056640625 208.0853118896484375 197.6687469482421875 182.6815185546875 170.805267333984375 165.0521697998046875 165.650299072265625 161.84228515625 152.857330322265625 143.1940155029296875 145.2217864990234375 145.321746826171875 135.4718475341796875 127.5978546142578125 123.689788818359375 115.10424041748046875 61.259735107421875 49.6983642578125 42.51045989990234375 14.534386634826660156 10.437429428100585938 7.7652087211608886719 4.9165482521057128906 2.2680006027221679688 14.826434135437011719 13.995656967163085938 3.2541446685791015625 357.8426513671875 325.123870849609375 310.14813232421875 304.345367431640625 256.463409423828125
263.990386962890625 264.308319091796875 266.839019775390625 273.706298828125 277.08056640625 270.63836669921875 262.324981689453125 251.989898681640625 232.3052215576171875 214.633331298828125 210.68280029296875 208.9566802978515625 196.188690185546875 187.1245574951171875 173.20361328125 161.0250701904296875 167.8738250732421875 170.3743438720703125 156.00286865234375 146.5749053955078125 144.098663330078125 136.880950927734375 127.39150238037109375 122.11767578125 116.17496490478515625 111.29705047607421875 98.746185302734375 86.08161163330078125 13.570881843566894531 338.024688720703125 352.703399658203125 0.48970565199851989746 2.5307555198669433594 355.532012939453125 355.410400390625 8.7545013427734375 13.067203521728515625 9.4109630584716796875 331.72100830078125 314.365020751953125 337.327789306640625 105.36122894287109375
266.710174560546875 264.986297607421875 268.8885498046875 274.17730712890625 277.07830810546875 275.636871337890625 265.114166259765625 243.434417724609375 226.684356689453125 211.1845245361328125 207.040008544921875 205.17694091796875 190.9861297607421875 186.9437103271484375 175.8235015869140625 158.16253662109375 164.3574371337890625 168.365966796875 155.61334228515625 148.2813720703125 142.0622711181640625 133.177276611328125 121.75921630859375 112.76703643798828125 98.8644866943359375 92.3860015869140625 356.6319580078125 350.753021240234375 333.249176025390625 337.662628173828125 353.20684814453125 4.1886143684387207031 7.2039895057678222656 359.44293212890625 356.97119140625 17.764774322509765625 27.413213729858398438 24.814130783081054688 333.326629638671875 299.3134765625 70.82051849365234375 90.31981658935546875
257.608551025390625 264.080169677734375 268.209442138671875 267.001556396484375 260.406219482421875 250.277130126953125 245.2057647705078125 235.9384918212890625 230.9055328369140625 209.5382080078125 200.98443603515625 204.051971435546875 185.96405029296875 181.0045928955078125 176.579559326171875 165.2073211669921875 162.5968780517578125 156.399322509765625 147.1166839599609375 143.31005859375 137.5364990234375 121.1591033935546875 103.4729461669921875 93.27027130126953125 85.17906951904296875 338.470184326171875 337.525238037109375 332.913970947265625 330.863616943359375 342.451507568359375 0.22432380914688110352 14.483831405639648438 19.663501739501953125 16.873960494995117188 21.37054443359375 43.417507171630859375 63.807682037353515625 61.389446258544921875 327.33807373046875 270.9705810546875 132.2733154296875 68.38524627685546875
267.741546630859375 266.4112548828125 261.913116455078125 254.1801910400390625 239.5736846923828125 235.2765960693359375 240.0177764892578125 242.16766357421875 236.5462799072265625 204.1788482666015625 193.8145599365234375 196.143829345703125 180.3127288818359375 173.04644775390625 174.004119873046875 168.976318359375 165.9078521728515625 160.5064544677734375 147.295013427734375 142.920501708984375 123.00279998779296875 102.48221588134765625 87.11684417724609375 74.5920867919921875 41.054828643798828125 307.272674560546875 317.4462890625 313.29278564453125 319.241455078125 343.270294189453125 6.1541776657104492188 23.453935623168945312 24.479402542114257812 18.204645156860351562 21.0572662353515625 32.896564483642578125 44.648418426513671875 41.29773712158203125 27.979175567626953125 139.086181640625 348.905517578125 332.492828369140625
276.43731689453125 259.50787353515625 251.0388031005859375 241.630401611328125 225.802642822265625 232.43084716796875 234.8405303955078125 228.4059295654296875 214.69482421875 194.035919189453125 185.987640380859375 184.288543701171875 171.86944580078125 166.0826873779296875 171.994873046875 169.195281982421875 166.5463104248046875 165.4958343505859375 160.865966796875 171.8695068359375 164.16729736328125 128.3946990966796875 121.40869140625 111.037384033203125 332.649322509765625 292.99237060546875 296.3544921875 291.17193603515625 292.89178466796875 326.063507080078125 6.1258397102355957031 26.797183990478515625 17.820577621459960938 14.388110160827636719 21.352085113525390625 30.38787078857421875 39.3064727783203125 37.967464447021484375 48.116840362548828125 4.7635173797607421875 311.932769775390625 327.24249267578125
271.89947509765625 262.5679931640625 254.3093719482421875 238.4725799560546875 224.38995361328125 236.488433837890625 236.360870361328125 224.6479644775390625 215.2171173095703125 196.039520263671875 174.412353515625 176.4546966552734375 169.4228973388671875 163.014892578125 168.597137451171875 168.2406463623046875 167.968994140625 163.663604736328125 166.9257354736328125 175.9332275390625 179.4880218505859375 163.610076904296875 145.0687408447265625 171.25341796875 292.305572509765625 295.522705078125 295.966827392578125 283.762176513671875 275.90185546875 294.094329833984375 350.899261474609375 4.9967441558837890625 359.29803466796875 14.722057342529296875 28.953359603881835938 43.80640411376953125 60.436786651611328125 67.09052276611328125 65.1659698486328125 352.426116943359375 290.544830322265625 297.344573974609375
273.8135986328125 263.74041748046875 249.6078643798828125 237.21875 239.380828857421875 247.742431640625 235.719879150390625 212.3661346435546875 202.3107757568359375 187.3456268310546875 171.440765380859375 174.11944580078125 170.931121826171875 168.8371734619140625 173.240478515625 168.3332366943359375 171.38397216796875 171.438690185546875 170.4065704345703125 167.19525146484375 175.2358551025390625 176.447845458984375 174.936004638671875 282.379974365234375 290.507415771484375 284.472930908203125 277.647552490234375 269.93658447265625 266.10272216796875 276.48541259765625 324.326873779296875 350.158966064453125 354.53533935546875 79.5156707763671875 101.4637298583984375 106.07862091064453125 102.24649810791015625 97.2728271484375 84.04836273193359375 325.006927490234375 265.476226806640625 242.4370269775390625
280.49072265625 254.9129638671875 244.5833892822265625 236.910675048828125 235.6597747802734375 231.066131591796875 216.0132293701171875 200.170166015625 190.0274658203125 183.4040374755859375 177.2068939208984375 175.0894012451171875 172.47576904296875 170.5372772216796875 178.4651641845703125 178.363037109375 177.0387725830078125 188.1295013427734375 187.3519287109375 150.5233612060546875 44.999897003173828125 335.13555908203125 319.843353271484375 301.896484375 287.699798583984375 267.475250244140625 253.3800048828125 249.404205322265625 247.264862060546875 253.0558624267578125 255.646148681640625 157.680084228515625 151.0544586181640625 145.65802001953125 142.299896240234375 137.8054656982421875 131.229217529296875 125.0276336669921875 127.3592376708984375 199.73651123046875 216.806915283203125 204.8632049560546875
288.96954345703125 240.5234832763671875 235.7283477783203125 224.492431640625 223.9320220947265625 220.308868408203125 211.6070404052734375 200.2461395263671875 184.99749755859375 186.482574462890625 188.408477783203125 177.1655731201171875 177.832611083984375 178.430206298828125 196.188629150390625 228.3014068603515625 250.4627532958984375 303.309906005859375 318.877685546875 342.40679931640625 352.511749267578125 348.9166259765625 344.334503173828125 318.690582275390625 296.05731201171875 271.873870849609375 252.268890380859375 240.00433349609375 233.9426422119140625 238.29290771484375 214.3798370361328125 158.6871490478515625 148.55487060546875 145.5616302490234375 141.5588836669921875 138.030120849609375 138.89404296875 138.562164306640625 145.027618408203125 169.59185791015625 181.3386688232421875 186.7160491943359375
234.1616668701171875 212.2755889892578125 204.841949462890625 199.373626708984375 209.45794677734375 209.567779541015625 208.7935333251953125 198.3006134033203125 182.00518798828125 194.035736083984375 198.599609375 187.84136962890625 188.6421966552734375 203.0506591796875 238.8280487060546875 261.673675537109375 275.70989990234375 291.973907470703125 291.317169189453125 299.267120361328125 328.133148193359375 333.152130126953125 326.82086181640625 314.496673583984375 290.335357666015625 261.689056396484375 243.43426513671875 223.697509765625 214.5693206787109375 214.786956787109375 191.5850067138671875 165.6908111572265625 158.84503173828125 153.1292572021484375 148.65582275390625 146.5980072021484375 148.3740081787109375 150.09686279296875 153.9618988037109375 158.46368408203125 174.5072021484375 213.0785980224609375
232.351806640625 173.6598663330078125 164.42724609375 188.9143829345703125 204.70770263671875 202.8900909423828125 205.2724456787109375 196.0485382080078125 186.06317138671875 202.0107879638671875 216.7100372314453125 229.49658203125 252.2150421142578125 285.123260498046875 296.24066162109375 317.72552490234375 342.86614990234375 339.443511962890625 275.193939208984375 247.619354248046875 222.9170684814453125 255.617919921875 281.54608154296875 257.00494384765625 215.0357513427734375 211.164581298828125 207.5814361572265625 197.4840240478515625 192.9125518798828125 195.0660247802734375 183.3660430908203125 171.6146392822265625 168.3308258056640625 160.75714111328125 154.1308135986328125 156.8010711669921875 162.7791900634765625 155.77191162109375 154.1552886962890625 167.6605987548828125 202.4788665771484375 250.07379150390625
245.0556640625 174.5591583251953125 135.0051422119140625 0 127.87451934814453125 194.641510009765625 201.3239288330078125 196.49554443359375 193.9788970947265625 211.4400482177734375 238.448089599609375 255.0680694580078125 272.662567138671875 293.0906982421875 299.99798583984375 311.069091796875 9.245941162109375 13.815114974975585938 322.2528076171875 314.999267578125 296.074371337890625 274.80731201171875 239.322052001953125 173.4369354248046875 179.369964599609375 185.6631927490234375 190.7225799560546875 185.2836456298828125 179.6882171630859375 175.62249755859375 174.0680694580078125 173.02337646484375 168.689697265625 166.1327362060546875 162.828338623046875 161.7867431640625 168.6897125244140625 156.9083251953125 161.7269287109375 182.662628173828125 202.8776092529296875 227.5026092529296875
269.274139404296875 307.875274658203125 284.74249267578125 170.53802490234375 107.5254669189453125 142.969451904296875 194.57366943359375 213.0428924560546875 222.1370086669921875 238.6706695556640625 245.7901153564453125 238.8095245361328125 237.264312744140625 264.49053955078125 267.94354248046875 243.434417724609375 216.027252197265625 344.744049072265625 337.96319580078125 336.03680419921875 340.276519775390625 244.4395751953125 173.7736053466796875 157.8093719482421875 165.128692626953125 175.731597900390625 185.8151702880859375 182.2502593994140625 182.0821380615234375 167.1415557861328125 155.2461395263671875 160.51336669921875 152.8294219970703125 155.6684417724609375 175.6008453369140625 164.3571624755859375 131.4234771728515625 146.245147705078125 175.214996337890625 184.1046600341796875 220.4089202880859375 256.199920654296875
293.91558837890625 341.8956298828125 25.345857620239257812 75.962860107421875 89.9996185302734375 65.40978240966796875 348.689239501953125 289.79815673828125 295.7685546875 305.153411865234375 288.053558349609375 263.72210693359375 264.55902099609375 270.260986328125 257.22821044921875 246.3701171875 266.854583740234375 266.63311767578125 221.98602294921875 246.4468841552734375 153.4356842041015625 148.091827392578125 147.2000885009765625 145.538818359375 147.8934173583984375 173.6594085693359375 198.43438720703125 184.843658447265625 179.292388916015625 166.7011566162109375 145.581268310546875 137.1404266357421875 134.4970855712890625 136.789642333984375 246.2499237060546875 160.2004547119140625 113.5792236328125 111.2326202392578125 155.673919677734375 184.63494873046875 235.8011016845703125 251.564483642578125
285.25445556640625 325.05999755859375 34.694820404052734375 21.88559722900390625 24.443965911865234375 17.878696441650390625 0.45114830136299133301 328.907012939453125 313.381195068359375 322.671630859375 335.242919921875 310.14617919921875 266.668365478515625 241.7759246826171875 224.5446624755859375 222.6134796142578125 210.6181640625 188.71923828125 194.8259429931640625 199.0102691650390625 175.9140777587890625 156.8011016845703125 123.9297332763671875 107.9491424560546875 105.94486236572265625 179.9995880126953125 227.6020965576171875 195.94488525390625 136.0808258056640625 153.904327392578125 152.5253143310546875 125.8579864501953125 116.05326080322265625 147.529876708984375 199.358367919921875 142.7399749755859375 128.5952911376953125 77.17096710205078125 64.5365753173828125 121.675140380859375 239.5652923583984375 243.9105072021484375
286.623779296875 324.903289794921875 6.9269461631774902344 13.284852981567382812 22.067892074584960938 11.752943038940429688 0.74414408206939697266 328.304473876953125 314.08502197265625 309.5069580078125 278.745758056640625 193.3918304443359375 206.8468475341796875 208.387481689453125 204.9434051513671875 202.9386138916015625 201.10076904296875 202.3130035400390625 209.133758544921875 197.81842041015625 187.814849853515625 188.8061065673828125 142.9433135986328125 119.845947265625 108.43450927734375 131.986236572265625 177.796722412109375 179.9994354248046875 137.7260589599609375 144.7271728515625 156.193756103515625 122.07378387451171875 111.037200927734375 174.0937042236328125 140.6173858642578125 125.25617218017578125 158.8057708740234375 117.58184051513671875 116.90586090087890625 135.6508941650390625 238.5531158447265625 243.4343109130859375
