wildfire/work/fuelmodels/1860/aspect.asc
ncols        375
nrows        406
xllcorner    181495.000000000000
yllcorner    463905.000000000000
cellsize     5.000000000000
NODATA_value   -999
[rows 95 to 113 of 406, columns 294 to 335 of 375]
224.9997100830078125 227.00030517578125 220.879302978515625 196.9857635498046875 159.7224273681640625 143.866912841796875 149.1328582763671875 145.7506103515625 123.56600189208984375 200.55438232421875 240.944000244140625 199.35906982421875 187.124755859375 253.76702880859375 301.759552001953125 58.570735931396484375 300.3785400390625 314.348052978515625 325.2027587890625 314.39581298828125 7.9272518157958984375 58.109161376953125 283.695220947265625 280.596588134765625 40.237018585205078125 314.99853515625 265.854705810546875 246.9538116455078125 213.9582977294921875 113.962677001953125 329.03289794921875 277.92608642578125 279.89593505859375 288.8682861328125 292.510772705078125 278.875152587890625 270.538604736328125 268.0675048828125 271.539947509765625 33.206623077392578125 59.33962249755859375 129.2888946533203125
289.746185302734375 278.21209716796875 224.9992523193359375 187.000885009765625 141.312042236328125 126.67949676513671875 148.3243408203125 169.534393310546875 204.0748748779296875 327.8037109375 348.365753173828125 342.6800537109375 7.9698019027709960938 300.67608642578125 293.38421630859375 6.2158331871032714844 334.74639892578125 303.380950927734375 319.96875 307.982635498046875 342.7576904296875 44.999897003173828125 314.169097900390625 266.893524169921875 251.566650390625 311.307861328125 287.744232177734375 255.4389190673828125 250.1140899658203125 326.309173583984375 326.9434814453125 320.63995361328125 288.05145263671875 283.840057373046875 293.458404541015625 297.8712158203125 289.395355224609375 280.47198486328125 260.258819580078125 169.508148193359375 125.847320556640625 149.03570556640625
300.875946044921875 311.226898193359375 126.25334930419921875 164.9452972412109375 132.69366455078125 107.0671539306640625 110.0559844970703125 184.236419677734375 257.275146484375 269.999725341796875 313.20965576171875 313.635284423828125 11.674037933349609375 25.0963287353515625 276.33953857421875 304.076507568359375 2.5639488697052001953 267.455230712890625 257.855560302734375 287.591888427734375 303.48541259765625 52.460483551025390625 353.515960693359375 305.537139892578125 319.3563232421875 333.7322998046875 344.357330322265625 310.56982421875 324.461181640625 335.853271484375 309.745330810546875 324.939727783203125 293.197845458984375 287.251007080078125 294.205230712890625 292.8377685546875 288.772308349609375 281.786712646484375 236.3094024658203125 176.70367431640625 127.80615997314453125 36.63488006591796875
231.0250091552734375 188.88031005859375 151.5205230712890625 149.2253570556640625 109.74619293212890625 66.89776611328125 62.458957672119140625 78.17821502685546875 241.02545166015625 237.8347930908203125 254.6029510498046875 255.962677001953125 278.61492919921875 38.571044921875 326.724365234375 272.289794921875 112.75164031982421875 286.8206787109375 305.09503173828125 329.773651123046875 332.818206787109375 103.67133331298828125 167.9055938720703125 240.9444122314453125 285.460540771484375 336.63922119140625 13.977492332458496094 309.762115478515625 334.383453369140625 337.8729248046875 311.422943115234375 318.70745849609375 295.7685546875 285.98553466796875 286.05682373046875 280.46466064453125 281.14739990234375 286.342254638671875 307.527557373046875 346.2618408203125 351.7022705078125 347.21026611328125
243.145172119140625 196.9272918701171875 154.91607666015625 221.5311431884765625 340.559356689453125 26.94783782958984375 46.238555908203125 20.998691558837890625 338.19757080078125 331.10052490234375 303.689971923828125 271.84735107421875 284.19830322265625 28.300823211669921875 352.646636962890625 307.234405517578125 344.356781005859375 308.046051025390625 301.262939453125 334.248504638671875 42.0895538330078125 85.1922607421875 147.5296173095703125 262.0718994140625 265.577239990234375 265.053314208984375 59.364643096923828125 317.385711669921875 281.82171630859375 296.5648193359375 295.48370361328125 283.17193603515625 268.628936767578125 266.921966552734375 272.680755615234375 275.162689208984375 267.339996337890625 247.46466064453125 239.5530853271484375 294.4422607421875 165.2560577392578125 218.810882568359375
256.65093994140625 178.667083740234375 155.4220428466796875 225.4890899658203125 231.7748565673828125 134.1573028564453125 67.2176361083984375 355.304290771484375 357.9718017578125 35.0734405517578125 100.00598907470703125 264.71832275390625 276.469207763671875 347.4708251953125 341.56427001953125 347.19610595703125 303.055389404296875 277.868316650390625 253.257354736328125 230.3886566162109375 84.80582427978515625 48.25177764892578125 12.061223983764648438 319.197021484375 275.4508056640625 242.4917144775390625 196.1887054443359375 108.43505859375 163.33892822265625 203.8676605224609375 222.509796142578125 224.99969482421875 239.620513916015625 249.1983184814453125 262.234283447265625 263.032196044921875 240.6577911376953125 217.607818603515625 216.2532501220703125 195.3949737548828125 158.444793701171875 224.7145843505859375
204.2052459716796875 177.2291412353515625 165.5789031982421875 261.551788330078125 220.3461456298828125 169.5915679931640625 222.95440673828125 238.3916778564453125 146.888580322265625 100.35897064208984375 15.255352020263671875 299.743927001953125 301.907135009765625 2.861907958984375 300.96563720703125 304.6954345703125 313.0250244140625 295.232574462890625 288.07171630859375 287.35333251953125 347.735687255859375 37.05626678466796875 54.46197509765625 281.309478759765625 282.9940185546875 257.216217041015625 205.1588592529296875 156.2711639404296875 147.351348876953125 208.5589141845703125 235.041473388671875 233.9491119384765625 255.4191131591796875 262.50811767578125 254.685333251953125 239.07403564453125 224.83526611328125 220.4124755859375 222.05535888671875 198.235504150390625 174.6103515625 285.32476806640625
359.0802001953125 355.15509033203125 348.839202880859375 332.91168212890625 343.071624755859375 3.4240288734436035156 333.0831298828125 351.252899169921875 41.18500518798828125 19.98319244384765625 351.346649169921875 307.793212890625 276.76544189453125 140.806884765625 192.264404296875 274.331787109375 320.876922607421875 316.908843994140625 287.525054931640625 268.78070068359375 246.03704833984375 112.1658782958984375 103.392608642578125 239.5882720947265625 220.029815673828125 177.7686920166015625 175.80645751953125 177.2557830810546875 194.469970703125 254.898406982421875 250.345794677734375 253.2314605712890625 266.440093994140625 269.047637939453125 254.85845947265625 220.26995849609375 238.5648651123046875 272.375396728515625 291.50067138671875 239.573760986328125 284.135467529296875 292.34283447265625
357.98468017578125 14.635561943054199219 353.549407958984375 324.8651123046875 348.689300537109375 10.384104728698730469 4.7637491226196289062 3.0938200950622558594 17.5708160400390625 41.566028594970703125 299.47686767578125 264.805450439453125 190.6187896728515625 108.4351348876953125 291.64300537109375 285.3052978515625 304.91839599609375 302.470672607421875 303.30999755859375 341.563262939453125 269.999359130859375 349.215789794921875 63.83829498291015625 148.240447998046875 182.2720794677734375 171.2849884033203125 177.7599945068359375 232.205322265625 261.063812255859375 271.63629150390625 257.69171142578125 241.6986541748046875 229.375732421875 237.925445556640625 224.740264892578125 202.337677001953125 257.586090087890625 275.443359375 311.89324951171875 49.76337432861328125 270.637420654296875 268.1376953125
185.4390106201171875 118.7057342529296875 213.6908416748046875 250.8205108642578125 223.87591552734375 116.56040191650390625 67.98779296875 68.195037841796875 27.071743011474609375 25.974582672119140625 348.689300537109375 356.582489013671875 4.5740151405334472656 1.3119968175888061523 331.275360107421875 313.789031982421875 341.160675048828125 322.95684814453125 327.99407958984375 2.4002010822296142578 351.6060791015625 343.897918701171875 48.0128021240234375 81.35697174072265625 135.6294097900390625 214.3799285888671875 286.326263427734375 278.7457275390625 257.33441162109375 262.33245849609375 251.5636444091796875 237.1705474853515625 233.7190704345703125 233.764617919921875 217.3327178955078125 239.0356292724609375 259.7894287109375 247.442169189453125 216.1628265380859375 155.9655303955078125 235.6423187255859375 255.572845458984375
160.8655853271484375 125.53771209716796875 221.055023193359375 254.743988037109375 240.1532135009765625 194.035797119140625 142.7650299072265625 288.433746337890625 332.96844482421875 0.70747762918472290039 346.26275634765625 34.15953826904296875 335.111724853515625 337.263214111328125 343.091766357421875 342.331817626953125 332.494842529296875 323.920440673828125 337.396881103515625 4.1051378250122070312 23.574733734130859375 190.490570068359375 108.26273345947265625 94.3984527587890625 83.34519195556640625 288.7047119140625 286.439910888671875 312.273406982421875 273.94439697265625 245.6578369140625 207.89654541015625 242.4464263916015625 240.43914794921875 232.416534423828125 223.058074951171875 244.1697540283203125 241.534271240234375 231.6010589599609375 213.2260894775390625 180.5134429931640625 221.0419921875 255.6566314697265625
166.6749267578125 190.1454010009765625 261.8685302734375 246.0366363525390625 198.434600830078125 192.170867919921875 252.298858642578125 306.25299072265625 149.034393310546875 191.055908203125 172.9985198974609375 169.3799285888671875 274.54736328125 302.752899169921875 349.547637939453125 357.324188232421875 318.83892822265625 317.81488037109375 185.9054412841796875 152.904083251953125 147.723876953125 166.16351318359375 156.758697509765625 134.38690185546875 61.698696136474609375 306.92327880859375 326.645233154296875 349.911224365234375 316.1566162109375 301.607177734375 247.6199188232421875 239.874969482421875 238.045196533203125 237.52850341796875 230.342559814453125 248.6881103515625 246.303253173828125 235.4495086669921875 214.24847412109375 198.8114776611328125 231.6246490478515625 248.6887664794921875
169.2732086181640625 215.7788238525390625 200.7253265380859375 174.261871337890625 182.725860595703125 202.5424957275390625 226.2271575927734375 198.77777099609375 146.458160400390625 181.301544189453125 168.976318359375 248.551483154296875 258.34906005859375 227.1523895263671875 196.821014404296875 207.1492156982421875 221.0879974365234375 174.2250823974609375 167.1058807373046875 157.4326934814453125 144.83612060546875 162.6584625244140625 170.21746826171875 354.2884521484375 321.211090087890625 317.45318603515625 337.35888671875 12.426225662231445312 40.91339874267578125 234.4637603759765625 234.4623565673828125 224.9994659423828125 236.574981689453125 254.3264923095703125 285.402496337890625 283.99493408203125 268.3857421875 245.18109130859375 233.91436767578125 229.027862548828125 236.7746734619140625 239.6715087890625
86.18548583984375 235.007843017578125 178.754302978515625 166.9255523681640625 203.4834747314453125 227.5787811279296875 220.74896240234375 194.322235107421875 172.874420166015625 198.003936767578125 233.745880126953125 263.5 237.52825927734375 217.874420166015625 202.9054107666015625 178.1689453125 175.5023956298828125 171.6162109375 197.7543792724609375 117.8381805419921875 99.67608642578125 161.564666748046875 311.331268310546875 332.175079345703125 337.122344970703125 338.61944580078125 8.3659353256225585938 56.169422149658203125 92.726165771484375 202.0112457275390625 170.8814544677734375 187.0574798583984375 222.75390625 268.05413818359375 289.948272705078125 271.180572509765625 227.4435272216796875 223.0626983642578125 232.8788604736328125 228.0443115234375 225.6313629150390625 225.2366790771484375
53.350620269775390625 326.30792236328125 97.8154754638671875 108.43430328369140625 279.524169921875 295.749847412109375 240.123260498046875 201.902923583984375 189.5440673828125 231.1881103515625 242.3532257080078125 247.4420623779296875 214.4605865478515625 197.2410888671875 190.7991485595703125 158.881011962890625 154.3694610595703125 182.4186859130859375 232.43084716796875 164.054443359375 103.42128753662109375 308.394866943359375 305.536956787109375 327.592498779296875 348.52813720703125 343.976287841796875 40.407688140869140625 74.11360931396484375 91.31145477294921875 162.4742431640625 147.907135009765625 232.907073974609375 286.476165771484375 279.433624267578125 264.628570556640625 201.7136077880859375 222.05303955078125 234.008148193359375 235.945220947265625 224.4057464599609375 222.625946044921875 225.8121337890625
94.55355072021484375 15.944327354431152344 13.1091156005859375 354.93572998046875 318.999359130859375 331.1884765625 4.0861339569091796875 3.365322113037109375 306.11798095703125 287.327117919921875 305.439178466796875 329.66363525390625 55.66976165771484375 144.6597442626953125 185.9921417236328125 167.24969482421875 159.304840087890625 283.393157958984375 237.3802947998046875 181.4201507568359375 128.367279052734375 290.105682373046875 286.24700927734375 298.598724365234375 104.88626861572265625 173.701507568359375 143.459442138671875 122.07367706298828125 130.425445556640625 165.0671539306640625 62.352787017822265625 296.83349609375 282.11822509765625 261.356658935546875 242.3062896728515625 202.6190338134765625 247.2242889404296875 253.739105224609375 242.04327392578125 220.913909912109375 229.0644989013671875 236.1286773681640625
157.2850189208984375 236.888458251953125 297.473236083984375 268.6668701171875 223.8543548583984375 215.361846923828125 280.784515380859375 347.170257568359375 336.6370849609375 326.711822509765625 324.229339599609375 340.376922607421875 45.481464385986328125 43.93902587890625 50.877277374267578125 222.5103759765625 299.5106201171875 344.494354248046875 8.0049219131469726562 344.30889892578125 353.366485595703125 266.022613525390625 247.88006591796875 196.4819793701171875 155.891326904296875 173.06829833984375 153.214630126953125 148.561981201171875 184.23565673828125 278.42626953125 356.758331298828125 283.78021240234375 241.6379241943359375 251.8818359375 271.468017578125 317.682952880859375 296.5643310546875 272.84600830078125 264.244781494140625 224.1445159912109375 247.016357421875 245.35760498046875
201.8003692626953125 226.635772705078125 204.27398681640625 207.406951904296875 192.09521484375 258.05517578125 302.5069580078125 338.961700439453125 350.771728515625 331.593902587890625 331.57354736328125 75.69908905029296875 44.998744964599609375 50.905765533447265625 50.818695068359375 343.90142822265625 311.7099609375 347.380218505859375 37.450725555419921875 334.55718994140625 349.901458740234375 342.197479248046875 231.45831298828125 180.1277313232421875 163.5919647216796875 196.5395355224609375 117.6127166748046875 79.69518280029296875 289.8544921875 261.8692626953125 181.3975830078125 214.87506103515625 255.4649810791015625 265.2357177734375 266.23779296875 273.730377197265625 292.67041015625 282.380218505859375 287.070587158203125 336.500701904296875 276.545623779296875 269.999267578125
10.84053802490234375 2.6026237010955810547 314.999267578125 224.9994659423828125 255.06866455078125 292.94818115234375 301.589752197265625 331.2403564453125 353.694610595703125 355.127716064453125 15.214434623718261719 30.041255950927734375 353.24560546875 356.307708740234375 10.417868614196777344 357.304901123046875 348.93218994140625 34.13152313232421875 83.6594085693359375 232.5947418212890625 268.33111572265625 5.7930827140808105469 30.964033126831054688 350.361541748046875 347.798980712890625 243.4343719482421875 136.818023681640625 167.470550537109375 202.1087493896484375 182.0594940185546875 202.5202484130859375 271.080322265625 311.9051513671875 274.25830078125 258.36578369140625 241.4217681884765625 229.8299713134765625 238.4581756591796875 216.8694915771484375 212.405975341796875 260.044769287109375 278.7294921875
