wildfire/work/fuelmodels/1860/aspect.asc
ncols        375
nrows        406
xllcorner    181495.000000000000
yllcorner    463905.000000000000
cellsize     5.000000000000
NODATA_value   -999
[rows 342 to 360 of 406, columns 126 to 167 of 375]
142.987884521484375 136.4983673095703125 115.9860687255859375 89.99979400634765625 109.59194183349609375 148.5704345703125 190.56097412109375 206.408477783203125 205.474456787109375 174.6103515625 161.016326904296875 151.2935943603515625 98.59569549560546875 97.43109893798828125 237.9944305419921875 79.99161529541015625 264.5589599609375 267.272857666015625 234.4617919921875 116.5647735595703125 273.899688720703125 281.919921875 282.99383544921875 256.607025146484375 191.3094940185546875 52.125820159912109375 327.199432373046875 302.241851806640625 310.27490234375 320.544586181640625 306.73211669921875 287.535125732421875 277.278106689453125 272.70416259765625 280.798797607421875 285.3548583984375 318.22357177734375 54.2298431396484375 63.71844482421875 80.613067626953125 97.8353271484375 94.00396728515625
137.1607513427734375 140.9803466796875 55.00797271728515625 66.09229278564453125 71.56488037109375 337.79571533203125 2.4291224479675292969 18.15265655517578125 236.8873443603515625 194.885986328125 160.277435302734375 163.609344482421875 90.48949432373046875 64.212493896484375 333.852569580078125 41.72965240478515625 297.3487548828125 276.519134521484375 99.46164703369140625 339.622894287109375 309.133392333984375 313.704681396484375 337.18316650390625 0 358.726226806640625 0.00012142484047217294574 330.944580078125 309.368621826171875 313.567230224609375 319.76287841796875 304.654388427734375 295.307281494140625 296.42535400390625 310.110931396484375 330.12322998046875 336.022369384765625 351.28173828125 39.093791961669921875 68.61780548095703125 82.6766357421875 84.6676177978515625 53.615447998046875
54.015918731689453125 19.230554580688476562 59.035892486572265625 89.45922088623046875 18.121812820434570312 330.655029296875 0.26894688606262207031 38.20207977294921875 42.589046478271484375 339.30328369140625 355.36328125 14.0367889404296875 45.92395782470703125 30.291545867919921875 350.2860107421875 16.966190338134765625 358.9573974609375 329.74273681640625 97.12496185302734375 290.44873046875 299.961456298828125 317.588775634765625 350.705902099609375 10.852454185485839844 10.856348991394042969 1.0052013397216796875 324.1959228515625 310.3250732421875 325.5672607421875 334.87603759765625 318.47698974609375 306.940155029296875 299.949462890625 307.20294189453125 329.152679443359375 342.008941650390625 2.5114119052886962891 42.87882232666015625 68.5745697021484375 77.85556793212890625 64.32796478271484375 10.518136978149414062
34.579219818115234375 35.572643280029296875 51.432521820068359375 52.620967864990234375 331.07281494140625 337.546417236328125 22.530910491943359375 37.694122314453125 24.934240341186523438 12.380628585815429688 2.0024974346160888672 351.77252197265625 2.9866495132446289062 18.434906005859375 359.0599365234375 9.4623098373413085938 30.815546035766601562 55.175624847412109375 13.240919113159179688 294.443206787109375 290.04449462890625 299.587005615234375 343.81005859375 17.083047866821289062 12.470380783081054688 1.576584935188293457 335.357574462890625 320.16619873046875 328.7930908203125 335.479583740234375 324.089508056640625 311.684661865234375 299.17767333984375 295.206024169921875 304.0916748046875 297.853759765625 29.7454833984375 76.14252471923828125 75.885986328125 66.96945953369140625 35.5375518798828125 354.46295166015625
31.299579620361328125 21.236150741577148438 15.694895744323730469 5.9239482879638671875 347.823028564453125 355.1390380859375 17.911006927490234375 18.375703811645507812 21.111066818237304688 18.755552291870117188 0.17738930881023406982 345.676483154296875 0.88142174482345581055 32.9051666259765625 26.088817596435546875 37.010589599609375 69.59969329833984375 45.954936981201171875 329.17156982421875 308.3218994140625 301.832061767578125 296.657806396484375 322.057159423828125 11.177861213684082031 4.6354050636291503906 358.85797119140625 341.28411865234375 325.2779541015625 328.016357421875 333.528594970703125 325.516693115234375 316.767059326171875 306.275909423828125 299.4752197265625 315.31060791015625 350.61004638671875 56.003345489501953125 82.3036651611328125 64.67765045166015625 35.6924591064453125 11.309878349304199219 349.47406005859375
27.673200607299804688 7.6704611778259277344 354.7811279296875 354.8902587890625 354.661163330078125 4.5298237800598144531 19.415403366088867188 21.525770187377929688 23.866510391235351562 19.762908935546875 359.39605712890625 343.715545654296875 18.526288986206054688 64.81362152099609375 80.3264923095703125 81.5289154052734375 54.833515167236328125 12.061369895935058594 317.488800048828125 310.214752197265625 310.793914794921875 304.1005859375 312.165191650390625 355.00543212890625 350.0411376953125 350.42498779296875 337.67974853515625 321.154388427734375 327.708587646484375 334.505615234375 328.89495849609375 326.43768310546875 331.370025634765625 332.76129150390625 335.779205322265625 6.2939062118530273438 24.409114837646484375 49.436359405517578125 44.3337249755859375 16.064126968383789062 359.220458984375 340.24139404296875
27.658050537109375 1.909251093864440918 320.8148193359375 325.6290283203125 347.8876953125 24.606920242309570312 41.775356292724609375 42.96898651123046875 43.4816131591796875 37.995807647705078125 8.3759450912475585938 335.293243408203125 61.946971893310546875 86.85010528564453125 93.88771820068359375 16.699155807495117188 25.114742279052734375 348.309844970703125 308.4423828125 302.292205810546875 308.46978759765625 310.999053955078125 319.52398681640625 343.442108154296875 344.5595703125 350.808197021484375 348.125335693359375 331.503570556640625 330.79156494140625 328.26837158203125 320.369293212890625 322.430633544921875 339.21282958984375 355.2724609375 355.5665283203125 8.2059230804443359375 14.420712471008300781 4.9887242317199707031 18.74018096923828125 29.074329376220703125 349.454345703125 310.425384521484375
31.51523590087890625 15.604034423828125 297.045806884765625 271.722076416015625 248.70220947265625 98.80641937255859375 85.8595428466796875 85.3223724365234375 83.65961456298828125 54.735157012939453125 14.420674324035644531 355.478363037109375 79.45175933837890625 88.45684814453125 86.95500946044921875 314.999267578125 358.263092041015625 322.124420166015625 302.052886962890625 301.9659423828125 316.095703125 327.499420166015625 328.227783203125 335.982177734375 345.61334228515625 353.461639404296875 354.086700439453125 344.28753662109375 339.16009521484375 326.836029052734375 304.80914306640625 305.53704833984375 329.65216064453125 352.913055419921875 358.41900634765625 9.013217926025390625 0 343.778228759765625 17.531869888305664062 37.60538482666015625 21.261194229125976562 15.561610221862792969
14.910282135009765625 7.2243509292602539062 342.517791748046875 334.42755126953125 355.470367431640625 80.24732208251953125 72.8634490966796875 34.174373626708984375 29.33037567138671875 24.711503982543945312 22.909761428833007812 58.60604095458984375 92.964630126953125 91.5745086669921875 89.3902130126953125 285.944915771484375 336.036529541015625 313.0577392578125 304.29241943359375 312.120849609375 328.6383056640625 341.7371826171875 336.274139404296875 332.00372314453125 345.927032470703125 354.709075927734375 354.9912109375 356.14404296875 354.3447265625 339.692474365234375 300.830902099609375 291.88165283203125 313.642822265625 340.86553955078125 0.58164781332015991211 15.880128860473632812 346.199737548828125 331.10723876953125 30.532377243041992188 46.20257568359375 47.167240142822265625 60.8899688720703125
356.6617431640625 357.492218017578125 5.1944422721862792969 22.420244216918945312 118.4955291748046875 106.0137939453125 122.7351531982421875 318.012115478515625 30.963685989379882812 45.436130523681640625 73.36248779296875 111.684844970703125 116.28347015380859375 106.27362060546875 101.30966949462890625 280.153594970703125 313.227752685546875 314.702392578125 307.727386474609375 313.226837158203125 329.59423828125 350.291839599609375 340.3319091796875 338.3724365234375 355.773223876953125 358.764312744140625 356.32257080078125 4.7583708763122558594 8.6936883926391601562 355.23553466796875 324.513397216796875 286.988128662109375 285.587432861328125 309.030303955078125 354.107666015625 6.45073699951171875 344.755767822265625 355.735687255859375 104.70807647705078125 110.7270660400390625 98.55426025390625 92.23096466064453125
199.5359039306640625 187.2237701416015625 140.1630401611328125 150.5305023193359375 170.0020751953125 153.6125640869140625 163.659942626953125 188.1781768798828125 179.50567626953125 144.175872802734375 132.7934112548828125 137.9353485107421875 130.92523193359375 118.64865875244140625 94.2364501953125 293.376007080078125 298.676177978515625 305.103363037109375 308.9508056640625 310.878875732421875 320.25457763671875 346.254608154296875 341.04412841796875 336.627960205078125 357.19384765625 1.0256571769714355469 3.5863447189331054688 14.295479774475097656 15.083937644958496094 5.702587127685546875 352.39764404296875 301.278350830078125 282.1153564453125 276.20538330078125 301.366790771484375 344.24273681640625 0.11628743261098861694 89.66078948974609375 119.4124908447265625 143.96099853515625 134.8142547607421875 130.0944671630859375
177.1761322021484375 177.543975830078125 162.1437835693359375 156.747528076171875 172.8246917724609375 170.01165771484375 160.9228973388671875 174.772552490234375 183.9334716796875 149.1263580322265625 142.08245849609375 158.9754791259765625 147.7940521240234375 126.05431365966796875 307.14617919921875 303.84466552734375 302.141204833984375 292.417510986328125 296.005157470703125 299.064300537109375 300.3819580078125 317.74810791015625 337.36749267578125 334.121307373046875 319.62567138671875 14.596554756164550781 74.8922271728515625 80.7641448974609375 27.100315093994140625 19.020505905151367188 8.1300477981567382812 291.8006591796875 246.16510009765625 239.101409912109375 248.2659454345703125 229.4359283447265625 145.1070709228515625 108.20563507080078125 96.4871368408203125 89.92052459716796875 117.80405426025390625 166.9852142333984375
182.506378173828125 180.47625732421875 177.484039306640625 167.6654815673828125 166.5175323486328125 172.528045654296875 169.060516357421875 184.0531005859375 193.0718841552734375 121.7970123291015625 121.568695068359375 177.78485107421875 173.6593017578125 8.841541290283203125 302.3468017578125 297.30572509765625 302.606597900390625 286.661285400390625 282.22625732421875 285.45355224609375 292.81005859375 302.183319091796875 336.755828857421875 15.575535774230957031 30.234468460083007812 138.7276153564453125 150.0154571533203125 170.933074951171875 182.401275634765625 172.7307281494140625 185.971221923828125 165.8308258056640625 192.8585052490234375 211.63555908203125 224.1669921875 227.7570343017578125 130.1078643798828125 95.8737335205078125 77.7769775390625 76.10863494873046875 84.96966552734375 96.843505859375
192.4746551513671875 187.7159423828125 190.4910430908203125 184.1212158203125 164.3131561279296875 168.689666748046875 176.8036346435546875 199.70751953125 184.2218170166015625 141.1729583740234375 132.3082733154296875 284.6007080078125 322.873260498046875 359.99896240234375 304.185302734375 283.555023193359375 289.907806396484375 286.820709228515625 284.258514404296875 288.49591064453125 297.611663818359375 305.970245361328125 331.74212646484375 27.754425048828125 56.7052001953125 87.347625732421875 97.55797576904296875 111.61469268798828125 148.5779876708984375 175.778778076171875 196.095947265625 159.6165924072265625 178.7017822265625 236.090423583984375 244.3779754638671875 232.086334228515625 158.1573486328125 106.57071685791015625 81.97495269775390625 77.44504547119140625 53.57814788818359375 20.253246307373046875
207.3791351318359375 198.842803955078125 202.3364105224609375 205.200653076171875 174.76568603515625 132.917083740234375 311.4228515625 209.6378936767578125 165.74114990234375 140.626434326171875 198.434478759765625 271.846954345703125 279.727020263671875 352.04156494140625 331.29296875 273.45263671875 269.094085693359375 272.196319580078125 280.262298583984375 290.19189453125 292.282958984375 268.463653564453125 253.5756683349609375 116.03348541259765625 117.69591522216796875 94.11655426025390625 30.513057708740234375 38.65972900390625 76.68796539306640625 40.461864471435546875 186.3396453857421875 161.6845703125 237.9200439453125 281.077117919921875 265.683349609375 215.015472412109375 164.54974365234375 163.4385833740234375 133.6174774169921875 95.3603973388671875 87.51025390625 73.3005218505859375
260.60400390625 272.05523681640625 285.9447021484375 288.754974365234375 317.2899169921875 355.719757080078125 350.349517822265625 4.92238616943359375 24.747602462768554688 25.69693756103515625 357.70849609375 279.038909912109375 269.727813720703125 310.9136962890625 14.322446823120117188 279.573516845703125 270.370574951171875 274.49945068359375 270.862579345703125 263.964080810546875 244.9361572265625 232.094146728515625 219.5770111083984375 125.044403076171875 130.4258270263671875 80.19733428955078125 33.690113067626953125 49.45893096923828125 53.9957733154296875 18.869007110595703125 70.107696533203125 112.64666748046875 260.24481201171875 259.43048095703125 226.5741729736328125 174.133636474609375 156.5729827880859375 176.3621978759765625 162.656219482421875 147.02716064453125 160.0986175537109375 166.75909423828125
333.37652587890625 331.603790283203125 332.669281005859375 333.96038818359375 342.6138916015625 352.9215087890625 355.12225341796875 6.7029404640197753906 36.31821441650390625 44.578601837158203125 53.48876953125 171.252838134765625 263.74810791015625 283.144287109375 23.838575363159179688 306.78656005859375 276.42120361328125 272.374908447265625 258.971343994140625 241.84661865234375 222.132598876953125 208.852264404296875 200.5861968994140625 143.34356689453125 161.06982421875 252.473907470703125 40.601383209228515625 45.292278289794921875 60.342433929443359375 58.288539886474609375 71.38970184326171875 30.379070281982421875 295.492095947265625 235.1147308349609375 182.8501434326171875 154.093170166015625 157.494598388671875 178.35577392578125 154.517364501953125 146.2935333251953125 166.4227752685546875 160.6695098876953125
330.49273681640625 325.439544677734375 326.802764892578125 346.0123291015625 0.38450101017951965332 355.6004638671875 10.091907501220703125 18.106088638305664062 44.999866485595703125 45.862701416015625 50.176349639892578125 57.38072967529296875 264.250732421875 271.974365234375 348.877838134765625 346.55059814453125 256.472320556640625 253.1635894775390625 259.814239501953125 259.890045166015625 223.5160369873046875 203.333526611328125 193.0178985595703125 167.703155517578125 186.261688232421875 212.5762939453125 224.2831573486328125 81.55229949951171875 76.27960968017578125 64.80838775634765625 55.30477142333984375 29.370302200317382812 335.853851318359375 151.3606719970703125 162.0137481689453125 156.3094329833984375 162.247711181640625 179.1626434326171875 151.6497344970703125 130.840087890625 73.3550262451171875 87.94623565673828125
329.4410400390625 311.029022216796875 316.402679443359375 11.907086372375488281 64.6365509033203125 156.8021697998046875 75.4930267333984375 33.86354827880859375 50.092010498046875 37.770961761474609375 51.5438995361328125 61.227230072021484375 277.974334716796875 266.652557373046875 287.4173583984375 88.97673797607421875 226.1376800537109375 243.26434326171875 240.63031005859375 214.8465728759765625 193.4783782958984375 213.5175323486328125 213.6895904541015625 186.2413787841796875 185.110107421875 217.133453369140625 209.0540771484375 164.5919342041015625 151.4857940673828125 144.622100830078125 146.4072418212890625 161.65850830078125 169.8892822265625 147.304840087890625 153.8616790771484375 170.355194091796875 41.460254669189453125 60.70853424072265625 95.96453857421875 314.999267578125 62.8960723876953125 66.41275787353515625
