wildfire/work/fuelmodels/1860/slope.asc
ncols        375
nrows        406
xllcorner    181495.000000000000
yllcorner    463905.000000000000
cellsize     5.000000000000
NODATA_value   -999
[rows 180 to 197 of 406, columns 120 to 159 of 375]
3.3995356559753417969 2.6328067779541015625 1.8643800020217895508 2.7970705032348632812 1.45977783203125 4.0876111984252929688 5.0956583023071289062 5.0484476089477539062 5.0556244850158691406 5.77520751953125 6.0672936439514160156 5.1739912033081054688 7.3725113868713378906 7.0930643081665039062 3.6274418830871582031 2.6699993610382080078 2.5181376934051513672 1.9367856979370117188 2.8947777748107910156 3.6527001857757568359 2.9995770454406738281 1.4649677276611328125 6.3224406242370605469 6.9716119766235351562 5.3141021728515625 3.1451799869537353516 0.58499658107757568359 3.0130352973937988281 5.0937662124633789062 2.6231834888458251953 4.6225128173828125 8.0414447784423828125 5.2438411712646484375 2.2643208503723144531 1.1841206550598144531 0.47729137539863586426 1.9375770092010498047 3.5734295845031738281 3.3750646114349365234 1.3080127239227294922
1.7385592460632324219 1.696129918098449707 3.2773764133453369141 4.1923508644104003906 4.6987056732177734375 4.6654233932495117188 2.9460163116455078125 2.9914841651916503906 4.0167150497436523438 7.1254777908325195312 5.7044196128845214844 4.5939383506774902344 6.0211734771728515625 4.44626617431640625 1.3999602794647216797 1.1330115795135498047 1.4790689945220947266 1.3378511667251586914 3.5191514492034912109 2.769084930419921875 1.3060727119445800781 4.763210296630859375 3.2746052742004394531 2.1201028823852539062 2.6515576839447021484 1.9678894281387329102 1.4711703062057495117 4.419849395751953125 3.2224829196929931641 2.4520006179809570312 8.069301605224609375 6.9534282684326171875 3.0594794750213623047 1.9850373268127441406 1.3725793361663818359 1.7379637956619262695 2.3197164535522460938 2.9702916145324707031 1.5038267374038696289 0.99098068475723266602
0.48151543736457824707 0.51307463645935058594 2.3483254909515380859 3.9941568374633789062 4.1490297317504882812 2.4443576335906982422 1.0957708358764648438 2.4331555366516113281 3.9973120689392089844 6.2339940071105957031 6.9018788337707519531 6.0684461593627929688 3.7654576301574707031 4.3476786613464355469 1.7405923604965209961 3.0219151973724365234 2.4692580699920654297 3.4292759895324707031 3.6239597797393798828 1.3294945955276489258 4.1731586456298828125 1.6424688100814819336 3.6969618797302246094 4.2664632797241210938 3.5324723720550537109 2.3171002864837646484 2.7408258914947509766 4.781703948974609375 1.7648460865020751953 5.6845288276672363281 6.7893843650817871094 4.4101328849792480469 2.2763550281524658203 1.4909871816635131836 0.1935564577579498291 2.1018853187561035156 3.6809453964233398438 2.249542236328125 0.82789778709411621094 2.6593623161315917969
3.7235083580017089844 1.7799659967422485352 0.91115117073059082031 0.84244489669799804688 1.0349565744400024414 1.6544454097747802734 1.7913144826889038086 2.6557598114013671875 3.8142364025115966797 4.48333740234375 4.0518894195556640625 2.9374234676361083984 4.4057850837707519531 4.2603144645690917969 0.58499163389205932617 2.9069788455963134766 1.319947361946105957 3.874011993408203125 5.18828582763671875 5.6136503219604492188 3.5670542716979980469 2.3048355579376220703 1.864383697509765625 6.1165127754211425781 3.6430068016052246094 1.0672186613082885742 3.3028702735900878906 2.6515598297119140625 4.805583953857421875 6.5583591461181640625 3.7331223487854003906 2.667720794677734375 3.0017676353454589844 2.2854413986206054688 2.7085382938385009766 3.8541412353515625 5.4085545539855957031 3.6827263832092285156 3.5700273513793945312 4.1648101806640625
5.2891077995300292969 2.1637911796569824219 1.006186366081237793 0.66440850496292114258 0.85379266738891601562 0.42808923125267028809 0.81122851371765136719 1.8945444822311401367 2.5658857822418212891 2.3063690662384033203 3.0779361724853515625 5.22652435302734375 5.2443232536315917969 2.8769061565399169922 0.87545162439346313477 2.4987826347351074219 1.3666660785675048828 2.8587517738342285156 5.6007227897644042969 5.9111680984497070312 4.6049132347106933594 5.3444561958312988281 5.4825654029846191406 4.0495114326477050781 2.8705728054046630859 4.4393320083618164062 2.2153191566467285156 3.3650178909301757812 6.9077706336975097656 5.9498577117919921875 3.463287353515625 1.2244766950607299805 2.9036693572998046875 7.9485306739807128906 10.237794876098632812 10.324649810791015625 8.442447662353515625 5.7076025009155273438 4.5502414703369140625 2.9446389675140380859
5.4293742179870605469 1.3153368234634399414 1.1136314868927001953 2.1569960117340087891 3.3205711841583251953 5.8538346290588378906 8.7555217742919921875 10.619384765625 10.594038963317871094 8.546985626220703125 6.3685698509216308594 5.7389254570007324219 3.9631884098052978516 2.505046844482421875 1.3378540277481079102 1.9500671625137329102 1.2538759708404541016 1.4207730293273925781 1.3382210731506347656 0.99404311180114746094 1.9221088886260986328 2.8877859115600585938 2.6148819923400878906 0.70435160398483276367 1.2869353294372558594 0.74554014205932617188 4.8523707389831542969 5.9458022117614746094 3.9403047561645507812 1.2027815580368041992 2.9690873622894287109 5.1864457130432128906 7.5297894477844238281 8.2287006378173828125 7.7853960990905761719 7.7748975753784179688 6.3569512367248535156 4.8111500740051269531 3.2696633338928222656 1.8159979581832885742
1.6693651676177978516 2.8331785202026367188 2.8763835430145263672 7.3390903472900390625 14.667798042297363281 19.13165283203125 18.375370025634765625 14.950548171997070312 12.639738082885742188 13.034106254577636719 12.788274765014648438 9.415561676025390625 5.0062251091003417969 1.7913029193878173828 0.65597224235534667969 1.7286275625228881836 1.6238758563995361328 1.7845108509063720703 2.8890047073364257812 2.8438537120819091797 1.7417552471160888672 1.3080049753189086914 1.8902579545974731445 2.1057343482971191406 3.4226350784301757812 6.6394810676574707031 4.7632164955139160156 1.7324280738830566406 4.4531736373901367188 4.9900770187377929688 7.2248201370239257812 7.5537853240966796875 4.9890642166137695312 2.7863829135894775391 2.5617427825927734375 2.2593994140625 2.2098257541656494141 1.3517704010009765625 1.2290118932723999023 2.6081080436706542969
6.6937570571899414062 7.5870981216430664062 11.285204887390136719 19.677562713623046875 21.35797119140625 13.64508819580078125 5.9511356353759765625 1.7053455114364624023 5.8487524986267089844 11.549529075622558594 14.159759521484375 12.151789665222167969 7.8915948867797851562 3.7184901237487792969 1.3287354707717895508 1.2107504606246948242 1.849671483039855957 1.6198277473449707031 2.5229542255401611328 2.7637953758239746094 3.1503224372863769531 3.0831754207611083984 2.4755966663360595703 3.1882653236389160156 4.1112494468688964844 2.5862967967987060547 3.8483722209930419922 5.9539275169372558594 5.9223103523254394531 5.7696332931518554688 5.34020233154296875 2.5656831264495849609 0.61205714941024780273 2.3171002864837646484 4.0043764114379882812 1.8444638252258300781 3.0798938274383544922 1.90704345703125 0.41487348079681396484 2.3205914497375488281
7.6758055686950683594 12.066579818725585938 18.502729415893554688 18.63843536376953125 3.9134354591369628906 8.8594923019409179688 3.5937302112579345703 8.8013057708740234375 19.77288055419921875 20.053743362426757812 16.190319061279296875 13.464655876159667969 9.4802312850952148438 6.7643346786499023438 4.55345916748046875 1.3498909473419189453 0.44204479455947875977 0.72139286994934082031 0.66820073127746582031 4.6848392486572265625 6.2596783638000488281 4.2776861190795898438 2.1388700008392333984 1.7842307090759277344 1.5850877761840820312 3.0232532024383544922 6.507968902587890625 3.5622458457946777344 3.6050999164581298828 4.6373381614685058594 2.6926362514495849609 0.29337108135223388672 1.9425371885299682617 4.6387457847595214844 4.1118664741516113281 1.6223213672637939453 3.1379323005676269531 3.5666306018829345703 2.0065865516662597656 2.2696866989135742188
10.365367889404296875 12.152074813842773438 9.1707210540771484375 3.2350106239318847656 7.9030170440673828125 3.6849229335784912109 18.457042694091796875 27.433721542358398438 25.789472579956054688 17.323186874389648438 15.415760040283203125 16.713603973388671875 10.704381942749023438 7.8865132331848144531 9.8763704299926757812 5.1694927215576171875 3.7371804714202880859 5.7822751998901367188 7.3941245079040527344 7.8628382682800292969 5.2413473129272460938 1.5088738203048706055 1.3528873920440673828 0.18554061651229858398 0.52478438615798950195 4.1191053390502929688 4.2049765586853027344 1.0695900917053222656 1.6865544319152832031 1.0533745288848876953 1.7842385768890380859 2.4476573467254638672 5.6221680641174316406 8.0606679916381835938 5.2134833335876464844 3.8635702133178710938 2.6950597763061523438 3.1301932334899902344 2.4692559242248535156 3.9333894252777099609
8.5621767044067382812 5.6020665168762207031 0.81309986114501953125 0.91002321243286132812 15.194738388061523438 29.890558242797851562 30.865678787231445312 22.071191787719726562 10.210094451904296875 4.9003558158874511719 9.896305084228515625 18.515140533447265625 18.417026519775390625 8.4943790435791015625 11.285696029663085938 9.986083984375 5.7549538612365722656 6.4946689605712890625 6.3413424491882324219 5.0296359062194824219 2.0121281147003173828 1.5799757242202758789 2.201568603515625 1.7133485078811645508 1.4708294868469238281 3.3600568771362304688 3.1366486549377441406 2.4246149063110351562 3.614337921142578125 3.8478593826293945312 0.47728529572486877441 3.2467010021209716797 4.6119189262390136719 5.874439239501953125 0.83702445030212402344 4.1187410354614257812 1.3740466833114624023 1.5978084802627563477 5.2994832992553710938 8.8554210662841796875
6.3411002159118652344 3.6706292629241943359 4.5677328109741210938 15.061231613159179688 32.037784576416015625 31.2168121337890625 20.49570465087890625 8.7533063888549804688 4.9168043136596679688 2.1466569900512695312 2.4943203926086425781 11.297765731811523438 23.670375823974609375 21.40540313720703125 12.940854072570800781 9.00597381591796875 0.92494225502014160156 2.2024886608123779297 3.3983438014984130859 0.89603137969970703125 1.1733976602554321289 1.6720945835113525391 3.1503174304962158203 1.6204525232315063477 0.69493961334228515625 2.6739656925201416016 1.7679888010025024414 1.7830982208251953125 0.89658492803573608398 3.6947798728942871094 2.2461600303649902344 2.2736828327178955078 3.8842918872833251953 6.4245328903198242188 5.2021613121032714844 6.0071086883544921875 2.3440065383911132812 4.8028645515441894531 6.8492827415466308594 6.2122430801391601562
7.6866402626037597656 7.0299229621887207031 10.66136932373046875 23.849702835083007812 31.097196578979492188 12.77222442626953125 8.9757452011108398438 8.8425512313842773438 7.4755825996398925781 2.4760076999664306641 5.4928460121154785156 4.3246150016784667969 22.936229705810546875 29.787462234497070312 13.069593429565429688 4.0046396255493164062 3.9719634056091308594 4.9369554519653320312 6.4878554344177246094 2.5467031002044677734 1.2522635459899902344 2.1353306770324707031 2.6086862087249755859 1.953440546989440918 1.9979997873306274414 3.6139099597930908203 1.8684506416320800781 1.7501573562622070312 3.7875277996063232422 5.67389678955078125 3.3569083213806152344 0.60036301612854003906 1.6979216337203979492 3.2784581184387207031 1.6129378080368041992 2.4227323532104492188 3.8490285873413085938 6.5559911727905273438 3.3493621349334716797 1.3367087841033935547
8.6299037933349609375 11.604067802429199219 15.8245849609375 23.620603561401367188 18.741611480712890625 6.1526174545288085938 7.3935117721557617188 6.9714727401733398438 8.0224895477294921875 8.3383073806762695312 7.2087507247924804688 4.7622594833374023438 25.24700927734375 29.039590835571289062 13.785101890563964844 1.548272252082824707 4.6944179534912109375 2.6576585769653320312 7.903011322021484375 3.9875812530517578125 2.4009242057800292969 5.6270155906677246094 6.5838408470153808594 6.3007650375366210938 5.0969367027282714844 3.1081628799438476562 2.1912169456481933594 3.2574295997619628906 6.0257611274719238281 5.5910058021545410156 3.4090323448181152344 3.1180727481842041016 2.8360297679901123047 3.24810791015625 5.3922219276428222656 7.1516404151916503906 5.6454958915710449219 3.2889297008514404297 3.4984166622161865234 3.2337567806243896484
8.0782375335693359375 14.715071678161621094 20.039262771606445312 21.335063934326171875 21.660085678100585938 19.4619293212890625 11.501975059509277344 3.2907710075378417969 2.6569032669067382812 3.0142087936401367188 1.7507376670837402344 16.0018463134765625 28.383085250854492188 24.821735382080078125 13.188023567199707031 3.1750931739807128906 6.1787981986999511719 3.6218729019165039062 7.5783829689025878906 2.8037495613098144531 6.8109607696533203125 11.111993789672851562 10.386510848999023438 8.5171937942504882812 5.3159952163696289062 2.9921541213989257812 2.8224396705627441406 4.4084181785583496094 4.9955348968505859375 2.3440127372741699219 2.0571291446685791016 3.3996815681457519531 2.9085488319396972656 2.5457046031951904297 4.92006683349609375 1.8795163631439208984 3.2946026325225830078 1.3498953580856323242 3.0397574901580810547 3.6895759105682373047
6.3029184341430664062 14.532423973083496094 23.26923370361328125 24.708635330200195312 28.32918548583984375 29.478437423706054688 26.55521392822265625 21.17121124267578125 16.216335296630859375 15.793593406677246094 19.212646484375 26.3584442138671875 27.029148101806640625 20.051654815673828125 10.399382591247558594 2.2643320560455322266 4.3135356903076171875 3.3894174098968505859 2.8916342258453369141 5.1317296028137207031 8.6179018020629882812 9.613231658935546875 3.7891280651092529297 2.7863924503326416016 2.4546749591827392578 3.9638185501098632812 4.2385745048522949219 2.9258713722229003906 2.3205881118774414062 1.2671296596527099609 1.9719942808151245117 2.3225414752960205078 1.7602390050888061523 0.62998694181442260742 3.6260504722595214844 5.2381639480590820312 4.9780416488647460938 2.412067413330078125 2.5516557693481445312 3.5875427722930908203
2.1842734813690185547 6.3351593017578125 14.723659515380859375 14.790103912353515625 17.765188217163085938 21.5553131103515625 24.520593643188476562 28.162496566772460938 29.141162872314453125 27.1737823486328125 24.611907958984375 22.901630401611328125 18.925081253051757812 15.353432655334472656 6.5797891616821289062 3.7795195579528808594 2.2736885547637939453 0.75632846355438232422 1.9409760236740112305 4.4101481437683105469 5.5717787742614746094 5.6679387092590332031 1.4967502355575561523 2.1150937080383300781 2.4210686683654785156 4.181873321533203125 3.6882131099700927734 1.279052734375 2.68491363525390625 3.0697050094604492188 3.0894024372100830078 0.87371265888214111328 1.6088526248931884766 0.7954743504524230957 1.3506536483764648438 2.271465301513671875 2.157009124755859375 2.2063932418823242188 2.8672280311584472656 3.2722897529602050781
2.3190569877624511719 4.4039549827575683594 7.7228884696960449219 1.7133406400680541992 0.42452391982078552246 6.1270380020141601562 5.1222925186157226562 9.782276153564453125 15.064810752868652344 16.031057357788085938 12.918574333190917969 11.959057807922363281 12.733929634094238281 12.024492263793945312 4.249393463134765625 4.5420260429382324219 3.1495101451873779297 1.5075193643569946289 3.2251577377319335938 3.5346200466156005859 5.3497223854064941406 5.5982007980346679688 2.6679043769836425781 2.5575888156890869141 3.5037505626678466797 0.88466167449951171875 4.0253815650939941406 2.1976630687713623047 1.6799421310424804688 1.0883457660675048828 2.6328046321868896484 2.0876445770263671875 1.1067981719970703125 0.99607521295547485352 1.1582001447677612305 0.52478438615798950195 0.64428859949111938477 1.6745039224624633789 1.7521852254867553711 0.95668083429336547852
