wildfire/work/fuelmodels/1860/slope.asc
ncols        375
nrows        406
xllcorner    181495.000000000000
yllcorner    463905.000000000000
cellsize     5.000000000000
NODATA_value   -999
[rows 90 to 107 of 406, columns 0 to 39 of 375]
0 6.7309546470642089844 6.0924410820007324219 4.4905285835266113281 2.3996694087982177734 2.2118971347808837891 1.6862503290176391602 1.6163831949234008789 2.2607507705688476562 7.1697344779968261719 12.665265083312988281 14.343300819396972656 17.36983489990234375 22.571512222290039062 23.590742111206054688 16.764415740966796875 8.36875152587890625 5.7902836799621582031 4.0144677162170410156 1.4656534194946289062 2.2863445281982421875 2.0133776664733886719 2.3301477432250976562 2.3646397590637207031 3.57343292236328125 3.0879290103912353516 1.209071040153503418 0.42451661825180053711 0.90447139739990234375 2.5580008029937744141 3.1820731163024902344 2.3609859943389892578 4.967914581298828125 8.0559473037719726562 3.8002946376800537109 1.1392488479614257812 1.456988215446472168 2.1428906917572021484 2.3439991474151611328 2.3275439739227294922
0 5.3533997535705566406 4.8053793907165527344 4.1336617469787597656 3.4679491519927978516 3.2835440635681152344 3.1998240947723388672 7.3745594024658203125 8.79238128662109375 12.939937591552734375 18.752008438110351562 21.607860565185546875 22.26145172119140625 24.069299697875976562 24.437147140502929688 22.57808685302734375 15.14072418212890625 6.8759341239929199219 1.4349503517150878906 1.135695338249206543 2.2763683795928955078 3.171905517578125 2.6705605983734130859 2.0512187480926513672 3.3312125205993652344 2.7174866199493408203 1.3378540277481079102 1.1879750490188598633 1.9735586643218994141 2.1953573226928710938 1.9755710363388061523 1.4489891529083251953 4.0515151023864746094 6.6963968276977539062 4.3853387832641601562 1.1841200590133666992 0.30185577273368835449 1.9326111078262329102 2.1605098247528076172 2.9656713008880615234
0 4.0472722053527832031 3.5429019927978515625 4.2702536582946777344 4.4139146804809570312 5.5617451667785644531 6.5638833045959472656 9.3888101577758789062 14.897183418273925781 28.120882034301757812 27.034912109375 16.544126510620117188 10.2521514892578125 12.372438430786132812 9.6115570068359375 13.0252227783203125 17.342540740966796875 12.745212554931640625 4.31878662109375 0.68096762895584106445 3.1863787174224853516 3.7923243045806884766 2.7703688144683837891 1.6847540140151977539 1.9367854595184326172 2.4078707695007324219 1.7544870376586914062 2.1317718029022216797 3.0700466632843017578 1.7570837736129760742 0.56293445825576782227 1.7133500576019287109 4.254146575927734375 5.7633509635925292969 3.9355597496032714844 1.4461785554885864258 0.20374575257301330566 1.0892822742462158203 2.2854609489440917969 3.4864127635955810547
0 2.12225341796875 2.3342800140380859375 3.9803462028503417969 4.840511322021484375 6.8028430938720703125 8.4286298751831054688 15.649538040161132812 26.686616897583007812 34.02663421630859375 27.489879608154296875 22.154195785522460938 6.6530852317810058594 7.2368378639221191406 8.0710992813110351562 2.4445738792419433594 11.092608451843261719 20.2141265869140625 16.297262191772460938 6.7022423744201660156 5.1440958976745605469 3.29920196533203125 2.2341899871826171875 0.74008834362030029297 0.3427092134952545166 2.2945091724395751953 2.0363745689392089844 2.1960630416870117188 1.9842767715454101562 1.3736886978149414062 1.5987449884414672852 2.7763864994049072266 4.9788441658020019531 5.5280356407165527344 3.6499412059783935547 1.3536274433135986328 1.1330031156539916992 2.6156766414642333984 3.5943055152893066406 3.4875745773315429688
0 1.2873454093933105469 3.4666552543640136719 4.9174189567565917969 5.0893158912658691406 5.4375290870666503906 6.8949627876281738281 17.877552032470703125 21.519742965698242188 18.698537826538085938 6.0739159584045410156 10.609274864196777344 0 0 0 7.0155606269836425781 4.1673626899719238281 11.154679298400878906 18.362932205200195312 11.933397293090820312 7.5509328842163085938 3.0098445415496826172 2.0146384239196777344 0.52957963943481445312 1.3592569828033447266 2.1353287696838378906 3.3077800273895263672 1.3662939071655273438 4.1629910469055175781 4.6938843727111816406 3.508525848388671875 4.2015070915222167969 6.296848297119140625 6.04502105712890625 3.9850397109985351562 2.0326275825500488281 3.6305177211761474609 5.289794921875 4.8077931404113769531 4.1731619834899902344
0 5.3277463912963867188 6.4092497825622558594 6.3090543746948242188 5.4405016899108886719 5.2007098197937011719 6.8834595680236816406 13.604124069213867188 16.50238800048828125 14.307793617248535156 9.4011688232421875 6.0246691703796386719 2.4813120365142822266 0 6.2286553382873535156 11.929857254028320312 6.8321642875671386719 6.6128678321838378906 15.161881446838378906 14.826907157897949219 9.4127435684204101562 5.1402654647827148438 3.7381300926208496094 3.1762051582336425781 3.42545318603515625 3.5428979396820068359 5.2477879524230957031 4.536136627197265625 4.3225245475769042969 3.6456410884857177734 3.0111997127532958984 4.2241582870483398438 7.0862793922424316406 7.7097020149230957031 5.8149957656860351562 5.0905985832214355469 6.4422059059143066406 5.7308392524719238281 3.2704181671142578125 2.7126307487487792969
0 6.4822649955749511719 5.8621563911437988281 6.626438140869140625 7.840618133544921875 7.0196433067321777344 7.5966897010803222656 10.253426551818847656 15.919969558715820312 13.48915863037109375 4.1121068000793457031 0.69493961334228515625 0 0 1.972508549690246582 5.9107303619384765625 10.609251976013183594 7.885555267333984375 12.262195587158203125 17.020982742309570312 11.241147994995117188 8.4145479202270507812 4.2278490066528320312 3.5620963573455810547 4.1995778083801269531 5.7914142608642578125 6.7560143470764160156 4.0414052009582519531 2.2235288619995117188 1.093448638916015625 1.4711681604385375977 3.2673513889312744141 7.3485970497131347656 10.133828163146972656 8.2587537765502929688 6.5117483139038085938 6.0151453018188476562 3.4618172645568847656 1.6889461278915405273 0.51798421144485473633
0 5.8772511482238769531 6.5844478607177734375 7.3881592750549316406 7.4403171539306640625 6.4048504829406738281 6.4616713523864746094 8.6770639419555664062 13.163908958435058594 10.942347526550292969 4.620769500732421875 3.2331340312957763672 1.5272024869918823242 0 2.0043075084686279297 7.4291625022888183594 11.923932075500488281 6.5160794258117675781 10.856606483459472656 17.222616195678710938 12.835095405578613281 9.8987369537353515625 2.5991811752319335938 1.207408905029296875 1.6886689662933349609 3.51886749267578125 2.3646371364593505859 1.4739259481430053711 1.718358159065246582 2.0452935695648193359 2.5267586708068847656 4.2528524398803710938 9.7055225372314453125 14.03351593017578125 11.583230018615722656 7.6019692420959472656 3.9022030830383300781 0.86557382345199584961 1.8257305622100830078 0.61452913284301757812
0 7.1936283111572265625 7.0998687744140625 4.6097288131713867188 4.60677337646484375 4.8263211250305175781 4.3954801559448242188 5.5048589706420898438 10.150844573974609375 9.7262811660766601562 5.0183901786804199219 3.67641448974609375 0 0 0 7.4784359931945800781 5.4777884483337402344 5.2557592391967773438 12.251186370849609375 16.373891830444335938 13.033382415771484375 9.201038360595703125 1.7754312753677368164 0.72697579860687255859 0.92273306846618652344 2.8145425319671630859 0.81496018171310424805 1.7774176597595214844 0.95508325099945068359 1.5298491716384887695 2.8596310615539550781 5.8546147346496582031 12.86084747314453125 16.94722747802734375 11.483463287353515625 6.3794445991516113281 3.8424718379974365234 2.8793771266937255859 2.8454673290252685547 2.038608551025390625
0 10.78038787841796875 8.994716644287109375 2.2337293624877929688 2.3560597896575927734 3.4916195869445800781 3.3205687999725341797 2.2132542133331298828 7.0703125 10.013594627380371094 8.6298990249633789062 6.1324453353881835938 5.9539136886596679688 0.35145100951194763184 3.0662608146667480469 3.7235274314880371094 1.3707487583160400391 5.2021703720092773438 14.77700042724609375 18.18536376953125 13.112711906433105469 7.3755774497985839844 0.668212890625 0.2423286139965057373 2.3950133323669433594 2.7006828784942626953 1.2376241683959960938 1.9601686000823974609 2.3689115047454833984 2.4476656913757324219 4.083282470703125 8.868961334228515625 16.201498031616210938 16.780210494995117188 6.9820408821105957031 3.9495208263397216797 6.1507201194763183594 6.476917266845703125 4.8495697975158691406 2.5389380455017089844
0 13.002652168273925781 11.971746444702148438 3.97196197509765625 1.8145982027053833008 2.2854421138763427734 1.7918620109558105469 0.40248724818229675293 2.9325971603393554688 7.3171963691711425781 9.971141815185546875 11.023365020751953125 10.048717498779296875 5.5552082061767578125 6.9731903076171875 7.189311981201171875 5.677883148193359375 3.757007598876953125 15.564164161682128906 22.595178604125976562 13.939596176147460938 5.865940093994140625 2.64640045166015625 2.6173868179321289062 4.0706501007080078125 2.9320819377899169922 1.2841830253601074219 0.88236314058303833008 1.6101160049438476562 1.9735367298126220703 5.6712298393249511719 12.114655494689941406 18.282581329345703125 15.13579559326171875 5.3699345588684082031 4.1528072357177734375 5.353404998779296875 6.6942954063415527344 6.2937383651733398438 3.2086637020111083984
0 12.862985610961914062 12.528873443603515625 9.52265167236328125 6.879215240478515625 3.9166507720947265625 3.6737897396087646484 3.6980407238006591797 4.4462494850158691406 5.9212856292724609375 8.38793182373046875 11.770483016967773438 13.467003822326660156 12.826323509216308594 10.029087066650390625 8.2888288497924804688 3.7039167881011962891 9.1752223968505859375 15.089512825012207031 22.188684463500976562 15.150647163391113281 3.9211742877960205078 2.9690876007080078125 1.8551349639892578125 3.7035191059112548828 1.2885234355926513672 1.791306614875793457 1.4708240032196044922 1.161252140998840332 0.94443428516387939453 8.2771005630493164062 14.769235610961914062 16.83631134033203125 11.862694740295410156 5.0618839263916015625 4.4603171348571777344 3.2300133705139160156 3.9401905536651611328 5.7350583076477050781 1.6994130611419677734
0 12.324831962585449219 11.834630012512207031 11.39495086669921875 11.658555030822753906 10.928399085998535156 9.655078887939453125 8.0277929306030273438 7.904788970947265625 7.7642998695373535156 8.6770925521850585938 11.696564674377441406 14.130748748779296875 12.555932998657226562 8.5732221603393554688 10.076594352722167969 12.192713737487792969 23.304479598999023438 21.996551513671875 18.58171844482421875 15.459077835083007812 2.1124613285064697266 3.1660020351409912109 1.3080134391784667969 4.2946500778198242188 1.5092062950134277344 3.6984689235687255859 2.1179568767547607422 2.5181341171264648438 1.8223930597305297852 10.160254478454589844 14.494321823120117188 12.833662033081054688 9.99732208251953125 8.65328216552734375 8.660907745361328125 7.8796448707580566406 6.5543818473815917969 5.8156924247741699219 5.145854949951171875
0 12.849798202514648438 12.977665901184082031 7.4793195724487304688 4.4386615753173828125 6.6422128677368164062 8.0165462493896484375 7.2249584197998046875 5.8692955970764160156 5.4652585983276367188 7.4151868820190429688 10.315582275390625 12.170074462890625 14.004114151000976562 16.009271621704101562 22.101217269897460938 26.409357070922851562 24.066692352294921875 16.4929962158203125 14.468561172485351562 10.123945236206054688 1.3382292985916137695 3.1878020763397216797 3.3814988136291503906 4.2812252044677734375 3.0442438125610351562 3.7005140781402587891 2.1642627716064453125 0.95931613445281982422 3.8208520412445068359 10.55176544189453125 10.897060394287109375 9.5322895050048828125 8.1621856689453125 5.865947723388671875 4.9589715003967285156 3.8266603946685791016 3.2648596763610839844 7.1478414535522460938 11.2767791748046875
0 10.601536750793457031 15.700482368469238281 8.7101802825927734375 3.8676202297210693359 6.765674591064453125 5.8391261100769042969 10.485843658447265625 12.308237075805664062 9.019256591796875 3.6172602176666259766 4.1891264915466308594 6.7168569564819335938 10.159820556640625 12.864546775817871094 14.825357437133789062 15.197007179260253906 9.0681962966918945312 3.3419637680053710938 3.7645161151885986328 2.6873576641082763672 0.81557708978652954102 1.6838479042053222656 3.9127833843231201172 2.1239111423492431641 3.2201328277587890625 2.5293555259704589844 2.2280633449554443359 1.9352303743362426758 6.5473971366882324219 8.498607635498046875 6.2234826087951660156 7.8352560997009277344 7.3972620964050292969 4.9679045677185058594 3.3782093524932861328 2.2118878364562988281 3.8068194389343261719 13.224976539611816406 14.443640708923339844
0 11.473338127136230469 12.52262115478515625 7.4931807518005371094 8.1553544998168945312 10.921370506286621094 15.954857826232910156 21.996099472045898438 15.157976150512695312 16.390439987182617188 13.18126678466796875 6.1634821891784667969 1.2107572555541992188 1.0695862770080566406 2.5209321975708007812 5.8881258964538574219 6.2654542922973632812 1.4057265520095825195 3.1806592941284179688 3.32027435302734375 0.25653862953186035156 0.3382422029972076416 2.8525471687316894531 4.0072703361511230469 2.7174892425537109375 3.5324776172637939453 2.8714559078216552734 2.6758561134338378906 4.0832896232604980469 6.8028430938720703125 5.7389187812805175781 5.3650522232055664062 8.6549024581909179688 8.4136180877685546875 4.5093598365783691406 2.3100991249084472656 7.5519347190856933594 13.068698883056640625 18.014894485473632812 16.297634124755859375
0 9.77397918701171875 7.0814523696899414062 10.756916046142578125 9.8048648834228515625 5.0308308601379394531 20.49985504150390625 26.357831954956054688 0.1311772465705871582 11.053747177124023438 14.089638710021972656 8.9702920913696289062 2.8740973472595214844 3.0820314884185791016 2.9239599704742431641 4.1275529861450195312 7.6450371742248535156 2.9161791801452636719 2.3485457897186279297 0.14230020344257354736 1.9027913808822631836 2.1513688564300537109 3.4477851390838623047 1.9819806814193725586 2.1530139446258544922 3.5565638542175292969 4.0097904205322265625 4.8336334228515625 5.0436491966247558594 4.9812893867492675781 4.5702657699584960938 8.8889265060424804688 11.519147872924804688 6.6421399116516113281 3.2872467041015625 12.620429039001464844 19.05438232421875 21.025594711303710938 20.28856658935546875 15.460143089294433594
0 9.2548151016235351562 10.659972190856933594 10.355444908142089844 8.6629848480224609375 5.683994293212890625 20.117078781127929688 23.306905746459960938 3.3334817886352539062 10.026105880737304688 13.573792457580566406 8.3424530029296875 1.1913706064224243164 0.78588086366653442383 1.7887556552886962891 3.558116912841796875 6.3350839614868164062 4.6655282974243164062 1.4896304607391357422 3.2443714141845703125 3.7584753036499023438 5.0379362106323242188 4.3692064285278320312 3.0670740604400634766 7.3023524284362792969 8.8405170440673828125 9.3461961746215820312 8.9924860000610351562 7.3755793571472167969 6.5945148468017578125 8.9323282241821289062 12.710379600524902344 9.1956815719604492188 3.0657558441162109375 13.320790290832519531 17.49938201904296875 17.079578399658203125 15.319949150085449219 12.26056671142578125 4.7037563323974609375
