wildfire/work/fuelmodels/1860/slope.asc
ncols        375
nrows        406
xllcorner    181495.000000000000
yllcorner    463905.000000000000
cellsize     5.000000000000
NODATA_value   -999
[rows 162 to 179 of 406, columns 160 to 199 of 375]
5.2952075004577636719 1.6276167631149291992 3.4730563163757324219 6.1670637130737304688 1.6204483509063720703 3.5585544109344482422 0.30186727643013000488 4.0879774093627929688 6.9796695709228515625 7.3901805877685546875 8.60477447509765625 9.9192953109741210938 10.723113059997558594 8.1498241424560546875 4.4366011619567871094 3.5227310657501220703 3.30104827880859375 3.8635761737823486328 3.4526293277740478516 3.2201411724090576172 2.2271580696105957031 1.2392598390579223633 1.8411767482757568359 2.9588544368743896484 3.7487893104553222656 3.3516287803649902344 3.6267476081848144531 5.0063319206237792969 6.5523891448974609375 7.3810033798217773438 6.2587060928344726562 3.9169149398803710938 0.15909886360168457031 3.2784523963928222656 5.408458709716796875 5.6279873847961425781 5.2389440536499023438 4.7121152877807617188 3.3091375827789306641 1.2182472944259643555
2.6148917675018310547 2.2223944664001464844 1.8781764507293701172 5.0861520767211914062 3.0370974540710449219 2.9446454048156738281 3.3719193935394287109 7.5966830253601074219 7.0893206596374511719 5.7814927101135253906 5.4010004997253417969 4.7069678306579589844 2.5251586437225341797 0.3181858062744140625 1.7088990211486816406 3.9350464344024658203 2.7981593608856201172 1.8714317083358764648 1.5208933353424072266 1.7005918025970458984 1.6325833797454833984 0.92766010761260986328 1.5495774745941162109 3.9340281486511230469 6.2306818962097167969 7.2733631134033203125 6.584453582763671875 6.227458953857421875 6.4708542823791503906 6.1346654891967773438 3.9679083824157714844 2.5798420906066894531 3.8424556255340576172 4.4838910102844238281 6.5608234405517578125 8.570888519287109375 9.5326528549194335938 8.7821569442749023438 6.6999964714050292969 5.4405856132507324219
2.8610486984252929688 1.9221143722534179688 2.7934577465057373047 5.5038437843322753906 7.0096154212951660156 7.189167022705078125 7.4713406562805175781 7.1602087020874023438 4.5276827812194824219 2.8066422939300537109 2.6819021701812744141 1.1824134588241577148 1.3427562713623046875 1.8752115964889526367 1.6608536243438720703 2.8372685909271240234 2.6086852550506591797 2.0045659542083740234 1.4597761631011962891 1.8795232772827148438 1.6362951993942260742 0.85674899816513061523 5.1809983253479003906 8.4708452224731445312 7.1365361213684082031 4.5018630027770996094 3.4254400730133056641 3.4911806583404541016 4.4711537361145019531 3.8918323516845703125 0.54373157024383544922 4.00275421142578125 6.1995987892150878906 5.023212432861328125 4.5746855735778808594 5.3319935798645019531 6.0931882858276367188 7.2932038307189941406 7.4679865837097167969 7.7893953323364257812
5.7332162857055664062 4.8881077766418457031 4.7651233673095703125 5.4726247787475585938 6.8752689361572265625 7.5551195144653320312 5.6026134490966796875 2.9624464511871337891 2.8116707801818847656 2.2015771865844726562 1.6593377590179443359 1.7785576581954956055 2.6148869991302490234 2.6204915046691894531 0.99911850690841674805 1.0127046108245849609 1.9929267168045043945 2.3483133316040039062 2.6648809909820556641 1.5908244848251342773 2.4254434108734130859 5.5297679901123046875 8.4584321975708007812 6.6385717391967773438 2.1400492191314697266 1.5225605964660644531 3.1067011356353759766 4.4640436172485351562 4.838321685791015625 3.4742255210876464844 3.0277676582336425781 5.6476593017578125 6.404460906982421875 4.4589505195617675781 1.4739274978637695312 2.1912088394165039062 2.5767104625701904297 4.2242679595947265625 5.7128176689147949219 6.3358035087585449219
9.826198577880859375 6.3080301284790039062 3.5762431621551513672 3.6551816463470458984 4.0671834945678710938 3.2256326675415039062 1.9417514801025390625 0.18000388145446777344 2.6404776573181152344 3.2630145549774169922 1.2727097272872924805 1.1370122432708740234 2.3074660301208496094 4.3652906417846679688 1.8987981081008911133 0.32450088858604431152 2.0502371788024902344 3.6017231941223144531 2.5058541297912597656 1.6826509237289428711 5.4163727760314941406 8.2627019882202148438 5.7230234146118164062 1.3506410121917724609 1.1285392045974731445 1.6535280942916870117 2.9087159633636474609 4.8290390968322753906 5.4715228080749511719 4.4919881820678710938 2.8578679561614990234 5.4307789802551269531 4.5930552482604980469 2.4087059497833251953 1.2920507192611694336 3.5158472061157226562 3.9114992618560791016 3.1890616416931152344 3.6572644710540771484 3.1170923709869384766
11.350683212280273438 6.9436712265014648438 4.5428042411804199219 4.4647264480590820312 2.5149235725402832031 1.6811410188674926758 1.7599618434906005859 1.3049083948135375977 3.1691927909851074219 3.0867915153503417969 0.83520609140396118164 1.3233957290649414062 2.5892283916473388672 4.1176352500915527344 1.7227692604064941406 1.7785522937774658203 2.9573259353637695312 3.900379180908203125 2.3678324222564697266 4.0920615196228027344 7.4648251533508300781 6.21872711181640625 1.7842307090759277344 0.62515401840209960938 0.73459672927856445312 1.3325361013412475586 2.3381714820861816406 4.2749729156494140625 5.0541300773620605469 5.1210193634033203125 2.439792633056640625 5.500911712646484375 3.9421026706695556641 2.8947718143463134766 4.7453827857971191406 5.6533417701721191406 3.5552761554718017578 1.4680632352828979492 1.0261068344116210938 4.3618192672729492188
7.9507908821105957031 6.7825751304626464844 5.9763689041137695312 3.7152249813079833984 1.9534354209899902344 2.0371129512786865234 1.0201760530471801758 1.258710026741027832 2.4354410171508789062 1.40645599365234375 1.3769919872283935547 2.3381733894348144531 2.5169219970703125 1.2715107202529907227 1.2826149463653564453 0.78004664182662963867 2.5466961860656738281 3.2201380729675292969 3.4539377689361572266 6.7526578903198242188 6.8972997665405273438 3.3394029140472412109 1.473921656608581543 1.2478098869323730469 0.97605848312377929688 0.44660669565200805664 0.57627511024475097656 2.5575840473175048828 4.0445132255554199219 5.481830596923828125 4.7419800758361816406 6.3963789939880371094 6.2318987846374511719 6.3103361129760742188 5.9761118888854980469 3.3882186412811279297 1.0543415546417236328 1.3536412715911865234 1.3367066383361816406 4.8855204582214355469
2.0301489830017089844 2.6546161174774169922 3.4845302104949951172 2.9041950702667236328 3.0103437900543212891 0.94924342632293701172 1.1879652738571166992 0.58499163389205932617 1.7808259725570678711 0.68688434362411499023 2.1006951332092285156 2.6179728507995605469 1.2587175369262695312 1.0576891899108886719 1.3172695636749267578 2.1654284000396728516 2.1506659984588623047 3.2722949981689453125 5.3899812698364257812 6.2997188568115234375 4.4067063331604003906 2.9600603580474853516 3.0183963775634765625 2.567852020263671875 1.626057744026184082 0.71149492263793945312 0.52670657634735107422 1.4514354467391967773 3.1387417316436767578 5.1614980697631835938 6.8554520606994628906 8.1125240325927734375 7.5207905769348144531 5.4071521759033203125 2.8763835430145263672 0.48569792509078979492 2.3329763412475585938 2.7690968513488769531 2.4747860431671142578 3.0715208053588867188
4.2971162796020507812 2.80213165283203125 2.6264586448669433594 3.3031802177429199219 2.5229561328887939453 1.1154540777206420898 0.45000052452087402344 1.2244712114334106445 2.7402729988098144531 2.4114322662353515625 3.5007207393646240234 2.7038719654083251953 3.4467704296112060547 1.6223242282867431641 3.2091343402862548828 1.3977855443954467773 1.1913690567016601562 3.6441242694854736328 5.23778533935546875 4.9849152565002441406 3.5296163558959960938 1.8510490655899047852 0.74554479122161865234 0.27186611294746398926 1.059605717658996582 0.57626843452453613281 0.71787554025650024414 0.81558489799499511719 1.7309755086898803711 3.4372334480285644531 4.8636980056762695312 5.3674068450927734375 3.3737230300903320312 0.83277797698974609375 3.6084580421447753906 4.2293953895568847656 3.8017666339874267578 2.8086173534393310547 0.50310814380645751953 2.9253518581390380859
3.6578202247619628906 4.0563673973083496094 1.1841275691986083984 2.5704052448272705078 1.8899943828582763672 1.3118761777877807617 1.2841870784759521484 2.2767958641052246094 3.0219089984893798828 1.6910513639450073242 2.3867738246917724609 2.6295335292816162109 2.5522491931915283203 1.539091944694519043 3.8182110786437988281 1.6424672603607177734 1.7394279241561889648 4.5941610336303710938 5.0232110023498535156 4.1662607192993164062 3.944286346435546875 2.9087209701538085938 1.5515255928039550781 1.4804265499114990234 1.5667889118194580078 0.8800633549690246582 0.70650315284729003906 0.70649713277816772461 1.3118747472763061523 1.3118804693222045898 1.1879595518112182617 2.5952746868133544922 3.4868412017822265625 3.8974058628082275391 3.787525177001953125 2.6034398078918457031 0.66210860013961791992 2.2625360488891601562 5.5358653068542480469 5.6916131973266601562
3.9647133350372314453 4.768505096435546875 2.757389068603515625 3.5980775356292724609 2.6788823604583740234 1.8942734003067016602 2.1450135707855224609 3.0103445053100585938 2.6525146961212158203 1.8087279796600341797 3.1172606945037841797 4.30779266357421875 5.6184101104736328125 4.4549918174743652344 2.5468966960906982422 1.2277756929397583008 3.1067011356353759766 6.2942914962768554688 5.2804231643676757812 4.2283263206481933594 4.4143733978271484375 3.0192353725433349609 1.7032746076583862305 1.8079007863998413086 1.272706151008605957 0.79801487922668457031 0.68540287017822265625 1.2445605993270874023 2.2607524394989013672 3.2443752288818359375 5.9049515724182128906 8.0128040313720703125 7.1449065208435058594 3.0726735591888427734 0.92766797542572021484 3.9115006923675537109 6.1526837348937988281 6.9448328018188476562 5.9281754493713378906 2.341419219970703125
7.9412093162536621094 7.6190948486328125 2.9692580699920654297 3.6499288082122802734 2.5169262886047363281 0.88006532192230224609 0.30186536908149719238 2.0922403335571289062 0.80559206008911132812 4.9760179519653320312 6.3572630882263183594 7.49439239501953125 7.3657073974609375 6.1598787307739257812 1.642466425895690918 1.0186898708343505859 5.6455063819885253906 8.3582715988159179688 5.023212432861328125 3.7436738014221191406 4.7076129913330078125 4.134761810302734375 3.7311015129089355469 3.6499373912811279297 2.7476489543914794922 1.6547505855560302734 1.2522661685943603516 2.3336272239685058594 3.3636689186096191406 4.6072187423706054688 5.8052182197570800781 4.3396587371826171875 5.0541238784790039062 4.8341550827026367188 3.2538547515869140625 5.0196919441223144531 4.5556683540344238281 1.7739937305450439453 2.2907474040985107422 5.1972179412841796875
6.6093707084655761719 2.6728353500366210938 2.4254548549652099609 3.3134176731109619141 2.0045635700225830078 0.54465508460998535156 0.81496489048004150391 1.0948380231857299805 5.117855072021484375 8.3081293106079101562 7.5665225982666015625 5.1425232887268066406 2.8073606491088867188 6.1606130599975585938 2.2452509403228759766 2.0206606388092041016 9.020160675048828125 9.9008884429931640625 4.7880315780639648438 4.0204896926879882812 5.76728057861328125 4.5834975242614746094 3.0820386409759521484 2.2927420139312744141 2.7262303829193115234 1.6910486221313476562 1.9184203147888183594 2.7352795600891113281 2.8587431907653808594 3.3602144718170166016 2.3541276454925537109 0.82607680559158325195 2.7822172641754150391 5.3403162956237792969 6.9007959365844726562 6.2151584625244140625 4.4253344535827636719 5.174182891845703125 6.1664171218872070312 6.0696215629577636719
5.0612063407897949219 5.5834326744079589844 4.0123152732849121094 2.9265573024749755859 2.3560547828674316406 2.3301570415496826172 2.3033022880554199219 2.4179332256317138672 4.2735629081726074219 4.5072422027587890625 3.3713197708129882812 3.4151008129119873047 6.7022423744201660156 6.4915709495544433594 1.0596016645431518555 3.3024179935455322266 10.782415390014648438 9.80817413330078125 3.4990026950836181641 5.7101607322692871094 7.0070295333862304688 3.9386439323425292969 1.7774090766906738281 1.8056528568267822266 3.2673525810241699219 1.1733951568603515625 2.4758036136627197266 2.9752109050750732422 2.0519635677337646484 1.0672230720520019531 0.38841319084167480469 1.2290097475051879883 3.0820398330688476562 5.0132784843444824219 7.2129497528076171875 7.0615758895874023438 5.1296687126159667969 4.0389032363891601562 5.1495833396911621094 6.7876887321472167969
5.8384275436401367188 5.6967396736145019531 2.2098264694213867188 3.6565694808959960938 7.5932559967041015625 10.678968429565429688 11.003545761108398438 7.0033049583435058594 2.2289714813232421875 3.1229307651519775391 4.75251007080078125 6.1317968368530273438 6.2314114570617675781 2.8057317733764648438 2.0206589698791503906 4.8513326644897460938 11.127645492553710938 9.6095485687255859375 5.5296764373779296875 8.94188690185546875 8.0045423507690429688 5.1023621559143066406 2.8107686042785644531 1.9367891550064086914 3.4084367752075195312 1.1525015830993652344 3.1206569671630859375 2.2656688690185546875 0.3197771608829498291 0.79800879955291748047 1.0061932802200317383 2.2763631343841552734 0.78588479757308959961 2.7230551242828369141 4.86690521240234375 4.7278246879577636719 2.1341385841369628906 2.8344106674194335938 7.7614054679870605469 9.3728399276733398438
4.9955410957336425781 1.7613991498947143555 3.4363374710083007812 8.5367326736450195312 14.54271697998046875 16.353054046630859375 16.964864730834960938 14.6263275146484375 6.9553132057189941406 1.4444413185119628906 3.2761509418487548828 3.2401680946350097656 1.0271037817001342773 2.2434515953063964844 3.7747032642364501953 6.8797984123229980469 11.484862327575683594 9.6424818038940429688 9.2348690032958984375 7.5901465415954589844 2.8145592212677001953 3.2585206031799316406 4.3622889518737792969 2.1239230632781982422 2.0774333477020263672 1.626057744026184082 1.9850393533706665039 1.5357995033264160156 1.23558807373046875 0.98020642995834350586 0.51306933164596557617 2.2341821193695068359 1.7913123369216918945 2.4790658950805664062 4.0515117645263671875 4.2117056846618652344 1.7289177179336547852 5.886837005615234375 9.242664337158203125 6.0769100189208984375
4.5518026351928710938 3.6330125331878662109 4.0247464179992675781 8.8031244277954101562 13.183210372924804688 8.6187620162963867188 5.72345733642578125 13.324799537658691406 10.77081298828125 3.5429019927978515625 1.4800873994827270508 0.63639158010482788086 3.2597560882568359375 5.9358949661254882812 7.0802488327026367188 8.1690969467163085938 10.878283500671386719 9.30084991455078125 8.0849857330322265625 3.2050485610961914062 3.1172425746917724609 4.1648106575012207031 3.4932181835174560547 1.7227873802185058594 2.0346291065216064453 2.0747520923614501953 1.2727024555206298828 1.4331860542297363281 1.1738178730010986328 0.92766237258911132812 0.37244194746017456055 1.1707953214645385742 0.71786105632781982422 1.2671189308166503906 3.2585194110870361328 3.2063004970550537109 4.44069671630859375 7.8459849357604980469 7.2324061393737792969 2.2962872982025146484
2.5498714447021484375 5.1492781639099121094 5.1928486824035644531 6.31249237060546875 11.049982070922851562 12.412555694580078125 12.959409713745117188 15.855576515197753906 10.944393157958984375 2.0121297836303710938 0.68688577413558959961 2.3799948692321777344 6.041782379150390625 7.7828869819641113281 6.2507557868957519531 5.2753658294677734375 8.7812280654907226562 8.9201860427856445312 5.7008986473083496094 1.8584206104278564453 2.2907559871673583984 2.7264001369476318359 4.0388956069946289062 6.2741341590881347656 5.9753661155700683594 4.4129991531372070312 3.5238895416259765625 3.4008729457855224609 3.3334856033325195312 3.4254367351531982422 2.2235190868377685547 1.0061948299407958984 0.43278533220291137695 0.82728630304336547852 2.2907619476318359375 2.6364569664001464844 6.1621699333190917969 6.3313431739807128906 3.5611186027526855469 0.87371242046356201172
