wildfire/work/fuelmodels/1860/slope.asc
ncols        375
nrows        406
xllcorner    181495.000000000000
yllcorner    463905.000000000000
cellsize     5.000000000000
NODATA_value   -999
[rows 18 to 35 of 406, columns 120 to 159 of 375]
7.5853948593139648438 6.4819617271423339844 4.6177244186401367188 5.3470072746276855469 5.4084687232971191406 5.0604276657104492188 3.9799673557281494141 2.8154404163360595703 6.2705998420715332031 3.6039986610412597656 0.68318092823028564453 3.3650455474853515625 3.0152232646942138672 2.3197224140167236328 5.0544290542602539062 4.3905315399169921875 2.3223288059234619141 1.7932796478271484375 1.3861433267593383789 1.3945270776748657227 2.1336545944213867188 1.2679207324981689453 1.7599570751190185547 2.2854344844818115234 1.9727578163146972656 2.1035771369934082031 1.7089076042175292969 1.7553601264953613281 2.4310686588287353516 2.916172027587890625 1.9534384012222290039 2.3433549404144287109 3.5670599937438964844 5.1175546646118164062 5.7885317802429199219 5.0961565971374511719 5.1056513786315917969 4.3396639823913574219 3.3876099586486816406 3.2784450054168701172
6.6892561912536621094 4.7951993942260742188 1.6238880157470703125 1.8586705923080444336 1.9218451976776123047 2.8481345176696777344 3.0175642967224121094 0.84005695581436157227 4.9858288764953613281 5.4171376228332519531 1.2282053232192993164 2.6722798347473144531 4.9336962699890136719 2.8295929431915283203 2.5538358688354492188 4.1024150848388671875 2.4602410793304443359 2.6295351982116699219 2.3465912342071533203 2.0403325557708740234 1.5825227499008178711 1.1136314868927001953 2.2063877582550048828 1.7913016080856323242 2.6820762157440185547 2.1939747333526611328 0.2933559715747833252 0.47730717062950134277 1.0388484001159667969 1.1836900711059570312 2.2962582111358642578 3.3005728721618652344 4.035518646240234375 5.9683594703674316406 5.7094578742980957031 4.9760270118713378906 5.226520538330078125 4.4968209266662597656 3.7553923130035400391 3.1229231357574462891
6.8692879676818847656 5.088924407958984375 2.2452502250671386719 2.744152069091796875 2.9758985042572021484 4.5798697471618652344 6.1112561225891113281 5.84152984619140625 6.4415688514709472656 7.7128186225891113281 4.6572022438049316406 1.5920842885971069336 4.785823822021484375 6.173824310302734375 2.8763751983642578125 4.683765411376953125 4.6098337173461914062 4.7359066009521484375 4.025867462158203125 2.7601253986358642578 1.4759870767593383789 1.9260438680648803711 1.9059880971908569336 2.0740349292755126953 3.3713138103485107422 3.40842437744140625 1.1113661527633666992 0.26998820900917053223 0.91834789514541625977 1.4064548015594482422 3.1326119899749755859 3.4292542934417724609 4.9898729324340820312 6.7755475044250488281 5.5090551376342773438 4.9266276359558105469 5.4197258949279785156 3.9333999156951904297 2.9677388668060302734 2.215534210205078125
7.0555944442749023438 4.6559948921203613281 3.8114559650421142578 4.546703338623046875 5.3981118202209472656 8.0291128158569335938 9.6815042495727539062 9.3388824462890625 9.7936840057373046875 10.987298011779785156 8.9461841583251953125 4.8129267692565917969 2.3571362495422363281 5.6176929473876953125 5.8662896156311035156 6.7876887321472167969 4.9653725624084472656 2.5925402641296386719 1.5007917881011962891 1.5748323202133178711 2.4019749164581298828 0.83277451992034912109 1.3506516218185424805 1.3397333621978759766 2.2196424007415771484 3.4230737686157226562 1.8684549331665039062 1.0874304771423339844 0.38712108135223388672 2.4550926685333251953 3.2575793266296386719 4.3046116828918457031 5.74733734130859375 6.4077858924865722656 5.2462439537048339844 4.5654072761535644531 4.4891905784606933594 2.9568111896514892578 2.1821908950805664062 2.0951263904571533203
1.3260626792907714844 1.9236975908279418945 4.4878330230712890625 7.3373227119445800781 9.38349151611328125 9.874584197998046875 8.573787689208984375 5.6297669410705566406 6.2612791061401367188 9.81463623046875 11.049788475036621094 8.4600820541381835938 3.3067026138305664062 3.2162065505981445312 5.4121789932250976562 6.4090189933776855469 3.8374695777893066406 1.4388135671615600586 0.4970398247241973877 2.1663517951965332031 0.68541073799133300781 0.40500652790069580078 1.2510586977005004883 1.5038346052169799805 3.2331340312957763672 3.5602443218231201172 1.560303807258605957 1.180704951286315918 1.3592342138290405273 3.5495982170104980469 3.9733779430389404297 4.9557204246520996094 5.5468697547912597656 5.9268269538879394531 5.3444452285766601562 3.9818794727325439453 3.5873999595642089844 2.8468647003173828125 1.691056370735168457 2.1642556190490722656
6.1558775901794433594 7.63854217529296875 8.196502685546875 11.905853271484375 10.330760955810546875 6.3794445991516113281 5.1402587890625 0.98019456863403320312 4.3130536079406738281 6.2210035324096679688 10.054907798767089844 12.164087295532226562 8.1584177017211914062 2.4845700263977050781 3.5803449153900146484 3.7184963226318359375 3.2387576103210449219 3.4597914218902587891 2.6032478809356689453 3.2431058883666992188 3.8102602958679199219 2.6420276165008544922 1.5354605913162231445 2.2907507419586181641 3.9492664337158203125 3.3965375423431396484 2.4045000076293945312 2.6978847980499267578 3.2162230014801025391 4.2319073677062988281 4.2838373184204101562 4.7187533378601074219 5.1252398490905761719 5.7900176048278808594 5.1095800399780273438 3.2148082256317138672 3.425434112548828125 2.8919699192047119141 1.2178531885147094727 1.2355715036392211914
9.2585897445678710938 8.1886281967163085938 8.5572748184204101562 11.2919769287109375 6.5777287483215332031 1.8463923931121826172 3.6655280590057373047 4.4941091537475585938 2.6639144420623779297 2.5481052398681640625 7.4082384109497070312 11.993406295776367188 12.393126487731933594 5.6060194969177246094 2.0915257930755615234 1.3945356607437133789 0.51307308673858642578 1.4122061729431152344 2.1388788223266601562 2.18218231201171875 2.3398919105529785156 4.0706658363342285156 3.2251482009887695312 4.2317824363708496094 5.4028573036193847656 4.3493976593017578125 3.2442121505737304688 3.0503969192504882812 3.3335046768188476562 3.6305069923400878906 3.7736322879791259766 4.1628828048706054688 4.6965618133544921875 5.4994382858276367188 4.5587749481201171875 2.8672246932983398438 3.3650088310241699219 2.7623276710510253906 0.65521335601806640625 0.78778910636901855469
10.256389617919921875 7.1712675094604492188 6.709438323974609375 7.839031219482421875 3.8184642791748046875 1.6865364313125610352 1.7006051540374755859 3.0879280567169189453 2.4078707695007324219 1.738549351692199707 6.3413500785827636719 9.893695831298828125 13.183518409729003906 7.7668294906616210938 1.8781602382659912109 0.81310623884201049805 0.74894452095031738281 0.82973778247833251953 0.78004294633865356445 0.88635045289993286133 3.1487128734588623047 6.336353302001953125 7.6822662353515625 7.8987050056457519531 6.2713217735290527344 3.8405001163482666016 2.4398112297058105469 2.4045174121856689453 2.5617399215698242188 2.4030249118804931641 3.3996729850769042969 3.9041533470153808594 4.6351580619812011719 5.1773829460144042969 3.8292958736419677734 2.7676346302032470703 2.7533490657806396484 2.5104894638061523438 2.4095680713653564453 2.8890297412872314453
10.836613655090332031 6.783824920654296875 5.8987979888916015625 4.6820340156555175781 1.4909871816635131836 1.8496658802032470703 2.4815108776092529297 0.70648562908172607422 3.5037481784820556641 3.5896532535552978516 8.9255723953247070312 10.274999618530273438 12.816030502319335938 7.9412035942077636719 1.7324211597442626953 0.13120080530643463135 0.99861532449722290039 1.6325783729553222656 2.2625248432159423828 3.8038876056671142578 10.104800224304199219 16.042520523071289062 16.37377166748046875 12.502943038940429688 7.2847394943237304688 3.1617023944854736328 1.2115886211395263672 1.3118660449981689453 1.3696134090423583984 1.8867636919021606445 3.6522924900054931641 4.0026264190673828125 4.3088388442993164062 4.4955725669860839844 3.5683343410491943359 2.4528300762176513672 1.5541431903839111328 2.0512125492095947266 2.6926324367523193359 3.1589834690093994141
8.6210231781005859375 3.8699612617492675781 1.0181893110275268555 1.010715484619140625 1.6226174831390380859 2.7703573703765869141 2.9758887290954589844 4.4458069801330566406 7.3222560882568359375 10.07010650634765625 11.179407119750976562 9.9651250839233398438 10.625562667846679688 6.6697635650634765625 1.3367066383361816406 1.2715126276016235352 1.7472685575485229492 2.3275461196899414062 2.9894590377807617188 5.1887874603271484375 14.693246841430664062 20.159822463989257812 17.53924560546875 14.045933723449707031 10.148831367492675781 5.1766133308410644531 1.066741943359375 0.78586417436599731445 1.3528914451599121094 2.1775450706481933594 3.8039031028747558594 3.8824784755706787109 3.4008569717407226562 3.8241584300994873047 3.7801864147186279297 1.8290355205535888672 0.79802793264389038086 0.85969936847686767578 1.6223309040069580078 2.7352864742279052734
7.6092867851257324219 7.3837933540344238281 5.2118163108825683594 4.1431636810302734375 4.4719500541687011719 4.9836339950561523438 6.2535848617553710938 8.20401763916015625 6.9932584762573242188 4.9561238288879394531 3.1055736541748046875 6.9439630508422851562 9.0610456466674804688 4.7689161300659179688 1.4046472311019897461 2.0519573688507080078 3.2185618877410888672 2.7948918342590332031 2.9711399078369140625 6.7272424697875976562 17.333209991455078125 19.206760406494140625 6.5866718292236328125 8.6187725067138671875 10.999613761901855469 6.559741973876953125 0.76629519462585449219 0.44204175472259521484 1.7032579183578491211 3.2872362136840820312 3.8135781288146972656 3.2442128658294677734 2.9403412342071533203 3.2832391262054443359 3.0728418827056884766 2.0146272182464599609 0.86906319856643676758 1.67208099365234375 2.8086133003234863281 3.7055470943450927734
4.8656506538391113281 6.1120743751525878906 5.6046819686889648438 4.2268919944763183594 5.3054819107055664062 5.7993326187133789062 6.9754958152770996094 7.0636181831359863281 4.3840885162353515625 2.7327048778533935547 0.91171443462371826172 8.3580989837646484375 8.4936628341674804688 3.0706877708435058594 3.1185517311096191406 2.9120035171508789062 4.0842604637145996094 2.26432037353515625 2.2589650154113769531 7.4440183639526367188 19.21701812744140625 16.292970657348632812 2.5389380455017089844 12.114122390747070312 12.116605758666992188 5.3883919715881347656 0.54929584264755249023 1.0695704221725463867 2.3859059810638427734 3.7005221843719482422 3.5845785140991210938 2.5096807479858398438 2.8397696018218994141 2.7291824817657470703 2.2064032554626464844 2.0294070243835449219 1.4666945934295654297 2.5837602615356445312 3.4005753993988037109 4.5891008377075195312
3.5959661006927490234 3.0329165458679199219 2.8672361373901367188 1.3045254945755004883 3.7331299781799316406 4.3391866683959960938 5.4983296394348144531 5.0858426094055175781 4.8654613494873046875 7.6316556930541992188 9.5875215530395507812 8.7333440780639648438 3.8901224136352539062 3.5903437137603759766 4.0743741989135742188 3.7981629371643066406 3.818332672119140625 1.5667963027954101562 1.8109737634658813477 6.2564501762390136719 18.130990982055664062 15.48751068115234375 12.00968170166015625 13.70306396484375 9.330585479736328125 2.8975799083709716797 0.90558230876922607422 1.7245249748229980469 2.3170857429504394531 3.3079335689544677734 3.3097577095031738281 2.2050166130065917969 2.4809117317199707031 2.1976540088653564453 2.2925100326538085938 2.4872167110443115234 3.1300404071807861328 4.6895842552185058594 5.826259613037109375 6.0723581314086914062
3.7256615161895751953 2.3074650764465332031 1.1824269294738769531 1.42998504638671875 3.8731033802032470703 3.7559285163879394531 3.8797326087951660156 3.2592799663543701172 2.0803606510162353516 2.6156384944915771484 3.4991199970245361328 1.7367980480194091797 0.92767465114593505859 2.4845590591430664062 2.9926602840423583984 2.8030285835266113281 2.6208815574645996094 1.4538741111755371094 1.5911302566528320312 3.4932050704956054688 12.084067344665527344 16.490434646606445312 14.142015457153320312 11.010209083557128906 5.2974710464477539062 2.0385925769805908203 1.3685047626495361328 2.0033082962036132812 2.4575543403625488281 3.3570477962493896484 3.3593134880065917969 2.9120182991027832031 2.8947656154632568359 2.953380584716796875 3.8292996883392333984 4.7008490562438964844 5.7127943038940429688 7.2808008193969726562 7.3892297744750976562 6.60662078857421875
2.9977121353149414062 0.98225843906402587891 0.54186761379241943359 1.5403856039047241211 3.979976654052734375 3.7777888774871826172 3.0985481739044189453 2.5259594917297363281 3.2314088344573974609 3.7436482906341552734 3.0192329883575439453 0.65597522258758544922 1.4374163150787353516 1.0226533412933349609 1.4416258335113525391 1.8098560571670532227 1.8843648433685302734 1.2667275667190551758 1.10449981689453125 1.2149282693862915039 4.2060747146606445312 6.7162485122680664062 6.5563044548034667969 4.9864473342895507812 1.8942816257476806641 1.8212801218032836914 1.4003080129623413086 1.8115248680114746094 2.1886723041534423828 2.7822113037109375 3.064113616943359375 4.0046401023864746094 4.8357262611389160156 5.0479502677917480469 5.0596213340759277344 5.7581052780151367188 6.8749723434448242188 7.2600998878479003906 6.020755767822265625 5.2712554931640625
4.4041743278503417969 3.5633797645568847656 3.2401692867279052734 3.11270904541015625 4.0144543647766113281 3.7271745204925537109 2.9569780826568603516 2.1670699119567871094 2.1530201435089111328 2.1057279109954833984 3.3152410984039306641 3.2138457298278808594 0.79547923803329467773 0.090002030134201049805 0.64033526182174682617 1.6362951993942260742 1.6799390316009521484 0.67498391866683959961 0.4136345982551574707 0.59782826900482177734 1.6648238897323608398 2.8672335147857666016 2.8486535549163818359 1.6862523555755615234 1.6826534271240234375 1.9115636348724365234 1.6378401517868041992 2.2063760757446289062 2.034618377685546875 2.0293953418731689453 3.3874700069427490234 4.4133477210998535156 5.0857510566711425781 5.2545924186706542969 5.1246490478515625 5.7315459251403808594 6.0326876640319824219 5.6275439262390136719 4.8295612335205078125 4.0751175880432128906
4.2332129478454589844 3.9401938915252685547 3.6957342624664306641 4.5746927261352539062 3.9821224212646484375 3.8494141101837158203 3.4036893844604492188 2.3394920825958251953 1.3814004659652709961 1.8496799468994140625 3.1793916225433349609 4.4552125930786132812 3.0497260093688964844 1.6050794124603271484 0.77482885122299194336 1.4708211421966552734 1.6799433231353759766 0.38447859883308410645 0.49701336026191711426 0.37107548117637634277 0.94442266225814819336 1.8551276922225952148 1.9131333827972412109 1.6063356399536132812 2.100688934326171875 2.2914187908172607422 1.9888688325881958008 2.8021311759948730469 2.8450908660888671875 3.0409069061279296875 3.9580857753753662109 4.4550004005432128906 4.7072992324829101562 5.0782117843627929688 5.3131551742553710938 5.7697291374206542969 5.2878732681274414062 4.5879034996032714844 3.9166617393493652344 3.2838482856750488281
2.0922362804412841797 0.76632136106491088867 2.5552074909210205078 5.2715668678283691406 3.9628145694732666016 3.4008569717407226562 4.0742397308349609375 1.5275511741638183594 2.6471920013427734375 3.1360239982604980469 3.6211919784545898438 5.5649142265319824219 4.92725372314453125 2.5181405544281005859 1.7963749170303344727 1.026114344596862793 1.8090256452560424805 0.76366239786148071289 0.77482885122299194336 0.25653335452079772949 0.52669847011566162109 1.083691716194152832 1.9218403100967407227 1.4855427742004394531 1.7819646596908569336 2.1988222599029541016 2.0023088455200195312 3.0591702461242675781 4.4707217216491699219 4.8194398880004882812 4.7436003684997558594 4.6560125350952148438 4.6098346710205078125 5.0509319305419921875 5.339923858642578125 5.415355682373046875 4.8843898773193359375 4.0568723678588867188 3.2314269542694091797 2.9203388690948486328
