wildfire/work/fuelmodels/1743/aspect.asc
ncols        469
nrows        324
xllcorner    194725.000000000000
yllcorner    455055.000000000000
cellsize     5.000000000000
NODATA_value   -999
[rows 19 to 37 of 324, columns 42 to 83 of 469]
143.1302032470703125 136.7761077880859375 123.2871551513671875 113.01422119140625 109.7220611572265625 282.378692626953125 303.001922607421875 324.939697265625 29.908597946166992188 71.747833251953125 87.043670654296875 93.814178466796875 102.5288238525390625 122.6606597900390625 156.9744415283203125 128.955902099609375 110.897796630859375 138.57958984375 194.0422210693359375 0 0 0 0 0 0 0 240.421875 219.70947265625 171.572296142578125 159.6443634033203125 185.6430511474609375 163.433563232421875 144.086151123046875 141.91094970703125 138.5487823486328125 224.9994659423828125 166.7983245849609375 167.470672607421875 0 0 139.028167724609375 224.9994659423828125
144.3232879638671875 141.6084442138671875 136.1872406005859375 134.22003173828125 145.3036651611328125 250.559906005859375 272.93536376953125 292.693115234375 43.386631011962890625 67.2487640380859375 73.90496063232421875 84.709808349609375 105.78862762451171875 127.20777130126953125 150.9448394775390625 148.3087921142578125 142.9898223876953125 167.474395751953125 186.3397674560546875 0 0 0 0 0 341.56427001953125 0 304.507354736328125 285.7506103515625 88.02447509765625 97.061981201171875 154.5577850341796875 122.27542877197265625 109.756683349609375 102.65191650390625 91.3322906494140625 224.9994659423828125 130.5074310302734375 128.5484771728515625 116.80556488037109375 194.038360595703125 206.5660247802734375 282.5274658203125
147.9939727783203125 139.8789215087890625 131.46771240234375 145.7581787109375 196.8576202392578125 268.3934326171875 281.07574462890625 288.724945068359375 34.91902923583984375 64.037841796875 73.07245635986328125 81.69427490234375 91.1933135986328125 97.98896026611328125 82.99790191650390625 59.035869598388671875 35.53759765625 317.86163330078125 341.482025146484375 0 0 0 0 0 30.323482513427734375 0 326.30859375 281.658447265625 110.1357574462890625 99.461761474609375 93.3010406494140625 89.82665252685546875 95.376495361328125 136.817657470703125 140.526885986328125 224.9994659423828125 102.8476104736328125 125.78870391845703125 134.9996795654296875 134.9996795654296875 176.6349334716796875 282.449127197265625
142.852752685546875 128.4176177978515625 116.56497955322265625 152.9282379150390625 243.1651153564453125 272.23046875 271.581817626953125 251.564453125 166.60748291015625 97.3059844970703125 89.99993133544921875 86.656463623046875 69.18697357177734375 47.700275421142578125 34.330394744873046875 348.377288818359375 340.617401123046875 0 347.10546875 325.520111083984375 297.146240234375 290.207275390625 272.83343505859375 80.1014556884765625 52.528247833251953125 25.750453948974609375 94.39951324462890625 154.7323150634765625 147.1911773681640625 133.9193572998046875 108.4342803955078125 96.058837890625 117.8809051513671875 157.41534423828125 206.220611572265625 0 0 152.818634033203125 191.8219451904296875 176.632232666015625 314.999267578125 287.32354736328125
108.09332275390625 118.52233123779296875 101.9037933349609375 134.9996795654296875 273.632049560546875 271.4493408203125 253.1409454345703125 200.025238037109375 175.142791748046875 140.4167327880859375 97.23650360107421875 68.017364501953125 41.373149871826171875 53.190887451171875 57.200641632080078125 305.953521728515625 306.303863525390625 296.49261474609375 22.94911956787109375 339.713623046875 309.74249267578125 306.633331298828125 334.43914794921875 45.2905731201171875 50.789821624755859375 43.0474700927734375 93.8605194091796875 131.382354736328125 153.562896728515625 145.673858642578125 0 0 154.2384490966796875 158.961883544921875 160.9738922119140625 0 44.999897003173828125 210.65130615234375 208.740325927734375 237.26336669921875 269.999359130859375 289.6754150390625
105.64212799072265625 128.417999267578125 92.009002685546875 351.192901611328125 298.714111328125 283.1190185546875 258.363983154296875 169.0461578369140625 168.36590576171875 122.19432830810546875 57.4171600341796875 35.5991973876953125 36.584991455078125 48.384189605712890625 7.7970037460327148438 311.6751708984375 305.587371826171875 303.8258056640625 301.68603515625 311.7763671875 311.486358642578125 310.65045166015625 321.25274658203125 38.19104766845703125 45.47368621826171875 32.62406158447265625 56.8530120849609375 83.544342041015625 134.9996795654296875 115.9740447998046875 93.50327301025390625 224.9994659423828125 226.5921630859375 140.8061981201171875 126.3261566162109375 88.89806365966796875 45.4307708740234375 44.999897003173828125 145.3048553466796875 0 0 0
104.21564483642578125 100.3593292236328125 92.12136077880859375 315.000274658203125 304.114166259765625 292.093841552734375 294.7747802734375 343.175628662109375 346.0780029296875 359.5811767578125 25.346258163452148438 45.4814605712890625 57.1883544921875 44.99961090087890625 335.272064208984375 310.440155029296875 328.00689697265625 359.1876220703125 320.208404541015625 294.729217529296875 293.393829345703125 324.45977783203125 231.3398284912109375 109.13352203369140625 70.68868255615234375 36.645557403564453125 62.113521575927734375 68.39226531982421875 108.019317626953125 119.1883697509765625 110.70886993408203125 186.7108917236328125 246.162506103515625 95.85482025146484375 73.20079803466796875 19.604278564453125 23.347721099853515625 32.757476806640625 76.4972381591796875 65.45731353759765625 16.5573272705078125 283.561614990234375
123.4067230224609375 94.762664794921875 66.03600311279296875 240.52362060546875 255.465301513671875 273.503662109375 318.652191162109375 322.852142333984375 333.046661376953125 30.125024795532226562 90.0002288818359375 110.5959014892578125 114.19307708740234375 124.114532470703125 235.5319976806640625 264.755950927734375 299.74432373046875 343.07171630859375 328.7392578125 291.59820556640625 295.547576904296875 44.999897003173828125 112.3822021484375 0 353.660064697265625 93.5511016845703125 94.1484527587890625 82.62110137939453125 95.7102508544921875 119.61441802978515625 124.0457916259765625 286.694366455078125 282.263580322265625 71.56444549560546875 12.600199699401855469 342.645751953125 10.472147941589355469 57.274303436279296875 64.15520477294921875 51.581661224365234375 15.903064727783203125 296.213409423828125
148.17156982421875 30.962398529052734375 15.100795745849609375 6.0727944374084472656 279.10699462890625 290.148101806640625 316.81793212890625 272.602447509765625 191.3094940185546875 164.1669921875 93.05242919921875 104.0998382568359375 125.6277008056640625 103.95803070068359375 271.16839599609375 272.42950439453125 279.40167236328125 299.953125 315.992950439453125 288.2152099609375 292.56817626953125 9.9041385650634765625 0 0 21.91492462158203125 108.7028350830078125 132.6782379150390625 137.508209228515625 122.1954193115234375 133.6974639892578125 148.3475341796875 167.276031494140625 187.883209228515625 177.655487060546875 221.5094451904296875 274.116729736328125 18.435392379760742188 85.40704345703125 88.98272705078125 56.796844482421875 3.6085567474365234375 314.0283203125
208.7389984130859375 224.9981842041015625 217.4033203125 28.609277725219726562 279.462066650390625 251.8275299072265625 228.6325225830078125 183.5753173828125 134.9996795654296875 188.825927734375 139.733001708984375 119.773345947265625 105.52392578125 8.6732683181762695312 318.0120849609375 288.633819580078125 283.25390625 283.735504150390625 295.2269287109375 279.486358642578125 271.402862548828125 296.564788818359375 134.9996795654296875 122.22550201416015625 138.645843505859375 123.10045623779296875 132.3693084716796875 145.7025604248046875 138.8604278564453125 183.9595489501953125 169.8029937744140625 144.700286865234375 185.40386962890625 193.752410888671875 222.37652587890625 233.0772857666015625 150.478485107421875 133.85089111328125 131.077392578125 74.53981781005859375 299.196380615234375 198.787689208984375
221.485382080078125 198.72515869140625 210.017822265625 216.25384521484375 231.5811004638671875 204.518890380859375 209.42681884765625 189.2639007568359375 132.377410888671875 163.300445556640625 150.279693603515625 148.8606414794921875 223.6523284912109375 252.9789276123046875 252.6307830810546875 259.686370849609375 267.50982666015625 278.066253662109375 268.667083740234375 254.9614105224609375 249.0536651611328125 218.1564483642578125 134.4541168212890625 128.6023406982421875 136.113616943359375 119.50492095947265625 119.121185302734375 128.1154327392578125 135.4439239501953125 204.3694000244140625 204.1843719482421875 80.53365325927734375 4.1441755294799804688 328.392578125 247.7501373291015625 180.4542236328125 144.647705078125 159.93115234375 204.0808258056640625 243.18804931640625 134.9996795654296875 146.841766357421875
235.3043060302734375 224.0608062744140625 223.1226348876953125 219.035003662109375 203.96173095703125 180.7070465087890625 199.73651123046875 168.439422607421875 160.8534393310546875 168.6896820068359375 144.7161102294921875 160.3457183837890625 216.3192291259765625 227.470733642578125 235.822296142578125 238.2823944091796875 228.0359344482421875 231.32269287109375 251.6967926025390625 258.139404296875 249.226898193359375 202.85430908203125 136.800811767578125 133.1771697998046875 139.569366455078125 129.76654052734375 127.53534698486328125 131.31353759765625 145.8314361572265625 197.27386474609375 232.4516448974609375 253.8108978271484375 47.20119476318359375 71.56488037109375 290.09490966796875 64.598419189453125 83.89447784423828125 104.19805908203125 235.592803955078125 205.392425537109375 140.6233062744140625 137.339080810546875
219.5221099853515625 222.9300689697265625 194.8587493896484375 197.9269561767578125 194.3994293212890625 185.61761474609375 173.86749267578125 133.6777801513671875 142.0163116455078125 160.974334716796875 133.6675262451171875 170.082794189453125 217.6805267333984375 241.94207763671875 255.106292724609375 204.92822265625 202.8134765625 219.7350616455078125 228.8135223388671875 242.15777587890625 246.7363739013671875 154.5954132080078125 144.0624542236328125 151.202178955078125 152.4116058349609375 140.2478179931640625 134.6268463134765625 140.2072906494140625 153.6171875 201.614105224609375 238.0062713623046875 230.0915679931640625 148.25250244140625 0 0 185.8096771240234375 69.28369903564453125 57.633197784423828125 224.9994659423828125 169.8566741943359375 139.3780670166015625 112.78223419189453125
199.358489990234375 204.3254852294921875 180.330841064453125 179.4429931640625 191.7876129150390625 194.4952850341796875 177.4788055419921875 139.3511810302734375 175.601654052734375 132.978424072265625 123.7776031494140625 207.896392822265625 243.4346160888671875 243.6870269775390625 239.8078765869140625 145.4200897216796875 162.42315673828125 224.540191650390625 225.8842315673828125 243.206451416015625 249.087371826171875 115.1053009033203125 140.987762451171875 154.601165771484375 152.0299072265625 129.477691650390625 124.07684326171875 135.163421630859375 166.3070831298828125 211.439849853515625 237.368621826171875 211.3897552490234375 129.6823883056640625 98.5207977294921875 253.2801971435546875 221.1784210205078125 166.9869842529296875 116.877838134765625 114.378997802734375 125.0313720703125 78.69011688232421875 21.518497467041015625
204.5670013427734375 205.6155242919921875 162.4740142822265625 167.5111541748046875 197.986602783203125 212.2597808837890625 187.6240234375 156.5012359619140625 171.86962890625 152.0733184814453125 141.21533203125 226.7890625 232.124359130859375 231.536102294921875 230.3447723388671875 190.938140869140625 83.1566619873046875 233.1297607421875 206.05084228515625 0 0 0 151.17462158203125 132.397064208984375 113.11373138427734375 116.14652252197265625 119.94734954833984375 122.0271759033203125 238.3903350830078125 276.910675048828125 258.223236083984375 218.26861572265625 99.5600128173828125 57.8640594482421875 313.834136962890625 281.093017578125 159.47125244140625 147.460174560546875 130.04241943359375 83.9907379150390625 10.813745498657226562 7.8690009117126464844
179.028350830078125 183.28875732421875 166.89990234375 161.8154449462890625 212.7833251953125 229.714324951171875 176.8779754638671875 153.43487548828125 165.2564544677734375 121.865875244140625 136.761749267578125 237.9939727783203125 239.79595947265625 222.8379669189453125 233.480926513671875 241.301055908203125 184.3993072509765625 114.14536285400390625 173.1571044921875 0 341.153472900390625 255.0237274169921875 274.793487548828125 34.75514984130859375 92.030517578125 97.82745361328125 83.76810455322265625 5.153980255126953125 346.093841552734375 346.15093994140625 341.104217529296875 335.265533447265625 36.659702301025390625 19.1670989990234375 335.760223388671875 352.0457763671875 75.332275390625 113.99654388427734375 178.3992156982421875 289.510162353515625 346.35186767578125 340.610595703125
136.7710723876953125 175.3252410888671875 168.911529541015625 169.39544677734375 218.0108489990234375 213.1576385498046875 169.1009674072265625 168.2148895263671875 184.6104888916015625 147.8038482666015625 148.025360107421875 217.234649658203125 214.4717254638671875 210.2166290283203125 269.999114990234375 289.03509521484375 121.607025146484375 137.8021240234375 185.0914306640625 7.8152098655700683594 24.660764694213867188 303.162811279296875 282.264373779296875 53.324672698974609375 66.61896514892578125 53.244029998779296875 8.5452022552490234375 353.5726318359375 350.523406982421875 352.842071533203125 2.8805084228515625 356.609405517578125 9.5124368667602539062 10.523919105529785156 0.76405984163284301758 32.082073211669921875 53.130023956298828125 44.54277801513671875 350.472930908203125 327.125213623046875 338.771484375 333.639892578125
108.434478759765625 130.23504638671875 128.862548828125 185.855712890625 262.98785400390625 218.9275054931640625 157.931610107421875 171.4080047607421875 170.8373565673828125 161.7418212890625 141.44635009765625 184.983856201171875 186.099609375 192.743560791015625 240.491485595703125 251.5648193359375 118.6728515625 149.74322509765625 191.78009033203125 217.18450927734375 276.800933837890625 318.667266845703125 292.05047607421875 120.25600433349609375 69.67710113525390625 20.258289337158203125 348.689117431640625 355.961456298828125 357.0599365234375 346.63702392578125 6.9453759193420410156 0.15530511736869812012 5.3209586143493652344 15.849133491516113281 31.005666732788085938 47.21295166015625 37.9261474609375 21.438306808471679688 1.6083692312240600586 322.185760498046875 296.134429931640625 301.2923583984375
131.51068115234375 139.455078125 125.537322998046875 221.681671142578125 237.6689605712890625 168.565704345703125 164.93145751953125 175.936065673828125 164.1094512939453125 174.427215576171875 81.1790771484375 57.183238983154296875 110.34368896484375 212.4705963134765625 248.71990966796875 225.7953643798828125 102.7653045654296875 48.23946380615234375 347.318328857421875 296.69671630859375 279.5535888671875 252.09466552734375 214.0775146484375 136.0221405029296875 102.99462127685546875 311.133026123046875 303.309478759765625 337.202789306640625 352.358673095703125 339.996734619140625 349.739349365234375 353.58038330078125 358.740081787109375 1.5912040472030639648 23.769979476928710938 43.722026824951171875 45.283374786376953125 121.75887298583984375 151.4516448974609375 180.8239288330078125 213.7413330078125 198.6985321044921875
