wildfire/work/fuelmodels/1743/aspect.asc
ncols        469
nrows        324
xllcorner    194725.000000000000
yllcorner    455055.000000000000
cellsize     5.000000000000
NODATA_value   -999
[rows 95 to 113 of 324, columns 0 to 41 of 469]
0 34.90256500244140625 26.564615249633789062 354.494354248046875 22.324596405029296875 22.945556640625 44.222202301025390625 46.515167236328125 47.796688079833984375 47.2126617431640625 34.394031524658203125 47.93529510498046875 39.8054046630859375 30.023153305053710938 31.834133148193359375 40.292087554931640625 53.772640228271484375 63.336429595947265625 59.931278228759765625 51.581813812255859375 50.64446258544921875 57.252658843994140625 56.956439971923828125 50.4399871826171875 53.426410675048828125 59.03577423095703125 65.51708984375 68.15064239501953125 66.80107879638671875 63.568805694580078125 67.0192108154296875 73.1345672607421875 69.47885894775390625 66.22359466552734375 70.01699066162109375 80.09557342529296875 80.1117401123046875 72.1122589111328125 82.971435546875 83.65961456298828125 68.79711151123046875 61.62041473388671875
0 82.40552520751953125 151.8764801025390625 215.908447265625 126.25101470947265625 100.3038787841796875 104.30002593994140625 120.34339141845703125 79.89076995849609375 54.64086151123046875 46.179210662841796875 44.32305908203125 35.081287384033203125 36.1979827880859375 44.999584197998046875 49.0076751708984375 55.769786834716796875 59.25439453125 48.659183502197265625 47.330387115478515625 58.22109222412109375 61.45981597900390625 55.88535308837890625 45.779544830322265625 54.46219635009765625 67.45697784423828125 68.6876678466796875 66.54946136474609375 58.3352813720703125 51.07244873046875 58.069408416748046875 68.87065887451171875 66.31764984130859375 63.733158111572265625 80.994781494140625 92.41042327880859375 79.8404083251953125 69.44348907470703125 73.73081207275390625 70.15897369384765625 76.7738494873046875 86.596771240234375
0 60.49269866943359375 90.8900604248046875 253.360992431640625 313.91815185546875 57.300357818603515625 67.97507476806640625 75.06850433349609375 136.59112548828125 66.69509124755859375 57.01116943359375 50.771717071533203125 31.940553665161132812 34.991718292236328125 40.807491302490234375 48.791309356689453125 66.96483612060546875 67.05072784423828125 55.724002838134765625 62.311267852783203125 68.53676605224609375 63.0831298828125 51.64862060546875 40.8406982421875 49.996555328369140625 65.75400543212890625 74.32053375244140625 76.27487945556640625 62.1406707763671875 57.994426727294921875 68.6488189697265625 68.932403564453125 53.35388946533203125 51.874301910400390625 63.924152374267578125 61.51735687255859375 63.145259857177734375 73.09725189208984375 74.70326995849609375 58.374233245849609375 54.718563079833984375 62.799152374267578125
0 65.555755615234375 61.636028289794921875 297.986968994140625 202.8909454345703125 127.303619384765625 81.384124755859375 55.007648468017578125 34.3571319580078125 30.9633636474609375 61.168628692626953125 45.87776947021484375 25.441793441772460938 32.95441436767578125 41.912303924560546875 55.02336883544921875 65.96099853515625 52.79537200927734375 48.932826995849609375 60.85581207275390625 59.871051788330078125 46.048091888427734375 38.35143280029296875 45.674072265625 60.0108642578125 65.160675048828125 58.207775115966796875 50.33612060546875 44.999897003173828125 63.56261444091796875 73.66785430908203125 66.03723907470703125 57.178874969482421875 61.29384613037109375 65.8251800537109375 55.885791778564453125 57.8043975830078125 64.82653045654296875 63.778217315673828125 51.48309326171875 53.935546875 65.46910858154296875
0 108.58001708984375 43.452198028564453125 1.9749813079833984375 106.69905853271484375 163.8102874755859375 159.01971435546875 44.060504913330078125 19.148244857788085938 26.716539382934570312 28.132997512817382812 26.490442276000976562 33.134006500244140625 45.496246337890625 48.321502685546875 50.795867919921875 45.864688873291015625 34.695018768310546875 46.046298980712890625 55.007900238037109375 52.907260894775390625 42.783481597900390625 43.48244476318359375 55.72156524658203125 63.156848907470703125 64.578643798828125 58.448352813720703125 52.08312225341796875 57.942516326904296875 69.362152099609375 68.8464508056640625 70.559844970703125 74.176177978515625 74.40732574462890625 70.85562896728515625 62.9044952392578125 66.26898956298828125 69.21181488037109375 63.565937042236328125 59.369762420654296875 64.249664306640625 73.1785888671875
0 62.183338165283203125 330.916717529296875 17.8416290283203125 55.80327606201171875 50.906093597412109375 314.999267578125 321.4461669921875 355.10028076171875 27.9388427734375 18.170068740844726562 17.495801925659179688 43.29283905029296875 49.480129241943359375 41.91944122314453125 43.039890289306640625 39.269008636474609375 40.479888916015625 52.70201873779296875 50.403644561767578125 41.423854827880859375 36.484409332275390625 43.719482421875 52.313091278076171875 57.8520050048828125 62.60431671142578125 63.6344757080078125 58.760723114013671875 58.87754058837890625 60.50849151611328125 61.035785675048828125 72.43985748291015625 81.57305908203125 78.68999481201171875 64.94244384765625 65.89070892333984375 76.93042755126953125 76.92575836181640625 73.9672393798828125 79.60538482666015625 81.869781494140625 77.68047332763671875
0 19.088827133178710938 343.45953369140625 13.981201171875 42.527263641357421875 24.33180999755859375 351.065887451171875 343.2891845703125 3.1491162776947021484 30.494852066040039062 12.970142364501953125 25.661663055419921875 45.52698516845703125 39.644023895263671875 37.234760284423828125 42.962657928466796875 42.184284210205078125 45.8453826904296875 47.63925933837890625 42.954578399658203125 41.5875091552734375 42.922733306884765625 46.506961822509765625 55.58446502685546875 64.04364776611328125 62.928112030029296875 54.3695220947265625 44.01781463623046875 51.24199676513671875 61.28197479248046875 63.434871673583984375 66.2211761474609375 67.3635406494140625 61.886547088623046875 64.3163909912109375 72.09563446044921875 78.514495849609375 81.16985321044921875 85.284942626953125 89.99979400634765625 89.99979400634765625 82.94207763671875
0 52.59497833251953125 57.6336517333984375 353.15667724609375 34.66082000732421875 13.029118537902832031 3.5895364284515380859 7.0013661384582519531 27.966817855834960938 28.685720443725585938 9.3235769271850585938 45.5670623779296875 50.582523345947265625 42.878833770751953125 44.606182098388671875 41.10416412353515625 40.820278167724609375 47.144763946533203125 49.79821014404296875 52.969623565673828125 53.914966583251953125 50.7421722412109375 51.654079437255859375 65.25055694580078125 67.3196258544921875 59.8350830078125 58.46115875244140625 54.3399200439453125 65.5191497802734375 74.77764892578125 70.8206634521484375 64.490234375 64.04311370849609375 60.837589263916015625 61.798137664794921875 74.79168701171875 81.5109710693359375 79.11461639404296875 74.7947235107421875 70.83269500732421875 71.7707061767578125 76.10816192626953125
0 136.81768798828125 144.6275634765625 173.0466156005859375 195.179534912109375 188.801177978515625 169.8376007080078125 103.23827362060546875 26.710142135620117188 21.590662002563476562 26.678920745849609375 49.061496734619140625 44.7347869873046875 42.3264923095703125 43.56781005859375 39.67584991455078125 42.99724578857421875 43.36328887939453125 48.0732879638671875 53.9224090576171875 50.325653076171875 55.4809112548828125 63.960147857666015625 69.2276153564453125 61.373523712158203125 57.0943756103515625 68.7391510009765625 75.50397491455078125 81.3419952392578125 80.3199462890625 76.02447509765625 73.401611328125 70.8985443115234375 70.50678253173828125 77.21094512939453125 76.7426910400390625 69.66927337646484375 65.67426300048828125 67.16632843017578125 67.93184661865234375 70.28739166259765625 78.13967132568359375
0 147.6189727783203125 143.829193115234375 158.3510284423828125 195.55413818359375 180.5983734130859375 209.30084228515625 255.2782135009765625 5.5272793769836425781 23.776559829711914062 38.70087432861328125 38.345737457275390625 37.167278289794921875 42.510379791259765625 42.357463836669921875 38.352611541748046875 43.85417938232421875 42.983303070068359375 47.993083953857421875 49.35863494873046875 47.17200469970703125 56.4357147216796875 58.035488128662109375 59.1667938232421875 57.380680084228515625 60.743564605712890625 72.31285858154296875 76.97216033935546875 81.45703125 78.929779052734375 74.45018768310546875 70.4807281494140625 67.362091064453125 67.77715301513671875 68.88640594482421875 66.17559051513671875 69.134521484375 72.54030609130859375 67.33510589599609375 62.043483734130859375 66.73441314697265625 76.476898193359375
0 142.594482421875 94.70761871337890625 55.873249053955078125 98.12921142578125 204.2269744873046875 273.467559814453125 271.3453369140625 230.4387054443359375 82.47702789306640625 72.64658355712890625 64.29034423828125 60.945499420166015625 52.465179443359375 48.7374420166015625 44.999897003173828125 50.7105255126953125 49.54792022705078125 49.100189208984375 43.710651397705078125 44.171802520751953125 51.556735992431640625 47.34154510498046875 51.314212799072265625 58.79511260986328125 62.241252899169921875 68.0512237548828125 65.287750244140625 62.4639434814453125 65.32311248779296875 67.57372283935546875 68.76346588134765625 72.24518585205078125 75.96361541748046875 76.71790313720703125 81.67374420166015625 81.027069091796875 73.96254730224609375 69.74662017822265625 70.74036407470703125 73.77962493896484375 73.81066131591796875
0 156.038726806640625 319.762481689453125 77.8875579833984375 37.131244659423828125 326.4150390625 316.476531982421875 288.25421142578125 216.74041748046875 142.6656646728515625 125.09407806396484375 111.369873046875 99.2455596923828125 76.759063720703125 66.9669952392578125 59.8365325927734375 57.558544158935546875 51.766021728515625 42.31623077392578125 39.569171905517578125 49.976810455322265625 55.93888092041015625 50.51491546630859375 57.00701904296875 63.505870819091796875 65.7386627197265625 63.663784027099609375 60.111705780029296875 63.0102386474609375 65.762176513671875 65.8785858154296875 71.14176177978515625 85.75424957275390625 87.8957061767578125 81.326416015625 78.34062957763671875 73.16269683837890625 77.67529296875 82.234771728515625 85.38352203369140625 86.87758636474609375 86.37810516357421875
0 288.43426513671875 133.36279296875 123.34616851806640625 296.432830810546875 305.26226806640625 340.918121337890625 165.067291259765625 195.4217529296875 166.15911865234375 150.9446563720703125 142.523468017578125 132.4547882080078125 132.3559112548828125 102.4257965087890625 72.349884033203125 54.400920867919921875 51.953037261962890625 49.310558319091796875 57.131168365478515625 67.93896484375 64.61614990234375 57.01146697998046875 60.01818084716796875 67.3800201416015625 72.87164306640625 70.21661376953125 67.93167877197265625 68.61510467529296875 76.714935302734375 81.491363525390625 78.53055572509765625 82.04227447509765625 84.28913116455078125 73.67315673828125 62.70069122314453125 66.47675323486328125 84.569732666015625 90.7013092041015625 85.029937744140625 72.62917327880859375 72.41814422607421875
0 0 0 259.22772216796875 307.9681396484375 294.642303466796875 81.20963287353515625 114.90494537353515625 167.5171356201171875 168.950653076171875 157.1348114013671875 155.0629425048828125 155.02642822265625 161.564208984375 135.7433319091796875 120.465911865234375 80.25632476806640625 76.274505615234375 72.55234527587890625 68.7160491943359375 72.200531005859375 72.9735260009765625 66.93521881103515625 64.57297515869140625 72.39084625244140625 73.0722503662109375 68.361968994140625 72.6573944091796875 71.78934478759765625 72.3850555419921875 76.551300048828125 82.29218292236328125 80.94738006591796875 77.69203948974609375 69.114532470703125 63.024700164794921875 62.6177520751953125 69.153717041015625 68.57923126220703125 63.434673309326171875 83.133514404296875 87.89608001708984375
0 281.821319580078125 247.65771484375 231.9610137939453125 253.1836395263671875 230.09222412109375 148.527618408203125 132.9245452880859375 153.4348907470703125 157.770111083984375 152.895660400390625 150.1637725830078125 156.2503814697265625 170.646728515625 164.2808074951171875 175.6014556884765625 141.5196380615234375 107.2409515380859375 100.82692718505859375 92.35277557373046875 83.21053314208984375 72.2550048828125 57.557643890380859375 65.13632965087890625 72.94537353515625 72.20574951171875 76.94474029541015625 78.607666015625 76.92066192626953125 75.1343231201171875 72.4394073486328125 76.71500396728515625 81.25360870361328125 74.8353118896484375 73.53220367431640625 82.8743133544921875 73.9593963623046875 71.82176971435546875 69.136444091796875 78.88689422607421875 103.570098876953125 113.1354217529296875
0 208.8108062744140625 210.52935791015625 223.385986328125 220.9829254150390625 205.5678863525390625 160.5186920166015625 164.258697509765625 182.72589111328125 145.8134307861328125 148.102691650390625 153.4343719482421875 152.760101318359375 162.395050048828125 173.937652587890625 184.5533447265625 165.2328948974609375 143.59564208984375 131.9175262451171875 111.74985504150390625 93.8438720703125 76.40248870849609375 65.0095672607421875 73.4800262451171875 73.31159210205078125 69.87541961669921875 75.65740966796875 85.794189453125 89.02208709716796875 81.0488739013671875 77.05736541748046875 86.39421844482421875 95.44960784912109375 94.21370697021484375 97.430908203125 106.927093505859375 101.30921173095703125 87.7090606689453125 93.275726318359375 100.6920166015625 93.8138580322265625 88.42330169677734375
0 204.837158203125 177.5628662109375 221.254547119140625 233.6700286865234375 225.3905792236328125 167.2318878173828125 184.504364013671875 194.2772979736328125 166.352203369140625 155.11212158203125 154.813629150390625 152.74407958984375 153.98028564453125 176.11663818359375 177.160552978515625 164.2488250732421875 167.4709014892578125 154.85479736328125 117.67586517333984375 97.3806304931640625 91.46852874755859375 88.46532440185546875 82.87476348876953125 78.48590087890625 74.1972503662109375 74.5601959228515625 81.253692626953125 86.2684173583984375 85.4259490966796875 89.65470123291015625 91.1015167236328125 91.22747802734375 85.38352203369140625 82.0790557861328125 88.46855926513671875 118.41304779052734375 112.8444366455078125 102.85987091064453125 100.0079345703125 97.8997039794921875 90.25225067138671875
0 203.0678558349609375 203.296417236328125 183.3993682861328125 229.6159210205078125 214.6447296142578125 188.01177978515625 193.5178985595703125 189.4063262939453125 184.7852630615234375 173.7736053466796875 165.214111328125 162.775909423828125 145.1404876708984375 166.3097076416015625 163.401397705078125 157.2852783203125 181.2727203369140625 179.0202484130859375 155.7984466552734375 128.1766357421875 93.9766693115234375 80.58184051513671875 80.6870269775390625 78.191253662109375 74.28302764892578125 77.060272216796875 83.06005096435546875 85.60102081298828125 89.59320831298828125 92.3998565673828125 82.62237548828125 76.09696197509765625 76.30925750732421875 83.21666717529296875 92.8956451416015625 109.43999481201171875 106.11315155029296875 101.6165618896484375 100.61956024169921875 110.93131256103515625 114.44394683837890625
0 195.9449615478515625 192.609222412109375 179.383575439453125 192.153533935546875 200.4244537353515625 198.4686279296875 194.4567413330078125 197.27947998046875 198.4994659423828125 184.0658111572265625 179.18353271484375 183.53680419921875 167.660308837890625 155.5556793212890625 150.94512939453125 141.0480194091796875 170.454986572265625 186.2935333251953125 175.7904815673828125 161.7711334228515625 133.1320953369140625 99.41559600830078125 93.3432769775390625 86.36171722412109375 77.3534698486328125 78.8259735107421875 83.7888641357421875 85.04967498779296875 84.45999908447265625 87.00449371337890625 87.69377899169921875 82.2839813232421875 83.289794921875 101.55511474609375 107.487640380859375 115.20098114013671875 111.56169891357421875 111.61421966552734375 99.26738739013671875 86.6886749267578125 95.33892822265625
