wildfire/work/fuelmodels/1743/aspect.asc
ncols        469
nrows        324
xllcorner    194725.000000000000
yllcorner    455055.000000000000
cellsize     5.000000000000
NODATA_value   -999
[rows 247 to 265 of 324, columns 420 to 461 of 469]
245.734954833984375 242.2294769287109375 233.0798797607421875 233.5724639892578125 222.3292388916015625 218.4452056884765625 217.54949951171875 218.6387481689453125 216.20196533203125 205.0830078125 203.434478759765625 195.5951690673828125 195.85455322265625 203.757110595703125 198.649017333984375 197.33642578125 198.5787200927734375 218.8529052734375 238.689697265625 59.26424407958984375 64.09314727783203125 55.41564178466796875 39.472637176513671875 36.06093597412109375 45.979427337646484375 78.8114166259765625 122.8282318115234375 131.447784423828125 120.20278167724609375 265.1005859375 176.0098419189453125 124.9084014892578125 110.474884033203125 98.9393768310546875 95.96425628662109375 103.0548858642578125 87.57976531982421875 22.009836196899414062 65.353271484375 79.26045989990234375 70.90619659423828125 67.5335693359375
254.457305908203125 240.29205322265625 230.865478515625 234.6192626953125 223.9250640869140625 212.650482177734375 211.9874420166015625 210.43670654296875 209.8062591552734375 207.93084716796875 206.6566925048828125 202.295166015625 198.4344329833984375 205.4627227783203125 206.440521240234375 202.78216552734375 204.069732666015625 207.9285125732421875 207.40167236328125 176.797332763671875 151.7822418212890625 75.19103240966796875 63.0723724365234375 108.90406036376953125 137.21441650390625 133.15875244140625 139.02166748046875 173.2334442138671875 193.133392333984375 234.0896453857421875 113.19945526123046875 88.8765411376953125 84.05281829833984375 74.054229736328125 80.6468505859375 85.8549346923828125 57.263378143310546875 63.434070587158203125 90.56717681884765625 85.19200897216796875 82.2079315185546875 87.35736083984375
248.3170623779296875 232.3520050048828125 220.199951171875 225.61236572265625 224.666534423828125 214.49163818359375 201.6999664306640625 210.2432861328125 210.0680999755859375 214.3799591064453125 215.9329071044921875 212.4268798828125 208.5859375 213.0104522705078125 215.8072509765625 201.7318878173828125 203.0844573974609375 206.73004150390625 201.6556243896484375 184.8277587890625 194.08343505859375 191.54638671875 131.3857421875 134.494049072265625 150.925628662109375 155.0405731201171875 154.826141357421875 231.910888671875 259.248748779296875 302.9041748046875 31.3289794921875 74.00203704833984375 65.38932037353515625 60.67983245849609375 71.02985382080078125 60.64215087890625 42.754543304443359375 76.5046234130859375 86.98729705810546875 85.42664337158203125 91.57707977294921875 84.80544281005859375
247.873138427734375 222.67864990234375 213.6901702880859375 228.05242919921875 230.1359710693359375 214.770538330078125 201.8782196044921875 218.1178131103515625 214.99169921875 224.0201263427734375 221.5310821533203125 211.3094329833984375 211.7468109130859375 215.5372772216796875 218.0882568359375 196.6256256103515625 192.0580291748046875 207.6569366455078125 205.948577880859375 200.738311767578125 191.7311553955078125 177.1252593994140625 156.86968994140625 144.5012664794921875 150.47271728515625 175.50244140625 218.8529052734375 261.869384765625 289.377532958984375 322.32537841796875 59.0366973876953125 79.734893798828125 51.953258514404296875 62.281597137451171875 66.0657958984375 45.545257568359375 54.366580963134765625 66.25023651123046875 80.33972930908203125 86.25644683837890625 83.0722808837890625 73.17876434326171875
233.6797637939453125 209.5603485107421875 205.7693023681640625 228.2563323974609375 228.239013671875 211.429168701171875 214.5392608642578125 216.9508819580078125 204.6956787109375 223.3065643310546875 219.9423065185546875 210.5470428466796875 218.096038818359375 218.166229248046875 212.2615509033203125 194.4549407958984375 192.2190093994140625 210.61199951171875 204.03955078125 193.46142578125 175.8992767333984375 165.458984375 161.2232666015625 156.8386383056640625 177.3734283447265625 275.6473388671875 299.796875 306.2529296875 310.824554443359375 89.9987030029296875 133.8182373046875 129.034576416015625 104.85707855224609375 94.52806854248046875 89.2550048828125 59.03559112548828125 60.300785064697265625 41.784221649169921875 62.553211212158203125 81.11899566650390625 92.725860595703125 100.5385894775390625
224.9994659423828125 212.8284454345703125 206.210968017578125 221.3661041259765625 224.9994659423828125 219.472198486328125 225.8608551025390625 221.98681640625 200.4925537109375 226.3742523193359375 222.1369476318359375 214.5853118896484375 222.43560791015625 219.093414306640625 209.6492462158203125 203.3041839599609375 207.36322021484375 197.3421630859375 181.384490966796875 181.268310546875 176.836669921875 166.1977691650390625 169.114013671875 239.696563720703125 297.5814208984375 314.999267578125 321.9744873046875 317.131866455078125 347.734466552734375 112.412261962890625 139.573699951171875 167.3187255859375 143.8065032958984375 108.22855377197265625 73.12329864501953125 53.258945465087890625 69.82000732421875 56.481632232666015625 56.6188507080078125 57.155437469482421875 72.68877410888671875 95.38942718505859375
218.290130615234375 209.3316192626953125 223.131866455078125 237.8574981689453125 235.7835693359375 224.9994659423828125 225.9087066650390625 220.881103515625 204.71685791015625 224.999053955078125 218.6045074462890625 217.8299407958984375 227.3370513916015625 215.7536773681640625 200.162200927734375 197.89385986328125 196.8277587890625 182.6558380126953125 169.6533355712890625 184.138763427734375 202.8584747314453125 214.9021453857421875 291.434173583984375 313.228118896484375 323.20404052734375 323.4375 312.2066650390625 254.744171142578125 140.463531494140625 118.51094818115234375 86.63433837890625 75.4671630859375 105.01833343505859375 71.56488037109375 16.645153045654296875 41.600307464599609375 60.43961334228515625 52.12506103515625 51.582611083984375 65.4561767578125 73.5508880615234375 82.82798004150390625
204.813720703125 207.552337646484375 238.3666534423828125 243.6276397705078125 240.0175323486328125 221.5519256591796875 224.0029144287109375 227.40521240234375 221.671875 234.36572265625 218.2456512451171875 221.7291412353515625 225.6622161865234375 210.1541900634765625 195.944671630859375 192.9215850830078125 198.168853759765625 197.3081512451171875 202.37872314453125 286.64453125 294.385101318359375 306.44976806640625 311.40673828125 311.774688720703125 311.15313720703125 258.272613525390625 205.879302978515625 163.3003997802734375 146.90814208984375 159.622772216796875 163.808319091796875 110.8975830078125 91.78942108154296875 1.3974896669387817383 12.095209121704101562 60.5620880126953125 62.4750213623046875 44.274509429931640625 57.2003936767578125 77.33446502685546875 81.51807403564453125 86.22442626953125
275.44085693359375 286.294158935546875 279.161529541015625 270.95367431640625 262.95343017578125 246.5407257080078125 258.689453125 261.383544921875 256.1080322265625 256.463836669921875 240.4614105224609375 236.8883819580078125 238.0380096435546875 234.5481414794921875 233.5675201416015625 236.3091278076171875 257.85498046875 249.1198883056640625 248.8379974365234375 258.845001220703125 267.206878662109375 270.245147705078125 255.503387451171875 219.3261566162109375 195.0856781005859375 182.1012725830078125 180.258880615234375 161.995330810546875 162.613006591796875 200.265411376953125 195.9440460205078125 138.3014373779296875 145.306610107421875 314.999267578125 21.037012100219726562 66.250030517578125 63.231838226318359375 50.7813568115234375 59.8082733154296875 68.0253448486328125 73.16806793212890625 75.66159820556640625
331.761749267578125 327.77801513671875 316.286865234375 300.529022216796875 311.28375244140625 325.459228515625 305.888458251953125 303.55023193359375 278.34375 266.760223388671875 234.46246337890625 207.52471923828125 229.7632293701171875 241.4482574462890625 242.839813232421875 225.0003204345703125 218.0887908935546875 217.7100067138671875 229.4357147216796875 233.9061431884765625 233.806365966796875 220.576568603515625 200.9339141845703125 194.5704803466796875 191.59173583984375 188.2969970703125 174.471954345703125 167.470550537109375 185.9805908203125 219.8054046630859375 229.8984375 96.33570098876953125 319.39776611328125 314.999267578125 8.745635986328125 31.102993011474609375 34.491729736328125 38.11777496337890625 54.782470703125 40.15601348876953125 47.41930389404296875 62.45374298095703125
268.227081298828125 282.33758544921875 233.1297607421875 253.8861236572265625 262.724700927734375 250.7692108154296875 235.618743896484375 202.228851318359375 204.9178924560546875 215.6973419189453125 185.0535888671875 186.7790985107421875 217.25482177734375 219.8413543701171875 221.8630218505859375 211.3895416259765625 200.878509521484375 214.338409423828125 217.3034210205078125 223.1156158447265625 216.8692779541015625 200.12799072265625 200.042083740234375 199.1598663330078125 192.8325042724609375 193.025634765625 179.261749267578125 175.043548583984375 210.0685882568359375 233.5514068603515625 234.0269775390625 247.6194915771484375 303.3883056640625 324.258941650390625 350.08294677734375 8.04319000244140625 34.629215240478515625 46.660221099853515625 55.7243804931640625 36.573337554931640625 65.51087188720703125 71.26920318603515625
209.5155181884765625 195.683868408203125 191.70001220703125 228.6006011962890625 213.1350555419921875 190.175262451171875 195.9450531005859375 192.703399658203125 208.3927001953125 218.135955810546875 186.1156158447265625 196.74969482421875 224.420623779296875 216.94061279296875 220.8599700927734375 212.3797149658203125 201.655426025390625 213.92926025390625 213.4398040771484375 220.8487396240234375 211.15863037109375 200.48626708984375 210.3614044189453125 201.4472808837890625 188.63275146484375 191.6972808837890625 192.582489013671875 196.7615814208984375 216.648590087890625 234.26373291015625 230.843841552734375 242.98065185546875 276.86590576171875 314.998931884765625 343.243804931640625 12.639307975769042969 46.21871185302734375 49.085239410400390625 45.753330230712890625 64.160064697265625 92.38555145263671875 76.6693267822265625
239.237060546875 230.9053497314453125 260.058441162109375 269.999359130859375 255.783782958984375 260.13427734375 296.113128662109375 310.60186767578125 283.091644287109375 273.36566162109375 156.8055572509765625 190.220947265625 218.1065826416015625 206.1998443603515625 219.882049560546875 219.03497314453125 205.9248809814453125 206.114013671875 205.506561279296875 209.50018310546875 211.2920989990234375 221.9051513671875 228.5760955810546875 200.5558013916015625 180.8178863525390625 181.3165283203125 201.037078857421875 222.9392242431640625 234.9399871826171875 238.683380126953125 241.7821502685546875 261.430206298828125 275.449188232421875 294.554473876953125 334.4390869140625 17.605051040649414062 33.3757476806640625 32.4063568115234375 38.37392425537109375 56.513935089111328125 58.570491790771484375 65.42594146728515625
317.244598388671875 329.76837158203125 320.806427001953125 309.660186767578125 320.0794677734375 330.94488525390625 330.609649658203125 337.306304931640625 285.459808349609375 232.9881134033203125 169.2877349853515625 169.8742828369140625 213.30975341796875 211.5351409912109375 233.048492431640625 230.388702392578125 210.191436767578125 201.271148681640625 201.73974609375 207.367279052734375 209.5208740234375 217.18450927734375 211.944854736328125 193.04962158203125 179.1443023681640625 175.155670166015625 220.695037841796875 244.3083038330078125 240.0301055908203125 224.402984619140625 248.1983642578125 267.66217041015625 271.0045166015625 271.108123779296875 298.105133056640625 12.628846168518066406 26.665231704711914062 31.6751708984375 46.636615753173828125 55.326263427734375 57.83861541748046875 54.202495574951171875
296.38330078125 308.46221923828125 319.3037109375 313.864593505859375 315.578125 332.487548828125 345.112335205078125 5.1955633163452148438 2.7310516834259033203 199.9853515625 171.5301971435546875 215.5368804931640625 258.692169189453125 257.829742431640625 248.304412841796875 228.5314483642578125 230.1270294189453125 233.52862548828125 198.4335174560546875 211.408416748046875 215.618255615234375 220.5327606201171875 207.223541259765625 197.6876983642578125 186.89971923828125 190.38848876953125 230.355072021484375 234.8833465576171875 222.5966644287109375 218.436920166015625 251.9561767578125 258.4320068359375 260.133636474609375 266.536285400390625 269.999359130859375 348.690948486328125 16.886432647705078125 31.451717376708984375 45.48535919189453125 47.053356170654296875 54.057647705078125 45.28643035888671875
294.303680419921875 292.108123779296875 307.7457275390625 321.962554931640625 331.08990478515625 340.5291748046875 358.601654052734375 17.447309494018554688 29.744810104370117188 30.066972732543945312 33.689571380615234375 297.89617919921875 322.12359619140625 326.30816650390625 250.2012939453125 218.659393310546875 239.8931121826171875 238.3488922119140625 154.9819488525390625 202.379058837890625 225.6581573486328125 221.6981964111328125 201.5014190673828125 211.463470458984375 203.57421875 212.9051666259765625 239.7431488037109375 232.8732757568359375 222.9721221923828125 238.0254669189453125 258.223114013671875 257.7490234375 258.689208984375 264.77618408203125 253.4423675537109375 224.1047821044921875 299.357330322265625 4.6480388641357421875 36.299732208251953125 42.81272125244140625 51.3401641845703125 46.414257049560546875
327.669097900390625 317.36529541015625 304.795196533203125 317.030303955078125 348.1971435546875 0.65868026018142700195 12.529035568237304688 14.264007568359375 33.88602447509765625 36.528964996337890625 26.564989089965820312 304.69427490234375 295.819549560546875 90.00707244873046875 269.997802734375 282.527496337890625 260.059295654296875 231.7101593017578125 185.38848876953125 185.5241241455078125 218.289947509765625 205.974395751953125 196.0485992431640625 216.8011932373046875 214.15875244140625 212.618316650390625 229.048736572265625 226.145050048828125 224.999969482421875 246.250335693359375 253.925811767578125 254.3289337158203125 257.70806884765625 258.689605712890625 260.079620361328125 290.322723388671875 299.490509033203125 333.207733154296875 34.695392608642578125 45.729892730712890625 47.700412750244140625 44.421047210693359375
326.658599853515625 327.853179931640625 316.300994873046875 318.44122314453125 352.605621337890625 8.56912994384765625 7.5947589874267578125 10.619485855102539062 30.618061065673828125 31.945034027099609375 12.600199699401855469 338.74884033203125 0 6.8405513763427734375 314.999267578125 298.29913330078125 234.4617919921875 205.1673126220703125 193.7804107666015625 181.6046905517578125 183.8781585693359375 190.61932373046875 196.1130828857421875 210.6402740478515625 214.6944122314453125 217.0294952392578125 228.850067138671875 226.06060791015625 227.920379638671875 244.417724609375 247.5375518798828125 248.517303466796875 253.2575836181640625 251.4660797119140625 259.100494384765625 285.00042724609375 302.3568115234375 317.92626953125 21.801677703857421875 42.525577545166015625 44.665615081787109375 51.657192230224609375
305.76422119140625 314.999267578125 332.151611328125 331.555999755859375 339.0142822265625 357.165069580078125 7.1884856224060058594 24.347486495971679688 36.869693756103515625 25.676395416259765625 11.3102264404296875 4.185268402099609375 26.145732879638671875 16.3890838623046875 224.9994659423828125 192.65240478515625 171.0272674560546875 182.6016845703125 188.8632049560546875 185.7618255615234375 179.9995880126953125 194.0356903076171875 200.6237945556640625 204.7432861328125 218.088104248046875 216.92913818359375 217.31561279296875 220.8147735595703125 230.616455078125 245.694305419921875 251.160797119140625 250.4627838134765625 249.5666046142578125 246.272491455078125 248.404022216796875 256.890228271484375 271.06695556640625 287.03192138671875 25.017072677612304688 58.448352813720703125 59.7129058837890625 69.66831207275390625
