wildfire/work/fuelmodels/1743/aspect.asc
ncols        469
nrows        324
xllcorner    194725.000000000000
yllcorner    455055.000000000000
cellsize     5.000000000000
NODATA_value   -999
[rows 0 to 18 of 324, columns 84 to 125 of 469]
0 0 0 0 0 0 0 0 0 0 0 0 0 0 0 0 0 0 0 0 0 0 0 0 0 0 0 0 0 0 0 0 0 0 0 0 0 0 0 0 0 0
103.240234375 106.308685302734375 137.7632293701171875 164.673187255859375 134.9999542236328125 131.7661285400390625 137.6612091064453125 344.743682861328125 119.62316131591796875 184.806915283203125 226.4435272216796875 239.1939239501953125 224.08990478515625 164.3573455810546875 220.1147003173828125 228.5513763427734375 255.0043487548828125 272.960296630859375 254.791412353515625 208.539459228515625 219.804840087890625 266.697235107421875 110.85471343994140625 113.198577880859375 142.2367401123046875 119.96210479736328125 105.17661285400390625 108.43556976318359375 132.6142120361328125 197.020050048828125 229.8433837890625 251.564453125 340.70831298828125 25.016515731811523438 104.38095855712890625 169.2496185302734375 207.7833404541015625 187.9259796142578125 162.553009033203125 145.4915924072265625 313.408966064453125 321.087860107421875
119.12866973876953125 107.78360748291015625 121.5775299072265625 139.8989715576171875 132.494903564453125 124.95830535888671875 295.1318359375 21.297063827514648438 100.1753997802734375 195.5719146728515625 228.26983642578125 236.2384033203125 215.876617431640625 185.527557373046875 233.12982177734375 244.4927215576171875 256.81182861328125 256.68353271484375 237.6921844482421875 228.5754852294921875 237.2944793701171875 216.500732421875 151.1132659912109375 135.63641357421875 137.748016357421875 113.3293609619140625 109.88494873046875 132.6618804931640625 119.60344696044921875 163.412384033203125 212.066741943359375 224.04443359375 218.796173095703125 186.346160888671875 85.88144683837890625 108.4356689453125 246.369781494140625 154.7214508056640625 181.1226959228515625 245.954376220703125 299.3309326171875 319.235443115234375
109.65360260009765625 105.33805084228515625 113.05089569091796875 93.6324615478515625 75.25603485107421875 80.13376617431640625 224.1811676025390625 156.75250244140625 130.735595703125 225.6501617431640625 241.126373291015625 238.5530853271484375 213.3816986083984375 223.331207275390625 258.688995361328125 270.3782958984375 262.404541015625 252.3648529052734375 237.4816741943359375 249.6907501220703125 259.37969970703125 158.4285430908203125 139.57373046875 139.634979248046875 120.96305084228515625 88.171661376953125 90.58409881591796875 128.9268341064453125 147.241302490234375 158.4279327392578125 183.94488525390625 210.24078369140625 203.3336944580078125 188.60430908203125 162.8235015869140625 176.7101287841796875 213.9298858642578125 137.161224365234375 276.84283447265625 277.125030517578125 257.61883544921875 234.129180908203125
111.91717529296875 116.31226348876953125 146.766998291015625 33.929401397705078125 63.874378204345703125 99.97486114501953125 156.3565521240234375 157.5466766357421875 162.01806640625 231.3397216796875 235.5121612548828125 224.9999542236328125 212.4713592529296875 250.0668182373046875 270.281463623046875 282.486907958984375 273.45928955078125 245.46685791015625 214.954010009765625 219.9073638916015625 214.764862060546875 144.3950042724609375 140.635711669921875 173.345184326171875 165.7835845947265625 97.12465667724609375 76.5039520263671875 72.15975189208984375 65.22505950927734375 104.34820556640625 134.075439453125 183.6513519287109375 199.982757568359375 199.683135986328125 198.0193634033203125 205.7685089111328125 182.4056854248046875 177.7977752685546875 202.3796539306640625 200.3224334716796875 214.9448394775390625 198.6448516845703125
117.2126312255859375 123.14327239990234375 177.0313568115234375 192.651947021484375 123.6894378662109375 105.76165008544921875 99.56011199951171875 95.46436309814453125 194.0319366455078125 255.517730712890625 238.897003173828125 226.5691680908203125 238.6496429443359375 255.119293212890625 251.8690643310546875 256.108306884765625 255.4652862548828125 208.4125823974609375 205.5810089111328125 214.0110015869140625 201.929290771484375 162.416046142578125 156.2687835693359375 188.0351715087890625 184.6983642578125 152.949493408203125 86.51654815673828125 37.49298095703125 34.992053985595703125 60.123638153076171875 81.86956024169921875 84.98728179931640625 282.72344970703125 286.11285400390625 289.3585205078125 239.9300537109375 187.6961822509765625 161.09600830078125 171.655670166015625 201.8007659912109375 207.1939239501953125 188.199615478515625
103.6985626220703125 98.5779266357421875 125.79026031494140625 196.388671875 117.77642059326171875 94.21392059326171875 73.4052886962890625 37.32125091552734375 6.1320843696594238281 299.35595703125 221.347412109375 226.635986328125 244.6119232177734375 252.55242919921875 243.4346466064453125 232.989227294921875 217.8746490478515625 192.1710968017578125 203.6698150634765625 199.7591705322265625 194.50628662109375 179.7881011962890625 172.874420166015625 191.30938720703125 198.4346771240234375 185.19415283203125 163.3006744384765625 82.87613677978515625 83.89707183837890625 77.371673583984375 48.012737274169921875 10.561689376831054688 335.2716064453125 314.998779296875 297.255828857421875 293.75103759765625 59.028392791748046875 102.87509918212890625 94.186614990234375 245.375152587890625 190.256134033203125 179.9995880126953125
78.7720184326171875 64.3111114501953125 30.217044830322265625 32.348094940185546875 92.0606536865234375 105.31302642822265625 116.5646514892578125 152.102081298828125 149.6563720703125 149.8083038330078125 219.8054656982421875 245.8540496826171875 253.44256591796875 250.83636474609375 238.8074493408203125 219.7690887451171875 213.6894683837890625 202.41204833984375 194.6062774658203125 189.624847412109375 199.5362548828125 202.4663543701171875 194.4197235107421875 193.078887939453125 211.12200927734375 221.6323089599609375 197.0208740234375 152.474456787109375 114.7744903564453125 89.54889678955078125 31.218389511108398438 345.004364013671875 337.067169189453125 349.77557373046875 335.771514892578125 335.560638427734375 133.1817169189453125 146.3097076416015625 183.9439849853515625 184.4001617431640625 146.7685699462890625 171.38421630859375
66.5473785400390625 74.79430389404296875 105.12384033203125 123.3662567138671875 105.5842742919921875 101.309783935546875 117.4539947509765625 159.842132568359375 166.3095703125 165.963226318359375 265.364166259765625 271.094024658203125 263.38543701171875 239.5337371826171875 226.1121063232421875 219.4542388916015625 228.3655548095703125 226.6205596923828125 206.847076416015625 198.0032806396484375 210.43951416015625 208.790496826171875 194.5651092529296875 193.47784423828125 223.00115966796875 227.725341796875 194.2166748046875 143.1304931640625 96.34020233154296875 67.5427703857421875 11.768006324768066406 317.288604736328125 217.8731231689453125 269.996246337890625 118.30609893798828125 140.55255126953125 138.365997314453125 148.239898681640625 181.5904388427734375 183.281158447265625 167.7747039794921875 181.973907470703125
100.4915771484375 104.2040252685546875 122.33446502685546875 130.10015869140625 109.311126708984375 98.4923553466796875 101.40857696533203125 119.66713714599609375 171.8701934814453125 224.9994659423828125 260.67584228515625 262.3031005859375 238.670806884765625 217.875152587890625 224.3832855224609375 246.4841461181640625 261.993927001953125 263.866973876953125 264.0926513671875 158.961669921875 189.782440185546875 193.939971923828125 189.3445587158203125 208.3005218505859375 226.1221771240234375 219.8049163818359375 209.2916412353515625 176.4962310791015625 99.1627349853515625 54.926036834716796875 77.19602203369140625 156.5016937255859375 199.1798248291015625 270.939483642578125 91.636077880859375 105.52398681640625 79.694793701171875 86.5161895751953125 138.0119476318359375 193.81536865234375 184.3987884521484375 184.0431671142578125
135.3961181640625 139.6061248779296875 147.5284881591796875 161.56451416015625 144.8836669921875 126.02680206298828125 129.1355133056640625 161.565185546875 180.9389495849609375 217.4042816162109375 249.1277008056640625 243.953521728515625 224.1574249267578125 219.7258148193359375 227.0202484130859375 229.0528564453125 230.304779052734375 243.885833740234375 230.28912353515625 147.9937744140625 150.3762054443359375 173.9552154541015625 201.5015869140625 218.1812744140625 208.2530670166015625 202.5069427490234375 212.618927001953125 219.7258148193359375 261.0272216796875 87.8798980712890625 112.80986785888671875 155.8546142578125 255.963958740234375 278.841583251953125 94.94968414306640625 109.0928802490234375 169.3801116943359375 103.09934234619140625 101.97568511962890625 254.054412841796875 206.5660247802734375 166.6055145263671875
135.41314697265625 157.7699737548828125 151.521148681640625 157.782318115234375 142.5491485595703125 130.072479248046875 140.1604766845703125 188.6728515625 184.5731964111328125 184.7994384765625 216.166259765625 229.4841766357421875 228.3270721435546875 186.7090911865234375 189.3658294677734375 204.623260498046875 220.536773681640625 228.2281341552734375 201.929046630859375 173.3862152099609375 164.2907562255859375 169.0762939453125 195.4993133544921875 213.79888916015625 193.391571044921875 183.9642333984375 210.6180877685546875 219.1870880126953125 203.1981201171875 147.99371337890625 126.20192718505859375 214.6963958740234375 252.64556884765625 209.8135833740234375 130.300933837890625 144.1298980712890625 176.3665313720703125 125.6222686767578125 118.68437957763671875 281.3115234375 329.0350341796875 17.021783828735351562
113.34743499755859375 176.5514373779296875 324.461181640625 54.554180145263671875 101.22730255126953125 119.05432891845703125 134.9996795654296875 184.2048797607421875 186.339447021484375 172.09222412109375 220.1628875732421875 234.9499053955078125 211.808837890625 166.9145355224609375 173.535400390625 213.758026123046875 227.397705078125 223.071990966796875 194.7431793212890625 179.303741455078125 178.654571533203125 187.8144683837890625 198.103729248046875 224.3702239990234375 179.9995880126953125 156.1932525634765625 214.8239593505859375 222.2203521728515625 205.11431884765625 167.0051422119140625 166.262725830078125 172.403045654296875 165.1737213134765625 172.1233367919921875 157.275482177734375 162.4075775146484375 178.26287841796875 116.5653228759765625 100.48915863037109375 280.492523193359375 310.0302734375 11.689716339111328125
71.41668701171875 0.6297238469123840332 258.69012451171875 118.04010772705078125 101.74554443359375 88.818572998046875 87.18398284912109375 123.68910980224609375 219.28759765625 278.12860107421875 271.929412841796875 240.678497314453125 201.2324981689453125 171.1073150634765625 178.0691070556640625 218.417388916015625 220.261993408203125 219.545501708984375 193.911956787109375 188.70159912109375 200.375457763671875 205.5224151611328125 216.5729827880859375 220.7111053466796875 174.0528106689453125 146.5590667724609375 259.4173583984375 256.957611083984375 237.319122314453125 206.5658111572265625 208.008636474609375 142.6395263671875 138.678070068359375 155.8148651123046875 171.6559906005859375 191.1289825439453125 212.150421142578125 114.449676513671875 37.874668121337890625 289.65203857421875 266.985870361328125 134.9996795654296875
100.78404998779296875 117.64593505859375 137.837982177734375 137.81982421875 124.23729705810546875 80.4801788330078125 53.219512939453125 11.136377334594726562 359.517974853515625 338.749542236328125 311.056182861328125 233.6519775390625 204.5506439208984375 212.7348785400390625 259.694366455078125 272.1192626953125 251.8690643310546875 241.1883544921875 212.470245361328125 218.570648193359375 233.1296234130859375 216.8690643310546875 230.1281585693359375 228.3665618896484375 210.37762451171875 308.796295166015625 314.999267578125 303.04266357421875 246.5705108642578125 210.0044097900390625 174.4000244140625 141.2034149169921875 110.714385986328125 92.72669219970703125 120.96457672119140625 195.8321533203125 240.3116912841796875 256.606048583984375 8.1292085647583007812 311.727996826171875 284.533905029296875 134.9996795654296875
141.370452880859375 164.1565399169921875 151.3583526611328125 136.735748291015625 151.0490570068359375 126.59095001220703125 140.024322509765625 198.4348297119140625 266.986114501953125 3.3684124946594238281 337.25140380859375 333.8857421875 334.288787841796875 308.417633056640625 322.252777099609375 352.567840576171875 338.050537109375 301.715179443359375 273.918487548828125 282.31878662109375 288.824127197265625 285.946990966796875 246.8018341064453125 242.3536376953125 243.433135986328125 276.03216552734375 288.434051513671875 307.568023681640625 185.1929168701171875 173.9553375244140625 168.5028533935546875 163.0087432861328125 100.22197723388671875 70.200653076171875 73.70587158203125 0 273.690521240234375 269.999359130859375 296.5643310546875 298.739501953125 328.39208984375 358.829803466796875
163.356842041015625 165.9632568359375 177.473419189453125 178.7810821533203125 136.9750213623046875 131.8936767578125 145.807861328125 211.5513458251953125 246.6820526123046875 329.53570556640625 332.04864501953125 338.6571044921875 0.74393218755722045898 325.15313720703125 279.535614013671875 310.2354736328125 344.743988037109375 323.61480712890625 320.946533203125 319.473907470703125 330.7503662109375 35.837169647216796875 280.12530517578125 284.8084716796875 278.426605224609375 264.44610595703125 259.236419677734375 206.5637054443359375 133.2369232177734375 151.0902252197265625 189.30975341796875 207.582550048828125 157.6153564453125 54.781368255615234375 55.885303497314453125 330.421142578125 319.084991455078125 344.7447509765625 274.763916015625 289.884765625 320.7098388671875 341.56427001953125
184.005218505859375 187.7784881591796875 228.1793975830078125 219.70989990234375 128.76531982421875 131.3585205078125 123.9962310791015625 287.4171142578125 283.5938720703125 297.299041748046875 299.356964111328125 310.50164794921875 17.281497955322265625 63.434803009033203125 247.4561920166015625 259.260040283203125 316.546600341796875 311.632568359375 314.4482421875 314.273345947265625 331.8572998046875 40.42588043212890625 316.547149658203125 311.307769775390625 313.898162841796875 296.404571533203125 297.83746337890625 133.21075439453125 126.253509521484375 143.0264129638671875 232.0014495849609375 255.256256103515625 267.27227783203125 344.05340576171875 355.682647705078125 0 6.1269822120666503906 34.991962432861328125 14.035953521728515625 281.309051513671875 295.143829345703125 314.999267578125
269.999359130859375 281.30926513671875 292.16583251953125 143.7457733154296875 134.9996795654296875 158.3336944580078125 281.30926513671875 274.89862060546875 259.938690185546875 245.3217926025390625 255.357391357421875 258.11090087890625 15.2544097900390625 55.304718017578125 302.061309814453125 309.014434814453125 328.323760986328125 308.6595458984375 274.9395751953125 246.251922607421875 253.8107147216796875 345.378631591796875 320.491180419921875 304.458709716796875 306.09674072265625 301.096954345703125 308.41912841796875 102.9073486328125 94.87372589111328125 27.896970748901367188 308.516326904296875 316.620361328125 355.601165771484375 335.81988525390625 314.3165283203125 283.20062255859375 273.369140625 39.863452911376953125 26.38434600830078125 331.387847900390625 287.52471923828125 0
