wildfire/work/fuelmodels/1743/slope.asc
ncols        469
nrows        324
xllcorner    194725.000000000000
yllcorner    455055.000000000000
cellsize     5.000000000000
NODATA_value   -999
[rows 306 to 323 of 324, columns 360 to 399 of 469]
6.9021677970886230469 6.5406365394592285156 8.9462108612060546875 11.95972442626953125 11.25841522216796875 12.15662384033203125 13.759988784790039062 12.655068397521972656 10.252905845642089844 7.3494806289672851562 5.9498753547668457031 5.559108734130859375 5.8256506919860839844 7.8142633438110351562 7.3829379081726074219 6.1912608146667480469 5.4032545089721679688 3.97336578369140625 4.8357319831848144531 7.0931310653686523438 5.7798314094543457031 1.4759734869003295898 0.44319730997085571289 1.0260992050170898438 2.3048412799835205078 3.7022900581359863281 6.5866689682006835938 4.6213178634643554688 1.867373347282409668 0 0 0 0 0 0 13.64147186279296875 17.565608978271484375 16.887609481811523438 13.405740737915039062 13.158677101135253906
7.9930157661437988281 8.551662445068359375 10.989102363586425781 10.133558273315429688 8.7920179367065429688 11.063385963439941406 13.825290679931640625 16.900424957275390625 18.179019927978515625 13.656291961669921875 7.9389405250549316406 7.2154359817504882812 6.4924874305725097656 6.548625946044921875 7.3089551925659179688 6.0434560775756835938 2.3197276592254638672 1.8223756551742553711 1.0226653814315795898 6.8492770195007324219 7.67749786376953125 2.7061038017272949219 1.5433536767959594727 2.7851133346557617188 3.7752399444580078125 4.3671216964721679688 7.0374131202697753906 9.5520782470703125 10.369791984558105469 0 2.9581770896911621094 0 0 0 0 0 3.0892596244812011719 7.9710021018981933594 9.16759490966796875 7.231273651123046875
9.616855621337890625 10.838781356811523438 9.5850095748901367188 2.9396440982818603516 1.0504934787750244141 2.0033133029937744141 0.47834444046020507812 5.8721995353698730469 13.870618820190429688 15.701021194458007812 10.010437965393066406 8.7041501998901367188 8.258026123046875 6.1808300018310546875 5.1487779617309570312 5.5938701629638671875 6.5209174156188964844 4.840503692626953125 3.9627895355224609375 6.8091859817504882812 11.303023338317871094 9.5156230926513671875 7.1724591255187988281 7.2832818031311035156 7.0090270042419433594 4.7085633277893066406 4.5497956275939941406 7.1405467987060546875 7.2841916084289550781 4.6526474952697753906 0 0 0 0 0 0 1.6060472726821899414 2.3984172344207763672 0.56652021408081054688 2.0234160423278808594
9.529933929443359375 9.4959468841552734375 6.9384503364562988281 6.0691156387329101562 2.5082712173461914062 1.4207780361175537109 3.2443714141845703125 2.2643129825592041016 7.2154498100280761719 12.116609573364257812 7.7197575569152832031 5.5687012672424316406 6.8313574790954589844 6.606716156005859375 6.4884748458862304688 5.9989748001098632812 8.00409698486328125 10.856204986572265625 9.6178455352783203125 7.2559576034545898438 9.2909221649169921875 11.795152664184570312 12.332948684692382812 9.6760721206665039062 6.7150444984436035156 5.2557468414306640625 4.3643622398376464844 3.1196889877319335938 2.1670584678649902344 1.4800820350646972656 0 0 0 0 0 0 0 0.99607241153717041016 4.8480195999145507812 5.8104224205017089844
7.8518114089965820312 7.6396594047546386719 8.0548839569091796875 9.558506011962890625 8.192974090576171875 3.6185357570648193359 0.72628790140151977539 1.8257275819778442383 4.1220593452453613281 8.9380435943603515625 6.01740264892578125 4.9699292182922363281 5.1507334709167480469 4.6079773902893066406 5.4360599517822265625 5.7301487922668457031 5.8459978103637695312 5.25046539306640625 5.6426453590393066406 5.9571366310119628906 5.61785888671875 6.1957011222839355469 7.0771856307983398438 5.5621752738952636719 4.0389027595520019531 3.91860198974609375 2.63568878173828125 2.7234275341033935547 3.4285290241241455078 3.9077482223510742188 0 0 0 0 0 0 0 0 9.141376495361328125 4.6771898269653320312
7.2493772506713867188 9.0166769027709960938 9.1050472259521484375 9.457790374755859375 9.5901613235473632812 6.9077930450439453125 4.2631578445434570312 1.6012758016586303711 3.0007662773132324219 6.9292645454406738281 6.2258424758911132812 6.3486332893371582031 6.5901594161987304688 5.771099090576171875 4.9800539016723632812 5.2650341987609863281 4.1151790618896484375 2.0203979015350341797 2.7319588661193847656 5.2150387763977050781 3.7812485694885253906 2.5522541999816894531 3.0071790218353271484 2.7262094020843505859 2.2155385017395019531 2.2808027267456054688 0.37244194746017456055 3.6710464954376220703 6.2528486251831054688 5.6154685020446777344 1.7324347496032714844 5.1621775627136230469 0 0 0 4.0507612228393554688 1.5272024869918823242 10.208349227905273438 10.430665969848632812 3.0384294986724853516
12.769517898559570312 9.1274394989013671875 7.3493595123291015625 9.0146322250366210938 10.43064117431640625 9.7875728607177734375 8.1307735443115234375 5.3320097923278808594 4.8255023956298828125 6.7329936027526855469 6.6494746208190917969 7.2779855728149414062 8.8907413482666015625 8.9262456893920898438 8.8684434890747070312 9.3871021270751953125 8.5023937225341796875 5.9009408950805664062 3.9458265304565429688 5.4474587440490722656 2.3646357059478759766 2.0121297836303710938 3.0103733539581298828 2.9874289035797119141 2.5040366649627685547 2.1336693763732910156 2.4692695140838623047 7.2790894508361816406 6.8207483291625976562 15.147287368774414062 17.0878448486328125 10.994329452514648438 7.2481379508972167969 2.5042335987091064453 4.9114518165588378906 6.1678066253662109375 4.6451730728149414062 4.87569427490234375 11.724640846252441406 6.5322566032409667969
12.394446372985839844 10.120981216430664062 8.0732793807983398438 9.2032232284545898438 9.2392749786376953125 8.3744974136352539062 8.1553058624267578125 7.1007285118103027344 6.350627899169921875 6.4977693557739257812 6.3029208183288574219 5.4994339942932128906 6.9289031028747558594 9.3798885345458984375 10.970437049865722656 10.104846000671386719 9.47071075439453125 7.1123666763305664062 3.7148008346557617188 6.2913417816162109375 3.6076130867004394531 2.4470455646514892578 2.2280762195587158203 2.8509595394134521484 1.8221156597137451172 1.4292958974838256836 0.21344466507434844971 6.7983350753784179688 11.371576309204101562 7.209377288818359375 12.877636909484863281 12.230320930480957031 12.473995208740234375 5.1575903892517089844 4.5675983428955078125 3.7981772422790527344 3.9535083770751953125 2.2737116813659667969 4.87569427490234375 0
8.2214021682739257812 12.28626251220703125 10.579100608825683594 9.7471666336059570312 8.3494701385498046875 6.1927814483642578125 6.7042536735534667969 5.9474015235900878906 5.963287353515625 5.710147857666015625 6.4069819450378417969 7.5444140434265136719 7.5870943069458007812 5.4489197731018066406 1.8199068307876586914 2.8628017902374267578 7.2989859580993652344 8.4489574432373046875 9.4814882278442382812 8.91297149658203125 6.783847808837890625 5.6190505027770996094 4.0944056510925292969 2.0246739387512207031 0.41851457953453063965 2.2063870429992675781 1.0152013301849365234 3.8213737010955810547 12.655324935913085938 18.691789627075195312 11.477388381958007812 6.9994897842407226562 13.240254402160644531 7.4168853759765625 4.4883732795715332031 2.6881129741668701172 1.14720916748046875 2.2736885547637939453 0 0
5.9734225273132324219 8.7304162979125976562 10.018491744995117188 11.293284416198730469 9.4576330184936523438 6.3988132476806640625 6.8345942497253417969 5.9883146286010742188 6.2656998634338378906 6.2516312599182128906 8.5694789886474609375 10.477647781372070312 8.385051727294921875 8.7253026962280273438 6.5390982627868652344 9.0259656906127929688 10.837537765502929688 11.217254638671875 11.711969375610351562 9.41094970703125 7.1297869682312011719 5.1610231399536132812 4.0204973220825195312 1.4430330991744995117 0.67121225595474243164 1.0576891899108886719 2.4747917652130126953 3.4496872425079345703 4.1220355033874511719 13.331717491149902344 18.319826126098632812 15.620585441589355469 16.154775619506835938 10.835350990295410156 4.4515962600708007812 1.6238880157470703125 0.3441714942455291748 0.089984863996505737305 0 0
4.0594735145568847656 5.7616915702819824219 9.9634761810302734375 13.474173545837402344 10.318484306335449219 7.0777750015258789062 7.3093590736389160156 8.2534952163696289062 10.420514106750488281 11.154680252075195312 9.6927700042724609375 6.27765655517578125 9.2891435623168945312 13.016511917114257812 6.4586591720581054688 7.8329596519470214844 9.7845258712768554688 9.5673303604125976562 10.435196876525878906 7.3356685638427734375 5.4949493408203125 4.1952314376831054688 4.3503465652465820312 3.2637853622436523438 2.0223987102508544922 0.99861115217208862305 1.6424623727798461914 1.5806052684783935547 0.58498138189315795898 2.8672327995300292969 9.4877977371215820312 13.594584465026855469 12.794434547424316406 7.5990614891052246094 4.1897058486938476562 0 0 0 0 0
5.8212304115295410156 5.1403622627258300781 8.5866851806640625 15.042917251586914062 15.332948684692382812 11.719051361083984375 8.5904474258422851562 10.061000823974609375 10.976819992065429688 8.9358701705932617188 5.6682085990905761719 4.8295769691467285156 10.179246902465820312 12.964900016784667969 9.103282928466796875 9.2086429595947265625 9.1108407974243164062 7.4227795600891113281 7.0720887184143066406 5.4774069786071777344 1.3107252120971679688 3.9134359359741210938 4.7121133804321289062 4.0702905654907226562 2.711353302001953125 1.4175668954849243164 2.0423190593719482422 1.9969849586486816406 0.25654390454292297363 0.71149986982345581055 1.0883606672286987305 1.3499056100845336914 3.3983333110809326172 2.3381628990173339844 1.5394104719161987305 1.2715063095092773438 0 0 0 0
7.6316618919372558594 5.0154795646667480469 4.4286222457885742188 8.204502105712890625 13.133716583251953125 15.481475830078125 12.875698089599609375 14.789229393005371094 13.435434341430664062 9.3560791015625 6.8048348426818847656 7.8691363334655761719 9.571491241455078125 11.238371849060058594 10.172354698181152344 9.6505041122436523438 9.1090297698974609375 6.5371890068054199219 4.9525575637817382812 5.7523226737976074219 2.8124027252197265625 2.1976606845855712891 4.1341519355773925781 4.9836115837097167969 3.4165828227996826172 2.1018948554992675781 3.4373745918273925781 4.5944967269897460938 0.91779249906539916992 2.1018922328948974609 2.9774229526519775391 4.0672993659973144531 6.0951638221740722656 5.0090365409851074219 4.3060345649719238281 3.1908059120178222656 0 0 0 0
8.8961429595947265625 7.0939350128173828125 4.9020047187805175781 3.0535264015197753906 5.1111621856689453125 11.657624244689941406 14.173858642578125 12.651331901550292969 14.552881240844726562 12.4773101806640625 10.4662017822265625 8.96661376953125 8.8943490982055664062 9.8678417205810546875 8.7230167388916015625 7.2735662460327148438 9.7246503829956054688 9.2051801681518554688 6.4120917320251464844 5.8867511749267578125 2.9554460048675537109 1.1154608726501464844 2.9702925682067871094 4.7791728973388671875 3.5376193523406982422 0.41364583373069763184 2.4114415645599365234 4.9897937774658203125 2.5696289539337158203 2.9609103202819824219 3.2201287746429443359 4.57125091552734375 5.5354976654052734375 3.4420733451843261719 3.769489288330078125 4.8128323554992675781 0 0 0 0
7.9648337364196777344 8.534862518310546875 6.8281316757202148438 5.6461329460144042969 6.6703004837036132812 9.5923490524291992188 11.466341972351074219 9.529308319091796875 18.061033248901367188 14.215231895446777344 11.835522651672363281 9.1719722747802734375 8.3131322860717773438 8.6310567855834960938 6.5149788856506347656 4.9906830787658691406 7.436275482177734375 8.2332696914672851562 8.4412097930908203125 7.5792293548583984375 5.4354114532470703125 4.0427765846252441406 2.4661872386932373047 2.8066356182098388672 3.6969671249389648438 3.4165780544281005859 3.2907567024230957031 4.1028995513916015625 3.1782643795013427734 2.9133970737457275391 2.5267670154571533203 3.4320704936981201172 2.7820177078247070312 1.8198969364166259766 3.8699767589569091797 4.5798697471618652344 3.4403195381164550781 1.2810311317443847656 0 0
6.634624481201171875 9.9079732894897460938 9.8097391128540039062 9.148456573486328125 11.112120628356933594 10.295269966125488281 6.0207457542419433594 9.9312915802001953125 19.183094024658203125 18.1497955322265625 14.630846977233886719 10.162964820861816406 7.0904445648193359375 6.5260863304138183594 7.2946443557739257812 6.7018647193908691406 5.7774829864501953125 6.0030870437622070312 8.484058380126953125 8.3232202529907226562 6.5771083831787109375 4.5939345359802246094 2.3015377521514892578 0.47302839159965515137 2.4271183013916015625 4.9297008514404296875 5.2389254570007324219 3.5364768505096435547 2.6115992069244384766 2.4559173583984375 1.7754254341125488281 2.7217607498168945312 2.4070219993591308594 3.8182048797607421875 4.2045049667358398438 2.9828629493713378906 3.1903438568115234375 2.9899568557739257812 2.1466584205627441406 0
7.1444749832153320312 9.4260921478271484375 11.660481452941894531 12.804142951965332031 11.4957733154296875 8.8745393753051757812 6.0270190238952636719 8.0101289749145507812 14.3249969482421875 20.031309127807617188 17.262462615966796875 11.725656509399414062 8.1661472320556640625 5.0509333610534667969 7.4494218826293945312 8.714252471923828125 6.3914289474487304688 5.2906460762023925781 7.1382312774658203125 8.7051267623901367188 8.562175750732421875 6.8834476470947265625 2.6769821643829345703 0.47728288173675537109 1.8411668539047241211 4.2332096099853515625 6.2415714263916015625 4.0218706130981445312 2.1447918415069580078 2.6532833576202392578 1.6937412023544311523 2.2810122966766357422 3.1552786827087402344 4.4443306922912597656 3.3231668472290039062 3.1243865489959716797 4.3281259536743164062 3.1812791824340820312 1.7501431703567504883 1.5974712371826171875
0 0 0 0 0 0 0 0 0 0 0 0 0 0 0 0 0 0 0 0 0 0 0 0 0 0 0 0 0 0 0 0 0 0 0 0 0 0 0 0
