wildfire/work/fuelmodels/1743/slope.asc
ncols        469
nrows        324
xllcorner    194725.000000000000
yllcorner    455055.000000000000
cellsize     5.000000000000
NODATA_value   -999
[rows 90 to 107 of 324, columns 400 to 439 of 469]
3.7395942211151123047 2.5617573261260986328 1.6875032186508178711 1.7510396242141723633 2.4528024196624755859 2.6032385826110839844 2.7358434200286865234 2.8267521858215332031 2.5229673385620117188 1.7221775054931640625 2.7825727462768554688 2.5564215183258056641 2.3083543777465820312 1.5987558364868164062 1.0533726215362548828 1.620418548583984375 1.3294903039932250977 1.3499193191528320312 1.7417542934417724609 1.0187153816223144531 1.8714375495910644531 3.9803271293640136719 2.5323650836944580078 0.79801100492477416992 4.8762116432189941406 8.8302946090698242188 3.86161041259765625 3.8424625396728515625 4.7367658615112304688 3.0184044837951660156 2.191455841064453125 2.4210751056671142578 2.7825770378112792969 1.5959043502807617188 0.96197032928466796875 1.8899761438369750977 2.3646073341369628906 2.5968244075775146484 3.6311802864074707031 3.4946577548980712891
2.681304931640625 2.0033195018768310547 2.3502631187438964844 1.9617136716842651367 0.91114908456802368164 1.0061948299407958984 1.736835479736328125 0.58674514293670654297 0.95666348934173583984 0.34420180320739746094 1.9510780572891235352 1.2425129413604736328 0.85675674676895141602 0.60457497835159301758 1.3118807077407836914 0.61123836040496826172 1.2006726264953613281 0.78587692975997924805 2.2768082618713378906 2.6999576091766357422 3.357082366943359375 4.6728682518005371094 2.7293453216552734375 0.99097168445587158203 6.6774611473083496094 7.7919096946716308594 1.6994225978851318359 1.6648288965225219727 3.6969318389892578125 3.1884150505065917969 2.5960741043090820312 1.8455945253372192383 1.8551398515701293945 2.9593741893768310547 2.99217987060546875 2.7106139659881591797 2.5674891471862792969 2.2414431571960449219 2.7172954082489013672 3.9176790714263916016
2.3618235588073730469 3.1499845981597900391 2.8592851161956787109 3.1274654865264892578 1.9155259132385253906 0.071123011410236358643 1.0860191583633422852 0.92657184600830078125 0.70288908481597900391 1.0127000808715820312 1.3890608549118041992 1.0422447919845581055 0.54463237524032592773 1.1789679527282714844 1.7819768190383911133 0.96932393312454223633 1.5288814306259155273 1.3080130815505981445 1.7221451997756958008 1.9059538841247558594 5.1677389144897460938 7.3997592926025390625 2.8869192600250244141 4.58515167236328125 7.3892526626586914062 4.0042276382446289062 0.83521258831024169922 2.0121657848358154297 2.7006483078002929688 2.2033963203430175781 4.0114345550537109375 3.0219275951385498047 2.8509762287139892578 3.6902697086334228516 3.3175342082977294922 2.2298953533172607422 2.0304331779479980469 2.8790490627288818359 3.4945211410522460938 4.5526700019836425781
1.6696441173553466797 0.8400325775146484375 1.6620868444442749023 2.7763969898223876953 3.722011566162109375 2.3740003108978271484 1.6544272899627685547 1.5075297355651855469 1.5796593427658081055 1.9748288393020629883 1.7472901344299316406 1.8627623319625854492 1.8020137548446655273 2.084484100341796875 1.647701263427734375 2.1267654895782470703 3.3433241844177246094 2.3935594558715820312 1.4203944206237792969 4.7893991470336914062 10.918204307556152344 7.9258170127868652344 5.6896820068359375 6.04170989990234375 4.9271512031555175781 2.2774312496185302734 1.3080030679702758789 1.9028333425521850586 2.3277766704559326172 1.7547827959060668945 3.4084372520446777344 4.4330682754516601562 5.4479112625122070312 4.5746812820434570312 3.5053186416625976562 2.1336274147033691406 1.66541290283203125 2.8401284217834472656 3.0542032718658447266 5.4397635459899902344
1.5920950174331665039 1.1494266986846923828 1.6022312641143798828 1.6424553394317626953 2.4210751056671142578 3.0616307258605957031 2.3901627063751220703 1.5354772806167602539 1.4089758396148681641 1.528514862060546875 1.3592461347579956055 2.0093731880187988281 2.236255645751953125 1.3978123664855957031 0.71150195598602294922 4.4534053802490234375 5.13787078857421875 5.2795925140380859375 2.7422833442687988281 9.9769697189331054688 12.050988197326660156 8.8477840423583984375 12.757296562194824219 9.2513675689697265625 4.570377349853515625 2.9818058013916015625 1.6862485408782958984 0.23165397346019744873 1.8987902402877807617 2.0973172187805175781 2.8883297443389892578 3.8740079402923583984 4.2335677146911621094 4.4443230628967285156 4.7715487480163574219 3.6344873905181884766 2.1716964244842529297 3.1087939739227294922 2.2271571159362792969 5.1065459251403808594
1.4331744909286499023 1.6593270301818847656 2.0922684669494628906 2.2024683952331542969 1.0822776556015014648 0.81806033849716186523 1.6946166753768920898 0.99607241153717041016 0.91612392663955688477 0.69782632589340209961 0.045009609311819076538 0.9884274601936340332 1.4666774272918701172 1.986065983772277832 3.4853994846343994141 5.0211954116821289062 1.8510315418243408203 6.5320467948913574219 3.9828710556030273438 12.851392745971679688 11.497875213623046875 8.0466775894165039062 13.82785797119140625 13.191423416137695312 6.3983316421508789062 3.4467291831970214844 0.84003716707229614258 3.0183837413787841797 3.5824613571166992188 3.7489316463470458984 3.5875475406646728516 2.9855594635009765625 1.9088971614837646484 2.37999725341796875 3.835781097412109375 4.8408322334289550781 6.2132916450500488281 7.9779524803161621094 7.0419106483459472656 7.61350250244140625
0.83518111705780029297 1.2178364992141723633 1.7646056413650512695 1.7748497724533081055 1.7361955642700195312 1.7159737348556518555 1.650124669075012207 1.2679207324981689453 1.0111935138702392578 0.93148088455200195312 1.2679438591003417969 1.3079876899719238281 1.088326573371887207 1.5225468873977661133 1.5671000480651855469 2.0842161178588867188 4.808177947998046875 3.8114428520202636719 5.7284708023071289062 15.862089157104492188 12.015705108642578125 4.1628866195678710938 14.728192329406738281 13.711727142333984375 5.9572253227233886719 3.0933067798614501953 3.122913360595703125 4.2776823043823242188 3.8953375816345214844 4.2092862129211425781 2.7621541023254394531 1.2380503416061401367 0.926578521728515625 1.1406071186065673828 2.9253778457641601562 6.1399426460266113281 10.4601287841796875 12.772243499755859375 13.127994537353515625 13.36257171630859375
0.93583071231842041016 0.45558536052703857422 1.9155553579330444336 1.1841484308242797852 0.75632953643798828125 1.7533336877822875977 1.9624655246734619141 0.6178035736083984375 0.56383812427520751953 1.0823018550872802734 1.3681229352951049805 1.2244485616683959961 0.85970699787139892578 0.16225573420524597168 2.1201028823852539062 2.6699893474578857422 0.69784295558929443359 2.3637821674346923828 7.87078094482421875 17.052165985107421875 9.7801828384399414062 8.6586542129516601562 15.260313034057617188 10.094216346740722656 5.1110777854919433594 4.1684675216674804688 3.5266180038452148438 2.9325966835021972656 2.1088407039642333984 2.8374254703521728516 3.1746048927307128906 2.1388835906982421875 5.5156660079956054688 8.3347911834716796875 10.409601211547851562 13.121816635131835938 14.620043754577636719 12.855980873107910156 12.062661170959472656 12.731942176818847656
0.38836944103240966797 0.73460429906845092773 1.1045392751693725586 1.6424853801727294922 0.65286082029342651367 0.85613298416137695312 1.9594019651412963867 0.95507335662841796875 0.4867438971996307373 0.45558369159698486328 1.2982686758041381836 0.91003775596618652344 0.53341215848922729492 0.8737252354621887207 1.6608555316925048828 1.5298361778259277344 2.2461526393890380859 2.5516397953033447266 6.2741160392761230469 15.209162712097167969 9.7117052078247070312 8.4991321563720703125 14.928049087524414062 11.500886917114257812 12.443112373352050781 12.313192367553710938 9.349842071533203125 4.8917317390441894531 0.42454025149345397949 2.9161791801452636719 2.0818183422088623047 7.2412891387939453125 15.292482376098632812 19.274784088134765625 20.538923263549804688 20.42331695556640625 16.626432418823242188 11.170894622802734375 9.324985504150390625 12.191651344299316406
0.71994966268539428711 0.65599286556243896484 0.86443239450454711914 1.3060743808746337891 0.8112004399299621582 0.97603547573089599609 1.335595250129699707 1.3603512048721313477 0.73458856344223022461 0.57627308368682861328 1.3291262388229370117 1.2115991115570068359 0.52670949697494506836 1.1888239383697509766 1.0766699314117431641 0.62513023614883422852 1.038875579833984375 0.98840719461441040039 7.8155264854431152344 15.808864593505859375 13.492825508117675781 9.8576288223266601562 16.246189117431640625 12.412945747375488281 14.564444541931152344 15.459054946899414062 12.90520477294921875 9.1392574310302734375 4.4719605445861816406 1.9696848392486572266 5.7864694595336914062 19.725124359130859375 25.425622940063476562 22.000410079956054688 20.704380035400390625 17.482976913452148438 12.303141593933105469 8.190570831298828125 7.5346398353576660156 11.073337554931640625
1.2998503446578979492 1.1612740755081176758 0.49397668242454528809 0.84724855422973632812 1.6501382589340209961 2.0482325553894042969 1.4317849874496459961 1.2277517318725585938 0.71148681640625 1.3141967058181762695 1.083703160285949707 0.64032435417175292969 0.63636124134063720703 1.0733532905578613281 1.279059290885925293 0.50313001871109008789 1.6288836002349853516 7.5606818199157714844 18.601003646850585938 19.77788543701171875 13.963517189025878906 8.0464963912963867188 14.14117431640625 6.1180009841918945312 5.9717426300048828125 8.4766855239868164062 10.985788345336914062 10.863920211791992188 7.8166499137878417969 3.0497176647186279297 15.299651145935058594 24.005695343017578125 15.158079147338867188 1.9155126810073852539 3.0670728683471679688 2.2625305652618408203 6.7874574661254882812 3.590328216552734375 7.0652518272399902344 10.567378044128417969
1.6238781213760375977 0.7542966008186340332 0.92496001720428466797 1.7507570981979370117 1.8738800287246704102 2.3618412017822265625 1.8477860689163208008 1.9817320108413696289 1.2826008796691894531 1.2826164960861206055 0.031802322715520858765 0.58412098884582519531 1.0836546421051025391 0.83278650045394897461 2.6603193283081054688 3.801906585693359375 4.6848454475402832031 11.241668701171875 14.912871360778808594 8.0148229598999023438 10.537285804748535156 10.011168479919433594 9.717517852783203125 2.4476628303527832031 1.235581517219543457 4.8156342506408691406 9.3048677444458007812 12.206313133239746094 9.6113862991333007812 5.5067620277404785156 18.19084930419921875 15.020724296569824219 9.6066646575927734375 13.445853233337402344 12.07505035400390625 9.7410526275634765625 7.3110251426696777344 3.6919329166412353516 6.1873393058776855469 8.5047292709350585938
0.61122316122055053711 1.0280743837356567383 1.997990727424621582 1.5641928911209106445 0.9363600611686706543 1.8714202642440795898 1.8781628608703613281 2.0153985023498535156 1.0504946708679199219 0.3871091008186340332 0.44205835461616516113 0.071166433393955230713 0.65594810247421264648 1.8789708614349365234 1.3276033401489257812 1.7887529134750366211 1.8463684320449829102 8.3010845184326171875 12.768831253051757812 9.3604898452758789062 9.0987224578857421875 5.0937666893005371094 4.7089147567749023438 8.3157758712768554688 5.1606125831604003906 4.4504342079162597656 7.1775636672973632812 11.837239265441894531 10.33138275146484375 7.1229915618896484375 15.45639801025390625 8.4380588531494140625 13.029985427856445312 10.104325294494628906 8.21791839599609375 5.4386677742004394531 8.0921678543090820312 11.152642250061035156 13.112606048583984375 9.9005527496337890625
0.86905837059020996094 1.2094898223876953125 2.5705866813659667969 2.2380218505859375 0.89147508144378662109 0.88408315181732177734 2.3688828945159912109 2.8952653408050537109 2.0203740596771240234 0.94228452444076538086 0.53340488672256469727 0.18554581701755523682 0.24850469827651977539 1.3184032440185546875 2.4776136875152587891 3.6440901756286621094 3.1384117603302001953 7.2254667282104492188 9.4476747512817382812 5.3409404754638671875 11.594026565551757812 15.520809173583984375 13.250149726867675781 11.992442131042480469 11.029919624328613281 9.087520599365234375 9.2141714096069335938 10.499878883361816406 6.4919342994689941406 10.531332969665527344 9.4638042449951171875 5.6003470420837402344 9.1520547866821289062 10.492691993713378906 10.56137847900390625 6.8601164817810058594 9.7549266815185546875 12.629480361938476562 19.378276824951171875 19.622121810913085938
1.7963879108428955078 1.609788060188293457 2.3842327594757080078 3.1190581321716308594 2.1324713230133056641 1.132976531982421875 0.88007587194442749023 2.0561435222625732422 2.4084737300872802734 2.3708105087280273438 1.5641928911209106445 0.47835898399353027344 0.20122736692428588867 0.5736319422721862793 0.65287858247756958008 0.64426672458648681641 2.8121936321258544922 9.593929290771484375 7.0937137603759765625 6.6359272003173828125 13.620076179504394531 10.466960906982421875 2.2533409595489501953 4.6987056732177734375 8.3179502487182617188 14.074284553527832031 12.614728927612304688 8.0784893035888671875 6.6730093955993652344 14.633131980895996094 6.4996399879455566406 10.829824447631835938 8.1079883575439453125 10.408115386962890625 15.901716232299804688 15.543918609619140625 14.520346641540527344 12.88271331787109375 17.326082229614257812 22.84777069091796875
2.142910003662109375 1.9438422918319702148 1.5603159666061401367 2.1782696247100830078 2.9134044647216796875 2.304622650146484375 0.56651270389556884766 0.89661771059036254883 2.0630278587341308594 2.5798306465148925781 2.0798540115356445312 1.3291025161743164062 0.54189401865005493164 0.85500240325927734375 1.623912811279296875 1.5515038967132568359 3.6260442733764648438 6.3837943077087402344 7.5507974624633789062 10.547956466674804688 17.149837493896484375 14.886517524719238281 9.4814729690551757812 4.8139896392822265625 4.1097917556762695312 15.920121192932128906 12.028801918029785156 7.7614102363586425781 10.350237846374511719 6.678806304931640625 10.8256072998046875 15.738337516784667969 8.7302961349487304688 7.6369605064392089844 12.344063758850097656 14.728638648986816406 13.68393707275390625 10.571949958801269531 11.285328865051269531 14.827010154724121094
1.5125613212585449219 2.093212127685546875 2.1914322376251220703 2.2452406883239746094 2.99008941650390625 3.0867898464202880859 1.8477871417999267578 1.2473922967910766602 1.1370371580123901367 2.5353541374206542969 2.2622849941253662109 1.9123241901397705078 1.2735507488250732422 1.5748804807662963867 2.3197443485260009766 4.0415291786193847656 4.0628104209899902344 2.2052299976348876953 2.1831212043762207031 6.223178863525390625 12.0232696533203125 13.3068389892578125 8.9827051162719726562 7.5300364494323730469 8.4116888046264648438 12.486172676086425781 7.3892140388488769531 5.7571258544921875 1.1981312036514282227 9.8830471038818359375 18.111742019653320312 12.195408821105957031 3.1808145046234130859 2.9409062862396240234 3.3018167018890380859 4.3307995796203613281 5.035121917724609375 4.2711873054504394531 5.1350870132446289062 7.1007213592529296875
0.99403059482574462891 1.5357784032821655273 2.4536404609680175781 2.4279587268829345703 2.5537953376770019531 2.6941263675689697266 2.3485593795776367188 2.3353600502014160156 1.127648472785949707 2.9326207637786865234 3.5959665775299072266 3.4807283878326416016 2.14293670654296875 1.1045211553573608398 1.006157994270324707 4.1684675216674804688 5.2285208702087402344 2.114582061767578125 2.1353273391723632812 3.9906020164489746094 9.2793264389038085938 10.357708930969238281 4.641998291015625 3.1243896484375 8.1279878616333007812 5.8731608390808105469 3.3793938159942626953 8.05646514892578125 10.34325408935546875 14.703309059143066406 13.33686065673828125 4.8892350196838378906 1.8232324123382568359 2.8010668754577636719 3.8294343948364257812 2.0303738117218017578 1.9302481412887573242 2.6737933158874511719 3.4348762035369873047 4.1752142906188964844
