wildfire/work/fuelmodels/1743/slope.asc
ncols        469
nrows        324
xllcorner    194725.000000000000
yllcorner    455055.000000000000
cellsize     5.000000000000
NODATA_value   -999
[rows 270 to 287 of 324, columns 120 to 159 of 469]
4.2664737701416015625 3.8741405010223388672 2.7948892116546630859 2.5072751045227050781 1.6154638528823852539 3.0192353725433349609 4.7663731575012207031 4.1800484657287597656 3.656707763671875 3.9642007350921630859 3.4514598846435546875 1.087414860725402832 0.7663123011589050293 2.3485329151153564453 7.2139735221862792969 12.789954185485839844 16.7936248779296875 13.756418228149414062 8.6574268341064453125 3.21620941162109375 7.1493859291076660156 14.370037078857421875 16.855657577514648438 12.483597755432128906 4.7702083587646484375 1.2920432090759277344 6.1963605880737304688 7.9346036911010742188 8.1252803802490234375 8.7662591934204101562 7.3237013816833496094 7.1926016807556152344 6.7506494522094726562 4.8573603630065917969 2.2086858749389648438 1.8752119541168212891 2.8763780593872070312 2.6737864017486572266 2.2155499458312988281 2.6102368831634521484
6.4868421554565429688 5.0183968544006347656 3.3856756687164306641 2.4583787918090820312 1.8902566432952880859 2.2098250389099121094 3.6506285667419433594 4.3374361991882324219 3.0071408748626708984 3.5341932773590087891 3.8953347206115722656 3.0445778369903564453 2.7923629283905029297 2.7461755275726318359 2.7363893985748291016 5.8455567359924316406 12.243262290954589844 15.61978912353515625 13.762314796447753906 9.2605133056640625 3.6688404083251953125 4.9872522354125976562 13.215559959411621094 15.492746353149414062 9.6135358810424804688 4.5186467170715332031 0.82974141836166381836 5.2659020423889160156 7.5024237632751464844 7.7614188194274902344 6.1243991851806640625 6.6530900001525878906 7.3834528923034667969 7.5099096298217773438 6.791599273681640625 4.578205108642578125 3.0985553264617919922 2.4629080295562744141 2.0123844146728515625 0.86555868387222290039
8.004730224609375 5.7276754379272460938 3.2185733318328857422 2.6471848487854003906 1.9155136346817016602 2.0630123615264892578 3.3298532962799072266 4.2508206367492675781 2.5448961257934570312 2.3620715141296386719 2.4070348739624023438 1.0822896957397460938 0.81123757362365722656 4.1138319969177246094 3.7855103015899658203 0.84062880277633666992 3.3083710670471191406 7.2592778205871582031 11.464966773986816406 11.433542251586914062 9.13137054443359375 6.3616962432861328125 6.3932323455810546875 10.656229972839355469 11.648397445678710938 11.064330101013183594 9.66402435302734375 5.9100613594055175781 2.9239752292633056641 2.7820348739624023438 1.5038200616836547852 2.7483875751495361328 3.6914732456207275391 2.5516595840454101562 5.2826266288757324219 7.8287920951843261719 8.5481395721435546875 8.0733232498168945312 6.8431162834167480469 5.2087426185607910156
8.3915004730224609375 6.4509224891662597656 3.7912604808807373047 3.8257567882537841797 3.0168826580047607422 2.1088473796844482422 3.2696661949157714844 3.5364859104156494141 2.3629107475280761719 2.4154291152954101562 2.0796420574188232422 1.3916167020797729492 1.7133539915084838867 4.1972875595092773438 3.4279384613037109375 0.59781211614608764648 0.89602386951446533203 1.9352233409881591797 6.4877638816833496094 9.9920778274536132812 11.033223152160644531 9.7420034408569335938 5.4832110404968261719 2.5474753379821777344 8.2151842117309570312 11.724127769470214844 14.451507568359375 16.273710250854492188 18.190130233764648438 20.635774612426757812 21.125942230224609375 18.840494155883789062 15.875005722045898438 11.532894134521484375 4.9760236740112304688 3.9559192657470703125 8.7202892303466796875 10.296670913696289062 9.8309011459350585938 9.5041971206665039062
9.2508678436279296875 8.3431758880615234375 5.6003704071044921875 5.1808094978332519531 4.8970670700073242188 4.1721906661987304688 4.5463619232177734375 4.623073577880859375 4.5444822311401367188 5.0220246315002441406 4.2404971122741699219 3.2499747276306152344 2.7616014480590820312 3.8741333484649658203 2.0953810214996337891 1.038849949836730957 1.1994237899780273438 0.72139626741409301758 1.2244596481323242188 4.6289453506469726562 6.84459686279296875 7.5015463829040527344 6.8404669761657714844 4.1991038322448730469 0.87775886058807373047 4.1770415306091308594 9.6792249679565429688 15.256418228149414062 19.62354278564453125 21.843431472778320312 21.847219467163085938 18.9390106201171875 14.785193443298339844 13.203347206115722656 12.333124160766601562 7.2098817825317382812 5.5880327224731445312 8.4407358169555664062 8.6322689056396484375 7.6188292503356933594
10.203802108764648438 10.3602752685546875 8.9202442169189453125 8.3814668655395507812 8.0508937835693359375 7.8890380859375 7.4459791183471679688 6.4608387947082519531 6.8966488838195800781 7.661884307861328125 6.6106653213500976562 5.4677596092224121094 5.9801611900329589844 5.9419922828674316406 4.3739552497863769531 2.6557629108428955078 1.4003397226333618164 0.50310623645782470703 1.2998774051666259766 0.79799652099609375 2.1619405746459960938 3.2389192581176757812 6.786266326904296875 8.766632080078125 7.9432339668273925781 6.0687131881713867188 3.3351438045501708984 4.0086569786071777344 4.2493948936462402344 2.7189688682556152344 4.330341339111328125 6.0850124359130859375 5.2677121162414550781 9.668979644775390625 14.235713958740234375 11.1224822998046875 4.0801849365234375 4.1800713539123535156 5.8919749259948730469 3.8172688484191894531
11.425846099853515625 12.390984535217285156 12.2972412109375 9.9090013504028320312 8.656284332275390625 9.1892957687377929688 8.8391408920288085938 7.3138031959533691406 6.5218381881713867188 7.0121808052062988281 6.2296199798583984375 4.5821743011474609375 5.5693387985229492188 6.9079837799072265625 6.1428709030151367188 4.8905816078186035156 3.2389085292816162109 2.0571124553680419922 2.0423190593719482422 1.4514244794845581055 1.5706622600555419922 0.4136345982551574707 2.5466876029968261719 5.9368958473205566406 8.5016155242919921875 9.1669092178344726562 9.889667510986328125 9.1817522048950195312 8.0387659072875976562 8.23958587646484375 7.5090365409851074219 6.0691008567810058594 6.4296813011169433594 11.500384330749511719 14.898767471313476562 10.662537574768066406 3.5724332332611083984 1.861954808235168457 4.5530114173889160156 3.7316353321075439453
13.39313507080078125 12.459583282470703125 13.7585906982421875 14.440951347351074219 12.091266632080078125 10.673002243041992188 9.2786693572998046875 7.25208282470703125 5.9619598388671875 6.6073174476623535156 7.0823011398315429688 5.5956907272338867188 4.74518585205078125 5.7483010292053222656 5.3503856658935546875 5.0376348495483398438 4.465625762939453125 3.2692017555236816406 2.6737811565399169922 1.0437250137329101562 0.51798200607299804688 1.1581747531890869141 1.4708211421966552734 1.2538787126541137695 5.1003899574279785156 8.17957305908203125 11.268461227416992188 13.886458396911621094 14.074271202087402344 13.733992576599121094 12.939167022705078125 10.194285392761230469 7.0893149375915527344 10.68079376220703125 12.2816162109375 8.6250429153442382812 4.0422806739807128906 1.4984515905380249023 3.0662441253662109375 3.3292343616485595703
11.027730941772460938 11.211885452270507812 12.205624580383300781 14.558000564575195312 14.053995132446289062 13.527147293090820312 11.506357192993164062 7.6109466552734375 6.0005884170532226562 6.4302554130554199219 7.5932545661926269531 7.7650814056396484375 6.9308466911315917969 7.2746610641479492188 6.8142094612121582031 5.6877202987670898438 5.1496725082397460938 4.5342526435852050781 4.3298802375793457031 2.1731326580047607422 0.79612237215042114258 1.4207578897476196289 1.5225465297698974609 0.92930829524993896484 0.78779745101928710938 3.2015664577484130859 6.3569340705871582031 10.291667938232421875 13.098435401916503906 13.97229766845703125 13.588891983032226562 11.7881317138671875 7.1514530181884765625 5.0062346458435058594 10.127480506896972656 12.496743202209472656 10.113712310791015625 3.8796031475067138672 2.8820028305053710938 7.3522076606750488281
7.3523955345153808594 8.5628919601440429688 8.54319000244140625 9.5200471878051757812 11.188458442687988281 14.001651763916015625 14.948407173156738281 10.930414199829101562 6.6660056114196777344 6.1892027854919433594 6.1990389823913574219 5.6177048683166503906 5.7304911613464355469 7.5327672958374023438 9.4079141616821289062 8.6180734634399414062 6.9796695709228515625 5.9406280517578125 6.0006499290466308594 5.1363401412963867188 3.9620404243469238281 3.2889270782470703125 2.7105889320373535156 1.6022341251373291016 1.3045322895050048828 1.5908191204071044922 2.0425572395324707031 2.1057562828063964844 2.9003705978393554688 6.0110626220703125 8.5666837692260742188 10.925328254699707031 9.8898801803588867188 3.9127955436706542969 3.5403375625610351562 9.3743438720703125 11.879359245300292969 9.6271152496337890625 8.3448696136474609375 11.587766647338867188
5.7030797004699707031 5.3869838714599609375 5.4171109199523925781 6.9007973670959472656 7.8294472694396972656 10.64241790771484375 14.876544952392578125 13.556277275085449219 8.5301141738891601562 7.1986527442932128906 6.5909299850463867188 4.0445380210876464844 3.388824462890625 4.6792435646057128906 6.8054208755493164062 8.0515270233154296875 7.1003580093383789062 6.5624265670776367188 6.7950129508972167969 7.32889556884765625 7.1106634140014648438 5.7885355949401855469 4.6451573371887207031 3.5188624858856201172 2.1988229751586914062 1.8359340429306030273 1.9099571704864501953 4.0413975715637207031 6.463626861572265625 7.22316741943359375 3.8557159900665283203 5.4211864471435546875 10.885807991027832031 10.488414764404296875 7.5122284889221191406 6.2132921218872070312 12.694843292236328125 14.989038467407226562 11.920309066772460938 10.860741615295410156
6.7338762283325195312 4.6863527297973632812 3.2761425971984863281 3.8162107467651367188 4.2136158943176269531 7.2603778839111328125 10.120990753173828125 12.834295272827148438 12.428126335144042969 10.670865058898925781 10.68207550048828125 7.2870831489562988281 5.1281032562255859375 4.1906790733337402344 4.4800701141357421875 5.9329328536987304688 4.4480834007263183594 4.407039642333984375 4.6965618133544921875 5.5472354888916015625 6.3712430000305175781 6.0117864608764648438 4.9471559524536132812 4.4968209266662597656 4.6895842552185058594 4.1802959442138671875 3.2761523723602294922 3.6423182487487792969 4.4284186363220214844 7.3814997673034667969 9.4021854400634765625 4.5553426742553710938 8.6026668548583984375 11.480377197265625 12.26230621337890625 13.075595855712890625 16.582460403442382812 16.702230453491210938 11.6347503662109375 8.0867204666137695312
10.077174186706542969 6.9996571540832519531 3.8699631690979003906 3.7402865886688232422 3.56209564208984375 7.7399964332580566406 7.3073110580444335938 10.408133506774902344 13.621891021728515625 12.941614151000976562 14.155167579650878906 12.813860893249511719 11.046344757080078125 7.3592333793640136719 5.7023000717163085938 6.1474633216857910156 4.1537799835205078125 2.8068065643310546875 1.3714599609375 2.2535808086395263672 4.0963768959045410156 4.4634757041931152344 3.9127833843231201172 3.6410584449768066406 4.9230375289916992188 5.6796407699584960938 4.1293807029724121094 1.3813925981521606445 1.1044948101043701172 6.6251673698425292969 11.282840728759765625 6.7600960731506347656 4.7905602455139160156 9.3523912429809570312 12.383291244506835938 15.329228401184082031 16.90419769287109375 14.639681816101074219 9.3634786605834960938 5.9470844268798828125
12.27207183837890625 10.611383438110351562 6.9553208351135253906 6.5394206047058105469 5.7767910957336425781 7.0814380645751953125 6.4914884567260742188 5.3394670486450195312 7.5585579872131347656 9.3351230621337890625 10.68973541259765625 8.6027164459228515625 9.0978288650512695312 9.968723297119140625 8.6920166015625 8.0203046798706054688 6.0627379417419433594 4.2517709732055664062 1.6378355026245117188 2.1126868724822998047 3.5122520923614501953 3.5542936325073242188 2.3485376834869384766 1.9344458580017089844 2.9828629493713378906 4.0445256233215332031 3.8503434658050537109 2.37998199462890625 2.1821877956390380859 5.3846521377563476562 9.503040313720703125 8.9982557296752929688 4.7051529884338378906 4.7521891593933105469 8.9149675369262695312 11.133298873901367188 10.903857231140136719 8.8887071609497070312 5.213008880615234375 2.7822184562683105469
10.322961807250976562 11.095099449157714844 9.5883035659790039062 9.4339733123779296875 8.7273874282836914062 6.6158194541931152344 6.4389963150024414062 5.2285442352294921875 2.7822113037109375 5.7804541587829589844 8.4584321975708007812 7.1679053306579589844 5.8975210189819335938 7.5002183914184570312 10.248821258544921875 10.849993705749511719 8.58434295654296875 6.692783355712890625 3.5004439353942871094 2.2810122966766357422 2.6881113052368164062 3.0192387104034423828 2.704051971435546875 1.3528914451599121094 1.6970191001892089844 4.2868947982788085938 4.7639532089233398438 3.0083308219909667969 2.9405314922332763672 4.4954595565795898438 5.9801611900329589844 8.464885711669921875 7.7641253471374511719 5.8412518501281738281 5.0175800323486328125 3.8384091854095458984 4.329868316650390625 5.2366337776184082031 3.9242708683013916016 3.6017396450042724609
6.1621694564819335938 7.9525470733642578125 7.5104246139526367188 7.9872450828552246094 9.1158304214477539062 7.4306049346923828125 8.7114887237548828125 7.3698534965515136719 3.6969687938690185547 4.5808734893798828125 6.5175585746765136719 9.3085336685180664062 9.5997333526611328125 7.8648819923400878906 8.7699127197265625 12.054098129272460938 11.518820762634277344 8.2032175064086914062 6.3534717559814453125 4.2528371810913085938 2.6133222579956054688 3.0957825183868408203 3.2262511253356933594 1.1806931495666503906 3.2148025035858154297 5.8204531669616699219 3.7010562419891357422 1.1879731416702270508 3.4771258831024169922 5.2658929824829101562 5.7076058387756347656 7.2858386039733886719 7.4595184326171875 6.8305449485778808594 5.0763149261474609375 3.4143772125244140625 4.3905191421508789062 5.164920806884765625 4.064327239990234375 3.5864050388336181641
4.572925567626953125 4.3964910507202148438 4.6425471305847167969 6.0982289314270019531 8.6481428146362304688 6.9321751594543457031 7.626201629638671875 8.3119192123413085938 4.7791662216186523438 2.8635277748107910156 2.9472253322601318359 4.1665124893188476562 7.1001420021057128906 8.4312286376953125 8.0978708267211914062 11.117359161376953125 13.101446151733398438 10.9654083251953125 9.2724943161010742188 6.2741308212280273438 3.7611668109893798828 3.6182496547698974609 3.7848734855651855469 2.1179685592651367188 2.7180430889129638672 5.3191137313842773438 6.0942773818969726562 9.2952184677124023438 11.625638008117675781 13.301605224609375 11.496242523193359375 8.9103851318359375 8.3753376007080078125 7.8687543869018554688 5.5714068412780761719 3.2568230628967285156 3.86043548583984375 3.349376678466796875 2.0679342746734619141 2.4583861827850341797
6.4578118324279785156 4.8970675468444824219 4.5463619232177734375 5.5903658866882324219 8.1326017379760742188 7.3941211700439453125 5.1928491592407226562 6.7350759506225585938 5.9539246559143066406 2.7262196540832519531 2.8372719287872314453 2.0798807144165039062 2.9022839069366455078 4.9760103225708007812 6.4694600105285644531 8.6885805130004882812 10.384784698486328125 10.845422744750976562 10.926961898803710938 8.5556440353393554688 6.7178215980529785156 6.6627478599548339844 5.8975338935852050781 2.1972243785858154297 3.8718051910400390625 6.8387165069580078125 7.9699230194091796875 7.6092739105224609375 6.4246845245361328125 10.88128662109375 14.173037528991699219 12.977672576904296875 12.181642532348632812 11.087759017944335938 7.8319745063781738281 5.4052186012268066406 2.1447939872741699219 1.9141893386840820312 3.6211767196655273438 4.1537642478942871094
