wildfire/work/fuelmodels/1743/slope.asc
ncols        469
nrows        324
xllcorner    194725.000000000000
yllcorner    455055.000000000000
cellsize     5.000000000000
NODATA_value   -999
[rows 270 to 287 of 324, columns 200 to 239 of 469]
0.67499589920043945312 0.8254782557487487793 0.83280366659164428711 0.83522188663482666016 1.3423981666564941406 1.4984395503997802734 1.1276286840438842773 0.70649278163909912109 0.35574898123741149902 0.071139290928840637207 0.23165063560009002686 0.071150146424770355225 1.6226389408111572266 2.8486542701721191406 2.1633253097534179688 2.1972022056579589844 2.9711463451385498047 1.9678826332092285156 0.71997541189193725586 0.47302839159965515137 1.1081707477569580078 1.1249270439147949219 0.36279198527336120605 1.9842767715454101562 1.7567933797836303711 1.9924110174179077148 3.1907973289489746094 3.0490429401397705078 2.6941440105438232422 1.6669359207153320312 3.3882136344909667969 2.1428828239440917969 2.3774330615997314453 1.7808361053466796875 1.7533409595489501953 1.7368252277374267578 1.9635159969329833984 2.6557464599609375 3.2833833694458007812 3.0349309444427490234
0.98277938365936279297 1.7359343767166137695 2.0472786426544189453 2.0053327083587646484 2.1191611289978027344 1.736811518669128418 0.95719546079635620117 0.26239809393882751465 0.47303250432014465332 0.51307463645935058594 0.17136424779891967773 0.89319133758544921875 2.4227323532104492188 2.7262246608734130859 1.7799770832061767578 1.9727578163146972656 2.6032586097717285156 1.9218527078628540039 0.98689162731170654297 0.28813949227333068848 1.5515321493148803711 1.0672230720520019531 1.119080662727355957 2.9291589260101318359 4.9942350387573242188 5.7725210189819335938 6.2268052101135253906 4.3673372268676757812 2.7306618690490722656 2.1842715740203857422 3.904521942138671875 2.1388781070709228516 2.2008688449859619141 2.0558941364288330078 2.3439991474151611328 1.9326043128967285156 2.1821737289428710938 2.58530426025390625 2.4179308414459228516 2.3074765205383300781
2.6080923080444335938 2.3103036880493164062 2.1600348949432373047 1.909945368766784668 2.2153215408325195312 2.1663744449615478516 0.95719182491302490234 0.51009190082550048828 1.0349522829055786133 0.61781299114227294922 1.0860269069671630859 2.0912756919860839844 2.7474651336669921875 2.0154011249542236328 1.2667326927185058594 1.8087241649627685547 1.9583514928817749023 1.4800820350646972656 1.2502415180206298828 1.3956196308135986328 1.8529556989669799805 1.5911492109298706055 1.8359447717666625977 1.9067807197570800781 4.4249868392944335938 4.065814971923828125 5.9633016586303710938 6.4484319686889648438 3.0259156227111816406 2.4528024196624755859 2.7367627620697021484 1.1392560005187988281 0.88407444953918457031 1.394877314567565918 2.142887115478515625 2.0647373199462890625 2.2235157489776611328 1.9155217409133911133 1.6608588695526123047 1.9218538999557495117
3.0168900489807128906 2.1006939411163330078 1.3618477582931518555 1.3773635625839233398 2.2984704971313476562 3.0616507530212402344 2.5389413833618164062 1.5285270214080810547 1.4032016992568969727 0.57627445459365844727 2.0121183395385742188 2.9597127437591552734 2.1464295387268066406 1.4691013097763061523 1.4032044410705566406 2.1374478340148925781 2.171260833740234375 1.560305476188659668 1.3080068826675415039 2.1775562763214111328 1.9383544921875 0.66896224021911621094 0.89601999521255493164 1.7842203378677368164 4.6464557647705078125 6.7762045860290527344 2.146427154541015625 7.8931698799133300781 5.6287055015563964844 3.8833782672882080078 1.9393963813781738281 1.6507691144943237305 0.47302922606468200684 1.1811249256134033203 1.595905303955078125 1.2955611944198608398 1.1533796787261962891 0.96773028373718261719 1.241299748420715332 1.4057265520095825195
1.73680877685546875 1.6790244579315185547 1.3696241378784179688 1.9678995609283447266 3.06163787841796875 3.6565914154052734375 3.2630131244659423828 2.1626236438751220703 1.33974456787109375 2.0519468784332275391 3.3690581321716308594 2.7363893985748291016 1.7362366914749145508 1.6693644523620605469 1.9448760747909545898 3.0933327674865722656 3.2073976993560791016 2.7885670661926269531 2.8167099952697753906 2.7089142799377441406 1.2412995100021362305 0.74281102418899536133 1.3977850675582885742 1.1244815587997436523 3.7186255455017089844 7.29815673828125 2.4969451427459716797 5.2196621894836425781 5.5235629081726074219 3.1863787174224853516 2.1635673046112060547 1.2224032878875732422 0.48466008901596069336 1.6050794124603271484 1.3378540277481079102 0.40499797463417053223 0.58500182628631591797 1.0061779022216796875 1.7133278846740722656 1.5670893192291259766
1.5088716745376586914 1.9819691181182861328 2.2495315074920654297 2.8509595394134521484 2.8530700206756591797 3.3624615669250488281 3.6827144622802734375 3.1185517311096191406 2.4503574371337890625 3.1166112422943115234 3.6299488544464111328 2.7038719654083251953 2.1635773181915283203 2.3859262466430664062 2.7763848304748535156 3.8525815010070800781 3.2116620540618896484 2.7358641624450683594 2.6179811954498291016 1.4708193540573120117 0.43278083205223083496 0.96771395206451416016 0.2012503892183303833 0.74214249849319458008 4.1858501434326171875 6.9843506813049316406 3.0541737079620361328 2.2499892711639404297 3.0162127017974853516 3.891696929931640625 3.2036075592041015625 0.24231824278831481934 1.0422658920288085938 2.3799889087677001953 1.4514299631118774414 1.1824158430099487305 1.3861660957336425781 1.3427577018737792969 1.4903082847595214844 2.0442864894866943359
2.4196066856384277344 2.6241557598114013672 2.4809234142303466797 2.1988227367401123047 2.0679404735565185547 3.3856866359710693359 2.956966400146484375 2.8338704109191894531 2.3671970367431640625 4.0931673049926757812 3.4730553627014160156 2.5139262676239013672 2.2425544261932373047 2.5498661994934082031 3.0616266727447509766 3.4508676528930664062 2.4815156459808349609 1.6436897516250610352 0.75430732965469360352 0.76499152183532714844 0.95931494235992431641 1.1208802461624145508 0.82729470729827880859 1.3045201301574707031 4.5799632072448730469 6.2612962722778320312 2.4845712184906005859 1.1529422998428344727 2.5516524314880371094 4.9969587326049804688 2.6639144420623779297 2.0932071208953857422 1.9624806642532348633 2.5293614864349365234 1.0325078964233398438 0.74893260002136230469 1.1525015830993652344 0.89319133758544921875 0.96196705102920532227 1.7324502468109130859
1.2224222421646118164 1.3685202598571777344 1.1249414682388305664 0.81122797727584838867 1.9635213613510131836 3.0031363964080810547 2.3440144062042236328 2.2940416336059570312 2.7326936721801757812 3.5688846111297607422 1.7912948131561279297 1.1733918190002441406 1.4416303634643554688 2.3543367385864257812 2.8509523868560791016 3.1327755451202392578 2.3543491363525390625 1.1249414682388305664 0.54093647003173828125 0.80998808145523071289 1.6424853801727294922 1.7708613872528076172 1.8897310495376586914 3.7736351490020751953 5.0977225303649902344 4.5503716468811035156 2.1428921222686767578 0.6442978978157043457 2.5585832595825195312 4.4143815040588378906 1.8271039724349975586 1.9221065044403076172 2.1229717731475830078 2.4229547977447509766 1.5978130102157592773 1.0883457660675048828 1.4690892696380615234 1.288502812385559082 1.3060643672943115234 1.8433713912963867188
0.22946400940418243408 0.69493627548217773438 0.92491537332534790039 0.7954623103141784668 1.5936778783798217773 2.6154730319976806641 2.5782916545867919922 2.1768591403961181641 2.3946104049682617188 1.7570792436599731445 0.61123836040496826172 0.67498558759689331055 1.6889346837997436523 2.7068552970886230469 2.7386181354522705078 2.8274600505828857422 1.5092312097549438477 0.60791641473770141602 0.96773546934127807617 1.2778669595718383789 1.1581894159317016602 1.779976963996887207 2.9615888595581054688 3.4526052474975585938 2.565670013427734375 2.7905695438385009766 2.3620717525482177734 0.54092651605606079102 3.4842343330383300781 3.066253662109375 1.2671312093734741211 2.0206573009490966797 2.2768049240112304688 2.2153191566467285156 2.3646330833435058594 3.6655263900756835938 4.2642121315002441406 3.5154187679290771484 3.5461792945861816406 4.0553622245788574219
1.0667223930358886719 1.6547387838363647461 1.7639690637588500977 1.8179291486740112305 1.6229406595230102539 2.2594072818756103516 2.5293614864349365234 1.6702841520309448242 1.5390949249267578125 1.0576978921890258789 0.65288686752319335938 1.2115863561630249023 2.7373130321502685547 2.8635277748107910156 1.1772865056991577148 1.7963796854019165039 1.6400139331817626953 0.19354547560214996338 0.98686820268630981445 0.88005483150482177734 0.82545626163482666016 2.3646352291107177734 2.3901517391204833984 1.0859999656677246094 1.8447382450103759766 2.58982086181640625 2.7659924030303955078 1.1298651695251464844 4.0727567672729492188 1.4057385921478271484 2.4045114517211914062 2.4706974029541015625 2.4227399826049804688 2.2944977283477783203 3.0015997886657714844 4.0467820167541503906 3.8936648368835449219 4.0876307487487792969 5.0977416038513183594 4.9738903045654296875
1.4639128446578979492 1.1533846855163574219 1.1298921108245849609 1.8463807106018066406 1.9155116081237792969 2.169170379638671875 2.3594746589660644531 2.0980303287506103516 1.8223843574523925781 1.1172593832015991211 0.96614515781402587891 2.6525094509124755859 3.0142171382904052734 1.2413119077682495117 1.0499995946884155273 1.8137731552124023438 2.7863905429840087891 1.1081649065017700195 0.38314595818519592285 0.1006329953670501709 1.4014121294021606445 2.0842380523681640625 0.96771669387817382812 1.4656645059585571289 2.0973305702209472656 2.0747733116149902344 2.8608756065368652344 1.3499039411544799805 3.8879220485687255859 2.5018179416656494141 2.3240809440612792969 1.9919172525405883789 1.8279439210891723633 2.1551256179809570312 2.8338704109191894531 1.8551454544067382812 1.0596147775650024414 1.8781746625900268555 2.3549809455871582031 1.9354759454727172852
0.98019456863403320312 0.38712310791015625 0.77485978603363037109 1.691353917121887207 2.2940604686737060547 2.9977352619171142578 3.2617700099945068359 2.6515576839447021484 1.6693644523620605469 1.2408974170684814453 3.2375104427337646484 3.3786673545837402344 0.96196705102920532227 0.98842865228652954102 0.80119270086288452148 1.2195018529891967773 2.3301627635955810547 1.6424688100814819336 0.54185980558395385742 0.49704757332801818848 1.2244766950607299805 1.7929919958114624023 0.61205750703811645508 0.089993447065353393555 1.3814054727554321289 2.0747776031494140625 2.621829986572265625 0.19354148209095001221 2.4070200920104980469 2.2854249477386474609 2.1009147167205810547 1.2982990741729736328 0.49704757332801818848 1.8923839330673217773 2.3755125999450683594 1.0691192150115966797 0.82727885246276855469 0.88751983642578125 2.1088645458221435547 1.4228954315185546875
0.28814083337783813477 0.38843011856079101562 1.0061848163604736328 0.60791385173797607422 1.0860269069671630859 1.8224022388458251953 2.0383656024932861328 1.7501556873321533203 2.0999667644500732422 2.2594013214111328125 2.8021197319030761719 0.15908914804458618164 1.6238880157470703125 0.30187878012657165527 1.4994540214538574219 2.0659756660461425781 1.6571958065032958984 1.3080068826675415039 1.7053444385528564453 1.7089068889617919922 0.85496813058853149414 1.418980717658996582 1.7963813543319702148 1.5774101018905639648 2.3882682323455810547 2.4445753097534179688 1.4013829231262207031 1.3060643672943115234 0.94013196229934692383 0.85615098476409912109 1.366288304328918457 1.3199297189712524414 0.8055820465087890625 2.1637861728668212891 1.6970191001892089844 2.1682248115539550781 3.294605255126953125 3.4945211410522460938 4.1868243217468261719 4.2278437614440917969
0.47302839159965515137 0.74488252401351928711 1.0591262578964233398 0.89320349693298339844 1.4064378738403320312 2.1229562759399414062 2.0973305702209472656 0.3245080113410949707 1.6593139171600341797 2.0842328071594238281 0.45557522773742675781 1.4510724544525146484 0.37244194746017456055 2.2289779186248779297 2.33428192138671875 1.6838445663452148438 2.3994541168212890625 3.3190586566925048828 3.0192353725433349609 1.6461635828018188477 1.4639250040054321289 0.39359426498413085938 1.1383689641952514648 2.8312053680419921875 3.59374237060546875 1.404652714729309082 1.240870356559753418 1.2703289985656738281 0.72138822078704833984 0.34268894791603088379 0.74283653497695922852 0.91113716363906860352 1.0576814413070678711 1.5305150747299194336 1.7774218320846557617 4.4793906211853027344 4.4624533653259277344 3.5564022064208984375 3.1196787357330322266 4.3262562751770019531
1.7394279241561889648 1.5275458097457885742 1.3184134960174560547 1.7286342382431030273 2.1731283664703369141 2.2934122085571289062 0.92929875850677490234 1.3234001398086547852 0.70435547828674316406 0.3831641077995300293 0.94228690862655639648 1.991906285285949707 2.5233504772186279297 2.7447037696838378906 1.7613898515701293945 2.5753157138824462891 4.0046334266662597656 2.9300153255462646484 1.4909780025482177734 0.97345697879791259766 1.4121979475021362305 2.9396736621856689453 4.2131285667419433594 4.9296960830688476562 2.5058498382568359375 1.3861393928527832031 1.460110783576965332 1.1668939590454101562 2.5042388439178466797 2.4246058464050292969 2.5401251316070556641 1.361840367317199707 0.78585875034332275391 0.91777902841567993164 2.4743764400482177734 3.1707892417907714844 0.98843026161193847656 1.219491124153137207 1.7910231351852416992 2.0740349292755126953
2.0987632274627685547 1.8137736320495605469 1.5278662443161010742 1.6979157924652099609 1.073357701301574707 0.6112213134765625 2.1035771369934082031 1.6338297128677368164 0.41488420963287353516 0.45559638738632202148 1.4003237485885620117 2.1513645648956298828 2.2969148159027099609 2.1296305656433105469 1.713347315788269043 2.4310793876647949219 1.9555202722549438477 0.27372127771377563477 0.27186042070388793945 1.0147145986557006836 2.8326489925384521484 3.7412526607513427734 3.5165817737579345703 3.0184166431427001953 1.3770053386688232422 1.2240685224533081055 0.83701759576797485352 3.0219030380249023438 1.8447382450103759766 1.6886428594589233398 2.3240542411804199219 2.3221056461334228516 1.0504813194274902344 2.0204100608825683594 2.5016222000122070312 2.11508941650390625 1.1172634363174438477 1.3484022617340087891 2.0423200130462646484 1.4317729473114013672
1.6886519193649291992 0.91115337610244750977 1.094834446907043457 0.70073860883712768555 0.79549086093902587891 1.5796593427658081055 1.2920387983322143555 0.38840028643608093262 0.50308930873870849609 1.5357849597930908203 1.8221063613891601562 1.1841275691986083984 1.1669068336486816406 1.7221850156784057617 1.8212801218032836914 1.6238753795623779297 0.62998694181442260742 0.14230564236640930176 1.2743020057678222656 2.3994553089141845703 2.9650087356567382812 2.5774872303009033203 1.6547578573226928711 0.70074635744094848633 0.88005214929580688477 1.7731356620788574219 2.9307126998901367188 2.704051971435546875 1.6437109708786010742 1.6164002418518066406 1.7913123369216918945 2.2807860374450683594 2.1654348373413085938 2.3893158435821533203 1.1564466953277587891 1.0437177419662475586 0.87370580434799194336 0.71503686904907226562 1.9220960140228271484 1.9157654047012329102
1.1824220418930053711 1.1113487482070922852 1.147206425666809082 1.4129110574722290039 1.1879750490188598633 0.33220124244689941406 0.52956938743591308594 0.92491954565048217773 1.3547699451446533203 1.9448752403259277344 1.8835531473159790039 1.9030705690383911133 2.2064089775085449219 2.1447825431823730469 1.6251157522201538086 0.84722167253494262695 0.37106925249099731445 1.3184134960174560547 1.9748160839080810547 2.9022717475891113281 2.8374478816986083984 1.0280698537826538086 2.4528384208679199219 2.489070892333984375 2.6515848636627197266 3.1487386226654052734 3.9443006515502929688 2.8530857563018798828 1.7828090190887451172 0.87544596195220947266 2.7711095809936523438 0.84003216028213500977 2.7262172698974609375 0.96929210424423217773 0.43278533220291137695 1.0892702341079711914 1.4246731996536254883 0.0449924468994140625 2.2063932418823242188 3.6573898792266845703
