wildfire/work/fuelmodels/1985/ahn1.asc
ncols        270
nrows        207
xllcorner    188620.000000000000
yllcorner    480870.000000000000
cellsize     5.000000000000
NODATA_value   -999
[rows 54 to 71 of 207, columns 205 to 245 of 270]
28.420000076293945312 28.489999771118164062 28.510000228881835938 28.489999771118164062 28.379999160766601562 28.280000686645507812 28.309999465942382812 28.280000686645507812 28.399999618530273438 28.450000762939453125 28.489999771118164062 28.510000228881835938 28.479999542236328125 28.440000534057617188 28.29000091552734375 28.239999771118164062 28.090000152587890625 28 27.940000534057617188 27.879999160766601562 27.899999618530273438 27.770000457763671875 27.780000686645507812 27.75 27.590000152587890625 27.6100006103515625 27.420000076293945312 27.45999908447265625 27.379999160766601562 27.399999618530273438 27.649999618530273438 27.670000076293945312 27.690000534057617188 27.700000762939453125 27.68000030517578125 27.690000534057617188 27.6100006103515625 27.649999618530273438 27.6399993896484375 27.68000030517578125 27.56999969482421875
28.450000762939453125 28.520000457763671875 28.450000762939453125 28.3600006103515625 28.409999847412109375 28.229999542236328125 28.340000152587890625 28.350000381469726562 28.520000457763671875 28.629999160766601562 28.659999847412109375 28.5 28.489999771118164062 28.409999847412109375 28.280000686645507812 28.270000457763671875 28.149999618530273438 28.06999969482421875 27.909999847412109375 27.81999969482421875 27.840000152587890625 27.729999542236328125 27.670000076293945312 27.659999847412109375 27.620000839233398438 27.530000686645507812 27.520000457763671875 27.469999313354492188 27.600000381469726562 27.579999923706054688 27.649999618530273438 27.70999908447265625 27.719999313354492188 27.739999771118164062 27.780000686645507812 27.829999923706054688 27.79000091552734375 27.809999465942382812 27.739999771118164062 27.690000534057617188 27.670000076293945312
28.450000762939453125 28.440000534057617188 28.440000534057617188 28.31999969482421875 28.31999969482421875 28.229999542236328125 28.399999618530273438 28.5 28.649999618530273438 28.799999237060546875 28.770000457763671875 28.659999847412109375 28.510000228881835938 28.450000762939453125 28.340000152587890625 28.260000228881835938 28.200000762939453125 28.090000152587890625 27.950000762939453125 27.8899993896484375 27.829999923706054688 27.809999465942382812 27.70999908447265625 27.659999847412109375 27.659999847412109375 27.6100006103515625 27.659999847412109375 27.670000076293945312 27.6399993896484375 27.770000457763671875 27.719999313354492188 27.899999618530273438 27.909999847412109375 27.8899993896484375 27.870000839233398438 27.969999313354492188 28.059999465942382812 28.020000457763671875 27.969999313354492188 27.909999847412109375 27.909999847412109375
28.270000457763671875 28.399999618530273438 28.3600006103515625 28.29000091552734375 28.31999969482421875 28.280000686645507812 28.469999313354492188 28.590000152587890625 28.780000686645507812 28.95999908447265625 28.8600006103515625 28.770000457763671875 28.670000076293945312 28.549999237060546875 28.440000534057617188 28.329999923706054688 28.190000534057617188 28.04000091552734375 28 27.940000534057617188 27.899999618530273438 27.8899993896484375 27.799999237060546875 27.850000381469726562 27.8899993896484375 27.870000839233398438 27.8899993896484375 27.989999771118164062 28.020000457763671875 28.120000839233398438 28.489999771118164062 28.590000152587890625 28.229999542236328125 28.18000030517578125 28.239999771118164062 28.29000091552734375 28.3899993896484375 28.510000228881835938 28.659999847412109375 28.5 28.829999923706054688
28.379999160766601562 28.370000839233398438 28.340000152587890625 28.270000457763671875 28.190000534057617188 28.25 28.43000030517578125 28.579999923706054688 28.70999908447265625 28.879999160766601562 28.850000381469726562 28.780000686645507812 28.70999908447265625 28.6100006103515625 28.469999313354492188 28.350000381469726562 28.260000228881835938 28.18000030517578125 28.049999237060546875 28.049999237060546875 28.100000381469726562 28.120000839233398438 28.170000076293945312 28.239999771118164062 28.159999847412109375 28.299999237060546875 28.45999908447265625 28.70999908447265625 29.010000228881835938 29.120000839233398438 29.530000686645507812 29.379999160766601562 28.870000839233398438 28.909999847412109375 28.909999847412109375 29.129999160766601562 29.149999618530273438 29.219999313354492188 29.56999969482421875 29.739999771118164062 29.739999771118164062
28.43000030517578125 28.3600006103515625 28.31999969482421875 28.260000228881835938 28.090000152587890625 28.20999908447265625 28.409999847412109375 28.649999618530273438 28.600000381469726562 28.559999465942382812 28.70999908447265625 28.649999618530273438 28.75 28.68000030517578125 28.579999923706054688 28.450000762939453125 28.29000091552734375 28.25 28.229999542236328125 28.3899993896484375 28.659999847412109375 28.68000030517578125 28.75 28.809999465942382812 28.93000030517578125 29.1100006103515625 29.25 29.6399993896484375 29.879999160766601562 30.29000091552734375 30.440000534057617188 30.770000457763671875 30.420000076293945312 30.370000839233398438 29.989999771118164062 29.8600006103515625 29.950000762939453125 30.159999847412109375 30.159999847412109375 30.20999908447265625 30.340000152587890625
28.520000457763671875 28.420000076293945312 28.340000152587890625 28.29000091552734375 28.200000762939453125 28.1399993896484375 28.29000091552734375 28.6399993896484375 28.799999237060546875 28.600000381469726562 28.510000228881835938 28.659999847412109375 28.760000228881835938 28.659999847412109375 28.670000076293945312 28.629999160766601562 28.559999465942382812 28.510000228881835938 28.440000534057617188 28.729999542236328125 29.379999160766601562 29.590000152587890625 29.70999908447265625 29.870000839233398438 29.940000534057617188 30.3899993896484375 30.549999237060546875 30.719999313354492188 30.850000381469726562 31.120000839233398438 31.18000030517578125 31.219999313354492188 31.440000534057617188 31.1399993896484375 30.969999313354492188 30.75 30.530000686645507812 30.600000381469726562 30.45999908447265625 30.510000228881835938 30.559999465942382812
28.56999969482421875 28.440000534057617188 28.340000152587890625 28.29000091552734375 28.18000030517578125 28.120000839233398438 28.090000152587890625 28.70999908447265625 28.940000534057617188 28.760000228881835938 28.649999618530273438 28.840000152587890625 28.95999908447265625 29 28.989999771118164062 28.95999908447265625 28.979999542236328125 28.920000076293945312 29.260000228881835938 29.68000030517578125 30.120000839233398438 30.170000076293945312 30.68000030517578125 30.780000686645507812 31.280000686645507812 31.629999160766601562 31.989999771118164062 32.189998626708984375 32.259998321533203125 32.189998626708984375 31.8899993896484375 31.879999160766601562 31.989999771118164062 31.909999847412109375 31.420000076293945312 31 30.8899993896484375 30.670000076293945312 30.590000152587890625 30.469999313354492188 30.370000839233398438
28.620000839233398438 28.549999237060546875 28.420000076293945312 28.370000839233398438 28.270000457763671875 28.219999313354492188 28.309999465942382812 28.770000457763671875 29.229999542236328125 29.1100006103515625 29 29.170000076293945312 29.43000030517578125 29.530000686645507812 29.70999908447265625 29.799999237060546875 29.770000457763671875 29.95999908447265625 30.530000686645507812 30.840000152587890625 30.969999313354492188 31.45999908447265625 31.6100006103515625 31.850000381469726562 32.1100006103515625 32.95999908447265625 33.1699981689453125 33.240001678466796875 33.189998626708984375 33.020000457763671875 32.869998931884765625 32.45999908447265625 32.220001220703125 31.989999771118164062 31.520000457763671875 31 30.719999313354492188 30.45999908447265625 30.299999237060546875 30.1100006103515625 30.020000457763671875
28.670000076293945312 28.670000076293945312 28.559999465942382812 28.510000228881835938 28.5 28.54000091552734375 28.670000076293945312 28.909999847412109375 29.409999847412109375 29.479999542236328125 29.510000228881835938 29.719999313354492188 29.829999923706054688 29.969999313354492188 30.059999465942382812 30.229999542236328125 30.719999313354492188 30.940000534057617188 31.3899993896484375 31.5 31.899999618530273438 32.20999908447265625 32.479999542236328125 32.5800018310546875 32.840000152587890625 33.340000152587890625 33.59999847412109375 33.65000152587890625 33.470001220703125 33.380001068115234375 33.15000152587890625 32.8300018310546875 32.310001373291015625 31.829999923706054688 31.159999847412109375 30.729999542236328125 30.409999847412109375 30.059999465942382812 29.809999465942382812 29.659999847412109375 29.450000762939453125
28.870000839233398438 28.809999465942382812 28.770000457763671875 28.719999313354492188 28.760000228881835938 28.850000381469726562 29 29.229999542236328125 29.440000534057617188 29.729999542236328125 29.979999542236328125 30.1100006103515625 30.06999969482421875 30.270000457763671875 30.5 30.75 31.049999237060546875 31.29000091552734375 31.579999923706054688 31.659999847412109375 31.909999847412109375 32.1100006103515625 32.470001220703125 32.740001678466796875 32.869998931884765625 33.189998626708984375 33.29000091552734375 33.279998779296875 33.259998321533203125 33.020000457763671875 32.740001678466796875 32.270000457763671875 31.770000457763671875 31.149999618530273438 30.559999465942382812 30.219999313354492188 29.8899993896484375 29.510000228881835938 29.280000686645507812 29.030000686645507812 28.79000091552734375
29.010000228881835938 29.090000152587890625 29 29.04000091552734375 28.989999771118164062 29.200000762939453125 29.370000839233398438 29.530000686645507812 29.559999465942382812 29.719999313354492188 30.25 30.45999908447265625 30.379999160766601562 30.75 30.940000534057617188 31.06999969482421875 31.120000839233398438 31.25 31.29000091552734375 31.329999923706054688 31.409999847412109375 31.81999969482421875 32.130001068115234375 32.3600006103515625 32.6100006103515625 32.6699981689453125 32.759998321533203125 32.759998321533203125 32.75 32.380001068115234375 31.899999618530273438 31.239999771118164062 30.739999771118164062 30.270000457763671875 29.770000457763671875 29.379999160766601562 29.100000381469726562 28.739999771118164062 28.56999969482421875 28.340000152587890625 28.260000228881835938
29.159999847412109375 29.170000076293945312 29.260000228881835938 29.31999969482421875 29.450000762939453125 29.510000228881835938 29.719999313354492188 29.879999160766601562 29.739999771118164062 29.520000457763671875 30.370000839233398438 30.690000534057617188 30.969999313354492188 31.299999237060546875 31.409999847412109375 31.43000030517578125 31.450000762939453125 31.3600006103515625 31.06999969482421875 31.030000686645507812 31.149999618530273438 31.420000076293945312 31.739999771118164062 31.940000534057617188 32.1399993896484375 32.25 32.279998779296875 32.09999847412109375 31.950000762939453125 31.3600006103515625 30.6399993896484375 30.100000381469726562 29.469999313354492188 29.049999237060546875 28.670000076293945312 28.45999908447265625 28.350000381469726562 28.1399993896484375 28.020000457763671875 27.829999923706054688 27.659999847412109375
29.18000030517578125 29.340000152587890625 29.520000457763671875 29.620000839233398438 29.620000839233398438 29.780000686645507812 29.969999313354492188 30.270000457763671875 29.8600006103515625 29.420000076293945312 30.159999847412109375 30.45999908447265625 31.170000076293945312 31.620000839233398438 31.940000534057617188 32.220001220703125 32.590000152587890625 32.259998321533203125 31.440000534057617188 31.06999969482421875 31.149999618530273438 31.270000457763671875 31.489999771118164062 31.68000030517578125 31.879999160766601562 31.840000152587890625 31.469999313354492188 31.190000534057617188 30.940000534057617188 30.31999969482421875 29.620000839233398438 29.010000228881835938 28.510000228881835938 28.309999465942382812 28.04000091552734375 27.840000152587890625 27.690000534057617188 27.489999771118164062 27.43000030517578125 27.399999618530273438 27.190000534057617188
29.620000839233398438 29.690000534057617188 29.75 29.79000091552734375 29.780000686645507812 29.8899993896484375 29.979999542236328125 30.1100006103515625 30.06999969482421875 29.18000030517578125 30.090000152587890625 30.100000381469726562 31.340000152587890625 32.04000091552734375 32.560001373291015625 32.970001220703125 33.299999237060546875 33.130001068115234375 32.3300018310546875 31.79000091552734375 31.54000091552734375 31.489999771118164062 31.6399993896484375 31.690000534057617188 31.600000381469726562 31.20999908447265625 30.70999908447265625 30.329999923706054688 29.969999313354492188 29.370000839233398438 28.68000030517578125 28.129999160766601562 27.95999908447265625 27.6399993896484375 27.3899993896484375 27.29000091552734375 27.260000228881835938 27.159999847412109375 27.06999969482421875 26.920000076293945312 26.879999160766601562
29.760000228881835938 29.739999771118164062 29.70999908447265625 29.690000534057617188 29.809999465942382812 29.659999847412109375 29.739999771118164062 29.829999923706054688 29.659999847412109375 29.149999618530273438 30.04000091552734375 29.829999923706054688 30.81999969482421875 31.979999542236328125 32.75 33.0800018310546875 33.240001678466796875 33.54000091552734375 33.090000152587890625 32.6399993896484375 32.189998626708984375 31.81999969482421875 31.6100006103515625 31.3600006103515625 30.95999908447265625 30.45999908447265625 29.989999771118164062 29.6100006103515625 29.06999969482421875 28.440000534057617188 27.899999618530273438 27.559999465942382812 27.31999969482421875 27.1399993896484375 27.100000381469726562 26.899999618530273438 26.840000152587890625 26.770000457763671875 26.799999237060546875 26.600000381469726562 26.700000762939453125
29.690000534057617188 29.600000381469726562 29.54000091552734375 29.520000457763671875 29.409999847412109375 29.450000762939453125 29.379999160766601562 29.600000381469726562 29.31999969482421875 28.969999313354492188 29.31999969482421875 29.54000091552734375 30.309999465942382812 31.059999465942382812 31.770000457763671875 31.95999908447265625 33.090000152587890625 33.279998779296875 32.939998626708984375 32.40000152587890625 32.020000457763671875 31.440000534057617188 30.93000030517578125 30.530000686645507812 29.969999313354492188 29.6100006103515625 29.149999618530273438 28.760000228881835938 28.260000228881835938 27.739999771118164062 27.350000381469726562 27.159999847412109375 27.030000686645507812 26.8899993896484375 26.809999465942382812 26.700000762939453125 26.649999618530273438 26.600000381469726562 26.5 26.549999237060546875 26.56999969482421875
30.059999465942382812 29.809999465942382812 29.739999771118164062 29.420000076293945312 29.379999160766601562 29.340000152587890625 29.559999465942382812 29.829999923706054688 29.120000839233398438 28.81999969482421875 28.989999771118164062 29.270000457763671875 29.739999771118164062 30.059999465942382812 30.770000457763671875 31.43000030517578125 32.5800018310546875 32.630001068115234375 32.18000030517578125 31.479999542236328125 31.079999923706054688 30.440000534057617188 29.760000228881835938 29.299999237060546875 28.670000076293945312 28.56999969482421875 28.190000534057617188 27.809999465942382812 27.510000228881835938 27.190000534057617188 27.020000457763671875 26.870000839233398438 26.809999465942382812 26.719999313354492188 26.659999847412109375 26.6100006103515625 26.579999923706054688 26.590000152587890625 26.530000686645507812 26.6100006103515625 26.56999969482421875
