wildfire/work/fuelmodels/1985/ahn1.asc
ncols        270
nrows        207
xllcorner    188620.000000000000
yllcorner    480870.000000000000
cellsize     5.000000000000
NODATA_value   -999
[rows 0 to 17 of 207, columns 41 to 81 of 270]
34.909999847412109375 34.720001220703125 34.619998931884765625 34.54000091552734375 34.409999847412109375 34.220001220703125 34.18000030517578125 34.1699981689453125 33.93000030517578125 33.840000152587890625 33.659999847412109375 33.659999847412109375 33.59999847412109375 33.45999908447265625 33.3600006103515625 33.25 33.200000762939453125 33.119998931884765625 33.049999237060546875 33 32.9199981689453125 32.810001373291015625 32.79000091552734375 32.720001220703125 32.689998626708984375 32.700000762939453125 32.689998626708984375 32.700000762939453125 32.70999908447265625 32.659999847412109375 32.659999847412109375 32.549999237060546875 32.450000762939453125 32.34999847412109375 32.369998931884765625 32.049999237060546875 31.870000839233398438 31.770000457763671875 31.75 31.670000076293945312 31.56999969482421875
34.880001068115234375 34.729999542236328125 34.65000152587890625 34.509998321533203125 34.43000030517578125 34.259998321533203125 34.279998779296875 34.18000030517578125 33.970001220703125 33.810001373291015625 33.689998626708984375 33.689998626708984375 33.65000152587890625 33.490001678466796875 33.369998931884765625 33.3600006103515625 33.29000091552734375 33.189998626708984375 33.09999847412109375 33.060001373291015625 32.970001220703125 32.869998931884765625 32.90000152587890625 32.740001678466796875 32.659999847412109375 32.6100006103515625 32.630001068115234375 32.68000030517578125 32.560001373291015625 32.689998626708984375 32.689998626708984375 32.6399993896484375 32.490001678466796875 32.43000030517578125 32.29000091552734375 32.06999969482421875 31.95999908447265625 31.770000457763671875 31.70999908447265625 31.629999160766601562 31.620000839233398438
34.779998779296875 34.770000457763671875 34.590000152587890625 34.509998321533203125 34.340000152587890625 34.200000762939453125 34.299999237060546875 34.240001678466796875 33.979999542236328125 33.840000152587890625 33.75 33.720001220703125 33.659999847412109375 33.549999237060546875 33.43000030517578125 33.3600006103515625 33.340000152587890625 33.259998321533203125 33.159999847412109375 33.049999237060546875 33.0800018310546875 32.990001678466796875 32.81999969482421875 32.779998779296875 32.68000030517578125 32.5800018310546875 32.490001678466796875 32.4199981689453125 32.470001220703125 32.470001220703125 32.439998626708984375 32.43000030517578125 32.270000457763671875 32.29000091552734375 32.279998779296875 32.09999847412109375 31.989999771118164062 31.840000152587890625 31.840000152587890625 31.659999847412109375 31.649999618530273438
34.759998321533203125 34.729999542236328125 34.590000152587890625 34.479999542236328125 34.40000152587890625 34.29000091552734375 34.29000091552734375 34.15000152587890625 33.909999847412109375 33.759998321533203125 33.779998779296875 33.6699981689453125 33.689998626708984375 33.590000152587890625 33.369998931884765625 33.340000152587890625 33.270000457763671875 33.220001220703125 33.229999542236328125 33.200000762939453125 33.009998321533203125 32.8899993896484375 32.8300018310546875 32.68000030517578125 32.630001068115234375 32.56999969482421875 32.529998779296875 32.45999908447265625 32.380001068115234375 32.380001068115234375 32.3600006103515625 32.220001220703125 32.200000762939453125 32.15000152587890625 32.1399993896484375 32.029998779296875 31.899999618530273438 31.8600006103515625 31.780000686645507812 31.760000228881835938 31.700000762939453125
34.799999237060546875 34.70999908447265625 34.630001068115234375 34.45999908447265625 34.3600006103515625 34.29000091552734375 34.229999542236328125 34.060001373291015625 33.8899993896484375 33.84999847412109375 33.8300018310546875 33.689998626708984375 33.590000152587890625 33.409999847412109375 33.40000152587890625 33.369998931884765625 33.29000091552734375 33.259998321533203125 33.189998626708984375 33.06999969482421875 32.970001220703125 32.880001068115234375 32.8300018310546875 32.720001220703125 32.5800018310546875 32.590000152587890625 32.59999847412109375 32.45999908447265625 32.40000152587890625 32.259998321533203125 32.299999237060546875 32.25 32.090000152587890625 32.049999237060546875 31.989999771118164062 31.899999618530273438 31.829999923706054688 31.780000686645507812 31.75 31.829999923706054688 31.700000762939453125
34.869998931884765625 34.68000030517578125 34.619998931884765625 34.5 34.369998931884765625 34.220001220703125 34.229999542236328125 34.020000457763671875 33.869998931884765625 33.8300018310546875 33.729999542236328125 33.700000762939453125 33.619998931884765625 33.4199981689453125 33.40000152587890625 33.340000152587890625 33.340000152587890625 33.25 33.15000152587890625 33.090000152587890625 32.95999908447265625 32.869998931884765625 32.779998779296875 32.689998626708984375 32.6100006103515625 32.5800018310546875 32.529998779296875 32.450000762939453125 32.3300018310546875 32.240001678466796875 32.240001678466796875 32.20999908447265625 32.1399993896484375 32.029998779296875 31.899999618530273438 31.840000152587890625 31.79000091552734375 31.719999313354492188 31.739999771118164062 31.739999771118164062 31.70999908447265625
34.779998779296875 34.740001678466796875 34.740001678466796875 34.630001068115234375 34.340000152587890625 34.229999542236328125 34.1399993896484375 33.81999969482421875 33.8899993896484375 33.740001678466796875 33.630001068115234375 33.65000152587890625 33.520000457763671875 33.45999908447265625 33.34999847412109375 33.369998931884765625 33.369998931884765625 33.189998626708984375 33.130001068115234375 33.060001373291015625 32.93000030517578125 32.8600006103515625 32.689998626708984375 32.6399993896484375 32.619998931884765625 32.549999237060546875 32.5 32.509998321533203125 32.43000030517578125 32.34999847412109375 32.200000762939453125 32.090000152587890625 32.119998931884765625 32.020000457763671875 31.909999847412109375 31.799999237060546875 31.739999771118164062 31.700000762939453125 31.690000534057617188 31.600000381469726562 31.530000686645507812
34.79000091552734375 34.8300018310546875 34.779998779296875 34.520000457763671875 34.299999237060546875 34.229999542236328125 34.060001373291015625 33.990001678466796875 33.869998931884765625 33.75 33.729999542236328125 33.700000762939453125 33.479999542236328125 33.450000762939453125 33.29000091552734375 33.34999847412109375 33.299999237060546875 33.20999908447265625 33.0800018310546875 32.979999542236328125 32.93000030517578125 32.840000152587890625 32.689998626708984375 32.6699981689453125 32.6699981689453125 32.65000152587890625 32.590000152587890625 32.45999908447265625 32.340000152587890625 32.310001373291015625 32.25 32.18000030517578125 32.119998931884765625 32.009998321533203125 31.920000076293945312 31.799999237060546875 31.75 31.739999771118164062 31.659999847412109375 31.530000686645507812 31.559999465942382812
34.840000152587890625 34.81999969482421875 34.70999908447265625 34.45999908447265625 34.340000152587890625 34.259998321533203125 34.029998779296875 33.950000762939453125 33.810001373291015625 33.740001678466796875 33.700000762939453125 33.659999847412109375 33.490001678466796875 33.450000762939453125 33.340000152587890625 33.369998931884765625 33.279998779296875 33.240001678466796875 33.0800018310546875 32.970001220703125 32.9199981689453125 32.810001373291015625 32.700000762939453125 32.6100006103515625 32.59999847412109375 32.54000091552734375 32.54000091552734375 32.380001068115234375 32.340000152587890625 32.240001678466796875 32.189998626708984375 32.119998931884765625 32.090000152587890625 31.909999847412109375 31.909999847412109375 31.850000381469726562 31.770000457763671875 31.770000457763671875 31.700000762939453125 31.56999969482421875 31.520000457763671875
34.90000152587890625 34.770000457763671875 34.659999847412109375 34.439998626708984375 34.380001068115234375 34.20999908447265625 34.029998779296875 33.939998626708984375 33.799999237060546875 33.770000457763671875 33.68000030517578125 33.59999847412109375 33.470001220703125 33.409999847412109375 33.380001068115234375 33.310001373291015625 33.29000091552734375 33.1399993896484375 33.04000091552734375 32.970001220703125 32.939998626708984375 32.729999542236328125 32.659999847412109375 32.59999847412109375 32.54000091552734375 32.490001678466796875 32.409999847412109375 32.299999237060546875 32.259998321533203125 32.25 32.1699981689453125 32.1100006103515625 32.159999847412109375 31.950000762939453125 31.899999618530273438 31.850000381469726562 31.8600006103515625 31.840000152587890625 31.70999908447265625 31.6100006103515625 31.5
34.93000030517578125 34.810001373291015625 34.59999847412109375 34.479999542236328125 34.439998626708984375 34.25 34.049999237060546875 33.990001678466796875 33.869998931884765625 33.79000091552734375 33.759998321533203125 33.54000091552734375 33.490001678466796875 33.299999237060546875 33.3600006103515625 33.31999969482421875 33.270000457763671875 33.119998931884765625 33.04000091552734375 32.950000762939453125 32.84999847412109375 32.70999908447265625 32.59999847412109375 32.520000457763671875 32.509998321533203125 32.340000152587890625 32.299999237060546875 32.240001678466796875 32.159999847412109375 32.18000030517578125 32.18000030517578125 32.1100006103515625 32.009998321533203125 31.81999969482421875 31.840000152587890625 31.829999923706054688 31.79000091552734375 31.670000076293945312 31.70999908447265625 31.549999237060546875 31.5
34.939998626708984375 34.8600006103515625 34.700000762939453125 34.56999969482421875 34.450000762939453125 34.240001678466796875 34.049999237060546875 33.95999908447265625 33.90000152587890625 33.770000457763671875 33.689998626708984375 33.549999237060546875 33.5 33.4199981689453125 33.3600006103515625 33.299999237060546875 33.1399993896484375 33.06999969482421875 33.04000091552734375 32.950000762939453125 32.8300018310546875 32.75 32.59999847412109375 32.520000457763671875 32.409999847412109375 32.4199981689453125 32.3600006103515625 32.31999969482421875 32.25 32.1699981689453125 32.119998931884765625 32.09999847412109375 31.950000762939453125 31.799999237060546875 31.760000228881835938 31.75 31.670000076293945312 31.79000091552734375 31.6399993896484375 31.6399993896484375 31.520000457763671875
34.90000152587890625 34.84999847412109375 34.729999542236328125 34.59999847412109375 34.439998626708984375 34.229999542236328125 34.060001373291015625 33.909999847412109375 33.81999969482421875 33.75 33.689998626708984375 33.529998779296875 33.490001678466796875 33.439998626708984375 33.369998931884765625 33.310001373291015625 33.1699981689453125 33.029998779296875 32.979999542236328125 32.950000762939453125 32.8300018310546875 32.720001220703125 32.65000152587890625 32.509998321533203125 32.3899993896484375 32.369998931884765625 32.259998321533203125 32.279998779296875 32.200000762939453125 32.159999847412109375 32.130001068115234375 31.989999771118164062 31.950000762939453125 31.840000152587890625 31.739999771118164062 31.719999313354492188 31.729999542236328125 31.8600006103515625 31.920000076293945312 31.780000686645507812 31.530000686645507812
34.8600006103515625 34.79000091552734375 34.770000457763671875 34.68000030517578125 34.470001220703125 34.31999969482421875 33.990001678466796875 33.93000030517578125 33.880001068115234375 33.720001220703125 33.659999847412109375 33.560001373291015625 33.45999908447265625 33.439998626708984375 33.340000152587890625 33.29000091552734375 33.200000762939453125 33.15000152587890625 33.009998321533203125 32.909999847412109375 32.79000091552734375 32.6699981689453125 32.65000152587890625 32.509998321533203125 32.409999847412109375 32.189998626708984375 32.20999908447265625 32.220001220703125 32.130001068115234375 31.979999542236328125 32.04000091552734375 32.029998779296875 31.920000076293945312 31.870000839233398438 31.760000228881835938 31.70999908447265625 31.809999465942382812 31.850000381469726562 31.940000534057617188 31.809999465942382812 31.649999618530273438
34.840000152587890625 34.799999237060546875 34.729999542236328125 34.68000030517578125 34.439998626708984375 34.220001220703125 34.029998779296875 33.95999908447265625 33.869998931884765625 33.619998931884765625 33.549999237060546875 33.509998321533203125 33.479999542236328125 33.45999908447265625 33.3899993896484375 33.299999237060546875 33.229999542236328125 33.119998931884765625 33.06999969482421875 32.909999847412109375 32.770000457763671875 32.700000762939453125 32.6100006103515625 32.479999542236328125 32.369998931884765625 32.189998626708984375 32.1399993896484375 32.119998931884765625 32.060001373291015625 31.989999771118164062 31.989999771118164062 31.989999771118164062 31.879999160766601562 31.8600006103515625 31.729999542236328125 31.70999908447265625 31.75 31.799999237060546875 31.870000839233398438 31.770000457763671875 31.549999237060546875
34.95999908447265625 34.81999969482421875 34.840000152587890625 34.630001068115234375 34.45999908447265625 34.200000762939453125 34.049999237060546875 33.90000152587890625 33.810001373291015625 33.6699981689453125 33.520000457763671875 33.529998779296875 33.549999237060546875 33.490001678466796875 33.31999969482421875 33.25 33.189998626708984375 33.119998931884765625 33.009998321533203125 32.909999847412109375 32.81999969482421875 32.729999542236328125 32.630001068115234375 32.509998321533203125 32.3300018310546875 32.259998321533203125 32.1399993896484375 32.1100006103515625 32.0800018310546875 32.04000091552734375 31.940000534057617188 31.969999313354492188 31.870000839233398438 31.75 31.700000762939453125 31.68000030517578125 31.729999542236328125 31.75 31.719999313354492188 31.659999847412109375 31.45999908447265625
34.909999847412109375 34.8600006103515625 34.8300018310546875 34.6100006103515625 34.4199981689453125 34.229999542236328125 34.009998321533203125 33.939998626708984375 33.770000457763671875 33.56999969482421875 33.560001373291015625 33.490001678466796875 33.59999847412109375 33.549999237060546875 33.340000152587890625 33.25 33.189998626708984375 33.130001068115234375 33.029998779296875 32.90000152587890625 32.79000091552734375 32.689998626708984375 32.6399993896484375 32.509998321533203125 32.380001068115234375 32.259998321533203125 32.1399993896484375 32.06999969482421875 32.0800018310546875 32.029998779296875 31.979999542236328125 31.95999908447265625 31.940000534057617188 31.780000686645507812 31.79000091552734375 31.659999847412109375 31.56999969482421875 31.520000457763671875 31.520000457763671875 31.379999160766601562 31.29000091552734375
34.770000457763671875 34.779998779296875 34.770000457763671875 34.5800018310546875 34.34999847412109375 34.159999847412109375 34 33.909999847412109375 33.759998321533203125 33.630001068115234375 33.54000091552734375 33.5 33.5800018310546875 33.5 33.43000030517578125 33.20999908447265625 33.220001220703125 33.06999969482421875 32.990001678466796875 32.840000152587890625 32.759998321533203125 32.740001678466796875 32.65000152587890625 32.490001678466796875 32.43000030517578125 32.310001373291015625 32.189998626708984375 32.09999847412109375 32.15000152587890625 32.049999237060546875 32.020000457763671875 31.950000762939453125 31.979999542236328125 31.79000091552734375 31.770000457763671875 31.629999160766601562 31.629999160766601562 31.510000228881835938 31.420000076293945312 31.299999237060546875 31.20999908447265625
