wildfire/work/fuelmodels/1985/ahn1.asc
ncols        270
nrows        207
xllcorner    188620.000000000000
yllcorner    480870.000000000000
cellsize     5.000000000000
NODATA_value   -999
[rows 108 to 125 of 207, columns 123 to 163 of 270]
32.450000762939453125 32.8899993896484375 33.380001068115234375 33.840000152587890625 34.20999908447265625 34.470001220703125 34.799999237060546875 34.909999847412109375 34.840000152587890625 34.529998779296875 34.560001373291015625 34.729999542236328125 35.29000091552734375 35.340000152587890625 35.5 35.509998321533203125 35.810001373291015625 35.90000152587890625 36.06999969482421875 35.8899993896484375 35.06999969482421875 35.29000091552734375 34.779998779296875 34.189998626708984375 33.34999847412109375 32.3899993896484375 31.760000228881835938 30.940000534057617188 30.170000076293945312 29.719999313354492188 29.479999542236328125 29.309999465942382812 29.149999618530273438 29.06999969482421875 29.020000457763671875 28.93000030517578125 28.770000457763671875 28.81999969482421875 28.75 28.70999908447265625 28.620000839233398438
32.5 32.90000152587890625 33.439998626708984375 33.81999969482421875 34.3899993896484375 34.759998321533203125 35.15000152587890625 35.439998626708984375 35.490001678466796875 35.31999969482421875 35.1100006103515625 35.479999542236328125 35.75 36.060001373291015625 36.25 36.29000091552734375 36.220001220703125 36 35.75 35.29000091552734375 34.6100006103515625 34.20999908447265625 33.560001373291015625 32.93000030517578125 32.270000457763671875 31.43000030517578125 30.81999969482421875 30.329999923706054688 29.850000381469726562 29.530000686645507812 29.329999923706054688 29.120000839233398438 29.090000152587890625 29.149999618530273438 28.840000152587890625 28.780000686645507812 28.739999771118164062 28.739999771118164062 28.6100006103515625 28.600000381469726562 28.579999923706054688
32.799999237060546875 33.15000152587890625 33.470001220703125 33.740001678466796875 34.340000152587890625 34.909999847412109375 35.4199981689453125 35.939998626708984375 36.3300018310546875 36.43000030517578125 36.779998779296875 36.6699981689453125 36.90000152587890625 37.049999237060546875 36.779998779296875 36.54000091552734375 36.049999237060546875 35.630001068115234375 35.0800018310546875 34.189998626708984375 33.509998321533203125 32.810001373291015625 32.520000457763671875 31.840000152587890625 31.090000152587890625 30.56999969482421875 30.079999923706054688 29.6399993896484375 29.45999908447265625 29.25 29.100000381469726562 29.049999237060546875 29 28.909999847412109375 28.8600006103515625 28.809999465942382812 28.739999771118164062 28.620000839233398438 28.579999923706054688 28.5 28.549999237060546875
33.060001373291015625 33.299999237060546875 33.470001220703125 33.779998779296875 34.310001373291015625 34.84999847412109375 35.479999542236328125 36.159999847412109375 36.770000457763671875 37.1699981689453125 37.3600006103515625 37.369998931884765625 37.29000091552734375 37.029998779296875 36.5800018310546875 36.18000030517578125 35.3600006103515625 34.65000152587890625 33.720001220703125 33.06999969482421875 32.5 31.979999542236328125 31.31999969482421875 30.879999160766601562 30.20999908447265625 29.829999923706054688 29.559999465942382812 29.409999847412109375 29.29000091552734375 29.079999923706054688 29.06999969482421875 28.969999313354492188 28.899999618530273438 28.969999313354492188 28.840000152587890625 28.870000839233398438 28.70999908447265625 28.559999465942382812 28.54000091552734375 28.54000091552734375 28.45999908447265625
33.5800018310546875 33.509998321533203125 33.529998779296875 33.9199981689453125 34.279998779296875 34.950000762939453125 35.54000091552734375 36.200000762939453125 36.84999847412109375 37.31999969482421875 37.380001068115234375 37.3600006103515625 37.15000152587890625 36.590000152587890625 35.84999847412109375 35.049999237060546875 34.29000091552734375 33.240001678466796875 32.490001678466796875 31.799999237060546875 31.469999313354492188 30.95999908447265625 30.329999923706054688 29.950000762939453125 29.75 29.6399993896484375 29.489999771118164062 29.43000030517578125 29.149999618530273438 29.049999237060546875 28.989999771118164062 28.940000534057617188 28.870000839233398438 28.840000152587890625 28.829999923706054688 28.799999237060546875 28.770000457763671875 28.579999923706054688 28.56999969482421875 28.479999542236328125 28.399999618530273438
34 33.8899993896484375 34.020000457763671875 34.200000762939453125 34.79000091552734375 35.06999969482421875 35.68000030517578125 36.229999542236328125 36.779998779296875 37.04000091552734375 36.979999542236328125 36.869998931884765625 36.479999542236328125 35.779998779296875 35.159999847412109375 34.450000762939453125 33.130001068115234375 32.229999542236328125 31.579999923706054688 30.950000762939453125 30.559999465942382812 30.239999771118164062 29.879999160766601562 29.700000762939453125 29.719999313354492188 29.600000381469726562 29.379999160766601562 29.239999771118164062 29.1399993896484375 29.030000686645507812 28.840000152587890625 28.840000152587890625 28.79000091552734375 28.760000228881835938 28.739999771118164062 28.659999847412109375 28.620000839233398438 28.629999160766601562 28.559999465942382812 28.530000686645507812 28.399999618530273438
34.65000152587890625 35.04000091552734375 35.340000152587890625 35.560001373291015625 35.759998321533203125 35.740001678466796875 35.8899993896484375 36.1399993896484375 36.409999847412109375 36.409999847412109375 36.3300018310546875 35.79000091552734375 35.3300018310546875 34.729999542236328125 33.8600006103515625 33.009998321533203125 32.1399993896484375 31.370000839233398438 30.659999847412109375 30.280000686645507812 30.059999465942382812 29.909999847412109375 29.870000839233398438 29.81999969482421875 29.649999618530273438 29.440000534057617188 29.3600006103515625 29.239999771118164062 29.100000381469726562 28.950000762939453125 28.93000030517578125 28.829999923706054688 28.75 28.8899993896484375 28.690000534057617188 28.6100006103515625 28.6399993896484375 28.559999465942382812 28.469999313354492188 28.450000762939453125 28.409999847412109375
35.6399993896484375 36.060001373291015625 36.15000152587890625 36.220001220703125 36.1699981689453125 36.029998779296875 35.970001220703125 35.810001373291015625 35.740001678466796875 35.619998931884765625 35.220001220703125 34.700000762939453125 34.029998779296875 33.31999969482421875 32.59999847412109375 31.81999969482421875 31.1399993896484375 30.54000091552734375 30.239999771118164062 29.879999160766601562 29.899999618530273438 29.909999847412109375 29.920000076293945312 29.68000030517578125 29.510000228881835938 29.5 29.299999237060546875 29.129999160766601562 28.95999908447265625 28.940000534057617188 28.770000457763671875 28.75 28.770000457763671875 28.719999313354492188 28.629999160766601562 28.629999160766601562 28.6100006103515625 28.469999313354492188 28.450000762939453125 28.579999923706054688 28.399999618530273438
35.909999847412109375 36.240001678466796875 36.29000091552734375 36.04000091552734375 35.740001678466796875 35.560001373291015625 35.4199981689453125 35.029998779296875 34.869998931884765625 34.6399993896484375 34.04000091552734375 33.529998779296875 32.700000762939453125 32.1699981689453125 31.530000686645507812 30.8600006103515625 30.340000152587890625 30.1100006103515625 29.950000762939453125 29.909999847412109375 29.870000839233398438 29.850000381469726562 29.75 29.690000534057617188 29.5 29.409999847412109375 29.239999771118164062 29.04000091552734375 28.979999542236328125 28.8899993896484375 28.780000686645507812 28.70999908447265625 28.700000762939453125 28.649999618530273438 28.600000381469726562 28.620000839233398438 28.510000228881835938 28.489999771118164062 28.440000534057617188 28.3600006103515625 28.299999237060546875
35.939998626708984375 36.06999969482421875 36.0800018310546875 35.590000152587890625 34.90000152587890625 34.5 34.40000152587890625 34.0800018310546875 33.84999847412109375 33.25 32.810001373291015625 32.18000030517578125 31.690000534057617188 31.090000152587890625 30.600000381469726562 30.350000381469726562 30.120000839233398438 30.049999237060546875 30.04000091552734375 30 29.8600006103515625 29.70999908447265625 29.739999771118164062 29.690000534057617188 29.5 29.31999969482421875 29.190000534057617188 29 28.870000839233398438 28.780000686645507812 28.719999313354492188 28.70999908447265625 28.629999160766601562 28.6399993896484375 28.739999771118164062 28.479999542236328125 28.45999908447265625 28.549999237060546875 28.450000762939453125 28.340000152587890625 28.31999969482421875
35.689998626708984375 35.6699981689453125 35.43000030517578125 34.65000152587890625 34.130001068115234375 33.509998321533203125 33.229999542236328125 33.0800018310546875 32.560001373291015625 32.220001220703125 31.659999847412109375 31.1100006103515625 30.75 30.3899993896484375 30.260000228881835938 30.200000762939453125 30.1100006103515625 30.04000091552734375 29.95999908447265625 29.850000381469726562 29.8600006103515625 29.690000534057617188 29.670000076293945312 29.68000030517578125 29.489999771118164062 29.270000457763671875 29.059999465942382812 28.879999160766601562 28.79000091552734375 28.780000686645507812 28.79000091552734375 28.770000457763671875 28.68000030517578125 28.56999969482421875 28.520000457763671875 28.510000228881835938 28.479999542236328125 28.469999313354492188 28.370000839233398438 28.329999923706054688 28.260000228881835938
35.20999908447265625 34.95999908447265625 34.45999908447265625 33.84999847412109375 33.009998321533203125 32.3300018310546875 32.049999237060546875 31.780000686645507812 31.510000228881835938 31.149999618530273438 30.79000091552734375 30.6100006103515625 30.340000152587890625 30.299999237060546875 30.219999313354492188 30.120000839233398438 30.1100006103515625 29.8899993896484375 29.899999618530273438 29.870000839233398438 29.81999969482421875 29.75 29.770000457763671875 29.629999160766601562 29.399999618530273438 29.149999618530273438 29.06999969482421875 28.920000076293945312 28.81999969482421875 28.809999465942382812 28.840000152587890625 28.79000091552734375 28.620000839233398438 28.659999847412109375 28.450000762939453125 28.520000457763671875 28.510000228881835938 28.450000762939453125 28.340000152587890625 28.350000381469726562 28.309999465942382812
34.299999237060546875 34.0800018310546875 33.700000762939453125 32.9199981689453125 32.1100006103515625 31.590000152587890625 31.409999847412109375 31.190000534057617188 31.030000686645507812 30.690000534057617188 30.520000457763671875 30.489999771118164062 30.379999160766601562 30.309999465942382812 30.20999908447265625 30.090000152587890625 30.049999237060546875 30.04000091552734375 29.969999313354492188 29.989999771118164062 29.870000839233398438 29.780000686645507812 29.70999908447265625 29.579999923706054688 29.3899993896484375 29.1399993896484375 29.129999160766601562 28.95999908447265625 28.93000030517578125 28.920000076293945312 28.760000228881835938 28.629999160766601562 28.579999923706054688 28.54000091552734375 28.530000686645507812 28.590000152587890625 28.520000457763671875 28.420000076293945312 28.379999160766601562 28.270000457763671875 28.280000686645507812
33.270000457763671875 33.0800018310546875 32.6699981689453125 32.049999237060546875 31.54000091552734375 31.29000091552734375 31.059999465942382812 30.909999847412109375 30.70999908447265625 30.489999771118164062 30.579999923706054688 30.5 30.3899993896484375 30.260000228881835938 30.170000076293945312 30.159999847412109375 30.129999160766601562 30.149999618530273438 30.030000686645507812 29.969999313354492188 29.840000152587890625 29.799999237060546875 29.770000457763671875 29.520000457763671875 29.299999237060546875 29.18000030517578125 29.090000152587890625 28.95999908447265625 28.920000076293945312 28.909999847412109375 28.780000686645507812 28.770000457763671875 28.690000534057617188 28.659999847412109375 28.54000091552734375 28.510000228881835938 28.530000686645507812 28.31999969482421875 28.31999969482421875 28.350000381469726562 28.260000228881835938
32.450000762939453125 32.189998626708984375 31.850000381469726562 31.5 31.270000457763671875 31.100000381469726562 30.909999847412109375 30.770000457763671875 30.70999908447265625 30.690000534057617188 30.600000381469726562 30.479999542236328125 30.3600006103515625 30.280000686645507812 30.200000762939453125 30.1399993896484375 30.1399993896484375 30.129999160766601562 30.149999618530273438 30 29.850000381469726562 29.850000381469726562 29.659999847412109375 29.450000762939453125 29.31999969482421875 29.149999618530273438 29.059999465942382812 28.920000076293945312 28.950000762939453125 28.969999313354492188 28.770000457763671875 28.700000762939453125 28.760000228881835938 28.719999313354492188 28.579999923706054688 28.620000839233398438 28.440000534057617188 28.3600006103515625 28.329999923706054688 28.299999237060546875 28.329999923706054688
31.940000534057617188 31.700000762939453125 31.520000457763671875 31.379999160766601562 31.18000030517578125 30.940000534057617188 30.620000839233398438 30.770000457763671875 30.760000228881835938 30.579999923706054688 30.5 30.479999542236328125 30.350000381469726562 30.299999237060546875 30.190000534057617188 30.100000381469726562 30.100000381469726562 30.149999618530273438 30.1100006103515625 30.010000228881835938 29.93000030517578125 29.719999313354492188 29.68000030517578125 29.489999771118164062 29.29000091552734375 29.079999923706054688 28.95999908447265625 28.920000076293945312 28.950000762939453125 28.850000381469726562 28.739999771118164062 28.659999847412109375 28.780000686645507812 28.760000228881835938 28.620000839233398438 28.510000228881835938 28.45999908447265625 28.329999923706054688 28.270000457763671875 28.20999908447265625 28.18000030517578125
31.75 31.6100006103515625 31.440000534057617188 31.219999313354492188 31 30.829999923706054688 30.950000762939453125 30.870000839233398438 30.620000839233398438 30.670000076293945312 30.56999969482421875 30.45999908447265625 30.409999847412109375 30.31999969482421875 30.239999771118164062 30.120000839233398438 30.159999847412109375 30.06999969482421875 30.020000457763671875 30.049999237060546875 29.850000381469726562 29.719999313354492188 29.6399993896484375 29.5 29.229999542236328125 29.030000686645507812 28.989999771118164062 28.8899993896484375 28.899999618530273438 28.799999237060546875 28.739999771118164062 28.659999847412109375 28.719999313354492188 28.649999618530273438 28.590000152587890625 28.450000762939453125 28.450000762939453125 28.350000381469726562 28.329999923706054688 28.219999313354492188 28.1100006103515625
31.659999847412109375 31.520000457763671875 31.350000381469726562 31 31.059999465942382812 30.95999908447265625 30.93000030517578125 30.81999969482421875 30.729999542236328125 30.670000076293945312 30.590000152587890625 30.479999542236328125 30.450000762939453125 30.329999923706054688 30.309999465942382812 30.190000534057617188 30.049999237060546875 30.020000457763671875 30.010000228881835938 29.950000762939453125 29.850000381469726562 29.780000686645507812 29.590000152587890625 29.3600006103515625 29.18000030517578125 29.059999465942382812 29.010000228881835938 28.879999160766601562 28.850000381469726562 28.780000686645507812 28.760000228881835938 28.700000762939453125 28.590000152587890625 28.629999160766601562 28.54000091552734375 28.450000762939453125 28.409999847412109375 28.329999923706054688 28.270000457763671875 28.340000152587890625 28.159999847412109375
