wildfire/work/fuelmodels/1985/ahn1.asc
ncols        270
nrows        207
xllcorner    188620.000000000000
yllcorner    480870.000000000000
cellsize     5.000000000000
NODATA_value   -999
[rows 0 to 17 of 207, columns 0 to 40 of 270]
40.8300018310546875 40.479999542236328125 40.25 39.409999847412109375 39.229999542236328125 39.31999969482421875 39.20999908447265625 38.869998931884765625 38.56999969482421875 38.340000152587890625 38.279998779296875 38.009998321533203125 37.9199981689453125 37.759998321533203125 37.560001373291015625 37.340000152587890625 37.189998626708984375 36.970001220703125 36.939998626708984375 36.6100006103515625 36.59999847412109375 36.5 36.439998626708984375 36.34999847412109375 36.18000030517578125 36.0800018310546875 36.020000457763671875 35.93000030517578125 35.8300018310546875 35.9199981689453125 35.81999969482421875 35.869998931884765625 35.939998626708984375 35.93000030517578125 35.79000091552734375 35.630001068115234375 35.520000457763671875 35.479999542236328125 35.3600006103515625 35.270000457763671875 35.009998321533203125
40.759998321533203125 40.4199981689453125 40.1699981689453125 39.6100006103515625 39.159999847412109375 39.15000152587890625 39.200000762939453125 38.8899993896484375 38.54000091552734375 38.3300018310546875 38.20999908447265625 38.09999847412109375 37.939998626708984375 37.770000457763671875 37.560001373291015625 37.3600006103515625 37.189998626708984375 37.020000457763671875 36.90000152587890625 36.720001220703125 36.6699981689453125 36.54000091552734375 36.479999542236328125 36.409999847412109375 36.4199981689453125 36.159999847412109375 36.06999969482421875 35.979999542236328125 35.990001678466796875 35.970001220703125 35.939998626708984375 35.970001220703125 36 35.93000030517578125 35.759998321533203125 35.56999969482421875 35.5800018310546875 35.590000152587890625 35.4199981689453125 35.25 35.060001373291015625
40.68000030517578125 40.369998931884765625 40.029998779296875 39.81999969482421875 39.299999237060546875 38.8899993896484375 38.939998626708984375 38.840000152587890625 38.560001373291015625 38.340000152587890625 38.25 38.090000152587890625 37.909999847412109375 37.75 37.439998626708984375 37.299999237060546875 37.189998626708984375 37.020000457763671875 36.81999969482421875 36.779998779296875 36.659999847412109375 36.5800018310546875 36.450000762939453125 36.40000152587890625 36.3899993896484375 36.299999237060546875 36.159999847412109375 36.1699981689453125 36.18000030517578125 36.189998626708984375 36.049999237060546875 36.0800018310546875 36.009998321533203125 35.869998931884765625 35.75 35.54000091552734375 35.54000091552734375 35.520000457763671875 35.3600006103515625 35.189998626708984375 35.049999237060546875
40.6100006103515625 40.229999542236328125 39.880001068115234375 39.68000030517578125 39.340000152587890625 38.8300018310546875 38.59999847412109375 38.810001373291015625 38.509998321533203125 38.299999237060546875 38.090000152587890625 37.950000762939453125 37.880001068115234375 37.659999847412109375 37.43000030517578125 37.270000457763671875 37.18000030517578125 36.990001678466796875 36.8600006103515625 36.759998321533203125 36.659999847412109375 36.450000762939453125 36.380001068115234375 36.369998931884765625 36.3600006103515625 36.310001373291015625 36.25 36.310001373291015625 36.259998321533203125 36.200000762939453125 36.0800018310546875 36.1399993896484375 35.950000762939453125 35.79000091552734375 35.75 35.549999237060546875 35.5 35.529998779296875 35.220001220703125 35.049999237060546875 34.90000152587890625
40.4199981689453125 40.159999847412109375 39.799999237060546875 39.520000457763671875 39.259998321533203125 38.970001220703125 38.5800018310546875 38.45999908447265625 38.549999237060546875 38.09999847412109375 38.0800018310546875 37.79000091552734375 37.700000762939453125 37.5800018310546875 37.380001068115234375 37.279998779296875 37.1699981689453125 37 36.810001373291015625 36.770000457763671875 36.6100006103515625 36.45999908447265625 36.3600006103515625 36.3300018310546875 36.31999969482421875 36.299999237060546875 36.310001373291015625 36.34999847412109375 36.4199981689453125 36.29000091552734375 36.1399993896484375 36.09999847412109375 35.950000762939453125 35.810001373291015625 35.630001068115234375 35.509998321533203125 35.4199981689453125 35.3600006103515625 35.18000030517578125 35 34.840000152587890625
40.25 39.9199981689453125 39.720001220703125 39.380001068115234375 39.189998626708984375 39 38.770000457763671875 38.270000457763671875 38.3300018310546875 38.45999908447265625 38.06999969482421875 37.84999847412109375 37.6100006103515625 37.43000030517578125 37.3300018310546875 37.299999237060546875 37.20999908447265625 37.06999969482421875 36.8899993896484375 36.729999542236328125 36.549999237060546875 36.4199981689453125 36.340000152587890625 36.369998931884765625 36.3899993896484375 36.3600006103515625 36.3899993896484375 36.54000091552734375 36.490001678466796875 36.45999908447265625 36.15000152587890625 36.020000457763671875 35.8300018310546875 35.770000457763671875 35.630001068115234375 35.5 35.43000030517578125 35.25 35.189998626708984375 34.95999908447265625 34.8300018310546875
40.119998931884765625 39.700000762939453125 39.520000457763671875 39.279998779296875 39 38.880001068115234375 38.6399993896484375 38.5 38.020000457763671875 38.049999237060546875 38.31999969482421875 37.840000152587890625 37.68000030517578125 37.3899993896484375 37.31999969482421875 37.240001678466796875 37.119998931884765625 36.990001678466796875 37.06999969482421875 36.65000152587890625 36.520000457763671875 36.43000030517578125 36.340000152587890625 36.369998931884765625 36.43000030517578125 36.5 36.5800018310546875 36.590000152587890625 36.490001678466796875 36.31999969482421875 36.06999969482421875 35.950000762939453125 35.8300018310546875 35.70999908447265625 35.70999908447265625 35.590000152587890625 35.4199981689453125 35.31999969482421875 35.1399993896484375 35.009998321533203125 34.880001068115234375
39.84999847412109375 39.619998931884765625 39.3600006103515625 39.1100006103515625 39 38.70999908447265625 38.509998321533203125 38.4199981689453125 38.130001068115234375 37.799999237060546875 38.090000152587890625 37.909999847412109375 37.59999847412109375 37.369998931884765625 37.200000762939453125 37.1100006103515625 37.060001373291015625 36.93000030517578125 36.740001678466796875 36.56999969482421875 36.4199981689453125 36.4199981689453125 36.3899993896484375 36.439998626708984375 36.520000457763671875 36.6699981689453125 36.70999908447265625 36.560001373291015625 36.43000030517578125 36.229999542236328125 36.06999969482421875 35.990001678466796875 35.8300018310546875 35.759998321533203125 35.68000030517578125 35.56999969482421875 35.4199981689453125 35.240001678466796875 35.1100006103515625 34.939998626708984375 34.8600006103515625
39.75 39.450000762939453125 39.270000457763671875 38.979999542236328125 38.770000457763671875 38.70999908447265625 38.509998321533203125 38.31999969482421875 38.1100006103515625 37.8300018310546875 37.65000152587890625 37.93000030517578125 37.729999542236328125 37.3600006103515625 37.189998626708984375 37.020000457763671875 37.090000152587890625 36.90000152587890625 36.689998626708984375 36.529998779296875 36.5 36.4199981689453125 36.43000030517578125 36.520000457763671875 36.65000152587890625 36.779998779296875 36.810001373291015625 36.590000152587890625 36.340000152587890625 36.159999847412109375 36.0800018310546875 35.970001220703125 35.880001068115234375 35.79000091552734375 35.799999237060546875 35.59999847412109375 35.3600006103515625 35.1699981689453125 35.029998779296875 34.93000030517578125 34.93000030517578125
39.529998779296875 39.3300018310546875 39.1100006103515625 38.950000762939453125 38.740001678466796875 38.45999908447265625 38.299999237060546875 38.1399993896484375 38.0800018310546875 37.8300018310546875 37.4199981689453125 37.3899993896484375 37.659999847412109375 37.279998779296875 37.090000152587890625 36.8899993896484375 36.840000152587890625 36.75 36.59999847412109375 36.529998779296875 36.43000030517578125 36.4199981689453125 36.3899993896484375 36.509998321533203125 36.70999908447265625 36.95999908447265625 36.909999847412109375 36.549999237060546875 36.25 36.159999847412109375 36.04000091552734375 35.95999908447265625 35.90000152587890625 35.840000152587890625 35.70999908447265625 35.43000030517578125 35.270000457763671875 35.1399993896484375 35 34.93000030517578125 34.909999847412109375
39.369998931884765625 39.18000030517578125 38.939998626708984375 38.6699981689453125 38.5 38.259998321533203125 38.09999847412109375 38.009998321533203125 37.81999969482421875 37.630001068115234375 37.65000152587890625 37.049999237060546875 37.299999237060546875 37.380001068115234375 37.009998321533203125 36.880001068115234375 36.729999542236328125 36.65000152587890625 36.59999847412109375 36.5 36.450000762939453125 36.380001068115234375 36.409999847412109375 36.54000091552734375 36.79000091552734375 37.090000152587890625 36.810001373291015625 36.3899993896484375 36.130001068115234375 36.09999847412109375 35.909999847412109375 35.869998931884765625 35.869998931884765625 35.770000457763671875 35.630001068115234375 35.450000762939453125 35.1399993896484375 35.029998779296875 34.939998626708984375 34.939998626708984375 34.9199981689453125
39.220001220703125 38.950000762939453125 38.740001678466796875 38.490001678466796875 38.299999237060546875 38.009998321533203125 37.8899993896484375 37.590000152587890625 37.470001220703125 37.3600006103515625 37.34999847412109375 37.20999908447265625 36.81999969482421875 36.950000762939453125 37.0800018310546875 36.759998321533203125 36.659999847412109375 36.549999237060546875 36.409999847412109375 36.40000152587890625 36.299999237060546875 36.270000457763671875 36.299999237060546875 36.43000030517578125 36.619998931884765625 36.779998779296875 36.619998931884765625 36.200000762939453125 36.009998321533203125 35.950000762939453125 35.8600006103515625 35.81999969482421875 35.759998321533203125 35.740001678466796875 35.479999542236328125 35.3600006103515625 35.130001068115234375 34.990001678466796875 34.979999542236328125 34.909999847412109375 34.950000762939453125
39.04000091552734375 38.79000091552734375 38.6399993896484375 38.340000152587890625 38.1399993896484375 37.939998626708984375 37.70999908447265625 37.490001678466796875 37.279998779296875 37.159999847412109375 37.310001373291015625 37.229999542236328125 36.79000091552734375 36.56999969482421875 36.729999542236328125 36.70999908447265625 36.619998931884765625 36.380001068115234375 36.270000457763671875 36.270000457763671875 36.29000091552734375 36.159999847412109375 36.15000152587890625 36.310001373291015625 36.529998779296875 36.54000091552734375 36.3600006103515625 36.06999969482421875 35.90000152587890625 35.810001373291015625 35.84999847412109375 35.700000762939453125 35.6699981689453125 35.68000030517578125 35.439998626708984375 35.34999847412109375 35.220001220703125 35.04000091552734375 35.060001373291015625 34.990001678466796875 34.990001678466796875
38.79000091552734375 38.6699981689453125 38.34999847412109375 38.159999847412109375 37.93000030517578125 37.759998321533203125 37.5800018310546875 37.439998626708984375 37.200000762939453125 37.09999847412109375 37.119998931884765625 37.060001373291015625 36.8600006103515625 36.54000091552734375 36.4199981689453125 36.59999847412109375 36.4199981689453125 36.380001068115234375 36.270000457763671875 36.09999847412109375 36.1100006103515625 36.060001373291015625 36.020000457763671875 36.130001068115234375 36.299999237060546875 36.270000457763671875 36.060001373291015625 35.939998626708984375 35.79000091552734375 35.720001220703125 35.729999542236328125 35.659999847412109375 35.68000030517578125 35.549999237060546875 35.40000152587890625 35.270000457763671875 35.1399993896484375 35.04000091552734375 35.009998321533203125 34.970001220703125 35.020000457763671875
38.590000152587890625 38.4199981689453125 38.240001678466796875 38.130001068115234375 37.90000152587890625 37.720001220703125 37.630001068115234375 37.3300018310546875 37.130001068115234375 37.06999969482421875 36.95999908447265625 36.869998931884765625 36.740001678466796875 36.759998321533203125 36.310001373291015625 36.200000762939453125 36.439998626708984375 36.15000152587890625 36.270000457763671875 36.090000152587890625 36.04000091552734375 36.029998779296875 36 36.060001373291015625 36.0800018310546875 36.060001373291015625 35.939998626708984375 35.869998931884765625 35.770000457763671875 35.6699981689453125 35.68000030517578125 35.68000030517578125 35.56999969482421875 35.470001220703125 35.310001373291015625 35.15000152587890625 35.0800018310546875 35.0800018310546875 35.029998779296875 35.020000457763671875 34.880001068115234375
38.509998321533203125 38.31999969482421875 38.1100006103515625 37.970001220703125 37.79000091552734375 37.6100006103515625 37.45999908447265625 37.310001373291015625 37.0800018310546875 37.029998779296875 36.8899993896484375 36.720001220703125 36.6699981689453125 36.729999542236328125 36.229999542236328125 36.060001373291015625 36.1699981689453125 36.09999847412109375 36.04000091552734375 36.060001373291015625 35.950000762939453125 35.810001373291015625 35.950000762939453125 35.909999847412109375 36.029998779296875 35.9199981689453125 35.8300018310546875 35.79000091552734375 35.740001678466796875 35.5800018310546875 35.659999847412109375 35.65000152587890625 35.520000457763671875 35.3300018310546875 35.220001220703125 35.06999969482421875 35.1399993896484375 35.279998779296875 35.119998931884765625 35.060001373291015625 34.990001678466796875
38.40000152587890625 38.25 38.060001373291015625 37.979999542236328125 37.65000152587890625 37.470001220703125 37.279998779296875 37.1100006103515625 37.04000091552734375 36.95999908447265625 36.880001068115234375 36.590000152587890625 36.54000091552734375 36.45999908447265625 36.34999847412109375 36.0800018310546875 35.93000030517578125 35.990001678466796875 36.029998779296875 35.8300018310546875 36.15000152587890625 35.84999847412109375 35.81999969482421875 35.8300018310546875 35.869998931884765625 35.70999908447265625 35.770000457763671875 35.6399993896484375 35.560001373291015625 35.630001068115234375 35.619998931884765625 35.700000762939453125 35.4199981689453125 35.25 35.09999847412109375 35.1100006103515625 35.029998779296875 35.1399993896484375 35.020000457763671875 34.939998626708984375 34.8600006103515625
38.310001373291015625 38.090000152587890625 37.990001678466796875 37.81999969482421875 37.529998779296875 37.40000152587890625 37.1399993896484375 37.009998321533203125 36.950000762939453125 36.880001068115234375 36.810001373291015625 36.509998321533203125 36.4199981689453125 36.31999969482421875 36.25 36.200000762939453125 35.84999847412109375 35.700000762939453125 36.049999237060546875 35.970001220703125 35.909999847412109375 35.759998321533203125 35.689998626708984375 35.6699981689453125 35.700000762939453125 35.6699981689453125 35.54000091552734375 35.509998321533203125 35.409999847412109375 35.450000762939453125 35.560001373291015625 35.529998779296875 35.40000152587890625 35.15000152587890625 34.95999908447265625 35.049999237060546875 35.020000457763671875 35.189998626708984375 35.18000030517578125 34.869998931884765625 34.81999969482421875
