wildfire/work/fuelmodels/1985/aspect.asc
ncols        270
nrows        207
xllcorner    188620.000000000000
yllcorner    480870.000000000000
cellsize     5.000000000000
NODATA_value   -999
[rows 0 to 18 of 207, columns 126 to 167 of 270]
0 0 0 0 0 0 0 0 0 0 0 0 0 0 0 0 0 0 0 0 0 0 0 0 0 0 0 0 0 0 0 0 0 0 0 0 0 0 0 0 0 0
131.0421905517578125 125.10152435302734375 128.1023712158203125 132.07891845703125 162.511383056640625 169.9919891357421875 143.5304107666015625 152.446624755859375 133.4517822265625 195.945343017578125 14.036467552185058594 26.564989089965820312 358.263427734375 10.3887786865234375 13.877705574035644531 311.185028076171875 153.4344329833984375 122.005126953125 134.9996795654296875 229.3974609375 118.301177978515625 89.99929046630859375 0 39.287044525146484375 56.3093109130859375 335.923858642578125 305.5369873046875 296.800140380859375 265.763092041015625 241.6989898681640625 320.52691650390625 305.53704833984375 307.2774658203125 268.024383544921875 194.03515625 69.44454193115234375 61.6992034912109375 97.8353729248046875 109.289642333984375 56.309803009033203125 328.494842529296875 285.460357666015625
137.4892120361328125 135.3894500732421875 133.2282867431640625 114.58966064453125 39.28931427001953125 35.535526275634765625 101.3099517822265625 136.9746551513671875 140.5273895263671875 236.3092193603515625 276.631561279296875 23.19866180419921875 333.1209716796875 21.037611007690429688 65.056182861328125 37.405078887939453125 10.71297454833984375 10.922623634338378906 10.953960418701171875 14.743811607360839844 20.554800033569335938 22.165882110595703125 9.1621484756469726562 40.6002349853515625 64.44028472900390625 299.0537109375 286.749481201171875 288.995880126953125 295.015716552734375 302.987518310546875 319.898284912109375 315.689666748046875 332.102081298828125 48.366424560546875 179.9987945556640625 173.99041748046875 139.573699951171875 116.19997406005859375 120.96356964111328125 312.878509521484375 29.0541229248046875 209.744598388671875
132.8138427734375 128.9555816650390625 117.0719146728515625 78.69029998779296875 15.255587577819824219 53.746288299560546875 62.9281463623046875 34.56241607666015625 359.235076904296875 342.34918212890625 327.993682861328125 356.632537841796875 273.365264892578125 355.600341796875 46.25896453857421875 28.926183700561523438 359.99884033203125 44.999897003173828125 32.470859527587890625 25.20064544677734375 2.1209266185760498047 7.815448760986328125 29.054485321044921875 56.30971527099609375 80.5378570556640625 265.600555419921875 264.698455810546875 246.50103759765625 244.025146484375 267.3363037109375 275.313629150390625 274.3978271484375 284.036224365234375 71.56488037109375 107.6498565673828125 150.801971435546875 147.0109710693359375 137.0450286865234375 193.391937255859375 199.32257080078125 162.4073028564453125 191.6333160400390625
128.6593475341796875 120.5785675048828125 81.8694915771484375 23.962884902954101562 7.4315128326416015625 14.931313514709472656 17.78395843505859375 7.926788330078125 357.57958984375 356.633270263671875 3.3665280342102050781 12.9939727783203125 288.434722900390625 287.849639892578125 44.999897003173828125 60.12392425537109375 60.255023956298828125 104.9311065673828125 236.309814453125 126.870697021484375 198.435028076171875 330.94647216796875 42.954448699951171875 55.0078125 29.577829360961914062 312.662353515625 283.814483642578125 233.1297149658203125 244.7462310791015625 256.263031005859375 237.6326751708984375 204.340728759765625 187.8148193359375 166.0968170166015625 146.04071044921875 144.245849609375 138.9255523681640625 141.2706451416015625 194.57366943359375 189.8877105712890625 180.67376708984375 206.9654693603515625
112.2488555908203125 89.99979400634765625 333.434722900390625 342.896484375 11.976372718811035156 4.0857181549072265625 349.990966796875 358.66693115234375 46.90908050537109375 56.30994415283203125 23.196653366088867188 101.308013916015625 214.6950836181640625 217.5681304931640625 154.854827880859375 134.1927337646484375 98.13016510009765625 16.113321304321289062 355.913665771484375 48.57598876953125 44.999897003173828125 258.689117431640625 92.4893798828125 85.81505584716796875 359.998382568359375 288.43426513671875 229.085205078125 233.74578857421875 246.5401611328125 242.240753173828125 227.2452545166015625 180.88116455078125 176.69775390625 164.8861236572265625 158.0611572265625 152.8958282470703125 139.1974334716796875 151.2086334228515625 195.0460662841796875 207.897003173828125 224.9994659423828125 236.6886749267578125
82.3044281005859375 101.31037139892578125 297.8966064453125 331.556427001953125 19.133882522583007812 13.671335220336914062 335.554779052734375 3.8141624927520751953 57.529216766357421875 29.357635498046875 25.709383010864257812 36.86959075927734375 2.7268979549407958984 33.692089080810546875 88.9188385009765625 85.1006011962890625 296.563995361328125 330.94317626953125 63.433162689208984375 79.69470977783203125 64.65416717529296875 188.1292266845703125 167.275360107421875 94.76349639892578125 341.56207275390625 253.071929931640625 168.68939208984375 204.6763458251953125 210.699066162109375 206.5645751953125 207.606170654296875 193.108734130859375 144.4622344970703125 132.51007080078125 130.461822509765625 143.129791259765625 128.659515380859375 126.46900177001953125 212.2755889892578125 220.425445556640625 223.976226806640625 232.5939788818359375
75.69964599609375 28.610462188720703125 303.885986328125 330.375640869140625 35.272434234619140625 27.254884719848632812 345.25494384765625 53.129978179931640625 78.11104583740234375 64.65277862548828125 44.999053955078125 19.798860549926757812 22.166858673095703125 54.462390899658203125 76.263214111328125 53.74575042724609375 345.96295166015625 314.999267578125 98.13074493408203125 108.4351043701171875 137.2023162841796875 158.1974639892578125 314.999267578125 44.999897003173828125 80.53719329833984375 261.026611328125 119.05432891845703125 145.61944580078125 223.0902862548828125 197.6493377685546875 207.758026123046875 200.674072265625 165.6061248779296875 159.192840576171875 138.6907958984375 115.14440155029296875 82.5684814453125 53.12981414794921875 351.86834716796875 263.65899658203125 248.3846893310546875 221.2682342529296875
94.89897918701171875 335.853729248046875 295.200225830078125 311.4228515625 60.945049285888671875 31.607076644897460938 54.4618988037109375 116.56433868408203125 120.96282958984375 134.9996795654296875 236.3114776611328125 94.39771270751953125 122.469482421875 82.5677490234375 86.3474884033203125 101.3095245361328125 127.87435150146484375 173.6580657958984375 116.5647735595703125 85.76349639892578125 44.999897003173828125 330.944549560546875 351.0263671875 55.303928375244140625 68.1987152099609375 240.9434051513671875 143.7459564208984375 102.9937591552734375 259.991943359375 160.2001953125 190.839935302734375 182.0211181640625 164.82672119140625 173.6594696044921875 176.30810546875 137.861083984375 105.52304840087890625 100.0062103271484375 44.998073577880859375 302.005096435546875 269.999359130859375 166.6072540283203125
314.999267578125 306.02703857421875 246.3705291748046875 192.380645751953125 158.7488861083984375 164.3574371337890625 112.16644287109375 97.12496185302734375 95.19426727294921875 37.874729156494140625 314.998504638671875 81.86992645263671875 116.564422607421875 123.68949127197265625 89.99979400634765625 56.309589385986328125 74.74478912353515625 147.5272979736328125 198.435577392578125 53.74575042724609375 15.75124359130859375 340.462127685546875 27.6455230712890625 26.565206527709960938 45.000392913818359375 30.963470458984375 32.469699859619140625 348.689697265625 347.00439453125 76.3278961181640625 140.90521240234375 160.200714111328125 141.5817108154296875 237.5270843505859375 237.994049072265625 158.1981201171875 114.14475250244140625 71.56050872802734375 348.6898193359375 0.0054640136659145355225 179.9998779296875 146.11279296875
327.8037109375 331.69879150390625 145.3048553466796875 178.451385498046875 169.1593017578125 179.9995880126953125 164.47576904296875 128.4180755615234375 116.5651397705078125 291.036376953125 327.993408203125 60.642559051513671875 78.69029998779296875 118.3006744384765625 114.4432373046875 52.124393463134765625 62.102558135986328125 48.814006805419921875 309.28857421875 28.3013916015625 23.198286056518554688 345.464263916015625 22.751001358032226562 33.690303802490234375 67.8334197998046875 64.98239898681640625 348.68841552734375 333.43450927734375 345.46484375 66.31783294677734375 84.8054351806640625 128.658172607421875 320.711029052734375 331.38909912109375 347.002593994140625 11.309626579284667969 85.6015625 174.28948974609375 228.17877197265625 89.99979400634765625 84.093505859375 92.29067230224609375
330.945037841796875 71.56488037109375 73.29998779296875 56.309803009033203125 71.56433868408203125 134.9996795654296875 150.945037841796875 121.50418853759765625 161.564666748046875 269.998382568359375 154.43988037109375 145.1754150390625 137.5445556640625 149.035797119140625 198.434173583984375 168.6905059814453125 42.27400970458984375 30.963685989379882812 347.27520751953125 353.28948974609375 5.4399509429931640625 3.5760922431945800781 30.964649200439453125 57.80445098876953125 72.5524749755859375 12.52832794189453125 341.56427001953125 339.7742919921875 333.434722900390625 75.69964599609375 70.67688751220703125 33.690196990966796875 300.96331787109375 336.80194091796875 352.8734130859375 30.964649200439453125 88.994873046875 81.86927032470703125 280.618988037109375 330.254241943359375 20.77237701416015625 42.137607574462890625
45.001262664794921875 63.4358978271484375 77.00446319580078125 44.999897003173828125 25.345869064331054688 8.7462682723999023438 13.570574760437011719 55.0077056884765625 0.00068300979910418391228 209.0537109375 129.55950927734375 147.3807525634765625 139.2889251708984375 169.9911346435546875 227.8613739013671875 269.999359130859375 36.868061065673828125 66.8011322021484375 333.434906005859375 320.439727783203125 353.989990234375 20.854648590087890625 25.907052993774414062 50.71065521240234375 35.837291717529296875 355.029327392578125 358.451263427734375 358.1514892578125 48.576305389404296875 97.43129730224609375 80.3624725341796875 36.25350189208984375 327.527740478515625 63.434803009033203125 168.68939208984375 150.9445343017578125 93.65187835693359375 44.999897003173828125 278.129119873046875 276.708709716796875 85.60186767578125 94.26761627197265625
59.037715911865234375 15.2537384033203125 26.564168930053710938 357.70849609375 0 7.6961903572082519531 18.434906005859375 55.0077056884765625 53.530719757080078125 93.81317901611328125 84.1730804443359375 68.4981231689453125 50.440876007080078125 348.1107177734375 327.199676513671875 334.2889404296875 51.339008331298828125 40.237094879150390625 345.2557373046875 284.035888671875 206.5638427734375 129.2889862060546875 86.98694610595703125 79.99150848388671875 34.69376373291015625 30.964649200439453125 105.25605010986328125 170.53802490234375 117.75829315185546875 115.640716552734375 117.64593505859375 64.98271942138671875 105.25605010986328125 142.595123291015625 145.61944580078125 161.564666748046875 120.96360015869140625 122.47090911865234375 259.28594970703125 271.468170166015625 84.28850555419921875 77.90474700927734375
26.564989089965820312 334.438873291015625 356.008148193359375 351.252777099609375 357.70849609375 6.84296417236328125 16.389570236206054688 46.302127838134765625 45.0001983642578125 32.904926300048828125 40.100399017333984375 30.963685989379882812 7.3526926040649414062 344.053741455078125 344.89794921875 6.8424816131591796875 18.434906005859375 1.2735449075698852539 359.998931884765625 17.241395950317382812 68.19843292236328125 150.944427490234375 122.00392913818359375 107.35395050048828125 144.4628753662109375 152.8181610107421875 157.750396728515625 168.6899261474609375 144.4621734619140625 115.973663330078125 134.9942169189453125 21.800792694091796875 74.7447662353515625 106.6992950439453125 132.2738494873046875 156.801422119140625 157.8336944580078125 154.65325927734375 255.6506500244140625 267.70916748046875 53.12943267822265625 57.723850250244140625
357.708526611328125 337.6192626953125 342.180450439453125 350.393890380859375 355.36370849609375 2.8623371124267578125 22.380178451538085938 47.121036529541015625 31.607135772705078125 21.974294662475585938 11.310026168823242188 4.6668543815612792969 2.5791945457458496094 356.267822265625 1.7355701923370361328 8.972408294677734375 15.422064781188964844 9.0906391143798828125 7.305332183837890625 29.577829360961914062 31.86600494384765625 21.800792694091796875 56.309906005859375 85.3642425537109375 101.31011199951171875 113.7493438720703125 123.11026763916015625 141.0082855224609375 141.5818023681640625 141.581756591796875 195.2539825439453125 177.5104522705078125 121.4289398193359375 122.73419952392578125 122.1950225830078125 139.7625579833984375 149.0365447998046875 44.9944305419921875 263.990509033203125 245.9239044189453125 166.4295501708984375 128.1571502685546875
355.600341796875 351.50079345703125 343.300079345703125 346.428802490234375 352.724212646484375 8.695316314697265625 33.3106536865234375 34.045764923095703125 13.735971450805664062 9.5543918609619140625 1.6367157697677612305 357.7083740234375 6.0723347663879394531 12.094843864440917969 19.486005783081054688 17.700368881225585938 15.255292892456054688 15.642404556274414062 23.1983489990234375 49.398685455322265625 53.53079986572265625 51.339672088623046875 70.559783935546875 78.178131103515625 78.68988800048828125 71.565155029296875 68.96227264404296875 85.9137115478515625 109.43961334228515625 134.9996795654296875 208.2999725341796875 150.52423095703125 134.9996795654296875 138.1789703369140625 104.03557586669921875 128.6587066650390625 191.3094940185546875 225.0004730224609375 239.9305419921875 199.9823760986328125 176.4235076904296875 178.602630615234375
354.935455322265625 348.43914794921875 346.920135498046875 349.4600830078125 358.209381103515625 23.458826065063476562 33.055690765380859375 18.838167190551757812 12.994393348693847656 15.255275726318359375 8.1300830841064453125 14.620462417602539062 45.000370025634765625 59.744384765625 58.49599456787109375 52.7657318115234375 45.000804901123046875 75.96373748779296875 97.12496185302734375 95.5274505615234375 75.25597381591796875 85.91407012939453125 65.5557403564453125 44.999897003173828125 64.2897491455078125 93.5758819580078125 111.3704376220703125 91.84778594970703125 71.5650787353515625 16.927738189697265625 355.235443115234375 63.434803009033203125 72.75862884521484375 81.870361328125 106.92809295654296875 107.44766998291015625 177.509979248046875 233.426605224609375 185.7097930908203125 155.32244873046875 193.6711273193359375 237.2639617919921875
357.824371337890625 340.200469970703125 350.53668212890625 18.434507369995117188 7.431919097900390625 27.8973541259765625 33.689746856689453125 28.810350418090820312 39.472232818603515625 44.999897003173828125 42.3972930908203125 78.02405548095703125 93.36661529541015625 71.56531524658203125 61.6990509033203125 73.6099395751953125 83.6582794189453125 102.9939422607421875 112.52008819580078125 126.8692779541015625 109.98229217529296875 118.6101226806640625 184.7637786865234375 120.25586700439453125 104.8859405517578125 121.86571502685546875 130.914031982421875 95.710968017578125 63.434803009033203125 21.037012100219726562 89.99979400634765625 104.03632354736328125 87.27338409423828125 63.43436431884765625 51.340137481689453125 67.4794921875 35.538036346435546875 289.288726806640625 51.3415374755859375 85.91448974609375 273.01220703125 258.689178466796875
