wildfire/work/fuelmodels/1985/aspect.asc
ncols        270
nrows        207
xllcorner    188620.000000000000
yllcorner    480870.000000000000
cellsize     5.000000000000
NODATA_value   -999
[rows 152 to 170 of 207, columns 210 to 251 of 270]
31.218286514282226562 49.085369110107421875 35.53762054443359375 19.908426284790039062 41.869838714599609375 64.0255889892578125 32.90484619140625 27.030717849731445312 33.407741546630859375 337.3802490234375 266.185211181640625 224.9994659423828125 326.3074951171875 314.999267578125 251.5655517578125 87.27289581298828125 324.865264892578125 302.98773193359375 88.26404571533203125 146.7679443359375 167.6188812255859375 129.6677093505859375 130.68377685546875 127.3037872314453125 142.124847412109375 272.93524169921875 260.881744384765625 259.060302734375 261.633514404296875 97.882904052734375 120.37854766845703125 142.9693145751953125 152.28118896484375 152.6997833251953125 146.3095855712890625 119.47513580322265625 101.30922698974609375 116.56429290771484375 144.4608001708984375 44.9944305419921875 255.9625091552734375 260.753021240234375
24.623546600341796875 20.026142120361328125 22.751066207885742188 21.217950820922851562 47.009490966796875 54.592937469482421875 73.73940277099609375 168.110931396484375 89.99979400634765625 12.99526214599609375 0 323.12957763671875 333.432525634765625 300.962738037109375 348.68896484375 359.998779296875 319.513641357421875 298.61016845703125 113.0250244140625 128.2895660400390625 172.1164093017578125 126.027130126953125 75.57933807373046875 21.80145263671875 348.339630126953125 310.985015869140625 296.564422607421875 271.575958251953125 254.6038360595703125 105.7085418701171875 98.7459869384765625 107.74452972412109375 123.68994140625 121.7589874267578125 171.8697967529296875 168.6913604736328125 73.8863067626953125 35.21732330322265625 0 24.77521514892578125 54.46219635009765625 249.623291015625
339.6759033203125 28.855739593505859375 75.52939605712890625 95.85550689697265625 83.74562835693359375 64.093231201171875 62.981327056884765625 91.63702392578125 248.9613494873046875 343.07171630859375 6.0087976455688476562 345.578826904296875 1.6362879276275634766 335.13555908203125 340.97357177734375 341.951324462890625 349.1854248046875 57.9945220947265625 91.9305419921875 75.0183563232421875 22.166370391845703125 38.659587860107421875 17.353963851928710938 344.57708740234375 349.018310546875 326.30889892578125 302.47015380859375 258.07012939453125 240.6416778564453125 112.06754302978515625 84.80524444580078125 82.74663543701171875 74.05474090576171875 60.42195892333984375 2.4895882606506347656 6.3404436111450195312 54.462490081787109375 17.353750228881835938 8.1306085586547851562 36.869976043701171875 42.61389923095703125 303.6895751953125
331.698577880859375 67.44269561767578125 99.5540924072265625 113.70226287841796875 98.2968902587890625 73.77962493896484375 54.7524261474609375 35.706676483154296875 348.30987548828125 291.36944580078125 341.563323974609375 338.4281005859375 350.0950927734375 345.172515869140625 338.197723388671875 308.366851806640625 39.2897491455078125 92.8912200927734375 94.02829742431640625 54.162445068359375 19.885152816772460938 29.291255950927734375 351.0263671875 326.309356689453125 342.64520263671875 332.743865966796875 336.80023193359375 247.83349609375 240.9446258544921875 203.1977386474609375 70.4631500244140625 59.620800018310546875 39.0936126708984375 25.974206924438476562 6.8429126739501953125 21.57147216796875 19.536428451538085938 5.5269637107849121094 8.130870819091796875 43.152240753173828125 27.18094635009765625 339.904266357421875
275.1939697265625 94.9388427734375 87.55268096923828125 72.072021484375 57.307979583740234375 62.9279022216796875 61.476932525634765625 46.287128448486328125 31.890594482421875 16.557004928588867188 288.43402099609375 301.428863525390625 323.880126953125 338.197601318359375 358.875823974609375 307.40435791015625 120.06845855712890625 90.6738433837890625 54.4618988037109375 14.858384132385253906 14.53447723388671875 25.76932525634765625 353.883514404296875 347.194793701171875 335.55523681640625 340.941375732421875 3.0124785900115966797 4.9696369171142578125 297.8966064453125 306.468597412109375 23.198385238647460938 27.734151840209960938 27.349729537963867188 23.198535919189453125 23.629251480102539062 73.44243621826171875 44.9983367919921875 331.259246826171875 11.821959495544433594 46.591064453125 349.990966796875 353.28936767578125
57.094036102294921875 54.46179962158203125 43.682956695556640625 52.288990020751953125 60.78076171875 71.56488037109375 69.51943206787109375 48.651966094970703125 28.835344314575195312 29.623744964599609375 14.036103248596191406 282.6517333984375 301.674774169921875 325.30401611328125 1.790114283561706543 26.147169113159179688 53.130161285400390625 57.5285186767578125 25.25290679931640625 7.6504845619201660156 19.592258453369140625 24.775056838989257812 358.918212890625 3.6522734165191650391 328.133575439453125 323.364990234375 357.796295166015625 18.435026168823242188 319.57305908203125 313.090087890625 5.5274710655212402344 17.198549270629882812 26.774908065795898438 23.713552474975585938 30.302425384521484375 61.090618133544921875 63.4351654052734375 251.56402587890625 134.9996795654296875 60.524280548095703125 316.547149658203125 345.464599609375
37.694286346435546875 15.751057624816894531 92.29055023193359375 113.19831085205078125 148.0549163818359375 122.90488433837890625 67.61952972412109375 24.444017410278320312 2.1210117340087890625 26.365386962890625 33.811214447021484375 345.9627685546875 268.918243408203125 276.545257568359375 342.64520263671875 56.310009002685546875 63.43463134765625 40.6008148193359375 3.5764110088348388672 7.2241878509521484375 29.35749053955078125 20.772253036499023438 1.0051038265228271484 8.1300287246704101562 348.231414794921875 318.944854736328125 340.01611328125 25.017114639282226562 304.69451904296875 277.523101806640625 314.999267578125 4.3990807533264160156 40.030277252197265625 42.954437255859375 54.019268035888671875 63.43509674072265625 45.00055694580078125 306.867218017578125 173.6594085693359375 314.999267578125 311.819366455078125 344.576995849609375
74.19760894775390625 130.8148040771484375 136.608673095703125 139.8710479736328125 174.1222381591796875 203.80548095703125 44.999897003173828125 12.529035568237304688 348.689239501953125 11.023206710815429688 25.016870498657226562 23.096727371215820312 7.2529363632202148438 268.408172607421875 280.61859130859375 73.926422119140625 70.1146392822265625 24.14496612548828125 347.1951904296875 5.194309234619140625 30.699493408203125 17.928056716918945312 6.3401770591735839844 6.7659668922424316406 357.1837158203125 349.507720947265625 1.5481859445571899414 9.7833681106567382812 318.179168701171875 278.129608154296875 287.649566650390625 12.529485702514648438 84.80501556396484375 101.30962371826171875 102.44989013671875 89.99993896484375 57.0948638916015625 28.30023956298828125 347.00439453125 309.68487548828125 304.43841552734375 1.5484890937805175781
116.02935791015625 116.4539031982421875 125.42928314208984375 135.665771484375 205.9058837890625 254.62322998046875 273.9903564453125 2.4895882606506347656 346.428558349609375 325.618896484375 358.55517578125 23.362039566040039062 27.56500244140625 350.881500244140625 300.578826904296875 51.63228607177734375 55.6195526123046875 52.59409332275390625 266.18597412109375 308.66015625 42.797672271728515625 41.054988861083984375 33.1109161376953125 359.99871826171875 343.299835205078125 358.780242919921875 30.964143753051757812 29.055772781372070312 331.697784423828125 291.570526123046875 289.092803955078125 45.000736236572265625 77.8285064697265625 82.7754669189453125 83.65947723388671875 67.61962127685546875 43.024929046630859375 21.50086212158203125 336.800506591796875 317.04449462890625 305.959808349609375 56.30994415283203125
100.3587493896484375 84.05829620361328125 64.39202117919921875 13.799403190612792969 357.323883056640625 315.970306396484375 281.88787841796875 217.8756561279296875 277.12451171875 278.61474609375 298.071533203125 12.9946746826171875 33.970394134521484375 27.276716232299804688 349.901763916015625 14.470186233520507812 44.99974822998046875 51.842376708984375 323.128814697265625 305.53656005859375 41.424163818359375 62.744510650634765625 25.559299468994140625 341.563873291015625 337.165618896484375 351.468475341796875 15.572665214538574219 3.9911096096038818359 356.346893310546875 340.143890380859375 316.789215087890625 45.000621795654296875 66.50144195556640625 73.85546112060546875 62.281253814697265625 35.311214447021484375 40.914196014404296875 2.7261066436767578125 324.659149169921875 320.38848876953125 332.446197509765625 30.529378890991210938
71.564971923828125 58.06929779052734375 30.57927703857421875 10.863980293273925781 10.6196136474609375 354.55889892578125 353.54022216796875 352.805633544921875 342.7275390625 341.56439208984375 304.2147216796875 302.274627685546875 33.51782989501953125 27.77642822265625 13.543133735656738281 3.6084427833557128906 26.754014968872070312 24.727273941040039062 358.90460205078125 358.26348876953125 17.723176956176757812 23.8951568603515625 1.4318538904190063477 356.632476806640625 15.255587577819824219 314.998260498046875 326.309051513671875 348.387939453125 358.601959228515625 0 358.994232177734375 12.652812957763671875 29.538846969604492188 45.784587860107421875 22.248918533325195312 7.0013074874877929688 14.420747756958007812 7.3939051628112792969 348.689300537109375 318.365997314453125 349.990966796875 39.805328369140625
94.843902587890625 71.564788818359375 44.999897003173828125 50.710239410400390625 29.538354873657226562 347.591827392578125 353.564453125 352.87420654296875 339.985687255859375 1.8965569734573364258 4.3250489234924316406 328.054443359375 358.29766845703125 12.094717979431152344 14.778161048889160156 4.2973551750183105469 7.0522322654724121094 11.309980392456054688 1.7062609195709228516 7.6118941307067871094 15.751110076904296875 7.4808702468872070312 3.8139841556549072266 10.491433143615722656 25.769439697265625 12.994439125061035156 307.693115234375 316.9742431640625 5.9062814712524414062 24.444047927856445312 348.689605712890625 1.9751629829406738281 21.03762054443359375 34.17679595947265625 19.982950210571289062 5.4773359298706054688 6.3401770591735839844 22.319200515747070312 21.929613113403320312 319.969146728515625 357.13665771484375 52.30584716796875
16.955120086669921875 33.793933868408203125 105.52384185791015625 149.7432403564453125 189.39508056640625 225.44012451171875 271.635833740234375 332.280914306640625 319.68524169921875 353.658843994140625 16.4485931396484375 344.309326171875 343.299896240234375 11.3098297119140625 14.215892791748046875 357.32366943359375 359.99908447265625 16.004148483276367188 14.796769142150878906 22.011175155639648438 16.48867034912109375 4.0592861175537109375 11.738526344299316406 17.7446136474609375 24.390260696411132812 12.45816802978515625 354.326019287109375 5.0797243118286132812 357.1837158203125 354.47149658203125 351.57232666015625 357.165191650390625 6.0090265274047851562 13.430888175964355469 23.415834426879882812 20.282480239868164062 7.8532886505126953125 27.801427841186523438 22.166463851928710938 348.689422607421875 1.9091843366622924805 44.999897003173828125
13.418557167053222656 31.047468185424804688 59.80823516845703125 69.4016571044921875 285.689178466796875 278.064453125 300.1058349609375 327.618682861328125 330.123260498046875 344.53790283203125 15.0464324951171875 4.0856809616088867188 353.6591796875 4.7635679244995117188 5.7927374839782714844 355.23565673828125 13.39232635498046875 71.56472015380859375 88.09041595458984375 110.555633544921875 134.9996795654296875 21.800792694091796875 54.09035491943359375 43.49242401123046875 20.095144271850585938 12.724358558654785156 17.140216827392578125 38.75803375244140625 340.640350341796875 334.06829833984375 1.9415258169174194336 358.875946044921875 354.709075927734375 7.7446837425231933594 21.938379287719726562 17.354000091552734375 13.0500946044921875 10.804388999938964844 8.2593479156494140625 5.5598545074462890625 11.309999465942382812 33.19757080078125
39.052883148193359375 41.05474853515625 43.058414459228515625 33.29486083984375 358.498291015625 329.36920166015625 335.3883056640625 327.592529296875 336.466796875 359.4202880859375 7.7652087211608886719 358.55499267578125 357.5096435546875 2.5261604785919189453 12.783312797546386719 36.179393768310546875 76.3276824951171875 107.446533203125 81.86954498291015625 62.24094390869140625 63.43152618408203125 251.5633697509765625 23.962602615356445312 44.999515533447265625 2.4895882606506347656 41.987628936767578125 65.5559539794921875 35.537372589111328125 336.447265625 313.897552490234375 13.670989036560058594 353.417327880859375 338.050537109375 9.4624967575073242188 28.663881301879882812 22.574039459228515625 34.143718719482421875 35.537563323974609375 27.071546554565429688 35.83734893798828125 34.04599761962890625 35.134181976318359375
48.012462615966796875 73.8107757568359375 77.98850250244140625 56.842041015625 15.133138656616210938 338.197784423828125 353.658843994140625 313.314727783203125 314.99945068359375 12.875014305114746094 357.13665771484375 347.854736328125 359.168670654296875 349.6943359375 6.1591272354125976562 34.65508270263671875 44.999897003173828125 47.48949432373046875 59.82635498046875 32.660549163818359375 10.954097747802734375 15.018907546997070312 5.1945958137512207031 68.9627227783203125 28.301090240478515625 32.90575408935546875 44.999599456787109375 29.290849685668945312 333.43963623046875 262.874176025390625 327.52752685546875 336.99029541015625 335.724700927734375 4.3251471519470214844 18.43495941162109375 28.009145736694335938 58.46520233154296875 21.94853973388671875 21.037317276000976562 61.607082366943359375 30.964326858520507812 80.75374603271484375
55.437374114990234375 63.75850677490234375 62.85004425048828125 72.27654266357421875 58.62677001953125 318.467529296875 2.7258348464965820312 273.36651611328125 240.349609375 267.7091064453125 338.42767333984375 61.69854736328125 158.498321533203125 262.970855712890625 324.210205078125 43.111785888671875 46.332141876220703125 46.21891021728515625 52.523883819580078125 357.27252197265625 6.5818896293640136719 41.186004638671875 35.537891387939453125 60.52387237548828125 338.497314453125 8.7463312149047851562 32.4710845947265625 46.5910797119140625 53.130523681640625 290.224212646484375 313.090087890625 325.57275390625 332.683441162109375 14.237329483032226562 31.23946380615234375 38.480255126953125 52.6331634521484375 19.653566360473632812 62.968807220458984375 72.897125244140625 344.196502685546875 44.045032501220703125
86.8198699951171875 69.77481842041015625 54.46199798583984375 53.22650909423828125 15.461264610290527344 342.97869873046875 14.588865280151367188 64.29024505615234375 213.9957275390625 224.180999755859375 230.19427490234375 89.99954986572265625 108.4346923828125 220.814483642578125 207.800872802734375 166.865692138671875 61.60684967041015625 50.0131072998046875 37.48783111572265625 7.4957437515258789062 8.7459840774536132812 30.964006423950195312 26.241466522216796875 13.324213027954101562 334.982208251953125 358.95770263671875 22.69377899169921875 10.738750457763671875 3.1221256256103515625 340.152313232421875 333.07159423828125 327.380157470703125 343.85491943359375 43.7545013427734375 37.64774322509765625 47.54474639892578125 70.70981597900390625 79.0193634033203125 94.57379913330078125 46.245281219482421875 345.962890625 24.014856338500976562
161.564544677734375 131.6979522705078125 149.931427001953125 345.093475341796875 346.111236572265625 355.294097900390625 6.2110033035278320312 11.119375228881835938 1.9048895835876464844 4.5537657737731933594 7.90709686279296875 1.4319870471954345703 55.007843017578125 37.8748931884765625 244.9824676513671875 241.5036468505859375 132.3973236083984375 121.25058746337890625 118.49492645263671875 357.35675048828125 0.525646209716796875 15.340840339660644531 26.323139190673828125 5.9060072898864746094 338.050201416015625 332.353271484375 5.3558468818664550781 0.6509488224983215332 354.386993408203125 355.66094970703125 343.20074462890625 335.17010498046875 1.6369119882583618164 44.99964141845703125 29.054500579833984375 62.281185150146484375 70.9063262939453125 42.678455352783203125 23.198535919189453125 2.2906656265258789062 352.953216552734375 25.016500473022460938
