wildfire/work/fuelmodels/1985/aspect.asc
ncols        270
nrows        207
xllcorner    188620.000000000000
yllcorner    480870.000000000000
cellsize     5.000000000000
NODATA_value   -999
[rows 57 to 75 of 207, columns 126 to 167 of 270]
286.38885498046875 349.991180419921875 48.179718017578125 62.35407257080078125 59.036102294921875 47.290569305419921875 22.620458602905273438 333.43389892578125 324.86474609375 3.814388275146484375 39.559429168701171875 176.9872894287109375 216.869476318359375 215.3107452392578125 211.6749267578125 223.024871826171875 267.8790283203125 303.689727783203125 316.396728515625 333.969635009765625 299.406402587890625 273.288299560546875 255.962738037109375 262.303131103515625 269.5482177734375 262.4920654296875 229.969146728515625 183.6739501953125 168.68975830078125 158.962310791015625 232.942840576171875 258.689544677734375 277.593994140625 290.169921875 304.16912841796875 328.1082763671875 4.5740151405334472656 99.292877197265625 111.878875732421875 107.6631011962890625 97.40673065185546875 88.43048095703125
312.509185791015625 341.563629150390625 52.76566314697265625 61.699249267578125 63.433929443359375 59.0351409912109375 32.9051666259765625 346.6070556640625 302.004425048828125 341.56451416015625 43.567768096923828125 32.66080474853515625 323.529693603515625 285.254364013671875 268.362457275390625 277.430419921875 291.036865234375 299.21881103515625 311.905426025390625 327.094146728515625 306.57293701171875 272.6419677734375 291.369781494140625 313.378082275390625 315.4727783203125 315.615234375 339.3038330078125 105.52417755126953125 193.2403564453125 264.471710205078125 306.5721435546875 296.839813232421875 294.985809326171875 289.34368896484375 277.00067138671875 192.1712799072265625 152.007598876953125 147.3243865966796875 137.7827606201171875 130.2687225341796875 123.13185882568359375 125.83724212646484375
351.528045654296875 2.4891760349273681641 50.440876007080078125 55.885631561279296875 56.309589385986328125 66.80138397216796875 36.86959075927734375 326.310638427734375 283.391326904296875 264.2882080078125 38.28992462158203125 15.255251884460449219 1.8474810123443603516 0 302.904571533203125 286.11273193359375 266.633087158203125 249.1015777587890625 228.4677734375 229.0855560302734375 268.451751708984375 298.835052490234375 304.0980224609375 315.371307373046875 327.898040771484375 341.861114501953125 34.1598052978515625 44.99965667724609375 336.5006103515625 330.875213623046875 331.293243408203125 313.84576416015625 294.333160400390625 267.356781005859375 204.9434967041015625 163.9020233154296875 154.5919189453125 145.34130859375 142.5161285400390625 137.563507080078125 128.2405242919921875 127.514495849609375
42.1379852294921875 71.56488037109375 63.4351654052734375 70.55997467041015625 81.38423919677734375 87.510162353515625 98.13031005859375 260.536468505859375 281.309844970703125 257.0047607421875 210.9632568359375 269.999359130859375 50.710582733154296875 71.56561279296875 263.65911865234375 244.1791534423828125 233.8803253173828125 248.5515899658203125 282.42535400390625 315.894287109375 326.069488525390625 316.683990478515625 308.695648193359375 312.136810302734375 329.035491943359375 359.225067138671875 16.927440643310546875 358.6416015625 343.216522216796875 341.7064208984375 338.439117431640625 332.417236328125 299.475006103515625 226.122802734375 164.4271392822265625 157.0675506591796875 155.352874755859375 146.3096160888671875 146.2254638671875 142.7216644287109375 129.9707794189453125 121.315704345703125
2.7268483638763427734 36.86933135986328125 54.461704254150390625 102.80377197265625 115.34610748291015625 128.2902679443359375 142.124847412109375 241.698272705078125 224.9994659423828125 185.7097930908203125 194.0359954833984375 194.420623779296875 178.3626556396484375 146.308746337890625 277.430755615234375 295.973480224609375 315.923309326171875 321.7393798828125 327.8843994140625 334.9317626953125 341.19140625 334.0521240234375 322.369720458984375 322.164459228515625 336.884918212890625 1.6366846561431884766 5.9315671920776367188 344.4266357421875 337.67974853515625 343.790191650390625 346.4866943359375 10.980807304382324219 113.9613800048828125 157.796173095703125 153.9962310791015625 156.17218017578125 156.013702392578125 156.98486328125 159.0828094482421875 153.1524200439453125 141.449249267578125 128.7223663330078125
240.7507171630859375 44.9992523193359375 44.999897003173828125 65.69519805908203125 87.87844085693359375 130.6016998291015625 165.96337890625 201.036590576171875 189.4616546630859375 195.254241943359375 203.199249267578125 168.6905059814453125 200.22412109375 237.99462890625 293.197967529296875 307.970733642578125 315.4300537109375 321.98028564453125 329.1568603515625 334.39703369140625 340.062896728515625 340.7685546875 334.302215576171875 331.600372314453125 355.600341796875 31.9308624267578125 3.8145492076873779297 292.284881591796875 288.885498046875 305.1337890625 125.13358306884765625 135.715576171875 147.783050537109375 151.69891357421875 153.637725830078125 156.0800628662109375 156.6886749267578125 163.44244384765625 166.8385162353515625 162.9427337646484375 157.8332977294921875 139.5735931396484375
209.0541229248046875 204.5499267578125 150.5240631103515625 81.1189422607421875 71.5646820068359375 48.012737274169921875 95.195281982421875 159.4439544677734375 174.8055267333984375 209.475494384765625 206.564788818359375 163.610504150390625 214.693511962890625 276.95220947265625 299.053863525390625 308.101776123046875 309.32000732421875 311.307891845703125 321.058258056640625 323.9298095703125 320.331390380859375 328.482330322265625 340.05682373046875 351.10650634765625 59.03606414794921875 99.6596221923828125 170.8370361328125 232.5942535400390625 209.8984375 174.093475341796875 159.0009765625 152.5088958740234375 151.119842529296875 151.0319671630859375 150.36126708984375 154.6534881591796875 159.15728759765625 167.31915283203125 166.1588287353515625 165.6503753662109375 169.650970458984375 140.314208984375
77.73520660400390625 211.2001190185546875 194.8081512451171875 152.8784332275390625 40.914592742919921875 34.159626007080078125 62.927764892578125 102.99474334716796875 143.1317291259765625 198.434478759765625 202.165252685546875 194.7427215576171875 288.43408203125 304.21490478515625 302.937896728515625 306.69580078125 312.31927490234375 314.999267578125 323.053741455078125 304.63299560546875 293.865020751953125 299.603790283203125 330.523406982421875 62.31134796142578125 111.743988037109375 139.432281494140625 178.0775909423828125 190.4910736083984375 180.6156005859375 164.235443115234375 156.5489959716796875 152.3537139892578125 149.4699249267578125 146.3095703125 144.264251708984375 148.3388824462890625 151.4764862060546875 182.6420135498046875 158.62811279296875 103.240570068359375 139.764373779296875 99.60486602783203125
55.784023284912109375 74.35712432861328125 199.7985687255859375 210.9629974365234375 219.804473876953125 91.63671875 69.2277679443359375 40.236606597900390625 36.869373321533203125 60.946079254150390625 258.68988037109375 291.037384033203125 298.4949951171875 302.60394287109375 300.01763916015625 298.392303466796875 307.633087158203125 327.05596923828125 352.997955322265625 340.136627197265625 313.0577392578125 271.683990478515625 250.768798828125 93.48905181884765625 103.19622039794921875 134.21484375 173.3083038330078125 181.1013031005859375 179.7305908203125 165.888031005859375 150.6617431640625 140.042144775390625 133.4514007568359375 133.0075531005859375 138.57623291015625 142.9433135986328125 127.3037872314453125 247.165496826171875 294.77490234375 44.999897003173828125 9.2455492019653320312 40.840160369873046875
87.27342987060546875 50.4923248291015625 36.573108673095703125 178.6023712158203125 196.5252227783203125 193.5700225830078125 94.08586883544921875 57.264385223388671875 61.38915252685546875 55.305240631103515625 318.1785888671875 306.67364501953125 297.837310791015625 293.09619140625 291.000457763671875 287.240753173828125 292.84735107421875 318.610198974609375 352.6727294921875 356.632720947265625 19.23064422607421875 247.10894775390625 245.9420013427734375 108.81171417236328125 97.5579986572265625 95.07936859130859375 131.819793701171875 170.379913330078125 187.06646728515625 175.0058135986328125 149.46978759765625 125.380126953125 101.1037139892578125 89.99979400634765625 82.47577667236328125 85.91407012939453125 89.99979400634765625 253.44256591796875 249.4437103271484375 30.964006423950195312 358.36224365234375 27.89681243896484375
241.697967529296875 23.498918533325195312 26.003164291381835938 56.469341278076171875 304.695068359375 278.39227294921875 40.91339874267578125 48.0121612548828125 36.573223114013671875 19.439821243286132812 323.74517822265625 299.3570556640625 296.322509765625 288.434234619140625 281.7874755859375 277.403045654296875 276.5645751953125 286.556427001953125 327.35455322265625 12.439496040344238281 63.31107330322265625 12.264586448669433594 246.800628662109375 108.041015625 80.53759002685546875 60.584331512451171875 64.0410614013671875 85.46192169189453125 215.9095001220703125 181.8472137451171875 134.9996795654296875 132.709259033203125 105.832183837890625 65.322845458984375 37.010402679443359375 22.619726181030273438 24.67676544189453125 355.7626953125 301.292266845703125 324.46185302734375 1.1231153011322021484 19.982660293579101562
238.0914154052734375 267.397247314453125 351.868927001953125 33.597442626953125 22.479526519775390625 309.28857421875 341.562774658203125 353.9267578125 6.1703181266784667969 15.254843711853027344 351.3260498046875 303.503021240234375 296.782257080078125 294.260650634765625 286.67645263671875 280.721343994140625 274.18426513671875 267.924346923828125 261.134674072265625 106.9276580810546875 75.79314422607421875 33.157901763916015625 40.030513763427734375 70.6153564453125 55.39723968505859375 58.263195037841796875 60.349941253662109375 64.7987518310546875 45.005359649658203125 186.3397674560546875 110.323028564453125 115.64080047607421875 115.820556640625 78.68963623046875 36.119049072265625 2.174648284912109375 7.4716272354125976562 10.804388999938964844 346.2384033203125 333.434478759765625 10.30460357666015625 16.92728424072265625
266.632843017578125 256.13848876953125 262.348907470703125 22.166370391845703125 46.13433837890625 60.642040252685546875 237.2639617919921875 287.783050537109375 346.86505126953125 9.2457971572875976562 352.69342041015625 332.743988037109375 318.990142822265625 314.99932861328125 311.9052734375 310.388671875 310.072174072265625 311.148651123046875 325.55108642578125 29.604351043701171875 55.84018707275390625 47.52590179443359375 42.990306854248046875 75.963470458984375 98.129730224609375 97.8148956298828125 88.76772308349609375 80.92275238037109375 54.782100677490234375 44.997711181640625 93.01224517822265625 73.44226837158203125 21.501262664794921875 21.37064361572265625 5.1941304206848144531 335.432098388671875 353.516326904296875 14.688793182373046875 1.0608323812484741211 357.562713623046875 11.888586997985839844 356.008148193359375
308.156341552734375 272.48870849609375 231.4582061767578125 229.7629852294921875 54.039306640625 49.236270904541015625 6.9113688468933105469 281.0028076171875 295.016204833984375 331.85748291015625 335.46148681640625 341.836456298828125 332.367584228515625 324.57147216796875 325.433319091796875 328.189849853515625 334.102935791015625 344.397552490234375 2.3532719612121582031 33.29705810546875 71.56488037109375 111.09765625 146.210174560546875 141.581573486328125 142.1246490478515625 141.51947021484375 126.93646240234375 106.0037384033203125 44.99935150146484375 11.768270492553710938 42.878757476806640625 6.00882720947265625 357.708587646484375 8.5835819244384765625 12.59991455078125 336.1607666015625 318.57574462890625 17.102895736694335938 347.47003173828125 354.093109130859375 2.8623757362365722656 346.23101806640625
311.63275146484375 327.338287353515625 320.709716796875 287.019683837890625 278.1290283203125 39.643970489501953125 20.353216171264648438 344.63763427734375 310.985015869140625 305.310455322265625 317.43017578125 335.3076171875 332.14630126953125 325.95330810546875 328.768707275390625 333.268341064453125 342.2545166015625 8.3438768386840820312 74.28127288818359375 115.4074859619140625 129.957275390625 143.09625244140625 157.025238037109375 158.0611572265625 154.9827423095703125 155.5557098388671875 145.6599884033203125 121.607269287109375 224.9988250732421875 317.201507568359375 17.152269363403320312 359.9990234375 358.53045654296875 24.590089797973632812 59.036220550537109375 39.291370391845703125 296.564727783203125 326.309173583984375 291.24969482421875 312.661895751953125 338.5860595703125 337.202545166015625
311.4228515625 311.905120849609375 321.00811767578125 341.564483642578125 284.0352783203125 314.99835205078125 356.377716064453125 358.780426025390625 348.325469970703125 292.597076416015625 289.7215576171875 309.02252197265625 316.290191650390625 310.913665771484375 314.287506103515625 326.6007080078125 87.51020050048828125 129.5015869140625 134.6370391845703125 139.982879638671875 146.34307861328125 150.5475921630859375 154.9290008544921875 162.1699371337890625 157.7699737548828125 158.198333740234375 157.248748779296875 83.65950775146484375 298.610015869140625 267.708953857421875 171.8708038330078125 128.6605682373046875 146.3095855712890625 88.26404571533203125 82.3491668701171875 4.3992094993591308594 332.591705322265625 345.509490966796875 333.43426513671875 330.825408935546875 338.531463623046875 345.6988525390625
268.024383544921875 250.640228271484375 235.12396240234375 235.304473876953125 302.904388427734375 299.930511474609375 300.301849365234375 331.459381103515625 357.7086181640625 319.619171142578125 264.3070068359375 267.36834716796875 281.625213623046875 277.31378173828125 239.5340423583984375 177.113189697265625 149.984039306640625 143.5887908935546875 141.919189453125 142.228668212890625 146.003204345703125 152.474334716796875 141.581573486328125 138.1796112060546875 108.43425750732421875 83.6593475341796875 284.035552978515625 62.35407257080078125 325.0074462890625 284.0355224609375 150.945037841796875 296.559967041015625 331.698211669921875 1.3018565177917480469 12.821375846862792969 349.12420654296875 344.97064208984375 347.687957763671875 344.518218994140625 344.630706787109375 348.154388427734375 358.92498779296875
293.198455810546875 235.0077667236328125 229.2359619140625 229.0855560302734375 241.9273529052734375 273.65167236328125 275.94610595703125 280.05999755859375 319.81292724609375 352.56787109375 301.650726318359375 254.607513427734375 247.268310546875 227.374481201171875 192.2805328369140625 165.896942138671875 148.634765625 147.355010986328125 147.0186614990234375 142.1246490478515625 130.794403076171875 153.4351348876953125 5.1945061683654785156 8.9725465774536132812 14.036274909973144531 11.309591293334960938 353.658843994140625 8.9731073379516601562 336.5401611328125 333.434051513671875 349.6234130859375 349.486602783203125 346.700592041015625 345.962890625 351.35638427734375 348.122955322265625 349.632843017578125 350.072967529296875 347.88763427734375 352.310028076171875 351.710723876953125 0.5816752314567565918
341.56427001953125 329.03656005859375 282.52911376953125 231.3403778076171875 231.910858154296875 258.387908935546875 271.2181396484375 263.96600341796875 265.961578369140625 305.536956787109375 343.885833740234375 278.74566650390625 231.260833740234375 213.7250518798828125 177.336578369140625 153.65533447265625 144.48828125 142.675872802734375 142.5943603515625 108.43450927734375 52.431407928466796875 331.503173828125 337.61907958984375 0 8.3655567169189453125 7.6506237983703613281 358.314422607421875 348.439300537109375 339.28509521484375 331.744873046875 334.147369384765625 339.4884033203125 343.382568359375 342.665924072265625 343.984649658203125 348.650787353515625 355.447357177734375 355.827392578125 347.669403076171875 355.1942138671875 357.892303466796875 14.931402206420898438
