wildfire/work/fuelmodels/1985/aspect.asc
ncols        270
nrows        207
xllcorner    188620.000000000000
yllcorner    480870.000000000000
cellsize     5.000000000000
NODATA_value   -999
[rows 19 to 37 of 207, columns 0 to 41 of 270]
0 159.6381378173828125 156.290802001953125 136.9746551513671875 113.865570068359375 110.1359710693359375 123.4758148193359375 142.480621337890625 149.3350372314453125 143.8575439453125 136.66033935546875 121.13872528076171875 117.43896484375 129.684478759765625 96.33972930908203125 81.869781494140625 73.22878265380859375 75.62561798095703125 141.1705322265625 206.1996917724609375 155.157196044921875 128.0079498291015625 147.3189849853515625 172.6472320556640625 175.235992431640625 163.7608489990234375 160.95849609375 164.4883880615234375 178.1688385009765625 185.4166412353515625 181.088714599609375 168.7693328857421875 158.904632568359375 150.17730712890625 153.068206787109375 187.166748046875 173.84429931640625 169.286376953125 170.986419677734375 176.2152252197265625 181.180908203125 174.986572265625
0 148.355255126953125 165.65020751953125 159.6634063720703125 127.1307373046875 117.511749267578125 129.329193115234375 145.348114013671875 158.355224609375 159.386016845703125 146.689300537109375 141.709869384765625 137.8983001708984375 149.676055908203125 128.7578125 128.08831787109375 111.25012969970703125 87.4549407958984375 88.8463897705078125 173.7841644287109375 182.967620849609375 126.50106048583984375 123.1575164794921875 145.73822021484375 150.25469970703125 146.63348388671875 146.1212921142578125 158.6576080322265625 172.9163055419921875 176.37103271484375 175.790557861328125 167.2162322998046875 159.4982147216796875 155.2432861328125 158.1982574462890625 171.57257080078125 169.99163818359375 165.7898406982421875 166.5835113525390625 181.9747467041015625 188.330902099609375 173.453338623046875
0 142.932708740234375 159.9543914794921875 164.79718017578125 150.254608154296875 127.91860198974609375 123.249969482421875 132.1369476318359375 146.8415069580078125 164.6041412353515625 127.67328643798828125 125.85837554931640625 151.6206207275390625 156.139678955078125 148.5908966064453125 147.0944366455078125 135.6735992431640625 107.74440765380859375 76.13010406494140625 82.76287841796875 170.2173309326171875 181.6839752197265625 74.74498748779296875 91.19329833984375 116.89565277099609375 111.902740478515625 113.19843292236328125 122.24265289306640625 139.3984375 149.035888671875 162.1494140625 159.145477294921875 146.975921630859375 152.5251617431640625 152.102294921875 144.9121856689453125 161.5647735595703125 165.5555267333984375 157.6194000244140625 172.3758544921875 182.316619873046875 167.2752227783203125
0 145.437286376953125 150.2548828125 153.8743896484375 153.7181243896484375 134.522308349609375 119.63854217529296875 122.73516845703125 137.60211181640625 162.2349090576171875 149.1839141845703125 131.986724853515625 143.9391937255859375 156.5709381103515625 155.2658233642578125 137.6424407958984375 133.09051513671875 128.0473785400390625 81.52872467041015625 60.422008514404296875 71.053314208984375 209.5380859375 179.9995880126953125 71.90586090087890625 72.61295318603515625 95.10205841064453125 81.38396453857421875 63.758197784423828125 71.56507110595703125 63.853252410888671875 60.46115875244140625 80.2174530029296875 102.72415924072265625 119.6661529541015625 136.0800323486328125 115.74951171875 123.6896820068359375 143.1297607421875 150.0676727294921875 152.7003173828125 151.0597381591796875 149.0360565185546875
0 130.4256744384765625 125.42554473876953125 132.3973236083984375 139.9388580322265625 136.396636962890625 127.1995849609375 117.34967041015625 123.83475494384765625 142.5491485595703125 152.429595947265625 144.3523712158203125 128.5000762939453125 144.0390625 165.580078125 106.504180908203125 100.4906005859375 120.32306671142578125 130.9137115478515625 81.869384765625 67.26628875732421875 87.6622161865234375 187.86859130859375 175.1347198486328125 98.26702880859375 72.7185821533203125 16.556972503662109375 35.99155426025390625 36.0606231689453125 24.274511337280273438 38.7364349365234375 54.22957611083984375 69.77492523193359375 75.141448974609375 68.8062286376953125 71.0752716064453125 66.1242523193359375 60.01830291748046875 67.38043212890625 104.30019378662109375 118.46466827392578125 128.58087158203125
0 133.9574432373046875 110.89720916748046875 114.6230621337890625 119.74433135986328125 117.12061309814453125 126.17928314208984375 121.5038909912109375 116.5642852783203125 80.7057037353515625 60.067882537841796875 76.534515380859375 92.17441558837890625 107.44635009765625 168.6905059814453125 114.6773681640625 102.72374725341796875 106.04842376708984375 122.47064971923828125 57.5289306640625 50.468994140625 55.97565460205078125 76.429840087890625 184.3980865478515625 164.981170654296875 16.1134796142578125 8.695316314697265625 29.267848968505859375 27.942960739135742188 38.516696929931640625 48.052822113037109375 33.206340789794921875 35.3311004638671875 36.69435882568359375 26.742481231689453125 33.566402435302734375 30.63539886474609375 25.441965103149414062 40.120914459228515625 58.851383209228515625 79.69487762451171875 90.52532958984375
0 123.6895751953125 107.4743194580078125 108.43456268310546875 113.96248626708984375 97.205841064453125 109.93230438232421875 118.00931549072265625 113.8387298583984375 40.91495513916015625 60.460842132568359375 70.15911865234375 71.564727783203125 44.9992523193359375 59.035247802734375 110.854156494140625 114.19307708740234375 110.462249755859375 97.12496185302734375 313.451385498046875 19.698686599731445312 55.072360992431640625 65.21002960205078125 89.01181793212890625 218.289825439453125 239.5342864990234375 44.99677276611328125 62.241291046142578125 56.309803009033203125 44.999584197998046875 10.59759521484375 358.136505126953125 10.304735183715820312 14.544520378112792969 17.711988449096679688 23.104028701782226562 21.212581634521484375 18.435049057006835938 24.73430633544921875 34.2866973876953125 50.477245330810546875 65.67456817626953125
0 63.4346466064453125 71.9164581298828125 74.74477386474609375 82.998138427734375 82.5680999755859375 72.8594970703125 63.970172882080078125 30.529870986938476562 65.224761962890625 102.99443817138671875 86.71036529541015625 62.102436065673828125 51.0084381103515625 67.61914825439453125 65.22406768798828125 77.3194580078125 72.8976287841796875 22.379566192626953125 275.193359375 329.0350341796875 81.67407989501953125 82.66110992431640625 76.16687774658203125 152.7441558837890625 222.3242950439453125 206.2735595703125 142.852386474609375 80.53719329833984375 354.03436279296875 336.71331787109375 339.9039306640625 353.6588134765625 4.9584975242614746094 18.866214752197265625 23.198513031005859375 18.434906005859375 16.548841476440429688 14.7254791259765625 29.054485321044921875 53.88048553466796875 65.68050384521484375
0 54.61981201171875 72.6130828857421875 71.241363525390625 65.97347259521484375 76.6075439453125 81.15784454345703125 74.05432891845703125 23.961870193481445312 35.537372589111328125 58.348613739013671875 63.799816131591796875 51.203662872314453125 57.171428680419921875 38.21100616455078125 39.80554962158203125 59.400028228759765625 40.23664093017578125 34.6947784423828125 215.5368804931640625 170.3398895263671875 127.3490142822265625 98.6729583740234375 57.925968170166015625 57.578830718994140625 178.1522979736328125 211.30340576171875 212.573455810546875 278.129669189453125 302.27496337890625 303.583465576171875 305.45465087890625 315.52947998046875 348.689239501953125 28.392879486083984375 33.964557647705078125 28.033788681030273438 30.780694961547851562 34.875293731689453125 66.50130462646484375 83.54738616943359375 82.96480560302734375
0 63.4348907470703125 77.52475738525390625 74.74491119384765625 64.53675079345703125 66.1613922119140625 74.511627197265625 68.8603057861328125 13.2397003173828125 67.7511444091796875 90.00000762939453125 88.87709808349609375 70.71059417724609375 51.483367919921875 14.656299591064453125 58.814670562744140625 68.78189849853515625 22.75142669677734375 45.954578399658203125 93.917694091796875 132.2733154296875 126.31331634521484375 77.0054931640625 55.09775543212890625 66.655914306640625 85.64873504638671875 206.3645782470703125 233.4262847900390625 240.2546234130859375 252.7181549072265625 254.3886260986328125 249.6464080810546875 226.30145263671875 196.1130523681640625 154.6869049072265625 129.3267822265625 127.11656951904296875 115.08347320556640625 117.1921234130859375 117.0572052001953125 108.54443359375 102.67366790771484375
0 54.06621551513671875 58.3668060302734375 52.399600982666015625 53.36531829833984375 63.208026885986328125 54.323490142822265625 44.11864471435546875 53.530345916748046875 106.2321319580078125 108.0339508056640625 93.179718017578125 81.86988067626953125 64.44008636474609375 36.869373321533203125 78.9174652099609375 50.947063446044921875 17.176324844360351562 79.50827789306640625 99.46233367919921875 89.29312896728515625 30.964685440063476562 62.745029449462890625 84.4274749755859375 76.89028167724609375 64.675537109375 64.9163665771484375 231.099517822265625 226.684356689453125 222.9040374755859375 222.93560791015625 201.6947174072265625 184.9975128173828125 176.4756317138671875 168.5240478515625 159.8799896240234375 162.1903076171875 156.3702239990234375 143.4428863525390625 133.2787933349609375 121.82709503173828125 113.37660980224609375
0 59.51108551025390625 60.708690643310546875 59.67626953125 71.9160614013671875 85.9138946533203125 89.1689910888671875 75.69908905029296875 73.30013275146484375 71.19972991943359375 52.3858795166015625 20.13640594482421875 32.82836151123046875 38.829639434814453125 53.973148345947265625 59.57440185546875 35.909793853759765625 84.95691680908203125 108.1985931396484375 105.25475311279296875 66.25128936767578125 62.744907379150390625 85.814483642578125 78.1460723876953125 64.91591644287109375 59.036144256591796875 67.8497314453125 150.2545623779296875 224.3594207763671875 229.235809326171875 208.60992431640625 166.1668853759765625 168.4283905029296875 171.1324615478515625 167.74755859375 160.1771240234375 161.142608642578125 161.8053741455078125 145.27685546875 130.6009521484375 124.2537841796875 123.56600189208984375
0 87.87884521484375 83.659881591796875 86.06980133056640625 89.9999847412109375 81.4161529541015625 78.9587249755859375 88.602325439453125 60.37627410888671875 48.17980194091796875 61.858318328857421875 52.59604644775390625 53.130306243896484375 78.99657440185546875 96.84206390380859375 68.96176910400390625 93.179718017578125 110.18572998046875 112.7061920166015625 95.9059906005859375 8.6160984039306640625 66.80068206787109375 92.33693695068359375 109.3232879638671875 108.4352874755859375 84.40099334716796875 74.48882293701171875 76.7917022705078125 214.9918975830078125 224.9994659423828125 196.6690673828125 137.4712371826171875 138.8137664794921875 160.506805419921875 172.1739349365234375 149.8130645751953125 142.262939453125 149.7824554443359375 125.42578887939453125 106.83731842041015625 105.1854705810546875 110.09470367431640625
0 85.42557525634765625 76.1084442138671875 73.14125823974609375 66.80101776123046875 66.37036895751953125 74.5601806640625 75.14136505126953125 64.65485382080078125 80.6764068603515625 84.09371185302734375 81.8697052001953125 80.53719329833984375 76.60746002197265625 58.495891571044921875 94.0847320556640625 108.1523895263671875 111.13962554931640625 93.4473724365234375 5.3896384239196777344 30.963685989379882812 96.34001922607421875 116.07529449462890625 139.236419677734375 148.7606048583984375 111.644439697265625 66.485260009765625 54.918407440185546875 59.553447723388671875 214.3796844482421875 205.41259765625 151.469879150390625 114.38996124267578125 117.0125732421875 175.601287841796875 139.6102294921875 127.0102386474609375 132.709014892578125 123.53014373779296875 108.4344940185546875 101.95153045654296875 104.65631866455078125
0 70.144500732421875 61.059650421142578125 72.3679046630859375 75.15985107421875 78.89618682861328125 80.7068634033203125 70.97478485107421875 97.30487823486328125 111.0368499755859375 78.11092376708984375 22.557466506958007812 15.100795745849609375 49.6100921630859375 40.68379974365234375 78.38849639892578125 101.712371826171875 100.12448883056640625 35.537445068359375 27.474203109741210938 106.55660247802734375 109.2123870849609375 102.44962310791015625 106.29334259033203125 132.70855712890625 125.3103485107421875 102.9938812255859375 71.11382293701171875 64.925628662109375 71.90599822998046875 206.17510986328125 185.193756103515625 124.3798065185546875 116.7911224365234375 152.4176483154296875 152.8497314453125 144.688323974609375 111.9743499755859375 108.06027984619140625 106.6541290283203125 97.3056182861328125 96.1463623046875
0 131.1862640380859375 107.40262603759765625 90.8549041748046875 85.91410064697265625 73.30042266845703125 70.6408843994140625 81.6742706298828125 101.97591400146484375 98.746185302734375 53.53133392333984375 20.377170562744140625 55.007556915283203125 69.7745819091796875 84.52220916748046875 104.7432403564453125 102.32747650146484375 79.6950531005859375 56.31092071533203125 114.90494537353515625 115.395843505859375 104.03614044189453125 84.38226318359375 73.008941650390625 92.385345458984375 107.0199737548828125 137.2018890380859375 106.88655853271484375 87.240631103515625 70.1528778076171875 89.32586669921875 185.2806549072265625 156.58343505859375 133.2282867431640625 151.0485992431640625 169.285919189453125 171.253173828125 131.099334716796875 109.093505859375 106.4484405517578125 95.9059295654296875 82.56871795654296875
0 113.40454864501953125 136.272979736328125 102.06109619140625 97.385772705078125 97.92673492431640625 92.910675048828125 101.6734771728515625 119.05432891845703125 109.9831695556640625 6.3404436111450195312 358.362884521484375 21.37026214599609375 44.215198516845703125 84.4174957275390625 98.66036224365234375 87.79692840576171875 59.035961151123046875 60.25492095947265625 75.78414154052734375 81.86981964111328125 97.72161102294921875 111.8012237548828125 112.4570159912109375 109.02593231201171875 110.43273162841796875 123.4073638916015625 106.9753570556640625 97.88275909423828125 85.88143157958984375 81.7771148681640625 118.76775360107421875 178.42291259765625 129.400848388671875 97.85323333740234375 160.4623260498046875 162.699127197265625 151.698516845703125 124.76508331298828125 109.536224365234375 110.82021331787109375 108.4346923828125
0 92.16070556640625 125.86952972412109375 125.5377197265625 117.28436279296875 112.796630859375 103.600372314453125 103.84062957763671875 122.3474578857421875 198.4336090087890625 274.763092041015625 321.482177734375 3.8142979145050048828 72.12125396728515625 85.6011962890625 74.81988525390625 60.037433624267578125 46.273181915283203125 64.9828338623046875 84.42723846435546875 92.96041107177734375 92.4890899658203125 84.225006103515625 76.158721923828125 80.53719329833984375 100.37540435791015625 122.15154266357421875 123.8567352294921875 101.5236968994140625 78.17832183837890625 76.6669464111328125 78.80771636962890625 126.57256317138671875 190.408111572265625 101.30970001220703125 91.46778106689453125 119.0539093017578125 130.4252777099609375 130.0302734375 100.7132110595703125 90.00009918212890625 91.0412445068359375
0 101.49658203125 102.72423553466796875 105.641937255859375 113.19805145263671875 113.8745574951171875 97.86853790283203125 90.4508514404296875 79.04610443115234375 239.0279693603515625 266.184844970703125 282.87371826171875 114.6240234375 110.04515838623046875 95.6670989990234375 83.76522064208984375 81.6741943359375 74.93201446533203125 90.00005340576171875 105.16426849365234375 108.43457794189453125 93.67427825927734375 76.1389007568359375 75.41078948974609375 88.56766510009765625 103.495635986328125 115.0164947509765625 122.77410888671875 116.93890380859375 88.9944915771484375 72.0718231201171875 64.81349945068359375 70.01650238037109375 158.198333740234375 182.7259368896484375 138.9456939697265625 96.11574554443359375 101.00324249267578125 122.6605224609375 106.92752838134765625 86.53182220458984375 75.6993865966796875
