wildfire/work/fuelmodels/1985/slope.asc
ncols        270
nrows        207
xllcorner    188620.000000000000
yllcorner    480870.000000000000
cellsize     5.000000000000
NODATA_value   -999
[rows 108 to 125 of 207, columns 120 to 159 of 270]
1.0695928335189819336 2.9295096397399902344 4.5924048423767089844 6.4791555404663085938 8.2027368545532226562 7.9766521453857421875 6.9416422843933105469 6.1053991317749023438 7.7283406257629394531 10.244355201721191406 13.13658905029296875 14.764331817626953125 13.052068710327148438 10.721302032470703125 11.220487594604492188 11.132326126098632812 11.90123748779296875 13.780079841613769531 13.556865692138671875 10.640522003173828125 5.6729135513305664062 0.62677556276321411133 8.8684329986572265625 11.766042709350585938 15.406698226928710938 20.193365097045898438 21.853487014770507812 21.98856353759765625 20.257505416870117188 18.422628402709960938 16.682760238647460938 12.611116409301757812 7.7315130233764648438 5.0750246047973632812 3.4403066635131835938 1.6593316793441772461 1.7682747840881347656 2.5768945217132568359 2.7573850154876708984 2.4503498077392578125
4.3969678878784179688 5.0867371559143066406 4.5526738166809082031 6.1228456497192382812 8.1005239486694335938 7.6250777244567871094 8.0783557891845703125 8.3651533126831054688 8.0387706756591796875 8.7881059646606445312 10.032063484191894531 13.205142974853515625 16.753343582153320312 18.44561767578125 17.763021469116210938 16.025247573852539062 14.286540985107421875 11.858942031860351562 8.1050996780395507812 3.7274355888366699219 4.7081518173217773438 10.931681632995605469 17.0641326904296875 18.612567901611328125 20.790393829345703125 22.963853836059570312 23.535198211669921875 23.314205169677734375 20.69879150390625 17.625284194946289062 14.476776123046875 10.139275550842285156 6.5440158843994140625 4.6425471305847167969 3.1250276565551757812 1.7725651264190673828 2.2380304336547851562 2.5847299098968505859 1.6063416004180908203 1.2090831995010375977
8.4110937118530273438 6.8600487709045410156 5.8000054359436035156 6.7016425132751464844 6.7998189926147460938 5.8730611801147460938 7.9273161888122558594 9.7522668838500976562 9.2208118438720703125 9.6569490432739257812 10.315600395202636719 12.20998382568359375 16.278226852416992188 18.376377105712890625 16.927265167236328125 13.451992034912109375 8.6057577133178710938 5.0259156227111816406 6.3163099288940429688 10.822734832763671875 15.380117416381835938 20.3816375732421875 22.453134536743164062 21.992282867431640625 21.548112869262695312 21.55462646484375 21.85948944091796875 20.535739898681640625 17.143060684204101562 13.550668716430664062 9.9072294235229492188 7.0464777946472167969 5.0708594322204589844 3.2597620487213134766 2.1747653484344482422 1.6934452056884765625 1.81459808349609375 1.5208911895751953125 1.1100008487701416016 1.6766219139099121094
9.8249759674072265625 8.24129486083984375 7.599605560302734375 6.9697403907775878906 4.7722973823547363281 4.6491632461547851562 7.4519705772399902344 9.729511260986328125 10.486982345581054688 11.036103248596191406 11.054971694946289062 9.5032901763916015625 8.1139850616455078125 6.4284639358520507812 5.0436601638793945312 2.9134087562561035156 7.3181443214416503906 11.957404136657714844 16.428806304931640625 20.751321792602539062 24.05376434326171875 25.503414154052734375 23.461231231689453125 20.798280715942382812 20.15995025634765625 20.202360153198242188 18.727647781372070312 14.755906105041503906 10.258523941040039062 6.8493552207946777344 4.4919824600219726562 3.9626741409301757812 2.8397696018218994141 1.6862545013427734375 1.6304070949554443359 1.127631068229675293 0.95455592870712280273 0.82728904485702514648 0.99098771810531616211 2.3170986175537109375
9.8003978729248046875 9.6714544296264648438 9.294952392578125 7.972370147705078125 6.0441026687622070312 5.9629664421081542969 8.1427640914916992188 9.6560850143432617188 10.559926986694335938 11.231093406677246094 11.241138458251953125 9.10425567626953125 4.3937559127807617188 3.1360068321228027344 5.4386529922485351562 10.064771652221679688 14.758797645568847656 17.429462432861328125 21.084445953369140625 24.849145889282226562 25.075712203979492188 23.1528167724609375 20.679931640625 18.815280914306640625 17.792514801025390625 15.282460212707519531 11.037755012512207031 6.6793313026428222656 4.2403612136840820312 3.1946060657501220703 3.0715188980102539062 3.14904022216796875 2.1763851642608642578 1.8551282882690429688 1.7008827924728393555 1.4085997343063354492 1.4804236888885498047 1.5305163860321044922 1.6050751209259033203 1.8966703414916992188
8.94925689697265625 8.7491044998168945312 9.203739166259765625 10.629719734191894531 13.353445053100585938 15.514983177185058594 15.825544357299804688 13.717853546142578125 10.428752899169921875 9.45931243896484375 9.0491733551025390625 7.9288387298583984375 7.6705141067504882812 10.463444709777832031 14.301746368408203125 18.0424346923828125 20.499843597412109375 21.742879867553710938 24.19512939453125 24.959781646728515625 22.0801239013671875 19.265001296997070312 16.178045272827148438 13.394407272338867188 10.738656997680664062 6.7976636886596679688 3.1219582557678222656 2.3301610946655273438 3.1081588268280029297 2.9320850372314453125 2.7363989353179931641 2.6040251255035400391 2.2052407264709472656 1.560311436653137207 1.272706151008605957 0.81123369932174682617 0.57628041505813598633 1.5038279294967651367 1.660847783088684082 1.2920507192611694336
8.3417253494262695312 8.9000558853149414062 11.732451438903808594 15.559302330017089844 18.482458114624023438 19.025144577026367188 17.1675872802734375 13.033379554748535156 8.3316440582275390625 4.6517763137817382812 5.5845022201538085938 9.166233062744140625 12.651866912841796875 16.642278671264648438 20.585941314697265625 23.267353057861328125 25.08050537109375 26.192979812622070312 26.253559112548828125 23.560333251953125 19.101337432861328125 15.207757949829101562 10.898447036743164062 6.8903088569641113281 3.7086880207061767578 2.2216978073120117188 2.3205914497375488281 2.6358745098114013672 2.7703702449798583984 2.6745440959930419922 2.6995670795440673828 2.5389306545257568359 2.1028521060943603516 1.5696947574615478516 1.1045092344284057617 0.38316312432289123535 0.84245562553405761719 1.8090120553970336914 0.67498993873596191406 0.80559802055358886719
7.9862532615661621094 8.8359317779541015625 10.741574287414550781 12.491213798522949219 11.328484535217285156 8.16027069091796875 4.2541556358337402344 1.6378574371337890625 2.3275439739227294922 5.1731166839599609375 9.545200347900390625 13.358150482177734375 16.949842453002929688 20.604097366333007812 23.21790313720703125 24.84822845458984375 25.159898757934570312 24.450998306274414062 22.575801849365234375 19.020109176635742188 13.89817047119140625 9.0020380020141601562 4.7891888618469238281 2.0033004283905029297 1.1423490047454833984 1.8673661947250366211 3.1366536617279052734 2.5169317722320556641 2.3048443794250488281 3.1302042007446289062 3.0588226318359375 2.1605203151702880859 1.9017279148101806641 1.8725143671035766602 1.1498626470565795898 1.0437188148498535156 1.7103873491287231445 1.4374109506607055664 0.60539960861206054688 1.3355768918991088867
5.6418490409851074219 5.9592533111572265625 6.2584667205810546875 6.2429513931274414062 3.2206208705902099609 2.3549931049346923828 7.73203277587890625 11.649111747741699219 13.510651588439941406 14.765429496765136719 15.964788436889648438 17.945041656494140625 21.191287994384765625 23.279195785522460938 24.12862396240234375 23.658285140991210938 22.15993499755859375 20.144031524658203125 16.378940582275390625 11.299167633056640625 6.3286404609680175781 3.0384304523468017578 1.5298533439636230469 0.92766237258911132812 1.5908284187316894531 1.781958460807800293 2.6148819923400878906 2.5331604480743408203 2.5765051841735839844 3.4297120571136474609 2.8486504554748535156 1.9155130386352539062 1.9601566791534423828 1.5495811700820922852 0.82791030406951904297 1.0271054506301879883 0.67123037576675415039 0.69784325361251831055 1.323393702507019043 1.1459009647369384766
3.6814894676208496094 2.7293648719787597656 3.1499845981597900391 3.7801909446716308594 5.0700864791870117188 9.587368011474609375 15.00096893310546875 17.04583740234375 18.21083831787109375 18.997766494750976562 19.305919647216796875 20.87802886962890625 22.604944229125976562 23.195709228515625 22.492738723754882812 20.243377685546875 17.314975738525390625 12.967421531677246094 8.1652956008911132812 4.3224139213562011719 1.7708537578582763672 1.1298805475234985352 1.2445573806762695312 1.8789844512939453125 1.5433604717254638672 0.88006067276000976562 2.0620434284210205078 3.2387623786926269531 3.1301989555358886719 3.4807527065277099609 3.0550179481506347656 2.1324715614318847656 1.440577387809753418 0.74555253982543945312 0.86848813295364379883 0.91003662347793579102 0.59187424182891845703 1.2128385305404663086 1.7207162380218505859 0.43279916048049926758
9.0875139236450195312 7.5482149124145507812 6.3071475028991699219 7.115612030029296875 10.543674468994140625 15.78804779052734375 19.33927154541015625 20.160333633422851562 20.30010986328125 20.668186187744140625 21.2044830322265625 21.243183135986328125 20.4973297119140625 19.078975677490234375 16.332788467407226562 12.965230941772460938 8.9009075164794921875 4.9543881416320800781 2.7681777477264404297 2.1229717731475830078 1.6970294713973999023 1.6338237524032592773 1.4321200847625732422 1.6862555742263793945 1.2474055290222167969 0.37107759714126586914 2.2235257625579833984 3.8776597976684570312 3.6006090641021728516 3.1878035068511962891 2.6048016548156738281 1.2392565011978149414 0.41365185379981994629 0.82545930147171020508 1.3382335901260375977 1.3618500232696533203 1.0359259843826293945 1.5038213729858398438 0.76498341560363769531 0.201254233717918396
10.851644515991210938 11.413715362548828125 11.026651382446289062 12.445263862609863281 14.996560096740722656 17.944227218627929688 20.44671630859375 20.901483535766601562 18.733226776123046875 17.1068115234375 16.553819656372070312 15.569458961486816406 14.278188705444335938 11.266350746154785156 7.5673270225524902344 4.7067656517028808594 2.4085066318511962891 1.8510303497314453125 1.4046486616134643555 1.5936914682388305664 1.4666986465454101562 0.72558492422103881836 1.0543287992477416992 1.4831614494323730469 1.1370255947113037109 1.0246376991271972656 2.8497231006622314453 4.1828327178955078125 3.1055617332458496094 2.3258135318756103516 2.3353550434112548828 1.3861482143402099609 0.92492765188217163086 0.77679860591888427734 1.8835573196411132812 1.4913297891616821289 1.2826075553894042969 0.67122572660446166992 0.49805420637130737305 0.82545650005340576172
11.53920745849609375 14.088573455810546875 15.815295219421386719 17.0489501953125 17.575513839721679688 18.888856887817382812 19.827301025390625 16.90598297119140625 11.97777557373046875 9.5431060791015625 8.7397508621215820312 8.394130706787109375 6.7096605300903320312 3.3965616226196289062 2.2391746044158935547 2.0502376556396484375 1.5404015779495239258 1.6353641748428344727 1.06341552734375 1.0818157196044921875 1.8411718606948852539 1.5495755672454833984 1.3184067010879516602 1.6535228490829467773 1.026118159294128418 1.8048158884048461914 3.4053249359130859375 3.874141693115234375 2.38486480712890625 1.8389760255813598633 1.8987981081008911133 0.9363530278205871582 1.1673353910446166992 1.6672393083572387695 1.5088692903518676758 0.98277121782302856445 1.011202692985534668 0.57363295555114746094 0.21345278620719909668 1.3685171604156494141
11.821841239929199219 15.293999671936035156 16.884426116943359375 16.988208770751953125 17.452985763549804688 17.823408126831054688 15.778916358947753906 10.843029022216796875 6.9077839851379394531 5.4438357353210449219 4.7121143341064453125 3.9844098091125488281 2.0519552230834960938 0.94013446569442749023 1.7121651172637939453 1.9430483579635620117 1.7440712451934814453 1.2599207162857055664 0.78716462850570678711 0.74213731288909912109 1.1806901693344116211 1.5959062576293945312 1.8008817434310913086 1.577405095100402832 1.1136400699615478516 2.633953094482421875 3.6980595588684082031 3.2467093467712402344 2.1317622661590576172 1.9500739574432373047 1.491320490837097168 0.23164896667003631592 1.4472370147705078125 1.9157773256301879883 1.1154599189758300781 1.5195658206939697266 1.7842224836349487305 1.0519261360168457031 0.38840824365615844727 1.8716999292373657227
7.9915680885314941406 9.8973073959350585938 11.323006629943847656 12.251987457275390625 12.7191009521484375 11.492442131042480469 8.6984567642211914062 5.9559512138366699219 5.1973161697387695312 4.1097784042358398438 2.0383527278900146484 1.7359348535537719727 1.4132645130157470703 1.1651704311370849609 1.8795199394226074219 1.8496669530868530273 1.5806100368499755859 1.3056881427764892578 0.63399940729141235352 0.27371633052825927734 0.1935494542121887207 1.3802956342697143555 2.2533504962921142578 1.738555908203125 1.6154471635818481445 3.01772308349609375 3.4819149971008300781 3.0550229549407958984 2.5040423870086669922 2.0929708480834960938 0.98687738180160522461 0.10061764717102050781 1.6238831281661987305 2.0363633632659912109 0.41365841031074523926 0.3884067535400390625 1.7218862771987915039 1.4711624383926391602 1.0127087831497192383 2.0234124660491943359
6.0139842033386230469 5.2897887229919433594 5.3068971633911132812 6.4927282333374023438 6.4380564689636230469 5.4032425880432128906 4.7300629615783691406 4.4833269119262695312 3.8515214920043945312 1.4317680597305297852 0.65597814321517944336 1.5018121004104614258 1.5716233253479003906 1.4129195213317871094 1.5754792690277099609 1.5978035926818847656 1.5115468502044677734 1.6799335479736328125 0.72139334678649902344 0.12726990878582000732 0.57362586259841918945 1.1423490047454833984 1.8684508800506591797 2.3912234306335449219 2.1203496456146240234 2.4443490505218505859 3.4408931732177734375 3.6194996833801269531 2.7599556446075439453 1.6838502883911132812 0.63955473899841308594 0.78716462850570678711 1.9534459114074707031 1.878173828125 0.35576254129409790039 0.63718259334564208984 1.4680683612823486328 1.8665482997894287109 1.5298569202423095703 1.6593325138092041016
5.8331675529479980469 5.0259261131286621094 4.1822261810302734375 3.7086937427520751953 3.5404744148254394531 4.166759490966796875 4.1352558135986328125 3.1387455463409423828 1.8510301113128662109 1.6362895965576171875 1.8315286636352539062 1.6745114326477050781 1.2478119134902954102 1.7089126110076904297 1.437412261962890625 1.4666891098022460938 1.5716259479522705078 1.8513031005859375 1.2778651714324951172 0.58672738075256347656 1.1564415693283081055 1.0422633886337280273 1.6720889806747436523 2.5449070930480957031 2.0951480865478515625 2.5155200958251953125 3.7868571281433105469 3.8024315834045410156 2.2160053253173828125 1.3977941274642944336 0.8400402069091796875 1.0519318580627441406 1.4800873994827270508 1.2376248836517333984 0.43279111385345458984 1.0576933622360229492 1.5936853885650634766 2.0263991355895996094 1.4003216028213500977 1.1811312437057495117
6.0270180702209472656 4.9864377975463867188 3.3999722003936767578 3.0304358005523681641 3.5734245777130126953 4.0455250740051269531 3.0311033725738525391 1.5564208030700683594 0.8272857666015625 0.72558122873306274414 1.9344396591186523438 1.6979112625122070312 1.3736841678619384766 1.8279374837875366211 1.3828656673431396484 1.4300020933151245117 1.4790632724761962891 1.8078871965408325195 1.8003205060958862305 1.1249428987503051758 0.72697335481643676758 0.66440272331237792969 1.565167546272277832 1.7774132490158081055 2.497776031494140625 3.6882033348083496094 3.9565489292144775391 3.2300107479095458984 1.7930004596710205078 1.4957333803176879883 1.3118709325790405273 1.1612451076507568359 1.1423549652099609375 0.79737764596939086914 0.85497242212295532227 0.48571264743804931641 1.0403169393539428711 1.7929893732070922852 1.0957708358764648438 0.98020261526107788086
