wildfire/work/fuelmodels/1985/slope.asc
ncols        270
nrows        207
xllcorner    188620.000000000000
yllcorner    480870.000000000000
cellsize     5.000000000000
NODATA_value   -999
[rows 162 to 179 of 207, columns 40 to 79 of 270]
2.3223288059234619141 3.2443594932556152344 5.2543120384216308594 4.7657589912414550781 4.6837720870971679688 3.4932188987731933594 1.3898080587387084961 1.9624880552291870117 3.0076549053192138672 2.5259487628936767578 2.3774182796478271484 1.9969789981842041016 2.8672285079956054688 2.3706204891204833984 1.5754752159118652344 2.0630238056182861328 2.1551513671875 2.3534772396087646484 1.6288334131240844727 1.3592495918273925781 1.9438518285751342773 1.5298457145690917969 1.5420457124710083008 1.6238950490951538086 2.0093524456024169922 1.9593750238418579102 1.5420345067977905273 2.0083494186401367188 2.3799893856048583984 1.6720968484878540039 1.8045374155044555664 2.0146341323852539062 2.532947540283203125 2.4583826065063476562 2.4707024097442626953 2.8267481327056884766 1.7524605989456176758 1.8411657810211181641 2.0386011600494384766 2.2765765190124511719
1.3517839908599853516 2.8260157108306884766 5.8837733268737792969 6.1690297126770019531 4.31879425048828125 2.53376007080078125 1.2727122306823730469 2.4569425582885742188 3.1196775436401367188 2.5018062591552734375 2.3575570583343505859 1.7816805839538574219 3.3019616603851318359 3.7959191799163818359 2.4476521015167236328 1.9038591384887695312 2.4162738323211669922 2.5609502792358398438 2.0701158046722412109 2.0383541584014892578 2.672267913818359375 2.4841556549072265625 2.0776703357696533203 1.9850538969039916992 1.5719503164291381836 1.2806327342987060547 1.6702684164047241211 2.2962491512298583984 2.3861410617828369141 1.7774221897125244141 1.6424791812896728516 1.7980707883834838867 2.1324713230133056641 2.3996632099151611328 2.8947901725769042969 3.0329413414001464844 2.0482571125030517578 2.2155478000640869141 2.6905612945556640625 3.0217409133911132812
0.79547101259231567383 3.3443686962127685547 5.7127943038940429688 5.5273194313049316406 2.9243235588073730469 2.5155272483825683594 2.2280707359313964844 1.3118654489517211914 2.5591642856597900391 2.6086740493774414062 1.8684549331665039062 0.98843407630920410156 2.7807569503784179688 3.7413690090179443359 1.095751643180847168 1.1113723516464233398 2.3197276592254638672 2.0221662521362304688 1.609795689582824707 2.2461409568786621094 2.4214844703674316406 1.7501674890518188477 1.4057396650314331055 1.7501797676086425781 2.17824554443359375 2.0065777301788330078 2.0740349292755126953 2.4536404609680175781 1.8011618852615356445 1.53777313232421875 2.4977717399597167969 2.603450775146484375 2.0166437625885009766 2.7306652069091796875 2.9239816665649414062 1.8510434627532958984 1.6696639060974121094 1.4189827442169189453 1.4597686529159545898 0.51307308673858642578
0.58063721656799316406 3.7688055038452148438 5.4745512008666992188 4.8354086875915527344 2.6231923103332519531 2.4706974029541015625 2.3848690986633300781 1.094834446907043457 2.1466574668884277344 2.6479310989379882812 2.4476628303527832031 1.1131905317306518555 1.6437131166458129883 3.7263705730438232422 2.8251318931579589844 1.744074702262878418 2.2425503730773925781 1.8789815902709960938 2.0251533985137939453 2.4009203910827636719 2.3063855171203613281 1.4649853706359863281 1.0504943132400512695 1.6907478570938110352 1.9417461156845092773 1.9221097230911254883 2.2607438564300537109 2.6404712200164794922 2.1849815845489501953 2.4215004444122314453 3.6362023353576660156 2.5155265331268310547 1.3861581087112426758 2.3861329555511474609 2.2495355606079101562 1.4388234615325927734 1.9425300359725952148 1.3536354303359985352 1.1841244697570800781 0.15909036993980407715
1.3536489009857177734 3.7623839378356933594 4.7563195228576660156 4.2727203369140625 2.9212079048156738281 2.340564727783203125 2.1229648590087890625 1.4514137506484985352 1.7207006216049194336 2.4559183120727539062 3.1451799869537353516 1.5092035531997680664 0.76630425453186035156 2.9485936164855957031 2.4760248661041259766 1.7955467700958251953 2.2969217300415039062 1.9678757190704345703 2.8587439060211181641 2.2160184383392333984 1.9942063093185424805 1.5619335174560546875 1.0186783075332641602 1.9320757389068603516 2.1763966083526611328 2.4162702560424804688 2.1191492080688476562 2.1635692119598388672 2.0361182689666748047 2.3994300365447998047 2.9627690315246582031 1.6223237514495849609 0.62514662742614746094 2.0405874252319335938 2.9609122276306152344 2.5765051841735839844 2.4185667037963867188 1.5354713201522827148 1.336718440055847168 1.237628936767578125
1.8234982490539550781 3.3906073570251464844 3.5824613571166992188 3.4137556552886962891 3.1326169967651367188 2.8883271217346191406 2.0291461944580078125 1.0818024873733520508 1.3773516416549682617 2.2641036510467529297 3.4373698234558105469 2.3485345840454101562 1.5208933353424072266 3.2617714405059814453 2.029163360595703125 1.4032185077667236328 2.4749891757965087891 2.1830918788909912109 2.6644947528839111328 2.2768115997314453125 2.2425544261932373047 2.0291540622711181641 1.5946408510208129883 2.3950219154357910156 2.8251438140869140625 2.3277792930603027344 1.1879597902297973633 1.9534320831298828125 2.4047062397003173828 2.1782274246215820312 2.5522513389587402344 2.2008922100067138672 2.0123798847198486328 2.097320556640625 3.1482398509979248047 2.8116793632507324219 1.6163903474807739258 0.74214041233062744141 1.5278630256652832031 1.5208916664123535156
1.9635213613510131836 2.4717171192169189453 2.1794092655181884766 3.1010050773620605469 3.6688404083251953125 3.3478739261627197266 1.5850820541381835938 0.85968720912933349609 1.1888090372085571289 1.8212686777114868164 2.9134087562561035156 3.0277683734893798828 3.2687280178070068359 4.4694647789001464844 3.1185638904571533203 2.3240885734558105469 2.9326078891754150391 1.943035125732421875 1.7648489475250244141 2.5585832595825195312 3.6172616481781005859 2.4346170425415039062 2.0922379493713378906 2.6404693126678466797 2.6356830596923828125 1.4913263320922851562 0.64897900819778442383 1.8198702335357666016 3.0662367343902587891 2.8274617195129394531 3.0542066097259521484 2.8610546588897705078 2.4114425182342529297 2.5323596000671386719 2.484577178955078125 1.8455711603164672852 1.5799731016159057617 1.0667476654052734375 2.1849668025970458984 1.4472336769104003906
2.1768538951873779297 1.6993961334228515625 1.3536382913589477539 3.2387671470642089844 4.2217493057250976562 3.0884332656860351562 1.4666920900344848633 0.89601999521255493164 1.3287295103073120117 1.598738551139831543 2.1165292263031005859 1.0437346696853637695 1.7498662471771240234 4.4101314544677734375 3.3333361148834228516 3.8266673088073730469 3.5713067054748535156 2.1006891727447509766 2.7040638923645019531 3.6211645603179931641 3.5131113529205322266 1.6994110345840454102 1.6799311637878417969 2.0932199954986572266 2.5018100738525390625 1.3813982009887695312 0.59443140029907226562 1.3502588272094726562 3.06029510498046875 3.2467126846313476562 2.6433570384979248047 1.9228947162628173828 0.95508611202239990234 1.4374109506607055664 1.9430478811264038086 2.1236798763275146484 2.2228343486785888672 1.8056514263153076172 1.7799741029739379883 1.2587083578109741211
2.0492501258850097656 1.5796552896499633789 1.5118864774703979492 2.7174892425537109375 3.7574017047882080078 3.2510650157928466797 1.5354706048965454102 0.67499423027038574219 1.1026608943939208984 1.759940028190612793 2.7776703834533691406 1.3378534317016601562 2.4395890235900878906 6.3337321281433105469 5.7230291366577148438 4.4515981674194335938 2.9239809513092041016 2.1642780303955078125 2.6830358505249023438 2.2063820362091064453 2.3882510662078857422 1.6672433614730834961 1.7842323780059814453 2.1088743209838867188 2.4886288642883300781 1.5619233846664428711 0.37245023250579833984 1.4377585649490356445 3.0157101154327392578 2.7703750133514404297 2.5894286632537841797 2.4749939441680908203 1.3536406755447387695 1.2734993696212768555 1.6012856960296630859 1.8223948478698730469 2.1988170146942138672 2.4546749591827392578 2.5323514938354492188 1.6424622535705566406
2.0304064750671386719 2.245265960693359375 1.6889594793319702148 1.8730411529541015625 3.2337613105773925781 3.5467576980590820312 1.784224390983581543 0.70434784889221191406 1.3956074714660644531 2.4470303058624267578 3.3996844291687011719 2.9597268104553222656 4.0567464828491210938 5.861827850341796875 4.2689547538757324219 2.2034101486206054688 1.7521799802780151367 1.9059773683547973633 1.5974885225296020508 1.5390783548355102539 2.2063877582550048828 2.0063345432281494141 2.1600599288940429688 2.2656641006469726562 2.0701112747192382812 1.2998503446578979492 0.85674005746841430664 2.2155504226684570312 3.3189067840576171875 1.9500688314437866211 2.1831140518188476562 2.7006945610046386719 1.6745039224624633789 1.1285266876220703125 1.3769967555999755859 1.7385592460632324219 2.2160053253173828125 1.699404597282409668 1.0892755985260009766 1.2392594814300537109
2.3927063941955566406 2.6542308330535888672 1.2951812744140625 1.761378169059753418 2.9239649772644042969 3.5467636585235595703 2.0953702926635742188 0.67423892021179199219 2.5357489585876464844 4.137317657470703125 3.8542850017547607422 2.7763969898223876953 2.1988062858581542969 4.1458611488342285156 3.6902737617492675781 1.5825331211090087891 1.6260545253753662109 1.8510327339172363281 1.4656534194946289062 1.7324330806732177734 1.8584131002426147461 2.2160108089447021484 2.489055633544921875 1.9796658754348754883 1.7206999063491821289 1.0495271682739257812 0.50909882783889770508 2.7217695713043212891 3.6222908496856689453 1.9678826332092285156 2.3190596103668212891 2.2676663398742675781 1.5115461349487304688 1.4405785799026489258 1.2224042415618896484 1.4218411445617675781 2.2765798568725585938 1.9801907539367675781 1.3547569513320922852 0.51798307895660400391
2.7500455379486083984 2.8095128536224365234 2.1849699020385742188 2.9008715152740478516 3.2149460315704345703 3.5214533805847167969 2.9161791801452636719 2.4196119308471679688 4.0067667961120605469 4.025867462158203125 1.844475865364074707 0.93581575155258178711 1.6501476764678955078 3.943775177001953125 3.7413797378540039062 1.9842754602432250977 1.7918744087219238281 2.11508941650390625 2.1428754329681396484 2.3039593696594238281 1.8673803806304931641 2.1381738185882568359 2.1824285984039306641 2.0353643894195556641 1.8271001577377319336 0.92275041341781616211 1.319941401481628418 3.3019659519195556641 3.1865262985229492188 2.0370995998382568359 2.4602324962615966797 1.8532232046127319336 1.3592369556427001953 1.6353738307952880859 1.2885150909423828125 1.1841244697570800781 1.7785559892654418945 1.7739887237548828125 1.2392542362213134766 0.89828252792358398438
2.9855644702911376953 3.0284316539764404297 2.9636394977569580078 3.0815312862396240234 3.0142035484313964844 3.4094791412353515625 3.153377532958984375 2.7822062969207763672 3.1185393333435058594 2.1095807552337646484 0.96196389198303222656 0.79547196626663208008 1.5225574970245361328 3.0016083717346191406 3.4328155517578125 2.3848588466644287109 1.7910203933715820312 1.8496872186660766602 2.3381597995758056641 2.6086740493774414062 2.0571401119232177734 2.0053339004516601562 1.6608642339706420898 2.0405926704406738281 2.1717376708984375 1.4625391960144042969 1.669658660888671875 2.9955472946166992188 2.80213165283203125 1.9635049104690551758 2.41855621337890625 1.7599663734436035156 1.3321573734283447266 1.532497406005859375 1.2392593622207641602 1.07666015625 1.6012936830520629883 1.7097905874252319336 1.1529345512390136719 0.71149599552154541016
2.0502421855926513672 2.7126538753509521484 2.6281909942626953125 2.4528100490570068359 2.7180399894714355469 2.97198486328125 2.5293643474578857422 2.1317527294158935547 1.66541290283203125 1.169943690299987793 1.1249482631683349609 1.5298491716384887695 1.6669303178787231445 1.8716896772384643555 2.5331666469573974609 2.3336327075958251953 2.1877381801605224609 1.7359434366226196289 2.1265265941619873047 2.9719760417938232422 2.6133420467376708984 2.2434554100036621094 1.6288716793060302734 1.5551199913024902344 2.0951445102691650391 2.0482585430145263672 1.5774010419845581055 3.0056469440460205078 3.4589147567749023438 2.2461473941802978516 2.0630202293395996094 1.5551199913024902344 1.5178935527801513672 1.3861496448516845703 1.0147060155868530273 1.2474055290222167969 1.7739937305450439453 1.7300896644592285156 1.2703211307525634766 0.56384807825088500977
1.8115354776382446289 2.7424983978271484375 2.5072751045227050781 2.4943225383758544922 2.6881113052368164062 3.1746056079864501953 2.9935047626495361328 1.9635033607482910156 1.6050729751586914062 1.4957363605499267578 1.6702758073806762695 1.7671368122100830078 1.3199383020401000977 1.2885117530822753906 1.980202794075012207 2.5678606033325195312 2.7105898857116699219 1.4299974441528320312 1.7121568918228149414 3.6211750507354736328 3.0728321075439453125 1.7053494453430175781 1.2826267480850219727 1.1249327659606933594 1.9352176189422607422 1.9326175451278686523 1.932600855827331543 3.8099865913391113281 3.1763682365417480469 2.1189177036285400391 2.0774438381195068359 1.5706622600555419922 1.9448726177215576172 1.2790521383285522461 0.70434969663619995117 1.5850943326950073242 1.835390925407409668 1.6060187816619873047 1.4032100439071655273 0.22499608993530273438
2.0133714675903320312 2.7105927467346191406 2.4888653755187988281 2.8397707939147949219 2.7262156009674072266 2.9743657112121582031 3.0670650005340576172 2.1712539196014404297 1.8835511207580566406 1.5987657308578491211 2.0774571895599365234 2.1967442035675048828 1.7218762636184692383 1.7324347496032714844 2.2962753772735595703 2.9485986232757568359 3.0536890029907226562 2.2589528560638427734 2.4743781089782714844 3.7207911014556884766 3.1758742332458496094 1.6745069026947021484 0.99658960103988647461 0.97397464513778686523 1.9477343559265136719 1.6254408359527587891 2.6532642841339111328 4.4539661407470703125 2.7038826942443847656 2.3334217071533203125 2.5323567390441894531 1.736811518669128418 2.0346264839172363281 0.88750672340393066406 0.48151543736457824707 1.7913117408752441406 1.835390925407409668 1.5178968906402587891 1.1476589441299438477 0.61205780506134033203
2.0915038585662841797 2.703861236572265625 2.7225232124328613281 3.0700442790985107422 3.0284235477447509766 2.9161815643310546875 2.7776610851287841797 2.6326012611389160156 2.2714529037475585938 1.8257275819778442383 2.3485434055328369141 2.64046478271484375 2.2337319850921630859 2.5401251316070556641 3.0384163856506347656 3.4385402202606201172 3.4911758899688720703 3.1177411079406738281 3.0397601127624511719 3.3102157115936279297 3.2722885608673095703 2.3225586414337158203 1.565499424934387207 1.1370255947113037109 2.0776896476745605469 2.2434477806091308594 3.5214343070983886719 3.9324848651885986328 2.9403629302978515625 2.8975760936737060547 2.4395833015441894531 1.9059793949127197266 1.7362234592437744141 0.59187066555023193359 0.738037109375 2.2736942768096923828 1.9719942808151245117 1.65993499755859375 0.85969936847686767578 0.71504902839660644531
1.8717039823532104492 2.6115992069244384766 2.9210400581359863281 3.0404291152954101562 3.0222480297088623047 2.985561370849609375 2.9270796775817871094 2.6790595054626464844 2.4051263332366943359 2.1189188957214355469 1.9583609104156494141 2.7533411979675292969 2.3160073757171630859 2.0383522510528564453 2.8312051296234130859 3.1935017108917236328 3.2746064662933349609 2.6241481304168701172 2.4661767482757568359 3.0894093513488769531 3.1546530723571777344 2.0371234416961669922 1.2727291584014892578 1.7406047582626342773 2.5768883228302001953 2.7402741909027099609 3.2326555252075195312 2.8251230716705322266 3.4573168754577636719 3.4013190269470214844 1.8312456607818603516 1.620136260986328125 1.3945302963256835938 0.52670395374298095703 0.92328727245330810547 2.4758119583129882812 1.5298435688018798828 1.0261098146438598633 0.35576254129409790039 0.51798200607299804688
