wildfire/work/fuelmodels/1985/slope.asc
ncols        270
nrows        207
xllcorner    188620.000000000000
yllcorner    480870.000000000000
cellsize     5.000000000000
NODATA_value   -999
[rows 54 to 71 of 207, columns 40 to 79 of 270]
2.0206573009490966797 1.0822861194610595703 1.4649642705917358398 1.2376247644424438477 1.451084136962890625 2.6200931072235107422 1.0672186613082885742 1.2778555154800415039 0.98019182682037353516 2.4661855697631835938 1.5806224346160888672 1.6238880157470703125 1.8800588846206665039 1.5541272163391113281 1.6276041269302368164 1.4666944742202758789 1.3080190420150756836 1.1494232416152954102 0.9460347294807434082 1.0280913114547729492 1.1177263259887695312 1.2115901708602905273 0.49704366922378540039 0.66896367073059082031 1.1172728538513183594 1.5038334131240844727 1.022654414176940918 0.51010400056838989258 0.41365841031074523926 1.7944164276123046875 2.1768403053283691406 1.3294990062713623047 0.25654464960098266602 0.75095456838607788086 3.2456059455871582031 4.803195953369140625 3.4567296504974365234 2.7485637664794921875 2.1619172096252441406 1.0388484001159667969
1.1529515981674194336 1.7691332101821899414 1.8389675617218017578 0.86555868387222290039 1.1285259723663330078 2.3629195690155029297 2.2050256729125976562 1.5433554649353027344 1.2095137834548950195 2.6295320987701416016 2.79491424560546875 2.0146422386169433594 1.5671013593673706055 1.5796493291854858398 1.460123896598815918 1.3141824007034301758 1.244562983512878418 1.1298806667327880859 0.99454987049102783203 0.84004271030426025391 0.79611057043075561523 0.98277646303176879883 0.28461056947708129883 0.64430058002471923828 1.1777040958404541016 0.95668125152587890625 0.76959919929504394531 0.3557516634464263916 0.79036819934844970703 1.406460881233215332 1.7785429954528808594 1.5403978824615478516 0.91779416799545288086 1.4321143627166748047 3.6311945915222167969 4.7360510826110839844 3.0169100761413574219 2.2153022289276123047 1.7887556552886962891 0.80306404829025268555
1.1981573104858398438 1.8070499897003173828 2.1710252761840820312 1.5038213729858398438 1.6970175504684448242 2.1153326034545898438 2.0121281147003173828 0.70649278163909912109 2.1953573226928710938 1.6847517490386962891 3.5128221511840820312 1.8738645315170288086 1.3528994321823120117 1.0892883539199829102 1.2380311489105224609 1.6254332065582275391 1.8902640342712402344 1.5092085599899291992 1.1405816078186035156 0.73252904415130615234 0.38447308540344238281 0.69785177707672119141 0.36280208826065063477 0.86556619405746459961 1.3813996315002441406 1.4204162359237670898 1.2178430557250976562 0.80559301376342773438 1.1943362951278686523 1.239271998405456543 1.5115461349487304688 1.6101057529449462891 1.3948901891708374023 2.3063690662384033203 3.5965328216552734375 3.7756557464599609375 3.4279656410217285156 2.9265573024749755859 2.0204100608825683594 0.85674631595611572266
1.6229403018951416016 1.1668939590454101562 2.2607367038726806641 1.6353629827499389648 1.1529406309127807617 1.779976963996887207 1.2955611944198608398 1.4093230962753295898 1.2955662012100219727 1.1956095695495605469 2.4185502529144287109 2.8086097240447998047 1.9555135965347290039 1.7324330806732177734 1.1140798330307006836 1.6865483522415161133 1.4984402656555175781 0.84724014997482299805 0.97137397527694702148 0.76960068941116333008 0.45559087395668029785 0.51307684183120727539 0.82545393705368041992 1.2869372367858886719 1.5671067237854003906 1.451081395149230957 0.99404382705688476562 1.1981431245803833008 1.4831558465957641602 1.3184186220169067383 1.4831614494323730469 1.6961209774017333984 1.8389689922332763672 2.8429605960845947266 3.2050368785858154297 2.7749378681182861328 4.3736095428466796875 2.8066356182098388672 0.56293445825576782227 0.201254233717918396
1.7501674890518188477 1.3382240533828735352 1.8356585502624511719 1.6702762842178344727 1.0576934814453125 1.6994130611419677734 1.3080028295516967773 1.1581894159317016602 0.65596461296081542969 0.45890820026397705078 0.96929848194122314453 2.1485457420349121094 2.6584136486053466797 2.3637740612030029297 1.2240539789199829102 1.5285274982452392578 1.5125613212585449219 0.64428859949111938477 0.56919646263122558594 0.63717687129974365234 0.69857931137084960938 1.0466328859329223633 1.0181893110275268555 1.3945220708847045898 1.609803318977355957 1.1498670578002929688 0.94013750553131103516 1.3696264028549194336 1.6862424612045288086 1.8159919977188110352 1.821284174919128418 1.6535228490829467773 1.9099535942077636719 2.8179552555084228516 3.2872474193572998047 2.3039629459381103516 4.173160552978515625 4.1568040847778320312 1.7362219095230102539 1.6790244579315185547
2.1466689109802246094 1.650155186653137207 1.5048365592956542969 1.408974766731262207 1.1681914329528808594 1.4841966629028320312 1.3740532398223876953 0.71504116058349609375 0.74485975503921508789 0.84902620315551757812 1.1994012594223022461 1.3915995359420776367 2.0482590198516845703 2.4756076335906982422 1.1981490850448608398 1.1669013500213623047 1.9979944229125976562 0.91170918941497802734 0.29336255788803100586 0.29335662722587585449 0.6742369532585144043 0.95719707012176513672 0.65596634149551391602 1.3662914037704467773 2.0774438381195068359 0.88750809431076049805 0.76365625858306884766 0.94229286909103393555 1.1879606246948242188 1.7547771930694580078 2.2607555389404296875 1.4064486026763916016 1.6669259071350097656 2.9265608787536621094 2.8374679088592529297 1.915528416633605957 3.5277471542358398438 3.9811043739318847656 1.5603172779083251953 2.52594757080078125
2.1336572170257568359 1.2244596481323242188 1.0061848163604736328 1.3080078363418579102 1.7472664117813110352 1.4374295473098754883 1.046619415283203125 0.31819429993629455566 0.28636562824249267578 0.96770834922790527344 1.8974585533142089844 1.7997634410858154297 1.2474130392074584961 1.9817310571670532227 1.8179398775100708008 0.65596783161163330078 1.6276167631149291992 1.9131391048431396484 0.9884230494499206543 0.28814083337783813477 0.71149492263793945312 0.6395499110221862793 0.75632619857788085938 1.6738990545272827148 2.0803582668304443359 0.70649629831314086914 0.92765700817108154297 0.95349997282028198242 0.82114708423614501953 1.6865471601486206055 2.4969654083251953125 1.250243067741394043 1.6088446378707885742 3.3925371170043945312 2.2940688133239746094 1.4046499729156494141 3.5620987415313720703 3.9565522670745849609 1.7754254341125488281 3.8172817230224609375
1.5092035531997680664 1.0733627080917358398 1.1776949167251586914 1.5075297355651855469 1.4667065143585205078 0.97605848312377929688 0.69493627548217773438 0.14230564236640930176 0.201254233717918396 1.2073935270309448242 1.9492843151092529297 2.6040334701538085938 2.0065975189208984375 1.6000343561172485352 1.759952545166015625 1.010699152946472168 1.2478041648864746094 1.992928624153137207 1.2762807607650756836 0.9232870936393737793 1.1131750345230102539 0.94012951850891113281 0.92766904830932617188 1.1994136571884155273 1.5075228214263916016 0.85675156116485595703 0.93635201454162597656 1.2478061914443969727 0.9363530278205871582 1.724521636962890625 2.1784718036651611328 1.3499047756195068359 1.8137633800506591797 3.2435946464538574219 2.5373413562774658203 1.9291907548904418945 3.5223014354705810547 3.1801779270172119141 2.1267778873443603516 3.9647059440612792969
1.7599663734436035156 1.0799385309219360352 0.48151099681854248047 0.96616840362548828125 1.0667570829391479492 0.67423892021179199219 0.43278801441192626953 0.44999283552169799805 0.82728344202041625977 1.3784562349319458008 1.5716212987899780273 2.9120187759399414062 2.3950290679931640625 1.9155116081237792969 0.35146147012710571289 0.86847454309463500977 0.86555463075637817383 1.5696947574615478516 1.5285335779190063477 1.184126734733581543 1.4957331418991088867 1.4472320079803466797 0.69784325361251831055 0.68096280097961425781 1.2671242952346801758 1.4032082557678222656 0.48674869537353515625 1.266732335090637207 1.1190775632858276367 1.883553624153137207 1.7691247463226318359 1.066741943359375 1.8137691020965576172 2.5451169013977050781 2.4813241958618164062 3.0257506370544433594 3.8424558639526367188 2.7505927085876464844 2.7769253253936767578 3.4280829429626464844
1.9091717004776000977 1.5357875823974609375 0.71505677700042724609 1.1298975944519042969 1.224058985710144043 0.68540626764297485352 0.78004539012908935547 1.3048957586288452148 0.95508629083633422852 1.3141832351684570312 1.998517155647277832 1.8643848896026611328 2.9458432197570800781 0.87371927499771118164 2.330150604248046875 1.306071162223815918 1.0504831075668334961 2.8224349021911621094 3.3928344249725341797 2.1067037582397460938 1.3803092241287231445 1.7359325885772705078 1.0246233940124511719 0.74554479122161865234 1.1405792236328125 1.5796526670455932617 0.70434397459030151367 1.4003218412399291992 1.5901863574981689453 1.953440546989440918 1.8232153654098510742 1.0634107589721679688 1.6050738096237182617 1.6050814390182495117 1.489638209342956543 2.9752051830291748047 3.4165723323822021484 2.439586639404296875 2.9076657295227050781 2.7046124935150146484
2.6086909770965576172 1.2240608930587768555 0.63399970531463623047 0.83520978689193725586 0.94922757148742675781 0.73802590370178222656 1.1668893098831176758 1.2727000713348388672 0.65597224235534667969 1.127648472785949707 1.7568061351776123047 0.62756085395812988281 2.0363724231719970703 3.4868566989898681641 1.2294294834136962891 3.5565638542175292969 2.9963796138763427734 1.012713313102722168 2.9818258285522460938 2.9363956451416015625 1.3502826690673828125 1.4014054536819458008 1.2182480096817016602 1.2094956636428833008 1.6608536243438720703 1.9302524328231811523 1.1977264881134033203 1.4057385921478271484 2.0065839290618896484 1.9155135154724121094 1.7501627206802368164 1.5959043502807617188 1.8137555122375488281 1.3506493568420410156 0.82729703187942504883 2.7234289646148681641 3.0892369747161865234 1.9809566736221313477 2.3463847637176513672 1.9748282432556152344
2.6065452098846435547 1.7510221004486083984 0.85969889163970947266 0.6395619511604309082 1.1776872873306274414 0.97396516799926757812 0.67499423027038574219 0.72558706998825073242 0.17136424779891967773 1.0634305477142333984 2.4429111480712890625 1.7159833908081054688 1.042246699333190918 3.5303332805633544922 4.2217535972595214844 1.3118623495101928711 4.8507075309753417969 2.7856593132019042969 2.4937100410461425781 2.9295094013214111328 1.7385592460632324219 1.2149239778518676758 1.3367078304290771484 1.5619335174560546875 1.926053166389465332 1.8381487131118774414 0.98791617155075073242 1.433192133903503418 2.3774349689483642578 2.4651584625244140625 1.7133485078811645508 1.6608573198318481445 2.1229677200317382812 1.7286342382431030273 1.7754192352294921875 2.8972208499908447266 3.92901611328125 3.3794052600860595703 2.5325529575347900391 2.0825495719909667969
1.5850938558578491211 2.3054971694946289062 0.96981477737426757812 0.69493961334228515625 1.2885081768035888672 0.79035580158233642578 0.60373157262802124023 0.87371593713760375977 0.1423110663890838623 1.0388479232788085938 1.489640355110168457 1.7133361101150512695 0.50909882783889770508 1.7648324966430664062 4.4157414436340332031 3.6607158184051513672 3.1219592094421386719 4.677738189697265625 0.88006991147994995117 2.6950736045837402344 2.27146148681640625 1.3977850675582885742 1.3814001083374023438 1.6498528718948364258 1.7324330806732177734 1.7828090190887451172 0.68688434362411499023 0.38447308540344238281 2.0997254848480224609 3.2256221771240234375 2.3225510120391845703 1.7103868722915649414 1.7180576324462890625 2.1279652118682861328 2.1710352897644042969 2.4756047725677490234 3.3841853141784667969 3.4991362094879150391 2.8429732322692871094 2.0173978805541992188
1.524888157844543457 2.4661812782287597656 1.1208884716033935547 0.79738295078277587891 0.90444493293762207031 0.79036360979080200195 0.42690318822860717773 0.8597087860107421875 0.29334938526153564453 0.92493498325347900391 1.338245391845703125 1.2376334667205810547 0.81308531761169433594 1.3048955202102661133 2.0803639888763427734 4.9467525482177734375 2.2098288536071777344 5.8002748489379882812 4.3419961929321289062 2.0221531391143798828 2.5209445953369140625 2.0244090557098388672 1.516901850700378418 1.4229118824005126953 1.0957653522491455078 1.7842285633087158203 1.5390850305557250977 1.0181893110275268555 0.8400402069091796875 2.4179308414459228516 2.433155059814453125 2.4078707695007324219 0.98637270927429199219 1.1298754215240478516 1.9878396987915039062 2.4003005027770996094 2.4559166431427001953 2.3329770565032958984 1.6000227928161621094 1.1960382461547851562
0.67122894525527954102 1.4763151407241821289 1.2731100320816040039 1.3141832351684570312 1.2810163497924804688 0.98276877403259277344 0.42451933026313781738 0.6854152679443359375 0.14230020344257354736 0.90052902698516845703 2.403034210205078125 1.7521740198135375977 0.83519822359085083008 1.1699179410934448242 1.3049083948135375977 3.2901635169982910156 5.2959618568420410156 1.0971473455429077148 5.6251239776611328125 2.4575591087341308594 2.2656641006469726562 2.4993915557861328125 1.3814033269882202148 1.0667513608932495117 0.48674273490905761719 0.73252558708190917969 1.6424750089645385742 0.96928727626800537109 0.69784569740295410156 1.4204103946685791016 2.2337369918823242188 2.9518411159515380859 1.2667273283004760742 1.124936223030090332 0.82729232311248779297 0.18554061651229858398 1.4204145669937133789 2.5163259506225585938 1.9735343456268310547 1.1113598346710205078
0.38711112737655639648 0.79737716913223266602 0.89829450845718383789 0.78717350959777832031 1.4903082847595214844 1.3141832351684570312 1.1208816766738891602 1.2667385339736938477 1.6310315132141113281 2.4078588485717773438 2.5155196189880371094 2.1191403865814208984 2.40953826904296875 2.0953764915466308594 2.1324837207794189453 1.8600431680679321289 3.9304363727569580078 4.5553421974182128906 3.4354643821716308594 4.8207826614379882812 1.4967498779296875 2.2810161113739013672 1.8945354223251342773 1.8673735857009887695 2.0244059562683105469 1.7774132490158081055 2.3396866321563720703 1.5433475971221923828 1.4489837884902954102 1.0596011877059936523 2.7066698074340820312 3.6849150657653808594 2.5181398391723632812 2.4977676868438720703 3.3275675773620605469 2.8481194972991943359 1.3662967681884765625 1.9038541316986083984 2.7856571674346923828 2.3748760223388671875
0.79801726341247558594 1.0270955562591552734 1.5285274982452392578 1.1956154108047485352 0.70650315284729003906 0.80997949838638305664 1.8641208410263061523 2.5847268104553222656 1.8364869356155395508 1.5911366939544677734 1.5482642650604248047 1.7639713287353515625 2.22100830078125 2.1960594654083251953 1.7103952169418334961 1.9735342264175415039 2.9099316596984863281 4.5214433670043945312 1.1113573312759399414 4.9004702568054199219 3.3371160030364990234 2.8338828086853027344 3.2163670063018798828 3.339694976806640625 2.3637688159942626953 2.3103122711181640625 3.1088113784790039062 2.0842568874359130859 2.2993543148040771484 2.0740308761596679688 3.2640881538391113281 3.9997084140777587891 3.4195351600646972656 1.6790380477905273438 0.88636749982833862305 1.6201283931732177734 3.3794040679931640625 0.54186445474624633789 1.9131333827972412109 2.3160061836242675781
0.77680897712707519531 0.79610979557037353516 1.4388189315795898438 0.91835963726043701172 1.7671408653259277344 2.8073647022247314453 2.5468957424163818359 2.2098176479339599609 1.0466234683990478516 1.4405767917633056641 1.7192351818084716797 1.7731328010559082031 2.0166559219360351562 2.5195431709289550781 2.4890451431274414062 2.6208705902099609375 2.4310748577117919922 2.2810246944427490234 3.3031857013702392578 2.2969329357147216797 5.23702239990234375 3.7315108776092529297 2.9597146511077880859 2.5706057548522949219 2.1712665557861328125 3.0916962623596191406 3.7611668109893798828 2.6295421123504638672 3.1758899688720703125 3.3115916252136230469 4.1473245620727539062 4.5432486534118652344 4.0387754440307617188 2.3689141273498535156 2.4583966732025146484 1.813767552375793457 4.079074859619140625 1.0201760530471801758 0.4980487525463104248 0.74214041233062744141
