wildfire/work/fuelmodels/1985/slope.asc
ncols        270
nrows        207
xllcorner    188620.000000000000
yllcorner    480870.000000000000
cellsize     5.000000000000
NODATA_value   -999
[rows 144 to 161 of 207, columns 80 to 119 of 270]
0.34418159723281860352 0.53339725732803344727 0.12728205323219299316 1.0437262058258056641 1.9969823360443115234 1.6276117563247680664 1.0576900243759155273 0.67498993873596191406 0.41365608572959899902 1.1258406639099121094 1.2920501232147216797 0.38448107242584228516 0.60036301612854003906 1.0246233940124511719 0.89602601528167724609 0.76895117759704589844 1.3977810144424438477 0.50310623645782470703 0.38316160440444946289 0.78587007522583007812 0.22500039637088775635 0.45558577775955200195 1.5420402288436889648 1.5534868240356445312 1.0359342098236083984 0.48674273490905761719 0.51798200607299804688 0.1622485816478729248 0.82973635196685791016 0.76630979776382446289 0.60036623477935791016 1.5433546304702758789 1.8212797641754150391 2.6133403778076171875 4.7759108543395996094 4.0727705955505371094 3.9134285449981689453 2.0472633838653564453 1.3291270732879638672 2.7533450126647949219
0.96772044897079467773 0.55570876598358154297 0.6267681121826171875 2.0835268497467041016 2.6724569797515869141 1.1733871698379516602 0.45224624872207641602 0.26239809393882751465 0.47835692763328552246 1.2885127067565917969 1.1472165584564208984 0.45558577775955200195 0.90501463413238525391 1.8886452913284301758 0.57363665103912353516 0.34271258115768432617 1.0860185623168945312 0.6371707916259765625 0.1147220805287361145 0.75900340080261230469 0.70291221141815185547 0.9801959991455078125 1.3536466360092163086 1.7192351818084716797 0.98995697498321533203 0.65287858247756958008 0.48466008901596069336 0.36280050873756408691 0.64898496866226196289 0.65597665309906005859 0.54186052083969116211 0.50910490751266479492 2.6758618354797363281 0.34418159723281860352 3.8024349212646484375 4.6412510871887207031 4.1891083717346191406 2.4063959121704101562 1.7429167032241821289 3.3746216297149658203
0.99658089876174926758 0.29336255788803100586 1.3592395782470703125 2.3907999992370605469 1.9555112123489379883 0.28460240364074707031 0.045001022517681121826 0.29336977005004882812 0.55570143461227416992 0.96771651506423950195 0.74282795190811157227 0.51798421144485473633 0.61205434799194335938 1.9678912162780761719 1.1131801605224609375 0.57627445459365844727 0.6178213953971862793 0.51797789335250854492 0.59442883729934692383 1.1841273307800292969 1.0201820135116577148 0.86146378517150878906 0.64429545402526855469 1.6060221195220947266 0.95719748735427856445 0.83520215749740600586 0.16224738955497741699 0.31819915771484375 0.61205178499221801758 0.96773827075958251953 1.0766640901565551758 0.98996126651763916016 1.3241589069366455078 1.3506484031677246094 1.9123452901840209961 4.7779088020324707031 4.3937501907348632812 3.0550217628479003906 2.8769123554229736328 3.8545436859130859375
0.44660669565200805664 0.27371773123741149902 1.237628936767578125 2.1670749187469482422 1.6079144477844238281 0.40249106287956237793 0.18554373085498809814 0.36280795931816101074 0.38315507769584655762 0.79546761512756347656 0.69857102632522583008 0.31338664889335632324 0.68688434362411499023 1.7913084030151367188 1.5603139400482177734 0.74282377958297729492 0.18554061651229858398 0.45558622479438781738 0.78587007522583007812 1.2619299888610839844 0.5867201685905456543 0.51011079549789428711 0.45223855972290039062 0.96930080652236938477 1.3355768918991088867 1.4444359540939331055 0.85675060749053955078 0.44661274552345275879 0.74282795190811157227 1.353651881217956543 0.42690047621726989746 0.54372942447662353516 0.25653937458992004395 1.0280811786651611328 0.37107238173484802246 3.6747674942016601562 4.3643565177917480469 3.0715205669403076172 3.6879398822784423828 3.7574067115783691406
0.57363158464431762695 0.72628545761108398438 1.2115951776504516602 1.8584131002426147461 1.1776968240737915039 0.35575982928276062012 0.22946062684059143066 0.40249878168106079102 0.51307982206344604492 0.90109765529632568359 0.71997964382171630859 0.78716462850570678711 0.85675466060638427734 2.1388757228851318359 1.9099650382995605469 0.82729142904281616211 0.31977838277816772461 0.37107759714126586914 0.67649251222610473633 1.4875930547714233398 0.57363158464431762695 0.09000632166862487793 0.18553854525089263916 0.25654464960098266602 0.63718324899673461914 1.2074049711227416992 1.5534883737564086914 0.48673677444458007812 0.81806033849716186523 0.8149630427360534668 0.4698149263858795166 0.442050933837890625 0.4730332791805267334 0.34418159723281860352 1.050487518310546875 1.5774136781692504883 4.1112518310546875 3.6344025135040283203 3.7402968406677246094 3.6957399845123291016
0.64898377656936645508 0.46329236030578613281 0.85616362094879150391 1.5367807149887084961 1.2194939851760864258 0.49805691838264465332 0.51011043787002563477 0.58672082424163818359 0.38709813356399536133 0.81123757362365722656 1.0437225103378295898 1.6359927654266357422 1.2885150909423828125 2.4254565238952636719 2.5040423870086669922 1.0836942195892333984 0.54928666353225708008 0.57363325357437133789 0.63399755954742431641 1.4398800134658813477 0.62999552488327026367 0.1935564577579498291 0.25654464960098266602 0.20375049114227294922 0.3935883939266204834 0.99404382705688476562 1.6702669858932495117 0.7269789576530456543 0.42452841997146606445 0.54928773641586303711 0.57362586259841918945 0.40249106287956237793 0.031820531934499740601 1.3382265567779541016 1.5806145668029785156 1.4472403526306152344 2.7617733478546142578 4.5366911888122558594 4.0485219955444335938 3.7153728008270263672
0.91114521026611328125 1.0166962146759033203 0.99098771810531616211 0.77024918794631958008 1.2157495021820068359 1.2979143857955932617 0.98996555805206298828 0.49499776959419250488 0.41488003730773925781 0.2565453946590423584 0.51306706666946411133 1.2667287588119506836 1.1776835918426513672 2.6173939704895019531 3.0168917179107666016 1.7842385768890380859 0.81309366226196289062 0.59782862663269042969 0.51011008024215698242 1.1330163478851318359 0.76630830764770507812 0.1935564577579498291 0.19355046749114990234 0.42808970808982849121 0.114725455641746521 0.97345942258834838867 1.6097899675369262695 1.0883442163467407227 0.92765784263610839844 0.67122370004653930664 0.17135861515998840332 0.36279836297035217285 0.13500727713108062744 1.7498662471771240234 1.2885127067565917969 1.4542063474655151367 0.73252326250076293945 3.8845486640930175781 5.0349473953247070312 3.8440494537353515625
0.93959033489227294922 1.1707997322082519531 1.1926481723785400391 0.45223385095596313477 0.4970258176326751709 1.1564466953277587891 2.1775529384613037109 1.6790353059768676758 0.72558706998825073242 0.27000966668128967285 0.46329486370086669922 1.3367173671722412109 0.17135861515998840332 2.2774612903594970703 2.7178587913513183594 2.0973193645477294922 1.3956105709075927734 0.85970020294189453125 0.61453354358673095703 0.869068145751953125 0.65596753358840942383 0.22946231067180633545 0.64429038763046264648 0.5266959071159362793 0.89601457118988037109 0.49805420637130737305 1.0261120796203613281 1.1879652738571166992 1.1140917539596557617 0.88636177778244018555 0.34417656064033508301 0.17135298252105712891 0.47835692763328552246 1.2157526016235351562 1.3977817296981811523 0.60790818929672241211 0.25653862953186035156 1.9070405960083007812 4.8182768821716308594 4.3927197456359863281
0.98995697498321533203 1.0576900243759155273 1.3484022617340087891 1.7207123041152954102 1.1926398277282714844 1.0403113365173339844 1.8789733648300170898 2.2962574958801269531 1.3397381305694580078 0.66212552785873413086 0.38840326666831970215 1.1533790826797485352 1.0437177419662475586 2.3153471946716308594 2.1201083660125732422 1.664813995361328125 1.642157435417175293 1.2607239484786987305 0.97605466842651367188 0.61205279827117919922 0.68540287017822265625 0.92493033409118652344 1.2178397178649902344 0.65519976615905761719 1.0261098146438598633 1.4426809549331665039 1.0576891899108886719 1.1564466953277587891 1.5285332202911376953 1.3397325277328491211 0.85675060749053955078 0.57363665103912353516 0.73460566997528076172 0.86848139762878417969 1.3536410331726074219 1.4635790586471557617 0.58672082424163818359 0.51405507326126098633 3.5200090408325195312 5.2189970016479492188
0.89602601528167724609 0.48465770483016967773 0.30187496542930603027 0.98689162731170654297 1.4032100439071655273 0.64898496866226196289 0.16225333511829376221 1.6654087305068969727 1.8257174491882324219 0.92767030000686645508 0.64428377151489257812 1.1494171619415283203 0.49397081136703491211 1.8334562778472900391 1.6608568429946899414 1.0576976537704467773 1.626057744026184082 1.7207083702087402344 1.063411712646484375 0.30018481612205505371 0.72559076547622680664 0.85615098476409912109 0.24852178990840911865 0.10061956197023391724 0.34417989850044250488 0.15910249948501586914 0.36279463768005371094 0.9460347294807434082 0.87371927499771118164 0.56383883953094482422 0.78780210018157958984 1.2006757259368896484 1.0957627296447753906 0.58671557903289794922 0.1590976417064666748 1.5974886417388916016 1.5008002519607543945 0.84064531326293945312 2.0472614765167236328 5.0639986991882324219
0.79801583290100097656 0.31338417530059814453 0.29336121678352355957 0.67123639583587646484 0.89659315347671508789 0.66895788908004760742 1.3118662834167480469 2.00658416748046875 1.7507356405258178711 0.84064763784408569336 0.045001022517681121826 0.9739773869514465332 0.30186918377876281738 1.8078871965408325195 1.8212797641754150391 0.99608600139617919922 1.5115501880645751953 1.7053458690643310547 1.1276369094848632812 0.67122370004653930664 0.78716027736663818359 0.95507997274398803711 0.87371063232421875 0.27372619509696960449 0.32449966669082641602 0.44204786419868469238 0.40748560428619384766 0.80118060111999511719 1.0280946493148803711 1.1682071685791015625 1.1682019233703613281 1.4538686275482177734 1.5115501880645751953 1.309170842170715332 0.89602553844451904297 1.2538709640502929688 1.6593377590179443359 0.6395619511604309082 0.96771651506423950195 3.7747042179107666016
2.1457197666168212891 1.5696814060211181641 1.0403217077255249023 1.0186923742294311523 0.75632846355438232422 0.79737764596939086914 1.1533765792846679688 1.3184186220169067383 1.0818243026733398438 0.38447308540344238281 0.61453354358673095703 0.67423319816589355469 0.31819915771484375 1.511546015739440918 1.667235255241394043 1.1045171022415161133 1.2667275667190551758 1.6535241603851318359 1.3714785575866699219 0.94228690862655639648 0.67123037576675415039 0.71504551172256469727 1.0519261360168457031 0.63955473899841308594 0.41487255692481994629 0.31978502869606018066 0.22499608993530273438 0.45890653133392333984 1.1707956790924072266 1.5275365114212036133 1.4261060953140258789 1.2587157487869262695 1.094851374626159668 1.3291249275207519531 1.1926507949829101562 0.7643191218376159668 1.1926481723785400391 0.77680552005767822266 0.73252302408218383789 2.0642514228820800781
1.1208862066268920898 1.1533765792846679688 2.1513743400573730469 1.972508549690246582 1.6050690412521362305 1.2951703071594238281 1.6477016210556030273 1.2445694208145141602 0.78005135059356689453 0.1006272435188293457 0.42690047621726989746 0.071147434413433074951 0.22500468790531158447 1.1045039892196655273 1.5007917881011962891 1.0971542596817016602 1.0971466302871704102 1.8444594144821166992 2.2228405475616455078 1.9676408767700195312 1.8389844894409179688 1.967638850212097168 2.1267788410186767578 2.2080013751983642578 2.4294097423553466797 2.3205859661102294922 2.1614606380462646484 2.6048047542572021484 2.6679036617279052734 2.7445161342620849609 2.6637437343597412109 2.1914436817169189453 1.8584047555923461914 2.0353748798370361328 2.1513798236846923828 1.8684591054916381836 1.8714317083358764648 1.8137655258178710938 1.9155130386352539062 2.0045721530914306641
1.4597743749618530273 1.7602450847625732422 1.9735388755798339844 1.3080034255981445312 0.20374195277690887451 0.82606673240661621094 1.3861551284790039062 0.62515401840209960938 0.26239368319511413574 0.51406294107437133789 0.38183197379112243652 0.20374575257301330566 0.36280050873756408691 1.0325028896331787109 1.3566265106201171875 0.76497989892959594727 0.54373157024383544922 0.8400402069091796875 1.2715126276016235352 1.0504876375198364258 0.97137916088104248047 0.84064763784408569336 1.2408974170684814453 1.3766374588012695312 0.93960136175155639648 1.088353276252746582 1.4831638336181640625 1.1669040918350219727 0.52670657634735107422 0.30018290877342224121 0.54186445474624633789 0.12727598845958709717 0.29336255788803100586 0.62676256895065307617 0.74893134832382202148 0.5474389195442199707 1.0985307693481445312 1.4032105207443237305 1.2408918142318725586 1.6359882354736328125
2.1563010215759277344 2.0361182689666748047 1.6556679010391235352 1.5696870088577270508 1.6436970233917236328 1.4121916294097900391 0.82606834173202514648 1.0504850149154663086 1.3275946378707885742 0.70074248313903808594 0.68687707185745239258 0.86555463075637817383 0.38840478658676147461 1.3517704010009765625 1.311862945556640625 0.70290005207061767578 0.62514507770538330078 1.1423490047454833984 1.6223225593566894531 1.3536466360092163086 1.2885234355926513672 1.217844843864440918 1.1494212150573730469 1.2115895748138427734 1.3685206174850463867 1.0799514055252075195 1.0538575649261474609 1.2094956636428833008 1.2223947048187255859 1.0127046108245849609 0.58672147989273071289 0.58412557840347290039 0.25653937458992004395 1.1113598346710205078 0.9965884089469909668 0.76498192548751831055 1.3382240533828735352 1.7739970684051513672 1.6304063796997070312 2.5768945217132568359
0.99861532449722290039 1.864383697509765625 1.5115501880645751953 1.1458948850631713867 1.4967441558837890625 1.6213850975036621094 0.60541176795959472656 0.69494211673736572266 0.43279290199279785156 1.4896225929260253906 1.5275399684906005859 1.8137640953063964844 2.0818164348602294922 1.4666801691055297852 1.0280777215957641602 0.89602553844451904297 0.88007259368896484375 0.7380415797233581543 1.6910473108291625977 1.1498684883117675781 0.70650255680084228516 0.48673796653747558594 0.50310313701629638672 0.70291161537170410156 0.77419590950012207031 0.44319730997085571289 0.52188116312026977539 0.3600063025951385498 0.42690318822860717773 0.53339147567749023438 0.68835651874542236328 0.89319747686386108398 0.5566113591194152832 1.5741956233978271484 1.0576897859573364258 1.32454681396484375 2.4497339725494384766 3.1250333786010742188 2.8197591304779052734 3.0103564262390136719
2.4331529140472412109 2.5546278953552246094 2.4831514358520507812 2.5688354969024658203 2.2763521671295166016 1.5007996559143066406 1.3199515342712402344 1.7207050323486328125 1.2587124109268188477 1.0695848464965820312 2.9022741317749023438 2.8095149993896484375 1.7151134014129638672 1.1776920557022094727 1.5619386434555053711 0.94604414701461791992 0.88751697540283203125 0.76894819736480712891 1.2986844778060913086 1.1994159221649169922 0.65597194433212280273 0.60036426782608032227 1.0437188148498535156 1.4569973945617675781 1.5208975076675415039 1.2619283199310302734 1.3499039411544799805 1.1026782989501953125 1.1208856105804443359 0.95349740982055664062 0.58672082424163818359 0.61781549453735351562 0.62676012516021728516 1.4994428157806396484 2.1712548732757568359 2.5751230716705322266 3.3612616062164306641 3.8245451450347900391 3.5947120189666748047 3.6827280521392822266
2.9874196052551269531 2.4569427967071533203 2.4497277736663818359 2.6926240921020507812 1.098994135856628418 1.2425222396850585938 1.7053505182266235352 1.1926395893096923828 1.4855508804321289062 1.2115856409072875977 0.95455837249755859375 1.9653215408325195312 2.8374545574188232422 3.7559251785278320312 2.5753304958343505859 0.7400938868522644043 1.2157621383666992188 0.99658262729644775391 0.78004068136215209961 0.47303372621536254883 0.37108069658279418945 0.98791468143463134766 1.7133406400680541992 2.0472700595855712891 2.4774427413940429688 1.8137640953063964844 1.3080118894577026367 1.476324915885925293 1.22405242919921875 0.51797825098037719727 0.4857062995433807373 1.2445578575134277344 1.2380366325378417969 1.2607239484786987305 1.8942710161209106445 2.4906742572784423828 3.1503186225891113281 3.8584635257720947266 4.1146936416625976562 4.20317840576171875
