wildfire/work/fuelmodels/1686/ahn1.asc
ncols        98
nrows        94
xllcorner    148650.000000000000
yllcorner    452930.000000000000
cellsize     5.000000000000
NODATA_value   -999
[rows 36 to 53 of 94, columns 0 to 40 of 98]
5.8800001144409179688 6.1500000953674316406 6.1100001335144042969 6.1399998664855957031 6.0599999427795410156 6.1100001335144042969 6.1100001335144042969 6.3299999237060546875 6.3499999046325683594 6.3800001144409179688 6.4600000381469726562 6.6100001335144042969 6.6700000762939453125 6.7399997711181640625 6.840000152587890625 6.5599999427795410156 6.3800001144409179688 6.25 6.9200000762939453125 8.090000152587890625 9.2200002670288085938 10.06999969482421875 10.18000030517578125 9.9700002670288085938 9.229999542236328125 8.7399997711181640625 8.270000457763671875 7.6300001144409179688 7.0700001716613769531 7.1399998664855957031 7.3600001335144042969 7.3200001716613769531 7.1999998092651367188 7.0999999046325683594 6.75 6.6100001335144042969 6.5700001716613769531 6.4800000190734863281 6.4600000381469726562 6.5199999809265136719 6.6399998664855957031
6.090000152587890625 6.1300001144409179688 6.5500001907348632812 6.5500001907348632812 6.4600000381469726562 6.5 6.5 6.25 6.2699999809265136719 6.3299999237060546875 6.3200001716613769531 6.4200000762939453125 6.3899998664855957031 6.3000001907348632812 6.2899999618530273438 6.2800002098083496094 6.0599999427795410156 6.2199997901916503906 6.6799998283386230469 7.9299998283386230469 9.0799999237060546875 9.909999847412109375 9.979999542236328125 9.770000457763671875 9.3000001907348632812 8.31999969482421875 7.5399999618530273438 7.1399998664855957031 6.8699998855590820312 6.7800002098083496094 6.8600001335144042969 6.7600002288818359375 6.8200001716613769531 6.9499998092651367188 6.9200000762939453125 6.8800001144409179688 6.6999998092651367188 6.4899997711181640625 6.3699998855590820312 6.4299998283386230469 6.4600000381469726562
6.090000152587890625 6.6199998855590820312 7.090000152587890625 6.909999847412109375 7.1700000762939453125 6.9699997901916503906 6.1799998283386230469 5.9499998092651367188 6.0799999237060546875 6.0100002288818359375 6.0700001716613769531 6.0999999046325683594 6.1300001144409179688 6.1399998664855957031 6.1399998664855957031 6.1500000953674316406 6.0700001716613769531 6.3000001907348632812 6.6399998664855957031 7.6799998283386230469 8.8000001907348632812 9.6499996185302734375 10.140000343322753906 9.729999542236328125 9.159999847412109375 8.7399997711181640625 7.8099999427795410156 7.1799998283386230469 6.909999847412109375 6.9499998092651367188 6.9200000762939453125 6.840000152587890625 6.9899997711181640625 7.1999998092651367188 7.2300000190734863281 7.0999999046325683594 6.8200001716613769531 6.3699998855590820312 6.3099999427795410156 6.2199997901916503906 6.340000152587890625
6.3699998855590820312 6.6100001335144042969 6.8699998855590820312 6.7199997901916503906 6.590000152587890625 6.2399997711181640625 5.8699998855590820312 5.8699998855590820312 5.9499998092651367188 5.9299998283386230469 5.909999847412109375 5.9299998283386230469 5.9899997711181640625 6.0599999427795410156 6.0999999046325683594 6.1799998283386230469 6.1700000762939453125 6.2399997711181640625 6.6500000953674316406 7.3200001716613769531 8.4899997711181640625 9.25 9.4200000762939453125 8.8699998855590820312 8.4499998092651367188 8.5100002288818359375 7.9000000953674316406 7.2600002288818359375 7.0799999237060546875 7.0599999427795410156 6.9699997901916503906 6.7100000381469726562 6.6799998283386230469 6.8299999237060546875 7.0399999618530273438 7.0500001907348632812 6.7800002098083496094 6.4600000381469726562 6.2399997711181640625 6.25 6.2600002288818359375
6.6700000762939453125 6.2300000190734863281 5.9499998092651367188 5.8899998664855957031 5.9699997901916503906 5.8600001335144042969 5.8200001716613769531 5.8200001716613769531 5.8200001716613769531 5.8099999427795410156 5.8499999046325683594 5.8200001716613769531 5.8699998855590820312 6.0199999809265136719 6.0599999427795410156 6.090000152587890625 6.1900000572204589844 6.1199998855590820312 6.3299999237060546875 7 8.520000457763671875 9.4499998092651367188 9.0399999618530273438 7.9600000381469726562 7.9899997711181640625 8.090000152587890625 7.340000152587890625 7.0100002288818359375 7.0300002098083496094 6.8600001335144042969 6.9200000762939453125 6.7699999809265136719 6.6799998283386230469 6.5799999237060546875 6.4200000762939453125 6.6399998664855957031 6.5300002098083496094 6.4800000190734863281 6.3600001335144042969 6.3600001335144042969 6.409999847412109375
6.5799999237060546875 5.8800001144409179688 5.8899998664855957031 5.7300000190734863281 5.7699999809265136719 5.8099999427795410156 5.7899999618530273438 5.8200001716613769531 5.7199997901916503906 5.8499999046325683594 5.8499999046325683594 5.9000000953674316406 5.9400000572204589844 5.9499998092651367188 5.9499998092651367188 6.0100002288818359375 6.0500001907348632812 6.0300002098083496094 6.4000000953674316406 7.1199998855590820312 8 9.1700000762939453125 9.159999847412109375 8.31999969482421875 8.520000457763671875 8.43000030517578125 7.5 6.8299999237060546875 6.2699999809265136719 6.3699998855590820312 6.659999847412109375 6.7699999809265136719 6.7600002288818359375 6.9899997711181640625 6.9699997901916503906 6.7199997901916503906 6.5100002288818359375 6.5300002098083496094 6.6300001144409179688 6.909999847412109375 6.9600000381469726562
6.2699999809265136719 5.7199997901916503906 5.7199997901916503906 5.659999847412109375 5.659999847412109375 5.6700000762939453125 5.6199998855590820312 5.6900000572204589844 5.8200001716613769531 5.8000001907348632812 5.8699998855590820312 5.8499999046325683594 5.9200000762939453125 5.8699998855590820312 6 5.9800000190734863281 5.9800000190734863281 5.9899997711181640625 6.4200000762939453125 7.0199999809265136719 8.020000457763671875 9.4899997711181640625 9.1300001144409179688 8.8100004196166992188 8.6300001144409179688 7.8600001335144042969 7.5999999046325683594 7.0100002288818359375 6.6199998855590820312 6.4600000381469726562 6.5100002288818359375 6.5999999046325683594 6.5599999427795410156 6.8600001335144042969 7.1900000572204589844 7.1799998283386230469 6.9299998283386230469 7.1399998664855957031 7.4000000953674316406 7.6900000572204589844 6.8499999046325683594
5.8800001144409179688 5.7300000190734863281 5.7100000381469726562 5.7300000190734863281 5.6399998664855957031 5.6999998092651367188 5.659999847412109375 5.7100000381469726562 5.7699999809265136719 5.7399997711181640625 5.7399997711181640625 5.7399997711181640625 5.7800002098083496094 5.9400000572204589844 5.9400000572204589844 6.0799999237060546875 5.9499998092651367188 5.9299998283386230469 6.3499999046325683594 7.1900000572204589844 8.340000152587890625 9.0500001907348632812 9.270000457763671875 8.8900003433227539062 8.090000152587890625 7.4800000190734863281 7.6300001144409179688 8.0100002288818359375 7.9499998092651367188 7.409999847412109375 7.1500000953674316406 6.7699999809265136719 6.9299998283386230469 6.9600000381469726562 6.8699998855590820312 6.8000001907348632812 7.2100000381469726562 7.6500000953674316406 7.7800002098083496094 7.5399999618530273438 7.1999998092651367188
5.6100001335144042969 5.7300000190734863281 5.7199997901916503906 5.6799998283386230469 5.840000152587890625 5.8099999427795410156 5.6999998092651367188 5.7699999809265136719 5.7199997901916503906 5.75 5.75 5.7899999618530273438 5.8200001716613769531 5.8899998664855957031 5.8899998664855957031 5.9200000762939453125 5.9899997711181640625 6 6.2100000381469726562 6.4299998283386230469 7.2300000190734863281 8.06999969482421875 8.409999847412109375 8.0399999618530273438 7.8899998664855957031 7.590000152587890625 7.6799998283386230469 7.590000152587890625 7.8299999237060546875 8.06999969482421875 7.9600000381469726562 7.8299999237060546875 7.1900000572204589844 6.7199997901916503906 6.7300000190734863281 7.3499999046325683594 7.5100002288818359375 7.5500001907348632812 7.8499999046325683594 7.9699997901916503906 7.8000001907348632812
5.6999998092651367188 5.7899999618530273438 5.840000152587890625 5.7100000381469726562 5.7300000190734863281 5.6999998092651367188 5.7300000190734863281 5.6300001144409179688 5.7399997711181640625 5.840000152587890625 5.8200001716613769531 5.8600001335144042969 5.8099999427795410156 5.7699999809265136719 5.8499999046325683594 5.8499999046325683594 5.9699997901916503906 6.3099999427795410156 6.0399999618530273438 6.1199998855590820312 6.4600000381469726562 7.159999847412109375 7.9400000572204589844 7.5100002288818359375 7.4800000190734863281 7.590000152587890625 7.3800001144409179688 7.2300000190734863281 7.8899998664855957031 8.31999969482421875 8.4499998092651367188 7.5999999046325683594 7.0399999618530273438 7.2600002288818359375 8.1000003814697265625 8.3699998855590820312 7.8499999046325683594 7.409999847412109375 7.3600001335144042969 7.1300001144409179688 7.0599999427795410156
5.7199997901916503906 5.6999998092651367188 5.7600002288818359375 5.7399997711181640625 5.7600002288818359375 5.7300000190734863281 5.8099999427795410156 5.7199997901916503906 5.7899999618530273438 5.8499999046325683594 5.8899998664855957031 5.8299999237060546875 5.840000152587890625 5.7699999809265136719 5.7699999809265136719 5.7699999809265136719 5.840000152587890625 6.1999998092651367188 6.0199999809265136719 5.9299998283386230469 6.1100001335144042969 6.6399998664855957031 7.3899998664855957031 8.06999969482421875 7.9200000762939453125 7.6700000762939453125 6.6700000762939453125 7.3699998855590820312 8.2899999618530273438 8.5600004196166992188 7.8099999427795410156 6.4400000572204589844 7.3099999427795410156 8.1999998092651367188 8.2200002670288085938 8.4200000762939453125 8.7799997329711914062 8.56999969482421875 7.6100001335144042969 6.7800002098083496094 6.5
5.8699998855590820312 5.7300000190734863281 5.7300000190734863281 5.7399997711181640625 5.7300000190734863281 5.840000152587890625 5.7800002098083496094 5.6700000762939453125 5.8099999427795410156 5.8299999237060546875 5.8499999046325683594 5.8699998855590820312 5.7699999809265136719 5.8299999237060546875 5.8499999046325683594 5.7699999809265136719 5.8099999427795410156 5.8499999046325683594 5.840000152587890625 5.9400000572204589844 5.8899998664855957031 6.4699997901916503906 7 7.5 7.1100001335144042969 6.4800000190734863281 6.340000152587890625 7.0300002098083496094 7.7399997711181640625 8.43000030517578125 7.340000152587890625 6.7199997901916503906 8.0100002288818359375 8.56999969482421875 7.8899998664855957031 8.1999998092651367188 9.020000457763671875 9.2899999618530273438 8.56999969482421875 7.0199999809265136719 6.3699998855590820312
5.9699997901916503906 5.9000000953674316406 5.75 5.7199997901916503906 5.7100000381469726562 5.75 5.6900000572204589844 5.7800002098083496094 5.8000001907348632812 5.840000152587890625 5.8600001335144042969 5.8000001907348632812 5.7800002098083496094 5.8899998664855957031 5.8800001144409179688 5.8099999427795410156 5.8200001716613769531 5.7899999618530273438 5.9400000572204589844 5.8800001144409179688 5.8800001144409179688 6.0100002288818359375 6.1799998283386230469 6.1799998283386230469 6.3499999046325683594 6.3299999237060546875 6.4200000762939453125 6.4400000572204589844 6.8800001144409179688 6.8699998855590820312 6.9800000190734863281 6.8499999046325683594 7.7100000381469726562 8.18000030517578125 7.5999999046325683594 7.9299998283386230469 8.729999542236328125 8.8100004196166992188 8.3299999237060546875 6.909999847412109375 6.4400000572204589844
5.9200000762939453125 5.8200001716613769531 5.6799998283386230469 5.7199997901916503906 5.75 5.7699999809265136719 5.7399997711181640625 5.7899999618530273438 5.75 5.8200001716613769531 5.7600002288818359375 5.8200001716613769531 5.7899999618530273438 5.8200001716613769531 5.8699998855590820312 5.7899999618530273438 5.7800002098083496094 5.8000001907348632812 5.8299999237060546875 5.9499998092651367188 5.9600000381469726562 5.8800001144409179688 5.9499998092651367188 6.0100002288818359375 6.159999847412109375 6.2399997711181640625 6.1999998092651367188 6.1100001335144042969 6.1799998283386230469 6.2100000381469726562 6.3099999427795410156 6.5300002098083496094 7.3200001716613769531 7.2899999618530273438 6.8499999046325683594 7.0700001716613769531 7.8099999427795410156 7.9899997711181640625 7.5999999046325683594 6.5500001907348632812 6.5599999427795410156
5.8699998855590820312 5.75 5.840000152587890625 5.7699999809265136719 5.7800002098083496094 5.7800002098083496094 5.7399997711181640625 5.75 5.7199997901916503906 5.7800002098083496094 5.8000001907348632812 5.8800001144409179688 5.8299999237060546875 5.7899999618530273438 5.8499999046325683594 5.8000001907348632812 5.7699999809265136719 5.8600001335144042969 6.0300002098083496094 6.0700001716613769531 6.0599999427795410156 6.2600002288818359375 6.1700000762939453125 5.9899997711181640625 6.0700001716613769531 6.0999999046325683594 6.0300002098083496094 6.0599999427795410156 6.090000152587890625 6.1100001335144042969 6.090000152587890625 6.5399999618530273438 6.8299999237060546875 6.9200000762939453125 6.5599999427795410156 6.75 7.3299999237060546875 7.6100001335144042969 6.7300000190734863281 6.4600000381469726562 6.2899999618530273438
5.590000152587890625 5.5199999809265136719 5.6700000762939453125 5.6999998092651367188 5.75 5.7899999618530273438 5.7300000190734863281 5.7899999618530273438 5.7199997901916503906 5.6799998283386230469 5.8299999237060546875 5.8099999427795410156 5.8200001716613769531 5.8000001907348632812 5.7399997711181640625 5.6399998664855957031 5.8000001907348632812 5.8600001335144042969 6 5.9699997901916503906 6.1199998855590820312 6.5500001907348632812 6.5199999809265136719 6.4200000762939453125 6.0199999809265136719 6.1500000953674316406 6.0999999046325683594 6.090000152587890625 6.1300001144409179688 6.090000152587890625 6.1500000953674316406 6.4699997901916503906 6.3899998664855957031 6.5399999618530273438 6.409999847412109375 6.909999847412109375 7.3299999237060546875 7.3200001716613769531 6.8099999427795410156 6.4899997711181640625 6.3099999427795410156
5.6300001144409179688 5.6300001144409179688 5.6199998855590820312 5.6700000762939453125 5.6999998092651367188 5.7899999618530273438 5.8200001716613769531 5.7800002098083496094 5.75 5.7100000381469726562 5.9600000381469726562 5.8200001716613769531 5.8200001716613769531 5.8299999237060546875 5.840000152587890625 5.6900000572204589844 5.7300000190734863281 5.909999847412109375 5.8699998855590820312 5.8800001144409179688 5.909999847412109375 6.159999847412109375 6.5399999618530273438 6.4200000762939453125 6.0999999046325683594 6.159999847412109375 6.0300002098083496094 5.9899997711181640625 6.0199999809265136719 5.9899997711181640625 6.0500001907348632812 6.2199997901916503906 6.1399998664855957031 6.1500000953674316406 6.2100000381469726562 6.3499999046325683594 6.340000152587890625 6.590000152587890625 6.5300002098083496094 6.4200000762939453125 6.2899999618530273438
5.6199998855590820312 5.5999999046325683594 5.6799998283386230469 5.840000152587890625 5.8600001335144042969 5.7199997901916503906 5.75 5.8600001335144042969 5.7699999809265136719 5.75 5.8099999427795410156 5.7399997711181640625 5.6799998283386230469 5.659999847412109375 5.6900000572204589844 5.659999847412109375 5.6500000953674316406 5.7199997901916503906 5.8299999237060546875 5.8600001335144042969 5.8499999046325683594 5.9000000953674316406 6 5.9400000572204589844 5.9499998092651367188 5.9299998283386230469 5.9600000381469726562 5.9499998092651367188 6 6.0700001716613769531 6.090000152587890625 6.1500000953674316406 6.1799998283386230469 6.1100001335144042969 6.1100001335144042969 6.159999847412109375 6.2199997901916503906 6.090000152587890625 6.0700001716613769531 6.0799999237060546875 6.0500001907348632812
