wildfire/work/fuelmodels/1686/ahn1.asc
ncols        98
nrows        94
xllcorner    148650.000000000000
yllcorner    452930.000000000000
cellsize     5.000000000000
NODATA_value   -999
[rows 72 to 89 of 94, columns 0 to 40 of 98]
9.3500003814697265625 9.3999996185302734375 9.3800001144409179688 9.3900003433227539062 9.3999996185302734375 9.4200000762939453125 9.409999847412109375 9.4200000762939453125 9.5 9.4499998092651367188 9.4600000381469726562 9.479999542236328125 9.4899997711181640625 9.4899997711181640625 9.4899997711181640625 9.5399999618530273438 9.5100002288818359375 9.5500001907348632812 9.5500001907348632812 9.5799999237060546875 9.5799999237060546875 9.7100000381469726562 9.56999969482421875 9.590000152587890625 9.6199998855590820312 9.6000003814697265625 9.6099996566772460938 9.590000152587890625 9.7200002670288085938 9.6499996185302734375 9.6499996185302734375 9.729999542236328125 9.75 9.6999998092651367188 9.68000030517578125 9.7100000381469726562 9.75 9.6899995803833007812 9.7200002670288085938 9.7100000381469726562 9.7200002670288085938
8.6499996185302734375 8.6700000762939453125 8.8100004196166992188 8.81999969482421875 8.7899999618530273438 8.770000457763671875 8.7100000381469726562 8.729999542236328125 8.8500003814697265625 8.8800001144409179688 8.7799997329711914062 8.5799999237060546875 8.479999542236328125 8.6999998092651367188 8.7799997329711914062 8.6300001144409179688 8.3699998855590820312 8.5500001907348632812 9.0500001907348632812 8.2600002288818359375 8.340000152587890625 8.5500001907348632812 8.3800001144409179688 8.5299997329711914062 8.340000152587890625 8.5100002288818359375 8.5399999618530273438 8.5500001907348632812 8.479999542236328125 8.409999847412109375 8.5299997329711914062 8.8900003433227539062 8.9200000762939453125 8.6899995803833007812 8.2399997711181640625 8.5799999237060546875 8.340000152587890625 8.3299999237060546875 8.2399997711181640625 8.5100002288818359375 8.4700002670288085938
6.7899999618530273438 6.5500001907348632812 6.8000001907348632812 7.0599999427795410156 7 6.7199997901916503906 6.6100001335144042969 6.4200000762939453125 6.5599999427795410156 7.0300002098083496094 6.75 6.9600000381469726562 6.6500000953674316406 6.6300001144409179688 6.75 6.7899999618530273438 6.909999847412109375 6.4699997901916503906 6.4800000190734863281 6.3000001907348632812 6.4400000572204589844 6.3699998855590820312 6.3899998664855957031 6.4600000381469726562 6.3699998855590820312 6.5 6.6700000762939453125 6.6300001144409179688 6.5999999046325683594 6.6100001335144042969 6.5300002098083496094 6.4699997901916503906 6.7300000190734863281 6.7300000190734863281 6.6900000572204589844 6.6700000762939453125 6.9699997901916503906 6.6900000572204589844 6.8299999237060546875 6.75 6.5599999427795410156
6.1799998283386230469 6.0700001716613769531 6.0399999618530273438 6.0999999046325683594 6.3000001907348632812 6.0100002288818359375 5.9000000953674316406 5.8800001144409179688 5.8699998855590820312 5.8899998664855957031 5.9600000381469726562 5.9200000762939453125 5.7800002098083496094 5.8600001335144042969 5.840000152587890625 5.840000152587890625 5.7800002098083496094 5.8699998855590820312 5.8299999237060546875 5.8699998855590820312 5.8600001335144042969 5.8299999237060546875 5.7600002288818359375 5.8699998855590820312 5.8000001907348632812 5.8899998664855957031 5.8099999427795410156 5.909999847412109375 5.9299998283386230469 5.9899997711181640625 5.909999847412109375 5.9000000953674316406 6.2699999809265136719 6.5100002288818359375 6.6399998664855957031 6.7699999809265136719 6.75 6.7399997711181640625 6.7100000381469726562 6.75 6.7699999809265136719
5.7800002098083496094 5.8000001907348632812 5.8699998855590820312 5.8899998664855957031 5.9000000953674316406 5.7899999618530273438 5.75 5.7800002098083496094 5.8000001907348632812 5.8000001907348632812 5.8600001335144042969 5.8299999237060546875 5.7899999618530273438 5.75 5.7800002098083496094 5.7699999809265136719 5.7699999809265136719 5.8000001907348632812 5.8200001716613769531 5.8299999237060546875 5.8899998664855957031 5.9299998283386230469 5.8499999046325683594 5.8800001144409179688 5.8099999427795410156 5.7899999618530273438 5.7899999618530273438 5.840000152587890625 5.9699997901916503906 6.1100001335144042969 6.1100001335144042969 6.0599999427795410156 6.090000152587890625 6.2300000190734863281 6.4400000572204589844 6.6399998664855957031 6.659999847412109375 6.4899997711181640625 6.6199998855590820312 6.590000152587890625 6.5100002288818359375
5.8299999237060546875 5.7800002098083496094 5.8600001335144042969 5.8200001716613769531 5.8299999237060546875 5.7899999618530273438 5.8099999427795410156 5.8699998855590820312 5.840000152587890625 5.8600001335144042969 5.909999847412109375 5.9600000381469726562 5.8899998664855957031 5.8000001907348632812 5.7899999618530273438 5.8299999237060546875 5.8800001144409179688 5.8899998664855957031 5.8800001144409179688 5.9200000762939453125 5.9600000381469726562 5.9699997901916503906 5.9400000572204589844 5.9499998092651367188 5.9400000572204589844 5.9000000953674316406 5.9200000762939453125 6.0799999237060546875 6.0999999046325683594 6.2399997711181640625 6.25 6.0599999427795410156 6.0399999618530273438 6.0700001716613769531 6.0799999237060546875 6.2699999809265136719 6.3899998664855957031 6.4899997711181640625 6.3899998664855957031 6.2899999618530273438 6.4400000572204589844
5.909999847412109375 5.9299998283386230469 5.9200000762939453125 5.9499998092651367188 6.0399999618530273438 6.0999999046325683594 6.0500001907348632812 6.1700000762939453125 6.0799999237060546875 6.090000152587890625 6.1300001144409179688 6.0199999809265136719 6.0199999809265136719 5.9899997711181640625 6.1199998855590820312 6.0300002098083496094 6.0599999427795410156 6.1399998664855957031 6.0999999046325683594 6.0999999046325683594 6.1500000953674316406 6.1500000953674316406 6.1199998855590820312 6.1100001335144042969 6.1100001335144042969 6.1300001144409179688 6.2600002288818359375 6.2300000190734863281 6.2600002288818359375 6.2600002288818359375 6.2300000190734863281 6.2100000381469726562 6.1999998092651367188 6.2100000381469726562 6.2300000190734863281 6.3099999427795410156 6.3899998664855957031 6.4400000572204589844 6.3899998664855957031 6.3299999237060546875 6.4299998283386230469
6.0100002288818359375 6.0199999809265136719 6.0500001907348632812 6.0500001907348632812 6.0700001716613769531 6.0700001716613769531 6.1300001144409179688 6.0700001716613769531 6.0999999046325683594 6.1500000953674316406 6.1500000953674316406 6.1399998664855957031 6.159999847412109375 6.1900000572204589844 6.1799998283386230469 6.159999847412109375 6.1399998664855957031 6.1799998283386230469 6.2100000381469726562 6.25 6.2800002098083496094 6.2800002098083496094 6.2699999809265136719 6.2899999618530273438 6.3000001907348632812 6.3299999237060546875 6.3299999237060546875 6.4200000762939453125 6.3699998855590820312 6.3699998855590820312 6.3699998855590820312 6.409999847412109375 6.4000000953674316406 6.4000000953674316406 6.4200000762939453125 6.4400000572204589844 6.4400000572204589844 6.4400000572204589844 6.4499998092651367188 6.5199999809265136719 6.5100002288818359375
6.1500000953674316406 6.1399998664855957031 6.1900000572204589844 6.1500000953674316406 6.1700000762939453125 6.2100000381469726562 6.1999998092651367188 6.2199997901916503906 6.1900000572204589844 6.2300000190734863281 6.2699999809265136719 6.2699999809265136719 6.3000001907348632812 6.2899999618530273438 6.2800002098083496094 6.2899999618530273438 6.3000001907348632812 6.3600001335144042969 6.3200001716613769531 6.3499999046325683594 6.3800001144409179688 6.3699998855590820312 6.340000152587890625 6.3899998664855957031 6.4400000572204589844 6.409999847412109375 6.4400000572204589844 6.4600000381469726562 6.4800000190734863281 6.5100002288818359375 6.4899997711181640625 6.5100002288818359375 6.5199999809265136719 6.5199999809265136719 6.5199999809265136719 6.5100002288818359375 6.5500001907348632812 6.5799999237060546875 6.590000152587890625 6.5999999046325683594 6.5999999046325683594
6.2100000381469726562 6.2300000190734863281 6.3000001907348632812 6.340000152587890625 6.2699999809265136719 6.2699999809265136719 6.340000152587890625 6.3299999237060546875 6.3099999427795410156 6.3099999427795410156 6.4200000762939453125 6.4899997711181640625 6.4299998283386230469 6.409999847412109375 6.4000000953674316406 6.3699998855590820312 6.3699998855590820312 6.409999847412109375 6.4200000762939453125 6.4400000572204589844 6.4699997901916503906 6.5 6.5 6.4699997901916503906 6.4600000381469726562 6.5300002098083496094 6.5 6.4499998092651367188 6.5300002098083496094 6.5399999618530273438 6.5399999618530273438 6.5599999427795410156 6.6100001335144042969 6.6100001335144042969 6.590000152587890625 6.590000152587890625 6.6300001144409179688 6.6300001144409179688 6.6399998664855957031 6.6700000762939453125 6.659999847412109375
6.2300000190734863281 6.2699999809265136719 6.2600002288818359375 6.2100000381469726562 6.2899999618530273438 6.2300000190734863281 6.2600002288818359375 6.2800002098083496094 6.2800002098083496094 6.3000001907348632812 6.2899999618530273438 6.3200001716613769531 6.3699998855590820312 6.3200001716613769531 6.2899999618530273438 6.340000152587890625 6.3299999237060546875 6.3299999237060546875 6.3600001335144042969 6.4000000953674316406 6.4400000572204589844 6.4000000953674316406 6.4400000572204589844 6.409999847412109375 6.4299998283386230469 6.4200000762939453125 6.4000000953674316406 6.4200000762939453125 6.4400000572204589844 6.409999847412109375 6.4600000381469726562 6.4499998092651367188 6.5 6.5300002098083496094 6.5199999809265136719 6.5300002098083496094 6.5100002288818359375 6.5500001907348632812 6.5199999809265136719 6.5399999618530273438 6.5599999427795410156
6.1399998664855957031 6.159999847412109375 6.1799998283386230469 6.1300001144409179688 6.1500000953674316406 6.1100001335144042969 6.1900000572204589844 6.1700000762939453125 6.1900000572204589844 6.1900000572204589844 6.2100000381469726562 6.2199997901916503906 6.1999998092651367188 6.2300000190734863281 6.25 6.2600002288818359375 6.25 6.25 6.2600002288818359375 6.2600002288818359375 6.3099999427795410156 6.340000152587890625 6.3699998855590820312 6.3699998855590820312 6.3299999237060546875 6.340000152587890625 6.3000001907348632812 6.3600001335144042969 6.3000001907348632812 6.340000152587890625 6.3600001335144042969 6.409999847412109375 6.4000000953674316406 6.3699998855590820312 6.3699998855590820312 6.3899998664855957031 6.3899998664855957031 6.4200000762939453125 6.3499999046325683594 6.409999847412109375 6.4299998283386230469
5.8899998664855957031 5.909999847412109375 5.9299998283386230469 5.9299998283386230469 6.090000152587890625 6 5.9200000762939453125 6.0199999809265136719 5.9699997901916503906 5.9899997711181640625 6.0999999046325683594 6.0700001716613769531 5.9800000190734863281 6 6.0199999809265136719 5.9699997901916503906 6.090000152587890625 6 5.9899997711181640625 6.0199999809265136719 6.0999999046325683594 6.1500000953674316406 6.0100002288818359375 6 6.090000152587890625 6.0700001716613769531 6.090000152587890625 6.1500000953674316406 6.1500000953674316406 6.1500000953674316406 6.1799998283386230469 6.1500000953674316406 6.1300001144409179688 6.1900000572204589844 6.2199997901916503906 6.2399997711181640625 6.1799998283386230469 6.2699999809265136719 6.1999998092651367188 6.0999999046325683594 6.1999998092651367188
5.8000001907348632812 5.7600002288818359375 5.8299999237060546875 5.840000152587890625 5.8499999046325683594 5.840000152587890625 5.6199998855590820312 5.6799998283386230469 5.6999998092651367188 5.7100000381469726562 5.7899999618530273438 5.840000152587890625 5.9000000953674316406 6.0599999427795410156 5.909999847412109375 5.840000152587890625 5.8499999046325683594 5.7899999618530273438 5.659999847412109375 5.7199997901916503906 5.8099999427795410156 5.8200001716613769531 5.7399997711181640625 5.7199997901916503906 5.8600001335144042969 5.7800002098083496094 5.7899999618530273438 5.8800001144409179688 5.9499998092651367188 5.9600000381469726562 5.9000000953674316406 5.9499998092651367188 6.0199999809265136719 5.9699997901916503906 6.090000152587890625 6.0700001716613769531 6.0199999809265136719 6.0399999618530273438 5.9299998283386230469 5.9499998092651367188 6.0100002288818359375
5.8000001907348632812 5.8099999427795410156 5.6900000572204589844 5.7199997901916503906 5.7699999809265136719 5.75 5.7199997901916503906 5.6900000572204589844 5.6399998664855957031 5.6300001144409179688 5.7199997901916503906 5.7300000190734863281 5.8000001907348632812 5.7600002288818359375 5.6199998855590820312 5.5999999046325683594 5.5700001716613769531 5.5799999237060546875 5.6399998664855957031 5.6999998092651367188 5.7300000190734863281 5.7600002288818359375 5.7199997901916503906 5.7199997901916503906 5.7300000190734863281 5.7300000190734863281 5.8499999046325683594 6 6 5.9400000572204589844 5.8499999046325683594 5.7800002098083496094 5.9299998283386230469 5.9699997901916503906 5.9600000381469726562 5.909999847412109375 5.9299998283386230469 6.0399999618530273438 6.0100002288818359375 6.0300002098083496094 5.9499998092651367188
5.659999847412109375 5.6999998092651367188 5.6900000572204589844 5.6300001144409179688 5.7300000190734863281 5.7199997901916503906 5.7100000381469726562 5.7199997901916503906 5.659999847412109375 5.6300001144409179688 5.7399997711181640625 5.7699999809265136719 5.7800002098083496094 5.6999998092651367188 5.5999999046325683594 5.5799999237060546875 5.6300001144409179688 5.6199998855590820312 5.6500000953674316406 5.7100000381469726562 5.6900000572204589844 5.7199997901916503906 5.659999847412109375 5.7600002288818359375 5.6999998092651367188 5.6300001144409179688 5.840000152587890625 5.9699997901916503906 5.9299998283386230469 5.7699999809265136719 5.7899999618530273438 5.8499999046325683594 5.8299999237060546875 5.9800000190734863281 6 5.9000000953674316406 5.8899998664855957031 5.7899999618530273438 5.9200000762939453125 6.0300002098083496094 6
5.6500000953674316406 5.6300001144409179688 5.6900000572204589844 5.7100000381469726562 5.7800002098083496094 5.6999998092651367188 5.590000152587890625 5.6300001144409179688 5.6999998092651367188 5.6999998092651367188 5.7300000190734863281 5.659999847412109375 5.840000152587890625 5.659999847412109375 5.5999999046325683594 5.6100001335144042969 5.6100001335144042969 5.5599999427795410156 5.6799998283386230469 5.7100000381469726562 5.7199997901916503906 5.6799998283386230469 5.7699999809265136719 5.7199997901916503906 5.7600002288818359375 5.909999847412109375 5.9299998283386230469 5.8299999237060546875 5.7399997711181640625 5.7199997901916503906 5.7199997901916503906 5.7800002098083496094 5.7600002288818359375 5.8200001716613769531 5.9800000190734863281 5.840000152587890625 5.8499999046325683594 5.8699998855590820312 5.8699998855590820312 5.9299998283386230469 5.9899997711181640625
5.7100000381469726562 5.6700000762939453125 5.6999998092651367188 5.7199997901916503906 5.7699999809265136719 5.7300000190734863281 5.5799999237060546875 5.659999847412109375 5.6399998664855957031 5.7399997711181640625 5.6199998855590820312 5.659999847412109375 5.6900000572204589844 5.6100001335144042969 5.5799999237060546875 5.590000152587890625 5.659999847412109375 5.6900000572204589844 5.75 5.6700000762939453125 5.6900000572204589844 5.5700001716613769531 5.7199997901916503906 5.6500000953674316406 5.8800001144409179688 5.9699997901916503906 5.8800001144409179688 5.7100000381469726562 5.6799998283386230469 5.8099999427795410156 5.6799998283386230469 5.7300000190734863281 5.7399997711181640625 5.7199997901916503906 5.8600001335144042969 5.9000000953674316406 5.9200000762939453125 5.8800001144409179688 5.8299999237060546875 5.8699998855590820312 5.9000000953674316406
