wildfire/work/fuelmodels/1686/ahn1.asc
ncols        98
nrows        94
xllcorner    148650.000000000000
yllcorner    452930.000000000000
cellsize     5.000000000000
NODATA_value   -999
[rows 54 to 71 of 94, columns 0 to 40 of 98]
5.5500001907348632812 5.5300002098083496094 5.6199998855590820312 5.6199998855590820312 5.6399998664855957031 5.7300000190734863281 5.659999847412109375 5.6900000572204589844 5.7300000190734863281 5.7100000381469726562 5.6799998283386230469 5.6500000953674316406 5.7399997711181640625 5.6999998092651367188 5.7199997901916503906 5.6999998092651367188 5.7600002288818359375 5.8099999427795410156 5.8899998664855957031 5.9499998092651367188 5.8800001144409179688 5.9600000381469726562 5.9899997711181640625 5.9800000190734863281 6.0100002288818359375 5.9600000381469726562 5.9699997901916503906 6.0199999809265136719 6.1999998092651367188 6.3699998855590820312 6.4499998092651367188 6.3600001335144042969 6.3099999427795410156 6.0999999046325683594 6.2199997901916503906 6.25 6.2199997901916503906 6.3600001335144042969 6.4800000190734863281 6.340000152587890625 6.090000152587890625
5.6199998855590820312 5.6700000762939453125 5.7300000190734863281 5.659999847412109375 5.6300001144409179688 5.6900000572204589844 5.7800002098083496094 5.7600002288818359375 5.8699998855590820312 5.840000152587890625 5.7399997711181640625 5.7100000381469726562 5.6999998092651367188 5.7300000190734863281 5.6999998092651367188 5.7199997901916503906 5.7699999809265136719 5.7399997711181640625 5.7899999618530273438 5.8299999237060546875 5.8800001144409179688 5.8899998664855957031 5.9000000953674316406 5.9499998092651367188 5.9899997711181640625 6.0300002098083496094 6 6.0599999427795410156 6.3699998855590820312 6.3899998664855957031 6.2699999809265136719 6.1999998092651367188 6.1199998855590820312 6.090000152587890625 6.2199997901916503906 6.1999998092651367188 6.2399997711181640625 6.3000001907348632812 6.2199997901916503906 6.1300001144409179688 6.0300002098083496094
5.590000152587890625 5.6399998664855957031 5.6700000762939453125 5.7100000381469726562 5.5999999046325683594 5.6799998283386230469 5.8000001907348632812 5.8099999427795410156 5.7300000190734863281 5.7100000381469726562 5.7100000381469726562 5.6799998283386230469 5.8000001907348632812 5.7100000381469726562 5.75 5.7800002098083496094 5.7899999618530273438 5.840000152587890625 5.7699999809265136719 5.8800001144409179688 5.9000000953674316406 5.909999847412109375 5.9200000762939453125 5.9499998092651367188 5.9499998092651367188 5.9400000572204589844 5.9899997711181640625 6.0999999046325683594 6.3499999046325683594 6.25 6.090000152587890625 6.0599999427795410156 6.0599999427795410156 6.2300000190734863281 6.1500000953674316406 6.0599999427795410156 6.4600000381469726562 6.7899999618530273438 6.3200001716613769531 6.1399998664855957031 6.0399999618530273438
5.6199998855590820312 5.6199998855590820312 5.7199997901916503906 5.7199997901916503906 5.840000152587890625 5.7300000190734863281 5.7199997901916503906 5.6999998092651367188 5.7199997901916503906 5.659999847412109375 5.6900000572204589844 5.75 5.8200001716613769531 5.8800001144409179688 5.8000001907348632812 5.9000000953674316406 5.8899998664855957031 6.1999998092651367188 5.9499998092651367188 5.909999847412109375 5.9699997901916503906 6.0599999427795410156 6.0700001716613769531 6.0100002288818359375 6.0599999427795410156 6.0300002098083496094 6.090000152587890625 6.1199998855590820312 6.0700001716613769531 6.1199998855590820312 6.090000152587890625 6.0599999427795410156 6.1700000762939453125 6.4499998092651367188 6.1799998283386230469 6.0500001907348632812 7.3699998855590820312 7.6700000762939453125 6.5 6.1700000762939453125 6.1999998092651367188
5.6500000953674316406 5.6999998092651367188 5.7699999809265136719 5.6799998283386230469 5.8099999427795410156 5.8099999427795410156 5.7899999618530273438 5.75 5.7399997711181640625 5.7600002288818359375 5.7300000190734863281 5.7100000381469726562 5.8000001907348632812 5.7600002288818359375 5.7899999618530273438 5.8200001716613769531 5.8200001716613769531 5.8699998855590820312 5.9299998283386230469 6.0100002288818359375 6.1700000762939453125 6.0300002098083496094 6.0500001907348632812 5.9899997711181640625 5.9699997901916503906 5.9400000572204589844 5.9800000190734863281 6.0100002288818359375 5.9299998283386230469 6 6.1300001144409179688 6.1100001335144042969 5.9699997901916503906 6.1399998664855957031 6.0999999046325683594 6.6100001335144042969 7.5700001716613769531 7.5799999237060546875 6.5700001716613769531 6.3099999427795410156 6.0799999237060546875
5.6900000572204589844 5.7300000190734863281 5.7600002288818359375 5.7800002098083496094 5.7800002098083496094 5.8299999237060546875 5.8200001716613769531 5.8299999237060546875 5.8200001716613769531 5.7800002098083496094 5.8499999046325683594 5.7399997711181640625 5.8099999427795410156 5.7899999618530273438 5.840000152587890625 5.8699998855590820312 5.8800001144409179688 5.8699998855590820312 5.9200000762939453125 5.9600000381469726562 6.1500000953674316406 6.0199999809265136719 6 5.9800000190734863281 6.0199999809265136719 5.9499998092651367188 6.0199999809265136719 5.9899997711181640625 5.9899997711181640625 6.0199999809265136719 6.0700001716613769531 6.0500001907348632812 5.9699997901916503906 6.1900000572204589844 6.2800002098083496094 7.2399997711181640625 7.9400000572204589844 7.1100001335144042969 6.2800002098083496094 6.090000152587890625 6.0700001716613769531
5.659999847412109375 5.7300000190734863281 5.7199997901916503906 5.7699999809265136719 5.8000001907348632812 5.8099999427795410156 5.8299999237060546875 5.8499999046325683594 5.8600001335144042969 5.8600001335144042969 5.8800001144409179688 5.8600001335144042969 5.9299998283386230469 5.9899997711181640625 5.9699997901916503906 5.9299998283386230469 5.9800000190734863281 5.8699998855590820312 6.0199999809265136719 5.9400000572204589844 5.9699997901916503906 6.0100002288818359375 5.9000000953674316406 6.0500001907348632812 6.0100002288818359375 6 5.9899997711181640625 6 6 5.9899997711181640625 6.1500000953674316406 6.0500001907348632812 6 6.1500000953674316406 6.5100002288818359375 6.8499999046325683594 6.8699998855590820312 6.4299998283386230469 6.0399999618530273438 6.0700001716613769531 6.1100001335144042969
5.5599999427795410156 5.6900000572204589844 5.8000001907348632812 5.8600001335144042969 5.8899998664855957031 5.7300000190734863281 5.7399997711181640625 5.8000001907348632812 5.8099999427795410156 5.7899999618530273438 5.8299999237060546875 5.8099999427795410156 5.8200001716613769531 5.8600001335144042969 5.9200000762939453125 5.9800000190734863281 5.909999847412109375 5.9299998283386230469 5.8800001144409179688 5.8899998664855957031 5.9800000190734863281 5.9499998092651367188 6.0300002098083496094 6 6 5.9800000190734863281 5.9299998283386230469 5.9499998092651367188 6 6.0500001907348632812 6.0700001716613769531 5.9899997711181640625 6.0199999809265136719 6.1999998092651367188 6.1799998283386230469 6.0300002098083496094 5.9400000572204589844 5.9800000190734863281 6.0399999618530273438 6.090000152587890625 6.0999999046325683594
5.7199997901916503906 5.7100000381469726562 5.8499999046325683594 5.7800002098083496094 5.8099999427795410156 5.8000001907348632812 5.8099999427795410156 5.7600002288818359375 5.7699999809265136719 5.8299999237060546875 5.8200001716613769531 5.7399997711181640625 5.7399997711181640625 5.7100000381469726562 5.8099999427795410156 5.8899998664855957031 5.9400000572204589844 6.0799999237060546875 5.909999847412109375 5.9299998283386230469 5.9899997711181640625 6.0399999618530273438 5.9600000381469726562 6.0199999809265136719 5.9899997711181640625 5.9600000381469726562 6.0500001907348632812 6.0199999809265136719 5.9899997711181640625 6.1700000762939453125 6.1100001335144042969 6.0500001907348632812 6.0100002288818359375 6.0599999427795410156 6.090000152587890625 6.0199999809265136719 6.0300002098083496094 6.0300002098083496094 6.0799999237060546875 6.0300002098083496094 6.0700001716613769531
5.6799998283386230469 5.9299998283386230469 5.8899998664855957031 5.8699998855590820312 5.8200001716613769531 5.7699999809265136719 5.8899998664855957031 5.7199997901916503906 5.7600002288818359375 5.8099999427795410156 5.8000001907348632812 5.7300000190734863281 5.7600002288818359375 5.8200001716613769531 5.8299999237060546875 5.9499998092651367188 5.9299998283386230469 5.9800000190734863281 5.8899998664855957031 5.9600000381469726562 6.0199999809265136719 5.9899997711181640625 5.9899997711181640625 6.1199998855590820312 6.0599999427795410156 6.0199999809265136719 6.0300002098083496094 6.0100002288818359375 6.0199999809265136719 6.2399997711181640625 6.090000152587890625 6.1199998855590820312 6.340000152587890625 6.1399998664855957031 5.9699997901916503906 6 6.0100002288818359375 6.0599999427795410156 6.0599999427795410156 6.0300002098083496094 5.9499998092651367188
5.7300000190734863281 5.8200001716613769531 5.8000001907348632812 5.8699998855590820312 5.8899998664855957031 5.9400000572204589844 5.8499999046325683594 5.7300000190734863281 5.7199997901916503906 5.7199997901916503906 5.7699999809265136719 5.75 5.840000152587890625 5.7800002098083496094 5.8200001716613769531 5.8200001716613769531 5.8800001144409179688 5.8699998855590820312 5.9400000572204589844 5.9899997711181640625 6.0399999618530273438 6.0399999618530273438 6.0700001716613769531 6.1300001144409179688 6.2100000381469726562 6.1300001144409179688 6.1700000762939453125 6.1900000572204589844 6.0300002098083496094 6.1500000953674316406 6.0399999618530273438 6.0500001907348632812 6.159999847412109375 6.1300001144409179688 6.0500001907348632812 6.159999847412109375 5.9600000381469726562 6.0700001716613769531 6.0500001907348632812 6.0399999618530273438 6.1700000762939453125
5.7600002288818359375 5.9800000190734863281 5.8600001335144042969 5.7100000381469726562 5.8299999237060546875 5.9800000190734863281 5.8600001335144042969 5.8000001907348632812 5.7800002098083496094 5.8200001716613769531 5.7699999809265136719 5.9699997901916503906 5.840000152587890625 5.8200001716613769531 5.8000001907348632812 5.7899999618530273438 5.9200000762939453125 5.9299998283386230469 5.9499998092651367188 5.9400000572204589844 5.9400000572204589844 6.0300002098083496094 6.0999999046325683594 6.1799998283386230469 6.4400000572204589844 6.590000152587890625 6.5500001907348632812 6.5599999427795410156 5.9400000572204589844 6.0799999237060546875 6.0399999618530273438 6.0199999809265136719 6.0999999046325683594 6.159999847412109375 6.2600002288818359375 6.3499999046325683594 6.0999999046325683594 6.0500001907348632812 6 6.0700001716613769531 6.159999847412109375
5.6900000572204589844 5.7100000381469726562 5.8200001716613769531 5.659999847412109375 5.8200001716613769531 5.9699997901916503906 5.7399997711181640625 6 5.9200000762939453125 5.909999847412109375 5.8600001335144042969 5.9200000762939453125 5.8200001716613769531 5.8800001144409179688 5.8699998855590820312 5.9200000762939453125 5.9499998092651367188 5.9400000572204589844 5.9000000953674316406 5.9200000762939453125 5.909999847412109375 5.9899997711181640625 6.0300002098083496094 6.1199998855590820312 6.2100000381469726562 6.3200001716613769531 6.2699999809265136719 6.1700000762939453125 5.9400000572204589844 6.0500001907348632812 6.0300002098083496094 6.0999999046325683594 6.2300000190734863281 6.340000152587890625 6.1700000762939453125 6.2199997901916503906 6.3099999427795410156 6.0599999427795410156 6.0599999427795410156 6.2399997711181640625 6.1199998855590820312
5.7800002098083496094 5.8800001144409179688 5.8299999237060546875 5.7800002098083496094 5.6900000572204589844 5.6999998092651367188 5.8299999237060546875 5.9200000762939453125 6.0399999618530273438 6.0199999809265136719 5.909999847412109375 5.8699998855590820312 5.8200001716613769531 5.75 5.7600002288818359375 5.7600002288818359375 5.9000000953674316406 5.9400000572204589844 5.7399997711181640625 5.8200001716613769531 6.0300002098083496094 6.0100002288818359375 6 6.0199999809265136719 5.9000000953674316406 5.9200000762939453125 5.9400000572204589844 6.1900000572204589844 5.9800000190734863281 5.9800000190734863281 5.9400000572204589844 5.9000000953674316406 5.9299998283386230469 5.9400000572204589844 5.9600000381469726562 6.090000152587890625 6.0999999046325683594 6.0500001907348632812 6.0599999427795410156 6.1700000762939453125 6.1399998664855957031
5.6300001144409179688 5.6700000762939453125 5.5500001907348632812 5.6100001335144042969 5.5199999809265136719 5.6399998664855957031 5.8099999427795410156 5.8600001335144042969 5.7699999809265136719 5.659999847412109375 5.6300001144409179688 5.6999998092651367188 5.6300001144409179688 5.5799999237060546875 5.5399999618530273438 5.590000152587890625 5.5999999046325683594 5.6799998283386230469 5.6500000953674316406 5.6199998855590820312 5.6999998092651367188 5.7100000381469726562 5.6900000572204589844 5.7199997901916503906 5.8499999046325683594 5.6500000953674316406 5.7199997901916503906 5.8000001907348632812 5.8099999427795410156 5.8800001144409179688 5.9499998092651367188 5.7899999618530273438 5.7899999618530273438 5.8499999046325683594 5.9499998092651367188 5.9899997711181640625 6.0700001716613769531 6.0199999809265136719 6.0199999809265136719 6.0100002288818359375 6.1199998855590820312
5.7699999809265136719 5.8600001335144042969 5.7899999618530273438 5.7199997901916503906 5.7600002288818359375 5.8699998855590820312 5.8099999427795410156 5.8099999427795410156 5.7399997711181640625 5.7199997901916503906 5.9899997711181640625 5.840000152587890625 5.6900000572204589844 5.8800001144409179688 5.7300000190734863281 5.7699999809265136719 5.8200001716613769531 6.0300002098083496094 5.8699998855590820312 6.0700001716613769531 5.9299998283386230469 6.1500000953674316406 5.8800001144409179688 6.1399998664855957031 5.8200001716613769531 6.0999999046325683594 6.2600002288818359375 6.1799998283386230469 7 6.0199999809265136719 6.1500000953674316406 6.75 6.1799998283386230469 6.3200001716613769531 6.4400000572204589844 6.4200000762939453125 6.5799999237060546875 6.4600000381469726562 6.4699997901916503906 6.5700001716613769531 6.5799999237060546875
7.0100002288818359375 7.0500001907348632812 7.1100001335144042969 7.5 7.340000152587890625 7.1399998664855957031 7.25 7.5100002288818359375 7.5799999237060546875 7.3299999237060546875 7.5100002288818359375 8.06999969482421875 7.8600001335144042969 7.4400000572204589844 7.7399997711181640625 7.7800002098083496094 7.909999847412109375 8.0799999237060546875 8.0500001907348632812 8 7.9499998092651367188 8.2200002670288085938 7.9400000572204589844 7.6999998092651367188 8.1099996566772460938 8.1099996566772460938 7.9800000190734863281 8.1400003433227539062 8.3299999237060546875 8.7799997329711914062 8.4200000762939453125 8.520000457763671875 8.229999542236328125 8.4499998092651367188 8.81999969482421875 8.3999996185302734375 8.8800001144409179688 8.6499996185302734375 8.520000457763671875 8.590000152587890625 8.6000003814697265625
9.1199998855590820312 9.1300001144409179688 9.1099996566772460938 9.18000030517578125 9.25 9.2600002288818359375 9.4899997711181640625 9.31999969482421875 9.3000001907348632812 9.3299999237060546875 9.2600002288818359375 9.5100002288818359375 9.5600004196166992188 9.5600004196166992188 9.4899997711181640625 9.479999542236328125 9.4899997711181640625 9.5299997329711914062 9.5399999618530273438 9.520000457763671875 9.6099996566772460938 9.5799999237060546875 9.6400003433227539062 9.5600004196166992188 9.6099996566772460938 9.56999969482421875 9.5600004196166992188 9.6300001144409179688 9.6700000762939453125 9.6999998092651367188 9.6300001144409179688 9.590000152587890625 9.6899995803833007812 9.659999847412109375 9.7200002670288085938 9.7200002670288085938 9.6999998092651367188 9.6999998092651367188 9.7200002670288085938 9.770000457763671875 9.7399997711181640625
