wildfire/work/fuelmodels/1831/aspect.asc
ncols        240
nrows        303
xllcorner    180695.000000000000
yllcorner    482690.000000000000
cellsize     5.000000000000
NODATA_value   -999
[rows 152 to 170 of 303, columns 168 to 209 of 240]
278.230316162109375 56.31008148193359375 92.07012939453125 102.52893829345703125 90.000091552734375 328.49444580078125 336.973541259765625 12.011511802673339844 8.6155004501342773438 316.908111572265625 325.61993408203125 314.99981689453125 253.300689697265625 187.0278472900390625 191.1287384033203125 213.110809326171875 227.321044921875 229.398284912109375 256.328155517578125 258.821502685546875 254.80035400390625 251.932952880859375 242.5065765380859375 222.289215087890625 205.7250823974609375 190.2217254638671875 168.6897125244140625 165.2800445556640625 167.1952972412109375 166.217926025390625 217.029937744140625 251.9795684814453125 275.476837158203125 303.11077880859375 322.470794677734375 337.28485107421875 325.36553955078125 314.9991455078125 314.999267578125 319.299163818359375 326.23370361328125 333.9903564453125
264.66717529296875 123.31055450439453125 94.763641357421875 68.62943267822265625 34.795928955078125 334.65289306640625 319.92626953125 22.750913619995117188 29.538787841796875 356.184722900390625 340.3455810546875 78.68988800048828125 175.1007232666015625 150.4609375 192.338592529296875 252.727691650390625 273.310272216796875 302.968597412109375 298.834716796875 259.4716796875 230.3704833984375 229.2358245849609375 213.274322509765625 203.0846405029296875 200.484466552734375 184.4306793212890625 174.1089630126953125 175.7736053466796875 187.3053436279296875 199.0929718017578125 241.6202392578125 267.420257568359375 281.309326171875 293.628692626953125 311.582763671875 327.723724365234375 319.084808349609375 309.90704345703125 312.9090576171875 316.50665283203125 321.3834228515625 322.430633544921875
229.5937347412109375 178.7263946533203125 116.0746002197265625 15.524027824401855469 354.935577392578125 352.0555419921875 328.735260009765625 1.8478218317031860352 18.06049346923828125 4.5737977027893066406 37.874950408935546875 115.4973297119140625 161.564666748046875 162.1210479736328125 247.4786224365234375 266.893280029296875 252.406951904296875 244.5575714111328125 244.056976318359375 226.2183685302734375 217.599884033203125 217.6209259033203125 204.8288726806640625 203.9620208740234375 204.3575286865234375 190.4911041259765625 195.7714385986328125 211.7589111328125 226.5072174072265625 236.7246551513671875 255.749359130859375 266.2408447265625 275.0284423828125 287.891204833984375 309.609954833984375 335.32244873046875 339.144775390625 322.747039794921875 315.381317138671875 312.05291748046875 313.6134033203125 315.987030029296875
232.6662445068359375 220.6008758544921875 196.69903564453125 294.1458740234375 316.7353515625 359.9989013671875 331.3126220703125 334.83148193359375 5.0131154060363769531 8.26705169677734375 38.018817901611328125 50.289974212646484375 53.673061370849609375 334.4390869140625 300.963043212890625 294.352325439453125 268.5673828125 245.6464691162109375 241.16387939453125 237.5281524658203125 253.8857269287109375 252.0948638916015625 234.018646240234375 231.2628326416015625 237.1437225341796875 250.67620849609375 271.396575927734375 270.938934326171875 272.602447509765625 284.420196533203125 278.971954345703125 279.6368408203125 291.9844970703125 303.4482421875 310.394744873046875 327.83990478515625 338.19781494140625 330.992828369140625 325.270263671875 320.43963623046875 321.91046142578125 321.92633056640625
237.7780303955078125 223.5306396484375 216.5283966064453125 260.27166748046875 287.44647216796875 353.65765380859375 248.6290435791015625 235.783477783203125 190.712890625 171.8708038330078125 18.886053085327148438 32.69944000244140625 17.810529708862304688 350.836761474609375 348.35321044921875 350.3258056640625 342.49835205078125 319.9691162109375 298.60980224609375 304.991302490234375 314.05987548828125 323.245452880859375 331.219482421875 298.6632080078125 281.092987060546875 281.10321044921875 288.434417724609375 298.85498046875 300.4991455078125 310.502227783203125 307.545013427734375 294.443267822265625 285.823272705078125 287.336090087890625 292.347442626953125 305.95977783203125 324.328765869140625 330.04205322265625 332.46307373046875 332.67529296875 340.3636474609375 345.397735595703125
241.606475830078125 220.6009674072265625 231.6661224365234375 241.6199951171875 196.3890380859375 185.3320159912109375 184.144134521484375 185.59881591796875 179.225494384765625 186.8695068359375 197.7577362060546875 162.7581787109375 315.987213134765625 328.347930908203125 355.899658203125 3.8654682636260986328 0.62961208820343017578 350.27801513671875 351.46844482421875 345.734649658203125 317.861724853515625 322.495269775390625 341.93896484375 330.39495849609375 307.97088623046875 289.13311767578125 277.373291015625 288.995880126953125 294.273651123046875 297.645263671875 305.271697998046875 302.27490234375 276.25836181640625 263.324920654296875 267.533660888671875 282.61126708984375 304.660369873046875 319.22149658203125 320.2962646484375 324.781646728515625 353.990264892578125 21.32929229736328125
254.7443695068359375 228.9904632568359375 238.3918609619140625 216.8693389892578125 184.5736083984375 197.622039794921875 186.7090911865234375 156.99072265625 159.3252716064453125 179.9994354248046875 194.1838226318359375 196.8210296630859375 228.4794769287109375 239.1164398193359375 230.4768218994140625 320.388702392578125 346.298797607421875 348.689300537109375 2.7613065242767333984 1.8595288991928100586 347.701507568359375 354.31317138671875 357.478424072265625 345.62933349609375 328.308349609375 326.688507080078125 319.938446044921875 316.789215087890625 316.168426513671875 300.2841796875 296.5643310546875 313.280853271484375 310.8287353515625 285.5042724609375 273.306060791015625 272.218994140625 277.279632568359375 290.22418212890625 291.036834716796875 268.830322265625 185.7097930908203125 82.87462615966796875
191.820953369140625 252.8960723876953125 269.355377197265625 234.78204345703125 207.8972015380859375 221.5311737060546875 185.5983734130859375 145.61956787109375 130.4258880615234375 158.49774169921875 196.8209075927734375 213.530029296875 220.341217041015625 224.1443634033203125 216.642913818359375 221.2354278564453125 238.411865234375 271.25384521484375 335.61737060546875 353.03558349609375 351.763580322265625 2.8155794143676757812 2.3336613178253173828 358.718048095703125 350.330474853515625 351.8690185546875 339.637542724609375 331.55633544921875 341.138397216796875 320.5108642578125 306.69366455078125 315.391693115234375 334.461761474609375 326.309173583984375 299.972198486328125 281.787506103515625 268.43719482421875 254.80865478515625 228.093597412109375 202.5834197998046875 193.13360595703125 178.451385498046875
194.4200286865234375 256.550689697265625 271.301239013671875 275.192718505859375 236.30950927734375 219.5584869384765625 188.128204345703125 60.254810333251953125 34.562465667724609375 14.534576416015625 25.2010345458984375 275.1939697265625 261.157501220703125 264.684783935546875 258.415985107421875 251.7865753173828125 250.6831207275390625 245.417816162109375 242.9925689697265625 251.240814208984375 291.42462158203125 335.15106201171875 349.46453857421875 0.83030068874359130859 359.48297119140625 357.87811279296875 345.41876220703125 346.833343505859375 6.0089659690856933594 339.89056396484375 314.652099609375 314.658294677734375 330.477874755859375 333.1651611328125 317.68310546875 288.4342041015625 257.431915283203125 228.742431640625 204.375946044921875 193.266082763671875 204.6764678955078125 223.2635650634765625
24.775403976440429688 269.999481201171875 261.157623291015625 264.288787841796875 317.384796142578125 340.559722900390625 335.13629150390625 347.470123291015625 17.818714141845703125 14.26439666748046875 13.32448577880859375 351.869110107421875 325.2607421875 308.94512939453125 302.0416259765625 300.7733154296875 306.86920166015625 308.344970703125 282.698974609375 282.23541259765625 299.637542724609375 285.421417236328125 280.49090576171875 335.3756103515625 347.04644775390625 349.9017333984375 343.569915771484375 349.063201904296875 12.449912071228027344 355.373687744140625 331.388763427734375 327.803497314453125 328.33856201171875 318.714630126953125 306.179046630859375 275.439544677734375 245.745391845703125 227.93505859375 222.473297119140625 211.23883056640625 224.9994659423828125 256.808807373046875
22.249193191528320312 300.172943115234375 295.345611572265625 308.210174560546875 322.81427001953125 355.46148681640625 340.11456298828125 354.80517578125 53.12943267822265625 13.39232635498046875 10.491742134094238281 308.773345947265625 306.3038330078125 299.6932373046875 300.85687255859375 302.945159912109375 311.47772216796875 332.373291015625 333.34222412109375 323.166473388671875 335.914337158203125 342.376861572265625 310.313262939453125 312.27288818359375 289.410736083984375 298.10064697265625 312.273101806640625 312.953948974609375 352.799896240234375 353.485015869140625 341.448974609375 345.676422119140625 351.749847412109375 0.57879221439361572266 1.9750937223434448242 291.5711669921875 265.313751220703125 270.67352294921875 273.36590576171875 255.9628448486328125 261.1185302734375 270.355255126953125
339.56646728515625 313.42987060546875 313.830078125 289.289215087890625 258.230926513671875 224.99810791015625 171.8694915771484375 141.3387908935546875 89.9979705810546875 335.555694580078125 347.004669189453125 291.540191650390625 284.2994384765625 286.7818603515625 288.434295654296875 289.1163330078125 290.047760009765625 304.231109619140625 322.725860595703125 328.88726806640625 338.30413818359375 346.96337890625 340.47979736328125 1.0609353780746459961 289.4854736328125 253.201080322265625 236.3094329833984375 249.443389892578125 242.74407958984375 254.8582611083984375 292.589385986328125 323.85107421875 346.9605712890625 16.419485092163085938 12.331074714660644531 7.8533945083618164062 350.881256103515625 295.522705078125 319.23577880859375 339.44329833984375 283.6263427734375 279.25946044921875
308.366851806640625 295.709320068359375 272.48895263671875 221.423736572265625 238.6264190673828125 230.43939208984375 180.0023193359375 341.56427001953125 23.198724746704101562 306.86895751953125 304.69451904296875 306.383575439453125 298.950164794921875 290.259765625 284.392913818359375 276.453338623046875 273.150054931640625 277.706787109375 285.209716796875 302.855010986328125 308.018310546875 293.198211669921875 314.999267578125 104.7433319091796875 207.254730224609375 223.2639007568359375 202.2291259765625 207.2898406982421875 207.0606689453125 219.7023773193359375 230.193878173828125 215.7269287109375 210.742431640625 221.3080291748046875 341.09454345703125 2.5233190059661865234 4.3010530471801757812 342.569305419921875 359.799560546875 8.2758626937866210938 344.57708740234375 306.092559814453125
310.81427001953125 301.75909423828125 248.9623565673828125 303.30963134765625 321.202606201171875 335.13555908203125 343.810028076171875 339.44329833984375 18.4351043701171875 349.990875244140625 296.964813232421875 287.621612548828125 294.17840576171875 289.897705078125 277.3211669921875 258.81396484375 258.221405029296875 257.60858154296875 248.7489013671875 212.734710693359375 192.8746795654296875 212.195220947265625 175.4617156982421875 150.549530029296875 182.0695953369140625 193.95404052734375 199.915924072265625 222.3671112060546875 240.0679931640625 240.5803680419921875 224.1630706787109375 212.768096923828125 221.4960174560546875 231.193328857421875 241.4698486328125 266.39093017578125 336.412261962890625 336.8580322265625 3.7585930824279785156 7.2597055435180664062 354.40643310546875 349.803192138671875
331.259368896484375 9.4620790481567382812 332.102081298828125 315.867340087890625 338.62823486328125 345.254669189453125 319.513336181640625 350.394073486328125 10.954097747802734375 345.4102783203125 331.07281494140625 307.625579833984375 307.932586669921875 306.8692626953125 290.32257080078125 259.734283447265625 245.17010498046875 234.5103912353515625 222.94354248046875 192.8815765380859375 187.25286865234375 204.0843658447265625 177.3240509033203125 159.0916748046875 192.9255523681640625 226.6128997802734375 264.506927490234375 290.184967041015625 306.46832275390625 309.804718017578125 292.713897705078125 283.695404052734375 283.260284423828125 279.582366943359375 258.87030029296875 231.286407470703125 219.9796600341796875 220.66119384765625 214.4784698486328125 308.479339599609375 328.553009033203125 352.35577392578125
314.999542236328125 5.9059085845947265625 330.25433349609375 316.331756591796875 8.12964630126953125 346.42840576171875 299.2183837890625 331.556365966796875 8.365871429443359375 335.32244873046875 335.135498046875 310.9849853515625 308.580413818359375 327.224395751953125 330.438934326171875 324.7125244140625 303.309906005859375 249.0196380615234375 214.3072509765625 193.2981719970703125 199.732330322265625 209.5474090576171875 185.5523529052734375 176.3473968505859375 247.47900390625 281.4749755859375 295.941650390625 299.267303466796875 314.55511474609375 335.49169921875 332.552703857421875 314.49224853515625 303.29644775390625 311.05413818359375 329.812713623046875 333.5992431640625 314.332916259765625 274.15899658203125 238.85076904296875 224.341033935546875 242.5484619140625 266.36651611328125
314.99945068359375 354.143157958984375 349.59124755859375 321.33941650390625 318.36639404296875 341.56463623046875 283.2403564453125 280.37542724609375 348.68951416015625 2.8627393245697021484 281.72454833984375 286.606292724609375 294.443206787109375 322.06182861328125 328.464447021484375 335.673614501953125 354.093048095703125 356.932708740234375 224.9994659423828125 212.573638916015625 236.920318603515625 233.6857452392578125 227.4359588623046875 258.68975830078125 277.00067138671875 280.332061767578125 290.343475341796875 293.333465576171875 304.060333251953125 328.200347900390625 331.388671875 306.438323974609375 298.300079345703125 310.425445556640625 332.3302001953125 342.596527099609375 344.187713623046875 349.002960205078125 350.46917724609375 321.427947998046875 282.123199462890625 256.6749267578125
314.225006103515625 344.8582763671875 19.982870101928710938 14.470063209533691406 332.64947509765625 320.708984375 314.998260498046875 271.887481689453125 274.398193359375 86.4957427978515625 260.21746826171875 269.73297119140625 276.071868896484375 294.32489013671875 303.98211669921875 307.486968994140625 357.878143310546875 48.09401702880859375 65.17034149169921875 296.0291748046875 277.057220458984375 267.87835693359375 275.855682373046875 289.4395751953125 283.348175048828125 278.373687744140625 282.03851318359375 288.58831787109375 303.61016845703125 332.353271484375 353.21954345703125 319.303680419921875 287.70904541015625 292.708709716796875 317.54412841796875 333.80712890625 339.19244384765625 0.30976960062980651855 8.4146680831909179688 344.383209228515625 330.029693603515625 313.3626708984375
322.593902587890625 320.946044921875 3.5761842727661132812 14.139077186584472656 20.556245803833007812 12.804085731506347656 333.43353271484375 280.619049072265625 254.05438232421875 79.99161529541015625 300.6766357421875 273.963958740234375 261.15753173828125 249.962158203125 236.4205780029296875 221.3081512451171875 199.2035980224609375 123.530059814453125 99.292938232421875 297.97882080078125 291.800628662109375 279.781707763671875 290.613037109375 310.762908935546875 307.8106689453125 295.40045166015625 285.603240966796875 285.944671630859375 296.33697509765625 320.370269775390625 0.80679100751876831055 339.200103759765625 290.360931396484375 273.220367431640625 279.314117431640625 305.39410400390625 333.8853759765625 7.2670216560363769531 2.4292547702789306641 350.064971923828125 339.96197509765625 329.55950927734375
