wildfire/work/fuelmodels/1831/aspect.asc
ncols        240
nrows        303
xllcorner    180695.000000000000
yllcorner    482690.000000000000
cellsize     5.000000000000
NODATA_value   -999
[rows 95 to 113 of 303, columns 126 to 167 of 240]
331.820526123046875 333.003387451171875 348.230804443359375 40.101016998291015625 60.422054290771484375 56.31008148193359375 29.84615325927734375 37.6475067138671875 66.19384765625 114.44354248046875 153.434600830078125 168.92926025390625 178.8058319091796875 163.886260986328125 167.9881439208984375 169.379791259765625 158.4981231689453125 201.0370941162109375 211.372711181640625 157.24853515625 156.9905548095703125 184.59979248046875 170.6549835205078125 136.569061279296875 141.519439697265625 166.2632904052734375 272.7921142578125 292.619293212890625 33.23136138916015625 16.1884765625 341.564117431640625 334.5360107421875 292.832977294921875 282.52801513671875 276.33966064453125 256.29248046875 252.4740447998046875 84.80501556396484375 127.87451934814453125 257.4703369140625 314.999267578125 219.2893218994140625
314.999267578125 326.5914306640625 1.2728112936019897461 48.012737274169921875 53.325458526611328125 46.974864959716796875 62.35407257080078125 84.6439971923828125 85.87232208251953125 91.548126220703125 94.76374053955078125 79.6957550048828125 114.4432373046875 131.099090576171875 152.037445068359375 170.445220947265625 156.6654815673828125 191.496185302734375 203.2942352294921875 180.923736572265625 160.3456878662109375 169.159271240234375 178.0580596923828125 149.1981048583984375 152.35357666015625 248.1981048583984375 265.50238037109375 247.20306396484375 185.194183349609375 334.17767333984375 333.4339599609375 354.2889404296875 329.620574951171875 290.461517333984375 301.292022705078125 289.056915283203125 282.264190673828125 82.11667633056640625 121.2388763427734375 226.87738037109375 218.417816162109375 143.129974365234375
272.601715087890625 285.25469970703125 2.1211214065551757812 43.492717742919921875 44.999652862548828125 51.78871917724609375 75.37872314453125 101.928924560546875 105.7245635986328125 110.2248992919921875 118.610504150390625 141.1153411865234375 145.4371185302734375 124.7957611083984375 117.29938507080078125 146.0031280517578125 141.2030181884765625 166.328521728515625 194.369720458984375 191.76788330078125 184.3982696533203125 151.5736236572265625 179.9995880126953125 191.6888580322265625 81.8683929443359375 275.1937255859375 274.02752685546875 264.805023193359375 269.999664306640625 285.944671630859375 296.563873291015625 333.43426513671875 349.777191162109375 310.600677490234375 298.609619140625 294.622467041015625 289.74603271484375 85.4260101318359375 92.72615814208984375 284.620269775390625 314.999267578125 30.964649200439453125
338.024383544921875 300.57830810546875 329.620574951171875 21.037771224975585938 40.76319122314453125 68.0701751708984375 94.39829254150390625 106.38916778564453125 103.24024200439453125 108.4346923828125 126.468963623046875 138.093841552734375 137.38543701171875 140.5988922119140625 130.46197509765625 261.870574951171875 10.49164581298828125 57.937824249267578125 135.001495361328125 213.6893157958984375 198.434478759765625 133.51177978515625 223.602264404296875 280.144775390625 326.495880126953125 335.099700927734375 5.0260372161865234375 14.139077186584472656 314.999267578125 325.17498779296875 325.783538818359375 321.631622314453125 340.90594482421875 326.309417724609375 318.813812255859375 294.443145751953125 281.975372314453125 74.84568023681640625 19.536563873291015625 321.11468505859375 2.7927606105804443359 41.72967529296875
12.692441940307617188 344.0535888671875 333.885589599609375 6.8429126739501953125 59.534332275390625 81.13536834716796875 89.4211578369140625 89.9999237060546875 77.9051971435546875 69.1454010009765625 73.8106842041015625 96.0726318359375 101.3098602294921875 109.025360107421875 112.55721282958984375 257.618621826171875 174.0925445556640625 105.3266448974609375 152.5257110595703125 201.8003692626953125 151.3136138916015625 138.4680023193359375 287.649658203125 274.0850830078125 271.25018310546875 280.93048095703125 70.20098114013671875 67.93209075927734375 320.491302490234375 328.78076171875 341.56427001953125 316.362945556640625 330.592193603515625 340.462646484375 344.0540771484375 311.4232177734375 250.5597381591796875 85.3642425537109375 333.434326171875 308.344879150390625 56.9759521484375 68.80560302734375
58.133518218994140625 334.572296142578125 345.19097900390625 20.46236419677734375 75.42569732666015625 78.69000244140625 57.87502288818359375 46.507503509521484375 38.745880126953125 47.6941070556640625 58.324275970458984375 78.68988800048828125 106.50420379638671875 106.38934326171875 104.743560791015625 187.2056427001953125 168.44635009765625 153.9242706298828125 187.8827362060546875 173.65924072265625 143.5832977294921875 264.0931396484375 284.6201171875 285.46063232421875 247.425323486328125 213.6341552734375 173.0723876953125 140.7103729248046875 320.90533447265625 331.857391357421875 6.3397769927978515625 291.613800048828125 308.926666259765625 339.10125732421875 358.726104736328125 0 296.5643310546875 314.999267578125 255.9628448486328125 236.6330108642578125 113.7493438720703125 59.931301116943359375
228.813385009765625 304.379364013671875 343.008392333984375 30.499841690063476562 69.1788482666015625 70.42661285400390625 40.426097869873046875 24.114213943481445312 23.096689224243164062 40.56333160400390625 50.6090850830078125 67.40972900390625 89.99991607666015625 113.58681488037109375 125.869476318359375 132.2733154296875 137.76995849609375 177.18414306640625 210.96295166015625 198.4341278076171875 343.4947509765625 315.615234375 317.173797607421875 327.993499755859375 311.366241455078125 288.434478759765625 262.146240234375 249.17864990234375 259.3800048828125 144.46051025390625 251.5622711181640625 278.672149658203125 262.183929443359375 222.2731170654296875 161.5653076171875 171.8708038330078125 323.12957763671875 322.124481201171875 348.689239501953125 266.632232666015625 204.4442291259765625 109.35858154296875
250.993377685546875 279.461578369140625 44.999897003173828125 119.054290771484375 93.6010589599609375 96.4493560791015625 145.7127227783203125 214.379608154296875 21.193681716918945312 34.0112152099609375 42.662689208984375 63.543609619140625 82.600189208984375 115.67656707763671875 135.894866943359375 117.25467681884765625 84.52245330810546875 161.565216064453125 272.0447998046875 307.092254638671875 306.068817138671875 312.2403564453125 319.027618408203125 327.37969970703125 295.70892333984375 279.461761474609375 300.96356201171875 253.7392730712890625 253.1231842041015625 312.397125244140625 336.19354248046875 330.017608642578125 302.9046630859375 314.999267578125 20.772047042846679688 333.433441162109375 332.7440185546875 318.46759033203125 18.434906005859375 73.30063629150390625 168.02423095703125 137.2600860595703125
232.7113494873046875 234.2928314208984375 166.1845855712890625 129.97564697265625 137.1689910888671875 135.371734619140625 165.2875823974609375 195.944915771484375 205.4971771240234375 230.7101593017578125 62.912418365478515625 77.24977874755859375 87.2254486083984375 103.3922271728515625 134.999908447265625 218.1561279296875 69.1023712158203125 356.530670166015625 316.659576416015625 320.27325439453125 306.982330322265625 274.5736083984375 248.6289825439453125 268.0247802734375 323.529632568359375 288.4342041015625 318.87786865234375 341.249603271484375 323.929718017578125 299.47509765625 294.77447509765625 346.606658935546875 329.420013427734375 317.861724853515625 7.2533273696899414062 350.83660888671875 336.57061767578125 339.7744140625 37.874729156494140625 60.42195892333984375 80.753662109375 98.58345794677734375
205.520233154296875 208.6513519287109375 188.3434295654296875 158.758270263671875 153.0282135009765625 151.624114990234375 172.7193756103515625 200.4218902587890625 210.0178985595703125 206.3122100830078125 152.175445556640625 105.51261138916015625 98.6953125 101.16931915283203125 120.963653564453125 195.7080078125 188.4263153076171875 276.339385986328125 300.14056396484375 301.428680419921875 298.738616943359375 229.39739990234375 263.33258056640625 263.156463623046875 284.4200439453125 279.344085693359375 278.614990234375 304.99139404296875 345.378326416015625 355.970947265625 300.617828369140625 312.613250732421875 333.4337158203125 261.86993408203125 295.34613037109375 344.290740966796875 343.609710693359375 343.8099365234375 48.1797943115234375 49.635467529296875 46.301876068115234375 46.347934722900390625
192.757110595703125 196.72467041015625 186.9141998291015625 174.9504241943359375 165.1462860107421875 165.4153289794921875 182.873077392578125 198.8578033447265625 209.631011962890625 199.8950347900390625 172.0924072265625 131.3189849853515625 112.08989715576171875 117.5249481201171875 136.168853759765625 168.110931396484375 201.2967529296875 223.4514312744140625 247.90509033203125 260.271728515625 152.818511962890625 239.035400390625 269.999237060546875 241.5041351318359375 253.70550537109375 274.398040771484375 270.590057373046875 258.2537841796875 262.4755859375 354.5589599609375 333.777191162109375 332.10205078125 354.2884521484375 353.210052490234375 317.861724853515625 332.818572998046875 352.874755859375 291.370025634765625 67.52042388916015625 78.0235443115234375 104.03568267822265625 16.699504852294921875
188.806396484375 190.57611083984375 181.6720123291015625 177.345367431640625 171.326385498046875 179.292327880859375 186.4584197998046875 194.600738525390625 205.809600830078125 194.0358428955078125 176.5573883056640625 154.591827392578125 134.4090118408203125 142.0663909912109375 183.1793365478515625 179.9995880126953125 195.9444122314453125 261.8692626953125 266.58270263671875 261.11871337890625 91.9743804931640625 254.9308929443359375 245.897247314453125 244.7985687255859375 267.8245849609375 269.999267578125 275.905364990234375 273.990234375 265.100341796875 254.7445526123046875 282.65191650390625 310.313262939453125 342.645111083984375 354.986114501953125 343.779052734375 13.671161651611328125 73.178131103515625 204.44287109375 133.2642669677734375 94.635223388671875 69.227081298828125 274.763641357421875
190.4451904296875 193.0993499755859375 177.3098297119140625 169.1281280517578125 170.1181793212890625 186.4903564453125 188.49810791015625 188.8413238525390625 200.6949615478515625 189.6225738525390625 179.814178466796875 167.4478912353515625 146.987213134765625 154.766937255859375 207.7178192138671875 195.1004638671875 219.2891387939453125 273.575897216796875 276.73553466796875 278.129608154296875 356.185028076171875 326.513519287109375 314.999420166015625 319.863616943359375 292.693115234375 267.509765625 273.742218017578125 289.229949951171875 302.844390869140625 329.263702392578125 321.80828857421875 305.990692138671875 328.79852294921875 342.8468017578125 341.231201171875 23.198369979858398438 49.304447174072265625 56.310291290283203125 122.005523681640625 32.904766082763671875 20.820817947387695312 7.8156876564025878906
192.13079833984375 195.15911865234375 180.9285888671875 170.753448486328125 169.7243194580078125 179.99951171875 192.9005584716796875 187.6400146484375 194.0358123779296875 184.0629730224609375 182.0985260009765625 179.99951171875 165.004547119140625 189.60498046875 193.5699615478515625 200.5555419921875 233.9722747802734375 255.2558135986328125 262.605377197265625 264.64361572265625 283.670379638671875 300.12359619140625 321.2413330078125 336.1239013671875 327.993865966796875 296.833343505859375 289.248779296875 298.95928955078125 306.869232177734375 326.559417724609375 333.923797607421875 329.14501953125 346.05865478515625 344.1090087890625 342.837310791015625 22.873563766479492188 34.491916656494140625 44.5303497314453125 38.516696929931640625 319.23529052734375 50.194103240966796875 12.994832038879394531
203.310302734375 202.335052490234375 188.6151580810546875 171.326416015625 159.393524169921875 173.7454833984375 207.7405242919921875 197.4744720458984375 192.3076019287109375 193.240203857421875 179.9997100830078125 183.5442352294921875 184.184417724609375 208.5227203369140625 232.6956634521484375 294.22723388671875 291.800750732421875 281.51312255859375 269.08990478515625 258.365509033203125 271.789154052734375 279.02685546875 291.643524169921875 326.002471923828125 330.06768798828125 313.00146484375 304.113739013671875 305.444915771484375 307.207244873046875 311.423095703125 319.084869384765625 332.591583251953125 353.490234375 342.29876708984375 355.524261474609375 30.963685989379882812 39.685367584228515625 67.02712249755859375 63.970165252685546875 293.961517333984375 95.71053314208984375 296.564605712890625
291.037139892578125 278.615203857421875 266.185211181640625 89.99979400634765625 88.024993896484375 74.7453765869140625 264.667083740234375 237.338409423828125 191.3093719482421875 215.537261962890625 177.797149658203125 172.2342987060546875 233.1293792724609375 255.3426361083984375 249.7744293212890625 272.60186767578125 297.3492431640625 296.810302734375 284.743011474609375 277.90655517578125 286.5865478515625 292.432281494140625 303.87017822265625 322.942626953125 312.838134765625 300.216522216796875 291.630218505859375 289.53594970703125 295.016143798828125 295.22320556640625 292.72906494140625 306.99456787109375 343.39215087890625 327.52789306640625 64.5366363525390625 95.38919830322265625 101.0562744140625 92.815399169921875 74.30982208251953125 51.009006500244140625 99.4626312255859375 263.658203125
335.555389404296875 302.005096435546875 287.649566650390625 357.136688232421875 30.718873977661132812 17.560291290283203125 326.63287353515625 257.73388671875 164.357666015625 192.6522979736328125 194.5340576171875 208.2999725341796875 259.5914306640625 264.093109130859375 265.235626220703125 268.646148681640625 275.598724365234375 289.6864013671875 307.56787109375 307.746307373046875 290.972747802734375 296.5643310546875 303.310028076171875 319.288482666015625 307.4757080078125 300.80084228515625 304.957275390625 297.950286865234375 277.124237060546875 270.450439453125 268.797576904296875 263.08831787109375 224.9994659423828125 194.0358428955078125 126.86971282958984375 102.26500701904296875 84.093780517578125 65.82831573486328125 25.346050262451171875 31.115322113037109375 30.529664993286132812 337.442047119140625
13.840659141540527344 2.3859763145446777344 302.004974365234375 320.7099609375 11.689348220825195312 34.991756439208984375 32.470943450927734375 71.5615997314453125 134.999114990234375 171.8697967529296875 217.23468017578125 210.529205322265625 234.4617919921875 263.21051025390625 291.036956787109375 290.658172607421875 290.71343994140625 292.334808349609375 302.1514892578125 306.702178955078125 291.37005615234375 301.40838623046875 319.8983154296875 333.12091064453125 318.288543701171875 313.49188232421875 312.27288818359375 276.910614013671875 276.3397216796875 283.67071533203125 295.839080810546875 327.19970703125 358.4918212890625 355.710052490234375 8.7462129592895507812 16.132757186889648438 34.2418365478515625 41.073909759521484375 11.8887176513671875 28.842615127563476562 25.90643310546875 354.093170166015625
6.0957722663879394531 352.5032958984375 354.935638427734375 354.506805419921875 4.1445593833923339844 44.999897003173828125 17.927770614624023438 18.43482208251953125 42.66255950927734375 9.4624481201171875 353.65765380859375 231.3397979736328125 275.4398193359375 280.619110107421875 268.897735595703125 270.923431396484375 276.2412109375 266.25640869140625 245.6947174072265625 267.27288818359375 277.46441650390625 287.50640869140625 318.9901123046875 347.534088134765625 308.1068115234375 300.963043212890625 330.944549560546875 298.93927001953125 307.36602783203125 299.93084716796875 280.49066162109375 221.6327362060546875 292.573211669921875 345.96282958984375 5.7105660438537597656 20.265689849853515625 45.000003814697265625 64.5366363525390625 59.0364227294921875 60.708217620849609375 55.953823089599609375 0.00039029464824125170708
