wildfire/work/fuelmodels/1831/aspect.asc
ncols        240
nrows        303
xllcorner    180695.000000000000
yllcorner    482690.000000000000
cellsize     5.000000000000
NODATA_value   -999
[rows 190 to 208 of 303, columns 168 to 209 of 240]
45.000057220458984375 39.68549346923828125 39.804805755615234375 85.6009674072265625 76.897003173828125 12.77118682861328125 284.49957275390625 24.537530899047851562 52.906993865966796875 33.559024810791015625 290.468505859375 281.718017578125 0 21.405195236206054688 295.83905029296875 275.05657958984375 276.6318359375 290.4615478515625 312.02545166015625 312.632965087890625 310.93988037109375 301.19976806640625 299.1473388671875 304.42138671875 315.75811767578125 334.81634521484375 329.1416015625 328.522369384765625 335.98834228515625 334.950775146484375 324.27191162109375 309.576080322265625 311.819488525390625 291.80084228515625 278.5203857421875 272.194305419921875 266.46307373046875 262.04510498046875 259.55377197265625 259.8572998046875 266.423065185546875 282.005615234375
33.034824371337890625 30.203182220458984375 35.095584869384765625 31.930492401123046875 74.26367950439453125 39.173431396484375 275.439697265625 319.57305908203125 52.07342529296875 46.5621490478515625 283.041351318359375 251.8613739013671875 198.188629150390625 197.3535308837890625 281.142333984375 284.79168701171875 283.681549072265625 296.984619140625 316.817596435546875 315.3890380859375 309.979461669921875 302.62713623046875 299.0096435546875 303.184356689453125 320.062835693359375 340.658447265625 320.86529541015625 321.304656982421875 336.669586181640625 340.39849853515625 330.615142822265625 325.915069580078125 324.553436279296875 303.54541015625 295.462677001953125 289.59814453125 280.45098876953125 269.645660400390625 262.668212890625 262.89385986328125 267.369293212890625 276.434112548828125
41.933452606201171875 39.536136627197265625 35.41199493408203125 23.27010345458984375 47.27748870849609375 34.6465606689453125 293.44744873046875 295.395172119140625 68.05115509033203125 57.952606201171875 299.053955078125 259.823822021484375 241.0729522705078125 277.74395751953125 294.25323486328125 292.149627685546875 285.4071044921875 289.672027587890625 299.5916748046875 308.08807373046875 308.705352783203125 304.02362060546875 303.29022216796875 300.212799072265625 314.186614990234375 337.026458740234375 324.326873779296875 325.50921630859375 344.665802001953125 346.28594970703125 327.884490966796875 341.56427001953125 336.249664306640625 305.481231689453125 299.053863525390625 292.9698486328125 286.2266845703125 281.616058349609375 274.5430908203125 266.78387451171875 267.7227783203125 274.368927001953125
52.180572509765625 53.035640716552734375 48.667484283447265625 29.74469757080078125 56.3749847412109375 43.60268402099609375 309.72552490234375 321.07183837890625 64.38433074951171875 74.66651153564453125 247.2485504150390625 247.2850494384765625 272.68310546875 286.284210205078125 288.1077880859375 285.100494384765625 271.28387451171875 267.246917724609375 274.398040771484375 287.6754150390625 300.529022216796875 295.597015380859375 291.528350830078125 286.414642333984375 301.489532470703125 322.66607666015625 315.628936767578125 313.304656982421875 336.953521728515625 349.810577392578125 334.79815673828125 343.514801025390625 340.284942626953125 326.194305419921875 311.482635498046875 301.5506591796875 296.851348876953125 290.26226806640625 288.95758056640625 280.5545654296875 278.08477783203125 282.190673828125
53.375865936279296875 46.494068145751953125 33.3104248046875 31.7150421142578125 61.434093475341796875 42.251834869384765625 314.509552001953125 322.373199462890625 57.300441741943359375 55.95394134521484375 0.62961298227310180664 313.408111572265625 282.5281982421875 275.56451416015625 272.563140869140625 257.59967041015625 254.0159454345703125 266.45068359375 275.544769287109375 269.402618408203125 278.725494384765625 292.149566650390625 292.61920166015625 281.39471435546875 289.98248291015625 309.4989013671875 302.15167236328125 289.273773193359375 303.00848388671875 329.60369873046875 346.341644287109375 339.1202392578125 326.949005126953125 335.68328857421875 329.03546142578125 321.097442626953125 317.687286376953125 304.91278076171875 299.3570556640625 296.338470458984375 290.860595703125 288.743438720703125
55.669635772705078125 45.45104217529296875 18.914365768432617188 34.824451446533203125 53.070209503173828125 38.4943084716796875 327.093841552734375 325.618988037109375 65.555938720703125 60.172779083251953125 13.324550628662109375 317.682952880859375 300.69891357421875 290.99798583984375 287.373321533203125 283.920257568359375 276.07177734375 268.164886474609375 260.72686767578125 259.5538330078125 269.412750244140625 279.46160888671875 296.564300537109375 284.88555908203125 269.78314208984375 263.8194580078125 261.383636474609375 274.9930419921875 296.018707275390625 311.213226318359375 342.45037841796875 329.93084716796875 302.774261474609375 321.709075927734375 329.578216552734375 326.0640869140625 325.13348388671875 317.36328125 310.434906005859375 304.491241455078125 298.14093017578125 288.548431396484375
62.690784454345703125 49.692859649658203125 3.9907507896423339844 43.302703857421875 56.309803009033203125 49.91644287109375 322.593719482421875 336.570404052734375 52.274929046630859375 52.8061981201171875 25.851696014404296875 320.439697265625 307.234039306640625 292.81890869140625 297.428009033203125 311.185211181640625 309.5787353515625 282.442596435546875 273.592803955078125 281.423309326171875 270.62890625 257.494171142578125 259.5477294921875 267.13690185546875 256.8382568359375 241.3642730712890625 229.3504180908203125 257.19512939453125 265.44195556640625 271.761627197265625 294.566436767578125 315.59002685546875 298.640716552734375 303.74163818359375 318.89971923828125 318.012054443359375 317.587127685546875 313.897491455078125 309.496917724609375 301.681671142578125 293.9617919921875 281.408050537109375
75.02295684814453125 60.292835235595703125 17.84981536865234375 73.939849853515625 71.5649261474609375 55.080562591552734375 330.571807861328125 336.800445556640625 40.135284423828125 64.43979644775390625 37.9986724853515625 311.026824951171875 289.178497314453125 275.86334228515625 285.004302978515625 289.322540283203125 285.421600341796875 278.719085693359375 276.842041015625 282.199737548828125 284.34869384765625 273.742401123046875 260.9193115234375 250.6403656005859375 240.13525390625 232.124481201171875 232.30511474609375 246.9111175537109375 242.638671875 228.1144561767578125 226.080413818359375 256.184295654296875 274.613189697265625 278.365234375 283.706268310546875 284.299591064453125 282.49542236328125 281.0029296875 278.5684814453125 275.78485107421875 271.57586669921875 263.04638671875
79.83406829833984375 74.09661865234375 77.47069549560546875 84.61046600341796875 69.35294342041015625 52.045795440673828125 333.434173583984375 320.11651611328125 42.30542755126953125 66.092132568359375 44.999897003173828125 298.908538818359375 298.299896240234375 280.87432861328125 283.1822509765625 289.866302490234375 282.691986083984375 277.618011474609375 266.565826416015625 267.211944580078125 275.683135986328125 276.195831298828125 271.7528076171875 264.935791015625 255.6684112548828125 244.6116180419921875 241.4167022705078125 243.764373779296875 240.2048492431640625 230.973724365234375 222.813720703125 240.22760009765625 247.7862548828125 246.5470428466796875 238.5565643310546875 242.458587646484375 249.607940673828125 252.05010986328125 255.482757568359375 253.40130615234375 249.748809814453125 251.36126708984375
86.48785400390625 82.30376434326171875 69.717376708984375 52.2368011474609375 44.999897003173828125 41.760242462158203125 13.626758575439453125 288.434173583984375 21.250440597534179688 55.210781097412109375 43.4517059326171875 323.530181884765625 311.74737548828125 294.733551025390625 278.88824462890625 283.920257568359375 292.583038330078125 290.094482421875 289.322479248046875 272.74578857421875 271.940887451171875 279.7364501953125 276.617462158203125 278.43975830078125 289.1329345703125 300.7733154296875 285.326385498046875 274.65277099609375 258.916717529296875 250.363739013671875 249.06500244140625 248.763214111328125 239.729705810546875 233.0626678466796875 227.0554046630859375 230.611724853515625 240.08026123046875 246.4247283935546875 249.5498504638671875 244.2894744873046875 241.594146728515625 237.2485809326171875
88.62505340576171875 72.64595794677734375 37.7857513427734375 21.630750656127929688 40.333049774169921875 59.177875518798828125 46.0048065185546875 308.9107666015625 344.14727783203125 60.365993499755859375 49.218997955322265625 347.081451416015625 307.800079345703125 291.50079345703125 270.724609375 262.534271240234375 270.923431396484375 272.977325439453125 278.85723876953125 273.39642333984375 269.355560302734375 275.135711669921875 267.996856689453125 266.022674560546875 275.611572265625 290.63665771484375 275.101348876953125 275.70989990234375 290.281829833984375 287.559539794921875 264.73162841796875 257.31903076171875 250.4801025390625 235.9534759521484375 226.0855865478515625 228.5758819580078125 234.1442413330078125 234.8405303955078125 238.89935302734375 233.7721099853515625 223.20953369140625 214.215240478515625
95.04228973388671875 66.93840789794921875 22.750885009765625 29.267848968505859375 51.745510101318359375 54.713161468505859375 24.362348556518554688 322.548828125 356.49578857421875 60.945156097412109375 34.562389373779296875 4.0282692909240722656 324.582275390625 295.676055908203125 283.798736572265625 275.855377197265625 284.95294189453125 286.212799072265625 276.61737060546875 276.61724853515625 266.3663330078125 263.289520263671875 269.028350830078125 268.574432373046875 260.425201416015625 229.61004638671875 213.6895904541015625 255.298736572265625 278.926910400390625 305.24700927734375 260.133697509765625 260.857818603515625 271.30133056640625 263.56475830078125 244.347991943359375 241.5804901123046875 237.592681884765625 235.636627197265625 237.2070465087890625 226.286773681640625 208.2659759521484375 203.48931884765625
84.80532073974609375 27.897043228149414062 10.451629638671875 40.451877593994140625 39.863529205322265625 34.611083984375 18.877262115478515625 349.69439697265625 41.5662078857421875 66.0372314453125 26.221897125244140625 15.350030899047851562 346.3896484375 312.220245361328125 318.011993408203125 297.215423583984375 286.78204345703125 299.133697509765625 292.9122314453125 295.285064697265625 285.875274658203125 282.917144775390625 287.818206787109375 273.21478271484375 256.606842041015625 212.470794677734375 207.758148193359375 262.93536376953125 270.685516357421875 300.96331787109375 293.859588623046875 295.5185546875 293.37615966796875 274.634796142578125 259.5079345703125 265.710174560546875 277.8756103515625 280.532012939453125 245.352691650390625 216.0977630615234375 200.501007080078125 196.4399566650390625
40.638233184814453125 7.5393476486206054688 14.281160354614257812 44.99977874755859375 20.77208709716796875 23.294565200805664062 29.261041641235351562 10.00782012939453125 33.811122894287109375 53.403179168701171875 25.016954421997070312 15.25519561767578125 330.707763671875 313.80584716796875 338.333221435546875 315.615325927734375 285.254547119140625 289.340179443359375 291.223052978515625 301.26312255859375 296.915863037109375 287.7113037109375 296.91583251953125 299.898193359375 310.30047607421875 356.1842041015625 298.577056884765625 291.852142333984375 286.0863037109375 295.14398193359375 298.955047607421875 307.677459716796875 329.930999755859375 210.96295166015625 247.318878173828125 261.13873291015625 267.41363525390625 266.1339111328125 214.2605743408203125 220.2793426513671875 208.7606964111328125 192.8933258056640625
11.197977066040039062 7.7335829734802246094 27.299549102783203125 39.488300323486328125 3.4682135581970214844 9.5160808563232421875 33.231594085693359375 30.815631866455078125 38.15724945068359375 46.013896942138671875 22.693899154663085938 3.6217100620269775391 311.49554443359375 303.92059326171875 342.498291015625 331.698333740234375 298.84185791015625 280.54730224609375 272.578460693359375 285.340240478515625 300.06787109375 296.265899658203125 295.55926513671875 307.170196533203125 345.492523193359375 33.83504486083984375 291.123992919921875 311.932769775390625 310.399200439453125 277.8145751953125 271.041015625 234.712646484375 182.8148345947265625 210.9629058837890625 271.9212646484375 269.3253173828125 252.0888519287109375 220.9712066650390625 201.447265625 229.8203277587890625 213.9961395263671875 198.8685455322265625
349.1351318359375 14.879732131958007812 38.250705718994140625 42.709232330322265625 0.49831786751747131348 354.381622314453125 47.903774261474609375 53.4815826416015625 19.502363204956054688 23.749486923217773438 35.764492034912109375 26.00337982177734375 291.630218505859375 279.40460205078125 309.725250244140625 329.97198486328125 317.56292724609375 273.23895263671875 276.7584228515625 287.722564697265625 303.60052490234375 298.643463134765625 282.241668701171875 283.11578369140625 339.443115234375 44.999897003173828125 0 269.68634033203125 209.053497314453125 265.5322265625 258.002471923828125 198.4342041015625 200.911865234375 242.87811279296875 272.31640625 275.280548095703125 270.64306640625 261.1187744140625 265.425567626953125 220.6009674072265625 201.0371551513671875 217.693572998046875
344.64910888671875 54.8657379150390625 57.52866363525390625 60.837863922119140625 14.676433563232421875 329.510406494140625 48.89165496826171875 59.685039520263671875 13.108983039855957031 1.7357339859008789062 38.290012359619140625 29.375642776489257812 322.95684814453125 291.47607421875 279.78179931640625 293.5225830078125 342.254547119140625 300.4390869140625 282.81134033203125 283.902008056640625 292.478729248046875 288.434234619140625 279.144073486328125 271.827301025390625 179.9995880126953125 134.9996795654296875 258.60064697265625 234.7818756103515625 217.8742828369140625 253.8101959228515625 259.28619384765625 299.47528076171875 305.726898193359375 285.7801513671875 280.0487060546875 261.8692626953125 259.7772216796875 273.971923828125 282.307525634765625 102.3802337646484375 198.4343414306640625 259.694427490234375
34.21593475341796875 69.36241912841796875 52.650562286376953125 68.30474853515625 31.463937759399414062 304.547821044921875 51.340122222900390625 66.2177886962890625 50.598941802978515625 307.146209716796875 11.738579750061035156 26.146810531616210938 351.365814208984375 342.1802978515625 287.675506591796875 280.761871337890625 328.814208984375 315.622039794921875 280.071807861328125 270.84185791015625 256.826873779296875 252.2346343994140625 244.0102081298828125 239.981109619140625 197.2410888671875 125.53716278076171875 245.0625762939453125 240.56402587890625 217.8221588134765625 220.1142730712890625 243.434417724609375 264.400115966796875 308.385986328125 289.21649169921875 281.943634033203125 249.0196380615234375 237.0941925048828125 233.2351226806640625 210.004486083984375 159.5666656494140625 225.7843170166015625 286.568206787109375
19.983976364135742188 15.851995468139648438 26.187969207763671875 64.3230133056640625 62.612407684326171875 268.72637939453125 84.9864959716796875 71.410797119140625 22.905559539794921875 329.986724853515625 347.798797607421875 34.73480224609375 8.011142730712890625 5.2812466621398925781 334.775390625 308.708648681640625 326.309173583984375 322.0157470703125 278.0074462890625 272.42572021484375 234.6593170166015625 210.488372802734375 211.2723388671875 221.064727783203125 202.8332061767578125 189.6192474365234375 228.288787841796875 236.8880615234375 215.4251861572265625 202.299957275390625 226.2395172119140625 231.57000732421875 238.642242431640625 252.6876983642578125 245.4616241455078125 204.77471923828125 210.0436859130859375 210.15106201171875 200.6521148681640625 187.305267333984375 267.708740234375 287.4632568359375
