wildfire/work/fuelmodels/1831/aspect.asc
ncols        240
nrows        303
xllcorner    180695.000000000000
yllcorner    482690.000000000000
cellsize     5.000000000000
NODATA_value   -999
[rows 19 to 37 of 303, columns 84 to 125 of 240]
240.253875732421875 12.528585433959960938 355.599945068359375 22.165882110595703125 5.5279779434204101562 353.658843994140625 344.930633544921875 327.994110107421875 27.7584991455078125 59.56008148193359375 105.94556427001953125 124.37987518310546875 76.759246826171875 309.288787841796875 314.99908447265625 299.980865478515625 295.49676513671875 334.85430908203125 1.7357305288314819336 323.530181884765625 291.369873046875 331.259368896484375 321.84222412109375 317.04473876953125 341.5640869140625 308.046173095703125 289.092803955078125 277.48028564453125 286.60638427734375 324.161865234375 297.47332763671875 274.397796630859375 276.54559326171875 281.30926513671875 274.474273681640625 266.00836181640625 247.37933349609375 234.16162109375 229.5730438232421875 239.9307861328125 248.80517578125 246.249542236328125
285.25518798828125 323.530181884765625 19.798086166381835938 44.999897003173828125 329.0360107421875 339.101165771484375 342.698486328125 347.4708251953125 125.8367919921875 87.45481109619140625 47.662693023681640625 19.654382705688476562 42.70922088623046875 319.23577880859375 304.99127197265625 304.5618896484375 287.300140380859375 287.524871826171875 335.55487060546875 329.743072509765625 330.592071533203125 322.695465087890625 307.72454833984375 311.008514404296875 348.231048583984375 316.14483642578125 284.236419677734375 253.442108154296875 264.804840087890625 305.272064208984375 318.57568359375 296.1741943359375 297.120361328125 300.410186767578125 292.37939453125 269.999359130859375 248.9620208740234375 247.1658477783203125 251.5646514892578125 257.470916748046875 259.113800048828125 254.053924560546875
314.999664306640625 303.690032958984375 50.709499359130859375 41.185779571533203125 300.4652099609375 299.05377197265625 293.197906494140625 102.99462127685546875 109.98302459716796875 82.87462615966796875 19.093461990356445312 15.376401901245117188 14.215600967407226562 340.70916748046875 339.17840576171875 325.12371826171875 266.81976318359375 240.4219818115234375 276.0718994140625 309.64349365234375 352.09197998046875 340.200408935546875 305.13348388671875 311.268035888671875 330.349700927734375 336.036712646484375 335.13555908203125 283.29803466796875 267.9898681640625 266.423126220703125 302.799102783203125 309.986083984375 297.386749267578125 288.434417724609375 290.135772705078125 285.46075439453125 281.88824462890625 280.712677001953125 285.254547119140625 301.372314453125 299.475372314453125 292.3795166015625
348.688934326171875 310.913543701171875 60.255481719970703125 15.642663955688476562 291.801483154296875 195.2553863525390625 197.4468994140625 56.309803009033203125 17.904293060302734375 22.21744537353515625 358.726348876953125 0 17.560045242309570312 333.1519775390625 356.467071533203125 4.1445593833923339844 339.443023681640625 340.27691650390625 292.108734130859375 276.891693115234375 322.593719482421875 355.155242919921875 318.467529296875 284.7430419921875 294.043670654296875 349.69415283203125 331.69879150390625 301.93011474609375 297.896697998046875 291.037078857421875 300.12396240234375 313.994354248046875 303.05511474609375 281.3092041015625 263.41748046875 254.9811248779296875 248.7490386962890625 253.3000335693359375 265.762664794921875 273.365478515625 273.178985595703125 278.1292724609375
18.433813095092773438 345.963104248046875 357.708892822265625 45.000621795654296875 107.1029510498046875 153.4351348876953125 218.0884246826171875 269.99957275390625 335.923858642578125 21.801357269287109375 6.2034564018249511719 337.035430908203125 9.6517429351806640625 7.4314408302307128906 3.5767300128936767578 9.4621524810791015625 325.3040771484375 348.069854736328125 336.036529541015625 271.788818359375 267.579498291015625 329.034942626953125 13.570034027099609375 282.42523193359375 273.365753173828125 99.46237945556640625 298.494873046875 291.570404052734375 294.04327392578125 289.258544921875 286.525177001953125 296.564422607421875 304.918670654296875 304.214752197265625 301.674713134765625 299.7442626953125 263.659454345703125 265.425567626953125 268.95770263671875 259.5916748046875 246.3705291748046875 279.323150634765625
29.0541229248046875 330.945037841796875 44.999897003173828125 105.2545928955078125 100.4915313720703125 82.4055938720703125 255.4647674560546875 244.501708984375 223.63525390625 229.7631683349609375 349.823455810546875 303.68951416015625 37.56832122802734375 80.53752899169921875 108.4346923828125 311.986419677734375 329.99432373046875 340.513031005859375 355.970947265625 347.827880859375 261.326416015625 246.25006103515625 7.1245794296264648438 300.96295166015625 293.458343505859375 336.500518798828125 324.18817138671875 314.999267578125 295.905609130859375 295.749664306640625 293.024688720703125 293.586212158203125 304.991241455078125 316.244415283203125 314.999267578125 340.558929443359375 328.3914794921875 287.744232177734375 276.07220458984375 271.27288818359375 284.036041259765625 286.090362548828125
71.56439971923828125 141.0082855224609375 199.7987060546875 87.70827484130859375 55.619647979736328125 39.55937957763671875 349.693023681640625 240.94427490234375 208.685546875 208.779541015625 205.5594635009765625 198.4343109130859375 185.6302032470703125 62.103057861328125 344.665863037109375 333.3018798828125 357.34503173828125 7.7650704383850097656 345.963043212890625 12.030444145202636719 8.6150789260864257812 255.4651641845703125 266.00836181640625 292.379180908203125 292.889678955078125 295.0162353515625 304.260498046875 332.64947509765625 306.869232177734375 291.681610107421875 295.70916748046875 302.27496337890625 305.179962158203125 310.913299560546875 317.120391845703125 333.433624267578125 319.76251220703125 308.479644775390625 299.577545166015625 289.8846435546875 294.90386962890625 284.641143798828125
123.23149871826171875 87.70870208740234375 303.31005859375 5.1945061683654785156 37.092670440673828125 6.7098956108093261719 21.501087188720703125 344.47515869140625 347.4703369140625 180.00140380859375 217.8740692138671875 224.999114990234375 297.120513916015625 327.571624755859375 340.413360595703125 348.87384033203125 20.83908843994140625 30.63527679443359375 9.1623477935791015625 356.495330810546875 27.979238510131835938 347.470947265625 270.880615234375 272.1204833984375 271.468170166015625 259.0452880859375 261.303802490234375 284.29949951171875 301.60675048828125 290.224151611328125 285.360809326171875 289.322540283203125 298.4122314453125 310.762786865234375 345.342437744140625 357.272796630859375 330.779632568359375 330.7799072265625 333.88531494140625 312.136505126953125 296.564056396484375 285.349334716796875
24.676633834838867188 53.4270782470703125 285.2542724609375 334.09234619140625 46.27294921875 6.3409099578857421875 4.9698519706726074219 344.576873779296875 44.999897003173828125 103.73607635498046875 249.7746734619140625 287.591888427734375 299.388336181640625 307.912353515625 329.035400390625 8.2407999038696289062 26.408868789672851562 8.8067579269409179688 6.5321440696716308594 15.598981857299804688 21.104740142822265625 4.4750766754150390625 348.177825927734375 300.529083251953125 293.458343505859375 306.2529296875 269.144256591796875 261.097747802734375 283.239837646484375 290.0555419921875 269.99951171875 266.00848388671875 284.807830810546875 304.7645263671875 340.34527587890625 3.8141624927520751953 348.022705078125 328.569305419921875 325.304443359375 304.874420166015625 287.353424072265625 276.482452392578125
340.86553955078125 359.555023193359375 348.230926513671875 0.70720112323760986328 42.70966339111328125 14.859021186828613281 7.5944108963012695312 131.4232330322265625 131.0271148681640625 153.799530029296875 260.537353515625 289.10577392578125 294.3658447265625 292.32373046875 303.689239501953125 0.49822202324867248535 3.5395746231079101562 353.013580322265625 3.8958876132965087891 31.29296112060546875 29.916883468627929688 358.687347412109375 20.556104660034179688 10.619547843933105469 290.555511474609375 298.1412353515625 303.31011962890625 272.069580078125 266.783935546875 278.8800048828125 288.434356689453125 282.993988037109375 281.504180908203125 288.434326171875 317.201904296875 0.78498679399490356445 10.712859153747558594 24.676410675048828125 285.946075439453125 288.434539794921875 293.42822265625 276.3397216796875
296.028778076171875 300.55523681640625 9.210903167724609375 61.259944915771484375 51.8431854248046875 24.227519989013671875 91.9088134765625 133.3393707275390625 130.6835784912109375 313.3626708984375 308.181060791015625 294.921112060546875 293.01959228515625 298.2227783203125 310.600555419921875 341.361083984375 352.04168701171875 349.632781982421875 14.470331192016601562 39.48502349853515625 35.588954925537109375 25.415981292724609375 30.556039810180664062 22.619714736938476562 341.564056396484375 302.904754638671875 317.90997314453125 324.46160888671875 287.903778076171875 275.078826904296875 294.8629150390625 298.300018310546875 281.51318359375 275.905517578125 289.358428955078125 339.56658935546875 29.054193496704101562 51.203220367431640625 338.4281005859375 309.89697265625 312.7086181640625 312.66192626953125
14.036211013793945312 224.9994659423828125 181.218597412109375 123.48583984375 147.09307861328125 134.9996795654296875 108.7996368408203125 91.59096527099609375 338.19775390625 320.709869384765625 323.062408447265625 300.8687744140625 286.331146240234375 285.032562255859375 288.996002197265625 314.9993896484375 344.980987548828125 346.55047607421875 20.224857330322265625 16.189203262329101562 26.463897705078125 27.857149124145507812 20.788278579711914062 22.263866424560546875 15.802282333374023438 334.0927734375 303.549957275390625 334.8314208984375 343.767059326171875 299.475311279296875 293.060791015625 305.6893310546875 296.029083251953125 279.37152099609375 271.33160400390625 275.19390869140625 71.5646820068359375 18.434906005859375 338.02484130859375 339.285125732421875 342.438873291015625 316.14483642578125
71.5650634765625 233.1297607421875 214.5081939697265625 132.9542388916015625 142.76446533203125 128.8296661376953125 94.08530426025390625 4.0281767845153808594 330.944580078125 314.443115234375 311.34698486328125 298.494873046875 284.334869384765625 276.490142822265625 268.434234619140625 266.4228515625 299.9307861328125 313.780364990234375 6.9529542922973632812 359.0443115234375 10.678859710693359375 22.539430618286132812 30.704767227172851562 34.95047760009765625 25.307889938354492188 12.38065338134765625 286.313140869140625 290.6368408203125 335.555267333984375 327.1361083984375 315.577880859375 320.9052734375 324.461669921875 311.053985595703125 269.999359130859375 230.5271453857421875 288.432098388671875 321.008026123046875 323.595123291015625 345.310546875 3.0127322673797607422 340.082672119140625
31.82745361328125 43.315166473388671875 139.7634735107421875 157.16571044921875 161.5635833740234375 23.9622344970703125 0.65843188762664794922 339.774261474609375 332.353240966796875 317.069488525390625 308.41729736328125 309.897003173828125 296.389129638671875 280.73199462890625 279.515289306640625 281.309173583984375 277.430938720703125 286.69854736328125 335.55523681640625 339.841552734375 352.365875244140625 26.767642974853515625 44.25582122802734375 45.3146514892578125 38.046977996826171875 37.69411468505859375 326.002471923828125 273.50274658203125 285.254364013671875 311.347076416015625 325.123748779296875 313.151458740234375 307.332489013671875 330.067626953125 282.5277099609375 248.197509765625 273.365509033203125 284.675567626953125 282.87432861328125 298.81036376953125 349.4381103515625 355.17828369140625
26.564928054809570312 54.752223968505859375 77.1521453857421875 8.1335802078247070312 314.999267578125 341.994873046875 348.2056884765625 332.903472900390625 333.995819091796875 317.290069580078125 301.21771240234375 302.904388427734375 293.5223388671875 280.596649169921875 277.639801025390625 273.012359619140625 288.4344482421875 299.5771484375 336.594329833984375 328.323760986328125 330.945037841796875 34.215679168701171875 36.25366973876953125 46.355785369873046875 46.405670166015625 32.582489013671875 6.7661280632019042969 321.765350341796875 280.5909423828125 283.21844482421875 317.33636474609375 319.397613525390625 272.910430908203125 306.869842529296875 357.2733154296875 300.962677001953125 274.685394287109375 260.166015625 245.40948486328125 250.4627227783203125 266.185211181640625 314.998748779296875
88.9944915771484375 102.46468353271484375 83.15731048583984375 339.4434814453125 298.60980224609375 312.39666748046875 341.56427001953125 318.178955078125 332.2806396484375 307.2342529296875 292.6512451171875 296.273468017578125 296.846527099609375 286.897979736328125 283.0545654296875 286.5562744140625 288.112457275390625 287.548492431640625 339.442352294921875 157.8332061767578125 183.179168701171875 218.289825439453125 2.4895882606506347656 52.78687286376953125 46.09453582763671875 32.159198760986328125 19.486005783081054688 347.810546875 320.3385009765625 293.310302734375 294.82867431640625 345.172393798828125 332.2806396484375 322.12445068359375 347.905303955078125 331.92669677734375 288.433990478515625 268.99407958984375 254.3568267822265625 248.9617462158203125 244.2303619384765625 235.954132080078125
129.685150146484375 133.4084930419921875 353.417510986328125 15.255016326904296875 283.29803466796875 279.461700439453125 316.789215087890625 308.9901123046875 336.53985595703125 301.199859619140625 286.072967529296875 299.47515869140625 309.093109130859375 295.016204833984375 285.678741455078125 287.59149169921875 281.513031005859375 266.185333251953125 167.7350006103515625 114.6765594482421875 137.04473876953125 244.536163330078125 251.564453125 64.33467864990234375 42.137432098388671875 44.56243896484375 40.18636322021484375 330.123321533203125 323.66339111328125 341.56427001953125 281.30938720703125 299.319610595703125 4.144412994384765625 27.349832534790039062 288.4345703125 320.439727783203125 310.91357421875 287.649566650390625 274.3984375 260.3623046875 247.8336029052734375 240.254974365234375
111.29717254638671875 319.0849609375 342.407257080078125 78.68963623046875 278.84136962890625 280.0970458984375 283.6712646484375 276.842315673828125 311.7283935546875 307.47528076171875 287.13970947265625 287.3533935546875 300.815032958984375 301.89019775390625 281.792694091796875 281.309112548828125 291.800506591796875 306.5721435546875 6.3403100967407226562 15.802664756774902344 21.318012237548828125 317.60162353515625 258.3099365234375 51.341403961181640625 39.400424957275390625 47.202434539794921875 50.28124237060546875 334.6531982421875 274.61004638671875 355.461273193359375 336.317138671875 272.950103759765625 322.429901123046875 35.362506866455078125 351.468719482421875 298.61016845703125 278.130615234375 280.83990478515625 299.053955078125 291.036865234375 269.999359130859375 277.3515625
358.407684326171875 332.591552734375 77.90564727783203125 74.47595977783203125 293.6287841796875 263.479736328125 272.48895263671875 281.309417724609375 291.948089599609375 307.646697998046875 303.975738525390625 288.43426513671875 281.49591064453125 279.461761474609375 275.5716552734375 281.13580322265625 288.98260498046875 311.49542236328125 17.525844573974609375 351.38360595703125 10.840270042419433594 8.1298646926879882812 319.63482666015625 325.619140625 50.70955657958984375 48.239658355712890625 54.628143310546875 28.739641189575195312 280.3043212890625 258.689544677734375 339.3035888671875 309.1436767578125 282.4493408203125 2.1746585369110107422 13.912412643432617188 9.7273349761962890625 336.80047607421875 307.74609375 326.0401611328125 327.09356689453125 306.8685302734375 278.12896728515625
