wildfire/work/fuelmodels/1831/slope.asc
ncols        240
nrows        303
xllcorner    180695.000000000000
yllcorner    482690.000000000000
cellsize     5.000000000000
NODATA_value   -999
[rows 72 to 89 of 303, columns 80 to 119 of 240]
1.7910264730453491211 1.9218403100967407227 0.99607241153717041016 0.41487255692481994629 0.62757223844528198242 1.2408974170684814453 1.0836949348449707031 1.3423799276351928711 1.4656534194946289062 1.4377644062042236328 1.8795208930969238281 1.936794281005859375 2.4536519050598144531 1.5038334131240844727 0.75096076726913452148 1.9534436464309692383 1.6325851678848266602 0.32449373602867126465 0.47835132479667663574 0.82114708423614501953 0.48465770483016967773 0.35146147012710571289 0.31500163674354553223 0.39358985424041748047 0.54186832904815673828 0.79801636934280395508 1.2826098203659057617 1.4666900634765625 1.1811314821243286133 0.98791617155075073242 1.6510726213455200195 1.6799298524856567383 1.0061867237091064453 0.99098610877990722656 1.451081395149230957 0.89149695634841918945 0.64429432153701782227 0.77679705619812011719 0.82545113563537597656 0.85969310998916625977
1.3118718862533569336 2.4977667331695556641 2.1088538169860839844 1.6000134944915771484 1.5225492715835571289 0.9801928400993347168 0.60540568828582763672 0.70434969663619995117 0.9265759587287902832 0.95720881223678588867 1.5667843818664550781 0.97605270147323608398 1.7955362796783447266 1.3685171604156494141 0.63399577140808105469 1.9059896469116210938 0.97138428688049316406 0.14230020344257354736 0.64351350069046020508 0.6395613551139831543 0.45223855972290039062 0.19355744123458862305 0.60791516304016113281 0.34417989850044250488 0.94443243741989135742 1.4121990203857421875 1.5125442743301391602 1.9778944253921508789 1.473921656608581543 0.74554085731506347656 0.77025663852691650391 2.4246115684509277344 1.9221093654632568359 1.3484078645706176758 0.85969889163970947266 0.59783118963241577148 0.75633591413497924805 0.88636749982833862305 0.98842245340347290039 1.0989918708801269531
0.72139739990234375 2.0453026294708251953 2.9752216339111328125 3.1413247585296630859 3.0700359344482421875 2.3946011066436767578 1.7207103967666625977 1.040322422981262207 0.83278119564056396484 0.57627445459365844727 1.1330020427703857422 0.586719512939453125 0.55568963289260864258 1.1772619485855102539 1.8452936410903930664 1.2983026504516601562 0.6267681121826171875 0.3426990807056427002 0.87545365095138549805 0.44999366998672485352 0.35001802444458007812 0.37108278274536132812 0.44999366998672485352 0.79547679424285888672 1.1525076627731323242 1.8966734409332275391 1.4331797361373901367 1.2790659666061401367 0.96195363998413085938 0.28812745213508605957 0.45890653133392333984 2.0571346282958984375 2.8408281803131103516 0.87372106313705444336 0.79801487922668457031 1.5038279294967651367 1.7613974809646606445 1.5225521326065063477 1.3861482143402099609 1.5390850305557250977
0.7590084075927734375 1.0186973810195922852 1.4086209535598754883 2.2008922100067138672 2.5451021194458007812 2.2289719581604003906 1.7887667417526245117 1.5987637042999267578 1.7524727582931518555 0.74282795190811157227 0.70290064811706542969 1.2355786561965942383 0.25455752015113830566 1.5719417333602905273 1.8137650489807128906 1.0818243026733398438 0.87545567750930786133 0.92767256498336791992 0.41851785778999328613 0.65286999940872192383 0.60456281900405883789 0.70290559530258178711 0.73459905385971069336 1.0591259002685546875 1.1772713661193847656 1.7932825088500976562 1.4711681604385375977 0.70075404644012451172 0.76497405767440795898 0.80117458105087280273 1.5125619173049926758 2.5468947887420654297 2.1428811550140380859 1.3977901935577392578 1.2735019922256469727 1.6556619405746459961 1.2157560586929321289 1.258702397346496582 1.609788060188293457 1.7324280738830566406
1.4804317951202392578 0.76630377769470214844 0.90052777528762817383 1.9931826591491699219 2.1222491264343261719 1.6288466453552246094 1.7599564790725708008 1.5716201066970825195 1.7417504787445068359 1.9059910774230957031 0.45000225305557250977 1.3707363605499267578 0.70289951562881469727 1.4666893482208251953 1.5463049411773681641 0.74486911296844482422 0.56294196844100952148 0.86848056316375732422 0.85615509748458862305 1.5324953794479370117 1.4691069126129150391 1.397063136100769043 1.3245418071746826172 1.2074069976806640625 0.97398597002029418945 1.5394181013107299805 1.6088554859161376953 0.67423892021179199219 1.3378416299819946289 1.8725084066390991211 2.9087212085723876953 3.2400045394897460938 2.2747986316680908203 1.6889531612396240234 2.093456268310546875 1.1472193002700805664 0.92274492979049682617 1.3141824007034301758 1.5008022785186767578 1.7103942632675170898
1.7842307090759277344 1.3378485441207885742 0.54186517000198364258 1.5796526670455932617 2.3765833377838134766 1.2194986343383789062 1.6310315132141113281 1.4649679660797119141 1.1099900007247924805 2.1712670326232910156 0.79801583290100097656 0.59783923625946044922 0.80307418107986450195 0.63718295097351074219 1.4913254976272583008 0.74009650945663452148 8.58306884765625e-06 0.31338354945182800293 0.95931065082550048828 1.5272024869918823242 1.0495169162750244141 0.80495649576187133789 0.86556446552276611328 1.229422450065612793 1.3367173671722412109 1.6022417545318603516 1.5357980728149414062 1.2240608930587768555 2.3560609817504882812 2.5209441184997558594 2.4196064472198486328 2.02215576171875 1.6498482227325439453 2.2927420139312744141 1.4349505901336669922 0.60037136077880859375 1.4430375099182128906 1.7524673938751220703 1.7524731159210205078 1.791875004768371582
2.0465269088745117188 1.8359360694885253906 1.9969744682312011719 1.258702397346496582 1.6994055509567260742 0.73460614681243896484 0.84004110097885131836 1.5754919052124023438 1.5179003477096557617 1.6946337223052978516 1.0822867155075073242 1.6672347784042358398 1.3427548408508300781 0.30186727643013000488 1.1330066919326782227 0.91613739728927612305 1.2281861305236816406 1.1708000898361206055 1.4057265520095825195 0.95508611202239990234 0.60790240764617919922 0.738037109375 1.1249423027038574219 1.6937451362609863281 1.6696710586547851562 1.6669362783432006836 1.9850367307662963867 2.4214854240417480469 2.5546164512634277344 2.0423145294189453125 1.8463860750198364258 1.7008894681930541992 1.5593384504318237305 1.2951756715774536133 0.85674899816513061523 0.60373157262802124023 1.9860560894012451172 1.5091948509216308594 1.4489837884902954102 1.925786137580871582
1.9407091140747070312 2.0133767127990722656 2.2685561180114746094 1.7842276096343994141 1.6535265445709228516 1.5978071689605712891 1.4977636337280273438 1.2587215900421142578 1.3103301525115966797 1.7739970684051513672 3.4398717880249023438 3.1946072578430175781 2.7674469947814941406 1.2240608930587768555 1.2115930318832397461 1.308007359504699707 1.3325361013412475586 1.1392438411712646484 1.1208802461624145508 0.69785124063491821289 0.7954743504524230957 1.3681472539901733398 1.5358053445816040039 1.2095139026641845703 0.48152142763137817383 0.54371803998947143555 1.6657166481018066406 1.9141976833343505859 1.2892923355102539062 1.1131770610809326172 1.3060761690139770508 1.2380393743515014648 1.2715178728103637695 0.70650398731231689453 1.3427568674087524414 1.5774096250534057617 1.7133406400680541992 1.6101057529449462891 1.394527435302734375 2.0204088687896728516
1.0733673572540283203 0.78005015850067138672 1.6238818168640136719 1.2671325206756591797 1.7614009380340576172 1.1994159221649169922 0.31820401549339294434 0.58065122365951538086 0.93580937385559082031 1.4489850997924804688 2.8610477447509765625 2.0659687519073486328 3.17189788818359375 1.5092025995254516602 1.4896304607391357422 1.0359342098236083984 1.3056881427764892578 1.6943352222442626953 1.3502691984176635742 0.85497242212295532227 0.76959919929504394531 1.4377644062042236328 0.6340033411979675293 0.30018675327301025391 0.84004366397857666016 1.093451380729675293 1.9676314592361450195 2.0492525100708007812 1.2671264410018920898 0.97137600183486938477 1.4129195213317871094 1.5085382461547851562 1.366664886474609375 1.3685171604156494141 1.2703211307525634766 1.3814001083374023438 1.3427562713623046875 1.5834925174713134766 1.764556884765625 1.6970212459564208984
0.75899827480316162109 1.2425177097320556641 1.0359296798706054688 0.27187037467956542969 0.54092365503311157227 0.59186577796936035156 0.56651920080184936523 0.66211354732513427734 0.96772491931915283203 1.0112093687057495117 1.6501549482345581055 1.2195039987564086914 2.4559075832366943359 1.2920405864715576172 1.8109660148620605469 1.3517676591873168945 1.2587083578109741211 1.3766257762908935547 1.1668987274169921875 0.72697335481643676758 0.64898973703384399414 0.95455467700958251953 0.48466327786445617676 0.52670913934707641602 0.44205835461616516113 0.89601999521255493164 2.0244090557098388672 2.1088609695434570312 1.6378459930419921875 1.1682019233703613281 1.6946384906768798828 1.8924003839492797852 1.5048352479934692383 1.5390850305557250977 1.0971506834030151367 1.2178364992141723633 1.7501573562622070312 1.4597743749618530273 1.8070554733276367188 1.7315491437911987305
0.78586739301681518555 0.92493581771850585938 1.5248849391937255859 1.4207763671875 1.4388284683227539062 0.93959850072860717773 0.43279424309730529785 0.27372479438781738281 0.31819793581962585449 0.22274327278137207031 0.49396926164627075195 0.61205434799194335938 1.2885150909423828125 0.59187424182891845703 0.79801583290100097656 1.0519318580627441406 0.70290559530258178711 0.30186727643013000488 0.74282896518707275391 0.63955652713775634766 0.58065521717071533203 0.3244984745979309082 0.20124270021915435791 0.22500039637088775635 0.031814463436603546143 0.69784569740295410156 1.891867518424987793 1.9477305412292480469 1.4940404891967773438 1.5085357427597045898 2.0818212032318115234 2.0472700595855712891 1.3056793212890625 1.4708193540573120117 1.2128394842147827148 1.609799504280090332 1.9218451976776123047 1.7553515434265136719 1.560311436653137207 2.2391610145568847656
1.8257197141647338867 1.9778954982757568359 2.3678390979766845703 1.9186801910400390625 1.2128388881683349609 0.83703052997589111328 0.65288686752319335938 0.68688714504241943359 0.32449492812156677246 0.64428377151489257812 0.25653937458992004395 0.57363361120223999023 1.0818270444869995117 1.2810354232788085938 0.90557849407196044922 0.45000052452087402344 0.32760569453239440918 0.13119933009147644043 0.52958476543426513672 0.44204479455947875977 0.35575708746910095215 0.27186611294746398926 0.38316160440444946289 0.071152858436107635498 0.38840824365615844727 0.62757223844528198242 1.4909871816635131836 1.7842327356338500977 1.6702762842178344727 1.7207083702087402344 1.922898411750793457 2.3433589935302734375 1.5799676179885864258 1.8212801218032836914 1.9221143722534179688 1.5168998241424560547 1.1298747062683105469 1.0957653522491455078 1.7429143190383911133 2.1028549671173095703
0.86848568916320800781 1.413272857666015625 1.0533663034439086914 1.0695879459381103516 1.0437128543853759766 0.76893210411071777344 1.0883462429046630859 1.1668976545333862305 1.1733911037445068359 0.48151543736457824707 0.96981078386306762695 0.64898496866226196289 0.62757223844528198242 1.2115901708602905273 1.8134824037551879883 0.92493665218353271484 0.36280050873756408691 0.20374669134616851807 0.52958291769027709961 0.44204786419868469238 0.37107759714126586914 0.3628031313419342041 0.43279111385345458984 0.31338664889335632324 0.68022042512893676758 0.58064919710159301758 1.1581918001174926758 1.5538132190704345703 2.1821868419647216797 1.903061985969543457 1.7739970684051513672 2.7986965179443359375 2.2461557388305664062 2.0482625961303710938 1.9601627588272094727 1.2408978939056396484 0.85378986597061157227 0.82790404558181762695 1.9038600921630859375 2.0842413902282714844
0.87776356935501098633 2.1972055435180664062 2.0679221153259277344 1.1811314821243286133 0.85378718376159667969 0.36000204086303710938 0.42452841997146606445 1.5978051424026489258 1.7887642383575439453 0.57627445459365844727 1.4957269430160522461 1.0246288776397705078 0.54092609882354736328 0.55570113658905029297 1.403209686279296875 1.6739051342010498047 0.79547345638275146484 0.48570111393928527832 0.39870220422744750977 0.38840824365615844727 0.59783118963241577148 0.35575655102729797363 0.54092895984649658203 0.22945559024810791016 0.97137719392776489258 0.89996486902236938477 0.99454987049102783203 1.4841821193695068359 2.265659332275390625 2.137928009033203125 2.4813208580017089844 3.3492159843444824219 2.8344166278839111328 2.4864020347595214844 2.34853363037109375 1.8320828676223754883 1.4909864664077758789 1.5651646852493286133 2.7513222694396972656 2.5688295364379882812
0.56920456886291503906 1.2474055290222167969 1.8534964323043823242 0.36280795931816101074 1.2550917863845825195 0.81495451927185058594 1.4377619028091430664 1.3685166835784912109 1.7887642383575439453 0.41851878166198730469 1.9236874580383300781 1.5495735406875610352 0.9358227849006652832 0.94443243741989135742 1.1249423027038574219 1.8673675060272216797 1.4601166248321533203 0.89148956537246704102 0.62676566839218139648 0.64428651332855224609 0.71504575014114379883 0.74282824993133544922 0.95932215452194213867 0.42808923125267028809 1.3153334856033325195 0.81558489799499511719 0.33220472931861877441 1.5525101423263549805 2.3859286308288574219 2.5617425441741943359 3.2909235954284667969 3.2499763965606689453 3.2168345451354980469 3.5036120414733886719 3.449554443359375 2.9963781833648681641 2.7224993705749511719 2.8592770099639892578 3.3650240898132324219 3.4784297943115234375
1.551533818244934082 1.3457742929458618164 2.0221636295318603516 1.3814064264297485352 2.2914245128631591797 1.8714241981506347656 0.87371593713760375977 1.1285399198532104492 0.7269789576530456543 1.1081677675247192383 1.9027956724166870117 1.8221156597137451172 1.1472185850143432617 1.2826126813888549805 1.2762858867645263672 1.6571954488754272461 2.0083484649658203125 1.6110551357269287109 0.91835081577301025391 0.37108069658279418945 0.45000657439231872559 0.50311315059661865234 1.0422620773315429688 0.98277354240417480469 1.2587083578109741211 1.2355834245681762695 0.83278632164001464844 1.7133461236953735352 2.90419769287109375 3.171905517578125 3.5141177177429199219 3.3593115806579589844 4.2030539512634277344 4.3615789413452148438 3.9042670726776123047 4.0147047042846679688 3.8530991077423095703 3.1890747547149658203 3.3744771480560302734 3.8879313468933105469
2.8274559974670410156 1.6353689432144165039 2.2280645370483398438 1.972508549690246582 2.1939754486083984375 3.5266029834747314453 2.1374464035034179688 0.20374195277690887451 0.68318915367126464844 1.2178361415863037109 1.8463864326477050781 2.0912816524505615234 1.5075244903564453125 1.3536410331726074219 1.5603177547454833984 1.4739274978637695312 1.9038611650466918945 2.1731266975402832031 1.0359386205673217773 0.57362586259841918945 0.92766219377517700195 0.95931553840637207031 0.1622485816478729248 0.51010441780090332031 1.2810280323028564453 1.622328639030456543 1.1026825904846191406 1.8867805004119873047 3.5257470607757568359 3.4798839092254638672 3.2798428535461425781 4.4139184951782226562 5.7360281944274902344 5.5355038642883300781 4.8967556953430175781 4.6079683303833007812 4.5020856857299804688 4.1010537147521972656 3.7676014900207519531 3.731769561767578125
1.5987629890441894531 2.0934567451477050781 2.7456250190734863281 1.9094316959381103516 1.4913221597671508789 3.3713197708129882812 4.0563611984252929688 2.6950621604919433594 1.7315491437911987305 1.5987509489059448242 1.4721977710723876953 2.0679280757904052734 2.0363667011260986328 1.8381431102752685547 1.9184149503707885742 1.4896284341812133789 1.6535207033157348633 3.0490550994873046875 1.8619449138641357422 0.73459672927856445312 0.67123037576675415039 1.5796431303024291992 0.80307918787002563477 0.85616457462310791016 1.244556427001953125 1.217844843864440918 0.54929584264755249023 1.9320851564407348633 3.7694783210754394531 3.3430221080780029297 3.6522829532623291016 6.2410149574279785156 6.6577086448669433594 5.2768945693969726562 4.4212207794189453125 4.095874786376953125 4.5481362342834472656 4.8760075569152832031 4.546466827392578125 4.1929574012756347656
