wildfire/work/fuelmodels/1831/slope.asc
ncols        240
nrows        303
xllcorner    180695.000000000000
yllcorner    482690.000000000000
cellsize     5.000000000000
NODATA_value   -999
[rows 252 to 269 of 303, columns 0 to 39 of 240]
0 4.8888163566589355469 2.2271583080291748047 0.54187190532684326172 1.7440685033798217773 0.55570113658905029297 2.0688946247100830078 5.0929837226867675781 4.6412510871887207031 2.8777906894683837891 2.1057398319244384766 0.37108382582664489746 0.71505117416381835938 0.96981078386306762695 1.520899653434753418 1.2107566595077514648 1.0201703310012817383 1.3382240533828735352 3.4054703712463378906 2.6873607635498046875 2.3301599025726318359 4.6485190391540527344 2.5960602760314941406 1.3423780202865600586 2.2063894271850585938 1.4014052152633666992 0.81122177839279174805 0.56383645534515380859 1.0127046108245849609 2.5357489585876464844 3.1211497783660888672 1.1777006387710571289 1.1405768394470214844 5.0062236785888671875 5.2743177413940429688 1.0403113365173339844 1.0061867237091064453 2.5197408199310302734 2.5522463321685791016 4.4267034530639648438
0 3.3654689788818359375 2.1203441619873046875 1.0201816558837890625 1.1772599220275878906 0.72138881683349609375 0.98843407630920410156 1.7645540237426757812 3.4875733852386474609 2.6785051822662353516 2.0063316822052001953 1.0538523197174072266 0.86146336793899536133 1.9394042491912841797 1.0883500576019287109 1.5936849117279052734 0.72558599710464477539 1.664807438850402832 2.2643263339996337891 2.8395860195159912109 1.6163910627365112305 3.3060872554779052734 1.5825384855270385742 0.70650398731231689453 0.13499870896339416504 2.3678381443023681641 1.0957655906677246094 0.15910372138023376465 0.8846569061279296875 1.0989965200424194336 2.8397662639617919922 2.2533464431762695312 4.1531558036804199219 5.6988635063171386719 4.5746827125549316406 2.9069788455963134766 3.5938720703125 3.7670757770538330078 4.18585205078125 3.8315498828887939453
0 3.2431190013885498047 3.5404698848724365234 2.991481781005859375 1.4129139184951782227 0.84004271030426025391 1.9511113166809082031 0.92767357826232910156 1.468073725700378418 1.1154481172561645508 1.1298754215240478516 0.97398215532302856445 1.3427622318267822266 2.2271580696105957031 1.713336944580078125 1.6063356399536132812 0.93635797500610351562 2.146427154541015625 3.478862762451171875 3.1154701709747314453 2.7474598884582519531 3.2426559925079345703 0.7178815007209777832 1.5018182992935180664 1.1405739784240722656 2.5163195133209228516 0.38183197379112243652 0.67498558759689331055 1.4957354068756103516 2.1654331684112548828 3.5185694694519042969 3.6406474113464355469 5.5968537330627441406 5.6289839744567871094 5.0299406051635742188 3.8691883087158203125 2.0912756919860839844 1.1879674196243286133 3.2162053585052490234 1.9778954982757568359
0 2.164272308349609375 2.4774353504180908203 1.5271965265274047852 1.7074235677719116211 1.6260628700256347656 1.2742955684661865234 1.7774176597595214844 2.1563088893890380859 2.4612607955932617188 1.6886470317840576172 1.7830940485000610352 0.78715288639068603516 1.5603083372116088867 1.9635157585144042969 0.96195363998413085938 1.3080068826675415039 4.0111804008483886719 5.2204375267028808594 4.5420317649841308594 3.2191965579986572266 1.2920447587966918945 0.67123091220855712891 0.50312155485153198242 3.01035308837890625 3.1659996509552001953 3.2648725509643554688 4.1263337135314941406 4.7051491737365722656 4.7927718162536621094 4.4810843467712402344 4.1655435562133789062 6.4617648124694824219 4.6451597213745117188 1.9531799554824829102 0.37107238173484802246 0.95509153604507446289 1.093448638916015625 2.5090792179107666016 1.2885240316390991211
0 1.5512022972106933594 1.229418635368347168 2.0234029293060302734 2.0224084854125976562 1.3784694671630859375 1.4639248847961425781 1.801167607307434082 2.3301551342010498047 1.7133427858352661133 1.602234959602355957 1.6669317483901977539 1.9466886520385742188 2.1914410591125488281 2.2228474617004394531 2.1353287696838378906 3.6739370822906494141 3.5266089439392089844 1.4800928831100463867 1.2240631580352783203 2.0383629798889160156 2.0490109920501708984 2.515533447265625 2.9120225906372070312 1.9985113143920898438 5.1645259857177734375 3.7912545204162597656 5.9746828079223632812 5.8176894187927246094 4.8762235641479492188 5.5355081558227539062 5.4084658622741699219 6.1011195182800292969 3.2863042354583740234 0.84723514318466186523 0.71504902839660644531 2.4575600624084472656 3.0404284000396728516 0.79547923803329467773 1.957318425178527832
0 2.7225039005279541016 1.4189827442169189453 1.9573225975036621094 2.9396653175354003906 0.63160061836242675781 2.3748798370361328125 0.91114866733551025391 3.6165628433227539062 1.1943403482437133789 0.57274973392486572266 3.8797392845153808594 4.1629962921142578125 3.3976030349731445312 2.6110179424285888672 2.9906392097473144531 3.0384225845336914062 0.8112265467643737793 1.0226538181304931641 1.4855498075485229492 1.0971524715423583984 2.0221636295318603516 3.4143671989440917969 3.8917012214660644531 6.1007847785949707031 9.3977804183959960938 7.2292666435241699219 6.7321600914001464844 6.5911645889282226562 6.4748177528381347656 5.2052526473999023438 3.3059325218200683594 3.8797421455383300781 1.7309628725051879883 1.3184125423431396484 2.3878338336944580078 3.700103759765625 2.7791249752044677734 2.9279510974884033203 1.9985039234161376953
0 2.9855661392211914062 3.4868419170379638672 2.1388733386993408203 2.3672010898590087891 0.92274594306945800781 1.7017855644226074219 1.9155176877975463867 1.6154388189315795898 1.0519318580627441406 2.3440067768096923828 3.29920196533203125 1.539091944694519043 1.4229139089584350586 2.7650778293609619141 2.4464211463928222656 1.0634163618087768555 0.79036432504653930664 1.7648427486419677734 2.2549214363098144531 1.8157128095626831055 1.2550812959671020508 4.8839654922485351562 6.9718952178955078125 10.388620376586914062 11.566676139831542969 9.478656768798828125 7.8827004432678222656 6.4415788650512695312 5.4051957130432128906 3.330303192138671875 1.3378455638885498047 1.6799421310424804688 2.1095752716064453125 1.7614009380340576172 1.9417558908462524414 2.2063984870910644531 1.0359300374984741211 2.1150946617126464844 1.9842779636383056641
0 5.1724338531494140625 5.4677538871765136719 3.2609925270080566406 1.6129363775253295898 1.3784637451171875 1.319947361946105957 0.21345822513103485107 0.42690047621726989746 1.3536386489868164062 3.3083786964416503906 1.6461681127548217773 1.3736901283264160156 1.962490081787109375 2.1018939018249511719 1.5593384504318237305 2.0123758316040039062 2.5925462245941162109 3.0601446628570556641 3.5118234157562255859 3.541759490966796875 4.8591222763061523438 6.9618806838989257812 8.1874103546142578125 8.471210479736328125 5.8949718475341796875 3.1495258808135986328 2.2235324382781982422 0.97346651554107666016 1.5538046360015869141 1.8455641269683837891 1.3118761777877807617 0.34417656064033508301 2.4447705745697021484 2.4872212409973144531 0.47302064299583435059 1.8814009428024291992 3.3710258007049560547 0.81122541427612304688 2.8804192543029785156
0 4.3027434349060058594 5.9835233688354492188 6.3645415306091308594 3.1495258808135986328 1.539091944694519043 2.3588557243347167969 0.98791033029556274414 1.4046514034271240234 1.3696197271347045898 3.2907640933990478516 2.5058588981628417969 1.6501549482345581055 0.99404692649841308594 2.6110179424285888672 3.2414100170135498047 3.0802247524261474609 3.5564134120941162109 4.11014556884765625 4.1548600196838378906 5.486240386962890625 7.6921877861022949219 8.0773763656616210938 7.9980454444885253906 5.8219280242919921875 2.2596268653869628906 0.66895788908004760742 2.2854430675506591797 2.3996608257293701172 1.8011622428894042969 0.58499222993850708008 1.4089697599411010742 0.83278119564056396484 1.7324287891387939453 5.3804430961608886719 6.4884781837463378906 3.6607208251953125 3.8807737827301025391 6.1637110710144042969 4.5491356849670410156
0 3.0497181415557861328 2.8707470893859863281 5.1926469802856445312 4.8449859619140625 0.72557854652404785156 1.1533790826797485352 1.6110531091690063477 1.1651668548583984375 1.5235459804534912109 2.4497218132019042969 2.9265692234039306641 0.76630932092666625977 1.8115354776382446289 2.9588668346405029297 4.6129045486450195312 3.7100512981414794922 3.0591516494750976562 3.4526226520538330078 2.8947758674621582031 5.5687074661254882812 7.3538413047790527344 6.4484448432922363281 5.0735425949096679688 1.8359397649765014648 1.1383663415908813477 1.2027803659439086914 1.1472108364105224609 0.84245198965072631836 0.41851180791854858398 1.2734993696212768555 1.8673735857009887695 1.8011627197265625 2.1239111423492431641 2.2623155117034912109 3.3201239109039306641 3.8166136741638183594 7.2098641395568847656 5.2865366935729980469 1.2178418636322021484
0 2.2685694694519042969 1.5085328817367553711 3.1089780330657958984 4.1542501449584960938 3.1487061977386474609 1.6251206398010253906 1.9500648975372314453 1.3184128999710083008 3.7359604835510253906 2.3774344921112060547 2.4047248363494873047 2.9874293804168701172 3.3036444187164306641 3.9412057399749755859 4.981689453125 4.8869585990905761719 4.8495688438415527344 4.8153429031372070312 4.3987927436828613281 7.2896223068237304688 6.9572558403015136719 4.4371666908264160156 1.6226278543472290039 0.38315910100936889648 0.45558959245681762695 0.31819188594818115234 0.65519440174102783203 0.93148171901702880859 1.7731336355209350586 1.1131823062896728516 2.0383579730987548828 2.146663665771484375 3.1167647838592529297 4.4468340873718261719 5.8145785331726074219 8.2432889938354492188 5.6719298362731933594 4.7711482048034667969 2.1150858402252197266
0 1.9500739574432373047 1.906775355339050293 2.8596444129943847656 2.6356940269470214844 2.2289774417877197266 2.9396622180938720703 4.486480712890625 5.8111071586608886719 6.1510448455810546875 4.4982752799987792969 3.7229702472686767578 4.8195257186889648438 3.89156341552734375 3.449542999267578125 5.9629669189453125 6.69428253173828125 6.0030813217163085938 5.8370413780212402344 7.3456563949584960938 8.5076246261596679688 6.0418643951416015625 3.8891015052795410156 3.5007212162017822266 2.9774236679077148438 2.8424394130706787109 2.1095852851867675781 1.4691069126129150391 0.74554944038391113281 1.6163820028305053711 1.0270980596542358398 1.1776920557022094727 3.8266615867614746094 5.9483428001403808594 5.8279752731323242188 8.0970592498779296875 7.7981286048889160156 4.2773375511169433594 4.0323934555053710938 3.3961093425750732422
0 2.3360157012939453125 1.4903023242950439453 2.3223319053649902344 2.4348232746124267578 1.3970683813095092773 3.1073529720306396484 5.1599378585815429688 5.2236166000366210938 3.4420650005340576172 1.8334611654281616211 1.8198871612548828125 4.1391544342041015625 3.6330139636993408203 4.4648380279541015625 9.1046476364135742188 8.1959581375122070312 6.1381931304931640625 5.2530627250671386719 4.5348072052001953125 3.6808087825775146484 3.16408538818359375 2.5133154392242431641 3.328487396240234375 2.9029760360717773438 2.5591711997985839844 3.8740079402923583984 4.5956950187683105469 3.0867841243743896484 0.87371265888214111328 1.5822120904922485352 0.40748655796051025391 5.2826175689697265625 1.345769047737121582 1.9842706918716430664 4.9942169189453125 1.4984395503997802734 1.8223930597305297852 2.2486290931701660156 3.5007266998291015625
0 2.5579919815063476562 2.1466612815856933594 0.99911850690841674805 2.2034175395965576172 3.0142128467559814453 3.7553865909576416016 3.1648843288421630859 1.7359298467636108398 1.7359343767166137695 2.1189184188842773438 1.7053514719009399414 3.2950625419616699219 3.6261932849884033203 6.6412291526794433594 9.5616388320922851562 5.8888998031616210938 3.9324932098388671875 2.182422637939453125 0.66896426677703857422 2.4462263584136962891 4.2294020652770996094 4.0485239028930664062 1.619832158088684082 1.2869483232498168945 0.43279424309730529785 0.28814014792442321777 2.9085445404052734375 3.0339343547821044922 0.86439090967178344727 1.5403978824615478516 0.76498192548751831055 4.2574677467346191406 3.9543797969818115234 3.6574008464813232422 5.3790335655212402344 6.4340758323669433594 5.1379094123840332031 3.7654576301574707031 4.5306868553161621094
0 2.9588620662689208984 3.1808149814605712891 0.39870750904083251953 0.65288275480270385742 0.68835484981536865234 1.4189867973327636719 1.8257197141647338867 1.3766241073608398438 2.2843420505523681641 3.0284295082092285156 3.5734279155731201172 3.1806557178497314453 3.4567160606384277344 8.274204254150390625 8.9015760421752929688 2.2836701869964599609 0.86848056316375732422 2.3465929031372070312 1.7570813894271850586 1.3355755805969238281 3.065753936767578125 2.9609103202819824219 3.5914776325225830078 2.7820272445678710938 2.0642488002777099609 2.3861370086669921875 1.4057265520095825195 2.7178657054901123047 4.4548778533935546875 3.7043240070343017578 0.68318915367126464844 2.4331538677215576172 2.4519948959350585938 1.6862523555755615234 1.6338169574737548828 0.68021929264068603516 1.9091645479202270508 2.6081030368804931641 4.0772252082824707031
0 4.8888201713562011719 3.5296161174774169922 0.84902751445770263672 0.57274365425109863281 0.83278650045394897461 1.5511994361877441406 1.4175552129745483398 1.9531764984130859375 3.3734152317047119141 1.3988748788833618164 1.2157560586929321289 2.8021256923675537109 3.6393995285034179688 6.7022423744201660156 8.3275060653686523438 3.4565703868865966797 2.9636337757110595703 2.2043280601501464844 1.6436980962753295898 2.2810113430023193359 4.0344057083129882812 1.5806231498718261719 1.1529458761215209961 2.5131142139434814453 2.1513686180114746094 2.3170900344848632812 3.0031092166900634766 3.2617595195770263672 3.8427305221557617188 5.49146270751953125 1.2182480096817016602 1.1172671318054199219 0.59783118963241577148 1.4398758411407470703 3.0224111080169677734 3.4705743789672851562 3.3219439983367919922 3.4401552677154541016 5.1529040336608886719
0 4.8068442344665527344 3.8845539093017578125 0.54186588525772094727 0.22500039637088775635 1.2607188224792480469 1.9094387292861938477 3.5585544109344482422 3.8833837509155273438 3.1820852756500244141 1.2240599393844604492 0.66820681095123291016 3.4950900077819824219 4.7701892852783203125 4.5953683853149414062 5.0413517951965332031 3.2884593009948730469 1.7645540237426757812 0.7800585627555847168 1.3080068826675415039 4.3739418983459472656 3.3298504352569580078 0.45558577775955200195 1.6338176727294921875 2.5058526992797851562 1.7218840122222900391 1.7553555965423583984 0.35999774932861328125 2.0083494186401367188 4.4101362228393554688 4.3135266304016113281 2.1768484115600585938 3.7971158027648925781 3.4316320419311523438 2.5704102516174316406 2.1842734813690185547 1.0543287992477416992 1.8945313692092895508 4.1822218894958496094 6.4990034103393554688
0 2.908718109130859375 3.3083777427673339844 1.8714263439178466797 1.3287411928176879883 2.6231894493103027344 3.7086923122406005859 3.6341152191162109375 2.6784965991973876953 3.0550119876861572266 3.1422853469848632812 3.7436683177947998047 4.9280600547790527344 4.9857330322265625 4.2702593803405761719 3.5507423877716064453 1.9850367307662963867 0.32759979367256164551 0.96772146224975585938 4.3154082298278808594 4.5217685699462890625 2.2914183139801025391 1.6510782241821289062 1.2734961509704589844 2.6356861591339111328 2.9446504116058349609 2.9840457439422607422 2.7130250930786132812 2.0844974517822265625 3.9042694568634033203 6.1950592994689941406 7.6565794944763183594 6.7704882621765136719 4.7790660858154296875 5.1032633781433105469 5.3767895698547363281 5.4980692863464355469 7.9047822952270507812 10.291689872741699219 9.8987884521484375
