wildfire/work/fuelmodels/1831/slope.asc
ncols        240
nrows        303
xllcorner    180695.000000000000
yllcorner    482690.000000000000
cellsize     5.000000000000
NODATA_value   -999
[rows 198 to 215 of 303, columns 0 to 39 of 240]
0 2.1745285987854003906 2.5733644962310791016 2.9946980476379394531 2.2535712718963623047 2.2425472736358642578 2.5765004158020019531 2.7485685348510742188 1.4489898681640625 2.4154212474822998047 2.1990513801574707031 1.8279323577880859375 1.7774090766906738281 1.8982703685760498047 1.6353689432144165039 1.7245286703109741211 2.13793182373046875 2.093456268310546875 1.7808259725570678711 2.1127040386199951172 1.5603156089782714844 1.0766566991806030273 1.2667250633239746094 1.3766257762908935547 1.4800873994827270508 1.5850948095321655273 1.7708613872528076172 2.1824240684509277344 2.3560616970062255859 2.2280666828155517578 1.8496710062026977539 1.8359479904174804688 1.9430539608001708984 2.0033061504364013672 1.2074049711227416992 0.98688578605651855469 0.99911302328109741211 0.41487768292427062988 0.28814083337783813477 1.0591276884078979492
0 2.0423228740692138672 3.0576615333557128906 3.4125852584838867188 2.2549173831939697266 1.8716999292373657227 1.8684549331665039062 2.5484843254089355469 2.3101022243499755859 2.2535750865936279297 3.3152468204498291016 2.4053528308868408203 2.9774272441864013672 2.9014043807983398438 2.7667143344879150391 2.5835592746734619141 1.8902579545974731445 1.3666644096374511719 1.2534754276275634766 1.7725708484649658203 2.4331610202789306641 2.6978883743286132812 2.6849210262298583984 2.4890460968017578125 2.3225452899932861328 2.4519984722137451172 2.7461748123168945312 2.6758565902709960938 2.4443566799163818359 2.2567243576049804688 1.7754192352294921875 1.1789861917495727539 0.46980673074722290039 1.2885184288024902344 1.050011754035949707 1.2376356124877929688 1.6310315132141113281 1.5235488414764404297 1.3685121536254882812 1.3091653585433959961
0 3.2722840309143066406 3.8686575889587402344 3.7331273555755615234 2.5646963119506835938 1.6702715158462524414 1.1026780605316162109 1.4426895380020141602 2.5579862594604492188 2.0063316822052001953 3.6106941699981689453 3.1398780345916748047 2.5784640312194824219 2.6662023067474365234 2.6096515655517578125 2.0301439762115478516 1.4957331418991088867 1.3592383861541748047 1.1131770610809326172 1.0634163618087768555 1.9878482818603515625 2.5835666656494140625 2.7526125907897949219 2.9774236679077148438 2.9294965267181396484 3.2909154891967773438 3.1725325584411621094 2.4792714118957519531 2.3353590965270996094 2.2940621376037597656 1.9842826128005981445 0.71504551172256469727 0.70649796724319458008 0.98689192533493041992 0.25653412938117980957 0.68095916509628295898 1.2355865240097045898 1.8835585117340087891 2.0740258693695068359 1.2703155279159545898
0 2.8251328468322753906 4.2953557968139648438 3.5324780941009521484 2.1877472400665283203 1.7103886604309082031 1.0804178714752197266 1.0226483345031738281 1.9281535148620605469 2.3101046085357666016 2.7319586277008056641 3.9780640602111816406 1.4430316686630249023 2.0251572132110595703 2.1635646820068359375 2.2515509128570556641 2.5585782527923583984 2.9210269451141357422 2.5894200801849365234 1.7472554445266723633 1.2355761528015136719 1.2885069847106933594 2.501811981201171875 2.8122191429138183594 2.8804235458374023438 3.3091375827789306641 2.7623243331909179688 2.3912189006805419922 2.5968377590179443359 2.7659893035888671875 2.9389796257019042969 2.2098324298858642578 1.6477016210556030273 1.3091681003570556641 0.78586739301681518555 0.3883997797966003418 0.15909036993980407715 0.40248534083366394043 0.40749129652976989746 1.3592318296432495117
0 2.5522503852844238281 4.1836695671081542969 1.8931943178176879883 1.6097899675369262695 1.7315511703491210938 2.2196478843688964844 2.7234282493591308594 2.7066755294799804688 2.87075042724609375 2.215312957763671875 3.8374645709991455078 2.2641057968139648438 2.5906043052673339844 3.3189101219177246094 3.5637977123260498047 3.6261849403381347656 3.6499283313751220703 3.6895759105682373047 3.7283887863159179688 2.7905559539794921875 2.4813151359558105469 2.7505927085876464844 1.8090130090713500977 1.864383697509765625 2.4700827598571777344 2.1006939411163330078 2.2774658203125 2.1506714820861816406 2.215320587158203125 3.2476375102996826172 3.4559807777404785156 2.4352281093597412109 2.1057398319244384766 1.7830982208251953125 1.0246341228485107422 0.89827924966812133789 0.55570280551910400391 0.17136424779891967773 1.0822842121124267578
0 2.8326332569122314453 3.7714822292327880859 1.0364251136779785156 1.4374151229858398438 2.1614520549774169922 3.1327731609344482422 3.7436630725860595703 3.2467110157012939453 3.4165830612182617188 3.0192358493804931641 2.6618432998657226562 3.2468667030334472656 2.5419259071350097656 2.6911222934722900391 3.9584643840789794922 4.8902587890625 4.9009761810302734375 4.7419962882995605469 4.7927775382995605469 3.9091811180114746094 2.1006939411163330078 1.5920962095260620117 0.88236051797866821289 1.0364174842834472656 1.7845120429992675781 1.6288597583770751953 1.7192436456680297852 1.5908271074295043945 1.6498473882675170898 2.4045097827911376953 3.5036056041717529297 2.8932032585144042969 2.2155442237854003906 2.2854490280151367188 2.0571377277374267578 1.8447465896606445312 1.5008053779602050781 1.0186973810195922852 0.92766571044921875
0 2.0922369956970214844 3.3284764289855957031 1.5908284187316894531 2.3517689704895019531 3.67641448974609375 4.0447754859924316406 3.2833905220031738281 2.3411993980407714844 2.2854430675506591797 2.7319614887237548828 1.8824787139892578125 3.3175327777862548828 2.6644916534423828125 1.9221038818359375 2.9569795131683349609 3.7907280921936035156 3.7908632755279541016 4.0931677818298339844 4.4344420433044433594 4.1118664741516113281 1.8359397649765014648 1.0388642549514770508 0.4500014185905456543 1.0619882345199584961 1.6050690412521362305 1.147220611572265625 0.76960444450378417969 1.3956130743026733398 1.8279303312301635742 2.0512242317199707031 2.9650046825408935547 3.2889270782470703125 2.5520534515380859375 1.625439763069152832 1.3517758846282958984 1.5987533330917358398 1.6063295602798461914 1.2667347192764282227 0.63638186454772949219
0 2.0346264839172363281 3.5552818775177001953 2.2810182571411132812 2.8468801975250244141 3.5495982170104980469 3.3529932498931884766 3.0175638198852539062 2.4780521392822265625 2.3258097171783447266 2.9408597946166992188 3.0657453536987304688 2.5293562412261962891 3.0063140392303466797 2.2836816310882568359 2.5040395259857177734 1.0246288776397705078 0.76959770917892456055 0.715057373046875 2.4661915302276611328 3.1567296981811523438 1.3382269144058227539 1.4666916131973266602 0.75900340080261230469 1.2522606849670410156 1.1841182708740234375 0.75096076726913452148 0.96196043491363525391 1.0280777215957641602 1.0186802148818969727 1.3260687589645385742 2.0798754692077636719 2.6318442821502685547 2.7306668758392333984 2.5331468582153320312 3.2091219425201416016 2.5450994968414306641 1.977886199951171875 2.3440067768096923828 1.8584035634994506836
0 2.2993514537811279297 3.7296123504638671875 3.2456233501434326172 3.525604248046875 3.3683187961578369141 2.5939118862152099609 2.9569818973541259766 3.5050551891326904297 3.7908594608306884766 3.5534369945526123047 3.3334891796112060547 1.1383608579635620117 2.97725677490234375 2.3996682167053222656 1.5125501155853271484 2.0934519767761230469 2.6231853961944580078 2.6231846809387207031 2.6888670921325683594 1.4656534194946289062 0.77679860591888427734 1.2778632640838623047 1.5716233253479003906 1.2281879186630249023 0.84063935279846191406 1.4790592193603515625 2.2643263339996337891 1.6790326833724975586 0.83278119564056396484 0.15909886360168457031 1.1258368492126464844 1.6571950912475585938 2.9008898735046386719 2.6471750736236572266 2.9568119049072265625 3.5959725379943847656 2.4045090675354003906 2.5042498111724853516 2.3160088062286376953
0 2.9472186565399169922 4.009796142578125 4.229038238525390625 4.1042456626892089844 3.6006090641021728516 3.3818006515502929688 3.7371852397918701172 3.7795138359069824219 3.1939711570739746094 2.7676322460174560547 3.339694976806640625 2.7327008247375488281 2.0291500091552734375 2.6040334701538085938 1.4708286523818969727 1.9601595401763916016 1.8641124963760375977 1.2550896406173706055 0.48674985766410827637 0.60036301612854003906 1.3536441326141357422 1.5908256769180297852 1.5235570669174194336 0.98226147890090942383 0.60539960861206054688 2.3133840560913085938 2.2341856956481933594 0.97398114204406738281 0.57362955808639526367 0.70001941919326782227 0.57363158464431762695 0.96928727626800537109 2.3714661598205566406 1.4426850080490112305 1.5248849391937255859 3.5814783573150634766 3.4586184024810791016 2.6358821392059326172 2.3984093666076660156
0 4.297115325927734375 5.0862379074096679688 4.9720625877380371094 4.1493916511535644531 3.8691911697387695312 4.5503554344177246094 4.6309075355529785156 4.0686755180358886719 2.8053841590881347656 2.3472499847412109375 3.5036056041717529297 3.7746973037719726562 1.2244737148284912109 1.7394241094589233398 0.71149492263793945312 0.84903347492218017578 0.54744243621826171875 0.25653636455535888672 0.98688578605651855469 1.4510873556137084961 1.2998651266098022461 0.85674899816513061523 0.98277413845062255859 0.48466247320175170898 0.76959240436553955078 1.9281574487686157227 1.9383553266525268555 0.83277797698974609375 0.56293374300003051758 0.83278650045394897461 0.69784873723983764648 0.92493033409118652344 0.95720452070236206055 1.2006707191467285156 2.2350957393646240234 2.3249454498291015625 3.0197412967681884766 4.0706524848937988281 3.9166617393493652344
0 4.7324032783508300781 5.4818248748779296875 4.8963422775268554688 4.213611602783203125 4.1645665168762207031 3.8749189376831054688 3.652980804443359375 4.5348086357116699219 3.8266661167144775391 2.6032581329345703125 3.5621016025543212891 4.27591705322265625 1.3999602794647216797 1.1841213703155517578 0.34271034598350524902 0.65597224235534667969 0.10063107311725616455 0.68095546960830688477 1.4656589031219482422 0.83703142404556274414 0.095461569726467132568 0.86146938800811767578 0.89659315347671508789 0.48569595813751220703 1.0543348789215087891 1.4817978143692016602 1.0261098146438598633 0.35576254129409790039 0.63718324899673461914 1.1031334400177001953 1.1459008455276489258 0.24851712584495544434 0.16224738955497741699 0.93148696422576904297 1.4913358688354492188 1.0046775341033935547 1.9354819059371948242 3.2784569263458251953 4.1352534294128417969
0 4.648525238037109375 5.4121923446655273438 4.1723227500915527344 1.1789804697036743164 2.9554476737976074219 3.8273224830627441406 2.4776453971862792969 3.4054639339447021484 3.4771227836608886719 1.8619371652603149414 2.94704437255859375 4.4420628547668457031 2.3534839153289794922 0.85910397768020629883 0.52477848529815673828 1.0957653522491455078 1.2094962596893310547 1.0860185623168945312 1.4800873994827270508 0.32760569453239440918 0.3001880645751953125 0.73459851741790771484 1.3814001083374023438 1.5092071294784545898 1.4086132049560546875 1.5272086858749389648 0.83520978689193725586 0.80559110641479492188 1.093457341194152832 0.52957963943481445312 1.1772743463516235352 1.2224004268646240234 0.84003716707229614258 0.96196204423904418945 1.0971503257751464844 1.5091986656188964844 2.9336352348327636719 1.9941877126693725586 2.940349578857421875
0 4.4647231101989746094 5.365909576416015625 1.3118700981140136719 5.8800096511840820312 3.4226408004760742188 7.5720920562744140625 3.9529719352722167969 3.5283198356628417969 2.7178637981414794922 1.3897988796234130859 2.2774574756622314453 3.8352327346801757812 3.4044313430786132812 1.8279354572296142578 1.438822627067565918 1.6547483205795288086 2.0912773609161376953 2.1717324256896972656 1.8513164520263671875 1.3618488311767578125 1.7691417932510375977 2.3103208541870117188 2.3620631694793701172 2.1150946617126464844 2.0642571449279785156 1.7799715995788574219 1.1926395893096923828 1.466687321662902832 1.4790650606155395508 1.3498996496200561523 1.9352265596389770508 2.2810213565826416016 2.1028549671173095703 1.1067943572998046875 2.0842485427856445312 2.7158133983612060547 2.8159899711608886719 2.4227368831634521484 3.1141710281372070312
0 4.4258990287780761719 5.5711517333984375 2.6003422737121582031 7.3995561599731445312 6.5807943344116210938 12.271435737609863281 4.1938018798828125 4.6934423446655273438 2.0630230903625488281 1.7639842033386230469 2.1153280735015869141 2.7621486186981201172 2.9031481742858886719 2.4484891891479492188 2.6179728507995605469 2.4559125900268554688 2.4360668659210205078 2.2535839080810546875 1.5754920244216918945 1.4374204874038696289 2.0630221366882324219 2.2594013214111328125 2.2086880207061767578 2.1067061424255371094 1.8619428873062133789 1.3275946378707885742 1.0246305465698242188 1.4635852575302124023 1.1472222805023193359 1.3802956342697143555 1.89239501953125 1.9860624074935913086 2.6557552814483642578 2.6096515655517578125 2.7068607807159423828 2.6148819923400878906 2.4196002483367919922 3.0352654457092285156 3.9584727287292480469
0 4.4658536911010742188 6.3948125839233398438 5.2321076393127441406 10.651013374328613281 11.361897468566894531 9.1209163665771484375 4.7572817802429199219 5.3599872589111328125 2.2380244731903076172 1.8627554178237915039 2.4503531455993652344 2.8354876041412353516 2.7363953590393066406 2.1115031242370605469 2.4645504951477050781 2.5259544849395751953 2.6326098442077636719 2.5139167308807373047 2.3483183383941650391 2.2155387401580810547 2.0326352119445800781 1.8673720359802246094 2.0922491550445556641 2.18866729736328125 1.6101095676422119141 1.1669068336486816406 1.0061948299407958984 1.1789928674697875977 0.67498475313186645508 0.88006067276000976562 0.9801959991455078125 0.94496119022369384766 1.7754192352294921875 2.2015807628631591797 2.2533524036407470703 2.4943287372589111328 3.2665698528289794922 4.02588653564453125 4.114696502685546875
0 4.5590987205505371094 7.0511136054992675781 4.958965301513671875 5.9093804359436035156 6.9605073928833007812 2.9377658367156982422 4.1591105461120605469 4.8207864761352539062 3.7067804336547851562 2.6965591907501220703 2.7476513385772705078 3.7316429615020751953 4.2131285667419433594 3.2860004901885986328 2.2337405681610107422 2.5106976032257080078 2.7894687652587890625 2.8251230716705322266 3.0617921352386474609 3.323162078857421875 2.9460210800170898438 2.2863402366638183594 1.9030666351318359375 2.1179587841033935547 2.4264917373657226562 2.4661865234375 2.1763875484466552734 1.8447452783584594727 1.3618428707122802734 1.2194970846176147461 1.0822893381118774414 0.91114658117294311523 1.1669068336486816406 1.619832158088684082 2.2132694721221923828 2.9291594028472900391 3.8901438713073730469 3.7157690525054931641 2.4969575405120849609
0 4.6276292800903320312 6.7238030433654785156 3.5513083934783935547 2.0630230903625488281 0.82789778709411621094 1.6519960165023803711 3.3852281570434570312 3.3205804824829101562 2.9008893966674804688 2.7262196540832519531 2.4780552387237548828 3.0311031341552734375 4.1526703834533691406 4.6264286041259765625 2.9465272426605224609 3.6673300266265869141 3.8019061088562011719 3.8483757972717285156 3.3546428680419921875 2.8821780681610107422 2.8608746528625488281 2.7456212043762207031 2.2721247673034667969 2.38486480712890625 2.8821780681610107422 3.1860558986663818359 3.1495201587677001953 2.7533450126647949219 2.2118885517120361328 2.0301542282104492188 1.69434356689453125 1.4711726903915405273 1.7613991498947143555 1.9593851566314697266 2.4864056110382080078 4.0415287017822265625 4.0825452804565429688 2.6154618263244628906 1.5125516653060913086
