wildfire/work/fuelmodels/1831/slope.asc
ncols        240
nrows        303
xllcorner    180695.000000000000
yllcorner    482690.000000000000
cellsize     5.000000000000
NODATA_value   -999
[rows 108 to 125 of 303, columns 0 to 39 of 240]
0 3.0379233360290527344 1.85131072998046875 0.91115117073059082031 1.1067962646484375 0.96772491931915283203 1.3118773698806762695 1.8447470664978027344 1.4189864397048950195 0.67499077320098876953 0.73804241418838500977 1.0112003087997436523 1.2408950328826904297 0.84004956483840942383 0.60036814212799072266 1.5654898881912231445 1.0186855792999267578 0.60036104917526245117 1.3999540805816650391 1.8477497100830078125 2.8210077285766601562 2.1782448291778564453 0.60036939382553100586 0.8597049713134765625 0.58672147989273071289 0.64898973703384399414 1.2412996292114257812 1.4542063474655151367 1.0359255075454711914 2.1114978790283203125 3.0734970569610595703 2.3013300895690917969 2.4385595321655273438 2.8635277748107910156 2.1635599136352539062 0.54744100570678710938 1.2224127054214477539 1.2955636978149414062 0.56294268369674682617 0.78716319799423217773
0 2.7278833389282226562 2.4447619915008544922 0.99404311180114746094 1.5092062950134277344 1.9302583932876586914 1.3681532144546508789 0.90445733070373535156 1.3714660406112670898 1.054335474967956543 0.4815222322940826416 0.45557901263236999512 0.61205279827117919922 0.74893593788146972656 0.82974237203598022461 1.4129139184951782227 1.7053463459014892578 1.0112106800079345703 0.45558959245681762695 0.94012886285781860352 1.9017258882522583008 2.6256887912750244141 1.9678945541381835938 0.92657017707824707031 0.52957963943481445312 0.56653249263763427734 1.0874270200729370117 1.4064475297927856445 0.13120521605014801025 0.68835145235061645508 2.1731286048889160156 2.1670694351196289062 1.8521322011947631836 2.5229504108428955078 2.9569735527038574219 1.0403248071670532227 0.86849164962768554688 1.460123896598815918 1.1405816078186035156 0.75900661945343017578
0 2.4348146915435791016 2.6356804370880126953 1.8315324783325195312 1.9038600921630859375 1.7309741973876953125 0.63638788461685180664 0.114725455641746521 0.72558647394180297852 1.654750823974609375 1.0822957754135131836 0.45223769545555114746 0.79546588659286499023 0.38315859436988830566 1.4121900796890258789 2.3560631275177001953 2.4943222999572753906 1.5301759243011474609 0.44204786419868469238 0.75632846355438232422 1.7227637767791748047 2.6568953990936279297 3.0657510757446289062 1.3988729715347290039 0.50310814380645751953 1.0107073783874511719 1.4967498779296875 1.3287312984466552734 0.34417656064033508301 0.28813415765762329102 1.5285215377807617188 2.3153531551361083984 1.9555169343948364258 2.5411200523376464844 3.1846208572387695312 1.1529430150985717773 0.11473050713539123535 0.63638788461685180664 0.98842334747314453125 0.70649713277816772461
0 1.9438371658325195312 2.3952350616455078125 2.008602142333984375 1.4093230962753295898 0.94924551248550415039 0.54187190532684326172 0.071147434413433074951 0.44205617904663085938 1.1423549652099609375 1.9500776529312133789 1.0046834945678710938 1.1113598346710205078 1.4086016416549682617 2.4070305824279785156 1.5959057807922363281 2.0531966686248779297 1.5275316238403320312 1.1707915067672729492 0.43278935551643371582 1.2810295820236206055 2.2223849296569824219 3.2201297283172607422 3.0591475963592529297 1.7309669256210327148 0.84064763784408569336 0.78587007522583007812 1.0388561487197875977 0.33825075626373291016 1.1081639528274536133 0.79547101259231567383 2.5468935966491699219 2.3301684856414794922 2.8763792514801025391 2.8159875869750976562 1.1472128629684448242 0.80307585000991821289 0.88408493995666503906 1.0186861753463745117 1.0804164409637451172
0 1.7613991498947143555 2.2098317146301269531 2.0133767127990722656 1.1099898815155029297 0.30186727643013000488 0.95350283384323120117 1.0860269069671630859 0.83520609140396118164 0.31977897882461547852 1.1943403482437133789 1.2224042415618896484 0.66820681095123291016 1.3427548408508300781 0.94604051113128662109 1.9601545333862304688 1.8673675060272216797 1.2534785270690917969 1.7521770000457763672 0.46980673074722290039 0.84003996849060058594 1.2554889917373657227 2.1988170146942138672 2.9194769859313964844 1.490304112434387207 0.28459697961807250977 0.66440272331237792969 0.74554866552352905273 1.011198878288269043 1.2790533304214477539 0.59186214208602905273 2.9078481197357177734 2.7599530220031738281 2.3179714679718017578 2.2607541084289550781 1.7671309709548950195 1.0061848163604736328 0.5867201685905456543 0.9232870936393737793 1.3295025825500488281
0 1.9059838056564331055 1.9624786376953125 1.6353678703308105469 0.87371593713760375977 0.11472881585359573364 0.35146147012710571289 0.44999969005584716797 0.31819793581962585449 1.1806961297988891602 1.3685171604156494141 0.31338909268379211426 1.0246305465698242188 0.60539960861206054688 0.42452841997146606445 1.1707915067672729492 1.6593255996704101562 1.7207059860229492188 2.2341878414154052734 1.0270980596542358398 0.40249106287956237793 0.73459905385971069336 1.699404597282409668 3.3433299064636230469 1.9573165178298950195 0.63717687129974365234 0.70650255680084228516 0.10063107311725616455 0.85674834251403808594 0.32449254393577575684 1.7103812694549560547 3.0071575641632080078 1.6204482316970825195 1.9260506629943847656 2.8714609146118164062 2.0403375625610351562 0.99403840303421020508 0.73460519313812255859 0.1423110663890838623 0.99860453605651855469
0 1.4472370147705078125 1.530506134033203125 1.1977298259735107422 0.73460799455642700195 0.60789990425109863281 0.71787691116333007812 0.58413088321685791016 0.80997949838638305664 1.266726374626159668 0.60791260004043579102 1.7708555459976196289 1.5825384855270385742 1.2538808584213256836 0.89658516645431518555 0.79800981283187866211 1.0576900243759155273 1.7362205982208251953 2.2271580696105957031 1.6304128170013427734 0.45890820026397705078 0.7689431309700012207 2.7328884601593017578 3.5811920166015625 1.9155118465423583984 1.7017798423767089844 1.8469327688217163086 1.1476545333862304688 0.78715735673904418945 0.39358985424041748047 1.4680683612823486328 2.3485345840454101562 2.0423171520233154297 1.1190702915191650391 2.4569458961486816406 2.5784640312194824219 1.2277684211730957031 0.45000052452087402344 1.3184125423431396484 1.8312517404556274414
0 1.2157567739486694336 1.2006757259368896484 1.1081725358963012695 0.47304189205169677734 1.0046751499176025391 0.92766904830932617188 0.45000052452087402344 0.25653108954429626465 0.76497763395309448242 1.6599395275115966797 1.4739158153533935547 1.2281861305236816406 1.1913706064224243164 1.5354655981063842773 1.8886486291885375977 1.7440791130065917969 2.2098288536071777344 1.9796830415725708008 1.7599618434906005859 0.87371593713760375977 0.8030707240104675293 2.6758615970611572266 3.6506302356719970703 2.7513329982757568359 0.61123073101043701172 0.88006663322448730469 1.1943358182907104492 1.0860217809677124023 0.95349740982055664062 1.6424688100814819336 2.2289712429046630859 1.8918621540069580078 1.532497406005859375 2.6662008762359619141 2.7424831390380859375 0.56920456886291503906 2.1865901947021484375 3.5257515907287597656 3.7547185420989990234
0 1.0107073783874511719 0.51307684183120727539 0.89148956537246704102 1.0619943141937255859 0.8260650634765625 0.75432068109512329102 0.63639396429061889648 1.1682125329971313477 1.508541107177734375 0.98791617155075073242 0.64898377656936645508 0.6742369532585144043 1.3592401742935180664 1.6101180315017700195 1.4093259572982788086 1.8145921230316162109 3.2992029190063476562 2.305500030517578125 1.8551334142684936523 0.72698450088500976562 0.65596634149551391602 1.82903289794921875 3.1219525337219238281 3.5128340721130371094 2.818325042724609375 1.3483985662460327148 0.51405733823776245117 0.41851785778999328613 1.0246369838714599609 1.2955747842788696289 2.3646314144134521484 2.4397957324981689453 2.2344148159027099609 2.5898072719573974609 1.9367856979370117188 1.3382240533828735352 3.1847774982452392578 3.1546473503112792969 3.3894095420837402344
0 0.86439681053161621094 1.0246305465698242188 0.84244489669799804688 1.1733911037445068359 0.89149194955825805664 0.52187269926071166992 1.6608482599258422852 1.8279343843460083008 1.242527008056640625 1.012713313102722168 1.0466271638870239258 0.69785678386688232422 0.31500592827796936035 1.2412995100021362305 1.3103270530700683594 0.99911898374557495117 3.8457520008087158203 2.4078707695007324219 1.6943335533142089844 0.84004366397857666016 0.53999298810958862305 1.4489768743515014648 2.4821209907531738281 2.7306661605834960938 2.8961808681488037109 2.3916406631469726562 1.2502313852310180664 1.1249327659606933594 0.99658674001693725586 0.98278176784515380859 2.7456216812133789062 2.6576581001281738281 2.2810168266296386719 2.2325987815856933594 1.3592395782470703125 2.4692559242248535156 2.7386119365692138672 2.5467002391815185547 2.2854473590850830078
0 0.89828020334243774414 0.71504575014114379883 1.1498508453369140625 0.61123073101043701172 1.3536441326141357422 1.3060661554336547852 1.5354640483856201172 1.6163845062255859375 1.5796476602554321289 1.4426804780960083008 1.5551093816757202148 1.4289416074752807617 0.99454903602600097656 1.2413057088851928711 0.34270808100700378418 0.79611057043075561523 3.4923470020294189453 2.1600518226623535156 1.540402531623840332 1.1836949586868286133 0.47302517294883728027 0.50310236215591430664 1.6571834087371826172 2.0246498584747314453 2.8919866085052490234 3.0384263992309570312 1.8619314432144165039 0.72139739990234375 0.49702972173690795898 1.1956067085266113281 2.7929093837738037109 2.7328884601593017578 1.8781709671020507812 2.1600484848022460938 1.8583952188491821289 3.1718969345092773438 2.8707528114318847656 2.5498723983764648438 1.9840157032012939453
0 1.4003156423568725586 1.2667250633239746094 1.7472639083862304688 2.7549962997436523438 3.0142087936401367188 2.6739740371704101562 1.5088765621185302734 1.1045151948928833008 1.2667220830917358398 1.079934239387512207 0.91114062070846557617 1.9466898441314697266 2.0083484649658203125 1.266726374626159668 0.6689624786376953125 1.5433596372604370117 2.8312094211578369141 1.9941927194595336914 1.3321573734283447266 1.6060137748718261719 1.2425222396850585938 0.79801487922668457031 1.07666015625 1.8673585653305053711 2.6978750228881835938 2.4185607433319091797 3.1808085441589355469 2.5892293453216552734 0.36279463768005371094 1.4405744075775146484 2.7871067523956298828 2.7776658535003662109 1.8356695175170898438 1.0280867815017700195 1.6476957798004150391 3.0142104625701904297 1.8846309185028076172 1.5168948173522949219 1.1733858585357666016
0 1.6501532793045043945 1.4064438343048095703 2.5040314197540283203 2.2567110061645507812 2.1710338592529296875 3.0259318351745605469 3.0616374015808105469 1.6012898683547973633 0.73804402351379394531 0.31338664889335632324 0.35575544834136962891 1.2522553205490112305 2.0033094882965087891 2.1654331684112548828 3.2062935829162597656 3.3492140769958496094 2.7505857944488525391 1.9534360170364379883 1.2869362831115722656 1.7300896644592285156 0.88006663322448730469 0.74008810520172119141 1.113638758659362793 1.7570803165435791016 1.8923909664154052734 1.6571891307830810547 3.2498140335083007812 3.2168340682983398438 0.86439019441604614258 2.4464092254638671875 2.6358685493469238281 2.5425243377685546875 1.9635205268859863281 0.59783118963241577148 2.8853349685668945312 2.7143280506134033203 1.4121955633163452148 1.4003137350082397461 0.86848276853561401367
0 1.5285272598266601562 1.5390813350677490234 0.85675328969955444336 0.27186825871467590332 0.85674899816513061523 0.63638788461685180664 1.3977888822555541992 1.8924027681350708008 1.3241659402847290039 1.010699152946472168 1.7739887237548828125 2.8975703716278076172 3.7634484767913818359 3.59723663330078125 3.4036893844604492188 2.6758639812469482422 2.2980279922485351562 1.7524710893630981445 1.0359319448471069336 0.77680051326751708984 1.1960270404815673828 1.3666564226150512695 1.1458884477615356445 1.0359337329864501953 1.1956125497817993164 2.2326004505157470703 3.7473042011260986328 2.1600561141967773438 1.184115290641784668 2.0472683906555175781 2.0053248405456542969 2.1381649971008300781 1.5534918308258056641 1.1879674196243286133 3.0867886543273925781 2.6775598526000976562 1.9931730031967163086 1.7754143476486206055 1.2955662012100219727
0 1.7547791004180908203 2.3353629112243652344 1.9511024951934814453 1.0246288776397705078 0.71149599552154541016 0.031826604157686233521 1.1177202463150024414 2.0386037826538085938 1.7309803962707519531 1.0495287179946899414 1.4953970909118652344 2.9120156764984130859 3.5301826000213623047 2.2696754932403564453 1.8447433710098266602 1.6501584053039550781 1.4967502355575561523 1.353651881217956543 0.96982330083847045898 0.67499423027038574219 0.56294232606887817383 0.58671557903289794922 0.75095719099044799805 0.77418994903564453125 1.9292038679122924805 3.8440418243408203125 3.2708976268768310547 1.2240608930587768555 0.83277517557144165039 2.0740323066711425781 2.2774658203125 1.9281498193740844727 0.98842573165893554688 1.318416595458984375 3.1055617332458496094 2.8053729534149169922 1.6229468584060668945 1.508877873420715332 2.0045742988586425781
0 0.73460614681243896484 0.332210540771484375 0.96300244331359863281 1.2240539789199829102 0.28814014792442321777 1.0112106800079345703 1.6937390565872192383 1.8045364618301391602 1.8910728693008422852 1.5706615447998046875 1.4759804010391235352 2.8369097709655761719 2.5233454704284667969 0.93635797500610351562 1.4597743749618530273 2.0492472648620605469 1.23926544189453125 0.045005317777395248413 0.39359572529792785645 0.64429998397827148438 1.0538657903671264648 1.2074146270751953125 1.0822892189025878906 1.4374169111251831055 2.4845817089080810547 3.2838513851165771484 2.0922446250915527344 0.77025765180587768555 0.79036360979080200195 2.7408280372619628906 3.225620269775390625 1.4957306385040283203 0.59783118963241577148 2.1374537944793701172 3.4338381290435791016 2.8274502754211425781 1.6163851022720336914 1.2826126813888549805 2.0519580841064453125
0 0.77484232187271118164 0.78264564275741577148 0.84724014997482299805 1.1699281930923461914 1.2778708934783935547 1.4855498075485229492 1.3184134960174560547 1.6544406414031982422 2.5847384929656982422 2.7885637283325195312 3.0601422786712646484 2.7130129337310791016 1.8212771415710449219 1.1836985349655151367 1.6129339933395385742 1.5515309572219848633 0.71504682302474975586 2.0221581459045410156 2.3015520572662353516 2.1972105503082275391 2.4612624645233154297 2.2730150222778320312 1.9375694990158081055 2.2696754932403564453 1.6163861751556396484 1.9642889499664306641 2.4395952224731445312 1.5978071689605712891 0.74281710386276245117 2.5257544517517089844 3.7788455486297607422 1.2178397178649902344 0.82728630304336547852 2.2940587997436523438 3.496246337890625 2.8251268863677978516 2.0715930461883544922 2.023410797119140625 2.1731286048889160156
0 1.4129146337509155273 0.77026146650314331055 0.37244194746017456055 0.71504682302474975586 1.511554718017578125 1.9850393533706665039 1.8643811941146850586 2.4428989887237548828 3.2636291980743408203 2.4229488372802734375 2.0065777301788330078 1.7599564790725708008 1.6847529411315917969 1.4057259559631347656 1.1943358182907104492 1.1276385784149169922 0.90501463413238525391 1.8988041877746582031 1.773990631103515625 2.2155387401580810547 3.0682141780853271484 2.7189633846282958984 1.3536353111267089844 1.3945248126983642578 0.31338909268379211426 1.1476589441299438477 1.809019923210144043 1.7324355840682983398 1.7472605705261230469 2.7130191326141357422 3.1758871078491210938 0.85615551471710205078 1.5125501155853271484 2.6393253803253173828 3.5875396728515625 2.8883123397827148438 2.5688407421112060547 3.1784319877624511719 3.3852360248565673828
