wildfire/work/fuelmodels/1893/aspect.asc
ncols        238
nrows        254
xllcorner    194785.000000000000
yllcorner    456730.000000000000
cellsize     5.000000000000
NODATA_value   -999
[rows 108 to 125 of 254, columns 42 to 83 of 238]
56.768184661865234375 108.43483734130859375 100.18102264404296875 91.12314605712890625 305.763153076171875 277.097625732421875 252.4432525634765625 223.40496826171875 198.7080230712890625 171.333221435546875 102.18633270263671875 102.60973358154296875 155.9017791748046875 140.6356658935546875 106.36086273193359375 21.625837326049804688 339.340606689453125 331.3470458984375 287.102874755859375 133.96722412109375 145.783447265625 185.19366455078125 267.38372802734375 273.831024169921875 241.5825958251953125 181.566619873046875 62.927791595458984375 355.116363525390625 356.737579345703125 7.3698296546936035156 3.9613139629364013672 356.06768798828125 352.037841796875 339.57086181640625 79.3302459716796875 97.67945098876953125 94.5781707763671875 66.11672210693359375 342.73736572265625 339.118560791015625 341.11981201171875 337.81439208984375
105.16709136962890625 129.620819091796875 128.998291015625 122.00495147705078125 281.403839111328125 272.01702880859375 246.723724365234375 232.619384765625 231.5564727783203125 178.7017059326171875 136.573974609375 133.229522705078125 146.8053131103515625 141.08807373046875 46.68408203125 336.0367431640625 347.274993896484375 18.109746932983398438 71.9061279296875 124.47476959228515625 159.9896087646484375 224.3407745361328125 276.024871826171875 288.43426513671875 309.876251220703125 322.92620849609375 324.617431640625 332.434051513671875 349.429595947265625 6.6583986282348632812 1.2204940319061279297 6.1935954093933105469 22.774198532104492188 36.764369964599609375 79.35051727294921875 86.70294189453125 65.24413299560546875 352.601226806640625 331.659393310546875 335.85369873046875 339.94976806640625 332.075286865234375
111.2639617919921875 111.801177978515625 120.31463623046875 209.4760284423828125 283.427886962890625 278.90142822265625 252.56683349609375 233.0938873291015625 205.3578338623046875 161.026763916015625 146.1053619384765625 154.1477508544921875 155.095062255859375 336.123626708984375 324.61376953125 321.45306396484375 16.389667510986328125 105.8259735107421875 113.79555511474609375 130.2580108642578125 267.228759765625 316.4910888671875 297.2120361328125 283.36328125 267.878631591796875 262.874298095703125 265.22943115234375 262.953582763671875 253.027374267578125 0 356.986602783203125 55.133304595947265625 58.914676666259765625 49.277790069580078125 53.6569671630859375 52.055072784423828125 13.964222908020019531 337.79791259765625 328.571380615234375 332.45416259765625 340.62017822265625 321.065887451171875
51.632427215576171875 63.7562713623046875 60.503688812255859375 319.027130126953125 289.170257568359375 284.93072509765625 275.041595458984375 204.576904296875 167.4707489013671875 152.7864990234375 139.0660247802734375 199.2297821044921875 245.5559234619140625 255.140716552734375 264.977935791015625 203.4423980712890625 142.1486663818359375 145.97613525390625 136.019989013671875 158.0506134033203125 270.775787353515625 295.619598388671875 281.00982666015625 229.30413818359375 197.14697265625 227.267333984375 233.3406219482421875 218.7864837646484375 198.5537567138671875 188.99945068359375 186.6490631103515625 174.6400299072265625 98.5135498046875 38.643310546875 33.029026031494140625 19.590642929077148438 355.520477294921875 337.082916259765625 330.68194580078125 325.410400390625 49.1226959228515625 133.7303924560546875
37.68416595458984375 57.51711273193359375 64.30939483642578125 323.40240478515625 283.5223388671875 292.350128173828125 314.643585205078125 35.26041412353515625 82.665313720703125 99.78218841552734375 81.254913330078125 292.518951416015625 282.722412109375 193.52337646484375 201.5948944091796875 168.6420440673828125 143.725189208984375 145.224700927734375 134.9996795654296875 191.309173583984375 240.004425048828125 224.4322357177734375 204.9044342041015625 202.7004852294921875 206.97943115234375 225.2362823486328125 223.9442596435546875 210.99200439453125 199.1658782958984375 197.5088958740234375 203.8341827392578125 228.3441314697265625 278.906219482421875 354.498565673828125 4.2100977897644042969 7.3792243003845214844 6.2409877777099609375 4.3342700004577636719 246.5943603515625 207.020843505859375 132.59869384765625 135.449432373046875
141.5363311767578125 107.4699859619140625 95.3890838623046875 331.1124267578125 277.739471435546875 281.621337890625 290.595306396484375 100.45105743408203125 98.97225189208984375 94.5374755859375 325.006927490234375 322.43048095703125 143.5835113525390625 146.567352294921875 166.1545562744140625 161.564666748046875 145.203704833984375 149.9311065673828125 153.5908050537109375 173.82928466796875 218.9376678466796875 222.063812255859375 219.6146697998046875 247.4353485107421875 294.32513427734375 313.276580810546875 319.82733154296875 334.0599365234375 334.318634033203125 290.72479248046875 285.80694580078125 291.255126953125 298.33258056640625 312.878021240234375 325.609771728515625 10.536900520324707031 60.032421112060546875 101.27462005615234375 160.9244842529296875 174.8575439453125 143.332977294921875 140.2028961181640625
143.12994384765625 121.61373138427734375 92.5916595458984375 6.0330958366394042969 280.762451171875 251.9310150146484375 192.706939697265625 136.164947509765625 138.087249755859375 152.14520263671875 195.488372802734375 166.6856689453125 141.98638916015625 145.1071929931640625 149.4205322265625 142.8775177001953125 135.73895263671875 149.3933258056640625 160.9060821533203125 165.2213287353515625 230.5143585205078125 253.6302032470703125 267.1944580078125 292.18829345703125 318.024383544921875 329.649505615234375 335.033935546875 351.62213134765625 3.4612402915954589844 356.615814208984375 327.618499755859375 310.880157470703125 315.156280517578125 307.099365234375 253.6763458251953125 148.904815673828125 114.4338226318359375 119.91717529296875 147.0318756103515625 165.3508453369140625 152.095367431640625 147.66314697265625
131.467529296875 99.60500335693359375 36.754367828369140625 27.05008697509765625 62.524539947509765625 216.655517578125 178.497802734375 126.61925506591796875 129.390411376953125 162.3236846923828125 165.792938232421875 161.24517822265625 131.9056854248046875 126.18694305419921875 132.4205780029296875 133.754364013671875 137.3272857666015625 142.9430999755859375 141.709381103515625 168.9584197998046875 266.2840576171875 283.17181396484375 291.521759033203125 284.3031005859375 280.174896240234375 278.525177001953125 276.7159423828125 301.42913818359375 354.337493896484375 4.3593492507934570312 345.728302001953125 311.715423583984375 306.292022705078125 125.64666748046875 172.359222412109375 156.7699127197265625 137.811553955078125 138.250823974609375 144.318328857421875 151.5454559326171875 154.0990753173828125 158.1982421875
78.23166656494140625 62.65029144287109375 33.3409576416015625 22.035419464111328125 63.434673309326171875 124.28557586669921875 194.035797119140625 95.2670440673828125 72.89662933349609375 36.868061065673828125 55.0971221923828125 59.035961151123046875 63.434665679931640625 62.140300750732421875 76.900115966796875 92.66298675537109375 109.6538238525390625 126.634033203125 68.55237579345703125 340.559356689453125 289.140167236328125 285.408935546875 279.1710205078125 250.1811370849609375 227.9924774169921875 215.8372039794921875 212.988128662109375 210.4786529541015625 204.79766845703125 192.9559783935546875 177.5663604736328125 196.031982421875 186.6834564208984375 158.5425567626953125 159.729278564453125 156.490020751953125 146.3442840576171875 149.59344482421875 154.149505615234375 152.4778289794921875 152.845733642578125 161.869384765625
46.177288055419921875 56.864307403564453125 26.564624786376953125 359.089569091796875 32.08526611328125 26.368879318237304688 359.70220947265625 27.121568679809570312 30.195781707763671875 4.3042225837707519531 23.051439285278320312 40.269145965576171875 42.039470672607421875 46.273193359375 54.293231964111328125 53.12999725341796875 40.341770172119140625 22.833660125732421875 18.853044509887695312 327.8035888671875 292.63299560546875 278.822265625 262.9766845703125 243.4343719482421875 231.139068603515625 223.157379150390625 217.6015777587890625 208.412078857421875 198.152252197265625 185.9801177978515625 176.1600189208984375 177.1438140869140625 176.861572265625 165.1227874755859375 159.2193450927734375 157.34027099609375 151.5869903564453125 152.5996551513671875 157.6193084716796875 163.3388214111328125 165.6505126953125 146.5917816162109375
71.13074493408203125 69.81365203857421875 4.1271109580993652344 353.344757080078125 18.682298660278320312 28.739740371704101562 18.434906005859375 26.417360305786132812 26.564676284790039062 20.376245498657226562 46.273189544677734375 59.931640625 46.606235504150390625 47.960693359375 52.6663665771484375 38.170391082763671875 31.759389877319335938 40.9715423583984375 39.643955230712890625 304.451324462890625 307.449859619140625 318.45098876953125 321.265380859375 323.530120849609375 335.615081787109375 303.230621337890625 242.3300933837890625 202.870697021484375 186.382415771484375 172.6098175048828125 170.2559661865234375 172.22222900390625 172.1131134033203125 165.97705078125 160.74810791015625 165.1253662109375 164.49102783203125 154.1439971923828125 153.067596435546875 172.6936187744140625 192.1889801025390625 132.5629730224609375
63.82434844970703125 51.735935211181640625 340.885833740234375 0 30.069011688232421875 60.03713226318359375 31.37270355224609375 23.606983184814453125 42.95366668701171875 50.973907470703125 36.68987274169921875 49.236194610595703125 53.554927825927734375 62.895320892333984375 53.053928375244140625 41.6886138916015625 43.7172698974609375 25.412824630737304688 355.517242431640625 330.236297607421875 329.609832763671875 351.912078857421875 341.564056396484375 331.50360107421875 5.5808353424072265625 4.8988771438598632812 12.80455780029296875 139.5937042236328125 154.4281158447265625 152.9236602783203125 157.9053802490234375 164.4565582275390625 163.48175048828125 159.1640625 159.282928466796875 172.874420166015625 175.6359405517578125 168.801727294921875 159.8509368896484375 179.9993743896484375 201.7056732177734375 145.097198486328125
63.434741973876953125 55.555103302001953125 340.066650390625 358.0242919921875 33.287570953369140625 41.385700225830078125 4.8988680839538574219 16.073270797729492188 54.25534820556640625 42.68657684326171875 356.185577392578125 38.290019989013671875 62.5410614013671875 77.17838287353515625 87.27332305908203125 100.00774383544921875 1.2189019918441772461 331.233184814453125 339.08880615234375 339.60479736328125 341.043853759765625 6.8576765060424804688 10.563280105590820312 335.41424560546875 38.1906890869140625 33.47247314453125 64.58071136474609375 109.69477081298828125 133.1639404296875 140.9893951416015625 149.6380615234375 163.00439453125 165.1409912109375 163.324676513671875 156.80145263671875 162.2157745361328125 172.80596923828125 183.4923095703125 179.660614013671875 182.7632598876953125 189.8809356689453125 170.5987091064453125
86.808135986328125 65.60604095458984375 357.373016357421875 358.635467529296875 36.6335296630859375 33.178424835205078125 1.8183592557907104492 30.963817596435546875 69.7751922607421875 64.32321929931640625 286.928192138671875 89.66069793701171875 85.30130767822265625 84.80573272705078125 100.23468017578125 78.0238037109375 311.12921142578125 313.05242919921875 327.29644775390625 342.471649169921875 343.895599365234375 11.830388069152832031 40.459850311279296875 48.27024078369140625 95.7621002197265625 115.87445831298828125 120.1266937255859375 124.90045166015625 140.866455078125 150.4459228515625 150.392181396484375 165.299041748046875 172.590118408203125 177.92230224609375 170.073394775390625 152.927642822265625 158.498321533203125 196.7822418212890625 203.0610198974609375 182.7254180908203125 187.4308929443359375 173.018798828125
91.79791259765625 51.170795440673828125 5.7626705169677734375 5.9806013107299804688 23.962207794189453125 23.818820953369140625 11.547255516052246094 59.19844818115234375 70.504058837890625 53.65239715576171875 97.4948577880859375 125.4747314453125 108.59737396240234375 85.89174652099609375 53.2122344970703125 331.098480224609375 311.281341552734375 310.012939453125 318.908599853515625 340.49200439453125 339.212860107421875 43.714496612548828125 78.24896240234375 81.53197479248046875 116.87799072265625 142.08740234375 138.28887939453125 132.3192291259765625 143.1517486572265625 159.34564208984375 156.268829345703125 166.2636871337890625 170.89208984375 175.3252410888671875 178.682647705078125 167.2496337890625 158.3173980712890625 212.470428466796875 223.237060546875 193.2979583740234375 186.3397674560546875 161.565185546875
76.78112030029296875 15.780428886413574219 11.768006324768066406 12.095297813415527344 18.811931610107421875 36.869731903076171875 54.461669921875 81.8690948486328125 67.6197052001953125 44.999897003173828125 65.3232879638671875 69.08318328857421875 61.15697479248046875 54.6882476806640625 359.68231201171875 308.83477783203125 302.930816650390625 301.223907470703125 275.82568359375 183.105804443359375 180.760955810546875 149.170196533203125 126.41486358642578125 125.733978271484375 138.3131256103515625 147.031890869140625 144.4619903564453125 138.1722412109375 144.4276885986328125 171.667999267578125 188.97235107421875 176.467926025390625 152.525482177734375 155.6464385986328125 177.42047119140625 194.3223724365234375 179.0598297119140625 222.3963775634765625 231.3397369384765625 191.6593170166015625 169.379669189453125 162.5523529052734375
44.22551727294921875 9.3715009689331054688 29.291255950927734375 17.90550994873046875 29.40679168701171875 82.74658203125 104.3004913330078125 83.83005523681640625 33.6901092529296875 46.753231048583984375 59.136096954345703125 41.780536651611328125 39.685222625732421875 48.97231292724609375 328.30859375 278.9298095703125 267.72418212890625 223.57623291015625 173.6040496826171875 171.740234375 172.5214385986328125 159.2040557861328125 149.9583587646484375 144.656463623046875 142.5480499267578125 148.5701141357421875 147.4183502197265625 143.1578826904296875 146.7801666259765625 178.53057861328125 209.9906005859375 199.563446044921875 150.945465087890625 150.6106109619140625 189.161834716796875 242.6490936279296875 287.59124755859375 314.05987548828125 330.01702880859375 101.310821533203125 134.2924957275390625 148.6835479736328125
22.248294830322265625 25.664951324462890625 50.527172088623046875 13.570844650268554688 55.684497833251953125 90.00006103515625 98.1306915283203125 338.745880126953125 357.372589111328125 37.983264923095703125 32.7992095947265625 22.949022293090820312 46.37680816650390625 57.734226226806640625 322.640289306640625 256.815673828125 224.497650146484375 184.0207977294921875 169.0767364501953125 171.002838134765625 168.5779571533203125 158.877960205078125 156.0256805419921875 149.98956298828125 139.05645751953125 138.3785247802734375 136.27960205078125 125.87673187255859375 130.23602294921875 167.4203948974609375 208.9393768310546875 203.85003662109375 173.746002197265625 191.3099365234375 300.963134765625 319.6473388671875 335.51019287109375 347.88031005859375 23.025270462036132812 88.876678466796875 111.7322845458984375 125.81922149658203125
