wildfire/work/fuelmodels/1893/aspect.asc
ncols        238
nrows        254
xllcorner    194785.000000000000
yllcorner    456730.000000000000
cellsize     5.000000000000
NODATA_value   -999
[rows 198 to 215 of 254, columns 84 to 125 of 238]
354.31842041015625 350.842010498046875 355.180084228515625 358.358428955078125 2.1566507816314697266 4.4411854743957519531 357.550048828125 342.6451416015625 324.073974609375 308.1041259765625 344.7447509765625 90.000213623046875 187.523712158203125 228.763458251953125 225.402740478515625 189.4047698974609375 161.254058837890625 137.563507080078125 121.15917205810546875 95.40679931640625 69.9860992431640625 90.41175079345703125 87.193267822265625 66.70746612548828125 46.513904571533203125 42.79730224609375 85.04986572265625 114.5709991455078125 132.8055572509765625 158.2344512939453125 195.5842437744140625 200.9024505615234375 191.9753570556640625 212.5141448974609375 292.503143310546875 343.9791259765625 4.5833888053894042969 4.2256212234497070312 22.850032806396484375 45.931644439697265625 92.70037078857421875 133.1294403076171875
337.425079345703125 339.754150390625 352.1033935546875 4.8208327293395996094 12.19687652587890625 20.847681045532226562 20.89766693115234375 341.08489990234375 281.48822021484375 228.012451171875 171.5146636962890625 142.2965545654296875 173.2466278076171875 219.47161865234375 209.0540008544921875 179.534027099609375 153.84661865234375 138.33575439453125 117.36769866943359375 94.3983154296875 109.18859100341796875 127.96187591552734375 132.2405242919921875 74.05402374267578125 62.9954986572265625 91.48545074462890625 116.42038726806640625 130.3994903564453125 133.7265777587890625 148.4956817626953125 183.6013031005859375 188.81231689453125 192.9940643310546875 214.7446136474609375 225.38946533203125 212.3271942138671875 171.32623291015625 163.935516357421875 152.7000579833984375 147.967803955078125 146.4167022705078125 144.4857940673828125
322.223419189453125 326.7763671875 347.850189208984375 21.387140274047851562 40.056758880615234375 54.2869415283203125 55.840671539306640625 42.436229705810546875 188.13140869140625 176.284088134765625 166.10198974609375 155.9074249267578125 209.35894775390625 230.8059844970703125 201.9384002685546875 176.023162841796875 141.8230743408203125 108.10369110107421875 104.24950408935546875 120.10929107666015625 122.3662567138671875 133.492218017578125 172.87457275390625 134.274871826171875 100.1756439208984375 91.888092041015625 90.77664947509765625 92.89429473876953125 98.1298675537109375 108.4346923828125 115.90709686279296875 120.4670562744140625 191.6330108642578125 216.2304229736328125 206.976104736328125 191.128662109375 180.46234130859375 174.5168304443359375 160.5395965576171875 153.020660400390625 154.1272125244140625 146.3096771240234375
330.174957275390625 334.68414306640625 352.055908203125 20.772195816040039062 40.618640899658203125 45.249057769775390625 44.69036102294921875 50.34285736083984375 70.92484283447265625 108.4346923828125 118.298065185546875 323.529632568359375 326.141845703125 336.250030517578125 358.12701416015625 39.871730804443359375 27.032674789428710938 50.964427947998046875 89.99979400634765625 98.729705810546875 96.5195465087890625 101.30997467041015625 213.6878814697265625 54.7828369140625 56.706462860107421875 68.670501708984375 73.23943328857421875 69.82927703857421875 55.645519256591796875 40.42559051513671875 38.020092010498046875 35.537425994873046875 46.3973846435546875 246.034454345703125 201.61468505859375 179.303558349609375 182.4465179443359375 172.8004608154296875 149.7213592529296875 132.0042724609375 110.94258880615234375 78.69156646728515625
340.281707763671875 349.12738037109375 7.1933112144470214844 42.137622833251953125 69.46971893310546875 69.26880645751953125 70.4922943115234375 77.08661651611328125 64.69173431396484375 12.26482391357421875 348.995941162109375 348.123016357421875 347.734283447265625 334.94818115234375 359.998931884765625 54.34461212158203125 90.7067108154296875 133.5053863525390625 116.06661224365234375 94.98235321044921875 69.70822906494140625 46.893321990966796875 18.9461822509765625 37.235103607177734375 54.292758941650390625 68.28842926025390625 70.24187469482421875 66.80113983154296875 47.45891571044921875 24.44397735595703125 23.459554672241210938 23.653387069702148438 33.97586822509765625 29.650136947631835938 51.910076141357421875 72.0501556396484375 82.693878173828125 113.7493438720703125 72.84705352783203125 35.417224884033203125 28.571048736572265625 22.890314102172851562
335.708587646484375 41.184955596923828125 105.0471343994140625 112.9638824462890625 113.64127349853515625 114.33615875244140625 108.91724395751953125 84.60990142822265625 18.434906005859375 339.9132080078125 345.31591796875 358.918243408203125 8.4271020889282226562 18.060634613037109375 144.6055450439453125 115.997650146484375 114.73383331298828125 123.600860595703125 104.03607940673828125 32.31996917724609375 35.027866363525390625 38.122943878173828125 50.11031341552734375 61.189861297607421875 52.76495361328125 92.3631134033203125 94.61879730224609375 85.4789886474609375 52.230342864990234375 32.71197509765625 50.301036834716796875 49.02721405029296875 44.14461517333984375 36.120151519775390625 33.689472198486328125 31.3495941162109375 25.93141937255859375 20.055562973022460938 14.138390541076660156 21.337009429931640625 27.681085586547851562 15.9452667236328125
180.867828369140625 152.381805419921875 142.8322906494140625 142.03466796875 136.3636932373046875 121.60721588134765625 91.7900848388671875 17.835296630859375 342.428131103515625 330.25433349609375 338.497406005859375 8.6156282424926757812 45.00042724609375 76.838958740234375 109.34050750732421875 118.09056854248046875 100.84056854248046875 50.83969879150390625 24.381931304931640625 358.05126953125 32.71575927734375 57.200389862060546875 58.240642547607421875 30.379152297973632812 69.1451416015625 108.5771484375 116.113616943359375 112.8736572265625 82.27817535400390625 77.5925140380859375 77.3663177490234375 52.987987518310546875 41.30844879150390625 19.573894500732421875 16.741777420043945312 18.18355560302734375 16.389467239379882812 16.164173126220703125 15.326788902282714844 27.504093170166015625 25.224025726318359375 9.0582427978515625
179.6569366455078125 150.25457763671875 128.4529571533203125 125.10106658935546875 116.565185546875 83.048004150390625 10.305207252502441406 338.285125732421875 332.36676025390625 339.42236328125 359.016571044921875 46.61377716064453125 77.35785675048828125 77.16674041748046875 73.00109100341796875 75.8845672607421875 74.63826751708984375 53.614894866943359375 56.30942535400390625 48.579624176025390625 93.14542388916015625 77.5348968505859375 49.166385650634765625 39.4993133544921875 100.13055419921875 109.30266571044921875 104.4608001708984375 85.7944793701171875 70.82065582275390625 53.97258758544921875 40.134830474853515625 24.805078506469726562 18.705224990844726562 6.8091301918029785156 9.9580373764038085938 17.915906906127929688 17.916299819946289062 15.255418777465820312 18.4347076416015625 24.381410598754882812 14.816717147827148438 11.611867904663085938
180.4307861328125 146.7125091552734375 80.86963653564453125 29.981950759887695312 26.122636795043945312 8.9726705551147460938 339.7554931640625 333.66607666015625 340.21112060546875 2.6133341789245605469 44.044857025146484375 70.5372467041015625 75.73497772216796875 61.539356231689453125 50.485988616943359375 51.594532012939453125 42.137622833251953125 43.3392486572265625 76.5353240966796875 105.068634033203125 102.14359283447265625 75.717926025390625 89.99953460693359375 122.8236846923828125 122.97609710693359375 109.35253143310546875 79.60251617431640625 40.52481842041015625 22.671243667602539062 20.772417068481445312 24.340970993041992188 23.290292739868164062 16.893735885620117188 10.591067314147949219 10.388915061950683594 16.4885101318359375 21.405347824096679688 12.863045692443847656 13.28467559814453125 16.927473068237304688 17.525678634643554688 24.717283248901367188
202.0098876953125 45.04366302490234375 11.310242652893066406 4.7642712593078613281 12.366606712341308594 357.645965576171875 332.417083740234375 325.95318603515625 356.737091064453125 43.4088134765625 52.624301910400390625 50.86591339111328125 51.072109222412109375 52.465137481689453125 46.405673980712890625 44.406280517578125 38.920574188232421875 42.0534515380859375 53.285762786865234375 66.16085052490234375 112.91944122314453125 144.416748046875 143.8802947998046875 133.987091064453125 126.365264892578125 82.0302886962890625 41.134510040283203125 23.962476730346679688 22.209711074829101562 29.9693756103515625 34.011013031005859375 29.207677841186523438 20.26544189453125 17.570810317993164062 12.131635665893554688 9.6197423934936523438 19.440023422241210938 14.656929969787597656 3.8714339733123779297 14.036143302917480469 25.0167388916015625 24.800121307373046875
265.362762451171875 288.433746337890625 337.108245849609375 334.092864990234375 332.895233154296875 341.3681640625 316.192535400390625 249.623077392578125 171.868743896484375 38.3454132080078125 28.141775131225585938 32.60446929931640625 36.789752960205078125 41.971492767333984375 37.476108551025390625 39.66364288330078125 39.05315399169921875 39.351409912109375 45.3387298583984375 45.90911865234375 79.71283721923828125 102.403961181640625 114.97354888916015625 97.171600341796875 54.027454376220703125 29.26132965087890625 38.6596832275390625 32.04229736328125 35.888763427734375 38.07202911376953125 34.894466400146484375 26.565271377563476562 16.164173126220703125 14.560286521911621094 7.9359345436096191406 5.0006394386291503906 17.968816757202148438 18.435091018676757812 359.156768798828125 5.6728000640869140625 16.422405242919921875 16.798221588134765625
302.987823486328125 310.854400634765625 332.903350830078125 332.59210205078125 316.684295654296875 336.036865234375 7.3408236503601074219 344.39556884765625 332.818756103515625 354.061614990234375 32.334674835205078125 55.12436676025390625 60.94521331787109375 58.240619659423828125 46.73563385009765625 40.855335235595703125 36.729961395263671875 36.990581512451171875 43.3711395263671875 48.556095123291015625 63.285114288330078125 61.097492218017578125 55.20809173583984375 52.930301666259765625 36.07575225830078125 33.68981170654296875 39.98690032958984375 35.92832183837890625 34.65135955810546875 36.026897430419921875 29.835418701171875 21.037830352783203125 15.89013671875 5.40409088134765625 359.69293212890625 4.563159942626953125 15.9450836181640625 16.293966293334960938 4.2483367919921875 359.291961669921875 1.4998668432235717773 12.060942649841308594
329.469512939453125 336.369659423828125 337.066619873046875 332.877716064453125 326.212005615234375 342.26141357421875 8.1824359893798828125 355.17840576171875 349.892547607421875 10.033082962036132812 39.0117034912109375 64.1250152587890625 83.133514404296875 93.1797943115234375 95.042022705078125 96.33969879150390625 95.80663299560546875 87.34589385986328125 82.84230804443359375 96.51418304443359375 110.51324462890625 102.79571533203125 80.96488189697265625 56.956684112548828125 32.637371063232421875 26.821680068969726562 34.891139984130859375 35.85302734375 31.0789031982421875 32.47119140625 29.188539505004882812 17.241533279418945312 8.87090301513671875 357.66180419921875 353.975250244140625 3.1638848781585693359 21.235929489135742188 18.618444442749023438 8.2157421112060546875 2.6028604507446289062 350.37420654296875 7.6144537925720214844
336.036651611328125 346.1998291015625 338.715423583984375 328.92919921875 331.49603271484375 353.505645751953125 7.5351085662841796875 342.644927978515625 353.874969482421875 33.55081939697265625 51.04427337646484375 70.46335601806640625 99.58261871337890625 128.496612548828125 147.4497833251953125 147.9640960693359375 146.659027099609375 135.4581451416015625 119.31984710693359375 108.4346160888671875 103.46501922607421875 90.8722076416015625 63.692745208740234375 40.940845489501953125 25.7611236572265625 29.0541229248046875 36.55976104736328125 32.288684844970703125 25.988939285278320312 29.11299896240234375 32.101024627685546875 12.171504020690917969 349.795623779296875 354.244384765625 1.8779140710830688477 9.0330762863159179688 25.629978179931640625 22.275903701782226562 13.768271446228027344 5.9062299728393554688 347.636688232421875 3.4564580917358398438
339.8365478515625 343.56524658203125 336.34271240234375 326.88800048828125 339.622833251953125 20.197393417358398438 0.65868026018142700195 337.508819580078125 28.033189773559570312 97.8990631103515625 119.1670989990234375 124.82422637939453125 121.3568267822265625 131.933135986328125 152.5252838134765625 151.868316650390625 156.60845947265625 153.2286834716796875 134.0704498291015625 102.6117706298828125 63.77115631103515625 40.966464996337890625 33.906352996826171875 30.609796524047851562 24.887176513671875 35.9520263671875 40.966762542724609375 33.36634063720703125 25.709926605224609375 25.054037094116210938 27.758275985717773438 10.407924652099609375 338.748931884765625 342.662261962890625 7.9800057411193847656 19.798597335815429688 25.400888442993164062 22.186832427978515625 13.591217994689941406 8.3173837661743164062 354.010955810546875 355.600128173828125
336.67779541015625 330.405181884765625 332.97369384765625 332.955352783203125 351.86907958984375 20.277124404907226562 359.74005126953125 3.8138196468353271484 83.990875244140625 116.687225341796875 133.3394317626953125 137.67498779296875 126.08939361572265625 96.42894744873046875 70.75012969970703125 104.03564453125 136.38555908203125 143.325347900390625 131.2563323974609375 110.22443389892578125 74.0542755126953125 51.709888458251953125 48.0133209228515625 43.93915557861328125 37.7363739013671875 42.79715728759765625 40.45633697509765625 38.076541900634765625 34.786102294921875 27.474565505981445312 25.312664031982421875 12.209185600280761719 347.228424072265625 328.890625 3.6907429695129394531 31.429147720336914062 25.253154754638671875 18.246204376220703125 14.68354034423828125 13.421497344970703125 1.3639552593231201172 353.41693115234375
326.48577880859375 320.361541748046875 333.213470458984375 350.57440185546875 354.43939208984375 1.2186679840087890625 3.2810180187225341797 37.758167266845703125 95.17043304443359375 111.11539459228515625 114.173553466796875 110.65859222412109375 100.108428955078125 345.46502685546875 35.753353118896484375 58.125659942626953125 40.855335235595703125 35.823719024658203125 35.200382232666015625 43.111797332763671875 41.081394195556640625 39.863895416259765625 45.98786163330078125 40.321880340576171875 37.332736968994140625 36.797382354736328125 40.7317657470703125 43.0111541748046875 35.909488677978515625 41.03487396240234375 52.236225128173828125 13.297444343566894531 341.22186279296875 331.948760986328125 356.184600830078125 22.864637374877929688 26.003269195556640625 29.596738815307617188 31.476739883422851562 21.800754547119140625 2.6265316009521484375 359.442779541015625
316.45556640625 314.3787841796875 337.327850341796875 354.1624755859375 348.26641845703125 351.92578125 7.3785343170166015625 66.12445068359375 89.63243865966796875 86.52335357666015625 62.337596893310546875 49.26781463623046875 29.109842300415039062 327.641571044921875 38.765209197998046875 41.860309600830078125 22.849767684936523438 36.027225494384765625 34.38040924072265625 38.6127471923828125 27.419742584228515625 23.607372283935546875 32.753650665283203125 30.068393707275390625 30.555957794189453125 36.606929779052734375 47.406017303466796875 39.015071868896484375 30.668642044067382812 46.497219085693359375 44.454128265380859375 357.454315185546875 324.805419921875 319.676483154296875 348.12860107421875 15.945707321166992188 36.131580352783203125 43.531154632568359375 29.331546783447265625 19.07469940185546875 10.080699920654296875 7.696441650390625
