wildfire/work/fuelmodels/1893/aspect.asc
ncols        238
nrows        254
xllcorner    194785.000000000000
yllcorner    456730.000000000000
cellsize     5.000000000000
NODATA_value   -999
[rows 108 to 125 of 254, columns 0 to 41 of 238]
0 336.649627685546875 318.04376220703125 306.869049072265625 312.838134765625 333.885589599609375 306.54449462890625 300.5953369140625 307.469512939453125 308.185089111328125 305.752899169921875 321.55609130859375 343.368621826171875 351.325836181640625 334.112060546875 330.276947021484375 352.145965576171875 359.636322021484375 343.912078857421875 319.209869384765625 18.435152053833007812 33.19747161865234375 357.864715576171875 313.5452880859375 281.733917236328125 251.56182861328125 95.4688873291015625 99.6372528076171875 89.99945068359375 87.5101318359375 79.91919708251953125 49.50199127197265625 26.80100250244140625 328.724395751953125 309.389862060546875 307.49713134765625 317.601593017578125 355.300689697265625 27.474212646484375 17.85614776611328125 19.23859405517578125 35.53759765625
0 341.081573486328125 316.821380615234375 324.757049560546875 331.347503662109375 312.247039794921875 306.606689453125 287.13568115234375 291.4722900390625 298.47882080078125 300.004486083984375 317.336151123046875 319.235748291015625 327.7388916015625 319.61578369140625 320.422821044921875 338.084503173828125 349.093994140625 356.27777099609375 339.537017822265625 350.684661865234375 16.821197509765625 4.8134360313415527344 349.64764404296875 341.377716064453125 55.953582763671875 103.3668060302734375 101.475830078125 88.2288360595703125 73.88660430908203125 46.941432952880859375 29.054485321044921875 7.88344573974609375 317.472381591796875 317.47686767578125 345.999053955078125 20.74556732177734375 268.209075927734375 19.654520034790039062 42.859340667724609375 55.885707855224609375 84.61048126220703125
0 319.9696044921875 297.1390380859375 328.923828125 352.248992919921875 320.261627197265625 326.863677978515625 293.337921142578125 278.20623779296875 280.884674072265625 290.036712646484375 308.479339599609375 315.54986572265625 313.43670654296875 304.2747802734375 308.37860107421875 318.326873779296875 320.078948974609375 339.527008056640625 348.689422607421875 350.85760498046875 357.79638671875 2.3135457038879394531 6.6592583656311035156 36.70241546630859375 88.54898834228515625 97.51137542724609375 74.05367279052734375 59.420719146728515625 56.768863677978515625 28.300809860229492188 23.368902206420898438 335.976959228515625 315.341064453125 324.249664306640625 9.6528902053833007812 46.499301910400390625 58.495891571044921875 198.7989349365234375 133.437530517578125 129.15252685546875 120.9637908935546875
0 308.589019775390625 288.155517578125 309.28863525390625 341.97930908203125 337.462493896484375 343.84527587890625 336.96875 315.43341064453125 286.990203857421875 272.572540283203125 272.882293701171875 285.4986572265625 300.210540771484375 310.942596435546875 317.33660888671875 314.012054443359375 292.75042724609375 296.36468505859375 326.48150634765625 12.875039100646972656 349.159332275390625 340.197967529296875 89.11820220947265625 103.392303466796875 104.25450897216796875 91.6363983154296875 70.9420013427734375 68.96179962158203125 56.14234161376953125 16.313396453857421875 349.447296142578125 320.828216552734375 315.1636962890625 322.772674560546875 25.305463790893554688 60.425182342529296875 66.0050048828125 141.78857421875 146.55279541015625 141.3391876220703125 43.374881744384765625
0 353.525390625 309.354705810546875 296.27838134765625 314.999267578125 335.483184814453125 336.854766845703125 345.505157470703125 355.928741455078125 341.337005615234375 292.21697998046875 283.59423828125 287.42474365234375 284.420135498046875 294.101593017578125 318.178497314453125 284.036224365234375 294.87982177734375 308.8836669921875 346.50335693359375 113.4281158447265625 155.9843597412109375 178.051971435546875 161.564666748046875 101.71212005615234375 82.874755859375 60.751659393310546875 52.12514495849609375 38.54052734375 6.5324530601501464844 350.741607666015625 325.5987548828125 314.462158203125 313.885986328125 319.891693115234375 47.968109130859375 78.096160888671875 91.201568603515625 125.53730010986328125 136.753021240234375 293.051361083984375 338.915679931640625
0 12.225337028503417969 345.590484619140625 303.80401611328125 296.759796142578125 315.85455322265625 320.643798828125 335.438018798828125 7.0629534721374511719 5.1020979881286621094 335.646026611328125 315.397247314453125 312.878143310546875 282.158935546875 275.01251220703125 14.034068107604980469 291.644073486328125 290.8145751953125 321.6656494140625 12.763415336608886719 51.48334503173828125 94.5596466064453125 240.375701904296875 324.864715576171875 55.7243804931640625 47.77922821044921875 27.979709625244140625 19.632350921630859375 359.49627685546875 344.053924560546875 336.164886474609375 325.74774169921875 316.439056396484375 293.264556884765625 259.557342529296875 105.2010955810546875 101.12894439697265625 108.061920166015625 123.60092926025390625 317.120269775390625 324.057159423828125 199.3840179443359375
0 17.8579559326171875 7.5492792129516601562 317.934906005859375 309.228271484375 313.70489501953125 317.087249755859375 334.30767822265625 0.00066907849395647644997 9.7273759841918945312 352.358428955078125 315.399688720703125 332.524810791015625 314.999267578125 283.30859375 339.3038330078125 330.750152587890625 301.250335693359375 327.205902099609375 17.844303131103515625 41.185596466064453125 41.590404510498046875 337.21337890625 345.718109130859375 45.98197174072265625 4.6107654571533203125 351.146087646484375 354.093017578125 355.831695556640625 350.925384521484375 336.607391357421875 328.43017578125 340.640716552734375 181.3906097412109375 193.5406341552734375 146.4988861083984375 123.35540008544921875 117.342987060546875 147.425811767578125 248.077056884765625 144.3724365234375 154.2741241455078125
0 351.702117919921875 8.0429229736328125 322.5343017578125 318.457763671875 310.372711181640625 304.889862060546875 314.408477783203125 343.3790283203125 22.796079635620117188 358.797393798828125 315.3505859375 337.284912109375 350.240997314453125 305.259674072265625 315.472900390625 322.470458984375 314.368133544921875 336.412322998046875 20.154775619506835938 31.047245025634765625 24.638330459594726562 344.107452392578125 357.92608642578125 7.4931216239929199219 344.535308837890625 345.099578857421875 352.503326416015625 355.227783203125 356.899871826171875 2.0664606094360351562 63.568393707275390625 132.3591461181640625 154.220367431640625 176.73095703125 155.5082855224609375 140.2236480712890625 138.6245880126953125 161.3328399658203125 194.9871063232421875 160.615142822265625 152.187713623046875
0 299.858673095703125 338.324859619140625 325.267822265625 304.241180419921875 285.36761474609375 296.04498291015625 303.365753173828125 325.304534912109375 17.353555679321289062 350.706268310546875 316.253662109375 327.52783203125 339.11968994140625 314.052490234375 305.986480712890625 299.357025146484375 306.63995361328125 333.61480712890625 4.8662819862365722656 13.107455253601074219 7.88311767578125 352.635986328125 356.091339111328125 352.468505859375 342.026092529296875 348.855621337890625 354.81390380859375 353.213836669921875 11.501613616943359375 55.889225006103515625 95.06923675537109375 119.8612060546875 135.1373443603515625 155.0584259033203125 147.485015869140625 136.0410003662109375 127.14539337158203125 95.7087860107421875 98.74277496337890625 97.9688568115234375 93.28054046630859375
0 300.4791259765625 317.96746826171875 346.4293212890625 311.98736572265625 286.54241943359375 303.76226806640625 322.24346923828125 328.23956298828125 355.67388916015625 346.456268310546875 322.8062744140625 344.30145263671875 337.404205322265625 323.281707763671875 317.509002685546875 300.26806640625 301.7587890625 322.935333251953125 348.3140869140625 4.6413626670837402344 4.6163229942321777344 357.817474365234375 351.192413330078125 341.013092041015625 340.889068603515625 6.8992857933044433594 351.899169921875 346.926116943359375 63.97025299072265625 93.45996856689453125 103.7454833984375 111.74237823486328125 115.4415283203125 92.8984222412109375 63.6344757080078125 35.78874969482421875 359.574981689453125 7.0519967079162597656 11.518836021423339844 23.13385772705078125 40.41374969482421875
0 289.322479248046875 309.132965087890625 3.7642822265625 344.147308349609375 306.4686279296875 307.170166015625 324.8646240234375 313.56683349609375 311.05322265625 329.795562744140625 326.642852783203125 345.605743408203125 345.305511474609375 322.48248291015625 316.1116943359375 310.429840087890625 299.304443359375 293.590606689453125 314.60540771484375 7.2753252983093261719 19.380634307861328125 1.4068236351013183594 327.884368896484375 310.957855224609375 322.764434814453125 87.064056396484375 241.6988525390625 203.7820281982421875 106.6027679443359375 110.1232147216796875 116.11182403564453125 112.3303375244140625 67.3799591064453125 26.00337982177734375 27.155590057373046875 21.744352340698242188 346.674896240234375 359.254638671875 26.732320785522460938 30.964197158813476562 55.832866668701171875
0 283.890594482421875 298.53167724609375 351.128662109375 347.90399169921875 306.819183349609375 296.56463623046875 313.49151611328125 321.4822998046875 326.158966064453125 328.424652099609375 322.173309326171875 334.469482421875 328.33184814453125 317.934906005859375 315.950531005859375 319.883270263671875 292.39788818359375 237.38037109375 214.34423828125 183.85443115234375 176.6332550048828125 240.445648193359375 222.5276031494140625 197.9839019775390625 182.9820709228515625 157.0073089599609375 189.0709381103515625 157.319305419921875 118.72296905517578125 109.0703582763671875 105.572265625 83.0612945556640625 17.959512710571289062 7.7119741439819335938 17.857624053955078125 22.07859039306640625 2.3614201545715332031 5.5821423530578613281 45.56171417236328125 40.544551849365234375 53.305095672607421875
0 284.03546142578125 296.268585205078125 328.79034423828125 352.633758544921875 314.999267578125 297.950408935546875 319.213470458984375 316.8271484375 328.403839111328125 338.2314453125 346.746185302734375 348.1392822265625 311.80908203125 309.89923095703125 311.46856689453125 327.185943603515625 83.41632843017578125 204.8292236328125 203.3593292236328125 192.83740234375 194.195526123046875 190.794036865234375 170.973541259765625 176.8320159912109375 190.8528289794921875 196.8060302734375 195.68548583984375 130.1302947998046875 122.57053375244140625 114.13794708251953125 90.95845794677734375 31.483369827270507812 11.633924484252929688 8.267498016357421875 28.57022857666015625 48.74285888671875 37.4053802490234375 27.58141326904296875 41.820369720458984375 30.033418655395507812 40.38896942138671875
0 275.6785888671875 279.0225830078125 290.0255126953125 331.884979248046875 332.877685546875 323.259063720703125 317.489349365234375 303.989013671875 317.566070556640625 338.551422119140625 3.5446369647979736328 358.817962646484375 311.044403076171875 300.004302978515625 276.79339599609375 170.0534820556640625 147.9593658447265625 171.279998779296875 183.5757904052734375 187.636505126953125 189.5728607177734375 182.8477630615234375 171.9145965576171875 177.59698486328125 198.68145751953125 204.0916595458984375 190.796142578125 131.2356109619140625 119.59918975830078125 122.96926116943359375 88.13730621337890625 30.225561141967773438 20.323484420776367188 28.939832687377929688 65.0550689697265625 80.971893310546875 55.8851470947265625 40.332920074462890625 19.359857559204101562 33.31095123291015625 72.19232177734375
0 269.006072998046875 267.6717529296875 279.752227783203125 306.792022705078125 326.309051513671875 333.188507080078125 321.994598388671875 304.935577392578125 308.812469482421875 326.63275146484375 356.92169189453125 1.0417133569717407227 328.703216552734375 320.39208984375 114.62326812744140625 148.93743896484375 158.7700347900390625 168.2063140869140625 172.4820556640625 176.536102294921875 186.751190185546875 186.853302001953125 182.2422943115234375 178.538299560546875 185.3688201904296875 188.2332916259765625 181.7769317626953125 149.78765869140625 122.2053375244140625 97.57309722900390625 50.76773834228515625 37.647830963134765625 37.568828582763671875 35.246768951416015625 41.565975189208984375 25.6650543212890625 18.02718353271484375 28.051153182983398438 3.7433977127075195312 56.040546417236328125 90.22435760498046875
0 270.34881591796875 275.047882080078125 292.61962890625 299.603912353515625 305.97137451171875 312.726654052734375 316.90130615234375 314.698577880859375 307.119110107421875 294.391204833984375 318.003173828125 353.79779052734375 350.32916259765625 22.95629119873046875 103.69153594970703125 127.8747100830078125 152.506866455078125 165.3789825439453125 178.531585693359375 140.193115234375 176.6330413818359375 194.6011199951171875 190.048309326171875 160.6834869384765625 158.198455810546875 168.0498046875 169.164276123046875 154.5853729248046875 114.98371124267578125 45.795177459716796875 40.91391754150390625 38.254756927490234375 28.577764511108398438 21.720676422119140625 17.715778350830078125 16.168973922729492188 29.248996734619140625 36.44486236572265625 25.851831436157226562 85.60083770751953125 94.96947479248046875
0 274.829559326171875 267.81060791015625 277.84381103515625 287.0069580078125 292.96258544921875 299.7886962890625 306.19659423828125 316.455657958984375 328.5697021484375 310.381561279296875 277.77069091796875 270.806060791015625 100.4256591796875 118.68221282958984375 121.52813720703125 109.88494873046875 42.83835601806640625 352.365570068359375 347.90411376953125 21.61589813232421875 31.80902099609375 59.532909393310546875 169.212615966796875 122.77396392822265625 84.80530548095703125 60.046245574951171875 41.112033843994140625 14.826683998107910156 26.383932113647460938 33.558551788330078125 39.49431610107421875 25.930936813354492188 27.121501922607421875 21.644289016723632812 19.982931137084960938 67.504058837890625 81.67501068115234375 37.983264923095703125 62.353519439697265625 92.39481353759765625 89.47902679443359375
0 283.957611083984375 266.858123779296875 278.67828369140625 307.063568115234375 320.979888916015625 309.117767333984375 309.459075927734375 319.027435302734375 323.582855224609375 321.293609619140625 220.9852142333984375 195.5106658935546875 160.4900970458984375 136.6544952392578125 131.445556640625 13.876858711242675781 7.1248650550842285156 355.363616943359375 355.60064697265625 30.78513336181640625 49.398464202880859375 61.293811798095703125 73.610198974609375 60.641582489013671875 49.685352325439453125 50.973957061767578125 29.74495697021484375 7.8830699920654296875 22.750829696655273438 31.293203353881835938 29.699007034301757812 21.801420211791992188 36.5016326904296875 28.610044479370117188 54.335132598876953125 80.6556549072265625 64.74698638916015625 66.800048828125 98.29083251953125 94.63521575927734375 71.80548858642578125
