wildfire/work/fuelmodels/1893/aspect.asc
ncols        238
nrows        254
xllcorner    194785.000000000000
yllcorner    456730.000000000000
cellsize     5.000000000000
NODATA_value   -999
[rows 108 to 125 of 254, columns 126 to 167 of 238]
79.93904876708984375 74.47595977783203125 49.134922027587890625 57.75750732421875 69.10213470458984375 80.059356689453125 90.4656982421875 94.2052459716796875 72.47411346435546875 350.339569091796875 353.31231689453125 346.404266357421875 326.80926513671875 2.7262451648712158203 20.22451019287109375 340.41851806640625 336.888641357421875 352.32476806640625 326.76751708984375 328.780792236328125 339.093780517578125 339.530059814453125 344.54931640625 340.041839599609375 329.56494140625 340.1005859375 359.65185546875 356.080963134765625 319.169921875 285.523468017578125 279.51947021484375 282.652069091796875 281.188323974609375 282.56689453125 291.89300537109375 299.248016357421875 292.134613037109375 284.035369873046875 289.09295654296875 287.70013427734375 289.3585205078125 303.689361572265625
71.35427093505859375 86.63339996337890625 105.2541961669921875 62.429729461669921875 61.279651641845703125 72.38732147216796875 85.9714508056640625 76.7011260986328125 1.8878670930862426758 338.66253662109375 354.507171630859375 333.885162353515625 332.310699462890625 23.198461532592773438 352.953338623046875 331.3551025390625 332.839324951171875 354.9859619140625 316.533721923828125 307.582305908203125 332.396636962890625 344.695770263671875 346.865234375 346.12982177734375 332.061981201171875 328.471893310546875 354.09295654296875 4.3988022804260253906 342.36767578125 302.52886962890625 283.56976318359375 276.7528076171875 275.991607666015625 275.93060302734375 276.00811767578125 275.49139404296875 269.396148681640625 264.09326171875 270.880615234375 291.80096435546875 307.234466552734375 311.347686767578125
55.685009002685546875 57.66974639892578125 61.55706024169921875 71.5645751953125 73.07198333740234375 78.8215789794921875 73.756683349609375 31.890628814697265625 342.727386474609375 341.886077880859375 9.3604211807250976562 324.8189697265625 317.28948974609375 3.1220221519470214844 331.45916748046875 336.914031982421875 334.797882080078125 344.658172607421875 321.281707763671875 295.94158935546875 312.396575927734375 346.52581787109375 354.288665771484375 351.665130615234375 344.885833740234375 327.906463623046875 337.97174072265625 3.5764195919036865234 355.3829345703125 331.875457763671875 297.2545166015625 275.905242919921875 273.69073486328125 276.088043212890625 269.4088134765625 254.5382537841796875 248.4285125732421875 252.680419921875 262.05548095703125 277.430419921875 289.535980224609375 299.981353759765625
43.430812835693359375 51.248317718505859375 55.425689697265625 97.12465667724609375 99.7820587158203125 77.00524139404296875 53.530841827392578125 11.56015777587890625 352.5677490234375 325.839080810546875 1.3019778728485107422 347.52447509765625 345.216583251953125 348.958251953125 334.19805908203125 344.81329345703125 336.720184326171875 342.0118408203125 349.21484375 304.759552001953125 297.627044677734375 338.309906005859375 4.1081333160400390625 354.49383544921875 351.20184326171875 341.121917724609375 334.501708984375 354.41650390625 358.813812255859375 356.793792724609375 327.380279541015625 303.05523681640625 285.25457763671875 274.82989501953125 269.999664306640625 264.427581787109375 259.755523681640625 257.534454345703125 257.592071533203125 257.319366455078125 259.329864501953125 268.209747314453125
61.44014739990234375 71.56463623046875 71.38106536865234375 65.49242401123046875 56.49675750732421875 56.200931549072265625 33.23201751708984375 16.699344635009765625 17.96916961669921875 321.42755126953125 337.803466796875 341.03717041015625 345.083465576171875 0 342.89666748046875 340.50335693359375 326.871429443359375 337.134735107421875 3.0127153396606445312 331.5653076171875 301.166534423828125 322.398712158203125 7.611949920654296875 3.0129735469818115234 350.31036376953125 348.27398681640625 344.000946044921875 349.889923095703125 359.089569091796875 3.0585076808929443359 338.4281005859375 317.43597412109375 290.964874267578125 265.072174072265625 256.798431396484375 269.999359130859375 277.124237060546875 269.29217529296875 263.903900146484375 263.04681396484375 256.372406005859375 256.67486572265625
89.45401763916015625 96.3397674560546875 82.92618560791015625 55.551807403564453125 43.7545013427734375 52.73323822021484375 34.479175567626953125 22.270025253295898438 4.7996525764465332031 330.720184326171875 334.65289306640625 341.564178466796875 340.435516357421875 358.7261962890625 348.298919677734375 333.1934814453125 320.709808349609375 332.55950927734375 359.4964599609375 345.962921142578125 312.57000732421875 301.224273681640625 356.05413818359375 17.354166030883789062 357.645965576171875 348.325103759765625 345.734527587890625 353.773406982421875 357.272705078125 354.381622314453125 343.140838623046875 336.928985595703125 322.385284423828125 276.33935546875 256.42877197265625 261.415557861328125 268.667144775390625 269.1177978515625 259.639984130859375 252.800506591796875 247.03533935546875 248.458282470703125
88.39406585693359375 69.90488433837890625 52.305538177490234375 45.66597747802734375 49.04412841796875 50.946659088134765625 38.118236541748046875 14.588646888732910156 341.016082763671875 322.08062744140625 334.22991943359375 358.686981201171875 342.34893798828125 342.82342529296875 345.140716552734375 330.421356201171875 323.476165771484375 335.153472900390625 350.25543212890625 355.71466064453125 347.606414794921875 303.938018798828125 316.258331298828125 18.004110336303710938 11.437256813049316406 358.31427001953125 350.80242919921875 359.35528564453125 352.40460205078125 340.90582275390625 340.1669921875 351.21826171875 5.1945061683654785156 327.338134765625 277.495391845703125 268.9581298828125 269.99981689453125 275.71014404296875 264.206298828125 251.1301727294921875 238.4480438232421875 240.523681640625
55.856533050537109375 31.568872451782226562 35.99129486083984375 41.889102935791015625 44.999897003173828125 47.626453399658203125 32.90534210205078125 358.8531494140625 321.44866943359375 313.151702880859375 342.071380615234375 357.968292236328125 339.443115234375 337.58306884765625 333.9456787109375 325.910308837890625 316.866973876953125 323.4376220703125 338.044708251953125 0.62499320507049560547 12.633324623107910156 338.74884033203125 303.1463623046875 342.376617431640625 12.608411788940429688 11.310068130493164062 3.1548302173614501953 359.04412841796875 353.8670654296875 338.19781494140625 337.618988037109375 4.1277995109558105469 23.894989013671875 355.178436279296875 323.003997802734375 297.283294677734375 285.3607177734375 276.33935546875 272.910430908203125 266.308258056640625 242.4466094970703125 238.495391845703125
44.29242706298828125 61.33568572998046875 84.0353240966796875 75.78399658203125 65.5557403564453125 59.20659637451171875 44.999897003173828125 345.50921630859375 309.558807373046875 297.017730712890625 326.194305419921875 348.817657470703125 344.00970458984375 337.582916259765625 324.89739990234375 325.272613525390625 317.6778564453125 313.28436279296875 320.84368896484375 0.85495424270629882812 25.377824783325195312 5.6729292869567871094 337.45648193359375 316.568634033203125 353.528900146484375 17.10301971435546875 10.304865837097167969 355.199310302734375 352.874114990234375 345.962921142578125 344.2745361328125 20.0952301025390625 12.264586448669433594 349.438262939453125 346.078277587890625 323.245147705078125 300.378082275390625 277.305084228515625 265.313201904296875 263.41729736328125 256.75921630859375 263.45281982421875
90.49791717529296875 101.74532318115234375 87.797149658203125 70.40752410888671875 30.963487625122070312 37.9476776123046875 51.270839691162109375 319.763153076171875 309.381744384765625 314.117828369140625 313.602142333984375 333.28857421875 349.27044677734375 341.011444091796875 322.982513427734375 324.726806640625 325.1669921875 323.463287353515625 333.121002197265625 348.844635009765625 9.4625215530395507812 8.785114288330078125 359.1607666015625 346.798065185546875 347.96832275390625 3.8142375946044921875 5.3146505355834960938 356.81951904296875 352.338592529296875 357.7965087890625 2.2546994686126708984 19.722011566162109375 7.1249155998229980469 337.3795166015625 350.18011474609375 351.303619384765625 335.3751220703125 317.602386474609375 278.426177978515625 273.2388916015625 277.12451171875 280.712432861328125
103.60012054443359375 68.70233154296875 41.347835540771484375 54.272724151611328125 345.698272705078125 35.5376434326171875 49.803485870361328125 331.2593994140625 300.337738037109375 323.834564208984375 337.396942138671875 335.291107177734375 336.0367431640625 339.414703369140625 331.53900146484375 319.39801025390625 320.131866455078125 327.52801513671875 344.803741455078125 341.1461181640625 352.83905029296875 4.7243723869323730469 5.3630614280700683594 6.8427228927612304688 359.254913330078125 351.86907958984375 357.20654296875 358.682342529296875 2.3214256763458251953 6.4493761062622070312 5.2812466621398925781 19.510776519775390625 16.22016143798828125 335.18499755859375 345.6766357421875 7.9577989578247070312 358.63519287109375 355.363555908203125 326.534088134765625 312.878143310546875 329.3486328125 300.4993896484375
37.7752685546875 15.422414779663085938 44.2838592529296875 47.044948577880859375 26.562803268432617188 111.8005828857421875 53.4274139404296875 337.750030517578125 298.3541259765625 301.550628662109375 333.551971435546875 5.253803253173828125 318.990020751953125 306.092559814453125 331.05908203125 319.397918701171875 315.75311279296875 324.738677978515625 344.576904296875 341.951385498046875 343.830352783203125 355.64813232421875 9.4624042510986328125 23.728363037109375 9.78211212158203125 348.023101806640625 350.133453369140625 1.6845623254776000977 21.974428176879882812 16.18897247314453125 5.0635771751403808594 24.863927841186523438 17.447309494018554688 343.441925048828125 347.346527099609375 11.793781280517578125 0.00023757074086461216211 358.805206298828125 342.97857666015625 328.868927001953125 344.74407958984375 332.417083740234375
8.4709377288818359375 34.186431884765625 49.447483062744140625 35.166225433349609375 38.757976531982421875 43.854763031005859375 335.55572509765625 322.072723388671875 309.500885009765625 295.3453369140625 294.8287353515625 8.6729574203491210938 0.48961141705513000488 283.890625 301.14300537109375 325.91033935546875 323.796630859375 327.0938720703125 346.02618408203125 349.379638671875 347.763092041015625 348.40704345703125 7.1674242019653320312 28.78659820556640625 17.2200775146484375 357.435333251953125 342.13458251953125 2.0899589061737060547 25.06182098388671875 16.29386138916015625 10.561040878295898438 8.5311374664306640625 3.2247548103332519531 354.01080322265625 0.49793609976768493652 14.322965621948242188 357.509796142578125 350.53662109375 343.70489501953125 337.57330322265625 357.6131591796875 7.3521947860717773438
24.567186355590820312 43.876781463623046875 35.72735595703125 51.137042999267578125 50.9061737060546875 18.03446197509765625 327.021697998046875 312.3050537109375 314.999114990234375 310.884429931640625 307.4757080078125 330.123260498046875 12.750060081481933594 313.4190673828125 293.6624755859375 310.69073486328125 318.28857421875 325.846435546875 344.444488525390625 351.41558837890625 354.521820068359375 354.856414794921875 2.1211941242218017578 20.048595428466796875 19.208934783935546875 19.65357208251953125 347.78363037109375 344.952911376953125 22.249010086059570312 16.77118682861328125 7.81540679931640625 0.33922553062438964844 0.33525726199150085449 2.5854904651641845703 12.803856849670410156 15.422414779663085938 353.76483154296875 342.83734130859375 344.88543701171875 349.093994140625 14.198741912841796875 17.525501251220703125
38.796543121337890625 27.617486953735351562 36.606983184814453125 63.84305572509765625 51.115505218505859375 341.074462890625 313.326995849609375 311.572662353515625 313.635223388671875 309.539031982421875 323.0726318359375 335.599884033203125 352.25445556640625 335.29681396484375 320.660919189453125 319.165802001953125 304.694549560546875 324.7816162109375 347.64361572265625 344.559478759765625 358.134490966796875 4.5860209465026855469 2.4292547702789306641 12.901236534118652344 22.293437957763671875 29.054422378540039062 14.20667266845703125 342.180450439453125 9.6199188232421875 20.224903106689453125 2.9682176113128662109 356.77459716796875 6.8093104362487792969 9.3097696304321289062 11.309470176696777344 10.465457916259765625 354.288726806640625 345.578582763671875 353.1976318359375 356.495574951171875 14.036556243896484375 18.788518905639648438
34.077075958251953125 26.183885574340820312 53.354358673095703125 68.2945098876953125 40.9143524169921875 322.739532470703125 311.578033447265625 319.920074462890625 321.53131103515625 312.351318359375 321.33941650390625 330.3609619140625 341.07977294921875 335.174591064453125 330.613616943359375 340.4730224609375 323.495147705078125 325.113250732421875 349.4117431640625 347.883941650390625 7.56847381591796875 14.036211013793945312 4.8737545013427734375 10.61968231201171875 20.0135955810546875 28.482074737548828125 28.45314788818359375 359.56842041015625 354.0618896484375 13.861158370971679688 0.33896690607070922852 357.59869384765625 12.295499801635742188 6.7537093162536621094 357.39630126953125 5.4538831710815429688 5.9744539260864257812 359.07525634765625 359.473419189453125 356.8194580078125 21.37064361572265625 31.184782028198242188
56.80240631103515625 66.90316009521484375 82.259490966796875 84.316009521484375 27.34952545166015625 308.508575439453125 314.1483154296875 330.123321533203125 324.672698974609375 320.041595458984375 322.4949951171875 323.530029296875 329.206085205078125 326.68853759765625 322.12420654296875 326.61773681640625 333.99188232421875 341.564178466796875 334.89471435546875 354.866668701171875 15.851906776428222656 6.6487255096435546875 8.0315036773681640625 10.713082313537597656 6.1029858589172363281 25.262958526611328125 36.71045684814453125 16.26025390625 345.04058837890625 357.305084228515625 2.6698930263519287109 3.72382354736328125 9.8514947891235351562 1.2061899900436401367 354.052154541015625 10.394251823425292969 25.887014389038085938 8.820346832275390625 358.976318359375 15.945461273193359375 47.160610198974609375 36.528827667236328125
80.13413238525390625 83.80344390869140625 92.29039764404296875 84.38764190673828125 331.897796630859375 304.350006103515625 318.610137939453125 334.653045654296875 320.167724609375 321.91876220703125 324.153045654296875 330.27801513671875 335.977142333984375 329.507598876953125 332.6702880859375 324.334259033203125 329.177154541015625 1.7897784709930419922 346.445556640625 349.742431640625 8.7810831069946289062 2.642513275146484375 12.605505943298339844 18.61858367919921875 12.155029296875 36.956935882568359375 43.5913238525390625 19.558275222778320312 351.407989501953125 340.9886474609375 1.2729694843292236328 6.1026849746704101562 2.9441690444946289062 359.675506591796875 1.4686895608901977539 26.56491851806640625 33.23136138916015625 10.762258529663085938 18.048143386840820312 50.19420623779296875 42.75409698486328125 24.444248199462890625
