wildfire/work/fuelmodels/1893/slope.asc
ncols        238
nrows        254
xllcorner    194785.000000000000
yllcorner    456730.000000000000
cellsize     5.000000000000
NODATA_value   -999
[rows 216 to 233 of 254, columns 160 to 199 of 238]
4.1669015884399414062 4.3154058456420898438 4.2385711669921875 4.4279570579528808594 4.6403903961181640625 4.2417936325073242188 5.0111484527587890625 7.3668088912963867188 11.147618293762207031 13.545994758605957031 12.151419639587402344 13.046932220458984375 12.964920997619628906 5.8246779441833496094 3.811466217041015625 4.2989149093627929688 5.6587119102478027344 9.5129947662353515625 19.122781753540039062 21.57659912109375 17.276235580444335938 11.548707962036132812 8.3963069915771484375 7.0748267173767089844 6.3676118850708007812 5.6434431076049804688 4.525421142578125 3.7585752010345458984 3.5790357589721679688 2.5607471466064453125 2.7825727462768554688 2.4743933677673339844 3.8816964626312255859 1.8221216201782226562 2.8408482074737548828 4.0816702842712402344 3.1860513687133789062 5.4988112449645996094 6.1959376335144042969 5.4577798843383789062
3.4705779552459716797 3.5393161773681640625 3.8741099834442138672 4.11209869384765625 3.7048833370208740234 3.4923775196075439453 6.4916090965270996094 12.7571563720703125 18.062379837036132812 18.9740142822265625 18.099330902099609375 14.896932601928710938 11.113898277282714844 7.659801483154296875 4.3652939796447753906 3.9543709754943847656 4.7259950637817382812 4.0508522987365722656 10.047354698181152344 18.157867431640625 19.849824905395507812 14.291460990905761719 9.899932861328125 9.7034864425659179688 9.7532758712768554688 8.2083873748779296875 5.6760921478271484375 4.4020252227783203125 4.194408416748046875 2.8210046291351318359 1.7286114692687988281 1.1707569360733032227 3.4195020198822021484 3.7000906467437744141 3.6827297210693359375 3.183197021484375 3.2909307479858398438 4.8703417778015136719 5.1178622245788574219 4.75662994384765625
3.8832223415374755859 2.9072911739349365234 2.9906017780303955078 3.5186975002288818359 3.1269512176513671875 3.6412026882171630859 10.095601081848144531 17.738363265991210938 16.580081939697265625 13.214643478393554688 12.131914138793945312 11.407518386840820312 9.33380126953125 8.4077920913696289062 5.8297853469848632812 4.9897618293762207031 3.9215340614318847656 4.69319915771484375 3.9794580936431884766 8.39435577392578125 17.527278900146484375 17.108348846435546875 10.346013069152832031 6.6795592308044433594 8.4924373626708984375 9.9871015548706054688 7.0264182090759277344 4.4962615966796875 4.76480865478515625 5.0063185691833496094 4.0248622894287109375 3.4759268760681152344 3.5037100315093994141 4.4883565902709960938 4.5174083709716796875 4.4493069648742675781 4.4955725669860839844 5.1516385078430175781 5.1000218391418457031 5.0560383796691894531
4.1429548263549804688 3.2784855365753173828 3.5417895317077636719 3.7523193359375 3.4422249794006347656 3.7960555553436279297 11.954392433166503906 16.864969253540039062 9.1302289962768554688 3.9166729450225830078 3.5987865924835205078 3.5283203125 4.922214508056640625 7.0179152488708496094 5.2067770957946777344 4.3169193267822265625 2.6479482650756835938 3.3109633922576904297 4.1147303581237792969 2.4890613555908203125 11.628383636474609375 18.538787841796875 15.821191787719726562 6.2179942131042480469 3.5266368389129638672 7.6870126724243164062 8.5663423538208007812 5.0299015045166015625 3.7262041568756103516 4.1686873435974121094 3.6574120521545410156 2.6978974342346191406 2.8360216617584228516 4.5517482757568359375 4.6728496551513671875 4.0772247314453125 3.9692974090576171875 5.3172245025634765625 5.1990509033203125 4.8153247833251953125
4.0842866897583007812 4.2802996635437011719 4.4010853767395019531 3.6260504722595214844 3.4979870319366455078 3.5848729610443115234 9.6645669937133789062 13.976160049438476562 10.995940208435058594 8.9437122344970703125 9.1206188201904296875 8.6277704238891601562 6.7094511985778808594 6.9111499786376953125 3.546169281005859375 1.9929208755493164062 3.3546385765075683594 3.1495225429534912109 3.1323354244232177734 3.0813496112823486328 3.4990026950836181641 13.206439018249511719 19.399021148681640625 12.991629600524902344 3.6738016605377197266 3.5303416252136230469 7.0505833625793457031 5.7621245384216308594 2.2730138301849365234 1.6129522323608398438 2.5952653884887695312 1.8232418298721313477 1.7033051252365112305 3.5790896415710449219 5.1063179969787597656 4.2106156349182128906 3.9259371757507324219 5.6705069541931152344 5.9235715866088867188 4.5503315925598144531
4.2953305244445800781 5.1131234169006347656 4.3854603767395019531 3.3995013236999511719 3.5959551334381103516 3.7490398883819580078 4.1769962310791015625 9.1381559371948242188 11.542352676391601562 11.516021728515625 11.667955398559570312 12.119307518005371094 11.787966728210449219 12.520059585571289062 9.8581867218017578125 3.3466510772705078125 2.5498776435852050781 2.9692623615264892578 1.0061610937118530273 3.1784341335296630859 3.0879511833190917969 4.2290201187133789062 15.019690513610839844 17.931995391845703125 9.14190673828125 2.7749056816101074219 4.4002985954284667969 5.7424373626708984375 3.9442682266235351562 1.3424004316329956055 1.1977188587188720703 0.89316803216934204102 0.8777764439582824707 1.5085630416870117188 3.1687169075012207031 4.387378692626953125 4.3617849349975585938 4.7728343009948730469 5.7497086524963378906 5.0644073486328125
3.1583259105682373047 3.7801854610443115234 3.8634614944458007812 3.9355854988098144531 4.3739643096923828125 4.0712857246398925781 2.9364140033721923828 2.3842146396636962891 3.7859213352203369141 3.2025096416473388672 2.3893158435821533203 4.1542577743530273438 5.9986290931701660156 9.297420501708984375 10.76198577880859375 8.0203046798706054688 4.9156808853149414062 0.70072323083877563477 2.0063505172729492188 1.3603558540344238281 4.2933688163757324219 1.858418583869934082 7.4322361946105957031 18.733367919921875 15.281926155090332031 5.3267579078674316406 3.7198245525360107422 3.9575905799865722656 4.8345608711242675781 3.8926117420196533203 1.7862311601638793945 1.1081631183624267578 1.1131489276885986328 0.22499608993530273438 0.29334148764610290527 2.6479671001434326172 4.2093048095703125 4.838626861572265625 5.9989647865295410156 5.7163500785827636719
2.8138220310211181641 3.3141646385192871094 4.4998292922973632812 5.6725606918334960938 5.5909237861633300781 4.7762198448181152344 4.2512001991271972656 3.7716441154479980469 3.2392499446868896484 2.9960744380950927734 3.5372166633605957031 4.2611541748046875 5.6190195083618164062 8.9311227798461914062 8.7778635025024414062 5.8546071052551269531 5.5048766136169433594 2.3714592456817626953 2.2940456867218017578 1.4513919353485107422 4.0472798347473144531 5.3533940315246582031 7.3853545188903808594 12.786475181579589844 16.133634567260742188 7.220996856689453125 3.7607412338256835938 1.8011661767959594727 3.0982441902160644531 4.2806496620178222656 2.9446551799774169922 1.9155218601226806641 1.3233817815780639648 1.3666542768478393555 1.6745187044143676758 3.4053168296813964844 2.4528295993804931641 5.2677316665649414062 5.7441525459289550781 5.0484385490417480469
6.1634783744812011719 8.2877340316772460938 9.9776964187622070312 11.086965560913085938 11.724016189575195312 10.246492385864257812 6.5884218215942382812 4.441738128662109375 4.5765919685363769531 4.8003640174865722656 5.9764513969421386719 9.9848337173461914062 14.212159156799316406 15.625582695007324219 12.06081390380859375 7.1338090896606445312 3.4372532367706298828 1.6213725805282592773 2.3465678691864013672 0.60372775793075561523 1.951122283935546875 7.0701036453247070312 12.3603515625 13.295999526977539062 14.318140983581542969 8.3082742691040039062 3.3171012401580810547 1.1370222568511962891 2.5498549938201904297 2.9085609912872314453 1.4510968923568725586 1.5038080215454101562 2.0346205234527587891 2.2767784595489501953 1.1699542999267578125 3.7832515239715576172 2.1388611793518066406 3.9325242042541503906 5.0235881805419921875 3.2741162776947021484
13.578587532043457031 16.984577178955078125 20.303609848022460938 20.734247207641601562 16.753087997436523438 13.219725608825683594 8.6052951812744140625 4.1906723976135253906 4.0534892082214355469 6.4359402656555175781 10.922931671142578125 16.28627777099609375 16.930353164672851562 12.917081832885742188 7.5519423484802246094 4.5747022628784179688 2.7178797721862792969 1.3956185579299926758 0.17996953427791595459 1.7192167043685913086 1.279842376708984375 10.023594856262207031 8.890682220458984375 7.8442182540893554688 9.7295694351196289062 6.0425810813903808594 1.5018194913864135742 0.88461911678314208984 2.2063653469085693359 2.6568965911865234375 4.2498731613159179688 4.8578863143920898438 4.3262610435485839844 3.1514365673065185547 1.9186985492706298828 2.1028676033020019531 0.90444660186767578125 4.5733819007873535156 5.049617767333984375 2.0679116249084472656
15.153094291687011719 15.501775741577148438 16.439390182495117188 15.551682472229003906 14.157749176025390625 13.093616485595703125 9.2112445831298828125 6.2167596817016601562 6.3363218307495117188 10.19844818115234375 15.263538360595703125 15.914723396301269531 10.034489631652832031 4.4358282089233398438 3.7434070110321044922 3.1718981266021728516 2.7006652355194091797 2.4279608726501464844 2.4103827476501464844 2.4692587852478027344 5.1508488655090332031 10.399404525756835938 6.7916350364685058594 4.9081487655639648438 5.6522765159606933594 4.3341083526611328125 3.2300348281860351562 3.7396404743194580078 5.8215045928955078125 8.4590167999267578125 10.910390853881835938 11.888308525085449219 11.003507614135742188 6.5136036872863769531 3.9666287899017333984 4.5825061798095703125 4.2833776473999023438 6.5150160789489746094 4.3066153526306152344 1.577418208122253418
14.141335487365722656 16.743490219116210938 12.369086265563964844 1.7103675603866577148 12.23177337646484375 15.079171180725097656 12.944827079772949219 11.179956436157226562 11.310281753540039062 13.483531951904296875 15.573274612426757812 10.516661643981933594 3.9108552932739257812 1.2884949445724487305 2.6941263675689697266 3.371036529541015625 2.4227323532104492188 2.3022022247314453125 3.150165557861328125 3.0715427398681640625 7.29631805419921875 10.129224777221679688 9.3889989852905273438 9.8921108245849609375 10.656528472900390625 9.89284515380859375 9.3141126632690429688 9.2212553024291992188 9.57000732421875 10.887410163879394531 12.098677635192871094 12.263268470764160156 14.615449905395507812 11.16997528076171875 8.7042512893676757812 7.1540141105651855469 9.2454900741577148438 8.1259765625 1.6353701353073120117 0.32759803533554077148
9.7531747817993164062 16.66970062255859375 17.67626190185546875 9.1151533126831054688 3.7208142280578613281 12.652264595031738281 14.754036903381347656 15.858434677124023438 15.553302764892578125 14.202549934387207031 12.113328933715820312 4.9132905006408691406 2.1374239921569824219 1.2502298355102539062 2.2907412052154541016 2.97879791259765625 2.1007015705108642578 2.2413957118988037109 3.2116210460662841797 3.4916062355041503906 7.3428387641906738281 12.763657569885253906 16.449886322021484375 17.757152557373046875 17.27396392822265625 15.244421958923339844 11.947345733642578125 7.6548600196838378906 5.6988425254821777344 7.6096186637878417969 9.8111047744750976562 10.008196830749511719 14.729100227355957031 13.068493843078613281 9.3291196823120117188 7.2620244026184082031 12.172286033630371094 8.1132068634033203125 3.7923207283020019531 2.1431224346160888672
5.9801840782165527344 10.514944076538085938 14.066164016723632812 14.882638931274414062 9.0281877517700195312 0.91612392663955688477 8.3424701690673828125 12.16571044921875 12.033537864685058594 10.046092033386230469 6.3194017410278320312 1.6260710954666137695 1.7748435735702514648 2.0465235710144042969 3.0457274913787841797 3.0164082050323486328 2.1633353233337402344 3.2466993331909179688 2.6515622138977050781 1.922908782958984375 2.5018036365509033203 5.7665696144104003906 9.199840545654296875 11.458955764770507812 12.154974937438964844 9.106578826904296875 6.6273822784423828125 3.6456446647644042969 2.4051337242126464844 7.7606320381164550781 10.848105430603027344 9.3532342910766601562 14.064043998718261719 13.470235824584960938 7.3706641197204589844 8.0695514678955078125 10.64459228515625 6.17327117919921875 3.1946141719818115234 2.8010308742523193359
6.0486822128295898438 7.1130418777465820312 7.5346574783325195312 9.6532239913940429688 10.603634834289550781 7.9844942092895507812 4.6000871658325195312 2.4559230804443359375 3.3280282020568847656 3.3275821208953857422 1.6937625408172607422 1.8257135152816772461 0.64349460601806640625 1.3517676591873168945 3.0635933876037597656 3.1708002090454101562 2.0563750267028808594 2.381053924560546875 1.8411746025085449219 1.5298361778259277344 4.1469521522521972656 5.2127141952514648438 5.7479624748229980469 7.5673398971557617188 13.527151107788085938 13.9635162353515625 8.976680755615234375 2.0642254352569580078 5.7967996597290039062 11.590066909790039062 12.519626617431640625 7.9586057662963867188 12.160348892211914062 15.463355064392089844 15.07836151123046875 9.5669155120849609375 6.7470746040344238281 5.1956591606140136719 2.8862123489379882812 2.3918414115905761719
9.2067518234252929688 6.9230318069458007812 7.2632455825805664062 7.1007232666015625 6.1715512275695800781 7.4540538787841796875 7.2572751045227050781 3.8843233585357666016 1.2826135158538818359 1.1285147666931152344 2.2945091724395751953 2.3842480182647705078 0.3149973452091217041 0.95720398426055908203 2.8107674121856689453 3.4689869880676269531 1.7997840642929077148 0.31819671392440795898 2.4447638988494873047 0.81557285785675048828 2.3541460037231445312 0.49705532193183898926 4.6803407669067382812 12.147841453552246094 15.685512542724609375 10.60152435302734375 1.5125613212585449219 6.7600774765014648438 13.830109596252441406 17.07643890380859375 14.112398147583007812 7.841922760009765625 10.80657958984375 20.486114501953125 17.753160476684570312 6.4247040748596191406 4.0790562629699707031 4.8760228157043457031 3.6808168888092041016 4.3854436874389648438
11.287447929382324219 9.3580904006958007812 10.127943038940429688 10.256378173828125 8.2608499526977539062 5.9629187583923339844 4.5697360038757324219 3.5325090885162353516 3.2124221324920654297 1.6164067983627319336 1.5824999809265136719 2.6633892059326171875 1.5959217548370361328 1.0519390106201171875 1.5641928911209106445 3.0641026496887207031 2.6525270938873291016 2.5155436992645263672 2.9078462123870849609 4.0861310958862304688 5.6014642715454101562 4.9501295089721679688 9.6236810684204101562 11.897489547729492188 7.9985094070434570312 3.0955870151519775391 10.068889617919921875 16.172719955444335938 17.875823974609375 15.844405174255371094 10.062038421630859375 5.486156463623046875 16.44649505615234375 23.138994216918945312 13.170527458190917969 5.0798745155334472656 4.0218219757080078125 5.2467198371887207031 6.4346261024475097656 6.8800230026245117188
9.6180524826049804688 10.501759529113769531 10.132325172424316406 7.92452239990234375 4.5170764923095703125 3.349384307861328125 3.0853641033172607422 2.6085031032562255859 1.9572925567626953125 2.0718374252319335938 1.2392697334289550781 1.1529114246368408203 3.2640767097473144531 2.5862979888916015625 1.2587194442749023438 1.7980506420135498047 2.9031031131744384766 4.1293683052062988281 4.8571448326110839844 4.8358197212219238281 4.011310577392578125 5.7389545440673828125 13.380324363708496094 9.0104494094848632812 8.1240024566650390625 15.637736320495605469 21.24200439453125 19.34613037109375 13.381597518920898438 8.76988983154296875 3.3433115482330322266 6.1261324882507324219 17.738325119018554688 21.298540115356445312 16.744215011596679688 11.190407752990722656 6.9100093841552734375 6.9491624832153320312 7.6133189201354980469 10.235579490661621094
