wildfire/work/fuelmodels/1893/slope.asc
ncols        238
nrows        254
xllcorner    194785.000000000000
yllcorner    456730.000000000000
cellsize     5.000000000000
NODATA_value   -999
[rows 90 to 107 of 254, columns 120 to 159 of 238]
4.0925512313842773438 4.0445261001586914062 4.3659768104553222656 3.0780947208404541016 3.1835186481475830078 4.6594710350036621094 4.7959189414978027344 3.4711644649505615234 4.0128145217895507812 4.1461057662963867188 3.0854794979095458984 2.0796256065368652344 1.9067969322204589844 2.1296453475952148438 3.0543570518493652344 3.4307539463043212891 3.2468616962432861328 3.2166826725006103516 3.702709197998046875 3.5337648391723632812 2.1682360172271728516 2.0679209232330322266 2.0519483089447021484 1.3666601181030273438 2.2768082618713378906 3.6489648818969726562 4.2593598365783691406 4.7072820663452148438 1.8134824037551879883 4.8513307571411132812 6.1839299201965332031 5.1996393203735351562 3.3292229175567626953 2.6016838550567626953 2.0452845096588134766 1.8496628999710083008 3.0802304744720458984 5.1575036048889160156 6.5854406356811523438 7.2448720932006835938
3.5676195621490478516 4.7350592613220214844 4.9049825668334960938 4.6420130729675292969 5.0344471931457519531 4.8420825004577636719 3.4597928524017333984 2.2596247196197509766 3.6118113994598388672 3.8483822345733642578 1.5541384220123291016 1.3183994293212890625 2.3772084712982177734 2.8881385326385498047 2.9389734268188476562 2.9855585098266601562 2.4559066295623779297 2.1150789260864257812 2.9798064231872558594 3.0324358940124511719 2.8053758144378662109 2.2774710655212402344 1.747254490852355957 3.7976338863372802734 4.8979940414428710938 4.5636339187622070312 3.468975067138671875 2.2080013751983642578 2.8080794811248779297 5.65789794921875 4.9954404830932617188 3.3558497428894042969 2.4484941959381103516 2.5353615283966064453 2.0922510623931884766 2.0085968971252441406 4.0701665878295898438 6.4819617271423339844 7.0347042083740234375 7.3701920509338378906
5.1159906387329101562 4.7964534759521484375 4.8341603279113769531 4.5765681266784667969 3.3516330718994140625 2.391643524169921875 2.1794159412384033203 1.8513088226318359375 3.0384173393249511719 4.71028900146484375 4.3260364532470703125 3.4730639457702636719 2.8672382831573486328 2.8635277748107910156 2.4246246814727783203 1.8902662992477416992 1.3056625127792358398 1.3103135824203491211 2.4143831729888916016 2.4559032917022705078 2.9711291790008544922 2.7856686115264892578 3.7300183773040771484 5.8591542243957519531 4.4589600563049316406 1.8843648433685302734 1.1472165584564208984 1.6702762842178344727 4.7863574028015136719 5.6011843681335449219 3.2476367950439453125 2.14571380615234375 2.3950254917144775391 2.5169396400451660156 2.6201107501983642578 4.2278532981872558594 6.5991058349609375 7.7451124191284179688 7.1697201728820800781 6.6999979019165039062
3.7908551692962646484 2.3242878913879394531 2.4969687461853027344 2.2235257625579833984 1.2074127197265625 1.957335352897644043 2.6179873943328857422 2.3138158321380615234 3.0242462158203125 4.0801849365234375 4.2351088523864746094 3.4514448642730712891 2.80213165283203125 2.7863943576812744141 3.379413604736328125 2.5018260478973388672 1.0533556938171386719 0.58670699596405029297 1.8814182281494140625 2.4064095020294189453 1.5667843818664550781 3.7256741523742675781 6.5359554290771484375 5.4494781494140625 2.1222503185272216797 1.6226167678833007812 2.5419089794158935547 4.0842676162719726562 5.5974793434143066406 4.49906158447265625 2.461238861083984375 2.6965475082397460938 2.8066289424896240234 2.1353163719177246094 3.1533656120300292969 5.8318700790405273438 7.5338578224182128906 8.2088956832885742188 7.8549857139587402344 7.16210174560546875
2.1763818264007568359 1.5354627370834350586 2.0465450286865234375 3.3327410221099853516 3.6977884769439697266 3.6836972236633300781 3.8804094791412353516 3.2130703926086425781 2.7885658740997314453 2.2960498332977294922 2.3439962863922119141 2.9731545448303222656 2.5674626827239990234 2.9568190574645996094 3.5185694694519042969 2.6318542957305908203 1.4331740140914916992 1.1738129854202270508 1.4189822673797607422 1.8463923931121826172 3.106048583984375 6.4623723030090332031 6.8094930648803710938 2.9474012851715087891 1.3977850675582885742 2.7230551242828369141 3.4254381656646728516 4.9934172630310058594 5.273555755615234375 3.7408285140991210938 3.2024896144866943359 2.9828515052795410156 2.3101167678833007812 2.9533984661102294922 5.0623083114624023438 6.9934778213500976562 7.9661502838134765625 8.3010663986206054688 7.9175095558166503906 7.448398590087890625
3.8979117870330810547 3.4875581264495849609 4.0482654571533203125 4.6125736236572265625 4.2594819068908691406 3.9267084598541259766 4.1781358718872070312 3.0682299137115478516 3.2201418876647949219 2.7970857620239257812 2.1009316444396972656 3.3781921863555908203 2.6318502426147460938 3.1500103473663330078 2.9982213973999023438 1.9448859691619873047 1.9027993679046630859 1.7887481451034545898 1.2281606197357177734 2.4519965648651123047 6.0815382003784179688 7.2132740020751953125 3.9166665077209472656 1.1045186519622802734 2.4612624645233154297 2.8195853233337402344 3.4962611198425292969 5.1824693679809570312 4.0335235595703125 2.7601253986358642578 2.8454554080963134766 2.0346398353576660156 2.6055917739868164062 4.7477245330810546875 6.7796831130981445312 8.51078033447265625 8.8833532333374023438 8.047046661376953125 7.0590090751647949219 5.7360363006591796875
5.6946148872375488281 5.206508636474609375 4.4522552490234375 3.4165613651275634766 2.8924884796142578125 2.2914187908172607422 2.8369269371032714844 2.3159968852996826172 2.719532012939453125 3.5283293724060058594 2.2907581329345703125 3.2205970287322998047 3.2387576103210449219 2.9036738872528076172 2.4329395294189453125 1.7053632736206054688 1.8070718050003051758 1.2703289985656738281 1.1707918643951416016 4.6675858497619628906 7.2632060050964355469 5.0691518783569335938 1.8773663043975830078 3.0583226680755615234 3.7501499652862548828 3.3425850868225097656 3.7022929191589355469 4.4603185653686523438 2.6618316173553466797 1.9941993951797485352 2.0383656024932861328 2.0987718105316162109 3.9403116703033447266 5.8149132728576660156 6.8340897560119628906 7.4816679954528808594 7.7254786491394042969 7.2726039886474609375 5.5863218307495117188 4.1508646011352539062
3.7180707454681396484 3.4254291057586669922 2.546688079833984375 2.4503350257873535156 2.7667005062103271484 2.4886455535888671875 2.3502690792083740234 2.2414224147796630859 2.5149202346801757812 3.5565595626831054688 2.7314195632934570312 3.1443767547607421875 3.9148509502410888672 2.5498621463775634766 1.4377644062042236328 1.2290097475051879883 1.3080198764801025391 1.6745114326477050781 3.5615146160125732422 6.4946699142456054688 5.3895111083984375 2.5897986888885498047 2.4890537261962890625 4.3032159805297851562 4.1726880073547363281 3.4285438060760498047 3.1190392971038818359 2.9076778888702392578 1.8452959060668945312 2.327564239501953125 2.9458510875701904297 3.2017176151275634766 4.5553421974182128906 5.5863080024719238281 5.6807255744934082031 6.8393063545227050781 7.9220690727233886719 6.4545207023620605469 4.4167790412902832031 4.1108851432800292969
1.5285274982452392578 2.3153471946716308594 1.8444696664810180664 2.0093588829040527344 2.7883749008178710938 3.0444102287292480469 2.3571355342864990234 2.4896476268768310547 2.742488861083984375 2.9363908767700195312 3.1327903270721435547 3.6323170661926269531 4.1219148635864257812 2.8053653240203857422 1.8551276922225952148 2.1203413009643554688 2.9946954250335693359 4.2091770172119140625 5.477405548095703125 5.2393317222595214844 2.7085404396057128906 1.2679207324981689453 4.0415148735046386719 5.2045745849609375 3.5992102622985839844 2.5498714447021484375 3.0636081695556640625 3.5495982170104980469 2.8360216617584228516 2.8030247688293457031 2.7774677276611328125 3.4496872425079345703 4.8839664459228515625 4.6451458930969238281 5.3576378822326660156 8.0903759002685546875 8.02529144287109375 5.3935236930847167969 4.1118593215942382812 3.5404670238494873047
1.9617255926132202148 2.4254589080810546875 2.2223808765411376953 1.9863137006759643555 2.6281909942626953125 2.7085404396057128906 2.2391688823699951172 3.0098347663879394531 3.1731786727905273438 2.7373225688934326172 3.3360540866851806641 3.9666275978088378906 4.3368659019470214844 3.5851371288299560547 2.6404836177825927734 3.1990427970886230469 4.7111415863037109375 5.1862382888793945312 3.5942804813385009766 2.2854514122009277344 2.3242886066436767578 3.0382502079010009766 6.005756378173828125 4.4170026779174804688 3.1302015781402587891 2.8224356174468994141 3.642726898193359375 3.1474404335021972656 2.5058705806732177734 2.7262196540832519531 2.5952746868133544922 3.7547147274017333984 4.4990596771240234375 4.2908997535705566406 6.3750457763671875 8.3738851547241210938 7.52825927734375 5.3035655021667480469 3.9015395641326904297 2.9547576904296875
2.0519573688507080078 2.4396009445190429688 2.7776703834533691406 2.5564062595367431641 2.9629595279693603516 2.4717171192169189453 2.0953869819641113281 3.6738018989562988281 3.6565706729888916016 2.5516426563262939453 3.2673268318176269531 4.027889251708984375 4.2739272117614746094 3.4759538173675537109 2.4352264404296875 2.846881866455078125 3.3346962928771972656 2.0304064750671386719 0.93634611368179321289 1.8221105337142944336 3.1323018074035644531 4.9036502838134765625 5.0905985832214355469 1.8137634992599487305 1.8923951387405395508 3.0384190082550048828 3.6111230850219726562 2.4047219753265380859 2.0331330299377441406 2.708904266357421875 3.1567332744598388672 3.851139068603515625 3.6609866619110107422 4.7515616416931152344 6.8111085891723632812 7.9033174514770507812 7.7570872306823730469 4.8707289695739746094 3.2981281280517578125 3.1941475868225097656
2.3678286075592041016 1.8673715591430664062 1.8320850133895874023 2.8777880668640136719 3.5082325935363769531 2.9513428211212158203 2.2730236053466796875 3.93813323974609375 3.9615244865417480469 2.3748674392700195312 3.1776268482208251953 3.6710422039031982422 3.4210240840911865234 3.8796122074127197266 4.4765658378601074219 4.9230465888977050781 3.3802917003631591797 2.4254508018493652344 2.0825572013854980469 1.9352260828018188477 2.5058565139770507812 3.7209260463714599609 2.9665386676788330078 1.4656537771224975586 1.8469331264495849609 2.9818291664123535156 2.7943584918975830078 2.5257372856140136719 2.7195112705230712891 3.2838394641876220703 3.5188744068145751953 3.4467704296112060547 3.4210007190704345703 5.4071598052978515625 7.3299260139465332031 7.7189803123474121094 6.6505990028381347656 4.0686588287353515625 3.1443767547607421875 3.0813853740692138672
3.0894024372100830078 2.4154198169708251953 1.0403144359588623047 2.116512298583984375 3.4467782974243164062 3.3965616226196289062 2.9073204994201660156 3.7017416954040527344 3.7104680538177490234 2.6108098030090332031 2.8159792423248291016 3.0162184238433837891 2.7113373279571533203 4.0742440223693847656 5.4785141944885253906 5.8122401237487792969 3.0911953449249267578 2.4462113380432128906 2.3083529472351074219 2.5591781139373779297 3.0157265663146972656 3.5158429145812988281 2.5018179416656494141 2.0123658180236816406 2.6462013721466064453 3.0636053085327148438 2.2052407264709472656 2.280792236328125 3.3803145885467529297 3.8352422714233398438 3.4807622432708740234 2.8571515083312988281 3.4495301246643066406 5.9503846168518066406 7.806041717529296875 6.8234815597534179688 4.9050850868225097656 4.4512548446655273438 3.7023017406463623047 2.6116044521331787109
3.0162184238433837891 3.2901551723480224609 2.0045623779296875 1.9719991683959960938 3.0284428596496582031 3.5082163810729980469 3.1939628124237060547 3.2704446315765380859 3.4619824886322021484 2.7085337638854980469 2.3772118091583251953 2.8691592216491699219 2.7711005210876464844 2.5835711956024169922 6.2154903411865234375 5.1186642646789550781 2.8159794807434082031 3.4150972366333007812 3.6827242374420166016 3.5751223564147949219 3.7262203693389892578 3.4508597850799560547 2.5040423870086669922 2.2810213565826416016 2.8372759819030761719 2.846710205078125 2.5233671665191650391 2.9828629493713378906 3.2636277675628662109 2.8086159229278564453 2.5104894638061523438 2.4528045654296875 3.6526882648468017578 5.9831137657165527344 7.3953518867492675781 5.7332062721252441406 3.9706983566284179688 4.5976748466491699219 3.5904951095581054688 1.9985053539276123047
2.9473848342895507812 3.5307559967041015625 3.1398720741271972656 1.8899859189987182617 1.9635112285614013672 3.3977520465850830078 3.2640864849090576172 3.1153116226196289062 3.5296106338500976562 2.5355472564697265625 1.8902579545974731445 2.4872212409973144531 1.736233830451965332 2.871448516845703125 5.8714375495910644531 4.0846662521362304688 1.42041778564453125 1.7359331846237182617 2.6092770099639892578 3.2574274539947509766 2.8209986686706542969 2.2391579151153564453 2.4196119308471679688 2.7106096744537353516 3.0277717113494873047 3.2499840259552001953 3.4053401947021484375 3.2858521938323974609 2.6557340621948242188 2.5018129348754882812 2.9880940914154052734 3.3641114234924316406 3.8797454833984375 5.325103759765625 6.5320401191711425781 5.148193359375 3.7501368522644042969 4.3438429832458496094 3.6671876907348632812 2.4227459430694580078
2.8116717338562011719 4.1610555648803710938 3.1451799869537353516 2.9377577304840087891 1.4639139175415039062 2.6662192344665527344 3.5466170310974121094 2.9995770454406738281 3.2468535900115966797 2.5082826614379882812 1.473921656608581543 1.3498919010162353516 2.3629276752471923828 3.7152259349822998047 5.0304245948791503906 3.0854868888854980469 1.2392700910568237305 1.5446565151214599609 2.7483725547790527344 3.2205941677093505859 2.8587527275085449219 2.7038719654083251953 2.87075042724609375 2.7885563373565673828 2.7650611400604248047 2.9336352348327636719 2.7615964412689208984 2.9752116203308105469 3.6412131786346435547 4.3461818695068359375 4.547138214111328125 4.1459865570068359375 3.6875402927398681641 4.2639894485473632812 5.5107975006103515625 5.0397315025329589844 3.8886964321136474609 4.1167836189270019531 3.8990902900695800781 2.9403619766235351562
2.2714529037475585938 4.1973028182983398438 2.889007568359375 3.4143478870391845703 2.2216866016387939453 1.9817349910736083984 3.2992179393768310547 3.2012345790863037109 2.8877825736999511719 2.2685747146606445312 1.4967385530471801758 1.9344261884689331055 2.5868887901306152344 3.4606642723083496094 4.5641808509826660156 3.1172544956207275391 2.497772216796875 3.0894024372100830078 4.1352391242980957031 3.461956024169921875 2.9305245876312255859 2.4045116901397705078 2.6264646053314208984 2.8459904193878173828 2.9948525428771972656 2.9935071468353271484 3.1718869209289550781 3.9003629684448242188 4.5930633544921875 4.9642667770385742188 4.8933644294738769531 4.471954345703125 4.040283203125 3.6394009590148925781 4.6922588348388671875 5.245944976806640625 4.0308856964111328125 3.7672169208526611328 4.1167855262756347656 3.1055636405944824219
2.7711005210876464844 3.6441333293914794922 2.9239604473114013672 2.6281759738922119141 2.7883749008178710938 2.4265036582946777344 2.4497303962707519531 2.9655020236968994141 3.0780932903289794922 2.4845845699310302734 1.8510439395904541016 2.2325987815856933594 2.5696244239807128906 3.0800600051879882812 3.3298420906066894531 2.8972077369689941406 3.3965446949005126953 3.4562747478485107422 3.8855924606323242188 3.0641067028045654297 3.3205697536468505859 3.1640882492065429688 3.6031384468078613281 3.2872362136840820312 3.6427338123321533203 4.5366992950439453125 5.04123687744140625 5.1711568832397460938 4.920074462890625 4.5958065986633300781 4.711032867431640625 4.8253836631774902344 4.4341101646423339844 3.685337066650390625 4.0618309974670410156 5.0786948204040527344 3.8300995826721191406 3.4090447425842285156 4.2174434661865234375 3.4363405704498291016
