wildfire/work/fuelmodels/1893/slope.asc
ncols        238
nrows        254
xllcorner    194785.000000000000
yllcorner    456730.000000000000
cellsize     5.000000000000
NODATA_value   -999
[rows 54 to 71 of 254, columns 0 to 39 of 238]
0 1.2115703821182250977 0.688343048095703125 2.3689012527465820312 9.7306375503540039062 21.295618057250976562 19.353651046752929688 7.4527249336242675781 4.7076201438903808594 4.5880112648010253906 3.8917052745819091797 3.2860164642333984375 2.959728240966796875 3.4737799167633056641 4.9081563949584960938 6.385738372802734375 7.3299260139465332031 9.1086072921752929688 10.4858551025390625 10.397000312805175781 10.775427818298339844 7.6243495941162109375 7.4217500686645507812 7.7648220062255859375 4.1570444107055664062 5.9989113807678222656 9.1556138992309570312 6.2268071174621582031 4.9133143424987792969 4.7295255661010742188 5.1583642959594726562 5.7389154434204101562 6.08452606201171875 7.5654745101928710938 7.9723801612854003906 8.4874744415283203125 9.501354217529296875 11.4853668212890625 9.9154262542724609375 5.3917493820190429688
0 1.6811486482620239258 4.9601907730102539062 10.393793106079101562 17.55047607421875 20.385553359985351562 11.993410110473632812 3.9451844692230224609 4.4212145805358886719 3.5790646076202392578 2.6926136016845703125 2.793453216552734375 3.9966793060302734375 4.8488402366638183594 5.7696309089660644531 5.669094085693359375 6.0294404029846191406 8.8559322357177734375 9.7976016998291015625 8.3735933303833007812 5.441253662109375 1.2445625066757202148 7.2235207557678222656 6.9404840469360351562 5.016368865966796875 6.5446410179138183594 6.5728363990783691406 4.8869581222534179688 4.6879644393920898438 4.9817919731140136719 6.2274556159973144531 7.7259998321533203125 8.498676300048828125 8.48937225341796875 8.6951904296875 10.271314620971679688 10.021192550659179688 8.3341131210327148438 4.9297122955322265625 3.1180689334869384766
0 8.97602081298828125 12.435272216796875 16.6465911865234375 19.07605743408203125 15.255094528198242188 8.7415781021118164062 5.2308602333068847656 4.2730832099914550781 3.2907674312591552734 3.0472302436828613281 3.4567186832427978516 3.8740022182464599609 3.4249942302703857422 3.7197220325469970703 3.8625535964965820312 6.6003332138061523438 9.4168272018432617188 7.207706451416015625 3.7501275539398193359 2.576900482177734375 4.6282949447631835938 7.8500232696533203125 5.6885027885437011719 5.4450230598449707031 6.4302439689636230469 4.0553727149963378906 3.6924579143524169922 5.0344471931457519531 7.6973338127136230469 10.177685737609863281 11.621297836303710938 12.028844833374023438 11.84638214111328125 11.636876106262207031 10.696391105651855469 8.402164459228515625 5.7131519317626953125 3.3546464443206787109 3.6428780555725097656
0 14.719791412353515625 15.701542854309082031 16.939716339111328125 15.47249603271484375 10.136720657348632812 5.1563286781311035156 3.4811873435974121094 3.7908544540405273438 3.3977589607238769531 3.4477992057800292969 3.3720695972442626953 4.1039953231811523438 4.76850128173828125 5.3610382080078125 5.93158721923828125 8.4563627243041992188 7.3979158401489257812 2.6278076171875 0.91833907365798950195 3.4292812347412109375 5.7726159095764160156 6.6903867721557617188 5.40341949462890625 4.3808569908142089844 3.7783064842224121094 4.1096606254577636719 7.0024385452270507812 10.290083885192871094 11.999449729919433594 12.55670928955078125 12.07248687744140625 11.149732589721679688 9.9581699371337890625 7.7520961761474609375 5.7468976974487304688 4.6676878929138183594 4.1567964553833007812 4.4321584701538085938 5.5704293251037597656
0 14.401581764221191406 15.136873245239257812 15.570695877075195312 12.970796585083007812 7.7691435813903808594 5.4497361183166503906 6.5001511573791503906 6.735675811767578125 5.7286500930786132812 6.1340045928955078125 7.3701853752136230469 8.7056407928466796875 9.245479583740234375 8.7744607925415039062 7.5818080902099609375 6.3945512771606445312 2.651752471923828125 0.89602124691009521484 1.2892965078353881836 2.8769140243530273438 4.1628789901733398438 4.4694576263427734375 4.1846432685852050781 2.3048341274261474609 3.0964171886444091797 5.4537210464477539062 9.0058565139770507812 11.581007003784179688 12.155823707580566406 10.605772018432617188 8.5700712203979492188 7.5649318695068359375 6.3818087577819824219 4.9468455314636230469 4.1323161125183105469 3.8562383651733398438 3.9631941318511962891 4.9496102333068847656 5.2929010391235351562
0 14.690555572509765625 14.153964996337890625 12.3512115478515625 8.7367830276489257812 6.341114044189453125 7.4211444854736328125 9.7645921707153320312 9.97332763671875 10.03147125244140625 10.332599639892578125 10.039010047912597656 9.064243316650390625 8.1999416351318359375 7.5816941261291503906 6.4261770248413085938 4.1017961502075195312 1.6946414709091186523 1.8271170854568481445 1.2116065025329589844 2.0234088897705078125 4.0003461837768554688 3.8670890331268310547 3.0157265663146972656 2.3205847740173339844 4.1552233695983886719 5.9290151596069335938 7.5922608375549316406 8.5341014862060546875 8.1436891555786132812 7.5346398353576660156 6.7716650962829589844 6.0905475616455078125 4.8660817146301269531 4.0483922958374023438 4.1731619834899902344 4.2059369087219238281 4.2693171501159667969 4.7770748138427734375 4.7876086235046386719
0 13.371080398559570312 11.133309364318847656 8.2335004806518554688 6.1486697196960449219 6.8517065048217773438 7.9402132034301757812 8.6173276901245117188 8.217010498046875 8.1918087005615234375 8.0101184844970703125 7.2015781402587890625 5.8362526893615722656 4.9872488975524902344 4.9565191268920898438 4.8320608139038085938 3.9396617412567138672 2.8082516193389892578 3.2162287235260009766 1.5115542411804199219 0.99860453605651855469 3.6274445056915283203 4.0323920249938964844 3.2637736797332763672 4.1273069381713867188 5.4186148643493652344 5.6190409660339355469 6.5136013031005859375 7.5381760597229003906 5.0304274559020996094 3.7704141139984130859 4.5683817863464355469 4.8228592872619628906 4.7069654464721679688 4.5534625053405761719 4.4595189094543457031 4.0512576103210449219 3.8015065193176269531 3.7630462646484375 3.6882150173187255859
0 10.025918006896972656 8.7523870468139648438 7.8073177337646484375 7.4578948020935058594 7.7691531181335449219 7.3712868690490722656 7.0930647850036621094 6.3641462326049804688 6.1771669387817382812 6.6045627593994140625 6.8270254135131835938 6.5608234405517578125 5.5355029106140136719 4.4441003799438476562 3.3141770362854003906 3.5314519405364990234 2.9818315505981445312 3.9529874324798583984 2.4886510372161865234 1.9352312088012695312 3.7222931385040283203 3.2889370918273925781 3.1196980476379394531 4.3754606246948242188 5.646503448486328125 5.9835276603698730469 6.5970339775085449219 6.200336456298828125 3.8060181140899658203 2.2993412017822265625 2.4706904888153076172 3.4094672203063964844 3.4143552780151367188 3.0813751220703125 4.4531726837158203125 5.5282263755798339844 5.1044564247131347656 3.9437689781188964844 3.4586126804351806641
0 7.7736139297485351562 6.464015960693359375 6.7270054817199707031 6.5566806793212890625 5.3091673851013183594 3.5131113529205322266 3.990230560302734375 5.6177067756652832031 5.7798314094543457031 6.366664886474609375 6.7642602920532226562 6.9818377494812011719 6.0584940910339355469 4.4005126953125 3.9050424098968505859 5.0846538543701171875 5.3126840591430664062 6.5579113960266113281 5.3790335655212402344 2.6420028209686279297 3.2149493694305419922 2.9036784172058105469 3.8843057155609130859 4.1132349967956542969 4.8955221176147460938 4.9987635612487792969 5.3398203849792480469 4.4900670051574707031 2.9643237590789794922 1.9112694263458251953 1.3241554498672485352 2.3221037387847900391 2.4503350257873535156 3.0419156551361083984 4.7511258125305175781 4.4964799880981445312 4.0812888145446777344 3.6066277027130126953 5.1598424911499023438
0 3.5642299652099609375 4.2332205772399902344 4.5950388908386230469 3.891696929931640625 3.1782698631286621094 1.7359354496002197266 3.3371295928955078125 6.6067104339599609375 4.9019956588745117188 3.9824969768524169922 3.5813355445861816406 3.2468616962432861328 3.6139078140258789062 3.6529684066772460938 3.6272966861724853516 4.7453794479370117188 5.3774342536926269531 6.174884796142578125 6.6021366119384765625 4.339191436767578125 2.1388676166534423828 4.5676150321960449219 4.7457098960876464844 3.6764080524444580078 3.3894011974334716797 4.2511739730834960938 4.464824676513671875 3.3726623058319091797 2.2326045036315917969 1.1841213703155517578 1.1956148147583007812 2.8037481307983398438 4.3689684867858886719 5.1328101158142089844 4.2670655250549316406 2.647754669189453125 3.1198465824127197266 4.2961831092834472656 6.6421399116516113281
0 3.8515250682830810547 4.8480081558227539062 4.1731719970703125 2.2353198528289794922 0.47303739190101623535 0.46980631351470947266 4.0752429962158203125 6.6611795425415039062 3.9780590534210205078 1.4246834516525268555 0.41487768292427062988 0.98277938365936279297 0.8112265467643737793 0.61206251382827758789 1.2806273698806762695 1.359226226806640625 1.4229031801223754883 3.8776504993438720703 6.1333484649658203125 4.2185349464416503906 4.3938770294189453125 4.3951396942138671875 3.9304399490356445312 3.5364778041839599609 2.8578562736511230469 4.9256000518798828125 4.8346667289733886719 2.8374485969543457031 1.5195658206939697266 1.5209016799926757812 3.5037569999694824219 5.5267696380615234375 6.7827353477478027344 5.5559434890747070312 3.7855267524719238281 3.3906145095825195312 3.7152407169342041016 4.2933530807495117188 6.5267739295959472656
0 4.9727730751037597656 3.65850067138671875 2.3901517391204833984 1.5958945751190185547 2.1663639545440673828 1.2194986343383789062 4.6571984291076660156 5.1481075286865234375 3.8845431804656982422 1.9448752403259277344 1.0860102176666259766 1.5482672452926635742 2.5331447124481201172 3.3425524234771728516 3.4667682647705078125 3.449535369873046875 3.8858394622802734375 3.8797211647033691406 3.3546471595764160156 3.7716250419616699219 4.45318603515625 3.1946108341217041016 3.9885852336883544922 5.1379237174987792969 4.8069629669189453125 4.8028659820556640625 3.6038324832916259766 1.735935211181640625 2.0294048786163330078 3.9575872421264648438 5.424930572509765625 5.3607468605041503906 4.6328806877136230469 4.6616301536560058594 4.3391852378845214844 4.56407928466796875 4.7175588607788085938 4.3374361991882324219 6.1621685028076171875
0 2.0443134307861328125 0.51307463645935058594 1.1699384450912475586 0.095443360507488250732 3.5576951503753662109 6.7752404212951660156 6.3837857246398925781 4.261722564697265625 3.1495068073272705078 0.70076507329940795898 1.6535146236419677734 3.0715157985687255859 3.4084239006042480469 2.1336545944213867188 0.87545740604400634766 1.7754254341125488281 1.642466425895690918 1.1955876350402832031 3.6081655025482177734 4.682025909423828125 4.2179112434387207031 4.0184712409973144531 4.7588605880737304688 4.9906830787658691406 4.9451265335083007812 3.4008729457855224609 2.6362717151641845703 3.2034535408020019531 4.5966811180114746094 5.0440521240234375 4.4604353904724121094 3.4036891460418701172 2.0647406578063964844 3.3152499198913574219 4.6625094413757324219 4.5895476341247558594 4.4417157173156738281 5.2393250465393066406 6.2067556381225585938
0 1.8643759489059448242 1.8714164495468139648 1.6993939876556396484 2.9291582107543945312 5.3982110023498535156 6.43932342529296875 5.232112884521484375 3.8824679851531982422 2.8947758674621582031 1.2355608940124511719 2.2235288619995117188 1.7731556892395019531 1.3367060422897338867 0.7954642176628112793 1.4666801691055297852 2.6873648166656494141 3.7688055038452148438 5.1882719993591308594 5.6311054229736328125 5.2130894660949707031 4.8513245582580566406 4.38407135009765625 3.9217975139617919922 2.8123772144317626953 2.8331620693206787109 3.7048764228820800781 5.3602700233459472656 5.6578726768493652344 5.0163702964782714844 4.3503437042236328125 3.8797376155853271484 3.5954012870788574219 3.8257238864898681641 4.4624600410461425781 4.4341025352478027344 4.3697910308837890625 4.3854784965515136719 5.1118621826171875 5.2196712493896484375
0 0.38315507769584655762 1.161252140998840332 4.4039516448974609375 5.8783717155456542969 6.1435232162475585938 3.5713186264038085938 1.2762868404388427734 0.28811672329902648926 1.1136314868927001953 1.1673277616500854492 2.0973172187805175781 2.3039710521697998047 2.2763576507568359375 2.1638042926788330078 2.7789502143859863281 3.3333520889282226562 4.5447049140930175781 4.7546224594116210938 3.5873925685882568359 3.0384328365325927734 2.8210089206695556641 2.5325510501861572266 2.6173899173736572266 2.8122105598449707031 3.9350464344024658203 5.1328043937683105469 5.6078209877014160156 4.8112444877624511719 4.2730951309204101562 4.3382763862609863281 3.7436802387237548828 3.7923243045806884766 4.8111429214477539062 5.0751385688781738281 4.5649633407592773438 4.3868417739868164062 4.8329052925109863281 4.1238965988159179688 3.3690714836120605469
0 1.6826418638229370117 4.0395169258117675781 5.7054758071899414062 5.8080687522888183594 4.2806425094604492188 1.4461879730224609375 2.4264900684356689453 1.9142079353332519531 2.1153206825256347656 0.44999799132347106934 1.4300243854522705078 2.2337515354156494141 2.4476628303527832031 3.0098445415496826172 4.0046291351318359375 3.9374845027923583984 3.7209284305572509766 2.9733519554138183594 1.9430601596832275391 1.5390949249267578125 2.0774478912353515625 3.4635834693908691406 4.7485828399658203125 5.7593431472778320312 6.1751446723937988281 5.4507803916931152344 4.7851877212524414062 4.61716461181640625 5.5282311439514160156 5.7078709602355957031 4.6641259193420410156 4.4468359947204589844 4.4289846420288085938 3.9931561946868896484 4.412204742431640625 4.5862402915954589844 4.3636531829833984375 4.275554656982421875 5.31684112548828125
0 4.9561128616333007812 5.3535032272338867188 4.3336200714111328125 4.3680624961853027344 2.9629595279693603516 1.4405835866928100586 2.8849756717681884766 1.5275337696075439453 2.5229673385620117188 2.9511792659759521484 2.5209445953369140625 2.3190567493438720703 2.4845633506774902344 3.5552830696105957031 4.3340697288513183594 3.9513108730316162109 3.4644498825073242188 3.1731779575347900391 3.0063123703002929688 2.9120187759399414062 4.2517704963684082031 5.7276754379272460938 6.2180752754211425781 5.6998410224914550781 5.0589275360107421875 5.7819399833679199219 6.7752404212951660156 6.3686456680297851562 6.4289236068725585938 6.3445916175842285156 6.1866083145141601562 6.328403472900390625 6.0955018997192382812 6.0297646522521972656 6.0536661148071289062 6.6927852630615234375 7.1960101127624511719 7.9417138099670410156 8.3302717208862304688
0 7.467708587646484375 5.5968537330627441406 2.87075042724609375 3.1640882492065429688 2.3620543479919433594 1.0971639156341552734 2.3223288059234619141 2.8953015804290771484 3.8796241283416748047 3.4991307258605957031 2.3472297191619873047 2.1768484115600585938 2.4815378189086914062 3.5501861572265625 4.1871738433837890625 3.4923458099365234375 2.9840419292449951172 2.9506418704986572266 3.8099772930145263672 4.6895556449890136719 5.3942742347717285156 5.1882958412170410156 5.018798828125 4.9647502899169921875 4.7371916770935058594 5.2477807998657226562 5.6719241142272949219 5.2978577613830566406 5.9052872657775878906 6.5412578582763671875 6.5811781883239746094 6.7215518951416015625 7.3979101181030273438 7.69869232177734375 7.6772365570068359375 8.1562719345092773438 8.6844244003295898438 9.3153905868530273438 8.9631061553955078125
