wildfire/work/fuelmodels/1893/slope.asc
ncols        238
nrows        254
xllcorner    194785.000000000000
yllcorner    456730.000000000000
cellsize     5.000000000000
NODATA_value   -999
[rows 36 to 53 of 254, columns 80 to 119 of 238]
0.62758976221084594727 1.7570892572402954102 2.4717106819152832031 0.92494165897369384766 1.7929975986480712891 3.1494984626770019531 1.6970129013061523438 3.4054577350616455078 3.55472564697265625 3.3401556015014648438 2.0106198787689208984 4.4067025184631347656 3.8194019794464111328 3.6827414035797119141 6.5927743911743164062 7.0549640655517578125 7.2545833587646484375 7.1626620292663574219 6.336338043212890625 7.0597968101501464844 6.3219614028930664062 4.918529510498046875 3.6968276500701904297 2.2305650711059570312 1.0504865646362304688 2.2155385017395019531 3.2293820381164550781 2.5169394016265869141 1.2742898464202880859 5.2882485389709472656 10.275973320007324219 12.754511833190917969 9.0924158096313476562 5.1469416618347167969 4.4553418159484863281 4.8358240127563476562 5.44049835205078125 3.2499725818634033203 4.2802996635437011719 8.078372955322265625
0.41488420963287353516 1.4229118824005126953 3.2790782451629638672 2.7225039005279541016 3.4514448642730712891 4.4238386154174804688 4.3242778778076171875 4.1775116920471191406 1.2550853490829467773 2.4544706344604492188 3.8258671760559082031 5.0485334396362304688 0.76630932092666625977 5.4085483551025390625 6.2590975761413574219 6.5026187896728515625 6.247531890869140625 5.5985670089721679688 4.6779446601867675781 5.8521265983581542969 4.7372035980224609375 2.3842442035675048828 0.81124609708786010742 0.65596401691436767578 1.7691332101821899414 1.4691013097763061523 1.7547650337219238281 5.4869666099548339844 10.6282196044921875 14.365251541137695312 16.108098983764648438 11.881951332092285156 6.1415476799011230469 1.7671340703964233398 1.7748497724533081055 3.4559807777404785156 3.5399010181427001953 1.5936725139617919922 2.4179272651672363281 3.2498183250427246094
4.8413443565368652344 4.2720289230346679688 4.1391654014587402344 3.8250784873962402344 4.0235085487365722656 3.771503448486328125 3.9396779537200927734 2.4087176322937011719 2.4070217609405517578 2.2763631343841552734 4.0523734092712402344 4.0072660446166992188 4.3643474578857421875 5.3263144493103027344 4.9657578468322753906 5.4219489097595214844 4.1459774971008300781 4.5401325225830078125 3.9748892784118652344 3.9830234050750732422 2.4484891891479492188 0.99098610877990722656 1.5974886417388916016 2.7262146472930908203 5.9679541587829589844 9.695903778076171875 11.997817039489746094 14.919850349426269531 15.5203704833984375 13.277628898620605469 11.0172882080078125 7.7564940452575683594 9.1494607925415039062 1.5538206100463867188 0.92657184600830078125 4.2465505599975585938 2.4030370712280273438 0.58498799800872802734 2.0571384429931640625 2.0425741672515869141
7.4595184326171875 6.3268132209777832031 5.6279864311218261719 4.7121052742004394531 3.5942995548248291016 2.8890161514282226562 2.6402919292449951172 1.8090096712112426758 3.4094827175140380859 1.9809627532958984375 1.8204441070556640625 3.8332524299621582031 3.3201243877410888672 3.0477283000946044922 4.2433214187622070312 5.9582381248474121094 2.2768077850341796875 2.2271611690521240234 1.6547578573226928711 1.5225617885589599609 1.4405782222747802734 2.4227335453033447266 4.0106573104858398438 9.0115070343017578125 15.631006240844726562 16.576618194580078125 15.731472015380859375 14.667798042297363281 10.726624488830566406 5.9369072914123535156 2.4896745681762695312 7.1159610748291015625 11.222229957580566406 1.2869473695755004883 3.2909345626831054688 4.2131433486938476562 1.53777313232421875 1.2790713310241699219 1.3291167020797729492 2.7994239330291748047
6.3600974082946777344 6.6853389739990234375 6.4320478439331054688 4.59535980224609375 2.2337188720703125 1.8137613534927368164 3.1326227188110351562 3.4173169136047363281 3.0384399890899658203 1.3766257762908935547 0.44206446409225463867 1.0422707796096801758 0.46980631351470947266 2.7262156009674072266 5.0269174575805664062 5.2714481353759765625 1.23926544189453125 0.78263747692108154297 0.85675489902496337891 1.65993499755859375 3.098545074462890625 4.8970670700073242188 6.7335038185119628906 12.282540321350097656 14.23089599609375 11.577100753784179688 10.446839332580566406 6.5049424171447753906 2.2854464054107666016 3.6655399799346923828 5.7023949623107910156 7.75133514404296875 9.0244245529174804688 0.76366239786148071289 3.3570652008056640625 3.7010788917541503906 5.4219560623168945312 4.1781253814697265625 3.1243896484375 4.1132349967956542969
6.2910990715026855469 5.1162805557250976562 5.1887750625610351562 4.8093671798706054688 2.5411114692687988281 1.2474009990692138672 2.8587610721588134766 4.1363468170166015625 2.5868811607360839844 1.5959062576293945312 1.6254329681396484375 1.4957356452941894531 1.1285352706909179688 4.1923589706420898438 5.7787923812866210938 3.4425134658813476562 1.0107098817825317383 1.4003193378448486328 1.9354819059371948242 2.66335296630859375 5.086635589599609375 6.8762311935424804688 8.6914987564086914062 11.360096931457519531 9.402408599853515625 4.0664353370666503906 0.39870220422744750977 4.0879888534545898438 8.5668544769287109375 9.1763134002685546875 7.9221978187561035156 6.8601198196411132812 5.5808911323547363281 0.91113811731338500977 2.3534743785858154297 4.4389863014221191406 5.6529889106750488281 5.7662248611450195312 4.4358029365539550781 4.2862887382507324219
4.9251074790954589844 3.7672097682952880859 4.3868498802185058594 5.4839377403259277344 3.5602428913116455078 1.1276403665542602539 2.0146543979644775391 2.8644034862518310547 2.8395731449127197266 2.3412034511566162109 2.831020355224609375 0.60456281900405883789 3.9565503597259521484 7.6109342575073242188 8.2452297210693359375 6.0703601837158203125 5.3968944549560546875 5.5267634391784667969 5.5053987503051757812 6.2657060623168945312 8.0027971267700195312 8.8405675888061523438 9.3702859878540039062 8.3462915420532226562 5.8557405471801757812 3.7912473678588867188 7.3848867416381835938 10.283699989318847656 10.9675750732421875 7.3395586013793945312 4.9906830787658691406 4.5099282264709472656 3.2946019172668457031 1.7151095867156982422 1.342372894287109375 1.6012766361236572266 0.67498558759689331055 0.87543445825576782227 2.3359937667846679688 1.9735288619995117188
5.4901900291442871094 4.6097350120544433594 4.4941225051879882812 4.3521914482116699219 3.1903281211853027344 2.7016329765319824219 1.6338297128677368164 1.972777247428894043 3.44559478759765625 3.5371942520141601562 2.5484702587127685547 6.8054294586181640625 11.227336883544921875 12.643841743469238281 10.77527618408203125 9.058879852294921875 8.7828626632690429688 8.522815704345703125 8.6067323684692382812 9.499874114990234375 10.365369796752929688 8.9688358306884765625 6.2664303779602050781 3.1578581333160400391 3.2722840309143066406 6.7131834030151367188 9.5250635147094726562 9.4068012237548828125 6.373382568359375 1.9425320625305175781 0.31979045271873474121 1.0883606672286987305 0.90051621198654174805 0.27000537514686584473 0.60540062189102172852 0.92329269647598266602 0.1622438281774520874 0.7961108088493347168 0.38316312432289123535 2.460224151611328125
4.9760389328002929688 4.2735686302185058594 4.4389867782592773438 3.4911780357360839844 2.2836759090423583984 1.7124716043472290039 2.4993824958801269531 3.4597849845886230469 4.5765657424926757812 4.4143891334533691406 8.3534984588623046875 13.133381843566894531 14.209484100341796875 11.848184585571289062 8.3721513748168945312 6.6385684013366699219 6.6003088951110839844 6.8702993392944335938 7.6180377006530761719 8.0906209945678710938 7.2849392890930175781 4.5464687347412109375 1.1888291835784912109 2.1466653347015380859 4.9761338233947753906 7.574268341064453125 7.8765821456909179688 4.9056963920593261719 0.61206567287445068359 1.5354520082473754883 0.48150941729545593262 1.2671272754669189453 0.82727229595184326172 0.45558369159698486328 0.3831641077995300293 0.85614198446273803711 0.62999552488327026367 1.0818082094192504883 2.8116579055786132812 4.7520742416381835938
5.4293818473815917969 4.4307875633239746094 3.9799523353576660156 3.1366488933563232422 1.5377740859985351562 1.5599761009216308594 3.6816287040710449219 4.9397077560424804688 7.4333038330078125 8.6818990707397460938 9.9897441864013671875 10.615865707397460938 8.203273773193359375 5.7188673019409179688 3.7222745418548583984 2.3299503326416015625 2.416492462158203125 2.981845855712890625 3.4151139259338378906 2.6768181324005126953 1.9500678777694702148 0.92274492979049682617 2.1374464035034179688 3.3433363437652587891 4.8963460922241210938 5.142608642578125 2.6775660514831542969 0.69785177707672119141 2.0559029579162597656 1.1824207305908203125 0.96771913766860961914 1.2534754276275634766 0.98276877403259277344 1.7221757173538208008 1.867371678352355957 2.3983945846557617188 1.9425216913223266602 3.1591248512268066406 4.2877182960510253906 4.4284214973449707031
4.7520871162414550781 2.6618316173553466797 1.8551334142684936523 2.9583477973937988281 3.2761425971984863281 4.2030558586120605469 4.794345855712890625 5.9485139846801757812 8.4153184890747070312 9.4028234481811523438 7.8653025627136230469 6.2416338920593261719 4.5880041122436523438 2.2280645370483398438 0.73252904415130615234 0.33220124244689941406 1.3080190420150756836 2.1633310317993164062 2.8821737766265869141 3.2715091705322265625 3.8687891960144042969 4.4385409355163574219 3.7548530101776123047 3.4068050384521484375 3.3910493850708007812 2.0803558826446533203 2.6633574962615966797 2.0620350837707519531 0.64427512884140014648 0.29336386919021606445 0.92766797542572021484 1.9969849586486816406 2.2962665557861328125 1.8090145587921142578 1.3153368234634399414 1.7955242395401000977 2.1381478309631347656 2.9506587982177734375 2.1858990192413330078 1.9840258359909057617
2.6420032978057861328 3.1326169967651367188 4.2290320396423339844 5.9446992874145507812 6.1383538246154785156 5.4296555519104003906 5.7150163650512695312 4.9057145118713378906 3.8719232082366943359 4.2682332992553710938 4.5785307884216308594 3.7736444473266601562 3.5497419834136962891 1.0152013301849365234 0.25456359982490539551 0.644287109375 0.83519691228866577148 0.99098730087280273438 2.7386183738708496094 3.1302020549774169922 2.880428314208984375 2.7293694019317626953 1.9860589504241943359 1.4416146278381347656 2.0234224796295166016 2.7105898857116699219 3.4420654773712158203 2.7106010913848876953 0.51406067609786987305 0.74554085731506347656 1.1668959856033325195 1.9352257251739501953 2.6318502426147460938 2.7689106464385986328 2.3620629310607910156 1.757098078727722168 1.4462065696716308594 1.4666945934295654297 2.2425401210784912109 3.6805248260498046875
3.5577123165130615234 5.1276073455810546875 6.0191674232482910156 6.3446807861328125 6.6975951194763183594 6.3853659629821777344 5.3297219276428222656 2.9353559017181396484 1.7570813894271850586 1.8477382659912109375 2.2070760726928710938 3.7415163516998291016 3.5004363059997558594 2.0740323066711425781 2.6179699897766113281 2.4195954799652099609 1.5959062576293945312 1.4229010343551635742 0.52669847011566162109 0.68021219968795776367 0.54092437028884887695 0.59186929464340209961 0.98021471500396728516 0.67648285627365112305 1.696125030517578125 2.0776727199554443359 1.6599230766296386719 3.4186480045318603516 2.452838897705078125 2.3646481037139892578 2.1353204250335693359 2.8571608066558837891 3.1429250240325927734 3.1776268482208251953 2.6515576839447021484 2.0798821449279785156 1.0246328115463256836 1.6847399473190307617 3.1066961288452148438 4.3877711296081542969
3.981868743896484375 4.7269563674926757812 5.0589079856872558594 4.5633096694946289062 4.33687591552734375 3.4019217491149902344 3.1578416824340820312 3.1089608669281005859 2.8790063858032226562 2.5753166675567626953 2.7822062969207763672 3.0594809055328369141 2.8372678756713867188 3.1443843841552734375 2.5768985748291015625 1.8389743566513061523 2.3399040699005126953 2.2863242626190185547 2.1229603290557861328 1.3566359281539916992 1.2869390249252319336 0.80496990680694580078 0.88238757848739624023 1.1981550455093383789 1.8353976011276245117 1.6994206905364990234 1.4289451837539672852 2.1544177532196044922 1.530506134033203125 2.0647339820861816406 3.3004171848297119141 4.2131366729736328125 3.3334913253784179688 2.9396736621856689453 2.9071545600891113281 3.0325996875762939453 2.9325909614562988281 3.0657625198364257812 3.4044559001922607422 3.9118874073028564453
3.4526159763336181641 2.56568145751953125 2.6873648166656494141 2.5050508975982666016 2.9396567344665527344 2.9955303668975830078 4.2168331146240234375 4.3225245475769042969 4.0133113861083984375 3.1269679069519042969 2.3074765205383300781 2.4774339199066162109 2.8972306251525878906 2.3225419521331787109 1.6520060300827026367 0.9358227849006652832 2.0922510623931884766 2.7327098846435546875 2.7703690528869628906 2.6477518081665039062 2.0326578617095947266 1.0112252235412597656 0.97607386112213134766 2.2549233436584472656 1.6437044143676757812 1.5534883737564086914 2.334278106689453125 2.8672227859497070312 2.8138232231140136719 2.9600415229797363281 3.3170604705810546875 3.3255941867828369141 2.7217524051666259766 2.6404757499694824219 2.8881282806396484375 2.7195382118225097656 3.1687197685241699219 3.2237446308135986328 3.6655364036560058594 4.3876452445983886719
2.2863390445709228516 2.023410797119140625 2.2696995735168457031 1.9679095745086669922 3.0789241790771484375 4.3846631050109863281 4.0955090522766113281 2.9291594028472900391 4.0193562507629394531 5.3111662864685058594 3.8901472091674804688 2.9087047576904296875 2.9076797962188720703 1.2095016241073608398 2.1229677200317382812 1.8137581348419189453 0.65597522258758544922 2.3912291526794433594 3.6039755344390869141 2.056133270263671875 1.1943277120590209961 2.003299713134765625 2.2940449714660644531 2.8804168701171875 1.8619350194931030273 1.9155126810073852539 2.7239894866943359375 3.9828879833221435547 3.9828898906707763672 2.9265646934509277344 2.5329654216766357422 1.8781871795654296875 1.326079249382019043 1.7708498239517211914 2.4279465675354003906 2.0083494186401367188 3.0197405815124511719 3.1946108341217041016 3.2124266624450683594 4.0359039306640625
2.88831329345703125 3.1490345001220703125 3.4618246555328369141 3.2728910446166992188 3.4422099590301513672 3.3996734619140625 2.999584197998046875 2.672847747802734375 2.0443093776702880859 2.7588515281677246094 4.6282949447631835938 2.2155427932739257812 1.6702836751937866211 0.41367009282112121582 0.80495840311050415039 2.3221156597137451172 2.8324496746063232422 3.0879206657409667969 3.3492131233215332031 3.6851861476898193359 4.0184636116027832031 4.5862488746643066406 4.1596016883850097656 2.8369078636169433594 2.4078643321990966797 2.5195348262786865234 2.7008805274963378906 3.2025129795074462891 3.8068146705627441406 3.4868526458740234375 2.8804442882537841797 1.7151345014572143555 1.0422778129577636719 1.2667326927185058594 2.454677581787109375 2.1893520355224609375 2.4774339199066162109 2.2479648590087890625 3.4120061397552490234 4.5146403312683105469
3.8278450965881347656 4.3813257217407226562 4.7515506744384765625 4.5980014801025390625 4.40933990478515625 4.0473952293395996094 4.0128159523010253906 4.9760236740112304688 2.2155504226684570312 2.4114327430725097656 3.0800671577453613281 1.3241554498672485352 2.182201385498046875 2.4937176704406738281 2.9600415229797363281 3.4858183860778808594 4.0071477890014648438 3.2736837863922119141 3.8927426338195800781 5.6977181434631347656 5.6423048973083496094 4.2627053260803222656 3.5781130790710449219 3.3840398788452148438 3.3841867446899414062 2.9772396087646484375 2.8326241970062255859 2.5753223896026611328 2.8468835353851318359 3.6957342624664306641 3.3152327537536621094 2.6950485706329345703 2.3301458358764648438 2.2063841819763183594 2.7774791717529296875 2.3170943260192871094 1.7613898515701293945 2.0482554435729980469 4.1118721961975097656 4.7453951835632324219
