wildfire/work/fuelmodels/1722/ahn1.asc
ncols        67
nrows        76
xllcorner    179915.000000000000
yllcorner    312580.000000000000
cellsize     5.000000000000
NODATA_value   -999
[rows 0 to 18 of 76, columns 0 to 41 of 67]
94.94000244140625 95.51999664306640625 95.98000335693359375 96.48999786376953125 96.9199981689453125 97.410003662109375 98.23999786376953125 99.37999725341796875 101.30999755859375 101.529998779296875 101.5800018310546875 103.089996337890625 104.29000091552734375 105.06999969482421875 106.12000274658203125 107.3899993896484375 108.68000030517578125 109.76000213623046875 110.51999664306640625 111.6699981689453125 112.73999786376953125 112.73999786376953125 113.1699981689453125 113.40000152587890625 113.5500030517578125 113.6399993896484375 113.9199981689453125 113.98999786376953125 114.1699981689453125 114.4199981689453125 114.40000152587890625 114.6699981689453125 114.98999786376953125 114.6699981689453125 115.339996337890625 117.779998779296875 119.6699981689453125 119.720001220703125 122.6399993896484375 122.70999908447265625 122.79000091552734375 123
94.73999786376953125 95.220001220703125 95.839996337890625 96.18000030517578125 96.6399993896484375 97.18000030517578125 97.94000244140625 99.160003662109375 99.48999786376953125 101.3300018310546875 101.43000030517578125 102.90000152587890625 104.12999725341796875 104.8600006103515625 105.76000213623046875 106.9499969482421875 108.01000213623046875 108.6699981689453125 109.51999664306640625 111.6999969482421875 109.54000091552734375 106.29000091552734375 106.19000244140625 112.470001220703125 113.45999908447265625 113.51999664306640625 113.8300018310546875 113.8000030517578125 114.05999755859375 114.220001220703125 114.37999725341796875 114.76000213623046875 114.6399993896484375 115.05999755859375 115.1699981689453125 116.87000274658203125 119.45999908447265625 121.160003662109375 122.5800018310546875 122.68000030517578125 122.79000091552734375 123.0500030517578125
94.44000244140625 95.029998779296875 95.51000213623046875 95.6399993896484375 96.3600006103515625 97.01000213623046875 97.81999969482421875 99.029998779296875 100.6699981689453125 101.01000213623046875 101.20999908447265625 102.6399993896484375 103.839996337890625 104.48000335693359375 105.48999786376953125 106.3899993896484375 106.8899993896484375 107.76000213623046875 108.51999664306640625 107.410003662109375 106.65000152587890625 106.45999908447265625 107.26000213623046875 110.5 113.51000213623046875 113.54000091552734375 113.59999847412109375 113.6699981689453125 113.90000152587890625 114.8300018310546875 114.8000030517578125 114.93000030517578125 115.25 115.98999786376953125 116.12999725341796875 117.01999664306640625 117.8899993896484375 119.62999725341796875 120.589996337890625 121.8600006103515625 122.18000030517578125 122.34999847412109375
94.3000030517578125 94.75 95.4199981689453125 95.4199981689453125 96.3600006103515625 97 97.87999725341796875 98.80999755859375 100.15000152587890625 100.90000152587890625 100.98000335693359375 102.339996337890625 103.3899993896484375 103.839996337890625 104.6399993896484375 105.48999786376953125 106.089996337890625 106.45999908447265625 106.55999755859375 107.0800018310546875 107.3000030517578125 108.12999725341796875 109 109.6999969482421875 112.95999908447265625 112.79000091552734375 112.98000335693359375 113.40000152587890625 113.84999847412109375 114.26999664306640625 114.73999786376953125 115.3000030517578125 115.62000274658203125 116.48999786376953125 116.6999969482421875 117.339996337890625 117.6999969482421875 118.34999847412109375 118.95999908447265625 119.34999847412109375 119.98999786376953125 120.56999969482421875
93.98999786376953125 94.54000091552734375 94.9199981689453125 95.529998779296875 96.26999664306640625 96.8899993896484375 97.410003662109375 98.6699981689453125 99.29000091552734375 99.65000152587890625 100.43000030517578125 101.26999664306640625 102.1699981689453125 102.75 103.3899993896484375 104.20999908447265625 104.779998779296875 105.8899993896484375 106.23000335693359375 106.95999908447265625 107.68000030517578125 108.68000030517578125 109.3899993896484375 110.09999847412109375 111.4199981689453125 111.93000030517578125 112.8300018310546875 113.37999725341796875 113.839996337890625 114.29000091552734375 114.98999786376953125 115.29000091552734375 115.75 116.160003662109375 116.660003662109375 117.18000030517578125 117.660003662109375 118.09999847412109375 118.529998779296875 118.839996337890625 119.23999786376953125 120.3300018310546875
93.55999755859375 94.029998779296875 94.8000030517578125 95.31999969482421875 95.76000213623046875 96.31999969482421875 97.1100006103515625 97.839996337890625 99.69000244140625 100.18000030517578125 100.5800018310546875 101 101.98000335693359375 102.65000152587890625 103.6699981689453125 104.529998779296875 105.44000244140625 106.029998779296875 106.8000030517578125 107.1999969482421875 108.0500030517578125 109.04000091552734375 110.339996337890625 112.1699981689453125 113.23000335693359375 113.54000091552734375 113.6699981689453125 113.9499969482421875 114.029998779296875 114.6999969482421875 115.51999664306640625 116.09999847412109375 116.089996337890625 116.23000335693359375 116.73999786376953125 117.23000335693359375 117.529998779296875 118.04000091552734375 118.23999786376953125 118.20999908447265625 118.31999969482421875 119.12999725341796875
93.4199981689453125 93.9199981689453125 94.529998779296875 95.01999664306640625 95.54000091552734375 96.029998779296875 96.589996337890625 97.44000244140625 98.3000030517578125 100.09999847412109375 100.1399993896484375 100.69000244140625 101.220001220703125 102.0800018310546875 103.20999908447265625 104.54000091552734375 105.54000091552734375 106.15000152587890625 106.59999847412109375 107.23999786376953125 108.0500030517578125 108.98999786376953125 110.1399993896484375 111.87999725341796875 113.3300018310546875 113.62999725341796875 113.54000091552734375 114.04000091552734375 115.029998779296875 115.04000091552734375 116.6399993896484375 117.1399993896484375 118.1999969482421875 118.26999664306640625 118.3000030517578125 118.01000213623046875 119.5800018310546875 119.910003662109375 119.56999969482421875 119.5500030517578125 120.23000335693359375 120.84999847412109375
93.220001220703125 93.70999908447265625 94.279998779296875 94.76999664306640625 95.279998779296875 95.87000274658203125 96.3600006103515625 96.87999725341796875 97.95999908447265625 99.779998779296875 99.779998779296875 100.1699981689453125 100.6699981689453125 101.6999969482421875 102.59999847412109375 104.279998779296875 105.30999755859375 106.1399993896484375 106.6999969482421875 107.279998779296875 107.87999725341796875 108.73000335693359375 109.8600006103515625 111.6999969482421875 112.9199981689453125 113.089996337890625 113.87000274658203125 115.54000091552734375 116.1399993896484375 116.720001220703125 117.8899993896484375 119.62000274658203125 119.8899993896484375 120.01999664306640625 120.45999908447265625 120.5800018310546875 121.59999847412109375 121.720001220703125 122.160003662109375 122.3600006103515625 122.65000152587890625 122.6100006103515625
92.9199981689453125 93.51999664306640625 94 94.51000213623046875 95.029998779296875 95.6100006103515625 96.01999664306640625 96.4499969482421875 97.62999725341796875 99.48999786376953125 99.4199981689453125 99.779998779296875 100.160003662109375 101.29000091552734375 102.06999969482421875 103.51000213623046875 104.87000274658203125 106.12000274658203125 106.73999786376953125 107.19000244140625 107.70999908447265625 108.589996337890625 109.9499969482421875 111.54000091552734375 112.80999755859375 113.6100006103515625 114.720001220703125 116.220001220703125 116.76999664306640625 117.68000030517578125 118.51999664306640625 119.3899993896484375 119.9199981689453125 120.23000335693359375 119.9199981689453125 120.34999847412109375 121.55999755859375 122.01000213623046875 122.23000335693359375 122.45999908447265625 122.660003662109375 122.76999664306640625
92.68000030517578125 93.1699981689453125 93.6699981689453125 94.19000244140625 94.80999755859375 95.20999908447265625 95.70999908447265625 96.01999664306640625 97.1399993896484375 98.8300018310546875 99.089996337890625 99.3600006103515625 99.839996337890625 100.73999786376953125 101.4199981689453125 103.029998779296875 104.51999664306640625 105.68000030517578125 106.5 107.1699981689453125 107.79000091552734375 109.12000274658203125 110.410003662109375 111.51000213623046875 112.79000091552734375 113.98000335693359375 115.029998779296875 115.589996337890625 117.20999908447265625 118.19000244140625 119.06999969482421875 119.839996337890625 120.30999755859375 120.6999969482421875 120.48999786376953125 120.69000244140625 121.4199981689453125 121.98000335693359375 122.26000213623046875 122.48999786376953125 122.62000274658203125 122.81999969482421875
92.40000152587890625 92.80999755859375 93.23999786376953125 93.95999908447265625 94.339996337890625 94.84999847412109375 95.1999969482421875 95.75 97.0500030517578125 98.62000274658203125 98.76999664306640625 98.98999786376953125 99.3899993896484375 100.29000091552734375 100.9499969482421875 102.68000030517578125 104.18000030517578125 105.25 106.220001220703125 107 107.80999755859375 108.8300018310546875 110.1399993896484375 111.44000244140625 112.76999664306640625 113.9199981689453125 114.79000091552734375 116.12000274658203125 117.3600006103515625 118.54000091552734375 119.29000091552734375 120.0500030517578125 120.529998779296875 121 121.3600006103515625 121.43000030517578125 121.73999786376953125 122.09999847412109375 122.3300018310546875 122.43000030517578125 122.660003662109375 122.76999664306640625
91.95999908447265625 92.48000335693359375 92.910003662109375 93.51999664306640625 93.9199981689453125 94.48999786376953125 94.75 95.3300018310546875 96.3000030517578125 98.3000030517578125 98.51999664306640625 98.62000274658203125 98.9199981689453125 99.69000244140625 100.410003662109375 101.81999969482421875 103.43000030517578125 104.62000274658203125 106 106.75 107.59999847412109375 108.529998779296875 110.029998779296875 111.26000213623046875 112.6399993896484375 113.81999969482421875 114.970001220703125 116.29000091552734375 117.45999908447265625 118.62000274658203125 119.51000213623046875 120.18000030517578125 120.69000244140625 121.1999969482421875 121.5500030517578125 121.779998779296875 122.029998779296875 122.089996337890625 122.31999969482421875 122.3899993896484375 122.54000091552734375 122.73000335693359375
91.73000335693359375 92.1100006103515625 92.68000030517578125 93.18000030517578125 93.62999725341796875 94.0800018310546875 94.40000152587890625 94.8300018310546875 96.470001220703125 97.48000335693359375 98.1100006103515625 98.23999786376953125 98.4499969482421875 99.279998779296875 100.05999755859375 101.23999786376953125 103.06999969482421875 104.23000335693359375 105.5 106.37000274658203125 107.15000152587890625 108.01000213623046875 109.220001220703125 110.84999847412109375 111.970001220703125 113.51000213623046875 115.26999664306640625 116.6100006103515625 117.26000213623046875 118.09999847412109375 119.6999969482421875 120.31999969482421875 120.8899993896484375 121.3000030517578125 121.62000274658203125 121.839996337890625 122.029998779296875 122.1100006103515625 122.339996337890625 122.44000244140625 122.5800018310546875 122.660003662109375
91.30999755859375 91.80999755859375 92.30999755859375 92.76999664306640625 93.12999725341796875 93.62000274658203125 94.12000274658203125 94.529998779296875 95.31999969482421875 97.48000335693359375 97.8300018310546875 97.95999908447265625 98.06999969482421875 98.910003662109375 99.69000244140625 100.31999969482421875 102.20999908447265625 103.51999664306640625 104.73000335693359375 105.87000274658203125 106.8600006103515625 107.69000244140625 108.56999969482421875 109.779998779296875 112.09999847412109375 113.55999755859375 115.1999969482421875 116.6999969482421875 117.589996337890625 117.62000274658203125 118.75 120.3899993896484375 120.8000030517578125 121.26999664306640625 121.51999664306640625 121.79000091552734375 121.90000152587890625 122.09999847412109375 122.29000091552734375 122.30999755859375 122.4199981689453125 122.48999786376953125
91.09999847412109375 91.4199981689453125 91.94000244140625 92.339996337890625 92.9499969482421875 93.279998779296875 93.79000091552734375 94.12999725341796875 95.05999755859375 96.8600006103515625 97.40000152587890625 97.51999664306640625 97.779998779296875 98.4199981689453125 99.31999969482421875 99.8000030517578125 101.51000213623046875 102.68000030517578125 103.8000030517578125 105.04000091552734375 106.59999847412109375 107.59999847412109375 108.6699981689453125 110.589996337890625 112.04000091552734375 113.62000274658203125 115.09999847412109375 116.56999969482421875 117.62000274658203125 118.37999725341796875 119.4499969482421875 120.23000335693359375 120.779998779296875 121.12000274658203125 121.3899993896484375 121.660003662109375 121.79000091552734375 122.01000213623046875 122.15000152587890625 122.1699981689453125 122.279998779296875 122.31999969482421875
90.660003662109375 91.160003662109375 91.68000030517578125 92.04000091552734375 92.62000274658203125 92.970001220703125 93.45999908447265625 93.90000152587890625 95.3600006103515625 96.8600006103515625 97.029998779296875 97.20999908447265625 97.3600006103515625 98.01000213623046875 98.93000030517578125 99.59999847412109375 101.34999847412109375 102.56999969482421875 103.720001220703125 104.73000335693359375 106.410003662109375 107.5500030517578125 108.84999847412109375 110.87999725341796875 112.410003662109375 113.40000152587890625 115.19000244140625 116.48000335693359375 117.6999969482421875 118.62000274658203125 119.51999664306640625 120.15000152587890625 120.6999969482421875 121.089996337890625 121.3300018310546875 121.5 121.73000335693359375 121.839996337890625 121.90000152587890625 122.04000091552734375 122.06999969482421875 122.29000091552734375
90.3000030517578125 90.6999969482421875 91.30999755859375 91.720001220703125 92.25 92.62999725341796875 93.06999969482421875 93.68000030517578125 94.87999725341796875 95.79000091552734375 96.59999847412109375 97.01000213623046875 97.1699981689453125 97.660003662109375 98.5800018310546875 99.4199981689453125 101.1399993896484375 102.51999664306640625 103.84999847412109375 104.6100006103515625 105.75 107.6399993896484375 109.48999786376953125 111.0500030517578125 112.37999725341796875 113.4199981689453125 115.01999664306640625 116.59999847412109375 117.80999755859375 118.779998779296875 119.65000152587890625 120.34999847412109375 120.8300018310546875 121.1399993896484375 121.220001220703125 121.31999969482421875 121.54000091552734375 121.48000335693359375 121.62999725341796875 121.73000335693359375 121.8000030517578125 121.9199981689453125
89.98000335693359375 90.44000244140625 90.910003662109375 91.37999725341796875 91.8600006103515625 92.3300018310546875 92.8600006103515625 93.25 94.529998779296875 94.98000335693359375 96.23000335693359375 96.5800018310546875 96.9199981689453125 97.339996337890625 98.26000213623046875 99.220001220703125 101.01000213623046875 102.3600006103515625 103.6699981689453125 105.04000091552734375 106.26999664306640625 107.720001220703125 109.59999847412109375 110.839996337890625 112.09999847412109375 113.26999664306640625 115.01000213623046875 116.470001220703125 117.8300018310546875 118.81999969482421875 119.62000274658203125 120.339996337890625 120.9499969482421875 121.19000244140625 121.1100006103515625 121.15000152587890625 121.20999908447265625 121.26999664306640625 121.37000274658203125 121.4499969482421875 121.5800018310546875 121.76000213623046875
89.68000030517578125 90.279998779296875 90.6100006103515625 91.12000274658203125 91.51000213623046875 92.12999725341796875 92.51000213623046875 92.839996337890625 93.95999908447265625 95.62000274658203125 95.95999908447265625 96.20999908447265625 96.40000152587890625 96.98000335693359375 97.93000030517578125 98.87999725341796875 100.73999786376953125 102.339996337890625 103.6100006103515625 105.12999725341796875 106.5500030517578125 107.6999969482421875 109.4499969482421875 110.80999755859375 111.6399993896484375 112.9499969482421875 114.589996337890625 116.1999969482421875 117.54000091552734375 118.6399993896484375 119.44000244140625 120.20999908447265625 120.62999725341796875 120.9199981689453125 120.93000030517578125 120.8899993896484375 120.8899993896484375 121 121.089996337890625 121.1999969482421875 121.3600006103515625 121.51999664306640625
