wildfire/work/fuelmodels/1722/ahn1.asc
ncols        67
nrows        76
xllcorner    179915.000000000000
yllcorner    312580.000000000000
cellsize     5.000000000000
NODATA_value   -999
[rows 38 to 56 of 76, columns 0 to 41 of 67]
82.51000213623046875 82.8899993896484375 83.339996337890625 83.73000335693359375 84.26999664306640625 84.62999725341796875 85.0500030517578125 85.3300018310546875 85.220001220703125 84.81999969482421875 86.0800018310546875 86.43000030517578125 86.87999725341796875 87.3300018310546875 87.8300018310546875 88.51000213623046875 89.01999664306640625 89.839996337890625 91.65000152587890625 93.51999664306640625 95.01000213623046875 96.6100006103515625 99.160003662109375 101.51000213623046875 103.470001220703125 105.04000091552734375 106.62000274658203125 108.1699981689453125 109.6999969482421875 110.80999755859375 112.23000335693359375 113.51000213623046875 115.220001220703125 116.8000030517578125 118.5 119.4199981689453125 120.279998779296875 120.87000274658203125 121.12999725341796875 121.23999786376953125 121.3600006103515625 121.37999725341796875
82.0500030517578125 82.37999725341796875 82.9499969482421875 83.3000030517578125 83.720001220703125 84.06999969482421875 84.6399993896484375 84.910003662109375 84.3300018310546875 84.37000274658203125 85.6399993896484375 85.98999786376953125 86.1100006103515625 86.6100006103515625 87.37999725341796875 87.59999847412109375 88.20999908447265625 89.660003662109375 91.87000274658203125 93.94000244140625 95.339996337890625 97.06999969482421875 99.01000213623046875 101.62000274658203125 103.80999755859375 104.90000152587890625 106.1100006103515625 107.9199981689453125 109.45999908447265625 110.79000091552734375 112.01000213623046875 112.9499969482421875 115.029998779296875 116.5 117.76000213623046875 119.26999664306640625 120.15000152587890625 120.79000091552734375 121.1399993896484375 121.339996337890625 121.410003662109375 121.37999725341796875
81.55999755859375 81.94000244140625 82.4499969482421875 82.73000335693359375 83.20999908447265625 83.5800018310546875 83.970001220703125 84.089996337890625 84 83.9199981689453125 85.3300018310546875 85.3000030517578125 85.62999725341796875 86.12999725341796875 86.589996337890625 86.6100006103515625 87.6999969482421875 89.81999969482421875 92.37000274658203125 94.160003662109375 95.12999725341796875 97.43000030517578125 99.30999755859375 101.5500030517578125 103.70999908447265625 104.68000030517578125 105.8899993896484375 107.55999755859375 109.1999969482421875 110.51000213623046875 111.80999755859375 112.779998779296875 114.589996337890625 116.1399993896484375 117.76999664306640625 119 119.98000335693359375 120.68000030517578125 121.09999847412109375 121.34999847412109375 121.43000030517578125 121.48000335693359375
81.01000213623046875 81.44000244140625 81.80999755859375 82.09999847412109375 82.55999755859375 82.93000030517578125 83.37999725341796875 83.26999664306640625 83.1399993896484375 83.529998779296875 84.54000091552734375 84.93000030517578125 85.25 85.51999664306640625 85.48999786376953125 85.9199981689453125 87.48000335693359375 89.94000244140625 92.23000335693359375 94.25 95.87000274658203125 97.26999664306640625 99.20999908447265625 101.25 103.220001220703125 104.56999969482421875 105.8600006103515625 107.220001220703125 108.6699981689453125 109.98999786376953125 111.29000091552734375 112.4199981689453125 113.970001220703125 115.59999847412109375 117.089996337890625 118.48999786376953125 119.5800018310546875 120.40000152587890625 120.9199981689453125 121.23999786376953125 121.3000030517578125 121.3300018310546875
80.3300018310546875 80.69000244140625 81.0500030517578125 81.3899993896484375 81.6699981689453125 81.93000030517578125 82.26999664306640625 82.5500030517578125 82.70999908447265625 82.70999908447265625 83.5500030517578125 84.0500030517578125 84.40000152587890625 84.4199981689453125 84.5500030517578125 85.48999786376953125 87.6100006103515625 89.8300018310546875 92.1399993896484375 93.98999786376953125 95.69000244140625 97.15000152587890625 98.6399993896484375 100.43000030517578125 102.220001220703125 103.9199981689453125 105.37000274658203125 106.98000335693359375 108.0500030517578125 109.65000152587890625 110.84999847412109375 111.970001220703125 113.25 114.87000274658203125 116.34999847412109375 117.79000091552734375 118.93000030517578125 119.90000152587890625 120.3899993896484375 120.910003662109375 120.970001220703125 121.05999755859375
79.62999725341796875 79.76000213623046875 80.06999969482421875 80.339996337890625 80.93000030517578125 80.839996337890625 81.29000091552734375 81.59999847412109375 81.69000244140625 81.90000152587890625 82.25 82.84999847412109375 83.20999908447265625 83.3300018310546875 83.69000244140625 85.23999786376953125 87.45999908447265625 89.81999969482421875 91.720001220703125 93.51000213623046875 95.19000244140625 96.94000244140625 98.23999786376953125 99.84999847412109375 101.5500030517578125 103.19000244140625 104.73000335693359375 106.3000030517578125 107.720001220703125 109.220001220703125 110.5 111.160003662109375 112.5500030517578125 114 115.3600006103515625 116.80999755859375 117.81999969482421875 118.87000274658203125 119.44000244140625 120.1399993896484375 120.23000335693359375 120.4499969482421875
78.410003662109375 78.6399993896484375 78.84999847412109375 79.1100006103515625 79.26999664306640625 79.69000244140625 80.26999664306640625 80.5 80.8600006103515625 80.98999786376953125 81 81.6999969482421875 82.23000335693359375 82.65000152587890625 83.26000213623046875 84.81999969482421875 87.26999664306640625 89.5 91.25 93.05999755859375 94.69000244140625 96.48000335693359375 97.93000030517578125 99.37000274658203125 101.05999755859375 102.589996337890625 104.15000152587890625 105.80999755859375 107.4499969482421875 108.40000152587890625 109.5 110.54000091552734375 111.8300018310546875 112.80999755859375 113.970001220703125 115.34999847412109375 116.25 117.3899993896484375 118.06999969482421875 118.660003662109375 119.029998779296875 119.51000213623046875
77.76000213623046875 77.93000030517578125 78.12000274658203125 78.48999786376953125 78.56999969482421875 78.910003662109375 79.09999847412109375 79.529998779296875 80.029998779296875 80.089996337890625 80.09999847412109375 80.79000091552734375 81.4499969482421875 82.01000213623046875 82.839996337890625 84.6699981689453125 86.95999908447265625 89.220001220703125 91.029998779296875 92.8899993896484375 94.48000335693359375 95.68000030517578125 97.5 98.98000335693359375 100.48000335693359375 101.95999908447265625 103.4499969482421875 105.12000274658203125 106.69000244140625 107.6999969482421875 108.76000213623046875 109.81999969482421875 110.8000030517578125 111.839996337890625 112.76999664306640625 113.8000030517578125 114.79000091552734375 115.75 116.4499969482421875 117.089996337890625 117.55999755859375 118.12999725341796875
77.029998779296875 77.20999908447265625 77.48000335693359375 77.5800018310546875 77.70999908447265625 78.04000091552734375 78.410003662109375 78.59999847412109375 79.15000152587890625 79.279998779296875 79.48999786376953125 79.8899993896484375 80.84999847412109375 81.26000213623046875 82.5500030517578125 84.470001220703125 86.720001220703125 88.95999908447265625 90.70999908447265625 92.20999908447265625 93.98000335693359375 95.3000030517578125 96.8600006103515625 98.3000030517578125 99.779998779296875 101.12000274658203125 102.660003662109375 104.1399993896484375 105.80999755859375 106.8600006103515625 108.05999755859375 109.160003662109375 109.910003662109375 110.8600006103515625 111.76999664306640625 112.54000091552734375 113.3899993896484375 114.220001220703125 114.87999725341796875 115.410003662109375 115.98000335693359375 116.529998779296875
76.44000244140625 76.62999725341796875 76.8899993896484375 76.9499969482421875 77.160003662109375 77.5 77.68000030517578125 77.76999664306640625 78.1999969482421875 78.720001220703125 78.73999786376953125 79.18000030517578125 80.029998779296875 80.6999969482421875 82.160003662109375 84.160003662109375 86.65000152587890625 88.26000213623046875 90.19000244140625 91.45999908447265625 93.160003662109375 94.62999725341796875 96.20999908447265625 97.43000030517578125 98.8300018310546875 100.160003662109375 101.6999969482421875 103.23000335693359375 104.76999664306640625 105.80999755859375 107.04000091552734375 108.51000213623046875 109.1999969482421875 109.839996337890625 110.81999969482421875 111.4199981689453125 112.029998779296875 112.62999725341796875 113.1999969482421875 113.5800018310546875 114.44000244140625 114.84999847412109375
75.90000152587890625 76.0800018310546875 76.23999786376953125 76.30999755859375 76.59999847412109375 76.839996337890625 77.029998779296875 77.20999908447265625 77.6699981689453125 77.98000335693359375 77.98999786376953125 78.65000152587890625 79.3600006103515625 80.0800018310546875 82.160003662109375 84.01999664306640625 86.18000030517578125 87.8600006103515625 89.37000274658203125 91.1100006103515625 92.65000152587890625 94.1399993896484375 95.70999908447265625 96.8899993896484375 98.15000152587890625 99.48999786376953125 100.87000274658203125 102.3600006103515625 103.81999969482421875 104.87000274658203125 105.87000274658203125 107.18000030517578125 108.44000244140625 108.8000030517578125 109.59999847412109375 110.220001220703125 110.84999847412109375 111.23000335693359375 111.660003662109375 112.15000152587890625 112.93000030517578125 113.279998779296875
75.44000244140625 75.56999969482421875 75.660003662109375 75.81999969482421875 76.06999969482421875 76.34999847412109375 76.45999908447265625 76.6399993896484375 77.26999664306640625 77.48000335693359375 77.44000244140625 77.8600006103515625 78.660003662109375 79.65000152587890625 81.56999969482421875 84.34999847412109375 85.37000274658203125 87.19000244140625 88.9499969482421875 90.55999755859375 91.94000244140625 93.31999969482421875 94.6999969482421875 96.05999755859375 97.29000091552734375 98.68000030517578125 99.94000244140625 101.26999664306640625 102.37000274658203125 103.45999908447265625 104.6100006103515625 105.8899993896484375 106.94000244140625 107.76999664306640625 108.29000091552734375 108.76999664306640625 109.529998779296875 110.160003662109375 110.589996337890625 110.9499969482421875 111.4199981689453125 111.90000152587890625
75.05999755859375 75.12000274658203125 75.25 75.44000244140625 75.55999755859375 75.8600006103515625 76.0500030517578125 76.3300018310546875 76.79000091552734375 76.95999908447265625 76.98999786376953125 77.29000091552734375 77.87000274658203125 78.98000335693359375 81.30999755859375 82.779998779296875 84.93000030517578125 86.48999786376953125 88.1100006103515625 89.68000030517578125 91.01999664306640625 92.55999755859375 93.8000030517578125 95.1399993896484375 96.25 97.54000091552734375 98.76000213623046875 100.04000091552734375 101.15000152587890625 102.0800018310546875 103.06999969482421875 104.04000091552734375 105.1100006103515625 106.09999847412109375 106.79000091552734375 107.59999847412109375 108.01000213623046875 108.51999664306640625 109.09999847412109375 109.65000152587890625 110.1100006103515625 110.62999725341796875
74.69000244140625 74.8000030517578125 74.9499969482421875 75.1399993896484375 75.26999664306640625 75.4499969482421875 75.65000152587890625 75.970001220703125 76.43000030517578125 76.45999908447265625 76.62999725341796875 76.8899993896484375 77.1399993896484375 78.37000274658203125 80.23000335693359375 82.3300018310546875 83.98999786376953125 85.6999969482421875 87.1999969482421875 88.62999725341796875 90.06999969482421875 91.51999664306640625 92.73000335693359375 94.089996337890625 95.1999969482421875 96.48999786376953125 97.69000244140625 98.839996337890625 100.01999664306640625 100.75 101.70999908447265625 102.54000091552734375 103.40000152587890625 104.18000030517578125 105.12000274658203125 105.93000030517578125 106.5 107.04000091552734375 107.37000274658203125 108.01000213623046875 108.470001220703125 109.220001220703125
74.4499969482421875 74.56999969482421875 74.6999969482421875 74.9199981689453125 74.98999786376953125 75.220001220703125 75.3899993896484375 75.6699981689453125 75.8899993896484375 76.05999755859375 76.1100006103515625 76.4499969482421875 76.529998779296875 77.4199981689453125 79 81.4499969482421875 83.05999755859375 84.720001220703125 86.0500030517578125 87.5 88.970001220703125 90.3000030517578125 91.54000091552734375 93.01000213623046875 94.1100006103515625 95.279998779296875 96.470001220703125 97.4499969482421875 98.5500030517578125 99.529998779296875 100.3899993896484375 101.18000030517578125 101.8000030517578125 102.5 103.15000152587890625 104.089996337890625 104.59999847412109375 105.279998779296875 105.5 106.1999969482421875 106.56999969482421875 107.30999755859375
74.279998779296875 74.43000030517578125 74.589996337890625 74.76999664306640625 74.87000274658203125 75.0500030517578125 75.3000030517578125 75.51999664306640625 75.79000091552734375 75.95999908447265625 75.87999725341796875 76.01000213623046875 76.05999755859375 76.4499969482421875 77.9199981689453125 79.95999908447265625 81.62000274658203125 83.37999725341796875 84.779998779296875 86.20999908447265625 87.56999969482421875 89.029998779296875 90.3300018310546875 91.62000274658203125 92.779998779296875 93.9199981689453125 95.0800018310546875 95.9499969482421875 96.8899993896484375 97.87999725341796875 98.6399993896484375 99.37999725341796875 99.93000030517578125 100.76999664306640625 101.029998779296875 101.779998779296875 102.470001220703125 103.089996337890625 103.3899993896484375 104.1699981689453125 104.6999969482421875 105.65000152587890625
74.1999969482421875 74.37000274658203125 74.51999664306640625 74.65000152587890625 74.76000213623046875 74.94000244140625 75.23000335693359375 75.30999755859375 75.62999725341796875 75.80999755859375 75.62999725341796875 75.589996337890625 75.80999755859375 76.1100006103515625 77.0500030517578125 78.589996337890625 80.45999908447265625 81.87999725341796875 83.34999847412109375 85.06999969482421875 86.339996337890625 87.720001220703125 88.95999908447265625 90.18000030517578125 91.34999847412109375 92.48999786376953125 93.4199981689453125 94.23999786376953125 95.12000274658203125 96.06999969482421875 97.029998779296875 98.23999786376953125 98.589996337890625 98.98999786376953125 99.20999908447265625 99.8300018310546875 100.339996337890625 100.73999786376953125 101.470001220703125 102.29000091552734375 102.9199981689453125 103.93000030517578125
74.20999908447265625 74.34999847412109375 74.5 74.589996337890625 74.73999786376953125 74.87000274658203125 75.089996337890625 75.26000213623046875 75.5500030517578125 75.68000030517578125 75.62000274658203125 75.6999969482421875 75.8000030517578125 75.910003662109375 76.3899993896484375 77.25 78.94000244140625 80.279998779296875 82.12999725341796875 83.529998779296875 84.8600006103515625 86.160003662109375 87.5800018310546875 88.79000091552734375 89.8899993896484375 90.73000335693359375 91.8600006103515625 92.73000335693359375 93.34999847412109375 94.44000244140625 95.4199981689453125 96.48999786376953125 97.34999847412109375 97.65000152587890625 97.9499969482421875 98.23000335693359375 98.84999847412109375 99.12999725341796875 99.68000030517578125 100.26999664306640625 101.23000335693359375 102.01999664306640625
74.12000274658203125 74.30999755859375 74.34999847412109375 74.529998779296875 74.6999969482421875 74.8600006103515625 74.95999908447265625 75.25 75.55999755859375 75.62000274658203125 75.720001220703125 75.8899993896484375 75.95999908447265625 75.98999786376953125 76.09999847412109375 76.4499969482421875 77.410003662109375 78.69000244140625 80.19000244140625 81.5500030517578125 83 84.26999664306640625 85.76999664306640625 87.12999725341796875 88.12000274658203125 89.15000152587890625 90.09999847412109375 90.94000244140625 91.76000213623046875 92.5800018310546875 93.40000152587890625 94.34999847412109375 95.23999786376953125 95.8300018310546875 96.470001220703125 96.76000213623046875 97.25 97.1699981689453125 97.970001220703125 98.75 99.5800018310546875 100.40000152587890625
