wildfire/work/fuelmodels/1722/ahn1.asc
ncols        67
nrows        76
xllcorner    179915.000000000000
yllcorner    312580.000000000000
cellsize     5.000000000000
NODATA_value   -999
[rows 19 to 37 of 76, columns 0 to 41 of 67]
89.54000091552734375 90.029998779296875 90.48999786376953125 90.9499969482421875 91.37000274658203125 91.93000030517578125 92.29000091552734375 92.69000244140625 93.51999664306640625 95.5 95.73999786376953125 95.84999847412109375 96.1699981689453125 96.6699981689453125 97.589996337890625 98.3600006103515625 100.6999969482421875 102.18000030517578125 103.48000335693359375 105.089996337890625 106.56999969482421875 107.87000274658203125 109.09999847412109375 110.0800018310546875 111.45999908447265625 112.779998779296875 114.1699981689453125 115.839996337890625 117.26000213623046875 118.3899993896484375 119.1699981689453125 119.90000152587890625 120.410003662109375 120.54000091552734375 120.48999786376953125 120.51999664306640625 120.62000274658203125 120.73000335693359375 120.8300018310546875 120.9499969482421875 121.160003662109375 121.3300018310546875
89.23000335693359375 89.660003662109375 90.12999725341796875 90.59999847412109375 91.089996337890625 91.54000091552734375 91.98999786376953125 92.48999786376953125 93.0800018310546875 94.48000335693359375 95.51999664306640625 95.6699981689453125 95.9199981689453125 96.29000091552734375 97.34999847412109375 98.3300018310546875 100.220001220703125 101.54000091552734375 103.279998779296875 104.69000244140625 106.34999847412109375 106.73000335693359375 107.529998779296875 109.45999908447265625 110.98000335693359375 112.30999755859375 113.779998779296875 115.1999969482421875 116.65000152587890625 117.9199981689453125 118.8300018310546875 119.5 119.79000091552734375 119.98999786376953125 120.0800018310546875 120.220001220703125 120.3000030517578125 120.45999908447265625 120.59999847412109375 120.76999664306640625 120.98999786376953125 121.20999908447265625
88.84999847412109375 89.31999969482421875 89.6999969482421875 90.29000091552734375 90.8000030517578125 91.18000030517578125 91.68000030517578125 92.0800018310546875 92.73999786376953125 93.30999755859375 95.29000091552734375 95.37000274658203125 95.660003662109375 95.9499969482421875 97.18000030517578125 97.87999725341796875 99.73000335693359375 101.1699981689453125 102.779998779296875 104.51000213623046875 105.6699981689453125 105.44000244140625 106.20999908447265625 107.279998779296875 109.779998779296875 111.839996337890625 113.0800018310546875 114.51000213623046875 115.8300018310546875 117.18000030517578125 118.1100006103515625 118.8600006103515625 119.160003662109375 119.4499969482421875 119.75 119.87000274658203125 120.089996337890625 120.15000152587890625 120.51999664306640625 120.68000030517578125 120.8300018310546875 120.8300018310546875
88.54000091552734375 88.910003662109375 89.37999725341796875 89.9199981689453125 90.40000152587890625 90.839996337890625 91.31999969482421875 91.6999969482421875 92.40000152587890625 92.970001220703125 94.94000244140625 95.1100006103515625 95.23999786376953125 95.6100006103515625 96.76000213623046875 97.529998779296875 98.8300018310546875 100.8300018310546875 102.29000091552734375 104.0500030517578125 105.0500030517578125 105.220001220703125 105.43000030517578125 106.4499969482421875 108.43000030517578125 111.05999755859375 112.51999664306640625 113.68000030517578125 114.839996337890625 116.089996337890625 117.01000213623046875 117.93000030517578125 118.55999755859375 118.95999908447265625 119.3899993896484375 119.69000244140625 119.9499969482421875 120.15000152587890625 120.3300018310546875 120.48999786376953125 120.68000030517578125 120.84999847412109375
88.12000274658203125 88.51999664306640625 89.05999755859375 89.54000091552734375 90.04000091552734375 90.51000213623046875 91.01999664306640625 91.40000152587890625 91.98000335693359375 92.43000030517578125 94.720001220703125 94.87000274658203125 94.93000030517578125 95.3300018310546875 96.5500030517578125 97.1100006103515625 98.75 100.26999664306640625 101.79000091552734375 103.5 104.76999664306640625 105.160003662109375 105.62000274658203125 106.6699981689453125 108.75 110.01999664306640625 111.95999908447265625 112.87999725341796875 113.80999755859375 115.01000213623046875 115.8300018310546875 116.81999969482421875 117.8000030517578125 118.5500030517578125 119.12999725341796875 119.62999725341796875 119.95999908447265625 120.09999847412109375 120.23000335693359375 120.4199981689453125 120.56999969482421875 120.76000213623046875
87.6399993896484375 88.26999664306640625 88.73000335693359375 89.1999969482421875 89.73000335693359375 90.160003662109375 90.6399993896484375 90.98999786376953125 91.8000030517578125 92.43000030517578125 94.09999847412109375 94.4199981689453125 94.65000152587890625 95 96.06999969482421875 96.94000244140625 98.05999755859375 99.8000030517578125 101.06999969482421875 102.970001220703125 104.160003662109375 105.30999755859375 106.29000091552734375 107.56999969482421875 108.3899993896484375 110.279998779296875 110.80999755859375 111.87999725341796875 112.779998779296875 113.90000152587890625 114.9199981689453125 116.01999664306640625 117.45999908447265625 118.29000091552734375 119.1999969482421875 119.76999664306640625 119.98999786376953125 120.1100006103515625 120.220001220703125 120.26999664306640625 120.48000335693359375 120.779998779296875
87.529998779296875 87.90000152587890625 88.3899993896484375 88.75 89.40000152587890625 89.76999664306640625 90.23999786376953125 90.59999847412109375 91.51000213623046875 92.3899993896484375 93.87999725341796875 94.04000091552734375 94.3600006103515625 94.62999725341796875 95.56999969482421875 96.62999725341796875 97.5500030517578125 99.30999755859375 100.44000244140625 102.29000091552734375 103.25 104.68000030517578125 106.1100006103515625 107.3600006103515625 108.20999908447265625 109.470001220703125 110.1699981689453125 111.1399993896484375 112.1100006103515625 113.23999786376953125 114.410003662109375 115.55999755859375 117.19000244140625 118.1999969482421875 119.1100006103515625 119.839996337890625 120.0800018310546875 120.06999969482421875 120.12000274658203125 120.19000244140625 120.339996337890625 120.470001220703125
87.05999755859375 87.4199981689453125 87.970001220703125 88.48999786376953125 88.98000335693359375 89.4199981689453125 89.80999755859375 90.31999969482421875 91.1699981689453125 92.279998779296875 93.529998779296875 93.73999786376953125 93.9499969482421875 94.19000244140625 95 96.26999664306640625 97.01000213623046875 98.75 100.09999847412109375 101.55999755859375 102.6399993896484375 104.25 105.37999725341796875 105.94000244140625 107.90000152587890625 108.470001220703125 108.43000030517578125 109.44000244140625 110.26999664306640625 112.37999725341796875 113.839996337890625 114.660003662109375 116.529998779296875 117.9499969482421875 118.9199981689453125 119.6399993896484375 119.8899993896484375 119.84999847412109375 119.8600006103515625 119.9199981689453125 120.0500030517578125 120.25
86.6999969482421875 87.15000152587890625 87.6100006103515625 88.160003662109375 88.589996337890625 89.0800018310546875 89.54000091552734375 89.98999786376953125 90.65000152587890625 92.04000091552734375 93.220001220703125 93.4499969482421875 93.45999908447265625 93.70999908447265625 94.529998779296875 95.87999725341796875 96.37000274658203125 98 99.4499969482421875 100.98999786376953125 101.73000335693359375 103.4499969482421875 104.589996337890625 105.3600006103515625 104.9199981689453125 105.089996337890625 104.8300018310546875 105.3300018310546875 107.0800018310546875 109 111.5500030517578125 114.68000030517578125 116.1699981689453125 117.3300018310546875 118.09999847412109375 118.8600006103515625 119.23000335693359375 119.3000030517578125 119.40000152587890625 119.56999969482421875 119.73999786376953125 119.98999786376953125
86.339996337890625 86.80999755859375 87.26999664306640625 87.73999786376953125 88.20999908447265625 88.779998779296875 89.23000335693359375 89.56999969482421875 90.12000274658203125 91.84999847412109375 92.660003662109375 92.839996337890625 92.970001220703125 93.220001220703125 94.0500030517578125 95.1699981689453125 95.98000335693359375 97.76999664306640625 98.95999908447265625 100.220001220703125 101.1999969482421875 102.51999664306640625 103.68000030517578125 103.87000274658203125 104.06999969482421875 102.9199981689453125 102.06999969482421875 102.81999969482421875 104.94000244140625 107.76999664306640625 109.6399993896484375 115.1100006103515625 115.6100006103515625 116.44000244140625 117.19000244140625 117.8300018310546875 118.40000152587890625 118.73000335693359375 119 119.23999786376953125 119.44000244140625 119.6699981689453125
85.98000335693359375 86.5 86.8899993896484375 87.410003662109375 87.84999847412109375 88.4199981689453125 88.87999725341796875 89.1699981689453125 89.76000213623046875 91.01000213623046875 92.3600006103515625 92.3300018310546875 92.5800018310546875 92.79000091552734375 93.26999664306640625 94.5800018310546875 95.529998779296875 96.6100006103515625 98.4199981689453125 99.43000030517578125 100.4199981689453125 101.62999725341796875 102.80999755859375 102.8899993896484375 102.59999847412109375 101.51000213623046875 101.31999969482421875 102.12000274658203125 104.26999664306640625 107.20999908447265625 110.3000030517578125 112.94000244140625 114.089996337890625 115.30999755859375 116.25 117 117.70999908447265625 118.25 118.84999847412109375 119.1399993896484375 119.56999969482421875 119.73000335693359375
85.62999725341796875 86.19000244140625 86.65000152587890625 87.0800018310546875 87.5500030517578125 88.0500030517578125 88.4199981689453125 88.76999664306640625 89.3300018310546875 90.589996337890625 91.68000030517578125 91.8899993896484375 92.160003662109375 92.25 92.6999969482421875 93.9199981689453125 95 95.37999725341796875 97.26000213623046875 98.90000152587890625 99.73000335693359375 100.65000152587890625 101.98999786376953125 102.12000274658203125 101.6399993896484375 101.05999755859375 100.87000274658203125 101.65000152587890625 103.470001220703125 106.720001220703125 109.660003662109375 112.65000152587890625 113.18000030517578125 114.51999664306640625 115.51999664306640625 116.51999664306640625 117.6100006103515625 118.40000152587890625 119.1399993896484375 119.54000091552734375 119.79000091552734375 120
85.1999969482421875 85.6999969482421875 86.12999725341796875 86.65000152587890625 87.18000030517578125 87.5800018310546875 87.970001220703125 88.3300018310546875 89.01999664306640625 89.8300018310546875 91.15000152587890625 91.34999847412109375 91.6699981689453125 91.73999786376953125 92.1999969482421875 93.31999969482421875 94.29000091552734375 94.45999908447265625 96.37000274658203125 97.94000244140625 98.76000213623046875 99.62999725341796875 100.8000030517578125 101.25 101.37999725341796875 101.279998779296875 101.720001220703125 102.62999725341796875 104.87000274658203125 106.31999969482421875 108.87000274658203125 112.3000030517578125 113.25 114.5800018310546875 115.98000335693359375 117.23000335693359375 118.19000244140625 119.1100006103515625 119.75 120.15000152587890625 120.26999664306640625 120.26999664306640625
84.839996337890625 85.19000244140625 85.68000030517578125 86.19000244140625 86.69000244140625 87.1100006103515625 87.54000091552734375 87.87000274658203125 88.54000091552734375 89.43000030517578125 90.6100006103515625 90.839996337890625 91.160003662109375 91.3000030517578125 91.660003662109375 92.5500030517578125 93.30999755859375 93.779998779296875 94.9199981689453125 96.76999664306640625 97.73999786376953125 98.40000152587890625 99.37999725341796875 100.40000152587890625 101.43000030517578125 102.51000213623046875 103.51000213623046875 105.01999664306640625 106.8899993896484375 108.75 110.48000335693359375 112.45999908447265625 113.839996337890625 115.43000030517578125 117 118.12999725341796875 118.98000335693359375 119.76000213623046875 120.30999755859375 120.589996337890625 120.65000152587890625 120.59999847412109375
84.3899993896484375 84.779998779296875 85.34999847412109375 85.81999969482421875 86.3000030517578125 86.75 87.18000030517578125 87.51000213623046875 87.98000335693359375 88.80999755859375 90.09999847412109375 90.279998779296875 90.6100006103515625 90.9499969482421875 91.3300018310546875 91.8300018310546875 92.48999786376953125 93.12999725341796875 94.37999725341796875 95.8899993896484375 96.75 97.70999908447265625 98.6100006103515625 99.5500030517578125 101.15000152587890625 102.76000213623046875 104.55999755859375 106.089996337890625 108.0500030517578125 109.410003662109375 111.23999786376953125 112.9199981689453125 114.68000030517578125 116.26999664306640625 117.68000030517578125 118.84999847412109375 119.5800018310546875 120.19000244140625 120.660003662109375 120.8899993896484375 120.9499969482421875 120.90000152587890625
84.0500030517578125 84.4499969482421875 85.029998779296875 85.45999908447265625 85.98000335693359375 86.4199981689453125 86.90000152587890625 87.220001220703125 87.68000030517578125 88.44000244140625 89.55999755859375 89.839996337890625 90.279998779296875 90.69000244140625 91.01000213623046875 91.40000152587890625 91.94000244140625 92.48000335693359375 93.51000213623046875 94.8600006103515625 95.8300018310546875 97.1699981689453125 97.660003662109375 99.62999725341796875 101.37999725341796875 103.4499969482421875 105.19000244140625 107.26999664306640625 108.8600006103515625 110.29000091552734375 111.720001220703125 113.59999847412109375 115.23000335693359375 117.01999664306640625 118.4199981689453125 119.51000213623046875 120.01000213623046875 120.410003662109375 120.79000091552734375 121.12000274658203125 121.12000274658203125 121.089996337890625
83.54000091552734375 84.160003662109375 84.51999664306640625 85.06999969482421875 85.59999847412109375 86.12000274658203125 86.48999786376953125 86.81999969482421875 87.1699981689453125 87.62999725341796875 88.51999664306640625 88.720001220703125 89.05999755859375 89.93000030517578125 89.76999664306640625 90.40000152587890625 91.01999664306640625 92.01000213623046875 92.68000030517578125 93.79000091552734375 94.84999847412109375 96.160003662109375 97.910003662109375 99.779998779296875 102.06999969482421875 104.26999664306640625 106.0800018310546875 107.910003662109375 109.30999755859375 110.65000152587890625 112.089996337890625 113.8300018310546875 115.51999664306640625 117.20999908447265625 118.589996337890625 119.65000152587890625 120.23000335693359375 120.5800018310546875 120.90000152587890625 121.1100006103515625 121.1699981689453125 121.20999908447265625
83.23999786376953125 83.76999664306640625 84.23000335693359375 84.68000030517578125 85.1100006103515625 85.76000213623046875 86.04000091552734375 86.220001220703125 86 86.26000213623046875 87.18000030517578125 87.5800018310546875 87.90000152587890625 88.23999786376953125 89.01000213623046875 89.65000152587890625 90.3899993896484375 91.23000335693359375 92.09999847412109375 93.34999847412109375 94.76999664306640625 96.18000030517578125 98.0800018310546875 100.4199981689453125 102.37000274658203125 104.80999755859375 106.51000213623046875 108.19000244140625 109.65000152587890625 110.8000030517578125 112.160003662109375 113.9499969482421875 115.6100006103515625 117.20999908447265625 118.68000030517578125 119.6999969482421875 120.37000274658203125 120.80999755859375 120.98999786376953125 121.1100006103515625 121.26999664306640625 121.37999725341796875
82.9499969482421875 83.279998779296875 83.660003662109375 84.19000244140625 84.69000244140625 85.15000152587890625 85.410003662109375 85.8300018310546875 85.4499969482421875 85.40000152587890625 86.68000030517578125 87.1100006103515625 87.4499969482421875 87.98000335693359375 88.529998779296875 89.0800018310546875 89.73000335693359375 90.48000335693359375 91.73000335693359375 93.25 94.76000213623046875 96.339996337890625 98.5800018310546875 101.220001220703125 102.87999725341796875 105.0800018310546875 106.76000213623046875 108.3300018310546875 109.970001220703125 110.839996337890625 112.1399993896484375 113.839996337890625 115.529998779296875 117.12999725341796875 118.48999786376953125 119.51999664306640625 120.339996337890625 120.720001220703125 121.01000213623046875 121.12999725341796875 121.23999786376953125 121.37000274658203125
