wildfire/work/fuelmodels/1722/ahn1.asc
ncols        67
nrows        76
xllcorner    179915.000000000000
yllcorner    312580.000000000000
cellsize     5.000000000000
NODATA_value   -999
[rows 57 to 75 of 76, columns 0 to 41 of 67]
74.029998779296875 74.04000091552734375 74.20999908447265625 74.43000030517578125 74.5800018310546875 74.73000335693359375 74.93000030517578125 75.19000244140625 75.4499969482421875 75.6999969482421875 75.839996337890625 75.9499969482421875 76.0500030517578125 76.1399993896484375 76.18000030517578125 76.23000335693359375 76.48000335693359375 77.3300018310546875 78.279998779296875 79.8899993896484375 81.20999908447265625 82.56999969482421875 83.9499969482421875 85.12000274658203125 86.25 87.37000274658203125 88.3000030517578125 89.089996337890625 89.8600006103515625 90.62000274658203125 91.410003662109375 92.0500030517578125 92.970001220703125 93.720001220703125 94.70999908447265625 94.6100006103515625 94.76999664306640625 95.18000030517578125 95.910003662109375 96.720001220703125 97.84999847412109375 98.279998779296875
73.9199981689453125 73.9499969482421875 74.12999725341796875 74.29000091552734375 74.529998779296875 74.62999725341796875 74.8000030517578125 75.04000091552734375 75.220001220703125 75.26999664306640625 75.23000335693359375 75.5 75.87000274658203125 75.98000335693359375 76.1999969482421875 76.3300018310546875 76.4199981689453125 76.6999969482421875 77.1399993896484375 78.1699981689453125 79.3600006103515625 80.87000274658203125 82.1100006103515625 83.4499969482421875 84.5500030517578125 85.48999786376953125 86.6100006103515625 87.73000335693359375 88.160003662109375 88.9199981689453125 89.6100006103515625 90.09999847412109375 90.6999969482421875 91.1699981689453125 91.8600006103515625 92.3000030517578125 92.76999664306640625 93.43000030517578125 94.15000152587890625 95.01000213623046875 95.9199981689453125 96.75
73.6999969482421875 73.8300018310546875 74.06999969482421875 74.25 74.470001220703125 74.6100006103515625 74.839996337890625 75.30999755859375 75.339996337890625 75.3899993896484375 75.29000091552734375 75.43000030517578125 75.589996337890625 75.73999786376953125 75.98999786376953125 76.279998779296875 76.55999755859375 76.79000091552734375 76.9199981689453125 77.06999969482421875 77.6100006103515625 78.87999725341796875 79.9499969482421875 81.51999664306640625 82.73000335693359375 83.720001220703125 84.79000091552734375 85.62999725341796875 86.30999755859375 86.95999908447265625 87.69000244140625 88.1999969482421875 88.8300018310546875 89.23999786376953125 89.68000030517578125 90.23000335693359375 90.9499969482421875 91.6699981689453125 92.4499969482421875 93.37000274658203125 94.20999908447265625 95.220001220703125
73.73999786376953125 73.910003662109375 74.05999755859375 74.339996337890625 74.48000335693359375 74.6399993896484375 74.84999847412109375 75.0800018310546875 75.1100006103515625 75.20999908447265625 75.279998779296875 75.4199981689453125 75.5500030517578125 75.73999786376953125 75.84999847412109375 76.089996337890625 76.48000335693359375 76.660003662109375 76.910003662109375 77.01000213623046875 77.18000030517578125 77.51000213623046875 78.44000244140625 79.6999969482421875 80.87000274658203125 81.76999664306640625 82.93000030517578125 83.6399993896484375 84.34999847412109375 84.98999786376953125 85.84999847412109375 86.34999847412109375 86.910003662109375 87.48999786376953125 88.029998779296875 88.56999969482421875 89.26999664306640625 90.0800018310546875 90.98000335693359375 91.6699981689453125 92.339996337890625 93.30999755859375
73.839996337890625 74.029998779296875 74.20999908447265625 74.470001220703125 74.589996337890625 74.70999908447265625 74.87999725341796875 75.12000274658203125 75.1399993896484375 75.279998779296875 75.3300018310546875 75.4499969482421875 75.589996337890625 75.70999908447265625 75.90000152587890625 76.089996337890625 76.1999969482421875 76.4499969482421875 76.75 77.12999725341796875 77.29000091552734375 77.43000030517578125 77.68000030517578125 78.26999664306640625 79.29000091552734375 80.1699981689453125 80.839996337890625 81.81999969482421875 82.56999969482421875 83.279998779296875 83.93000030517578125 84.51000213623046875 85.089996337890625 85.660003662109375 86.30999755859375 86.98000335693359375 87.54000091552734375 88.43000030517578125 89.160003662109375 90.12999725341796875 90.660003662109375 91.5
74.029998779296875 74.23000335693359375 74.4499969482421875 74.720001220703125 74.80999755859375 74.84999847412109375 75.06999969482421875 75.29000091552734375 75.3000030517578125 75.34999847412109375 75.4499969482421875 75.529998779296875 75.6399993896484375 75.70999908447265625 75.93000030517578125 76.06999969482421875 76.30999755859375 76.48999786376953125 76.589996337890625 76.8899993896484375 77.25 77.529998779296875 77.73000335693359375 77.839996337890625 78.1399993896484375 78.59999847412109375 79.12999725341796875 80.0500030517578125 80.84999847412109375 81.43000030517578125 82.18000030517578125 82.839996337890625 83.3600006103515625 84.089996337890625 84.73999786376953125 85.470001220703125 86.23999786376953125 87.06999969482421875 87.62999725341796875 88.470001220703125 89.12000274658203125 89.84999847412109375
74.23999786376953125 74.44000244140625 74.6699981689453125 74.910003662109375 75.04000091552734375 75.1100006103515625 75.34999847412109375 75.470001220703125 75.56999969482421875 75.55999755859375 75.55999755859375 75.69000244140625 75.779998779296875 75.779998779296875 76.01999664306640625 76.12000274658203125 76.279998779296875 76.43000030517578125 76.6399993896484375 76.79000091552734375 76.98999786376953125 77.470001220703125 77.80999755859375 78.029998779296875 78.05999755859375 78.1699981689453125 78.23000335693359375 78.55999755859375 79 79.48000335693359375 80.19000244140625 81.029998779296875 81.6399993896484375 82.5 82.98000335693359375 83.8600006103515625 84.6399993896484375 85.51999664306640625 86 86.8899993896484375 87.31999969482421875 88
74.5 74.720001220703125 75.01000213623046875 75.160003662109375 75.3300018310546875 75.410003662109375 75.62999725341796875 75.8000030517578125 75.8000030517578125 75.87000274658203125 75.8600006103515625 75.90000152587890625 75.910003662109375 76.01000213623046875 76.12999725341796875 76.25 76.339996337890625 76.48999786376953125 76.70999908447265625 76.910003662109375 77.15000152587890625 77.55999755859375 77.44000244140625 77.9499969482421875 78.19000244140625 78.26999664306640625 78.37999725341796875 78.51999664306640625 78.8000030517578125 78.98999786376953125 79.3000030517578125 79.660003662109375 80.15000152587890625 80.720001220703125 81.279998779296875 82.12000274658203125 82.9199981689453125 83.98999786376953125 84.6399993896484375 85.3300018310546875 85.80999755859375 86.62999725341796875
74.80999755859375 74.93000030517578125 75.37000274658203125 75.44000244140625 75.59999847412109375 75.87999725341796875 75.98000335693359375 76.1100006103515625 76.12999725341796875 76.12000274658203125 76.12999725341796875 76.20999908447265625 76.1699981689453125 76.23000335693359375 76.3000030517578125 76.410003662109375 76.410003662109375 76.6100006103515625 76.8000030517578125 77.01000213623046875 77.12999725341796875 77.3300018310546875 77.62000274658203125 77.73999786376953125 77.76000213623046875 78.06999969482421875 78.3899993896484375 78.779998779296875 78.95999908447265625 79.1999969482421875 79.31999969482421875 79.48000335693359375 79.69000244140625 79.98000335693359375 80.339996337890625 80.73999786376953125 81.470001220703125 82.23999786376953125 83 83.80999755859375 84.59999847412109375 85.23000335693359375
75.089996337890625 75.26999664306640625 75.54000091552734375 75.839996337890625 76.01000213623046875 76.1100006103515625 76.26999664306640625 76.4499969482421875 76.4199981689453125 76.54000091552734375 76.43000030517578125 76.55999755859375 76.4499969482421875 76.5500030517578125 76.529998779296875 76.6399993896484375 76.589996337890625 76.73999786376953125 76.9199981689453125 77.05999755859375 77.18000030517578125 77.37000274658203125 77.55999755859375 77.79000091552734375 78.0800018310546875 78.15000152587890625 78.12000274658203125 78.19000244140625 78.51999664306640625 78.79000091552734375 79.23000335693359375 79.29000091552734375 79.59999847412109375 79.779998779296875 79.93000030517578125 80.23999786376953125 80.5500030517578125 80.76000213623046875 81.51999664306640625 82 83.1100006103515625 83.73999786376953125
75.37000274658203125 75.54000091552734375 75.8300018310546875 76.06999969482421875 76.18000030517578125 76.48000335693359375 76.589996337890625 76.76000213623046875 76.73000335693359375 76.8899993896484375 76.8000030517578125 76.90000152587890625 76.84999847412109375 76.839996337890625 76.87000274658203125 76.8899993896484375 76.8300018310546875 76.9499969482421875 77.05999755859375 77.1699981689453125 77.26999664306640625 77.4199981689453125 77.6100006103515625 77.87999725341796875 78.160003662109375 78.26000213623046875 78.5500030517578125 78.51999664306640625 78.470001220703125 78.44000244140625 78.62999725341796875 78.87999725341796875 79.15000152587890625 79.30999755859375 79.45999908447265625 80.029998779296875 80.51000213623046875 80.59999847412109375 80.80999755859375 81.09999847412109375 81.660003662109375 81.98999786376953125
75.59999847412109375 75.80999755859375 76.01000213623046875 76.3600006103515625 76.51000213623046875 76.6999969482421875 76.87000274658203125 77.01000213623046875 77.029998779296875 77.0500030517578125 77.220001220703125 77.25 77.220001220703125 77.23000335693359375 77.23000335693359375 77.23000335693359375 77.0800018310546875 77.1699981689453125 77.23999786376953125 77.3899993896484375 77.34999847412109375 77.5500030517578125 77.720001220703125 77.94000244140625 78.15000152587890625 78.30999755859375 78.56999969482421875 78.73000335693359375 78.87999725341796875 78.910003662109375 78.65000152587890625 78.8300018310546875 79.0800018310546875 79.3300018310546875 79.51999664306640625 79.76000213623046875 79.910003662109375 80.26999664306640625 80.6699981689453125 80.73999786376953125 81.23000335693359375 81.6699981689453125
75.839996337890625 76.09999847412109375 76.43000030517578125 76.65000152587890625 76.8000030517578125 76.95999908447265625 77.06999969482421875 77.279998779296875 77.34999847412109375 77.3899993896484375 77.54000091552734375 77.589996337890625 77.62000274658203125 77.6100006103515625 77.660003662109375 77.54000091552734375 77.470001220703125 77.51000213623046875 77.55999755859375 77.6100006103515625 77.65000152587890625 77.779998779296875 77.76999664306640625 78.01999664306640625 78.220001220703125 78.339996337890625 78.48999786376953125 78.75 78.90000152587890625 79.0800018310546875 79.15000152587890625 79.089996337890625 79.01000213623046875 79.25 79.45999908447265625 79.69000244140625 79.779998779296875 80.05999755859375 80.1399993896484375 80.3000030517578125 80.40000152587890625 80.93000030517578125
76.12999725341796875 76.40000152587890625 76.68000030517578125 77.06999969482421875 77.089996337890625 77.29000091552734375 77.44000244140625 77.589996337890625 77.62000274658203125 77.69000244140625 77.8600006103515625 77.970001220703125 78.029998779296875 78.01000213623046875 78.089996337890625 77.95999908447265625 77.84999847412109375 77.87999725341796875 77.90000152587890625 77.9499969482421875 77.8600006103515625 77.910003662109375 77.98000335693359375 78.1399993896484375 78.3300018310546875 78.40000152587890625 78.51999664306640625 78.70999908447265625 78.90000152587890625 79.1100006103515625 79.339996337890625 79.3300018310546875 79.410003662109375 79.48000335693359375 79.59999847412109375 79.6699981689453125 79.95999908447265625 79.98999786376953125 80.160003662109375 80.30999755859375 80.54000091552734375 80.84999847412109375
76.4499969482421875 76.62999725341796875 76.8600006103515625 77.20999908447265625 77.3600006103515625 77.62999725341796875 77.68000030517578125 77.87000274658203125 78.01000213623046875 78 78.220001220703125 78.26000213623046875 78.34999847412109375 78.3899993896484375 78.40000152587890625 78.30999755859375 78.26999664306640625 78.26000213623046875 78.23999786376953125 78.26000213623046875 78.1399993896484375 78.1999969482421875 78.19000244140625 78.279998779296875 78.37000274658203125 78.48000335693359375 78.55999755859375 78.76000213623046875 78.93000030517578125 79.05999755859375 79.26999664306640625 79.3899993896484375 79.839996337890625 79.98999786376953125 80.089996337890625 80.25 80.34999847412109375 80.410003662109375 80.68000030517578125 80.54000091552734375 80.839996337890625 80.95999908447265625
76.589996337890625 76.8000030517578125 77.20999908447265625 77.4499969482421875 77.6699981689453125 77.8899993896484375 78.29000091552734375 78.220001220703125 78.29000091552734375 78.40000152587890625 78.56999969482421875 78.6399993896484375 78.70999908447265625 78.76999664306640625 78.73999786376953125 78.65000152587890625 78.62999725341796875 78.65000152587890625 78.65000152587890625 78.5800018310546875 78.56999969482421875 78.5 78.45999908447265625 78.54000091552734375 78.54000091552734375 78.5800018310546875 78.65000152587890625 78.8000030517578125 78.93000030517578125 79.04000091552734375 79.25 79.3899993896484375 79.76999664306640625 79.839996337890625 80 80.26999664306640625 80.43000030517578125 80.720001220703125 80.93000030517578125 81.15000152587890625 81.3600006103515625 81.44000244140625
76.75 76.98999786376953125 77.4199981689453125 77.6399993896484375 77.839996337890625 78.12000274658203125 78.37999725341796875 78.44000244140625 78.54000091552734375 78.6399993896484375 78.9199981689453125 79.01999664306640625 79.01999664306640625 79.12999725341796875 79.029998779296875 78.98999786376953125 78.98999786376953125 79.029998779296875 79.0500030517578125 79.05999755859375 78.98999786376953125 78.910003662109375 78.839996337890625 78.79000091552734375 78.80999755859375 78.73999786376953125 78.80999755859375 78.8899993896484375 79 79.0500030517578125 79.220001220703125 79.3300018310546875 79.660003662109375 79.68000030517578125 79.8300018310546875 80 80.279998779296875 80.56999969482421875 80.79000091552734375 81.029998779296875 81.23000335693359375 81.40000152587890625
76.76000213623046875 77.01999664306640625 77.339996337890625 77.62000274658203125 77.970001220703125 78.1100006103515625 78.43000030517578125 78.5800018310546875 78.839996337890625 79.089996337890625 79.20999908447265625 79.3000030517578125 79.34999847412109375 79.48999786376953125 79.44000244140625 79.470001220703125 79.48000335693359375 79.45999908447265625 79.5 79.44000244140625 79.3600006103515625 79.339996337890625 79.23999786376953125 79.1699981689453125 79.01999664306640625 78.95999908447265625 78.970001220703125 79.01000213623046875 79.089996337890625 79.1399993896484375 79.25 79.470001220703125 79.70999908447265625 79.660003662109375 79.76000213623046875 79.98999786376953125 80.20999908447265625 80.37000274658203125 80.6399993896484375 80.79000091552734375 81.029998779296875 81.220001220703125
76.8600006103515625 77.18000030517578125 77.470001220703125 77.8000030517578125 78.05999755859375 78.30999755859375 78.62999725341796875 78.8600006103515625 79.12999725341796875 79.37000274658203125 79.44000244140625 79.62000274658203125 79.6999969482421875 79.8600006103515625 79.87999725341796875 79.87999725341796875 79.87999725341796875 79.93000030517578125 79.9499969482421875 79.93000030517578125 79.84999847412109375 79.73999786376953125 79.6100006103515625 79.529998779296875 79.34999847412109375 79.26999664306640625 79.1699981689453125 79.18000030517578125 79.220001220703125 79.26999664306640625 79.26999664306640625 79.45999908447265625 79.660003662109375 79.6399993896484375 79.839996337890625 79.8899993896484375 80.1399993896484375 80.37999725341796875 80.55999755859375 80.76000213623046875 80.98000335693359375 81.12999725341796875
