wildfire/work/fuelmodels/1722/aspect.asc
ncols        67
nrows        76
xllcorner    179915.000000000000
yllcorner    312580.000000000000
cellsize     5.000000000000
NODATA_value   -999
[rows 0 to 18 of 76, columns 0 to 42 of 67]
0 0 0 0 0 0 0 0 0 0 0 0 0 0 0 0 0 0 0 0 0 0 0 0 0 0 0 0 0 0 0 0 0 0 0 0 0 0 0 0 0 0 0
0 245.655731201171875 236.9180755615234375 231.1546783447265625 241.0811767578125 251.6923675537109375 258.689483642578125 258.958465576171875 255.7564697265625 246.389373779296875 254.882232666015625 260.900787353515625 255.928314208984375 251.4625244140625 251.2787322998046875 242.4141845703125 227.4962615966796875 219.7977447509765625 216.6003875732421875 181.3446807861328125 154.7815093994140625 167.02203369140625 219.0892486572265625 240.96783447265625 240.2086334228515625 244.982574462890625 224.4541168212890625 219.390167236328125 259.5081787109375 298.223052978515625 315.7896728515625 307.103729248046875 321.67401123046875 328.175750732421875 285.416748046875 260.290252685546875 251.43365478515625 251.3914031982421875 238.6091156005859375 206.3539581298828125 209.197052001953125 203.8006744384765625 165.342926025390625
0 247.5664520263671875 234.0079345703125 237.1633148193359375 254.25335693359375 263.04638671875 265.2537841796875 269.3974609375 273.757904052734375 260.41656494140625 253.2247161865234375 257.441314697265625 246.8008270263671875 237.74468994140625 238.021240234375 227.4810028076171875 215.8677825927734375 209.39813232421875 193.027008056640625 168.33917236328125 139.229766845703125 5.7773256301879882812 286.502410888671875 262.248199462890625 246.2349090576171875 191.466278076171875 202.114471435546875 222.4260711669921875 257.958770751953125 274.747100830078125 306.504791259765625 319.8692626953125 317.42962646484375 327.888580322265625 316.419464111328125 274.606781005859375 240.88006591796875 221.6394500732421875 207.5493927001953125 198.67071533203125 192.6930694580078125 189.1875762939453125 179.625091552734375
0 244.5254974365234375 238.8068084716796875 257.559722900390625 266.017364501953125 262.524505615234375 260.061920166015625 254.8489837646484375 237.8932647705078125 214.3883056640625 235.01361083984375 240.5440521240234375 224.4606781005859375 216.6021881103515625 219.434783935546875 213.5814208984375 211.105712890625 206.2823486328125 195.8572235107421875 206.138824462890625 323.153350830078125 323.032989501953125 305.258697509765625 267.3133544921875 240.742706298828125 194.213104248046875 219.143463134765625 245.18841552734375 255.9983673095703125 256.068634033203125 273.620635986328125 295.395111083984375 289.543731689453125 289.127960205078125 290.33770751953125 277.420684814453125 251.7506256103515625 228.700531005859375 209.8226165771484375 201.5499420166015625 202.0357666015625 209.3017730712890625 227.55841064453125
0 236.4348602294921875 242.39703369140625 252.844268798828125 249.5145263671875 242.0715789794921875 245.155792236328125 249.786895751953125 247.7818603515625 240.1005096435546875 242.5249481201171875 238.3700408935546875 228.7937469482421875 228.49847412109375 237.620330810546875 239.4588775634765625 245.230621337890625 254.9701690673828125 272.476348876953125 284.11822509765625 291.78509521484375 297.81842041015625 308.788604736328125 300.978485107421875 294.846038818359375 306.869110107421875 304.35858154296875 301.221527099609375 291.281890869140625 291.24981689453125 302.2017822265625 313.817840576171875 295.810302734375 269.83807373046875 265.736053466796875 264.72344970703125 258.268798828125 247.85272216796875 222.5188446044921875 208.4463958740234375 220.85491943359375 235.43927001953125 262.137481689453125
0 244.04608154296875 247.755126953125 243.4343719482421875 237.0725250244140625 236.2282867431640625 239.0897216796875 243.987091064453125 251.647186279296875 265.434967041015625 259.550567626953125 246.8748321533203125 242.9536590576171875 249.4529266357421875 264.791534423828125 279.69189453125 288.5435791015625 287.509185791015625 285.877349853515625 283.535125732421875 280.536712646484375 281.729400634765625 288.758880615234375 299.485443115234375 319.11474609375 337.446990966796875 324.662872314453125 314.9993896484375 318.02044677734375 307.0921630859375 314.999267578125 336.07763671875 345.689300537109375 344.46429443359375 336.070892333984375 323.517669677734375 325.580902099609375 340.887847900390625 351.103424072265625 336.082977294921875 304.733184814453125 280.955963134765625 270.27880859375
0 251.6405792236328125 247.227569580078125 242.1814727783203125 244.5576629638671875 244.8165740966796875 241.456573486328125 239.9308929443359375 245.465545654296875 242.4741058349609375 220.18133544921875 229.728424072265625 233.56256103515625 240.6129608154296875 250.399749755859375 259.4630126953125 266.520538330078125 269.881622314453125 269.87164306640625 268.816986083984375 265.200775146484375 261.452056884765625 261.6668701171875 262.012451171875 256.178558349609375 240.8371734619140625 292.7076416015625 314.379974365234375 333.346466064453125 322.829315185546875 320.4136962890625 336.696075439453125 349.400421142578125 354.6268310546875 355.9190673828125 342.782623291015625 339.2406005859375 355.343658447265625 359.67010498046875 353.484222412109375 346.968658447265625 346.554046630859375 312.101470947265625
0 246.99359130859375 244.9230194091796875 242.98248291015625 245.6558074951171875 245.4322509765625 239.154144287109375 243.7161865234375 255.6586761474609375 250.2507171630859375 209.28369140625 224.9994659423828125 237.342010498046875 244.028106689453125 247.37957763671875 249.85516357421875 253.1811065673828125 264.100128173828125 272.578582763671875 266.408172607421875 259.41973876953125 260.884796142578125 264.568206787109375 263.48358154296875 258.02325439453125 278.766937255859375 299.7130126953125 312.017852783203125 329.8544921875 322.374664306640625 311.98974609375 319.328125 340.094390869140625 350.306640625 352.59368896484375 327.86956787109375 325.190673828125 348.6143798828125 352.44451904296875 349.25592041015625 347.714813232421875 351.478240966796875 329.14154052734375
0 242.0896148681640625 240.0423736572265625 241.927032470703125 243.2225494384765625 238.3595428466796875 231.140380859375 242.9596405029296875 253.6888580322265625 245.1107025146484375 205.533660888671875 224.8165130615234375 239.953704833984375 241.801300048828125 243.854400634765625 248.6060943603515625 251.3175048828125 254.9627227783203125 258.504852294921875 263.402740478515625 270.9234619140625 277.77581787109375 276.585205078125 270.204833984375 273.1475830078125 291.843048095703125 289.355316162109375 285.243072509765625 298.645660400390625 306.127166748046875 296.93695068359375 288.6614990234375 300.61773681640625 337.4918212890625 317.09442138671875 270.748992919921875 270.099029541015625 279.122222900390625 286.055419921875 280.921966552734375 283.133331298828125 285.4215087890625 265.46173095703125
0 235.3042755126953125 236.3727264404296875 239.9614715576171875 236.27642822265625 230.3021087646484375 227.30419921875 246.1043853759765625 256.6787109375 248.1580810546875 210.15948486328125 223.6309051513671875 239.12646484375 239.59808349609375 246.112152099609375 254.159210205078125 253.6216583251953125 249.4513397216796875 250.095672607421875 261.1527099609375 272.00750732421875 274.487457275390625 272.87841796875 269.71990966796875 270.7841796875 274.418853759765625 272.495086669921875 272.93182373046875 282.0596923828125 292.59722900390625 295.14129638671875 297.8040771484375 307.051544189453125 341.660003662109375 353.605743408203125 314.251373291015625 287.30682373046875 278.891693115234375 278.21844482421875 271.54754638671875 268.687530517578125 264.399627685546875 254.85748291015625
0 231.688873291015625 236.5527801513671875 235.4964141845703125 229.9406280517578125 226.3593902587890625 226.0135345458984375 244.54290771484375 255.869659423828125 252.0173797607421875 213.4142303466796875 218.8237457275390625 234.2905120849609375 236.93341064453125 245.0508270263671875 250.2360687255859375 247.206939697265625 246.73681640625 250.7954559326171875 255.8521728515625 259.346923828125 259.78277587890625 261.20318603515625 264.261077880859375 265.934112548828125 266.47686767578125 272.8348388671875 279.205810546875 279.471221923828125 281.28094482421875 284.83349609375 287.02001953125 292.9415283203125 312.10357666015625 338.920257568359375 330.592132568359375 309.4580078125 291.069610595703125 275.052764892578125 259.938690185546875 255.4649810791015625 248.9615936279296875 249.589111328125
0 234.52069091796875 238.84014892578125 235.187286376953125 231.471099853515625 227.16754150390625 225.3458709716796875 245.3590850830078125 254.30523681640625 245.7105865478515625 208.8718414306640625 209.5849456787109375 230.9055633544921875 237.9521942138671875 243.834991455078125 248.326812744140625 247.24847412109375 248.064544677734375 249.2356414794921875 247.7088775634765625 248.4937744140625 250.8252410888671875 253.411041259765625 254.69854736328125 255.779388427734375 263.482879638671875 275.798553466796875 278.11260986328125 268.996612548828125 266.149322509765625 275.41986083984375 285.2947998046875 288.000274658203125 290.40216064453125 300.00433349609375 308.0552978515625 302.660247802734375 282.19976806640625 271.817352294921875 267.165130615234375 258.157623291015625 239.0363311767578125 223.4521331787109375
0 236.0694427490234375 237.6715240478515625 232.230804443359375 228.5236053466796875 226.7566986083984375 227.9636688232421875 245.0189056396484375 252.302886962890625 247.54736328125 219.047943115234375 204.7745208740234375 232.55267333984375 243.68841552734375 243.4958038330078125 246.86065673828125 247.1828460693359375 244.762237548828125 242.70654296875 241.7960205078125 245.055572509765625 244.8917388916015625 243.478057861328125 246.9197235107421875 256.4033203125 266.052520751953125 272.9560546875 277.585418701171875 266.967193603515625 251.99041748046875 255.242950439453125 267.651611328125 277.3800048828125 274.138427734375 270.52471923828125 265.235748291015625 258.310546875 263.85308837890625 263.65936279296875 249.518951416015625 239.7425994873046875 207.050018310546875 199.7982940673828125
0 234.0349884033203125 232.4095611572265625 229.2672271728515625 229.7196502685546875 231.1649932861328125 231.5033111572265625 239.212005615234375 249.8451690673828125 249.527099609375 220.77105712890625 203.0506439208984375 232.749603271484375 243.902557373046875 238.4647064208984375 243.1664886474609375 243.527862548828125 236.90960693359375 235.6817169189453125 240.588592529296875 250.0866851806640625 255.7492828369140625 259.97174072265625 265.660491943359375 269.95611572265625 270.5467529296875 268.74493408203125 270.677764892578125 280.578582763671875 275.804595947265625 268.15179443359375 265.336090087890625 262.311737060546875 255.8660736083984375 248.8533477783203125 242.136199951171875 238.495574951171875 246.515625 230.505096435546875 211.4513092041015625 211.102142333984375 194.696990966796875 200.2721099853515625
0 235.1117401123046875 234.3442230224609375 235.4781646728515625 236.74530029296875 234.8653106689453125 233.7034149169921875 251.564453125 264.124176025390625 257.278961181640625 215.900238037109375 203.838165283203125 229.14666748046875 242.4559783935546875 241.4028778076171875 251.823028564453125 254.136505126953125 248.2919921875 245.9966583251953125 250.25506591796875 257.408477783203125 266.892303466796875 277.593963623046875 281.404815673828125 277.19287109375 269.903961181640625 268.109222412109375 268.040435791015625 278.513397216796875 293.4473876953125 286.03924560546875 271.846923828125 260.22747802734375 255.8058624267578125 247.0769500732421875 239.2497711181640625 236.6040496826171875 229.8433837890625 209.12823486328125 203.628662109375 211.961181640625 202.9318695068359375 195.945343017578125
0 233.5798797607421875 234.903533935546875 236.13720703125 234.2578582763671875 230.841033935546875 235.9591827392578125 255.337890625 260.088653564453125 247.1380767822265625 219.0525665283203125 213.526123046875 231.6741180419921875 244.7667083740234375 247.482635498046875 258.965423583984375 263.8702392578125 266.2398681640625 266.801361083984375 260.647674560546875 259.456787109375 270.267364501953125 279.30511474609375 278.83563232421875 275.144256591796875 269.286956787109375 268.46124267578125 270.942138671875 275.59326171875 279.2454833984375 278.079986572265625 275.744842529296875 273.85614013671875 267.972015380859375 246.8008270263671875 234.1067047119140625 220.9773101806640625 203.348907470703125 201.948333740234375 198.79949951171875 205.0164794921875 199.0459747314453125 188.4399871826171875
0 233.9462432861328125 232.8928070068359375 232.91131591796875 232.6860809326171875 232.814727783203125 237.7729949951171875 249.207916259765625 244.81378173828125 231.63848876953125 226.8862762451171875 220.8265380859375 232.683349609375 246.8490753173828125 251.122955322265625 260.239410400390625 264.109161376953125 265.567138671875 269.99932861328125 272.707611083984375 270.990447998046875 274.10028076171875 277.002105712890625 271.74090576171875 265.338409423828125 266.088165283203125 267.73406982421875 269.63177490234375 272.91021728515625 274.9385986328125 275.444122314453125 278.524322509765625 283.192474365234375 278.334075927734375 226.6133575439453125 218.366912841796875 201.6999664306640625 193.108612060546875 201.6228179931640625 198.1215667724609375 204.113616943359375 203.93328857421875 205.0163421630859375
0 240.3846435546875 237.09429931640625 234.7819366455078125 235.964691162109375 238.947601318359375 235.653350830078125 244.414825439453125 251.153778076171875 255.05804443359375 245.8144683837890625 218.44964599609375 224.230438232421875 243.67962646484375 251.2407379150390625 258.91259765625 263.24810791015625 264.757568359375 269.216094970703125 279.053985595703125 281.248931884765625 273.78485107421875 268.832000732421875 262.87432861328125 256.844085693359375 259.522308349609375 262.3199462890625 262.490509033203125 263.389495849609375 264.071929931640625 263.537109375 262.188446044921875 256.639068603515625 227.3608856201171875 183.25677490234375 194.9308013916015625 192.993988037109375 195.8392486572265625 201.1837005615234375 202.8583221435546875 211.976348876953125 217.348480224609375 227.935394287109375
0 245.8097076416015625 244.6113128662109375 244.005401611328125 245.380859375 244.6155548095703125 235.884979248046875 245.03662109375 258.471435546875 266.67523193359375 249.1826934814453125 216.528228759765625 227.0924072265625 244.627838134765625 248.722564697265625 256.764373779296875 263.179351806640625 265.600677490234375 267.385223388671875 271.0391845703125 274.315399169921875 270.49078369140625 262.0638427734375 253.9394989013671875 254.9506072998046875 257.945404052734375 257.622772216796875 257.260101318359375 257.32177734375 255.92718505859375 253.9926605224609375 249.304046630859375 233.28765869140625 198.852783203125 177.273223876953125 183.4748382568359375 193.172210693359375 199.2087554931640625 200.6737060546875 208.8553924560546875 216.9214019775390625 221.58837890625 225.7686614990234375
