wildfire/work/fuelmodels/1722/aspect.asc
ncols        67
nrows        76
xllcorner    179915.000000000000
yllcorner    312580.000000000000
cellsize     5.000000000000
NODATA_value   -999
[rows 57 to 75 of 76, columns 0 to 42 of 67]
0 215.0586090087890625 232.1837921142578125 239.719329833984375 237.470062255859375 237.287811279296875 246.160858154296875 245.9339141845703125 232.5677032470703125 211.8362884521484375 210.173004150390625 223.7076873779296875 238.861236572265625 269.215576171875 274.04425048828125 242.052947998046875 229.6244659423828125 221.517425537109375 219.4841461181640625 218.9953460693359375 217.477386474609375 217.9587860107421875 216.2015838623046875 212.7645416259765625 210.5894012451171875 209.5121307373046875 208.3397064208984375 205.1045989990234375 202.7147674560546875 202.82098388671875 200.5596160888671875 199.7718353271484375 198.1281890869140625 197.6304473876953125 191.825225830078125 185.7384796142578125 188.8761138916015625 195.5124969482421875 202.4254150390625 205.886505126953125 203.8715667724609375 202.648895263671875 199.6826171875
0 227.46234130859375 245.7877960205078125 248.7666015625 248.7899932861328125 250.74951171875 264.80450439453125 271.23089599609375 248.6695556640625 195.7086334228515625 201.236053466796875 221.126068115234375 218.4306793212890625 219.3743133544921875 241.237945556640625 269.561248779296875 262.005401611328125 236.7522735595703125 223.5504608154296875 217.2480621337890625 215.80511474609375 215.2320709228515625 214.0940399169921875 214.0829925537109375 210.8333892822265625 209.8690948486328125 209.8534393310546875 203.8478240966796875 200.228118896484375 201.780609130859375 198.59527587890625 197.412200927734375 196.276947021484375 195.1529998779296875 192.3423004150390625 190.141082763671875 195.3731842041015625 200.6872406005859375 204.9116363525390625 207.68267822265625 206.7150115966796875 202.1044921875 198.9609832763671875
0 255.4342498779296875 265.383087158203125 269.291900634765625 268.314971923828125 270.829864501953125 273.81329345703125 270.68133544921875 245.224334716796875 203.9644927978515625 265.59979248046875 254.1038055419921875 235.9383087158203125 231.1930084228515625 236.4580078125 248.84619140625 265.3328857421875 262.3853759765625 235.1047821044921875 219.2889862060546875 217.5243988037109375 214.6566925048828125 214.8181610107421875 215.08209228515625 209.84832763671875 209.1066436767578125 207.59747314453125 200.9830780029296875 198.3904876708984375 200.3069610595703125 198.2760009765625 196.401458740234375 195.9499969482421875 194.878570556640625 195.5374298095703125 197.5936126708984375 201.40692138671875 204.48870849609375 206.7577362060546875 206.3422698974609375 206.925079345703125 200.9272003173828125 198.8590850830078125
0 296.230926513671875 292.144561767578125 293.368194580078125 295.015716552734375 284.41998291015625 269.71160888671875 247.12640380859375 215.5371856689453125 231.6323699951171875 269.08978271484375 274.15869140625 269.5257568359375 263.467498779296875 256.1298828125 248.709991455078125 238.1224365234375 235.6422271728515625 249.5189361572265625 258.19219970703125 236.8656463623046875 223.719390869140625 220.385589599609375 217.146209716796875 211.06170654296875 208.078094482421875 205.5648040771484375 201.6911468505859375 200.1392059326171875 201.11968994140625 199.215850830078125 196.543243408203125 196.8590240478515625 196.805511474609375 198.2316131591796875 200.5555572509765625 203.942047119140625 206.3905029296875 206.739776611328125 204.1771240234375 204.8108367919921875 199.9952545166015625 198.621917724609375
0 311.728729248046875 309.427215576171875 313.861114501953125 323.944580078125 308.71661376953125 296.833221435546875 309.41180419921875 325.060760498046875 312.435577392578125 308.945068359375 296.0946044921875 284.29925537109375 275.19378662109375 274.279144287109375 265.383087158203125 252.7786712646484375 245.3643798828125 246.2130126953125 256.298675537109375 271.316070556640625 256.606781005859375 232.04852294921875 220.2429962158203125 212.29364013671875 205.54052734375 204.7493896484375 204.5030975341796875 201.7660064697265625 201.2248992919921875 199.9475250244140625 197.7558746337890625 198.5080718994140625 199.9083709716796875 201.30078125 202.5543975830078125 206.2813873291015625 207.0797576904296875 206.333282470703125 204.2768402099609375 203.7343902587890625 200.541656494140625 199.12567138671875
0 315.689666748046875 313.121490478515625 320.60552978515625 338.084808349609375 326.928619384765625 315.685272216796875 329.564697265625 346.05389404296875 338.522796630859375 326.0399169921875 316.301483154296875 314.1812744140625 291.713043212890625 283.2840576171875 281.1427001953125 276.42333984375 267.27337646484375 252.5038604736328125 243.7464752197265625 248.28546142578125 267.62432861328125 271.700653076171875 239.477783203125 217.1414947509765625 205.2639617919921875 205.2375640869140625 205.0657958984375 199.8983612060546875 199.2605133056640625 200.7764434814453125 199.3526611328125 200.7130889892578125 202.1019439697265625 202.801544189453125 205.2824554443359375 208.0744476318359375 205.8658599853515625 205.207275390625 204.0766143798828125 201.328277587890625 199.656005859375 198.860931396484375
0 318.312713623046875 317.628448486328125 324.076385498046875 339.0750732421875 331.7919921875 324.709808349609375 338.0078125 351.31695556640625 354.434478759765625 344.63055419921875 334.410675048828125 338.772064208984375 317.22369384765625 304.507598876953125 297.991180419921875 280.618988037109375 276.247772216796875 279.58258056640625 271.908935546875 266.759796142578125 262.202362060546875 256.4083251953125 269.3092041015625 264.9571533203125 228.1793670654296875 216.430328369140625 212.1277313232421875 204.5717926025390625 203.2263336181640625 204.4738006591796875 201.602294921875 202.0366668701171875 201.1572265625 201.9601287841796875 205.6045684814453125 207.451812744140625 205.056640625 204.1882476806640625 202.8454132080078125 200.68121337890625 201.072601318359375 199.25030517578125
0 318.2236328125 322.4534912109375 331.875518798828125 334.775360107421875 334.707275390625 332.836456298828125 343.9617919921875 354.09307861328125 357.200469970703125 352.8106689453125 349.794952392578125 349.320159912109375 332.709442138671875 322.431060791015625 321.410430908203125 306.404052734375 293.568359375 294.227142333984375 295.37725830078125 278.895263671875 260.095428466796875 245.1622161865234375 240.4837799072265625 228.2702484130859375 253.9258880615234375 285.37542724609375 284.4058837890625 266.4854736328125 240.037017822265625 221.603179931640625 210.735015869140625 207.1652679443359375 203.8127593994140625 204.2534027099609375 206.7354583740234375 208.4394989013671875 206.43841552734375 204.45050048828125 203.881378173828125 204.4358062744140625 204.9135284423828125 200.4376373291015625
0 316.863616943359375 318.443206787109375 334.061798095703125 332.934539794921875 334.112152099609375 335.6536865234375 346.385009765625 355.976959228515625 358.414337158203125 354.679534912109375 356.466827392578125 356.485015869140625 344.504180908203125 338.255126953125 341.08489990234375 327.01104736328125 302.9686279296875 298.032806396484375 291.6549072265625 270.715423583984375 262.06402587890625 266.13861083984375 258.689544677734375 249.5374755859375 247.7357635498046875 240.4358367919921875 238.5228118896484375 240.2867279052734375 248.7633209228515625 247.6861724853515625 235.24334716796875 226.6160736083984375 216.13470458984375 211.479339599609375 211.1432037353515625 208.6873626708984375 205.6950531005859375 204.0782012939453125 205.5269775390625 206.840057373046875 206.39581298828125 201.9723358154296875
0 319.3978271484375 314.73516845703125 326.53973388671875 329.81732177734375 331.271575927734375 334.275360107421875 346.77130126953125 353.03558349609375 358.16461181640625 357.136932373046875 357.2730712890625 1.2919490337371826172 352.84527587890625 349.581390380859375 354.4342041015625 344.5108642578125 316.73468017578125 308.989715576171875 304.184967041015625 294.00592041015625 281.03143310546875 277.0003662109375 291.169677734375 308.315399169921875 310.5150146484375 283.39227294921875 236.6177215576171875 217.59588623046875 215.69769287109375 212.11749267578125 213.8522796630859375 219.102294921875 210.410430908203125 217.3912353515625 226.3717193603515625 216.06683349609375 210.3830718994140625 207.527618408203125 208.086151123046875 206.078216552734375 203.5929718017578125 202.545623779296875
0 319.169647216796875 312.53363037109375 320.278076171875 325.87261962890625 327.72381591796875 332.7557373046875 345.789306640625 350.33416748046875 352.00164794921875 355.0650634765625 357.662109375 2.9507908821105957031 357.368804931640625 355.92877197265625 4.1028957366943359375 355.42559814453125 330.36566162109375 325.00714111328125 325.511871337890625 311.2266845703125 295.75738525390625 290.591949462890625 284.495086669921875 286.80419921875 304.11346435546875 328.51171875 343.774261474609375 335.80572509765625 271.4317626953125 220.913604736328125 222.3297119140625 223.4921722412109375 217.2183685302734375 233.0902557373046875 237.1249847412109375 223.9625396728515625 223.328460693359375 218.1493377685546875 216.2534942626953125 212.1137237548828125 206.148162841796875 207.1446533203125
0 319.505523681640625 317.02642822265625 324.14404296875 328.670684814453125 325.798858642578125 328.098876953125 340.924072265625 351.940032958984375 344.826080322265625 347.130096435546875 357.423614501953125 1.5274072885513305664 358.520721435546875 0.38190022110939025879 10.98677825927734375 2.0702877044677734375 344.188262939453125 339.19244384765625 343.53912353515625 334.621490478515625 316.396392822265625 298.98797607421875 285.045440673828125 283.283843994140625 276.087188720703125 277.1705322265625 311.14263916015625 340.5762939453125 1.2843209505081176758 351.2762451171875 302.827789306640625 265.3253173828125 260.990997314453125 258.798797607421875 236.7422943115234375 219.948974609375 221.315765380859375 212.081878662109375 212.2815399169921875 217.6564788818359375 211.9735260009765625 212.1214752197265625
0 318.03851318359375 318.6905517578125 328.28399658203125 334.3734130859375 331.786529541015625 331.580230712890625 338.79644775390625 351.468231201171875 342.113739013671875 341.564453125 353.48492431640625 358.897216796875 357.340240478515625 3.36651611328125 13.992730140686035156 3.8396902084350585938 352.207244873046875 349.2861328125 353.768646240234375 346.659759521484375 333.897674560546875 314.473907470703125 296.56414794921875 297.103302001953125 285.086090087890625 268.890350341796875 267.34490966796875 280.06005859375 327.39453125 355.60076904296875 353.78326416015625 323.480712890625 294.893524169921875 278.34326171875 267.9388427734375 260.24090576171875 238.735809326171875 216.282470703125 215.3262939453125 226.068206787109375 219.8762664794921875 207.614410400390625
0 314.999053955078125 308.28936767578125 321.30633544921875 333.53173828125 332.79840087890625 334.931854248046875 338.399749755859375 350.094818115234375 341.02886962890625 338.874603271484375 348.68939208984375 355.47998046875 356.034515380859375 4.7168369293212890625 14.560355186462402344 4.39867401123046875 356.925750732421875 355.02947998046875 2.0866863727569580078 359.160552978515625 346.813323974609375 332.834686279296875 309.335845947265625 303.943115234375 300.763336181640625 282.482208251953125 274.45501708984375 272.001708984375 274.278289794921875 303.6888427734375 339.808074951171875 338.564422607421875 339.828704833984375 337.125579833984375 330.735198974609375 330.284515380859375 328.9423828125 328.834136962890625 321.053436279296875 298.363922119140625 287.048187255859375 279.461578369140625
0 311.97039794921875 306.572296142578125 314.999267578125 324.971282958984375 328.52545166015625 339.250396728515625 343.1865234375 348.607025146484375 341.441650390625 339.622711181640625 348.205902099609375 351.23773193359375 356.185028076171875 6.8427948951721191406 12.247951507568359375 3.4107935428619384766 359.812347412109375 0 6.7097930908203125 5.1945362091064453125 357.341552734375 347.56365966796875 332.066558837890625 325.006744384765625 315.830413818359375 295.9307861328125 283.650115966796875 273.69085693359375 262.092254638671875 261.218505859375 282.703094482421875 302.346282958984375 328.132965087890625 327.06695556640625 327.67144775390625 334.349822998046875 333.264556884765625 342.007659912109375 340.936004638671875 331.454254150390625 325.6505126953125 336.54681396484375
0 304.25543212890625 307.049957275390625 315.9183349609375 316.564178466796875 315.80615234375 333.620635986328125 348.317657470703125 343.09185791015625 335.383575439453125 338.19781494140625 349.991241455078125 350.01434326171875 357.527435302734375 9.7392721176147460938 8.1894216537475585938 0.19814518094062805176 358.69268798828125 1.9749388694763183594 5.6062898635864257812 6.5752043724060058594 6.2539997100830078125 359.089752197265625 351.640960693359375 352.063446044921875 341.280548095703125 315.649993896484375 297.376739501953125 285.46075439453125 270.0001220703125 262.6060791015625 260.31103515625 248.465911865234375 219.699188232421875 233.1299591064453125 242.1358642578125 261.967681884765625 281.069305419921875 300.962982177734375 315.38909912109375 321.29876708984375 317.336761474609375 312.327392578125
0 286.242034912109375 284.299468994140625 291.749847412109375 297.6455078125 292.165740966796875 300.845855712890625 332.627044677734375 333.1153564453125 331.248291015625 335.293182373046875 349.539398193359375 348.523834228515625 357.116058349609375 8.12987518310546875 2.6921885013580322266 358.794921875 357.2398681640625 0.51001679897308349609 5.7783002853393554688 8.3255615234375 9.2621984481811523438 6.9621014595031738281 4.5377125740051269531 7.8042573928833007812 357.796356201171875 335.135162353515625 319.084716796875 312.396148681640625 291.36944580078125 278.258819580078125 273.076995849609375 260.676361083984375 223.2105255126953125 236.1211700439453125 240.1852264404296875 241.4910736083984375 238.1793975830078125 233.914306640625 231.753021240234375 229.65771484375 235.473419189453125 245.6584014892578125
0 282.478668212890625 280.3248291015625 284.569061279296875 291.8509521484375 292.719085693359375 301.518157958984375 318.620697021484375 323.4058837890625 330.906707763671875 336.10400390625 345.06805419921875 344.816497802734375 352.944732666015625 2.759033203125 359.34808349609375 358.8758544921875 357.288055419921875 0.16040377318859100342 7.1653313636779785156 8.9727497100830078125 10.840383529663085938 12.157587051391601562 14.662691116333007812 17.256839752197265625 8.1298341751098632812 354.067230224609375 337.52001953125 331.7706298828125 320.272308349609375 291.71234130859375 280.0443115234375 275.6473388671875 261.1566162109375 263.965484619140625 258.02301025390625 252.3233184814453125 247.2658233642578125 241.2933197021484375 238.120025634765625 236.9755401611328125 236.39453125 241.0537261962890625
0 0 0 0 0 0 0 0 0 0 0 0 0 0 0 0 0 0 0 0 0 0 0 0 0 0 0 0 0 0 0 0 0 0 0 0 0 0 0 0 0 0 0
