wildfire/work/fuelmodels/1722/aspect.asc
ncols        67
nrows        76
xllcorner    179915.000000000000
yllcorner    312580.000000000000
cellsize     5.000000000000
NODATA_value   -999
[rows 38 to 56 of 76, columns 0 to 42 of 67]
0 223.7987060546875 227.555633544921875 226.60845947265625 222.0754547119140625 219.36883544921875 219.517364501953125 181.0745849609375 154.594573974609375 225.2697906494140625 237.1449737548828125 211.5792083740234375 212.4707794189453125 219.097503662109375 220.8289794921875 218.071136474609375 228.893096923828125 254.540252685546875 270.595794677734375 279.025390625 281.752838134765625 278.88995361328125 275.907562255859375 276.94921875 278.332733154296875 269.632110595703125 261.421630859375 261.151641845703125 262.095123291015625 265.67242431640625 263.516357421875 258.992156982421875 259.364288330078125 258.509735107421875 257.319061279296875 259.681671142578125 264.309112548828125 271.36334228515625 287.621612548828125 306.8690185546875 314.999267578125 328.390594482421875 356.985626220703125
0 223.263641357421875 222.9315185546875 219.273223876953125 218.2717742919921875 218.560394287109375 213.000762939453125 174.9781646728515625 158.978912353515625 231.9106292724609375 240.4629669189453125 205.587982177734375 211.587158203125 222.3022003173828125 213.1170196533203125 211.9075775146484375 242.230010986328125 267.49285888671875 277.081878662109375 279.21966552734375 277.671295166015625 276.94873046875 273.662261962890625 271.4697265625 270.692779541015625 263.05194091796875 258.597991943359375 259.398193359375 260.430511474609375 261.556243896484375 258.618255615234375 258.00067138671875 259.09063720703125 257.328094482421875 257.0198974609375 257.962677001953125 258.904022216796875 259.8094482421875 266.256378173828125 283.2978515625 314.999267578125 347.471527099609375 1.7347381114959716797
0 220.6007537841796875 215.5617218017578125 212.8946380615234375 215.30377197265625 214.745330810546875 202.542449951171875 175.11187744140625 172.7295989990234375 233.524169921875 234.6497802734375 203.5698699951171875 216.5600738525390625 214.8272857666015625 199.736480712890625 220.124053955078125 257.111968994140625 270.6126708984375 274.337158203125 276.817108154296875 277.052154541015625 274.20416259765625 270.78509521484375 266.32781982421875 261.682281494140625 260.8370361328125 262.375213623046875 259.190399169921875 255.055633544921875 253.3355560302734375 253.121826171875 255.843505859375 255.21392822265625 253.874420166015625 255.1368865966796875 253.2436676025390625 251.2108154296875 251.039459228515625 251.18743896484375 247.972381591796875 226.50836181640625 204.1438446044921875 172.5667266845703125
0 212.0349884033203125 207.53411865234375 207.132598876953125 206.6777191162109375 204.6411590576171875 195.357513427734375 179.905242919921875 185.4652862548828125 222.153533935546875 222.5186309814453125 205.0049896240234375 203.70635986328125 193.3688812255859375 198.7820892333984375 241.7994384765625 265.26922607421875 269.08026123046875 267.92529296875 269.9571533203125 273.07489013671875 267.22186279296875 259.88507080078125 254.6231536865234375 249.8707122802734375 251.596893310546875 258.044036865234375 256.30047607421875 251.47216796875 250.2196197509765625 249.19793701171875 249.5984649658203125 249.33404541015625 247.055389404296875 245.287200927734375 243.410980224609375 241.74359130859375 237.7401275634765625 231.842254638671875 219.167327880859375 194.4895172119140625 188.9007720947265625 183.0930938720703125
0 202.4685516357421875 200.8814239501953125 202.4715576171875 198.72412109375 196.765289306640625 196.420379638671875 188.595550537109375 188.0778961181640625 207.4740142822265625 211.247039794921875 201.64947509765625 192.230072021484375 187.073150634765625 214.5193328857421875 255.0139617919921875 267.21630859375 267.559326171875 263.4281005859375 259.35784912109375 259.225433349609375 259.35443115234375 254.7370758056640625 249.40869140625 245.8345947265625 245.35638427734375 249.000762939453125 250.6453857421875 251.97064208984375 253.39581298828125 248.1651611328125 243.6030426025390625 244.2545623779296875 242.3675994873046875 239.7121734619140625 235.8800048828125 230.5883636474609375 223.0245513916015625 216.4572296142578125 206.128814697265625 189.6420440673828125 190.7541656494140625 188.6151580810546875
0 193.9373321533203125 194.943115234375 196.767578125 192.8144683837890625 194.6414337158203125 199.5876922607421875 192.9626312255859375 189.4991912841796875 194.994598388671875 203.303558349609375 203.0069580078125 195.0826416015625 196.998748779296875 234.58477783203125 258.508544921875 264.719696044921875 263.66656494140625 258.61651611328125 254.9323883056640625 255.0043487548828125 256.06195068359375 255.279388427734375 253.335693359375 250.61981201171875 248.1979827880859375 248.4354400634765625 250.8203277587890625 251.9368133544921875 246.8539581298828125 237.174041748046875 237.477935791015625 239.73968505859375 233.896820068359375 230.112579345703125 224.5345916748046875 218.733795166015625 213.0514984130859375 207.146728515625 199.6036224365234375 191.910675048828125 194.2897796630859375 195.67547607421875
0 192.6580047607421875 195.344146728515625 195.024383544921875 193.7500152587890625 198.964263916015625 199.6966094970703125 197.4393310546875 194.334930419921875 186.9821319580078125 200.5939788818359375 210.710784912109375 207.5524139404296875 216.8169403076171875 248.0539398193359375 261.10443115234375 263.305755615234375 261.65277099609375 259.819915771484375 259.169281005859375 255.8187255859375 252.4454193115234375 253.2432098388671875 254.204925537109375 251.6183624267578125 248.6883544921875 248.6423492431640625 249.99835205078125 245.9772186279296875 237.00933837890625 232.757659912109375 234.810150146484375 233.3250274658203125 226.29254150390625 223.5815582275390625 217.8335723876953125 213.5701141357421875 209.4414825439453125 202.970062255859375 197.9948577880859375 195.895416259765625 198.547119140625 202.5752105712890625
0 196.012359619140625 198.9755859375 194.507354736328125 196.6154327392578125 202.328216552734375 199.7480926513671875 203.40423583984375 198.0423431396484375 185.3339691162109375 202.582122802734375 219.096649169921875 218.612396240234375 228.527679443359375 253.546112060546875 263.192413330078125 263.783172607421875 262.327880859375 260.097686767578125 257.769622802734375 254.0728302001953125 251.1977081298828125 250.6338043212890625 249.5009307861328125 246.9739532470703125 244.38507080078125 244.02130126953125 243.41668701171875 238.2060546875 233.8753204345703125 236.248504638671875 233.4640045166015625 228.166748046875 224.71221923828125 221.6252899169921875 216.628326416015625 213.0749664306640625 208.1511077880859375 201.8780670166015625 198.5693206787109375 198.18316650390625 201.438018798828125 204.7818145751953125
0 198.3677520751953125 196.995849609375 191.655731201171875 198.136138916015625 203.442474365234375 198.491546630859375 203.4020233154296875 202.9123687744140625 192.2722930908203125 202.6622467041015625 221.77496337890625 223.572479248046875 235.70233154296875 255.7698822021484375 263.236663818359375 263.238677978515625 258.859222412109375 253.068511962890625 248.825775146484375 247.1320343017578125 248.289886474609375 246.82366943359375 242.1666107177734375 239.633270263671875 238.890655517578125 239.629913330078125 239.4247894287109375 234.288238525390625 229.990478515625 234.82012939453125 233.0600128173828125 226.0362701416015625 224.0741119384765625 219.8050994873046875 214.340789794921875 210.6102142333984375 205.373779296875 199.5787200927734375 198.7676849365234375 199.2484130859375 201.9401702880859375 203.3620758056640625
0 200.0521087646484375 194.2565155029296875 193.01129150390625 204.018646240234375 203.9293212890625 195.363250732421875 203.2225341796875 210.6641693115234375 197.3184661865234375 201.65814208984375 224.149200439453125 227.2412261962890625 244.1716461181640625 260.279693603515625 263.9156494140625 260.9591064453125 254.032806396484375 249.278106689453125 248.69805908203125 248.4521331787109375 248.2635955810546875 246.77642822265625 242.15185546875 239.92669677734375 239.4985504150390625 239.840789794921875 239.0494537353515625 233.27984619140625 227.2901611328125 230.165802001953125 228.9157867431640625 220.587188720703125 218.89263916015625 215.6737213134765625 209.4996337890625 206.1883697509765625 201.5649566650390625 197.5359649658203125 200.7664337158203125 200.799102783203125 200.2407073974609375 200.7567291259765625
0 197.2409210205078125 192.4891357421875 196.9967498779296875 205.6321258544921875 201.0036468505859375 195.3983917236328125 210.6180572509765625 218.210693359375 195.99322509765625 202.902618408203125 224.6740264892578125 230.367950439453125 249.113677978515625 262.75128173828125 264.785919189453125 256.758880615234375 250.955474853515625 251.19696044921875 251.208221435546875 248.8019561767578125 245.8455810546875 242.69189453125 240.15069580078125 240.659698486328125 240.2657928466796875 238.5942840576171875 234.671478271484375 227.0600433349609375 222.096160888671875 224.7653656005859375 224.1207733154296875 215.004058837890625 210.6413726806640625 208.994384765625 205.602630615234375 204.5373077392578125 200.9606475830078125 199.131134033203125 202.9436187744140625 201.083251953125 198.35040283203125 199.467498779296875
0 194.502197265625 195.4072265625 201.5646514892578125 207.0869903564453125 203.128692626953125 200.39117431640625 219.6490478515625 220.0812225341796875 192.3736114501953125 201.8910064697265625 221.9928436279296875 230.924957275390625 249.3704986572265625 256.736480712890625 253.2725830078125 248.8807220458984375 248.7917938232421875 248.018310546875 244.7099151611328125 241.2521209716796875 239.4677886962890625 236.5178375244140625 234.0228729248046875 233.7796173095703125 233.0860748291015625 231.1744537353515625 227.2760772705078125 220.5149078369140625 217.4048309326171875 218.373321533203125 216.7584228515625 210.7605743408203125 205.6437225341796875 204.2141876220703125 204.4434661865234375 203.1604766845703125 200.3812408447265625 199.361114501953125 200.78509521484375 200.3866424560546875 198.3720855712890625 198.67376708984375
0 195.995391845703125 203.197967529296875 205.1907958984375 207.846923828125 207.1664276123046875 208.74835205078125 225.755828857421875 217.543426513671875 191.7863616943359375 202.1557159423828125 219.259674072265625 231.4976043701171875 247.1776885986328125 249.8072509765625 245.4505767822265625 245.2962493896484375 245.0779571533203125 241.3762969970703125 237.363494873046875 236.787078857421875 235.8780670166015625 233.6319427490234375 231.227569580078125 229.6586151123046875 229.3610382080078125 227.4629058837890625 225.2406768798828125 219.73626708984375 216.0619354248046875 214.462890625 211.6508026123046875 208.5870361328125 204.8400421142578125 204.2403411865234375 203.0699462890625 199.8524322509765625 198.2139892578125 197.827362060546875 198.148773193359375 199.678558349609375 198.249420166015625 197.3124542236328125
0 203.014007568359375 211.8857269287109375 209.8583526611328125 210.2248687744140625 213.319488525390625 216.7993316650390625 224.1923828125 210.7620697021484375 192.9004974365234375 204.2953338623046875 210.7467498779296875 227.8885345458984375 240.75201416015625 244.5064239501953125 245.7716522216796875 243.501220703125 239.317626953125 235.6990814208984375 233.7928924560546875 233.3059844970703125 230.3899383544921875 229.4933319091796875 228.993194580078125 227.5246734619140625 227.7402801513671875 224.8165740966796875 222.196563720703125 217.519866943359375 214.522064208984375 213.72637939453125 210.2529296875 206.9835357666015625 204.5714874267578125 204.605255126953125 201.1024627685546875 197.6967010498046875 195.4557342529296875 196.026641845703125 196.9530181884765625 198.036407470703125 197.5766448974609375 199.4570465087890625
0 215.32086181640625 223.385589599609375 218.1906280517578125 217.160736083984375 226.0877532958984375 230.64404296875 230.2185821533203125 217.4810028076171875 196.9841766357421875 203.6289520263671875 203.08245849609375 217.89044189453125 233.8310546875 240.1552886962890625 238.84136962890625 234.722869873046875 232.6354827880859375 229.7585906982421875 229.6783447265625 228.774139404296875 226.9049072265625 227.3080902099609375 225.8666534423828125 223.0823516845703125 223.0787353515625 219.2303924560546875 215.7717132568359375 213.6455841064453125 210.8077392578125 208.4348602294921875 204.2754364013671875 202.7667694091796875 200.9996185302734375 200.6751251220703125 199.2055816650390625 196.54254150390625 192.7150726318359375 193.8730316162109375 196.4292449951171875 198.1811676025390625 200.9051055908203125 202.4594879150390625
0 235.10455322265625 237.6415863037109375 228.9261932373046875 228.70867919921875 241.2271270751953125 241.3889007568359375 238.767425537109375 237.4445037841796875 197.877899169921875 187.431060791015625 198.1986541748046875 213.28472900390625 234.5494537353515625 239.185394287109375 235.3684844970703125 230.8734283447265625 228.0122222900390625 227.4644622802734375 228.43096923828125 227.1979217529296875 225.9235076904296875 224.3969573974609375 221.871337890625 219.4899139404296875 218.406890869140625 213.40447998046875 209.8399658203125 209.8673858642578125 207.869873046875 207.4656982421875 204.0260162353515625 200.6481781005859375 196.3978118896484375 195.872406005859375 198.0842437744140625 195.2434539794921875 192.5597991943359375 195.66497802734375 198.345703125 201.373138427734375 205.7476043701171875 203.0084075927734375
0 255.5290985107421875 248.894683837890625 239.886016845703125 241.4593505859375 247.8538970947265625 241.7409210205078125 241.0005035400390625 241.259918212890625 188.5830535888671875 161.5644378662109375 212.27520751953125 230.9698944091796875 239.7938232421875 237.249481201171875 233.6165924072265625 229.394561767578125 226.452117919921875 228.354522705078125 227.009918212890625 224.419189453125 223.745086669921875 222.15582275390625 220.1721038818359375 216.9004364013671875 213.9534454345703125 210.3694915771484375 206.910797119140625 207.981048583984375 209.253448486328125 211.709503173828125 208.70001220703125 199.929107666015625 193.8770904541015625 194.2982330322265625 198.434478759765625 195.2808990478515625 194.7320556640625 199.196014404296875 201.0319061279296875 204.2223358154296875 207.6393585205078125 204.8438873291015625
0 251.8690643310546875 242.0481719970703125 246.2854156494140625 254.8260040283203125 251.0845489501953125 246.1748199462890625 256.52630615234375 257.151947021484375 219.806488037109375 342.76068115234375 317.12078857421875 294.774261474609375 247.889801025390625 233.489959716796875 229.8626708984375 225.3977508544921875 223.7440185546875 223.9245147705078125 219.74676513671875 217.9093475341796875 218.882293701171875 219.4001007080078125 216.7814178466796875 212.5744781494140625 211.128570556640625 209.586181640625 205.519805908203125 207.0207672119140625 208.8307647705078125 208.774200439453125 206.1906890869140625 198.3094329833984375 193.807464599609375 194.0473480224609375 197.2199249267578125 193.6776275634765625 194.339813232421875 200.9771575927734375 203.87030029296875 206.2805328369140625 208.8695220947265625 206.4296112060546875
0 220.4705352783203125 225.54010009765625 239.5533294677734375 243.4350738525390625 243.8116912841796875 251.987548828125 259.602020263671875 261.48486328125 281.590057373046875 311.234954833984375 318.109832763671875 328.522003173828125 296.564178466796875 242.7557830810546875 229.2691650390625 224.0828704833984375 220.8280029296875 218.898101806640625 217.350128173828125 216.49530029296875 217.2603912353515625 216.894622802734375 212.5062408447265625 209.9037017822265625 209.8241119384765625 207.3383331298828125 203.9657135009765625 204.2998199462890625 204.50048828125 203.325408935546875 202.5463104248046875 198.6750030517578125 197.2270355224609375 193.3515625 189.81884765625 188.28253173828125 192.216033935546875 201.22064208984375 205.214202880859375 205.1947479248046875 206.3600006103515625 203.125762939453125
