wildfire/work/fuelmodels/1722/aspect.asc
ncols        67
nrows        76
xllcorner    179915.000000000000
yllcorner    312580.000000000000
cellsize     5.000000000000
NODATA_value   -999
[rows 19 to 37 of 76, columns 0 to 42 of 67]
0 239.8099212646484375 239.8808746337890625 241.8119049072265625 243.492919921875 240.452880859375 238.0912933349609375 247.2169952392578125 252.6297454833984375 247.9315185546875 224.0898895263671875 220.3639984130859375 234.141021728515625 247.1833343505859375 251.8466796875 259.52520751953125 260.51763916015625 257.962615966796875 260.821746826171875 263.401397705078125 259.90789794921875 246.0485992431640625 239.019287109375 242.99371337890625 252.3288421630859375 256.168548583984375 255.1087493896484375 252.8631744384765625 251.163330078125 249.5865478515625 246.756011962890625 238.2059478759765625 216.7588043212890625 191.92877197265625 182.7753143310546875 188.9935760498046875 197.8575439453125 203.06976318359375 205.9735107421875 217.5037689208984375 225.7635345458984375 229.3677825927734375 227.8219146728515625
0 231.14593505859375 231.956451416015625 235.5035247802734375 235.7838287353515625 233.33380126953125 234.0678558349609375 239.7191009521484375 241.4691314697265625 239.8279571533203125 233.302215576171875 219.8054046630859375 229.9388427734375 247.85821533203125 255.2998199462890625 258.399810791015625 255.7740325927734375 252.8394012451171875 256.598663330078125 257.170623779296875 238.3058929443359375 212.1178741455078125 220.8185882568359375 231.596527099609375 241.2837371826171875 248.172454833984375 248.8619537353515625 245.8994293212890625 243.13421630859375 240.1320343017578125 235.4641876220703125 223.8004913330078125 205.51556396484375 196.686065673828125 194.953277587890625 199.49798583984375 202.9560546875 211.7980194091796875 222.982421875 230.273468017578125 224.596221923828125 223.58502197265625 230.1605224609375
0 229.480438232421875 233.0118560791015625 236.1831817626953125 232.828582763671875 232.3689727783203125 231.905364990234375 235.6670074462890625 237.3858642578125 246.993194580078125 246.5600128173828125 211.1753692626953125 221.247650146484375 246.2948455810546875 251.213531494140625 250.3745269775390625 251.8538360595703125 253.2418670654296875 255.6846160888671875 252.9071044921875 226.8659210205078125 202.35272216796875 221.2225341796875 231.8627166748046875 240.553131103515625 244.9313812255859375 244.0075531005859375 240.2487945556640625 236.3472442626953125 230.71002197265625 223.9217071533203125 216.6763763427734375 208.0836334228515625 210.022613525390625 211.476593017578125 214.8077545166015625 219.288604736328125 231.15869140625 236.5420989990234375 230.0289154052734375 221.121246337890625 227.7444000244140625 234.40673828125
0 229.4388427734375 234.7874298095703125 234.858489990234375 231.5289306640625 233.278411865234375 232.7397613525390625 236.3727569580078125 237.312652587890625 253.4067230224609375 253.9851226806640625 207.1591339111328125 218.3327178955078125 247.18243408203125 250.65875244140625 250.4886474609375 254.4549102783203125 253.839019775390625 253.3527069091796875 251.0528717041015625 237.9209747314453125 226.3634796142578125 250.38934326171875 257.394195556640625 255.3118438720703125 248.48773193359375 242.15106201171875 235.29132080078125 230.820465087890625 224.9995269775390625 219.267578125 218.4049530029296875 217.7340545654296875 223.44293212890625 231.19830322265625 241.7581024169921875 251.7704620361328125 250.3956298828125 239.81298828125 231.5993499755859375 234.91217041015625 246.430511474609375 244.2120819091796875
0 233.394989013671875 236.2430419921875 235.259521484375 234.34857177734375 234.4332427978515625 231.6024017333984375 237.01446533203125 242.813232421875 256.277069091796875 252.1002197265625 204.3203582763671875 218.884033203125 247.9745941162109375 250.826385498046875 252.66851806640625 255.7904205322265625 252.114044189453125 250.5010833740234375 250.1215362548828125 247.9237060546875 272.03985595703125 294.23077392578125 285.075103759765625 271.061798095703125 255.640411376953125 238.8833465576171875 227.3109130859375 226.976806640625 224.38861083984375 222.472259521484375 228.8792266845703125 234.7353515625 243.30303955078125 257.484344482421875 270.189453125 273.944366455078125 262.5679931640625 247.16546630859375 239.8257904052734375 246.0029449462890625 249.273895263671875 241.1566619873046875
0 237.86492919921875 233.5994873046875 234.083282470703125 234.295806884765625 231.4547882080078125 227.4735260009765625 237.9375457763671875 252.65679931640625 261.85272216796875 252.4635772705078125 210.2444000244140625 219.6144866943359375 242.5121917724609375 247.70953369140625 248.9524383544921875 251.62396240234375 249.4907073974609375 248.790802001953125 246.156982421875 241.5501708984375 255.9800262451171875 277.779144287109375 278.027374267578125 265.061492919921875 251.0850372314453125 232.7871856689453125 227.9591064453125 230.11907958984375 232.244598388671875 234.9568634033203125 245.161468505859375 252.378448486328125 258.820404052734375 268.18426513671875 278.745574951171875 286.926910400390625 266.28448486328125 237.723846435546875 233.4706268310546875 239.1385650634765625 232.74407958984375 229.4361419677734375
0 230.743682861328125 230.2243194580078125 233.9805908203125 233.1061859130859375 228.1790313720703125 227.83526611328125 241.041107177734375 253.4055938720703125 260.932830810546875 253.729400634765625 216.27227783203125 217.4047698974609375 235.2677459716796875 245.706329345703125 246.5060882568359375 250.3523712158203125 250.8727874755859375 249.7700653076171875 244.7320709228515625 240.677703857421875 246.7485809326171875 244.1527099609375 242.14996337890625 244.9560546875 226.62872314453125 213.2619171142578125 218.2059326171875 225.5679779052734375 237.255767822265625 240.858795166015625 246.328338623046875 251.81854248046875 256.65869140625 260.92645263671875 260.18603515625 239.7081451416015625 195.9452362060546875 199.462127685546875 210.8498382568359375 218.8196258544921875 220.4946746826171875 230.82586669921875
0 229.097320556640625 234.0573883056640625 235.36383056640625 232.6500701904296875 230.04718017578125 232.6663818359375 241.4047698974609375 250.9465179443359375 257.056793212890625 249.296539306640625 209.654144287109375 207.865020751953125 229.2048492431640625 245.7630767822265625 244.6156005859375 245.635162353515625 248.483123779296875 248.3942413330078125 243.32177734375 241.4321746826171875 243.8450469970703125 231.80731201171875 220.29412841796875 208.0306396484375 189.5633544921875 190.45172119140625 199.6912994384765625 210.0837860107421875 220.3549041748046875 229.20343017578125 246.1868743896484375 252.2915191650390625 246.40142822265625 239.4232025146484375 226.6028594970703125 197.533172607421875 182.76092529296875 190.6069488525390625 200.1620025634765625 210.595489501953125 223.799713134765625 231.51043701171875
0 234.1961212158203125 235.52716064453125 232.7793731689453125 232.4380340576171875 234.956268310546875 234.0012969970703125 234.9989166259765625 248.5305023193359375 254.5224456787109375 239.7768402099609375 198.34014892578125 199.4163055419921875 227.8127899169921875 244.6238250732421875 241.25225830078125 246.0483551025390625 251.3398284912109375 247.742462158203125 240.6126251220703125 239.0186614990234375 238.897186279296875 223.6143035888671875 200.2628631591796875 183.893218994140625 175.5679779052734375 183.104217529296875 200.2754974365234375 214.8278045654296875 222.547271728515625 239.0919647216796875 256.73388671875 253.7037506103515625 234.089813232421875 222.1636810302734375 212.988128662109375 198.6089019775390625 191.2134246826171875 197.6494903564453125 204.8387603759765625 212.827972412109375 222.944854736328125 225.7806854248046875
0 233.3293914794921875 233.081085205078125 232.22845458984375 234.219207763671875 235.91650390625 229.1658477783203125 229.76312255859375 246.7517852783203125 249.60894775390625 230.5909881591796875 195.1815185546875 201.2793426513671875 224.5643463134765625 238.9072113037109375 239.4396514892578125 244.948974609375 248.7048492431640625 244.92987060546875 238.0646820068359375 237.0582427978515625 236.6082305908203125 216.7876434326171875 185.68505859375 161.6289520263671875 157.5396728515625 182.6943817138671875 220.652587890625 240.35382080078125 248.996612548828125 256.98553466796875 251.496917724609375 224.1180572509765625 222.291046142578125 218.36309814453125 215.2456207275390625 210.3934478759765625 211.04388427734375 220.1956939697265625 230.838958740234375 241.1536102294921875 242.9868316650390625 240.557037353515625
0 235.7174224853515625 235.3045501708984375 235.336181640625 236.0804290771484375 233.4325103759765625 223.6973876953125 228.0478363037109375 244.9261016845703125 246.9654541015625 229.77349853515625 198.4345550537109375 205.12274169921875 216.1925201416015625 235.6532745361328125 241.1007080078125 235.4071044921875 235.9033660888671875 238.5160369873046875 236.2942352294921875 234.0407257080078125 234.065277099609375 217.3380126953125 177.14471435546875 150.61297607421875 144.0511932373046875 197.479736328125 246.21954345703125 255.669891357421875 261.20635986328125 262.0120849609375 246.7603302001953125 220.6721343994140625 226.0616455078125 225.85833740234375 230.760162353515625 238.6225433349609375 253.4551544189453125 274.168060302734375 293.307159423828125 302.720458984375 304.3538818359375 281.55950927734375
0 231.0168609619140625 229.7630615234375 232.249603271484375 232.84710693359375 227.518218994140625 220.0297393798828125 228.394500732421875 243.36871337890625 245.4365386962890625 229.9050445556640625 202.6194000244140625 202.1847076416015625 209.410308837890625 236.447509765625 241.6452789306640625 225.955902099609375 231.3470306396484375 239.8767547607421875 234.357391357421875 227.33843994140625 229.4034423828125 217.2268218994140625 177.09765625 141.1619415283203125 117.29952239990234375 288.97979736328125 280.134521484375 272.481048583984375 263.356353759765625 259.448760986328125 256.86181640625 250.021820068359375 254.967498779296875 262.891357421875 274.877838134765625 286.56884765625 298.288238525390625 311.0791015625 324.94354248046875 331.07666015625 335.595245361328125 328.535186767578125
0 224.6931304931640625 224.698760986328125 228.004425048828125 226.5688018798828125 222.3517913818359375 219.6167144775390625 229.1287078857421875 240.293304443359375 244.2855682373046875 232.89111328125 206.3994140625 201.801025390625 208.0568695068359375 234.1069183349609375 236.066192626953125 218.0489349365234375 228.0004425048828125 238.0208282470703125 229.5342559814453125 218.9588470458984375 221.2477264404296875 216.134246826171875 204.55364990234375 238.1334991455078125 339.52557373046875 330.13232421875 316.18701171875 307.106353759765625 295.023223876953125 279.15167236328125 274.0224609375 282.24383544921875 289.864837646484375 298.722076416015625 305.5625 308.146087646484375 311.33416748046875 319.547271728515625 333.823883056640625 348.102081298828125 351.626922607421875 359.447906494140625
0 226.145355224609375 230.3213043212890625 230.4472503662109375 227.251495361328125 225.3414764404296875 223.1696014404296875 227.9712066650390625 236.48846435546875 243.7905731201171875 234.2013092041015625 206.6185150146484375 206.449432373046875 212.66046142578125 230.975372314453125 229.218536376953125 217.351715087890625 228.10479736328125 238.939208984375 232.0863037109375 220.2743988037109375 221.76544189453125 222.999053955078125 231.127410888671875 264.791229248046875 305.15142822265625 317.591644287109375 313.998748779296875 311.73828125 309.2235107421875 296.55078125 289.11712646484375 294.076507568359375 298.379302978515625 302.26068115234375 308.109344482421875 310.219696044921875 310.080291748046875 316.951934814453125 334.1099853515625 356.85418701171875 1.1690273284912109375 12.355160713195800781
0 232.01849365234375 235.8910675048828125 233.8487701416015625 232.787872314453125 232.2820281982421875 229.6134033203125 230.3610382080078125 238.013153076171875 244.5930938720703125 234.574981689453125 210.228790283203125 218.1792449951171875 224.1538238525390625 230.5594329833984375 228.5989227294921875 223.4114990234375 232.2959442138671875 241.025360107421875 234.1449432373046875 227.4411773681640625 229.7345733642578125 236.2445220947265625 253.0340423583984375 270.32403564453125 285.437347412109375 296.75811767578125 300.151519775390625 299.9969482421875 296.116058349609375 290.178802490234375 289.6505126953125 292.8271484375 295.873626708984375 299.30706787109375 305.25653076171875 308.132171630859375 303.34747314453125 306.050140380859375 328.122528076171875 0 10.696634292602539062 21.267164230346679688
0 233.1765899658203125 232.6477203369140625 232.3675537109375 234.517364501953125 233.7180328369140625 228.5758056640625 226.547515869140625 232.50994873046875 236.695068359375 222.2537841796875 201.7219085693359375 212.2220458984375 209.2991790771484375 206.4409942626953125 215.9399566650390625 222.7218780517578125 231.038116455078125 234.55517578125 229.6457977294921875 229.780609130859375 236.4020233154296875 255.315673828125 272.75262451171875 283.13568115234375 289.951812744140625 293.55670166015625 294.54150390625 294.75640869140625 291.4364013671875 286.132171630859375 284.18109130859375 284.580657958984375 286.25421142578125 289.595001220703125 295.1839599609375 301.45733642578125 296.77166748046875 292.357666015625 306.415863037109375 357.049102783203125 19.653802871704101562 21.50103759765625
0 232.920135498046875 230.71014404296875 231.0085296630859375 232.4710693359375 229.961822509765625 218.2015838623046875 204.8226470947265625 203.7666015625 214.37493896484375 208.039703369140625 195.1920013427734375 202.5377349853515625 199.355560302734375 200.463653564453125 214.3040008544921875 223.947418212890625 230.3994140625 235.3042144775390625 239.5257568359375 244.9380645751953125 256.9007568359375 272.628021240234375 280.375213623046875 283.509002685546875 287.481964111328125 288.766021728515625 286.575775146484375 285.158447265625 281.63153076171875 277.7286376953125 276.27581787109375 275.524169921875 274.70184326171875 275.214752197265625 278.6666259765625 288.7001953125 296.396636962890625 290.887939453125 286.009979248046875 322.814697265625 13.760272026062011719 24.014495849609375
0 228.82464599609375 226.286956787109375 227.630218505859375 228.648712158203125 221.4424896240234375 209.172088623046875 187.6255340576171875 183.9506683349609375 211.6309661865234375 215.881683349609375 202.40557861328125 206.6320953369140625 210.7129974365234375 217.3605194091796875 225.2203216552734375 228.6497039794921875 233.18145751953125 245.6931304931640625 258.62677001953125 267.219207763671875 273.982330322265625 279.887908935546875 284.35162353515625 282.7298583984375 280.886199951171875 280.743133544921875 279.724456787109375 280.44378662109375 276.23858642578125 271.376373291015625 270.333404541015625 269.78216552734375 268.82257080078125 267.60614013671875 267.915191650390625 273.02569580078125 280.967071533203125 283.860260009765625 281.7242431640625 289.982452392578125 359.9976806640625 31.607240676879882812
0 223.7881011962890625 224.6803436279296875 226.832244873046875 226.046417236328125 217.6019134521484375 212.210479736328125 183.38470458984375 161.1239166259765625 223.3911895751953125 232.9710540771484375 214.6945343017578125 218.8292999267578125 226.38995361328125 227.364715576171875 225.81793212890625 227.2941741943359375 241.12005615234375 259.41021728515625 270.615447998046875 275.099884033203125 278.214447021484375 281.01751708984375 284.22357177734375 282.6832275390625 276.331207275390625 271.89239501953125 270.543243408203125 270.501373291015625 270.8543701171875 268.59747314453125 264.81280517578125 262.922760009765625 263.5362548828125 263.93914794921875 263.396209716796875 265.38873291015625 273.4615478515625 287.506622314453125 296.800201416015625 289.203460693359375 320.192626953125 24.274608612060546875
