wildfire/work/fuelmodels/1722/slope.asc
ncols        67
nrows        76
xllcorner    179915.000000000000
yllcorner    312580.000000000000
cellsize     5.000000000000
NODATA_value   -999
[rows 36 to 53 of 76, columns 0 to 40 of 67]
0 10.916629791259765625 11.271402359008789062 11.719031333923339844 12.419267654418945312 11.729183197021484375 10.567796707153320312 10.798827171325683594 14.883512496948242188 20.814296722412109375 20.519964218139648438 16.060319900512695312 16.865444183349609375 17.443609237670898438 16.10302734375 16.332891464233398438 18.239126205444335938 19.58393096923828125 21.294612884521484375 23.6314544677734375 24.431156158447265625 29.36066436767578125 36.617279052734375 37.2847747802734375 37.233417510986328125 35.146514892578125 30.087207794189453125 28.088323593139648438 23.41162109375 22.11034393310546875 27.226003646850585938 29.738721847534179688 28.667186737060546875 26.586900711059570312 21.663450241088867188 15.31810760498046875 9.7627096176147460938 5.9045047760009765625 3.5670599937438964844 2.4352066516876220703 2.1064553260803222656
0 10.487004280090332031 11.362762451171875 11.86923980712890625 12.115311622619628906 11.55162811279296875 10.588032722473144531 7.9804692268371582031 9.217571258544921875 14.608723640441894531 17.666124343872070312 12.023663520812988281 11.774306297302246094 13.021991729736328125 14.522223472595214844 15.440022468566894531 17.268047332763671875 21.03832244873046875 25.271223068237304688 26.418209075927734375 26.536516189575195312 32.79438018798828125 40.377216339111328125 37.576694488525390625 34.30611419677734375 32.569896697998046875 28.315677642822265625 27.547473907470703125 22.619739532470703125 20.732664108276367188 25.928495407104492188 28.838043212890625 28.74974822998046875 26.948709487915039062 21.932786941528320312 16.067325592041015625 11.139036178588867188 6.3236451148986816406 3.5135262012481689453 2.4445447921752929688 2.1201245784759521484
0 10.581114768981933594 10.652133941650390625 11.273009300231933594 11.784563064575195312 11.291215896606445312 10.280115127563476562 8.3697557449340820312 10.390320777893066406 13.392017364501953125 17.326292037963867188 12.128015518188476562 13.681741714477539062 15.021909713745117188 15.16878509521484375 15.922817230224609375 18.029809951782226562 24.841625213623046875 31.12146759033203125 29.063646316528320312 27.598606109619140625 34.210712432861328125 40.519153594970703125 37.777950286865234375 31.003412246704101562 27.219182968139648438 27.61122894287109375 28.022523880004882812 23.654870986938476562 21.64096832275390625 23.372903823852539062 27.50991058349609375 29.60645294189453125 27.2606658935546875 23.440176010131835938 17.610202789306640625 12.62420654296875 7.5444231033325195312 4.0106334686279296875 2.6992042064666748047 1.7816928625106811523
0 11.492976188659667969 11.401232719421386719 11.418941497802734375 11.881532669067382812 12.126383781433105469 11.869423866271972656 10.745121955871582031 10.984831809997558594 13.645092964172363281 15.942413330078125 10.578337669372558594 12.673250198364257812 14.743044853210449219 14.853812217712402344 16.664104461669921875 21.5968780517578125 31.565263748168945312 35.609432220458984375 28.750030517578125 27.73845672607421875 33.8296966552734375 38.350376129150390625 38.646411895751953125 28.72980499267578125 22.055402755737304688 26.833805084228515625 28.925067901611328125 25.1744384765625 22.792377471923828125 20.935770034790039062 26.38332366943359375 30.306840896606445312 26.6795501708984375 24.797887802124023438 19.8479461669921875 14.032144546508789062 8.9997892379760742188 4.8206415176391601562 2.5425515174865722656 1.1136558055877685547
0 11.960556983947753906 12.150816917419433594 12.513071060180664062 12.761588096618652344 12.783190727233886719 12.824062347412109375 12.851528167724609375 10.969019889831542969 14.888553619384765625 15.780879020690917969 9.97454833984375 10.788670539855957031 13.412893295288085938 15.502175331115722656 17.377178192138671875 27.92023468017578125 37.589923858642578125 36.77571868896484375 27.709743499755859375 27.846197128295898438 33.098297119140625 35.732166290283203125 37.392704010009765625 28.274122238159179688 20.816131591796875 25.261846542358398438 28.302913665771484375 26.115388870239257812 23.829410552978515625 21.073369979858398438 25.429368972778320312 30.121433258056640625 27.6895294189453125 25.763677597045898438 21.437982559204101562 15.967748641967773438 10.819903373718261719 6.4778995513916015625 3.1782970428466796875 1.2095147371292114258
0 13.513433456420898438 13.572764396667480469 14.092365264892578125 15.140233993530273438 16.018026351928710938 15.229559898376464844 13.554089546203613281 11.976071357727050781 16.475770950317382812 18.128061294555664062 13.575810432434082031 13.222928047180175781 15.321995735168457031 16.24329376220703125 20.448009490966796875 33.5515594482421875 39.36246490478515625 36.4181365966796875 29.476297378540039062 27.234996795654296875 29.951953887939453125 33.471893310546875 35.391765594482421875 30.546190261840820312 24.532838821411132812 25.173070907592773438 26.127712249755859375 25.7555999755859375 24.816265106201171875 22.278612136840820312 24.665378570556640625 29.270069122314453125 29.4875640869140625 27.720928192138671875 23.9969329833984375 19.144710540771484375 13.884065628051757812 9.5780782699584960938 5.9406375885009765625 4.1336665153503417969
0 15.619038581848144531 16.477949142456054688 16.586038589477539062 16.697278976440429688 18.307367324829101562 18.365428924560546875 15.500732421875 13.976346015930175781 17.527143478393554688 21.404560089111328125 20.205896377563476562 18.939210891723632812 18.37708282470703125 17.446462631225585938 26.845476150512695312 36.739337921142578125 38.2183837890625 35.07251739501953125 31.2168121337890625 28.279138565063476562 27.2702789306640625 30.183841705322265625 33.209308624267578125 32.190784454345703125 28.959840774536132812 27.72031402587890625 25.876544952392578125 25.402158737182617188 25.150995254516601562 21.425052642822265625 23.39662933349609375 28.530115127563476562 29.681016921997070312 29.019819259643554688 26.66823577880859375 23.315029144287109375 19.097860336303710938 15.48329925537109375 11.835346221923828125 9.3688592910766601562
0 18.77872467041015625 19.994508743286132812 21.128355026245117188 21.109834671020507812 20.299261093139648438 19.487897872924804688 18.106973648071289062 16.8418121337890625 18.017246246337890625 22.015399932861328125 22.543119430541992188 19.407634735107421875 16.289325714111328125 19.194833755493164062 32.109340667724609375 38.537441253662109375 36.42449188232421875 33.0816192626953125 31.151653289794921875 30.127834320068359375 27.592937469482421875 27.0480804443359375 30.128946304321289062 30.689474105834960938 29.437206268310546875 29.174901962280273438 27.593013763427734375 25.559535980224609375 24.823549270629882812 21.888589859008789062 23.045118331909179688 27.385641098022460938 29.175809860229492188 31.1796722412109375 30.189649581909179688 28.7217864990234375 26.137235641479492188 23.237848281860351562 20.557674407958984375 17.438676834106445312
0 17.0425872802734375 17.462938308715820312 18.399717330932617188 19.38388824462890625 19.68836212158203125 19.705751419067382812 18.575380325317382812 16.532169342041015625 16.649871826171875 19.334444046020507812 20.644895553588867188 17.294950485229492188 14.62540435791015625 21.211904525756835938 34.4464569091796875 39.204463958740234375 35.142730712890625 31.719058990478515625 30.401447296142578125 29.234994888305664062 28.612073898315429688 27.304040908813476562 28.367193222045898438 29.185503005981445312 28.758274078369140625 29.591573715209960938 29.604297637939453125 25.59551239013671875 23.462186813354492188 23.053699493408203125 23.538110733032226562 25.652151107788085938 27.32752227783203125 30.876598358154296875 31.771589279174804688 31.55777740478515625 30.457279205322265625 28.680009841918945312 26.98241424560546875 24.436857223510742188
0 13.040002822875976562 13.460734367370605469 13.811918258666992188 14.661591529846191406 16.169340133666992188 17.168344497680664062 17.832117080688476562 16.449880599975585938 14.868229866027832031 15.773427963256835938 18.604167938232421875 16.958375930786132812 16.363132476806640625 24.480733871459960938 35.281482696533203125 38.761737823486328125 34.740047454833984375 31.028188705444335938 30.15242767333984375 27.408426284790039062 27.965944290161132812 28.766483306884765625 27.91788482666015625 28.35974884033203125 28.703563690185546875 30.243963241577148438 31.216299057006835938 26.886732101440429688 22.996129989624023438 22.976293563842773438 22.640417098999023438 23.6297760009765625 24.749177932739257812 26.754922866821289062 28.906490325927734375 30.225749969482421875 30.405645370483398438 29.886079788208007812 29.1728057861328125 28.236307144165039062
0 12.135500907897949219 12.390769004821777344 13.048792839050292969 13.557728767395019531 13.748296737670898438 14.141178131103515625 16.41347503662109375 16.4021453857421875 13.551190376281738281 13.789158821105957031 17.863954544067382812 17.6581573486328125 18.57855224609375 28.152441024780273438 36.29930877685546875 37.594463348388671875 34.030834197998046875 30.252117156982421875 30.096689224243164062 28.637592315673828125 27.736728668212890625 28.610492706298828125 28.151767730712890625 28.595245361328125 29.392408370971679688 30.743795394897460938 31.589656829833984375 28.392078399658203125 25.281341552734375 25.247486114501953125 21.80229949951171875 20.725666046142578125 23.122623443603515625 23.688234329223632812 25.131418228149414062 27.882114410400390625 29.411680221557617188 30.171930313110351562 30.584920883178710938 29.902341842651367188
0 11.034154891967773438 11.269675254821777344 11.233773231506347656 11.490057945251464844 11.966199874877929688 12.404504776000976562 13.701994895935058594 14.64837646484375 13.058809280395507812 13.313892364501953125 16.949493408203125 17.665973663330078125 21.480062484741210938 30.850605010986328125 36.676425933837890625 35.667705535888671875 31.95789337158203125 29.883487701416015625 29.104335784912109375 29.084783554077148438 28.202566146850585938 26.953264236450195312 26.207033157348632812 27.407911300659179688 28.6085968017578125 30.126913070678710938 30.844989776611328125 28.203586578369140625 26.293909072875976562 28.352968215942382812 25.393505096435546875 20.327646255493164062 21.984979629516601562 23.596296310424804688 23.61395263671875 25.3587646484375 27.512908935546875 28.907236099243164062 29.65509033203125 29.272642135620117188
0 10.204028129577636719 10.665846824645996094 10.724627494812011719 11.074168205261230469 11.054842948913574219 10.960933685302734375 11.467577934265136719 12.040483474731445312 10.969559669494628906 12.522150039672851562 16.6099395751953125 17.790033340454101562 24.963163375854492188 34.573284149169921875 35.0145721435546875 32.32735443115234375 30.864049911499023438 29.912860870361328125 28.737810134887695312 27.995908737182617188 28.43274688720703125 27.10507965087890625 25.472164154052734375 26.442295074462890625 27.509038925170898438 29.00487518310546875 30.246713638305664062 29.037771224975585938 27.961820602416992188 29.990205764770507812 29.964818954467773438 24.662456512451171875 22.849384307861328125 24.532068252563476562 25.101427078247070312 24.413583755493164062 23.654760360717773438 23.992464065551757812 25.870655059814453125 27.164728164672851562
0 8.6881113052368164062 8.8632946014404296875 9.0899028778076171875 9.8918638229370117188 9.6999387741088867188 9.1380662918090820312 10.530098915100097656 10.712039947509765625 8.9996623992919921875 10.57196807861328125 15.613968849182128906 19.1251983642578125 28.049152374267578125 37.32386016845703125 34.077342987060546875 30.666164398193359375 31.324609756469726562 30.727346420288085938 29.213808059692382812 28.355726242065429688 28.664173126220703125 28.200769424438476562 27.143810272216796875 27.6543426513671875 28.626409530639648438 29.379190444946289062 30.068792343139648438 29.790227890014648438 30.121427536010742188 31.710140228271484375 33.252086639404296875 31.391675949096679688 27.875125885009765625 26.221651077270507812 26.1530914306640625 26.179821014404296875 25.284124374389648438 24.046766281127929688 24.367475509643554688 25.218442916870117188
0 7.007678985595703125 7.0113501548767089844 7.1213388442993164062 8.0704278945922851562 8.5976457595825195312 8.1641302108764648438 9.6055736541748046875 9.5273990631103515625 8.45638275146484375 8.7425260543823242188 12.330600738525390625 18.839214324951171875 30.24845123291015625 36.78546905517578125 34.769527435302734375 32.295269012451171875 31.299346923828125 31.190351486206054688 30.039598464965820312 29.57263946533203125 28.815593719482421875 28.285947799682617188 27.822294235229492188 28.043882369995117188 29.070156097412109375 29.274265289306640625 29.16356658935546875 27.865161895751953125 28.685888290405273438 31.06949615478515625 33.146289825439453125 34.1806182861328125 32.89165496826171875 30.310405731201171875 28.10308837890625 27.831445693969726562 28.58344268798828125 28.546190261840820312 27.629917144775390625 26.71451568603515625
0 5.5178351402282714844 5.7424449920654296875 5.5966944694519042969 5.9804120063781738281 6.7458333969116210938 7.3456788063049316406 9.007537841796875 8.7700738906860351562 8.2404928207397460938 8.61383819580078125 10.166799545288085938 16.8457794189453125 30.012676239013671875 37.020298004150390625 35.533935546875 32.93950653076171875 31.575735092163085938 30.941341400146484375 30.97835540771484375 30.884813308715820312 29.999378204345703125 29.733461380004882812 28.683961868286132812 27.953624725341796875 28.907953262329101562 28.877222061157226562 29.481760025024414062 28.35584259033203125 27.461557388305664062 28.178030014038085938 29.40828704833984375 31.65238189697265625 33.386993408203125 33.909893035888671875 32.4499053955078125 30.789060592651367188 30.293069839477539062 31.20298004150390625 31.652273178100585938 31.429826736450195312
0 4.1610598564147949219 4.5164046287536621094 4.2908983230590820312 4.4289641380310058594 5.0231952667236328125 5.4928226470947265625 6.6340384483337402344 6.3124933242797851562 5.6154470443725585938 7.0585093498229980469 8.7527704238891601562 14.026576995849609375 26.748197555541992188 37.877910614013671875 38.442287445068359375 34.88057708740234375 33.3470306396484375 31.952869415283203125 32.45366668701171875 32.363170623779296875 31.221963882446289062 31.088514328002929688 30.3336944580078125 29.350040435791015625 30.147684097290039062 29.874486923217773438 30.698202133178710938 31.177364349365234375 30.103597640991210938 29.979013442993164062 30.5159149169921875 31.600137710571289062 33.081844329833984375 35.83153533935546875 36.90479278564453125 35.897029876708984375 34.84528350830078125 34.6778411865234375 34.413970947265625 33.73168182373046875
0 3.2629916667938232422 3.48754119873046875 3.2518551349639892578 3.4420795440673828125 4.4371695518493652344 4.50696563720703125 4.9419374465942382812 4.72057342529296875 2.9305410385131835938 4.6927127838134765625 6.9024066925048828125 9.67901611328125 20.17684173583984375 33.767230987548828125 38.19110107421875 36.688098907470703125 35.044612884521484375 33.82407379150390625 32.99271392822265625 32.515872955322265625 32.107273101806640625 31.8813323974609375 31.839277267456054688 31.169881820678710938 31.3690948486328125 31.2880859375 32.036182403564453125 33.471668243408203125 33.28902435302734375 31.867893218994140625 29.55905914306640625 29.805768966674804688 31.836498260498046875 34.768779754638671875 37.284709930419921875 37.9662933349609375 37.674224853515625 36.4479827880859375 34.883853912353515625 33.598896026611328125
