wildfire/work/fuelmodels/1722/slope.asc
ncols        67
nrows        76
xllcorner    179915.000000000000
yllcorner    312580.000000000000
cellsize     5.000000000000
NODATA_value   -999
[rows 0 to 17 of 76, columns 0 to 40 of 67]
0 0 0 0 0 0 0 0 0 0 0 0 0 0 0 0 0 0 0 0 0 0 0 0 0 0 0 0 0 0 0 0 0 0 0 0 0 0 0 0 0
0 10.594635963439941406 9.3645944595336914062 9.7549295425415039062 10.972842216491699219 12.666055679321289062 17.997915267944335938 20.324979782104492188 19.357746124267578125 11.454297065734863281 14.622971534729003906 23.895143508911132812 17.72109222412109375 15.829579353332519531 19.66066741943359375 21.08211517333984375 21.494619369506835938 22.342678070068359375 27.832712173461914062 35.43126678466796875 50.457340240478515625 50.602832794189453125 53.524440765380859375 48.9880218505859375 13.83821868896484375 2.9784338474273681641 3.3397068977355957031 3.5790622234344482422 5.5533971786499023438 4.5160961151123046875 4.6102886199951171875 4.3975405693054199219 6.0139713287353515625 9.7332468032836914062 17.87305450439453125 32.05870819091796875 30.0013580322265625 27.396818161010742188 21.361127853393554688 10.894343376159667969 6.9966416358947753906
0 10.564326286315917969 7.9050364494323730469 9.1798582077026367188 12.358450889587402344 12.921163558959960938 17.455860137939453125 21.029886245727539062 18.279321670532226562 8.757358551025390625 14.6049041748046875 23.364900588989257812 17.263332366943359375 16.262987136840820312 19.730737686157226562 19.529926300048828125 20.490194320678710938 23.47092437744140625 28.457437515258789062 31.783849716186523438 21.169689178466796875 9.5750131607055664062 35.230709075927734375 48.5530242919921875 24.501592636108398438 6.4402270317077636719 6.8598260879516601562 5.6621575355529785156 8.28176116943359375 6.78295135498046875 4.9496083259582519531 7.1067295074462890625 11.936374664306640625 14.146990776062011719 15.25763702392578125 19.5722808837890625 26.317827224731445312 31.733766555786132812 32.46918487548828125 29.912555694580078125 25.6020050048828125
0 10.519158363342285156 7.7139849662780761719 9.3667354583740234375 13.189348220825195312 12.713518142700195312 16.753055572509765625 21.207139968872070312 18.69205474853515625 13.209789276123046875 16.642255783081054688 23.217885971069335938 19.967739105224609375 19.931367874145507812 23.10485076904296875 22.654664993286132812 21.324178695678710938 20.086444854736328125 15.969455718994140625 5.4071750640869140625 10.717523574829101562 21.01175689697265625 23.17142486572265625 34.667263031005859375 27.598812103271484375 13.998034477233886719 9.939239501953125 7.5426049232482910156 8.8067531585693359375 8.8500127792358398438 7.1094255447387695312 7.3807578086853027344 10.245888710021972656 9.3728418350219726562 8.9686756134033203125 10.749074935913085938 13.056445121765136719 17.9952392578125 22.0342864990234375 25.962041854858398438 25.777578353881835938
0 11.334652900695800781 9.962657928466796875 10.780060768127441406 12.6461029052734375 13.023242950439453125 16.882574081420898438 20.292766571044921875 15.379148483276367188 10.336064338684082031 13.837995529174804688 18.977634429931640625 18.027742385864257812 15.992277145385742188 16.979871749877929688 15.5188751220703125 14.324307441711425781 10.964884757995605469 8.8224020004272460938 11.285691261291503906 15.192018508911132812 18.582548141479492188 21.355182647705078125 27.720514297485351562 19.807569503784179688 9.192905426025390625 10.634448051452636719 8.5253696441650390625 8.2830295562744140625 11.239431381225585938 11.712986946105957031 9.229034423828125 7.6296830177307128906 7.9666657447814941406 8.7491025924682617188 8.5380773544311523438 8.3862962722778320312 8.982456207275390625 8.794246673583984375 11.880898475646972656 17.390867233276367188
0 11.251715660095214844 11.292719841003417969 10.715739250183105469 11.648738861083984375 13.14165496826171875 16.16182708740234375 21.48879241943359375 19.416219711303710938 10.693455696105957031 8.7806005477905273438 13.644257545471191406 15.433961868286132812 15.674338340759277344 17.141294479370117188 16.388017654418945312 14.792896270751953125 12.262788772583007812 10.479000091552734375 12.417722702026367188 16.1866607666015625 18.971059799194335938 24.493589401245117188 27.539781570434570312 21.317508697509765625 14.538735389709472656 10.379458427429199219 10.202057838439941406 11.409573554992675781 16.01976776123046875 18.508287429809570312 18.915643692016601562 20.22577667236328125 19.113779067993164062 15.165711402893066406 14.4810638427734375 17.452091217041015625 15.513127326965332031 10.429111480712890625 8.4665784835815429688 12.593481063842773438
0 10.665191650390625 11.047106742858886719 10.082726478576660156 10.221378326416015625 11.204726219177246094 13.59851837158203125 19.450490951538085938 25.419801712036132812 16.04061126708984375 8.3107442855834960938 13.030812263488769531 16.48174285888671875 19.322689056396484375 21.956798553466796875 20.552816390991210938 14.700199127197265625 10.903847694396972656 10.060390472412109375 11.924799919128417969 15.185491561889648438 18.941310882568359375 26.245016098022460938 27.158720016479492188 14.38129425048828125 4.6594758033752441406 8.9462213516235351562 17.439435958862304688 19.405668258666992188 23.507749557495117188 28.969007492065429688 31.0668182373046875 32.621856689453125 32.617572784423828125 31.531566619873046875 32.62366485595703125 34.677616119384765625 33.07740020751953125 33.6042022705078125 35.5137786865234375 35.6344757080078125
0 10.487696647644042969 10.411561965942382812 10.160104751586914062 10.594667434692382812 10.344808578491210938 11.133152008056640625 16.184778213500976562 25.962245941162109375 17.168376922607421875 7.6175994873046875 11.393885612487792969 15.764789581298828125 19.1279754638671875 23.440216064453125 24.648822784423828125 18.402463912963867188 12.828293800354003906 9.9592676162719726562 10.725115776062011719 13.740159034729003906 18.620706558227539062 25.88623046875 26.744464874267578125 15.038860321044921875 9.1206188201904296875 20.173089981079101562 23.893098831176757812 21.194873809814453125 24.647899627685546875 28.137525558471679688 23.4811553955078125 18.0597686767578125 16.388017654418945312 16.905992507934570312 21.576137542724609375 22.5357666015625 19.955617904663085938 22.936223983764648438 24.3716888427734375 21.872354507446289062
0 10.669050216674804688 10.495823860168457031 10.659853935241699219 10.834840774536132812 10.418789863586425781 10.070832252502441406 15.6292724609375 26.817045211791992188 17.98725128173828125 7.8100762367248535156 9.9193048477172851562 15.265596389770507812 18.450519561767578125 22.832347869873046875 26.755222320556640625 22.621412277221679688 16.381328582763671875 10.898565292358398438 9.9479274749755859375 13.841631889343261719 20.269809722900390625 24.851785659790039062 24.487447738647460938 17.791759490966796875 16.794847488403320312 21.700349807739257812 19.6220703125 16.973489761352539062 19.495409011840820312 19.789722442626953125 14.224557876586914062 7.6680908203125 4.4047522544860839844 2.6102364063262939453 11.967489242553710938 12.849511146545410156 6.2340402603149414062 4.7951593399047851562 3.9160120487213134766 2.7716419696807861328
0 10.6230621337890625 11.236378669738769531 11.400523185729980469 10.849079132080078125 10.623884201049804688 10.241665840148925781 15.400977134704589844 25.918674468994140625 17.728879928588867188 7.6840252876281738281 9.2927236557006835938 14.4752960205078125 17.0872955322265625 22.155889511108398438 27.695068359375 23.992290496826171875 18.63948822021484375 13.770565986633300781 11.638918876647949219 15.885326385498046875 21.709318161010742188 22.794195175170898438 22.5769500732421875 20.96677398681640625 18.704889297485351562 17.846963882446289062 19.900674819946289062 20.52759552001953125 17.798892974853515625 16.03350067138671875 12.933893203735351562 9.8559665679931640625 8.484470367431640625 10.658993721008300781 12.114332199096679688 11.508303642272949219 6.68320465087890625 4.0891866683959960938 3.3297035694122314453 2.9472131729125976562
0 10.334589004516601562 11.690763473510742188 11.808394432067871094 11.027149200439453125 10.675947189331054688 10.737366676330566406 16.460170745849609375 25.982000350952148438 17.767307281494140625 6.48503875732421875 8.55165863037109375 13.88220977783203125 16.433973312377929688 22.358747482299804688 29.026468276977539062 25.1684112548828125 20.759576797485351562 16.76725006103515625 13.971335411071777344 16.723905563354492188 21.765041351318359375 23.0259857177734375 22.685649871826171875 22.080242156982421875 19.116418838500976562 18.824014663696289062 21.916774749755859375 21.84688568115234375 17.599164962768554688 14.377228736877441406 11.467547416687011719 9.2033100128173828125 8.16568756103515625 8.9168500900268554688 9.9035463333129882812 8.541980743408203125 5.562839508056640625 3.3189036846160888672 2.8326480388641357422 3.1366486549377441406
0 10.152215003967285156 11.247158050537109375 11.097075462341308594 10.677609443664550781 10.052089691162109375 10.4848480224609375 17.166120529174804688 26.032377243041992188 18.968341827392578125 8.2247142791748046875 7.999603271484375 12.898751258850097656 16.149723052978515625 21.184072494506835938 28.715915679931640625 26.44065093994140625 22.808740615844726562 19.309398651123046875 15.505002975463867188 16.803089141845703125 21.632282257080078125 24.95378875732421875 24.131074905395507812 23.281106948852539062 22.143140792846679688 22.66680145263671875 21.276580810546875 18.998149871826171875 18.821346282958984375 15.331677436828613281 11.116400718688964844 9.3583469390869140625 7.8539934158325195312 5.5272154808044433594 4.9954013824462890625 4.1662616729736328125 3.4053299427032470703 2.8355109691619873047 2.2748208045959472656 2.849727630615234375
0 10.393808364868164062 10.968991279602050781 10.56795501708984375 10.818709373474121094 10.332508087158203125 9.8064870834350585938 16.9008941650390625 25.770730972290039062 19.20379638671875 8.2626628875732421875 7.072719573974609375 11.555676460266113281 15.726511955261230469 18.49146270751953125 27.405681610107421875 28.274793624877929688 24.152843475341796875 21.745815277099609375 17.715993881225585938 16.872020721435546875 20.226444244384765625 25.68285369873046875 27.572338104248046875 26.223209381103515625 26.352006912231445312 25.8709716796875 19.785989761352539062 13.924969673156738281 18.8592376708984375 20.066274642944335938 12.551119804382324219 8.7300767898559570312 6.8446621894836425781 4.9003415107727050781 3.7908425331115722656 2.6645016670227050781 2.9408533573150634766 2.6479482650756835938 1.9932031631469726562 2.5000243186950683594
0 10.488091468811035156 11.046564102172851562 10.639429092407226562 10.394063949584960938 10.324114799499511719 9.7931203842163085938 14.896103858947753906 26.263635635375976562 21.2134246826171875 8.1774072647094726562 6.8821244239807128906 10.802086830139160156 15.843944549560546875 16.087858200073242188 25.144802093505859375 29.712312698364257812 25.50556182861328125 24.443582534790039062 22.045124053955078125 18.496807098388671875 17.33249664306640625 22.39772796630859375 28.723558425903320312 28.788717269897460938 27.38372802734375 26.91680908203125 20.539794921875 11.698662757873535156 14.769887924194335938 21.230955123901367188 14.809370040893554688 8.2186460494995117188 6.4392175674438476562 5.1088948249816894531 3.9931399822235107422 3.2708780765533447266 3.5552694797515869141 2.6524972915649414062 2.7158207893371582031 3.178302764892578125
0 10.106357574462890625 10.14704132080078125 10.277721405029296875 9.8085851669311523438 9.620143890380859375 9.8430576324462890625 13.279205322265625 25.050043106079101562 20.0958404541015625 8.226688385009765625 7.3875379562377929688 10.511959075927734375 15.748121261596679688 14.630379676818847656 21.644189834594726562 27.059213638305664062 22.455976486206054688 22.2675933837890625 24.301103591918945312 22.049123764038085938 18.418432235717773438 25.197299957275390625 30.518281936645507812 27.173673629760742188 26.231130599975585938 26.492198944091796875 21.933298110961914062 15.05545806884765625 16.110448837280273438 18.465602874755859375 13.164707183837890625 8.19649505615234375 5.9558706283569335938 4.9054098129272460938 4.1336774826049804688 3.6361904144287109375 3.7659966945648193359 3.3726608753204345703 3.1422600746154785156 3.1016371250152587891
0 10.824330329895019531 10.131859779357910156 10.332156181335449219 10.240061759948730469 9.6545209884643554688 10.165995597839355469 15.835554122924804688 23.9918212890625 17.832317352294921875 9.18169403076171875 6.547077178955078125 9.0042543411254882812 15.007207870483398438 15.245939254760742188 21.561677932739257812 26.207427978515625 21.541276931762695312 19.45452117919921875 22.504430770874023438 25.03501129150390625 23.50344085693359375 28.756570816040039062 29.376859664916992188 23.06636810302734375 24.697723388671875 26.837644577026367188 22.74847412109375 18.434331893920898438 16.4774017333984375 14.596869468688964844 10.958353042602539062 8.0069665908813476562 5.0827960968017578125 3.7676262855529785156 4.2185378074645996094 4.0801901817321777344 4.4810781478881835938 4.8711581230163574219 4.4647006988525390625 4.4655985832214355469
0 10.993590354919433594 10.837405204772949219 10.584523200988769531 10.420501708984375 9.7893505096435546875 10.458654403686523438 17.095750808715820312 21.721729278564453125 19.242444992065429688 13.430146217346191406 7.4168672561645507812 8.0695629119873046875 13.9097747802734375 16.436206817626953125 22.979747772216796875 27.003871917724609375 23.064470291137695312 19.961153030395507812 20.132701873779296875 25.3237152099609375 28.857622146606445312 29.0312347412109375 25.911798477172851562 21.458728790283203125 24.14377593994140625 27.566564559936523438 23.96504974365234375 19.621326446533203125 16.2836151123046875 13.879522323608398438 11.024434089660644531 7.7687101364135742188 3.5683538913726806641 2.2596247196197509766 4.1295146942138671875 4.742000579833984375 5.0540323257446289062 5.3667569160461425781 5.2025623321533203125 5.171054840087890625
0 9.7958583831787109375 9.9818391799926757812 10.255646705627441406 10.326135635375976562 9.9914226531982421875 9.7719297409057617188 16.284265518188476562 19.538869857788085938 16.396757125854492188 12.280314445495605469 8.6213140487670898438 9.4482793807983398438 13.993633270263671875 17.411052703857421875 24.313364028930664062 28.137636184692382812 24.039480209350585938 22.55762481689453125 22.400726318359375 24.517993927001953125 28.9489288330078125 27.7969970703125 22.383302688598632812 21.24695587158203125 25.410348892211914062 28.171182632446289062 25.150663375854492188 20.735471725463867188 16.375417709350585938 13.882731437683105469 11.362691879272460938 7.3836984634399414062 3.0879602432250976562 2.7711095809936523438 4.1885046958923339844 5.0977396965026855469 5.0232329368591308594 5.038066864013671875 4.9761610031127929688 4.7964801788330078125
