wildfire/work/fuelmodels/1722/slope.asc
ncols        67
nrows        76
xllcorner    179915.000000000000
yllcorner    312580.000000000000
cellsize     5.000000000000
NODATA_value   -999
[rows 18 to 35 of 76, columns 0 to 40 of 67]
0 9.192905426025390625 8.7884168624877929688 9.0560398101806640625 9.7379512786865234375 9.7244873046875 8.400257110595703125 14.273802757263183594 22.699026107788085938 17.621368408203125 7.5167746543884277344 7.5424489974975585938 9.5481777191162109375 14.3695068359375 17.568845748901367188 25.8036956787109375 30.258455276489257812 24.597980499267578125 24.532459259033203125 25.344846725463867188 23.37749481201171875 25.52851104736328125 25.531103134155273438 21.231512069702148438 21.50551605224609375 25.775728225708007812 28.410243988037109375 26.454027175903320312 22.099737167358398438 17.1851348876953125 14.320351600646972656 11.836993217468261719 8.1452035903930664062 5.8405766487121582031 5.6689424514770507812 5.5606718063354492188 5.4237890243530273438 5.2596402168273925781 5.0928602218627929688 5.0299410820007324219 4.9764308929443359375
0 9.6719808578491210938 9.382160186767578125 9.2086696624755859375 9.7920751571655273438 9.6359167098999023438 8.4040775299072265625 12.1280059814453125 23.915254592895507812 21.160707473754882812 7.9984660148620605469 5.8975458145141601562 8.3874683380126953125 14.042695999145507812 17.123016357421875 26.440797805786132812 31.315347671508789062 25.710676193237304688 26.050365447998046875 26.790021896362304688 22.745164871215820312 22.050512313842773438 26.163311004638671875 25.461065292358398438 23.953054428100585938 25.202814102172851562 27.64043426513671875 27.377416610717773438 23.8191070556640625 18.69248199462890625 14.969212532043457031 12.181639671325683594 9.2908525466918945312 8.1415166854858398438 7.4168753623962402344 6.3224239349365234375 5.6422829627990722656 5.2764010429382324219 4.8756780624389648438 4.8735418319702148438 4.768951416015625
0 10.355265617370605469 10.719751358032226562 10.597887992858886719 10.160073280334472656 10.056003570556640625 9.8527736663818359375 11.582078933715820312 20.193368911743164062 24.49187469482421875 13.342914581298828125 5.616058349609375 7.7418589591979980469 13.975513458251953125 17.680248260498046875 25.4813690185546875 30.216516494750976562 27.2734527587890625 28.079799652099609375 27.1166534423828125 20.250701904296875 22.498783111572265625 31.395519256591796875 34.9645538330078125 31.849451065063476562 27.2731170654296875 26.931873321533203125 27.639936447143554688 26.127269744873046875 21.750385284423828125 17.133859634399414062 13.581480979919433594 11.480719566345214844 9.7565784454345703125 7.4816594123840332031 6.1248068809509277344 5.5884985923767089844 5.2886457443237304688 4.5174102783203125 4.1512246131896972656 4.5147519111633300781
0 10.138518333435058594 10.903843879699707031 11.260959625244140625 10.233797073364257812 10.127919197082519531 10.275971412658691406 11.623897552490234375 15.134845733642578125 24.050470352172851562 18.025196075439453125 6.248805999755859375 7.7613935470581054688 14.590189933776855469 18.327440261840820312 23.438493728637695312 29.849065780639648438 28.646051406860351562 29.230319976806640625 26.533170700073242188 15.4774017333984375 15.464609146118164062 25.389547348022460938 36.697269439697265625 39.983001708984375 32.0777587890625 26.377416610717773438 26.875669479370117188 27.419086456298828125 25.22098541259765625 21.568752288818359375 17.15478515625 12.817053794860839844 10.297586441040039062 7.7372431755065917969 5.7469010353088378906 4.4733109474182128906 4.4450125694274902344 4.6076178550720214844 3.9902324676513671875 3.7611649036407470703
0 10.232471466064453125 10.988190650939941406 11.276808738708496094 10.584082603454589844 10.340279579162597656 9.8828268051147460938 11.236355781555175781 12.746262550354003906 23.7772216796875 20.206111907958984375 5.8082480430603027344 7.3837962150573730469 14.946539878845214844 17.768960952758789062 20.84038543701171875 29.386425018310546875 29.385931015014648438 29.454343795776367188 26.3186798095703125 13.000081062316894531 6.6717996597290039062 13.768930435180664062 28.30867767333984375 37.510257720947265625 33.837261199951171875 26.603643417358398438 24.65423583984375 27.075199127197265625 26.682111740112304688 24.837461471557617188 21.733411788940429688 15.9342193603515625 11.648505210876464844 8.5203275680541992188 5.8404879570007324219 3.9534883499145507812 3.4854214191436767578 3.9799404144287109375 3.873485565185546875 3.3256158828735351562
0 10.628916740417480469 10.719915390014648438 10.844747543334960938 10.529093742370605469 10.436138153076171875 9.9216279983520507812 11.102014541625976562 11.993907928466796875 23.362913131713867188 20.918607711791992188 6.9245610237121582031 7.1533222198486328125 14.863061904907226562 17.453302383422851562 19.623270034790039062 28.023904800415039062 28.661525726318359375 29.560529708862304688 27.378934860229492188 16.39931488037109375 9.4437122344970703125 15.895311355590820312 25.74504852294921875 30.345640182495117188 28.985097885131835938 25.424953460693359375 23.880809783935546875 25.996585845947265625 26.100275039672851562 24.6242523193359375 23.438783645629882812 18.368946075439453125 13.078718185424804688 10.030055999755859375 6.7598018646240234375 3.9218268394470214844 2.6087250709533691406 2.7821955680847167969 3.3558349609375 3.8151788711547851562
0 10.526823997497558594 10.380568504333496094 11.0294952392578125 10.781893730163574219 10.424585342407226562 10.274361610412597656 12.008278846740722656 13.337312698364257812 21.643095016479492188 18.76566314697265625 7.9749784469604492188 7.7790284156799316406 14.260355949401855469 18.367542266845703125 19.367792129516601562 26.604465484619140625 27.788867950439453125 29.217395782470703125 28.457448959350585938 21.897733688354492188 18.229578018188476562 19.470026016235351562 21.035848617553710938 23.986635208129882812 23.274890899658203125 21.424777984619140625 22.910724639892578125 23.685571670532226562 23.8961029052734375 22.5200958251953125 23.80108642578125 20.663555145263671875 15.286618232727050781 12.701382637023925781 7.6758208274841308594 3.2442448139190673828 1.7359595298767089844 2.0221424102783203125 3.0228998661041259766 4.29537200927734375
0 10.757857322692871094 10.78006744384765625 11.153299331665039062 11.001383781433105469 10.280556678771972656 10.245915412902832031 12.922338485717773438 16.209905624389648438 21.02646636962890625 15.661088943481445312 7.3237099647521972656 8.1634073257446289062 13.290363311767578125 19.4876708984375 19.230710983276367188 24.907278060913085938 27.411510467529296875 27.719953536987304688 27.137018203735351562 24.678197860717773438 25.249677658081054688 22.776895523071289062 21.995908737182617188 22.980865478515625 20.8812713623046875 23.682338714599609375 27.123004913330078125 27.929479598999023438 26.762287139892578125 22.787790298461914062 25.778804779052734375 25.007511138916015625 18.178499221801757812 14.5677947998046875 8.42394256591796875 2.6310918331146240234 2.2927496433258056641 3.17254638671875 3.902568817138671875 5.0196971893310546875
0 10.637166976928710938 11.060429573059082031 10.912049293518066406 10.7046051025390625 10.083712577819824219 9.976253509521484375 12.978366851806640625 18.218929290771484375 21.861219406127929688 14.263182640075683594 7.0795450210571289062 8.3998622894287109375 12.927880287170410156 20.207550048828125 19.227100372314453125 23.554042816162109375 28.40312957763671875 27.189519882202148438 24.9492645263671875 25.502931594848632812 27.21366119384765625 22.345815658569335938 25.300683975219726562 31.661151885986328125 37.37178802490234375 43.901153564453125 47.564517974853515625 47.371173858642578125 44.355716705322265625 35.38593292236328125 30.238939285278320312 27.178371429443359375 20.810434341430664062 16.915624618530273438 12.430433273315429688 8.1185970306396484375 6.9915204048156738281 6.467052459716796875 6.1265530586242675781 6.0030946731567382812
0 10.111034393310546875 10.917754173278808594 10.992717742919921875 10.762694358825683594 10.26105499267578125 9.7235927581787109375 12.202692031860351562 19.836492538452148438 22.930574417114257812 13.617834091186523438 8.6254787445068359375 9.1059598922729492188 12.877678871154785156 20.482393264770507812 19.255887985229492188 22.46718597412109375 28.094537734985351562 26.529829025268554688 23.564737319946289062 25.318059921264648438 27.825649261474609375 21.931224822998046875 22.699016571044921875 32.909816741943359375 44.1320953369140625 50.15506744384765625 52.780181884765625 52.92061614990234375 50.999725341796875 49.382293701171875 38.7852325439453125 22.756500244140625 21.342275619506835938 20.232881546020507812 18.100038528442382812 13.919024467468261719 10.480845451354980469 8.2877244949340820312 7.0024471282958984375 6.628505706787109375
0 10.278143882751464844 10.58889007568359375 10.820898056030273438 11.065404891967773438 10.867816925048828125 9.598499298095703125 11.055736541748046875 20.339122772216796875 24.017353057861328125 13.611207962036132812 9.2461462020874023438 9.1439771652221679688 12.488401412963867188 20.300462722778320312 20.440174102783203125 22.726177215576171875 27.88179779052734375 25.867136001586914062 22.729227066040039062 24.223903656005859375 26.70211029052734375 21.6283416748046875 20.099590301513671875 24.70433807373046875 30.413330078125 29.950052261352539062 35.772365570068359375 44.33599090576171875 44.0661163330078125 53.0930938720703125 44.316394805908203125 24.220251083374023438 23.679975509643554688 21.342142105102539062 19.235033035278320312 15.369394302368164062 10.897500991821289062 7.581813812255859375 5.6221804618835449219 4.7989683151245117188
0 10.22176361083984375 9.9207859039306640625 10.241176605224609375 10.873730659484863281 11.010379791259765625 9.7645425796508789062 10.719396591186523438 19.03710174560546875 24.077913284301757812 14.404165267944335938 8.7241668701171875 8.7693729400634765625 11.369912147521972656 19.318761825561523438 22.036602020263671875 21.759408950805664062 28.905406951904296875 29.52494049072265625 23.04050445556640625 22.975933074951171875 25.729824066162109375 19.498758316040039062 16.962568283081054688 21.455858230590820312 20.08777618408203125 12.723544120788574219 27.105504989624023438 43.2428131103515625 47.3411712646484375 50.22905731201171875 39.13104248046875 26.608015060424804688 25.0769195556640625 20.845310211181640625 17.832391738891601562 13.805609703063964844 10.305741310119628906 7.7189731597900390625 6.1885762214660644531 5.5290555953979492188
0 11.172909736633300781 10.678150177001953125 10.789801597595214844 10.8995208740234375 10.808741569519042969 10.240177154541015625 11.225441932678222656 17.350616455078125 22.826242446899414062 15.834894180297851562 9.9048404693603515625 9.3216295242309570312 10.490398406982421875 17.876987457275390625 22.408002853393554688 18.7850799560546875 26.544301986694335938 33.120502471923828125 25.155223846435546875 22.15239715576171875 25.79058837890625 21.24198150634765625 14.538500785827636719 12.371351242065429688 6.26921844482421875 7.4541392326354980469 25.152093887329101562 39.7960205078125 46.220073699951171875 48.59696197509765625 33.503704071044921875 19.762254714965820312 21.8554229736328125 18.639202117919921875 17.502691268920898438 16.003332138061523438 14.588618278503417969 12.485692024230957031 9.9097499847412109375 7.5654406547546386719
0 11.832152366638183594 12.050988197326660156 12.067217826843261719 11.554685592651367188 10.9668121337890625 10.467607498168945312 11.862375259399414062 16.344898223876953125 21.2714691162109375 16.0502777099609375 10.427997589111328125 9.6560802459716796875 10.004145622253417969 16.692358016967773438 21.62164306640625 17.903379440307617188 23.74512481689453125 34.012271881103515625 28.760431289672851562 23.631605148315429688 26.444242477416992188 24.943698883056640625 15.335206985473632812 2.9396424293518066406 12.715833663940429688 25.500444412231445312 37.56549835205078125 42.245502471923828125 41.045116424560546875 45.045806884765625 33.6204833984375 21.239055633544921875 25.514104843139648438 24.993961334228515625 22.970502853393554688 20.440805435180664062 17.688053131103515625 13.932544708251953125 10.3090057373046875 7.729877471923828125
0 11.082798004150390625 11.599852561950683594 11.665109634399414062 11.277205467224121094 10.610387802124023438 9.9242753982543945312 11.597103118896484375 15.810732841491699219 20.669460296630859375 15.948262214660644531 10.646303176879882812 9.9610805511474609375 9.34703826904296875 14.244990348815917969 19.167638778686523438 17.930574417114257812 21.324802398681640625 30.8313751220703125 28.651147842407226562 23.045843124389648438 23.690717697143554688 24.024351119995117188 20.5034942626953125 16.661590576171875 21.357168197631835938 31.0663604736328125 39.225032806396484375 40.627239227294921875 39.080020904541015625 39.733417510986328125 33.053684234619140625 27.612913131713867188 29.6901092529296875 27.404344558715820312 22.590221405029296875 18.815647125244140625 15.432407379150390625 11.149676322937011719 7.6595244407653808594 6.1422190666198730469
0 10.626355171203613281 11.058440208435058594 10.705112457275390625 10.518041610717773438 9.9992399215698242188 9.06734466552734375 9.83618927001953125 14.153939247131347656 20.06143951416015625 15.714863777160644531 10.1904144287109375 9.6093683242797851562 8.5978755950927734375 10.78598785400390625 14.569288253784179688 15.907390594482421875 19.482915878295898438 27.15301513671875 26.62261199951171875 22.662557601928710938 20.821123123168945312 21.60382080078125 24.870235443115234375 26.952241897583007812 28.6583709716796875 31.394296646118164062 34.681919097900390625 33.195465087890625 30.878526687622070312 32.206813812255859375 31.498460769653320312 30.705797195434570312 29.75030517578125 25.9609375 19.973089218139648438 14.769133567810058594 11.439219474792480469 8.159404754638671875 5.3195285797119140625 4.406490325927734375
0 10.908236503601074219 11.179048538208007812 11.108763694763183594 10.7251129150390625 10.034236907958984375 9.150341033935546875 9.3879241943359375 12.814950942993164062 19.168947219848632812 17.703218460083007812 14.997071266174316406 14.967158317565917969 13.192026138305664062 13.885486602783203125 16.191679000854492188 16.622510910034179688 19.067867279052734375 25.019823074340820312 26.326568603515625 25.27381134033203125 22.683927536010742188 23.588161468505859375 30.613698959350585938 33.7639007568359375 34.2463836669921875 34.12581634521484375 33.186248779296875 28.939990997314453125 27.380159378051757812 30.011014938354492188 30.9537811279296875 30.344045639038085938 28.216524124145507812 23.345218658447265625 16.520236968994140625 10.684889793395996094 8.3179349899291992188 6.4361724853515625 3.4094655513763427734 2.1849694252014160156
0 11.028035163879394531 10.820240020751953125 11.487622261047363281 11.679775238037109375 10.618247032165527344 9.6405630111694335938 11.196734428405761719 15.910754203796386719 22.474618911743164062 22.942693710327148438 21.233201980590820312 22.58321380615234375 21.700368881225585938 19.387248992919921875 18.91905975341796875 18.785638809204101562 18.986143112182617188 21.630544662475585938 23.78730010986328125 23.95795440673828125 25.321817398071289062 30.209840774536132812 35.406124114990234375 37.454742431640625 35.678249359130859375 32.86603546142578125 29.990478515625 25.217365264892578125 24.485607147216796875 28.15369415283203125 30.106830596923828125 29.300121307373046875 27.140443801879882812 21.838306427001953125 14.795801162719726562 9.1610670089721679688 6.8692426681518554688 4.9800581932067871094 2.6911015510559082031 1.6378023624420166016
