wildfire/work/fuelmodels/1722/slope.asc
ncols        67
nrows        76
xllcorner    179915.000000000000
yllcorner    312580.000000000000
cellsize     5.000000000000
NODATA_value   -999
[rows 54 to 71 of 76, columns 0 to 40 of 67]
0 2.8804171085357666016 2.7485463619232177734 2.6003701686859130859 2.918819427490234375 4.175235748291015625 4.0842494964599609375 4.4981408119201660156 4.7684926986694335938 2.4114158153533935547 2.6318325996398925781 3.0325996875762939453 4.8901600837707519531 12.749241828918457031 25.536203384399414062 34.699665069580078125 36.47750091552734375 35.663116455078125 35.545024871826171875 33.70426177978515625 32.995716094970703125 33.278423309326171875 32.50272369384765625 31.871551513671875 31.807071685791015625 32.402713775634765625 32.079547882080078125 31.900196075439453125 33.386627197265625 33.533233642578125 32.31070709228515625 28.69127655029296875 25.986417770385742188 26.762304306030273438 28.768732070922851562 31.391412734985351562 32.861278533935546875 33.795467376708984375 34.593479156494140625 34.34102630615234375 33.98725128173828125
0 2.6745331287384033203 2.4955382347106933594 2.6287770271301269531 2.7500815391540527344 3.3995413780212402344 3.7855193614959716797 4.4386644363403320312 3.9437649250030517578 1.0543146133422851562 0.68321430683135986328 2.5784828662872314453 2.5765397548675537109 6.2073111534118652344 15.574938774108886719 27.964834213256835938 34.78347015380859375 36.97949981689453125 38.2269134521484375 37.3248291015625 36.740146636962890625 36.6487579345703125 35.53426361083984375 33.529567718505859375 32.7791748046875 33.18450927734375 32.823150634765625 31.72737884521484375 32.615360260009765625 34.14211273193359375 35.599720001220703125 35.112823486328125 31.265737533569335938 27.830995559692382812 26.377584457397460938 27.324712753295898438 28.675477981567382812 30.644145965576171875 32.509288787841796875 32.726650238037109375 32.9486236572265625
0 3.2224712371826171875 3.3714635372161865234 3.4173033237457275391 3.1180803775787353516 3.0578236579895019531 3.8541328907012939453 4.9817919731140136719 3.7971165180206298828 1.7913115024566650391 2.4229063987731933594 2.9306993484497070312 2.5847330093383789062 2.5148987770080566406 5.9386019706726074219 16.068431854248046875 27.005138397216796875 34.5099945068359375 38.730968475341796875 39.159595489501953125 38.195941925048828125 38.3715057373046875 38.3483428955078125 36.78443145751953125 35.22629547119140625 34.33310699462890625 34.04254150390625 33.627140045166015625 33.94207763671875 35.476593017578125 37.5485382080078125 39.3565826416015625 38.210269927978515625 34.646572113037109375 31.139375686645507812 31.847621917724609375 34.043315887451171875 34.4682464599609375 34.505237579345703125 33.7610931396484375 33.324832916259765625
0 3.1323058605194091797 3.8142430782318115234 3.8797466754913330078 3.3876242637634277344 3.2877025604248046875 4.2278418540954589844 5.0708293914794921875 4.5862212181091308594 4.0494074821472167969 4.4728550910949707031 4.2299981117248535156 2.5229496955871582031 1.6424444913864135742 2.2326166629791259766 5.4186253547668457031 14.08983612060546875 23.54781341552734375 32.015811920166015625 36.749767303466796875 37.525920867919921875 37.83809661865234375 37.76679229736328125 36.8342437744140625 35.826572418212890625 35.2574310302734375 33.732440948486328125 32.13028717041015625 32.787586212158203125 34.1666717529296875 35.2953338623046875 37.840297698974609375 39.78115081787109375 40.60602569580078125 39.4275970458984375 38.24514007568359375 36.867389678955078125 34.973663330078125 34.93592071533203125 35.458118438720703125 34.412555694580078125
0 2.9609103202819824219 3.6738092899322509766 3.7875423431396484375 3.2326619625091552734 3.0017845630645751953 4.46970367431640625 4.1829366683959960938 2.5355265140533447266 2.9906232357025146484 4.6546788215637207031 6.1139621734619140625 5.2789297103881835938 4.2174477577209472656 3.4120090007781982422 2.946544647216796875 5.3331127166748046875 9.64823150634765625 18.605525970458984375 28.923038482666015625 35.987003326416015625 38.6900482177734375 38.92063140869140625 37.631267547607421875 35.484416961669921875 35.25962066650390625 34.810516357421875 32.850337982177734375 32.594219207763671875 33.68497467041015625 33.805416107177734375 34.84006500244140625 36.745380401611328125 39.511348724365234375 40.582881927490234375 37.849884033203125 34.451618194580078125 32.851467132568359375 32.670867919921875 33.435573577880859375 32.930805206298828125
0 2.9513342380523681641 3.6323001384735107422 3.6433098316192626953 3.0601444244384765625 3.1040716171264648438 5.0683717727661132812 3.7780475616455078125 1.2885069847106933594 0.44320428371429443359 1.1734009981155395508 3.5307524204254150391 3.8542809486389160156 4.1259641647338867188 4.800556182861328125 4.7964644432067871094 4.4211225509643554688 4.2417893409729003906 6.5174317359924316406 13.645219802856445312 24.563959121704101562 32.843143463134765625 37.308010101318359375 38.3312225341796875 36.355381011962890625 36.05248260498046875 36.392337799072265625 35.754016876220703125 35.176219940185546875 35.120098114013671875 34.2601470947265625 33.639644622802734375 33.488555908203125 33.27099609375 33.548366546630859375 33.302509307861328125 32.532501220703125 31.679599761962890625 31.483171463012695312 32.262226104736328125 33.535190582275390625
0 3.4597890377044677734 4.1751904487609863281 3.9681692123413085938 2.9784421920776367188 3.2510273456573486328 4.4738798141479492188 3.1245448589324951172 1.9351953268051147461 1.3773649930953979492 1.4175552129745483398 2.4809038639068603516 2.7217607498168945312 2.9656786918640136719 3.7522776126861572266 5.1379251480102539062 5.3195466995239257812 4.8195428848266601562 3.9843990802764892578 4.0658082962036132812 8.3323698043823242188 16.890356063842773438 26.500909805297851562 32.9153594970703125 34.187335968017578125 35.0629425048828125 36.008541107177734375 35.166534423828125 34.138706207275390625 34.109859466552734375 33.795810699462890625 33.315765380859375 33.1001739501953125 32.1051177978515625 30.875244140625 30.667112350463867188 31.424451828002929688 31.72266387939453125 31.545261383056640625 31.499277114868164062 33.25160980224609375
0 4.4583945274353027344 5.237300872802734375 4.80118560791015625 3.4771020412445068359 3.4875566959381103516 4.2833776473999023438 2.9403693675994873047 2.0032956600189208984 2.1336572170257568359 2.1114859580993652344 2.4546635150909423828 2.3678452968597412109 2.7329018115997314453 3.3152341842651367188 3.6323001384735107422 4.0254030227661132812 4.4766073226928710938 5.1824765205383300781 4.6508121490478515625 3.9135775566101074219 5.8203835487365722656 11.858003616333007812 20.730974197387695312 27.074131011962890625 30.82865142822265625 33.8812408447265625 34.07711029052734375 32.754573822021484375 32.938388824462890625 32.938037872314453125 32.195232391357421875 31.843088150024414062 31.312969207763671875 30.37909698486328125 29.409570693969726562 29.442190170288085938 30.153940200805664062 31.109708786010742188 30.757442474365234375 30.92137908935546875
0 5.2764291763305664062 5.8180403709411621094 5.2057590484619140625 4.2168645858764648438 4.6141219139099121094 5.3081431388854980469 4.1723284721374511719 3.4526119232177734375 2.9487390518188476562 2.65765380859375 2.7999780178070068359 2.2271733283996582031 2.7358529567718505859 3.3275740146636962891 3.0259115695953369141 3.4173116683959960938 3.3097569942474365234 4.3374524116516113281 5.5374245643615722656 5.4666495323181152344 4.8819169998168945312 4.5431170463562011719 6.98584747314453125 13.171319007873535156 19.208683013916015625 25.37397003173828125 30.341756820678710938 32.48968505859375 33.845386505126953125 33.830928802490234375 32.28432464599609375 31.250707626342773438 30.57912445068359375 30.374864578247070312 29.881219863891601562 29.107959747314453125 28.692836761474609375 29.86408233642578125 30.734788894653320312 31.11342620849609375
0 6.0467767715454101562 6.2332892417907714844 5.4391460418701171875 4.9092264175415039062 5.6098141670227050781 6.0277757644653320312 5.0419592857360839844 4.6164083480834960938 4.4047818183898925781 3.9876081943511962891 3.5406534671783447266 2.91967010498046875 3.2784566879272460938 3.4932208061218261719 2.8274519443511962891 2.9291324615478515625 3.0997016429901123047 3.5122745037078857422 4.0495219230651855469 5.963287353515625 5.4663758277893066406 4.2098817825317382812 3.7331197261810302734 3.0706970691680908203 4.5851545333862304688 9.3623762130737304688 15.416720390319824219 19.647457122802734375 23.472169876098632812 27.266727447509765625 29.073368072509765625 30.285198211669921875 31.05873870849609375 31.710245132446289062 32.186679840087890625 31.752613067626953125 29.82989501953125 29.040370941162109375 29.599040985107421875 30.048124313354492188
0 6.77555084228515625 6.8542170524597167969 5.9103116989135742188 6.0099310874938964844 6.7808585166931152344 6.73956298828125 5.7746129035949707031 5.2419199943542480469 5.0632143020629882812 5.0293335914611816406 4.5683774948120117188 4.0042519569396972656 3.9723672866821289062 3.6882410049438476562 2.8488552570343017578 2.7667164802551269531 3.6556248664855957031 3.9452157020568847656 3.8824744224548339844 5.2320790290832519531 4.3135423660278320312 4.3354444503784179688 4.8818936347961425781 3.3449752330780029297 2.7621290683746337891 3.7314982414245605469 5.0589308738708496094 5.1341009140014648438 6.6106824874877929688 10.691594123840332031 15.346232414245605469 19.8286895751953125 23.15872955322265625 26.184019088745117188 29.279483795166015625 31.27620697021484375 30.734867095947265625 29.451498031616210938 28.26537322998046875 27.056247711181640625
0 6.8317346572875976562 6.8721132278442382812 6.4192523956298828125 6.9094972610473632812 6.7896714210510253906 6.4838008880615234375 5.9179334640502929688 5.7662792205810546875 5.6870770454406738281 5.5743861198425292969 5.4711241722106933594 5.1340508460998535156 4.7121062278747558594 4.1876597404479980469 3.3995299339294433594 3.0568251609802246094 3.9666287899017333984 3.9231109619140625 3.2908947467803955078 3.5983591079711914062 3.7462487220764160156 3.6737768650054931641 3.5547223091125488281 3.2166826725006103516 3.62058258056640625 4.4198279380798339844 5.1651968955993652344 4.94307708740234375 4.654720306396484375 4.20453643798828125 5.3613114356994628906 7.8743104934692382812 10.483190536499023438 14.43824005126953125 19.359903335571289062 24.629789352416992188 28.811801910400390625 30.340679168701171875 29.959756851196289062 28.327686309814453125
0 6.6261029243469238281 6.8914647102355957031 6.1931781768798828125 6.21097564697265625 6.122852325439453125 6.1592068672180175781 5.7934145927429199219 5.9302349090576171875 6.3153676986694335938 6.2975945472717285156 6.1399407386779785156 5.9777069091796875 5.5938572883605957031 5.0961174964904785156 4.4047322273254394531 3.8733279705047607422 4.1990671157836914062 3.6454815864562988281 2.8821542263031005859 2.9300284385681152344 3.6428747177124023438 3.8739888668060302734 4.1712522506713867188 4.0979924201965332031 3.2541806697845458984 2.4279460906982421875 3.4741849899291992188 5.6719231605529785156 7.4634027481079101562 7.2632222175598144531 6.5719447135925292969 6.8007192611694335938 7.1854104995727539062 8.8635921478271484375 10.581843376159667969 11.817287445068359375 16.580659866333007812 21.718618392944335938 26.144880294799804688 28.628244400024414062
0 6.1162075996398925781 6.6444163322448730469 5.8714499473571777344 5.7273402214050292969 6.0583100318908691406 5.9386324882507324219 5.4015116691589355469 5.2208418846130371094 5.4916653633117675781 6.2681260108947753906 6.6086263656616210938 6.5446577072143554688 6.3636112213134765625 6.01375579833984375 5.3399667739868164062 4.5106287002563476562 4.3196082115173339844 3.8427350521087646484 3.1379454135894775391 2.9008972644805908203 3.5706167221069335938 4.1552233695983886719 4.7597436904907226562 3.5003023147583007812 3.3683042526245117188 4.2184991836547851562 4.4253220558166503906 3.4023733139038085938 1.8003293275833129883 4.462444305419921875 6.1383605003356933594 6.03875732421875 5.1648969650268554688 6.5449428558349609375 8.3080911636352539062 7.0190601348876953125 7.6217103004455566406 9.8316736221313476562 14.521043777465820312 18.566392898559570312
0 6.4682865142822265625 7.180511474609375 6.5952157974243164062 6.0491833686828613281 5.5968427658081054688 5.1887807846069335938 5.0892968177795410156 5.1301279067993164062 5.4949412345886230469 6.1526622772216796875 6.4977431297302246094 6.7397890090942382812 6.9634251594543457031 6.737552642822265625 6.2471423149108886719 5.5989375114440917969 5.278911590576171875 4.809383392333984375 4.1263551712036132812 3.8825051784515380859 3.9125440120697021484 3.8046722412109375 4.3302412033081054688 3.3275535106658935547 3.3925163745880126953 3.4226572513580322266 2.8374478816986083984 4.1245093345642089844 5.0135760307312011719 4.2990064620971679688 3.3187649250030517578 3.5875446796417236328 3.7339031696319580078 4.6291723251342773438 5.7770738601684570312 6.8546185493469238281 7.4125394821166992188 7.1020498275756835938 9.3607110977172851562 12.369685173034667969
0 7.1861262321472167969 7.8874721527099609375 7.0476045608520507812 6.1293129920959472656 5.9406437873840332031 5.9011902809143066406 5.5917921066284179688 5.4537329673767089844 5.9257173538208007812 6.2512288093566894531 6.5332536697387695312 7.0070948600769042969 7.2595205307006835938 7.2642030715942382812 7.1499915122985839844 6.7076106071472167969 6.4611325263977050781 5.9223189353942871094 5.1773982048034667969 4.4823274612426757812 3.7311053276062011719 3.4667773246765136719 4.2230787277221679688 3.2086522579193115234 2.6790440082550048828 3.4864325523376464844 3.3995537757873535156 2.8326480388641357422 2.9636249542236328125 4.689544677734375 4.5679440498352050781 3.6655621528625488281 3.7928295135498046875 3.4094753265380859375 3.1282787322998046875 3.5824334621429443359 4.4185948371887207031 4.8241224288940429688 5.6735372543334960938 8.503795623779296875
0 6.6699404716491699219 7.0661182403564453125 6.0733232498168945312 5.8981037139892578125 6.339199066162109375 6.1506452560424804688 5.9202971458435058594 5.747982025146484375 6.0815486907958984375 6.3573541641235351562 6.2997426986694335938 6.5562882423400878906 6.8207454681396484375 6.8275203704833984375 7.1448755264282226562 7.0264000892639160156 6.7022314071655273438 6.223499298095703125 5.5541291236877441406 4.6089506149291992188 4.0414042472839355469 3.8416914939880371094 3.8667230606079101562 2.8197863101959228516 2.1990261077880859375 3.017726898193359375 3.4738140106201171875 3.2180943489074707031 3.3152129650115966797 2.1088454723358154297 3.7137322425842285156 6.5149745941162109375 7.0328197479248046875 6.2415485382080078125 5.9748411178588867188 5.30471038818359375 4.7495713233947753906 4.3877825736999511719 4.2206501960754394531 5.4397406578063964844
0 6.0134139060974121094 6.934326171875 5.9416408538818359375 5.8716921806335449219 6.9245586395263671875 7.0353627204895019531 6.5228748321533203125 6.1416392326354980469 6.6334896087646484375 6.7080774307250976562 6.2648081779479980469 6.3410882949829101562 6.4158239364624023438 6.2219595909118652344 6.4586629867553710938 6.794132232666015625 6.8940377235412597656 6.5136237144470214844 6.1526246070861816406 5.9557852745056152344 5.331966400146484375 4.4891567230224609375 3.7923207283020019531 2.7456388473510742188 2.1953454017639160156 2.7262241840362548828 3.2401876449584960938 2.7948801517486572266 3.2696318626403808594 2.7994260787963867188 3.9875750541687011719 4.7893629074096679688 3.918426513671875 4.7138118743896484375 5.5049414634704589844 5.6583547592163085938 6.7892584800720214844 7.3409333229064941406 7.7650909423828125 7.8434505462646484375
