wildfire/work/fuelmodels/1779/aspect.asc
ncols        370
nrows        330
xllcorner    171450.000000000000
yllcorner    473855.000000000000
cellsize     5.000000000000
NODATA_value   -999
[rows 285 to 303 of 330, columns 258 to 300 of 370]
296.774200439453125 307.092071533203125 338.197723388671875 352.183807373046875 309.288543701171875 328.044769287109375 341.979522705078125 352.873992919921875 92.45378875732421875 9.1624364852905273438 297.439178466796875 299.74432373046875 316.100982666015625 333.003204345703125 287.101776123046875 224.9994659423828125 194.420623779296875 198.4337615966796875 230.0420379638671875 281.767730712890625 339.819854736328125 359.0169677734375 351.77630615234375 343.48138427734375 20.738582611083984375 35.073596954345703125 10.619747161865234375 293.790069580078125 227.4886016845703125 165.5789031982421875 143.5312042236328125 86.8937835693359375 329.035888671875 265.683349609375 271.36334228515625 289.118988037109375 285.254058837890625 278.923095703125 343.178131103515625 325.7838134765625 332.01971435546875 356.090606689453125 321.169586181640625
335.2557373046875 307.234130859375 327.041778564453125 0 318.88714599609375 323.529937744140625 358.111053466796875 17.062786102294921875 37.56842803955078125 3.9909076690673828125 314.255340576171875 297.349273681640625 261.15789794921875 241.6986236572265625 123.6895751953125 252.757965087890625 300.962890625 342.0947265625 350.10516357421875 329.980926513671875 335.665618896484375 9.0275821685791015625 26.0290069580078125 254.0545196533203125 67.61980438232421875 3.9004535675048828125 20.71411895751953125 22.833665847778320312 235.6188201904296875 322.593994140625 12.528103828430175781 56.768108367919921875 341.174713134765625 324.461639404296875 292.23443603515625 254.395599365234375 255.96343994140625 286.284454345703125 8.1303739547729492188 315.003631591796875 276.536224365234375 354.439239501953125 62.223041534423828125
346.292327880859375 294.52716064453125 302.00469970703125 336.800567626953125 328.70611572265625 325.83953857421875 344.744354248046875 41.185733795166015625 53.583507537841796875 38.9275360107421875 304.38006591796875 211.429443359375 264.52203369140625 315.733795166015625 357.57958984375 341.221160888671875 331.224517822265625 352.183868408203125 352.103302001953125 319.084747314453125 345.068267822265625 56.003173828125 35.960445404052734375 353.332305908203125 4.939197540283203125 337.618896484375 44.999897003173828125 67.2176055908203125 299.475433349609375 279.162200927734375 334.4390869140625 9.1623182296752929688 340.70916748046875 338.5645751953125 313.430023193359375 305.857574462890625 307.063629150390625 310.622894287109375 6.9385724067687988281 9.6052122116088867188 303.85638427734375 281.888336181640625 81.25372314453125
359.308868408203125 313.42987060546875 295.34552001953125 240.4215545654296875 209.2189483642578125 203.1979827880859375 181.041229248046875 150.10076904296875 158.3173370361328125 161.564666748046875 2.7264034748077392578 341.56378173828125 300.011810302734375 318.012115478515625 352.22271728515625 336.863494873046875 328.284027099609375 23.31758880615234375 10.097516059875488281 303.43896484375 87.709564208984375 93.1796112060546875 86.98700714111328125 278.971527099609375 326.88763427734375 351.468170166015625 47.60268402099609375 73.178558349609375 93.36639404296875 252.978912353515625 286.55633544921875 304.7950439453125 311.9461669921875 340.886077880859375 330.47784423828125 326.75592041015625 319.532958984375 317.26702880859375 355.67840576171875 5.1173305511474609375 356.876953125 37.3498687744140625 85.20029449462890625
3.0128493309020996094 341.564178466796875 322.124755859375 120.96314239501953125 195.641876220703125 202.379638671875 182.7261199951171875 123.68994140625 353.658843994140625 329.499542236328125 336.800689697265625 347.8060302734375 317.74188232421875 299.603790283203125 330.944793701171875 318.520782470703125 291.61376953125 37.504150390625 359.509552001953125 3.1221053600311279297 56.3101043701171875 82.30393218994140625 92.7245635986328125 272.29132080078125 270.854644775390625 306.5721435546875 58.19045257568359375 81.0980987548828125 90.00002288818359375 282.89288330078125 304.874725341796875 254.744476318359375 248.628936767578125 280.904510498046875 303.47900390625 313.651458740234375 309.288818359375 304.91864013671875 337.9310302734375 18.435163497924804688 26.200532913208007812 50.14807891845703125 35.776042938232421875
178.4919586181640625 232.35235595703125 128.6589813232421875 149.53363037109375 304.113922119140625 333.85223388671875 344.89794921875 344.3092041015625 341.56414794921875 338.19781494140625 323.819732666015625 330.750396728515625 328.34796142578125 305.536590576171875 265.76287841796875 253.6107025146484375 227.7274169921875 253.8107147216796875 246.7996978759765625 108.43556976318359375 63.0834197998046875 38.773929595947265625 40.485828399658203125 315.00006103515625 257.005218505859375 220.710479736328125 128.3862457275390625 97.26674652099609375 41.729343414306640625 296.5643310546875 333.434051513671875 4.2362880706787109375 274.82025146484375 278.615020751953125 286.613677978515625 298.564971923828125 304.73095703125 307.36590576171875 353.9267578125 3.9453065395355224609 13.109333038330078125 45.6738128662109375 26.75376129150390625
193.21221923828125 233.6949005126953125 119.29113006591796875 308.2899169921875 299.826568603515625 324.343841552734375 345.492523193359375 347.7677001953125 337.8636474609375 340.34527587890625 300.342529296875 288.434326171875 289.09283447265625 282.263214111328125 283.8143310546875 310.23590087890625 4.763706207275390625 260.536773681640625 218.6576995849609375 102.263275146484375 102.72364044189453125 96.34009552001953125 94.76398468017578125 198.4366607666015625 281.72454833984375 322.431304931640625 79.69489288330078125 69.90448760986328125 14.264614105224609375 297.09490966796875 300.963134765625 25.277635574340820312 317.09442138671875 294.066802978515625 295.5933837890625 296.678314208984375 304.425811767578125 330.20721435546875 355.474517822265625 357.99664306640625 15.819032669067382812 41.784221649169921875 37.404766082763671875
344.475067138671875 320.2530517578125 0.85511481761932373047 339.443115234375 310.65618896484375 304.460113525390625 323.258544921875 341.564178466796875 341.564178466796875 353.658966064453125 320.96356201171875 296.87738037109375 297.3497314453125 324.007781982421875 334.11187744140625 346.327606201171875 18.853364944458007812 343.008514404296875 333.6488037109375 16.0599517822265625 54.833232879638671875 87.95415496826171875 37.56838226318359375 18.434906005859375 291.80035400390625 323.1292724609375 64.35881805419921875 47.202533721923828125 356.632781982421875 324.865020751953125 289.982452392578125 337.912109375 337.1546630859375 311.145904541015625 295.893157958984375 299.196868896484375 318.3990478515625 349.57861328125 352.116058349609375 6.4495425224304199219 46.487506866455078125 70.90619659423828125 67.0110931396484375
334.557373046875 346.463226318359375 353.394439697265625 338.961639404296875 325.6190185546875 317.935150146484375 314.999267578125 328.23956298828125 0.7637684941291809082 342.69879150390625 323.971893310546875 326.55908203125 302.163787841796875 304.185516357421875 315.841644287109375 353.332183837890625 19.230648040771484375 346.8267822265625 317.2303466796875 26.565105438232421875 59.839885711669921875 52.224216461181640625 352.694091796875 21.371217727661132812 298.809295654296875 211.5036773681640625 96.1156158447265625 14.981981277465820312 349.11358642578125 5.1941704750061035156 300.963043212890625 306.362091064453125 327.120208740234375 323.3248291015625 314.405517578125 297.827423095703125 302.608367919921875 0.70747095346450805664 352.0555419921875 6.4698324203491210938 46.576374053955078125 48.1797943115234375 38.81150054931640625
247.10894775390625 255.6501312255859375 319.483978271484375 329.36376953125 327.834869384765625 335.806304931640625 306.1790771484375 304.8746337890625 44.99958038330078125 296.5654296875 259.991363525390625 287.59124755859375 277.480072021484375 256.292633056640625 252.40765380859375 292.011383056640625 5.6306524276733398438 353.659088134765625 313.5301513671875 13.671335220336914062 42.193576812744140625 37.605968475341796875 26.565485000610351562 15.75124359130859375 26.564113616943359375 0 324.08929443359375 354.236724853515625 349.742431640625 3.3105618953704833984 313.451171875 290.8438720703125 311.84124755859375 319.47705078125 314.1922607421875 308.5294189453125 302.4705810546875 239.0350494384765625 312.56207275390625 10.669615745544433594 44.999897003173828125 27.165164947509765625 18.434970855712890625
339.94287109375 309.05230712890625 288.047149658203125 291.1605224609375 301.808746337890625 337.050537109375 350.5369873046875 290.7713623046875 114.676422119140625 123.6885223388671875 266.308074951171875 288.019073486328125 297.298797607421875 278.880157470703125 285.42144775390625 305.41650390625 350.16583251953125 22.285947799682617188 336.44647216796875 330.4600830078125 14.036310195922851562 50.069324493408203125 59.310855865478515625 42.877544403076171875 13.240632057189941406 348.023406982421875 307.009796142578125 350.53717041015625 303.311126708984375 333.823394775390625 311.87689208984375 278.190155029296875 292.963043212890625 312.562591552734375 294.16021728515625 296.0025634765625 15.592802047729492188 330.523834228515625 292.963409423828125 359.99822998046875 8.6525011062622070312 19.767406463623046875 20.555940628051757812
336.44683837890625 342.406707763671875 305.536895751953125 294.074676513671875 277.124420166015625 293.574249267578125 3.8883104324340820312 6.033054351806640625 18.749542236328125 15.255019187927246094 319.6103515625 295.640472412109375 313.635040283203125 302.98748779296875 286.14337158203125 300.800537109375 6.0727944374084472656 33.366466522216796875 332.215301513671875 336.249603271484375 43.2099456787109375 95.61179351806640625 95.280670166015625 0.90922409296035766602 351.415740966796875 6.8430562019348144531 128.2907562255859375 187.001220703125 250.1444091796875 280.98004150390625 314.998931884765625 285.944610595703125 280.783660888671875 300.123626708984375 300.86029052734375 287.729888916015625 339.77410888671875 348.19696044921875 16.762479782104492188 314.999267578125 323.225921630859375 27.474422454833984375 21.801256179809570312
316.5067138671875 325.304046630859375 316.04071044921875 331.143402099609375 279.864837646484375 265.854644775390625 292.932159423828125 345.424957275390625 8.6154165267944335938 11.309747695922851562 357.968505859375 318.012115478515625 324.08929443359375 317.008880615234375 278.129364013671875 247.086700439453125 281.30926513671875 347.827728271484375 327.161590576171875 349.823760986328125 50.0421295166015625 51.842662811279296875 29.357912063598632812 355.048858642578125 350.0587158203125 39.207157135009765625 37.2343597412109375 353.65869140625 304.874725341796875 297.071441650390625 319.55670166015625 308.122406005859375 297.071380615234375 299.104034423828125 308.89923095703125 315.4503173828125 329.595611572265625 344.47509765625 13.495723724365234375 356.986602783203125 311.098419189453125 82.56815338134765625 5.1943655014038085938
349.87469482421875 316.244873046875 312.356658935546875 351.383544921875 310.23553466796875 282.5279541015625 272.43603515625 288.033966064453125 358.830230712890625 30.37903594970703125 14.886808395385742188 342.120391845703125 303.23126220703125 293.3551025390625 312.435302734375 303.110809326171875 290.070953369140625 311.235015869140625 314.999267578125 351.253143310546875 21.665981292724609375 29.332042694091796875 27.747373580932617188 18.434740066528320312 5.1946558952331542969 13.928409576416015625 3.1014611721038818359 17.080051422119140625 353.39453125 288.627227783203125 296.5643310546875 307.009979248046875 314.999267578125 322.8861083984375 330.9827880859375 335.7601318359375 350.94110107421875 344.35687255859375 339.92108154296875 15.255251884460449219 33.331027984619140625 10.221495628356933594 332.743865966796875
349.823699951171875 331.039306640625 329.035247802734375 3.9907391071319580078 300.963104248046875 300.96295166015625 315.742919921875 271.1220703125 227.04376220703125 23.963785171508789062 338.748626708984375 1.494082331657409668 4.0444674491882324219 297.071502685546875 292.16534423828125 312.708465576171875 308.8292236328125 278.32489013671875 266.530731201171875 297.71734619140625 356.08123779296875 50.411960601806640625 54.727069854736328125 46.908718109130859375 38.11865234375 342.406646728515625 116.56526947021484375 119.0546417236328125 324.46099853515625 274.111480712890625 275.958160400390625 285.009490966796875 293.197967529296875 306.522491455078125 328.714324951171875 351.869049072265625 13.133543014526367188 339.443206787109375 330.689239501953125 54.592884063720703125 55.491123199462890625 357.37261962890625 358.697174072265625
319.084808349609375 329.67578125 6.6664042472839355469 31.8658447265625 291.800750732421875 279.210296630859375 273.812774658203125 164.3584747314453125 269.999359130859375 328.671173095703125 314.999267578125 341.12994384765625 21.279483795166015625 335.725250244140625 256.75897216796875 254.9130401611328125 281.55950927734375 311.72869873046875 274.266876220703125 270.64300537109375 303.407379150390625 28.044689178466796875 47.489185333251953125 64.937774658203125 80.6548919677734375 138.2696685791015625 131.905548095703125 172.4048004150390625 232.30511474609375 278.038909912109375 287.277862548828125 295.410888671875 286.05926513671875 282.041839599609375 307.192901611328125 25.820772171020507812 30.425081253051757812 314.283233642578125 337.728851318359375 37.8113861083984375 27.7766265869140625 347.29962158203125 14.215892791748046875
305.292877197265625 308.660125732421875 95.19403076171875 41.818759918212890625 296.029693603515625 230.5524139404296875 204.8870849609375 260.31072998046875 278.530029296875 228.4677886962890625 240.9452362060546875 216.253662109375 154.798828125 323.427154541015625 334.65313720703125 272.601959228515625 254.8983001708984375 245.5556793212890625 274.53741455078125 288.43426513671875 315.615447998046875 359.525726318359375 39.632038116455078125 41.971248626708984375 38.70310211181640625 40.285053253173828125 45.9792327880859375 357.5096435546875 336.800811767578125 276.33966064453125 276.066558837890625 289.52545166015625 302.7900390625 283.14642333984375 272.618896484375 63.4344635009765625 21.161191940307617188 306.869049072265625 316.63555908203125 355.740234375 13.251431465148925781 11.098868370056152344 5.2625012397766113281
299.981170654296875 131.4213104248046875 136.7354278564453125 225.0006256103515625 277.1246337890625 315.00054931640625 290.62310791015625 291.037200927734375 224.9994659423828125 177.709075927734375 237.45782470703125 291.424774169921875 346.08642578125 334.775360107421875 4.2141637802124023438 333.002960205078125 291.036834716796875 329.399200439453125 330.4215087890625 288.640838623046875 294.144744873046875 329.036773681640625 59.500213623046875 36.74062347412109375 30.611347198486328125 36.13812255859375 30.543243408203125 14.036103248596191406 3.5213599205017089844 300.82135009765625 282.298004150390625 278.677581787109375 297.68377685546875 295.200469970703125 251.83392333984375 218.2905426025390625 336.801025390625 321.0953369140625 331.347320556640625 307.800140380859375 10.5948028564453125 39.019283294677734375 335.738006591796875
325.12371826171875 67.988677978515625 14.036371231079101562 328.447479248046875 323.8193359375 338.874420166015625 312.272735595703125 259.991943359375 165.463531494140625 94.39771270751953125 280.731903076171875 292.713623046875 336.5399169921875 344.2479248046875 62.52523040771484375 312.136260986328125 288.2806396484375 328.790130615234375 0.40658712387084960938 294.2530517578125 218.4178619384765625 230.439422607421875 88.66780853271484375 349.1588134765625 30.31110382080078125 57.528621673583984375 35.78887939453125 5.8124127388000488281 351.803009033203125 319.36083984375 296.81024169921875 278.714111328125 289.71514892578125 354.906646728515625 296.07464599609375 303.8565673828125 317.7584228515625 313.236846923828125 131.9873809814453125 256.143035888671875 186.6320343017578125 68.14264678955078125 299.690032958984375
