wildfire/work/fuelmodels/1779/aspect.asc
ncols        370
nrows        330
xllcorner    171450.000000000000
yllcorner    473855.000000000000
cellsize     5.000000000000
NODATA_value   -999
[rows 0 to 18 of 330, columns 129 to 171 of 370]
0 0 0 0 0 0 0 0 0 0 0 0 0 0 0 0 0 0 0 0 0 0 0 0 0 0 0 0 0 0 0 0 0 0 0 0 0 0 0 0 0 0 0
216.20880126953125 226.4141998291015625 254.248382568359375 249.4944305419921875 245.0813140869140625 239.3486328125 238.5275726318359375 196.797943115234375 234.3484039306640625 252.9644317626953125 234.1616668701171875 226.5072174072265625 278.914093017578125 287.8341064453125 272.578460693359375 266.632904052734375 267.165313720703125 261.9403076171875 258.456817626953125 258.68939208984375 266.133819580078125 271.218048095703125 266.63214111328125 230.194976806640625 137.2028045654296875 138.365997314453125 184.938201904296875 176.7106475830078125 157.0677947998046875 131.9874420166015625 233.1287841796875 248.197845458984375 284.035797119140625 73.07262420654296875 157.3809967041015625 142.5944061279296875 197.10150146484375 150.945281982421875 158.7488861083984375 214.083587646484375 147.1788330078125 133.16680908203125 247.1658477783203125
224.264801025390625 254.2482757568359375 256.841827392578125 233.3537750244140625 230.5524139404296875 233.1678314208984375 236.372650146484375 245.658599853515625 289.19818115234375 281.15667724609375 255.14019775390625 259.561431884765625 262.1458740234375 215.94158935546875 221.2908935546875 246.630035400390625 260.2860107421875 264.587371826171875 265.235626220703125 268.321746826171875 266.542877197265625 233.97247314453125 173.7838897705078125 181.3319244384765625 169.4388885498046875 152.611846923828125 182.04425048828125 220.4263916015625 305.271453857421875 40.6019287109375 310.912750244140625 263.990570068359375 180.9708099365234375 164.053802490234375 159.178955078125 162.473907470703125 210.0681304931640625 71.56342315673828125 72.29927825927734375 203.4586944580078125 149.2497406005859375 72.97906494140625 281.05609130859375
289.74578857421875 261.52813720703125 221.5311737060546875 211.628143310546875 242.53912353515625 247.332672119140625 249.9041595458984375 279.36383056640625 301.526092529296875 286.868072509765625 243.433990478515625 244.439788818359375 219.068084716796875 214.2149200439453125 256.30328369140625 263.91461181640625 271.87109375 272.653533935546875 264.407867431640625 258.597015380859375 231.980712890625 199.65350341796875 161.877593994140625 178.9767303466796875 196.313751220703125 205.344024658203125 330.94793701171875 287.24078369140625 296.56427001953125 51.00860595703125 12.72324371337890625 286.858001708984375 75.96368408203125 122.004913330078125 145.175140380859375 147.907135009765625 210.529205322265625 196.1128997802734375 130.169158935546875 122.904632568359375 300.963470458984375 13.391341209411621094 234.463531494140625
320.1937255859375 200.1357879638671875 192.4495697021484375 220.6008453369140625 247.76666259765625 253.7165374755859375 269.090087890625 266.79156494140625 235.5045928955078125 219.718017578125 231.0086212158203125 200.056396484375 190.684326171875 233.944793701171875 257.061614990234375 258.689666748046875 257.092041015625 251.853790283203125 256.067718505859375 251.4164886474609375 243.4342803955078125 268.362457275390625 28.811418533325195312 19.229890823364257812 296.074371337890625 216.252960205078125 164.29052734375 233.129364013671875 250.6403350830078125 97.431427001953125 75.0687255859375 201.800872802734375 149.9310455322265625 158.83843994140625 132.1377716064453125 133.9768218994140625 198.8857269287109375 182.16070556640625 160.4072113037109375 181.930084228515625 206.916015625 166.5347442626953125 170.0736541748046875
148.3920745849609375 143.129608154296875 187.333953857421875 230.314117431640625 242.9038543701171875 258.6326904296875 268.273223876953125 251.72467041015625 230.920074462890625 246.6437225341796875 242.3111114501953125 175.8550567626953125 182.4189605712890625 241.1436920166015625 236.559600830078125 238.8343505859375 252.188934326171875 252.3867034912109375 256.9659423828125 264.5494384765625 292.506744384765625 335.409515380859375 136.81768798828125 177.613800048828125 205.34600830078125 159.44354248046875 170.133544921875 235.9332275390625 225.5964202880859375 180.60302734375 147.8746337890625 147.1647186279296875 166.40679931640625 193.3574066162109375 179.390289306640625 159.550079345703125 188.29693603515625 182.1745147705078125 158.42767333984375 190.783538818359375 205.114593505859375 150.1950225830078125 169.4260101318359375
131.7479400634765625 117.790191650390625 231.4826812744140625 259.52728271484375 267.804351806640625 273.06585693359375 264.610076904296875 251.9581756591796875 255.1830902099609375 241.944793701171875 219.8516845703125 184.30401611328125 236.0406494140625 278.24005126953125 280.691436767578125 281.52825927734375 284.766357421875 295.103759765625 282.8348388671875 258.365692138671875 231.1958160400390625 165.832550048828125 154.5246429443359375 189.637115478515625 196.476470947265625 164.395660400390625 181.244964599609375 215.3513031005859375 216.4158477783203125 193.3922576904296875 144.8189697265625 122.3259124755859375 148.7676849365234375 214.971527099609375 198.2424774169921875 182.9246978759765625 189.1963348388671875 224.9994659423828125 274.763214111328125 114.71691131591796875 173.4534912109375 151.203399658203125 160.6763458251953125
134.9999237060546875 101.976165771484375 306.98199462890625 292.29290771484375 282.294677734375 268.0245361328125 243.4343414306640625 240.944793701171875 245.504486083984375 231.8919525146484375 232.9796600341796875 249.3620758056640625 287.01983642578125 274.39801025390625 262.92578125 270.238983154296875 275.5714111328125 280.05352783203125 272.625732421875 242.3535308837890625 200.003814697265625 178.3079071044921875 182.5788726806640625 207.0304718017578125 215.7061614990234375 170.537078857421875 161.8779449462890625 209.79132080078125 241.8862457275390625 183.813751220703125 126.06906890869140625 84.004425048828125 59.573986053466796875 286.259918212890625 237.094757080078125 208.8864288330078125 192.6190185546875 234.1410675048828125 228.8132781982421875 110.8542022705078125 136.94122314453125 128.6594390869140625 99.1176910400390625
10.840222358703613281 26.565031051635742188 300.59906005859375 285.661346435546875 273.138946533203125 247.73272705078125 246.4669952392578125 262.69366455078125 272.160369873046875 294.443115234375 269.3089599609375 251.5640716552734375 254.6580963134765625 248.9617767333984375 245.8279266357421875 249.8418121337890625 252.201141357421875 252.89697265625 258.2542724609375 257.549835205078125 242.1028594970703125 276.84259033203125 251.565216064453125 199.230072021484375 223.63525390625 153.8525543212890625 133.12213134765625 236.309326171875 252.120758056640625 170.9094696044921875 126.99456787109375 107.91588592529296875 88.50533294677734375 260.83721923828125 221.185302734375 234.16229248046875 174.47222900390625 225.7950592041015625 219.2886199951171875 118.0338897705078125 30.618724822998046875 15.395648956298828125 66.54071807861328125
325.71234130859375 46.709747314453125 316.659423828125 281.002838134765625 278.869659423828125 276.403533935546875 280.407012939453125 291.0869140625 296.67376708984375 307.459503173828125 351.873443603515625 256.568450927734375 258.524017333984375 263.955291748046875 273.15435791015625 263.659423828125 254.63787841796875 256.463653564453125 265.364105224609375 266.986785888671875 298.3004150390625 322.64984130859375 29.0541229248046875 179.9986724853515625 212.318511962890625 150.5235137939453125 92.488922119140625 257.004852294921875 237.42547607421875 192.0944061279296875 135.5904693603515625 134.9996795654296875 118.30052947998046875 11.309906005859375 261.86956787109375 242.1024017333984375 143.53057861328125 191.79290771484375 223.26361083984375 190.92242431640625 152.0204010009765625 155.8281402587890625 147.0941925048828125
209.24822998046875 256.606658935546875 318.730499267578125 303.875213623046875 311.610870361328125 303.464691162109375 281.735931396484375 271.048583984375 242.3535308837890625 213.0431671142578125 190.884979248046875 270.41180419921875 268.667388916015625 236.3094635009765625 248.1309051513671875 272.013946533203125 282.893096923828125 270.821685791015625 242.559417724609375 239.225372314453125 256.4290771484375 243.885101318359375 113.7500762939453125 59.0399627685546875 251.566650390625 141.33892822265625 245.556365966796875 129.5592193603515625 213.844940185546875 204.443389892578125 139.5736541748046875 49.514293670654296875 10.953685760498046875 15.068482398986816406 356.63262939453125 304.69390869140625 105.945770263671875 151.6994476318359375 209.1280364990234375 198.2165069580078125 156.193939208984375 146.3097076416015625 176.1854400634765625
294.006378173828125 314.9991455078125 305.81854248046875 287.291656494140625 287.446502685546875 280.4647216796875 271.4405517578125 257.220916748046875 218.3251953125 221.7291412353515625 227.453399658203125 249.6631011962890625 241.6381683349609375 211.7586517333984375 241.55633544921875 256.73590087890625 260.422332763671875 249.0145111083984375 239.197967529296875 227.260162353515625 233.12933349609375 200.118743896484375 168.6898651123046875 212.4711456298828125 156.801300048828125 146.3112640380859375 249.7734832763671875 110.3762054443359375 239.035675048828125 246.24981689453125 164.7441558837890625 172.5186614990234375 208.1781158447265625 359.996978759765625 53.531497955322265625 0.0054645347408950328827 74.05438995361328125 83.65966033935546875 171.6063079833984375 216.2019805908203125 162.7584228515625 99.05767059326171875 351.869964599609375
289.653472900390625 258.11126708984375 256.3282470703125 259.61541748046875 246.345245361328125 252.62542724609375 260.726806640625 252.2034149169921875 247.5422821044921875 264.2886962890625 244.3837890625 224.4025421142578125 223.6245269775390625 211.3090057373046875 239.688201904296875 244.3296051025390625 232.9745330810546875 231.498809814453125 240.5803985595703125 228.01251220703125 244.77557373046875 234.462066650390625 194.0380401611328125 259.508544921875 324.46392822265625 344.05340576171875 113.19757080078125 84.80644989013671875 329.034515380859375 299.743927001953125 86.75983428955078125 108.43344879150390625 253.610504150390625 204.4440765380859375 136.68408203125 181.84759521484375 117.8966064453125 104.470062255859375 120.4653472900390625 263.659332275390625 165.25616455078125 140.3138275146484375 228.1800384521484375
248.085052490234375 260.9420166015625 271.877471923828125 271.33160400390625 241.07318115234375 236.221923828125 247.519927978515625 245.599884033203125 253.92578125 255.3106231689453125 222.562774658203125 236.3094635009765625 244.476165771484375 236.7381134033203125 254.3267974853515625 254.89837646484375 246.0115814208984375 245.0651702880859375 242.6120452880859375 231.8086395263671875 245.9422149658203125 251.56500244140625 298.30084228515625 309.804656982421875 178.263519287109375 169.7776641845703125 158.0846099853515625 175.6005096435546875 185.5821990966796875 202.6934967041015625 177.8780670166015625 27.181653976440429688 180.0023193359375 172.5186614990234375 172.475616455078125 174.400360107421875 155.1359405517578125 134.9998931884765625 199.17840576171875 230.7096099853515625 147.757415771484375 165.343048095703125 198.4348602294921875
253.1407470703125 280.490478515625 290.3525390625 272.6419677734375 238.6266632080078125 261.869140625 259.791046142578125 250.800567626953125 249.873687744140625 244.2488250732421875 255.342193603515625 279.116973876953125 257.96905517578125 256.30377197265625 261.192840576171875 243.609710693359375 244.72833251953125 252.6988983154296875 252.853912353515625 259.26025390625 261.6885986328125 245.8851470947265625 256.463348388671875 117.64551544189453125 148.6502838134765625 176.760009765625 149.742950439453125 163.1124420166015625 187.7213897705078125 211.551300048828125 200.0554656982421875 174.57879638671875 156.50146484375 165.378875732421875 178.0245361328125 172.7325439453125 160.2005615234375 146.4694671630859375 202.833099365234375 189.9400177001953125 153.0194854736328125 187.7919464111328125 223.6357879638671875
269.99932861328125 285.25433349609375 295.82012939453125 258.34002685546875 255.0179290771484375 271.311370849609375 261.23187255859375 252.8410491943359375 244.5102081298828125 229.59930419921875 236.996490478515625 240.731719970703125 191.6589202880859375 230.868896484375 243.4343719482421875 252.7898712158203125 266.440093994140625 268.42694091796875 268.245941162109375 274.87847900390625 292.74993896484375 243.4345550537109375 242.446533203125 138.6904296875 72.030792236328125 32.905269622802734375 94.5374755859375 72.757232666015625 319.398773193359375 245.2263641357421875 202.1088104248046875 179.99884033203125 129.289093017578125 151.348175048828125 176.81988525390625 217.0562744140625 349.992431640625 85.6008758544921875 159.101806640625 196.9271240234375 165.068511962890625 222.6130523681640625 219.709136962890625
280.586883544921875 285.045928955078125 299.981353759765625 261.867523193359375 239.4996185302734375 246.902618408203125 253.60992431640625 253.793548583984375 249.3307952880859375 240.0177001953125 239.3639678955078125 239.2061920166015625 188.84124755859375 233.3652191162109375 249.5371551513671875 257.470550537109375 267.53363037109375 266.15521240234375 267.22015380859375 264.5592041015625 228.9912261962890625 174.289215087890625 246.8975982666015625 271.684112548828125 42.039470672607421875 36.8697509765625 76.72336578369140625 112.378448486328125 272.86236572265625 44.999897003173828125 314.999267578125 137.2898712158203125 126.46887969970703125 146.433563232421875 179.9999847412109375 229.6192474365234375 241.219635009765625 97.54895782470703125 117.445892333984375 259.623809814453125 319.235748291015625 57.225391387939453125 150.421966552734375
253.8102264404296875 256.02899169921875 252.9789276123046875 134.996551513671875 226.90972900390625 250.1143035888671875 244.653228759765625 240.7316131591796875 246.03704833984375 259.8033447265625 280.92205810546875 263.45281982421875 238.6266632080078125 289.23016357421875 277.16668701171875 261.0904541015625 257.80633544921875 257.7928466796875 258.301727294921875 261.6739501953125 240.6416168212890625 144.4625701904296875 258.535308837890625 250.4072113037109375 128.656982421875 48.46685791015625 66.556732177734375 36.870510101318359375 298.441558837890625 74.0549468994140625 168.6875762939453125 125.29328155517578125 123.18964385986328125 140.1165008544921875 174.207061767578125 214.241607666015625 216.929351806640625 125.133880615234375 106.4288787841796875 255.03289794921875 247.1257781982421875 108.434539794921875 112.30014801025390625
260.25567626953125 261.52813720703125 245.6942291259765625 166.60748291015625 216.8709259033203125 257.997283935546875 249.943572998046875 250.740325927734375 256.896575927734375 257.968780517578125 265.661376953125 293.199432373046875 252.4081268310546875 244.9827880859375 246.48504638671875 257.275054931640625 254.139984130859375 250.361663818359375 251.28778076171875 251.011810302734375 267.767974853515625 18.435197830200195312 256.890167236328125 241.808135986328125 244.9824981689453125 8.1294279098510742188 50.194286346435546875 32.73537445068359375 16.697500228881835938 126.869384765625 149.6194305419921875 117.78345489501953125 97.99700927734375 115.095672607421875 168.6898040771484375 195.3757781982421875 211.7010040283203125 160.820556640625 119.207611083984375 232.24383544921875 209.3570556640625 143.411956787109375 96.75321197509765625
