wildfire/work/fuelmodels/1779/aspect.asc
ncols        370
nrows        330
xllcorner    171450.000000000000
yllcorner    473855.000000000000
cellsize     5.000000000000
NODATA_value   -999
[rows 266 to 284 of 330, columns 86 to 128 of 370]
312.796600341796875 305.09503173828125 300.960479736328125 142.7650299072265625 159.6227874755859375 198.434051513671875 311.05401611328125 345.6988525390625 12.425794601440429688 53.0269927978515625 51.75330352783203125 35.83734893798828125 0 278.129364013671875 251.1609649658203125 250.621368408203125 147.528778076171875 170.455230712890625 209.26739501953125 241.1884765625 183.813751220703125 222.3970184326171875 202.1658477783203125 119.47570037841796875 269.99957275390625 260.134002685546875 91.97451019287109375 72.75847625732421875 311.00823974609375 286.44781494140625 320.289031982421875 329.32159423828125 254.8264923095703125 206.07476806640625 73.95114898681640625 69.5377655029296875 10.92284393310546875 284.898040771484375 262.4755859375 141.1149139404296875 140.4398651123046875 240.2546539306640625 198.435577392578125
269.999359130859375 184.898681640625 181.396881103515625 170.3397369384765625 176.819549560546875 253.6098175048828125 299.475067138671875 33.690196990966796875 135.0002899169921875 115.34587860107421875 62.281185150146484375 65.2250823974609375 0 26.564989089965820312 313.94805908203125 273.121368408203125 130.072845458984375 138.366851806640625 243.1518707275390625 224.999298095703125 173.99072265625 198.434478759765625 187.183807373046875 183.8137359619140625 200.658538818359375 198.159027099609375 153.4344024658203125 134.999114990234375 310.155364990234375 305.90911865234375 296.915924072265625 359.997589111328125 175.60101318359375 223.1111297607421875 171.869384765625 71.25012969970703125 44.99956512451171875 228.27032470703125 211.1844940185546875 170.310546875 336.54034423828125 326.51312255859375 12.692629814147949219
126.86960601806640625 192.094635009765625 300.529083251953125 52.431407928466796875 158.9615631103515625 247.680023193359375 243.924041748046875 128.6596221923828125 99.46237945556640625 0 0 0 0 327.09405517578125 345.6346435546875 14.826463699340820312 72.29941558837890625 3.9907746315002441406 308.989532470703125 234.46173095703125 268.1517333984375 58.134204864501953125 116.56497955322265625 214.28643798828125 223.6022796630859375 195.8320770263671875 176.905303955078125 256.534271240234375 280.1749267578125 233.3655242919921875 232.1246337890625 198.434478759765625 92.04543304443359375 248.74884033203125 201.540496826171875 134.3176116943359375 144.4620361328125 190.560760498046875 237.803741455078125 185.8258514404296875 250.05712890625 273.751068115234375 73.6104278564453125
88.87646484375 310.168731689453125 329.334625244140625 16.06005096435546875 35.655315399169921875 239.7432861328125 231.6321258544921875 203.1986236572265625 314.999267578125 167.5496368408203125 166.1848907470703125 224.9994659423828125 281.30926513671875 282.170806884765625 355.871612548828125 43.697917938232421875 46.8778076171875 38.659587860107421875 354.803680419921875 312.22900390625 305.68927001953125 79.777740478515625 31.67507171630859375 335.555267333984375 344.356964111328125 5.3143987655639648438 4.3987979888916015625 290.11907958984375 284.7430419921875 144.4625701904296875 243.799530029296875 210.962860107421875 75.96454620361328125 323.744842529296875 148.7992095947265625 149.0359954833984375 161.564666748046875 227.8150787353515625 223.635528564453125 159.702117919921875 226.0133819580078125 216.06884765625 173.557861328125
113.498138427734375 230.8555908203125 243.238861083984375 0.0021856888197362422943 75.85406494140625 107.152130126953125 212.6188507080078125 238.7602386474609375 156.0370330810546875 137.8021240234375 201.8010406494140625 243.6868438720703125 267.682342529296875 263.479583740234375 236.887786865234375 54.65999603271484375 46.39710235595703125 40.07268524169921875 330.42132568359375 285.254547119140625 210.0682373046875 118.00867462158203125 288.434539794921875 261.8695068359375 244.7983245849609375 325.303985595703125 17.525506973266601562 303.9586181640625 266.633270263671875 7.1244111061096191406 285.94439697265625 216.8686676025390625 223.20953369140625 152.241180419921875 109.536285400390625 97.35213470458984375 69.77492523193359375 258.976165771484375 196.1128997802734375 168.6890411376953125 277.372894287109375 263.33270263671875 257.968963623046875
90.80673980712890625 200.6951751708984375 220.745635986328125 192.4919281005859375 142.4539337158203125 112.30612945556640625 293.6280517578125 266.3314208984375 102.5288238525390625 77.29576873779296875 289.931884765625 274.027618408203125 278.67254638671875 273.944580078125 239.035675048828125 149.9307403564453125 93.179534912109375 85.23619842529296875 281.308441162109375 245.3759918212890625 192.52886962890625 0 331.259368896484375 123.690338134765625 244.289093017578125 267.27288818359375 100.40753173828125 188.1292266845703125 266.78369140625 348.689239501953125 122.90570068359375 219.5590667724609375 230.1940155029296875 137.7260589599609375 73.61008453369140625 27.299449920654296875 11.309696197509765625 330.3492431640625 343.300201416015625 334.248870849609375 321.339385986328125 300.963134765625 239.4203033447265625
91.39699554443359375 44.999897003173828125 172.184356689453125 188.4545440673828125 189.089813232421875 313.697296142578125 338.539215087890625 328.522308349609375 354.28839111328125 39.454563140869140625 347.426666259765625 304.601806640625 288.04046630859375 282.61865234375 291.80108642578125 132.8781280517578125 129.1221771240234375 136.3636474609375 243.43475341796875 283.670562744140625 304.113525390625 317.2899169921875 70.0172882080078125 90.000152587890625 283.239837646484375 267.64617919921875 112.79636383056640625 277.12396240234375 287.631011962890625 90 139.013763427734375 220.6010894775390625 233.426666259765625 128.4176177978515625 149.0362548828125 174.2891387939453125 147.7239837646484375 199.798187255859375 246.31707763671875 263.927032470703125 227.8619232177734375 202.379730224609375 239.5338134765625
296.565093994140625 11.768270492553710938 34.562488555908203125 359.48297119140625 326.658477783203125 287.20892333984375 286.23187255859375 98.97200775146484375 169.7773895263671875 166.3285980224609375 254.74420166015625 278.129364013671875 252.1075439453125 241.483856201171875 189.16192626953125 137.525848388671875 133.8538970947265625 288.43646240234375 311.53131103515625 317.601837158203125 254.0540618896484375 271.396575927734375 67.479034423828125 23.749235153198242188 291.037078857421875 195.642242431640625 132.6136932373046875 255.4105072021484375 250.9243011474609375 123.689849853515625 136.735443115234375 217.234283447265625 200.22430419921875 161.1997222900390625 160.64068603515625 205.6404266357421875 135.0000152587890625 199.358367919921875 255.8271636962890625 274.23565673828125 327.52764892578125 310.9119873046875 277.304962158203125
245.771575927734375 314.999267578125 5.1945362091064453125 356.759490966796875 1.8476512432098388672 301.943939208984375 258.6895751953125 125.537200927734375 129.2889862060546875 171.1583099365234375 224.1811676025390625 215.193450927734375 203.4042816162109375 185.60882568359375 0 194.5137939453125 212.904876708984375 280.619384765625 281.888580322265625 179.9941253662109375 255.9628448486328125 258.68939208984375 57.094944000244140625 1.5478987693786621094 285.641815185546875 126.11883544921875 134.9996795654296875 225.9870758056640625 206.9952850341796875 143.79718017578125 137.386138916015625 250.199462890625 185.5988006591796875 173.8843536376953125 168.6898193359375 250.7687225341796875 347.904266357421875 351.633148193359375 294.64630126953125 275.3553466796875 131.819183349609375 228.81396484375 214.215606689453125
269.075225830078125 287.783203125 344.054840087890625 167.9049835205078125 182.4892120361328125 259.508087158203125 163.0727081298828125 87.51020050048828125 31.32869720458984375 32.005001068115234375 292.74993896484375 252.896453857421875 183.65185546875 123.31048583984375 177.5797271728515625 234.047027587890625 242.3535308837890625 230.7104034423828125 204.443328857421875 191.8205718994140625 189.6883087158203125 214.591766357421875 201.446990966796875 172.8749237060546875 183.8141937255859375 127.87459564208984375 57.80492401123046875 258.68695068359375 181.041229248046875 164.2911376953125 230.7094573974609375 168.6896820068359375 153.4349517822265625 295.558868408203125 357.272247314453125 285.94482421875 282.65191650390625 319.39764404296875 304.28619384765625 277.124786376953125 96.33917236328125 258.6898193359375 282.723602294921875
268.209686279296875 280.304412841796875 64.7984771728515625 119.21875 183.9905853271484375 201.6142730712890625 191.040496826171875 211.8655853271484375 150.944732666015625 101.30933380126953125 306.8690185546875 316.7349853515625 15.255418777465820312 69.6768341064453125 93.91811370849609375 252.3109893798828125 254.5046539306640625 224.999725341796875 188.1293487548828125 186.145965576171875 177.1372528076171875 217.998260498046875 239.3809814453125 161.5635833740234375 281.308013916015625 156.8010406494140625 129.8046875 142.35186767578125 148.091583251953125 195.4605712890625 246.5705108642578125 154.9833831787109375 239.0360107421875 279.245391845703125 332.74334716796875 325.3040771484375 313.024261474609375 232.123870849609375 230.193634033203125 230.526763916015625 113.19832611083984375 308.15679931640625 268.024383544921875
299.693206787109375 289.39715576171875 89.99979400634765625 77.6188812255859375 39.559478759765625 267.509735107421875 251.564453125 258.689453125 108.435791015625 7.4315128326416015625 306.572540283203125 285.944915771484375 334.290252685546875 68.74939727783203125 61.699100494384765625 286.836822509765625 269.699432373046875 241.3890380859375 171.8689422607421875 188.7454986572265625 255.9615631103515625 224.99908447265625 217.3488616943359375 213.4393157958984375 181.735321044921875 160.8208770751953125 150.3757476806640625 143.4705657958984375 143.12957763671875 205.8657989501953125 241.5343170166015625 177.879241943359375 210.9633941650390625 242.5251617431640625 219.4725494384765625 213.407318115234375 204.226776123046875 179.9995880126953125 218.088134765625 209.6229705810546875 170.4330902099609375 204.5273284912109375 219.91973876953125
322.223419189453125 298.299468994140625 123.68978118896484375 112.2488555908203125 358.36285400390625 9.4625215530395507812 280.007537841796875 267.64617919921875 334.982147216796875 79.21602630615234375 174.20684814453125 224.999664306640625 206.56402587890625 103.5227508544921875 49.57369232177734375 301.52606201171875 283.23974609375 268.6666259765625 333.433807373046875 333.434173583984375 329.620452880859375 107.102447509765625 212.2421417236328125 207.5522613525390625 175.7631072998046875 199.485870361328125 122.471221923828125 80.83763885498046875 77.57378387451171875 216.8698272705078125 226.6362457275390625 179.99969482421875 217.8744964599609375 242.102294921875 182.602447509765625 197.402130126953125 217.1840057373046875 244.982574462890625 198.434478759765625 178.780670166015625 146.12896728515625 255.35760498046875 296.371551513671875
201.03692626953125 169.045684814453125 134.9999847412109375 111.8005828857421875 247.6191558837890625 131.7291412353515625 157.035858154296875 205.9528350830078125 204.1926727294921875 141.6663360595703125 153.4348297119140625 231.253631591796875 182.8617706298828125 163.49481201171875 305.538421630859375 278.971923828125 265.235748291015625 252.3489990234375 235.619232177734375 178.4516754150390625 189.7818603515625 102.3802337646484375 321.339324951171875 336.800506591796875 23.629413604736328125 251.564453125 156.8011932373046875 185.4399871826171875 50.193950653076171875 15.945307731628417969 322.594024658203125 81.86883544921875 247.0107879638671875 226.1686248779296875 181.7349853515625 201.3704681396484375 218.5164947509765625 236.4815826416015625 149.03564453125 147.011016845703125 167.7353515625 273.60064697265625 267.478546142578125
210.52911376953125 177.336669921875 186.54632568359375 194.036102294921875 165.25543212890625 138.0125274658203125 83.659454345703125 140.02362060546875 200.30401611328125 200.6057891845703125 159.7754058837890625 265.60040283203125 145.8854217529296875 205.01617431640625 231.1695404052734375 231.5817413330078125 227.202117919921875 214.379730224609375 205.0166778564453125 168.0238494873046875 166.328033447265625 182.81500244140625 227.960479736328125 260.133880615234375 14.743472099304199219 85.425811767578125 138.0125274658203125 196.762298583984375 217.0301666259765625 301.60693359375 7.1249713897705078125 77.8285064697265625 200.695037841796875 211.3989715576171875 216.7023468017578125 187.5948028564453125 202.3795623779296875 228.4159698486328125 161.1612548828125 162.8969268798828125 264.804840087890625 225.9543304443359375 207.0501251220703125
206.710357666015625 182.7586822509765625 193.0497283935546875 200.7718353271484375 171.655426025390625 199.65338134765625 134.0757904052734375 107.102447509765625 253.9504547119140625 250.2770538330078125 202.6931610107421875 235.8847503662109375 132.8793487548828125 219.288238525390625 235.1749420166015625 201.037353515625 230.6301116943359375 244.59185791015625 292.442230224609375 357.33612060546875 71.980072021484375 153.4344940185546875 213.5409088134765625 220.0298614501953125 207.9790191650390625 84.09337615966796875 66.6305694580078125 26.560617446899414062 222.5101165771484375 224.9993133544921875 174.9863739013671875 118.201568603515625 154.983062744140625 217.5034942626953125 232.594085693359375 222.878326416015625 245.5547332763671875 213.6893157958984375 155.5558013916015625 211.7587738037109375 232.8146820068359375 167.2754974365234375 181.7009735107421875
198.4346923828125 185.6590118408203125 195.332855224609375 216.6335296630859375 202.06732177734375 162.2158050537109375 168.3102569580078125 69.4441375732421875 326.30908203125 291.03704833984375 160.4628448486328125 210.815338134765625 216.702606201171875 309.143402099609375 328.2396240234375 353.6588134765625 307.2774658203125 272.48895263671875 252.596771240234375 191.8211517333984375 96.3398284912109375 72.34957122802734375 184.7637786865234375 213.2609405517578125 219.4719390869140625 201.3702239990234375 83.829376220703125 80.31053924560546875 154.982879638671875 206.7823028564453125 210.173004150390625 123.92946624755859375 149.93109130859375 213.0234222412109375 228.2390289306640625 212.904693603515625 199.5363311767578125 170.7060394287109375 150.572021484375 176.447845458984375 201.2176055908203125 202.44244384765625 142.124847412109375
35.217258453369140625 44.999897003173828125 168.689361572265625 206.760009765625 203.01715087890625 150.7804412841796875 204.2270965576171875 227.1603851318359375 210.0682525634765625 202.24835205078125 106.55660247802734375 293.384552001953125 276.519287109375 219.0526885986328125 221.18548583984375 227.12060546875 243.4340362548828125 228.36566162109375 237.4494171142578125 182.7787933349609375 143.2458648681640625 150.9440155029296875 51.910938262939453125 269.999359130859375 223.2896270751953125 216.572479248046875 152.927642822265625 92.29022216796875 109.50214385986328125 197.1022491455078125 238.42132568359375 135.7954254150390625 168.95867919921875 210.4251708984375 185.07904052734375 208.0443572998046875 200.34375 166.0968170166015625 148.9022216796875 157.9123687744140625 217.4381866455078125 218.0076141357421875 174.2068328857421875
111.8015289306640625 41.18640899658203125 41.82028961181640625 6.3407101631164550781 251.564727783203125 225.0103912353515625 308.829559326171875 220.0300140380859375 176.0350494384765625 209.267578125 273.01239013671875 304.507781982421875 179.9995880126953125 174.36895751953125 220.864715576171875 201.5947723388671875 183.20477294921875 219.9755401611328125 251.9516754150390625 132.0642242431640625 160.6406097412109375 210.20257568359375 171.869384765625 68.62996673583984375 155.555908203125 212.2998046875 193.240234375 154.9826812744140625 123.18978118896484375 191.0559539794921875 228.2089080810546875 142.037750244140625 178.3148651123046875 179.4833984375 170.837249755859375 216.5179901123046875 204.178497314453125 157.9634857177734375 130.60107421875 79.99135589599609375 263.6591796875 207.8375701904296875 168.8634033203125
