wildfire/work/fuelmodels/1779/aspect.asc
ncols        370
nrows        330
xllcorner    171450.000000000000
yllcorner    473855.000000000000
cellsize     5.000000000000
NODATA_value   -999
[rows 304 to 322 of 330, columns 172 to 214 of 370]
196.259429931640625 337.47930908203125 328.04473876953125 324.58209228515625 25.974437713623046875 12.094141960144042969 289.41082763671875 291.46697998046875 32.471309661865234375 208.30047607421875 222.9542083740234375 212.6607818603515625 263.659454345703125 275.3887939453125 198.433868408203125 166.4292755126953125 25.5600738525390625 32.15251922607421875 4.3985986709594726562 258.6893310546875 238.133392333984375 246.8008575439453125 271.5478515625 81.86956024169921875 106.47686767578125 129.9574737548828125 259.694366455078125 5.1940584182739257812 277.12420654296875 241.797576904296875 158.8598480224609375 214.777099609375 248.6287078857421875 250.2010498046875 235.491180419921875 240.7804107666015625 236.3094635009765625 215.537506103515625 250.01617431640625 274.084869384765625 286.7353515625 336.54010009765625 354.2889404296875
320.598480224609375 306.32647705078125 305.81060791015625 331.857513427734375 18.435026168823242188 347.274810791015625 317.094573974609375 297.718292236328125 95.52675628662109375 80.536163330078125 268.7265625 248.9620208740234375 252.5966339111328125 244.8544921875 140.1939697265625 183.813751220703125 248.8596038818359375 70.70977783203125 61.698902130126953125 294.144866943359375 268.362762451171875 247.035614013671875 227.0820770263671875 146.9754180908203125 100.221771240234375 57.2649383544921875 288.433868408203125 310.600433349609375 292.066986083984375 258.689178466796875 353.15667724609375 316.683990478515625 307.746124267578125 63.433929443359375 243.9702606201171875 235.12420654296875 217.5680999755859375 252.9505767822265625 270.763275146484375 266.844451904296875 255.9630889892578125 195.421875 167.1950225830078125
10.007589340209960938 268.20941162109375 263.810760498046875 284.742095947265625 326.887786865234375 312.272613525390625 308.658599853515625 198.4322967529296875 134.9996795654296875 18.428348541259765625 263.1568603515625 271.16851806640625 269.999359130859375 255.6992340087890625 82.87462615966796875 336.03680419921875 290.7135009765625 65.40991973876953125 55.0080718994140625 280.953460693359375 203.962188720703125 239.9308929443359375 238.626556396484375 224.9994659423828125 16.113637924194335938 17.44731903076171875 9.245838165283203125 274.396514892578125 253.81024169921875 255.2566375732421875 262.2344970703125 259.3800048828125 247.166351318359375 119.7444915771484375 196.1130523681640625 205.095672607421875 215.406280517578125 252.1075439453125 261.026824951171875 266.74224853515625 252.323394775390625 208.1414337158203125 281.309356689453125
23.748823165893554688 323.12933349609375 254.743743896484375 191.3093719482421875 185.8258056640625 213.28704833984375 205.941802978515625 158.49822998046875 201.801025390625 183.8140869140625 271.217803955078125 299.475006103515625 359.998077392578125 223.5306396484375 215.5370330810546875 313.875946044921875 292.21685791015625 50.90654754638671875 354.587188720703125 349.248016357421875 34.508296966552734375 286.231781005859375 283.78082275390625 314.99896240234375 348.110504150390625 10.840719223022460938 51.072231292724609375 53.745342254638671875 265.10052490234375 264.2886962890625 227.6020965576171875 231.8423919677734375 235.538604736328125 108.43485260009765625 161.565399169921875 263.1568603515625 283.44805908203125 275.843963623046875 241.9269256591796875 247.2483978271484375 235.38836669921875 201.4475555419921875 238.3595733642578125
285.017730712890625 347.4705810546875 51.70951080322265625 143.4264678955078125 178.8762359619140625 252.6456756591796875 254.5386962890625 115.0159912109375 264.17333984375 318.012115478515625 297.0947265625 303.86981201171875 35.3110809326171875 355.913787841796875 249.44293212890625 230.3886871337890625 198.4341888427734375 196.782135009765625 224.9999542236328125 304.21490478515625 8.9018964767456054688 335.135772705078125 252.9787139892578125 244.2299652099609375 295.819854736328125 351.157623291015625 46.941234588623046875 20.924213409423828125 337.7138671875 349.28607177734375 329.38043212890625 324.057037353515625 332.927032470703125 51.009063720703125 358.450653076171875 320.012298583984375 306.43841552734375 304.69451904296875 295.345428466796875 238.23980712890625 223.619232177734375 233.8414459228515625 284.330474853515625
247.97216796875 220.10028076171875 24.22797393798828125 7.1249051094055175781 358.918212890625 326.603973388671875 349.24822998046875 29.248653411865234375 310.81451416015625 307.87432861328125 292.5198974609375 269.999359130859375 120.96411895751953125 78.69072723388671875 300.96240234375 175.4260101318359375 205.664581298828125 252.59674072265625 256.429229736328125 246.8009033203125 231.7088775634765625 102.99416351318359375 231.225433349609375 228.9178009033203125 226.87738037109375 235.6190032958984375 28.495502471923828125 10.175348281860351562 350.753204345703125 1.9306242465972900391 334.383819580078125 306.118408203125 114.44348907470703125 179.9995880126953125 278.74530029296875 285.831573486328125 268.6973876953125 262.115997314453125 318.944580078125 322.0157470703125 314.529541015625 326.30908203125 323.290496826171875
250.3456268310546875 250.8203277587890625 299.577117919921875 357.35638427734375 15.751057624816894531 283.78070068359375 339.226654052734375 12.619139671325683594 358.8304443359375 284.858123779296875 282.380218505859375 333.435791015625 126.8692779541015625 300.256011962890625 47.72624969482421875 87.614013671875 267.708465576171875 275.526947021484375 331.8204345703125 318.06561279296875 313.491790771484375 33.274997711181640625 355.7626953125 262.746429443359375 247.3797149658203125 257.228118896484375 287.353118896484375 37.87464141845703125 303.68914794921875 322.1243896484375 356.63330078125 336.0367431640625 60.707904815673828125 44.999897003173828125 281.30938720703125 303.069854736328125 318.093231201171875 315.724639892578125 322.480194091796875 330.944610595703125 319.342498779296875 313.697357177734375 294.96826171875
309.68487548828125 287.90386962890625 273.9178466796875 145.73846435546875 166.848663330078125 230.4032440185546875 280.49090576171875 355.731170654296875 34.11456298828125 321.339569091796875 277.791595458984375 15.641918182373046875 349.045257568359375 332.87799072265625 37.146793365478515625 40.60129547119140625 323.12921142578125 278.245758056640625 294.325042724609375 330.1234130859375 318.36517333984375 14.421192169189453125 64.359039306640625 292.519500732421875 294.340423583984375 288.43438720703125 250.769012451171875 128.65924072265625 158.19879150390625 218.088134765625 172.2342987060546875 244.9824066162109375 27.349689483642578125 2.2908141613006591797 318.690643310546875 326.309112548828125 336.97369384765625 336.500762939453125 315.510833740234375 314.46875 304.425811767578125 250.0162811279296875 242.7707672119140625
235.53857421875 253.2168121337890625 222.0640106201171875 107.3536529541015625 53.74616241455078125 276.114898681640625 271.847015380859375 279.46197509765625 91.00489044189453125 296.564056396484375 286.556365966796875 348.689178466796875 329.620269775390625 329.420166015625 46.21903228759765625 27.216001510620117188 343.73883056640625 308.658935546875 310.683135986328125 147.527435302734375 195.25469970703125 194.0359344482421875 115.2527008056640625 255.140716552734375 252.800750732421875 224.99981689453125 173.156768798828125 179.090087890625 197.6218109130859375 212.904876708984375 278.615203857421875 304.918701171875 338.38446044921875 330.48773193359375 314.162872314453125 320.388580322265625 327.744537353515625 340.158599853515625 308.453033447265625 274.0438232421875 259.82391357421875 218.99029541015625 259.777252197265625
285.523406982421875 243.1654205322265625 223.057952880859375 116.56586456298828125 353.92657470703125 291.928985595703125 253.0718536376953125 182.563232421875 144.659515380859375 275.041748046875 289.010040283203125 0 251.564178466796875 186.3391265869140625 138.3658905029296875 251.564453125 301.865020751953125 256.534210205078125 208.855133056640625 129.0934906005859375 195.945343017578125 212.00579833984375 138.9442138671875 216.3839263916015625 203.1982269287109375 196.4884185791015625 159.9734954833984375 190.375030517578125 271.789306640625 326.448516845703125 333.799163818359375 339.726531982421875 336.42462158203125 322.2742919921875 302.603851318359375 301.71441650390625 313.338958740234375 344.42669677734375 57.5286712646484375 227.769744873046875 235.560516357421875 295.345672607421875 284.994384765625
321.980438232421875 334.229827880859375 288.434173583984375 251.564208984375 269.9990234375 297.215179443359375 310.2354736328125 149.931243896484375 307.56768798828125 286.781829833984375 223.3628692626953125 179.9995880126953125 186.4825286865234375 185.8554534912109375 181.846527099609375 255.0680694580078125 182.6027069091796875 201.4249725341796875 210.25592041015625 202.37939453125 146.3100128173828125 151.1134490966796875 165.605926513671875 189.781890869140625 182.16070556640625 213.231109619140625 274.572967529296875 326.83294677734375 313.994140625 328.2899169921875 341.800018310546875 349.53924560546875 337.415374755859375 328.46441650390625 308.659088134765625 299.677734375 302.573272705078125 63.434619903564453125 109.05722808837890625 242.8782196044921875 273.012054443359375 294.303802490234375 258.68975830078125
275.709716796875 309.14312744140625 351.0263671875 155.5547027587890625 238.49505615234375 268.451202392578125 20.225185394287109375 62.52523040771484375 278.129486083984375 314.999267578125 306.5721435546875 341.56427001953125 128.9911346435546875 243.434173583984375 252.896484375 189.1621246337890625 192.5297698974609375 299.05364990234375 210.255523681640625 194.1980743408203125 171.4159698486328125 151.69891357421875 145.30450439453125 307.30303955078125 344.743896484375 311.5928955078125 308.046356201171875 312.22015380859375 289.39715576171875 284.6201171875 302.318695068359375 326.495819091796875 345.649932861328125 334.9822998046875 303.689453125 280.618743896484375 220.81451416015625 146.0935821533203125 128.2900390625 256.607025146484375 256.94415283203125 223.95782470703125 206.564727783203125
304.591766357421875 282.803802490234375 133.60247802734375 154.797882080078125 256.15869140625 248.5517730712890625 182.0448455810546875 150.945098876953125 234.63702392578125 248.0249481201171875 303.689361572265625 39.957370758056640625 66.44730377197265625 295.664642333984375 23.198535919189453125 133.1518707275390625 198.749420166015625 193.9121246337890625 178.0244903564453125 224.9991455078125 63.435527801513671875 329.6202392578125 334.3582763671875 349.953826904296875 359.1038818359375 315.615325927734375 296.399322509765625 296.96502685546875 267.95391845703125 249.701904296875 220.5152130126953125 252.8235321044921875 299.054229736328125 326.309356689453125 211.4286346435546875 187.4803924560546875 197.06243896484375 172.998565673828125 168.6905059814453125 260.310333251953125 238.5998077392578125 224.9994659423828125 263.8292236328125
257.73431396484375 201.037322998046875 55.620433807373046875 0.00047514340258203446865 284.035736083984375 251.161041259765625 227.4886016845703125 314.998046875 291.036865234375 247.9316864013671875 227.5258026123046875 143.4884796142578125 156.8009490966796875 220.913909912109375 157.5666046142578125 134.99957275390625 220.1555633544921875 220.3642120361328125 273.12158203125 305.8814697265625 4.8643898963928222656 319.235595703125 303.689453125 22.067750930786132812 51.339672088623046875 281.309234619140625 274.762939453125 301.21771240234375 302.734405517578125 251.5652008056640625 269.99951171875 286.9591064453125 84.8062744140625 199.65338134765625 134.9994049072265625 178.8301849365234375 264.559326171875 323.745452880859375 331.8206787109375 331.439849853515625 344.426849365234375 293.02496337890625 283.3482666015625
202.61932373046875 255.46490478515625 320.19378662109375 36.702831268310546875 71.5640106201171875 271.244873046875 294.2276611328125 225.00311279296875 193.5703277587890625 213.95855712890625 204.9434967041015625 149.4699249267578125 164.453155517578125 220.470672607421875 188.7453765869140625 37.614086151123046875 322.59381103515625 337.519744873046875 325.30419921875 301.13836669921875 19.536205291748046875 291.94818115234375 260.095306396484375 140.9055938720703125 311.632781982421875 304.176177978515625 296.364776611328125 298.65130615234375 306.157562255859375 49.76273345947265625 274.398162841796875 251.2313385009765625 144.1620635986328125 198.9241943359375 142.852752685546875 308.4796142578125 293.34320068359375 295.016204833984375 257.734771728515625 255.9631500244140625 302.005279541015625 291.665252685546875 279.02685546875
316.7891845703125 297.071563720703125 291.801055908203125 27.299661636352539062 23.343877792358398438 297.12017822265625 179.9995880126953125 169.3539276123046875 181.659820556640625 195.8186187744140625 191.7451934814453125 143.8805389404296875 309.47198486328125 311.697540283203125 341.2213134765625 15.255051612854003906 334.28912353515625 322.305023193359375 331.698577880859375 330.8316650390625 30.256280899047851562 293.197906494140625 306.468597412109375 343.8857421875 334.218963623046875 339.943084716796875 305.165771484375 282.770721435546875 267.137481689453125 32.90484619140625 241.989837646484375 207.687896728515625 177.3573150634765625 248.1981353759765625 290.7718505859375 295.94171142578125 282.80352783203125 159.6237030029296875 195.52349853515625 186.1460723876953125 217.6650543212890625 255.837005615234375 270.64288330078125
325.303924560546875 297.029815673828125 267.356781005859375 296.56500244140625 79.43874359130859375 123.340484619140625 155.793853759765625 192.8745269775390625 284.7427978515625 312.273040771484375 345.749114990234375 11.633399009704589844 320.581817626953125 304.25341796875 307.234405517578125 78.97625732421875 130.9146881103515625 234.7519378662109375 262.332733154296875 317.044921875 33.69005584716796875 325.059814453125 319.235748291015625 325.144805908203125 326.309051513671875 36.86985015869140625 260.908905029296875 261.38372802734375 246.8007354736328125 271.734771728515625 11.976372718811035156 317.601837158203125 284.742828369140625 308.82891845703125 311.24761962890625 312.31561279296875 13.56986236572265625 86.63326263427734375 311.185089111328125 38.659984588623046875 285.75048828125 296.5643310546875 325.560089111328125
256.826812744140625 293.628387451171875 288.99578857421875 144.4618988037109375 150.164154052734375 145.619384765625 2.726230621337890625 333.590362548828125 332.073211669921875 330.54296875 348.689239501953125 11.449181556701660156 323.857147216796875 257.549285888671875 203.1978912353515625 74.0549468994140625 37.746517181396484375 309.956695556640625 273.907928466796875 283.324066162109375 40.236186981201171875 325.618743896484375 233.97174072265625 226.379730224609375 216.9823760986328125 132.917266845703125 236.632965087890625 250.6403045654296875 209.744140625 243.03363037109375 253.071929931640625 338.19769287109375 298.739013671875 326.975311279296875 316.301239013671875 276.339691162109375 48.576305389404296875 38.0888519287109375 323.651763916015625 335.388427734375 327.264007568359375 317.253875732421875 359.99896240234375
236.1644134521484375 261.11871337890625 208.0716094970703125 125.387542724609375 152.5599365234375 272.289947509765625 323.745391845703125 346.503662109375 295.83905029296875 319.29913330078125 24.015167236328125 36.38434600830078125 5.4402332305908203125 317.1199951171875 301.75909423828125 303.17791748046875 358.41668701171875 5.1943793296813964844 317.506927490234375 331.090240478515625 14.036531448364257812 346.606658935546875 73.3006134033203125 200.1571044921875 213.464935302734375 173.65936279296875 201.250091552734375 217.170379638671875 201.4248809814453125 203.198150634765625 201.2499237060546875 212.275054931640625 257.516876220703125 262.8743896484375 251.564453125 259.159088134765625 288.434814453125 30.963941574096679688 239.03472900390625 260.432647705078125 262.404693603515625 189.4620513916015625 178.806182861328125
