wildfire/work/fuelmodels/1779/slope.asc
ncols        370
nrows        330
xllcorner    171450.000000000000
yllcorner    473855.000000000000
cellsize     5.000000000000
NODATA_value   -999
[rows 306 to 323 of 330, columns 205 to 245 of 370]
1.0883457660675048828 1.0538575649261474609 1.9624843597412109375 2.2907495498657226562 3.0016050338745117188 1.7309669256210327148 2.7710964679718017578 2.1485509872436523438 1.097156524658203125 1.1472132205963134766 1.8356695175170898438 2.0608208179473876953 2.6961956024169921875 1.7417504787445068359 0.72558331489562988281 1.2679303884506225586 1.0695869922637939453 3.4950993061065673828 4.3877782821655273438 4.2549767494201660156 3.3024179935455322266 0.63717687129974365234 0.22945725917816162109 0.96929526329040527344 0.95720654726028442383 2.2341899871826171875 1.7799741029739379883 1.96532440185546875 1.8022971153259277344 1.9326088428497314453 1.9979895353317260742 2.2596247196197509766 1.6378377676010131836 2.6775524616241455078 3.2761425971984863281 1.8795163631439208984 2.5209488868713378906 3.8034911155700683594 3.9155058860778808594 3.25557708740234375 2.3541216850280761719
0.99607789516448974609 0.21345278620719909668 0.56652772426605224609 2.1279621124267578125 2.8714580535888671875 1.5298491716384887695 3.0242495536804199219 1.9407087564468383789 1.3536441326141357422 2.6156530380249023438 1.6862545013427734375 1.113643646240234375 2.1179602146148681641 3.3105211257934570312 4.1876540184020996094 4.9221291542053222656 4.8137750625610351562 4.3854756355285644531 3.4723293781280517578 2.193515777587890625 1.8714263439178466797 1.2178361415863037109 1.0495227575302124023 0.61781984567642211914 2.4575555324554443359 2.6393330097198486328 0.53338968753814697266 0.61122983694076538086 1.1423549652099609375 0.28814083337783813477 0.75632262229919433594 1.9666070938110351562 2.6148808002471923828 4.0473942756652832031 3.614475250244140625 2.4747817516326904297 3.0352604389190673828 4.209171295166015625 3.2201378345489501953 2.6515672206878662109 2.7178511619567871094
0.60790312290191650391 0.83277797698974609375 1.8204441070556640625 2.9914832115173339844 2.134136199951171875 0.47302269935607910156 2.2223837375640869141 2.6410577297210693359 1.4489898681640625 3.1801724433898925781 3.1863710880279541016 3.7165915966033935547 4.0387845039367675781 3.1443767547607421875 2.8095128536224365234 1.5603153705596923828 2.9935178756713867188 2.7173032760620117188 1.5225569009780883789 1.0985416173934936523 1.6229468584060668945 1.2074011564254760742 0.61781984567642211914 1.8824766874313354492 2.8326349258422851562 2.0353803634643554688 0.85616004467010498047 0.35146147012710571289 1.5125501155853271484 2.0608088970184326172 2.3334105014801025391 2.726409912109375 3.3449921607971191406 3.2498247623443603516 2.2854547500610351562 2.4969618320465087891 4.0702767372131347656 4.8019146919250488281 2.3669877052307128906 2.2607524394989013672 4.2661099433898925781
0.49498918652534484863 0.59187424182891845703 1.566788792610168457 1.980194091796875 1.4763114452362060547 0.92492455244064331055 2.0835199356079101562 3.8797454833984375 5.1862397193908691406 6.3882679939270019531 4.4060206413269042969 1.374057769775390625 2.0482583045959472656 2.1530139446258544922 1.7754192352294921875 1.622326970100402832 0.79801583290100097656 0.36279836297035217285 0.48151543736457824707 0.56384640932083129883 1.3378511667251586914 1.1913655996322631836 1.2240549325942993164 1.4708248376846313477 2.6195228099822998047 2.338176727294921875 1.3740532398223876953 0.57627445459365844727 2.8066344261169433594 2.7999658584594726562 2.9784529209136962891 2.8068256378173828125 2.4528214931488037109 1.4855505228042602539 1.7151141166687011719 1.5271904468536376953 3.7607614994049072266 3.8635711669921875 2.7262065410614013672 3.7654542922973632812 3.6890294551849365234
0.35002410411834716797 1.4913221597671508789 2.3085720539093017578 2.3575627803802490234 2.5133032798767089844 3.1758847236633300781 4.1667575836181640625 5.0367498397827148438 4.1982502937316894531 3.2499706745147705078 0.27372831106185913086 1.2027826309204101562 2.5411283969879150391 2.9196441173553466797 1.3685171604156494141 0.85378986597061157227 0.63956254720687866211 1.2826180458068847656 1.9352262020111083984 2.1191525459289550781 2.3618557453155517578 3.0464034080505371094 2.7178652286529541016 2.3620758056640625 3.0700407028198242188 3.3995280265808105469 2.3223288059234619141 1.2885127067565917969 3.3876178264617919922 2.5155265331268310547 2.0876498222351074219 1.7918735742568969727 1.7362219095230102539 1.6654191017150878906 2.4019761085510253906 2.0912685394287109375 3.0349409580230712891 2.6189396381378173828 1.080884099006652832 2.2750194072723388672 1.3828639984130859375
1.6886428594589233398 3.9513113498687744141 4.3772902488708496094 3.9091734886169433594 3.384181976318359375 3.5621016025543212891 3.4350233078002929688 2.4271183013916015625 1.5799676179885864258 2.6055800914764404297 1.0422664880752563477 1.7524669170379638672 2.2808001041412353516 2.9022717475891113281 0.82973068952560424805 0.4783452451229095459 0.18553230166435241699 1.1405813694000244141 1.229424595832824707 2.3118562698364257812 4.4393367767333984375 0 3.0728368759155273438 3.3746175765991210938 4.1112565994262695312 3.4526300430297851562 2.7999718189239501953 2.1353306770324707031 3.3558480739593505859 1.7613991498947143555 1.6353774070739746094 1.4524728059768676758 0.95931667089462280273 1.7731336355209350586 2.1088538169860839844 1.8365044593811035156 2.4662022590637207031 1.8982720375061035156 2.0531849861145019531 2.9446444511413574219 2.1763851642608642578
2.7397170066833496094 4.3563752174377441406 3.3862812519073486328 2.7395398616790771484 2.3197164535522460938 1.9534413814544677734 2.2326068878173828125 0.89149194955825805664 0.60790312290191650391 2.788379669189453125 2.7533450126647949219 1.0934495925903320312 1.3378481864929199219 3.2907590866088867188 1.5285274982452392578 0.99912208318710327148 0.92274594306945800781 1.8714334964752197266 2.49514007568359375 3.2331283092498779297 3.8160843849182128906 8.9135293960571289062 8.4528150558471679688 0.41487395763397216797 1.883553624153137207 1.2727110385894775391 1.3367125988006591797 1.7602458000183105469 2.470081329345703125 1.1154538393020629883 1.3172646760940551758 1.4300012588500976562 1.1733911037445068359 2.0489976406097412109 1.5195637941360473633 1.6507798433303833008 2.6616480350494384766 2.1191525459289550781 3.0946376323699951172 3.7795186042785644531 2.3678462505340576172
3.0142104625701904297 2.9636454582214355469 2.3534817695617675781 2.1960544586181640625 1.424689173698425293 0.29336977005004882812 1.9748218059539794922 1.9094328880310058594 0.94603073596954345703 2.6081030368804931641 3.1282610893249511719 0.99097907543182373047 1.1285352706909179688 3.8250741958618164062 1.1383635997772216797 0.40499797463417053223 0.47303372621536254883 1.3484041690826416016 3.9313349723815917969 5.4737324714660644531 2.7740232944488525391 10.0390625 10.659874916076660156 0.64428651332855224609 1.5354605913162231445 0.74214768409729003906 0.34418329596519470215 1.6608519554138183594 1.7300981283187866211 0.95508629083633422852 1.061982274055480957 1.0818216800689697266 2.2763550281524658203 2.8545019626617431641 2.0221602916717529297 2.5766923427581787109 3.2374982833862304688 2.2907562255859375 2.8890089988708496094 3.3734128475189208984 3.2946012020111083984
2.3225510120391845703 2.3046185970306396484 2.4078707695007324219 1.9221156835556030273 0.60372966527938842773 1.3091733455657958984 1.0364192724227905273 2.9955348968505859375 1.5305106639862060547 1.3766274452209472656 3.0192296504974365234 1.258702397346496582 1.382859349250793457 3.982879638671875 1.1525015830993652344 1.2762802839279174805 1.3378479480743408203 1.609795689582824707 1.7379716634750366211 5.8104128837585449219 4.4932298660278320312 11.214654922485351562 10.083298683166503906 2.4095504283905029297 1.6790375709533691406 1.3382257223129272461 1.3740446567535400391 1.4057331085205078125 1.6745162010192871094 1.1405762434005737305 1.0504872798919677734 2.0371236801147460938 3.1269662380218505859 2.5474843978881835938 1.7955437898635864258 3.1050622463226318359 3.5949950218200683594 2.3950254917144775391 2.5522403717041015625 4.1458554267883300781 4.9066281318664550781
1.4896304607391357422 1.7845048904418945312 1.4649660587310791016 1.3080193996429443359 1.6535336971282958984 1.0892815589904785156 0.97137397527694702148 3.1860475540161132812 1.7501615285873413086 1.4086132049560546875 2.7085409164428710938 1.0201755762100219727 1.5155625343322753906 2.9473819732666015625 1.8673675060272216797 0.54744946956634521484 1.4089692831039428711 0.88006728887557983398 1.030548095703125 4.6363554000854492188 0 0 5.4701414108276367188 2.8172373771667480469 2.0304000377655029297 2.5389354228973388672 2.8429732322692871094 2.2326061725616455078 1.3685169219970703125 1.5799701213836669922 1.2869423627853393555 2.3347132205963134766 2.6287565231323242188 2.0679264068603515625 2.1222698688507080078 3.5324735641479492188 2.7158150672912597656 1.5482652187347412109 3.8267953395843505859 5.1426219940185546875 4.5035414695739746094
0.32449966669082641602 0.94923311471939086914 2.2461552619934082031 2.3765861988067626953 1.2920490503311157227 0.45890820026397705078 0.93581080436706542969 2.0293953418731689453 2.1951329708099365234 1.6745162010192871094 1.7405953407287597656 1.8974704742431640625 1.0186841487884521484 1.5987582206726074219 2.3463788032531738281 2.0642485618591308594 2.6785140037536621094 5.7115764617919921875 8.6963958740234375 6.1526889801025390625 2.3153471946716308594 1.9719904661178588867 3.3060843944549560547 0.73252880573272705078 0.15909036993980407715 2.4823291301727294922 1.2277787923812866211 1.4374169111251831055 0.66440099477767944336 1.8800581693649291992 1.3547589778900146484 2.1506586074829101562 2.9451432228088378906 2.9472267627716064453 2.8525640964508056641 3.5036027431488037109 1.9141893386840820312 2.3440065383911132812 5.5119843482971191406 4.3560214042663574219 3.3152432441711425781
0.6689624786376953125 1.2090831995010375977 1.1026697158813476562 1.8982743024826049805 0.8370373845100402832 1.4293017387390136719 2.0234067440032958984 1.4246838092803955078 1.9555202722549438477 2.727893829345703125 1.6304109096527099609 1.9635132551193237305 0.14229749143123626709 0.58499222993850708008 1.5118891000747680664 3.815166473388671875 3.6783411502838134766 6.8057980537414550781 3.9681499004364013672 2.6173925399780273438 1.1841192245483398438 1.0226472616195678711 3.4932050704956054688 1.7599564790725708008 2.322322845458984375 2.7402789592742919922 0.63638311624526977539 1.3118718862533569336 1.6304109096527099609 3.0219151973724365234 2.4398007392883300781 2.8037495613098144531 3.8184614181518554688 3.7017605304718017578 3.0591535568237304688 2.8310146331787109375 2.8947777748107910156 4.5468182563781738281 5.0271258354187011719 2.8853216171264648438 2.6576561927795410156
1.664807438850402832 0.93148005008697509766 1.1208795309066772461 2.3275609016418457031 0.37244769930839538574 1.0591225624084472656 1.1131718158721923828 0.42452841997146606445 1.7671408653259277344 2.4370989799499511719 1.9155116081237792969 1.295178532600402832 0.1935564577579498291 0.65596872568130493164 1.7501556873321533203 4.4838995933532714844 3.5751295089721679688 5.1941123008728027344 6.7892408370971679688 3.8983168601989746094 1.8204500675201416016 1.5495698451995849609 3.2538502216339111328 2.2045536041259765625 1.6745141744613647461 2.1731326580047607422 1.3502707481384277344 1.5125501155853271484 2.2925214767456054688 3.285858154296875 2.2907583713531494141 2.2325942516326904297 3.5965328216552734375 3.9022145271301269531 3.2784676551818847656 3.3421163558959960938 4.4624667167663574219 4.6420159339904785156 3.2815244197845458984 2.8468625545501708984 3.0697121620178222656
0.7269789576530456543 0.69784325361251831055 1.8513088226318359375 1.0152128934860229492 0.84004521369934082031 1.6811492443084716797 2.9408674240112304688 3.23891448974609375 2.4823365211486816406 2.0022988319396972656 2.4809091091156005859 0.81558275222778320312 0.21345008909702301025 1.281022191047668457 2.1150887012481689453 3.1172618865966796875 2.6618492603302001953 2.4651739597320556641 3.3744688034057617188 2.4304487705230712891 1.9500707387924194336 3.2456173896789550781 3.8017647266387939453 3.0982213020324707031 3.1965105533599853516 2.0630202293395996094 1.9228944778442382812 1.2920387983322143555 1.7017934322357177734 2.9470574855804443359 1.3813883066177368164 2.01337432861328125 4.0235052108764648438 4.3368830680847167969 3.7001156806945800781 4.0832777023315429688 4.5746827125549316406 3.7274470329284667969 2.8881161212921142578 3.4361872673034667969 4.0464100837707519531
1.1841213703155517578 1.9448696374893188477 2.0383589267730712891 0.67123204469680786133 0.76630425453186035156 0.47835090756416320801 0.86439615488052368164 3.6449437141418457031 4.12265777587890625 1.9094377756118774414 2.8763859272003173828 1.8179413080215454102 1.5195658206939697266 1.0695817470550537109 1.8455662727355957031 1.6970175504684448242 2.3646321296691894531 2.2337427139282226562 4.4721770286560058594 2.9690937995910644531 1.9878396987915039062 3.4210081100463867188 4.1568012237548828125 4.1461005210876464844 4.8187923431396484375 1.7507262229919433594 1.8159912824630737305 1.85512542724609375 2.3221197128295898438 3.124553680419921875 2.1960365772247314453 3.5191566944122314453 4.6443095207214355469 4.0046334266662597656 4.2421469688415527344 4.6137642860412597656 4.4067144393920898438 4.2584199905395507812 4.0272531509399414062 4.4116353988647460938 4.424999237060546875
2.146427154541015625 1.4003216028213500977 1.2224042415618896484 0.51010441780090332031 1.0576900243759155273 1.4804250001907348633 3.83364105224609375 5.9827666282653808594 4.0415349006652832031 1.214932560920715332 2.0083539485931396484 2.7676322460174560547 1.9017374515533447266 1.4639314413070678711 1.4800928831100463867 0.86906564235687255859 0.93958497047424316406 2.8608744144439697266 6.0941948890686035156 3.8483765125274658203 3.8741366863250732422 5.0575160980224609375 4.3224129676818847656 4.302867889404296875 3.8046879768371582031 2.2863345146179199219 3.0063273906707763672 2.7006945610046386719 2.9609153270721435547 3.8292946815490722656 3.1327638626098632812 3.8068220615386962891 3.6567230224609375 3.8772518634796142578 5.0867280960083007812 4.393283843994140625 3.8208520412445068359 4.530681610107421875 4.5520181655883789062 4.4981646537780761719 3.6127896308898925781
1.4510834217071533203 0.071152858436107635498 1.0766651630401611328 0.28460240364074707031 0.65597224235534667969 0.26239073276519775391 4.05872344970703125 2.7230694293975830078 1.3685220479965209961 2.1600561141967773438 2.2916376590728759766 4.1723194122314453125 1.2240599393844604492 1.0261188745498657227 0.40249300003051757812 1.306071162223815918 1.1249310970306396484 2.9300119876861572266 6.8036651611328125 6.0214171409606933594 4.4684529304504394531 3.8119878768920898438 3.0754690170288085938 3.2256221771240234375 3.61446380615234375 3.0594792366027832031 3.1987230777740478516 4.0931792259216308594 2.9752175807952880859 3.6050870418548583984 2.7970588207244873047 3.5101020336151123047 3.288928985595703125 4.027252197265625 4.3101248741149902344 3.4202835559844970703 3.8015086650848388672 4.40338134765625 3.2838532924652099609 3.7184872627258300781 3.614475250244140625
3.3170764446258544922 2.0603299140930175781 1.35924530029296875 0.68096280097961425781 0.43279781937599182129 0.4980596005916595459 3.2392210960388183594 3.8828680515289306641 1.4831687211990356445 0.4185307621955871582 1.5275350809097290039 3.4606544971466064453 2.6204912662506103516 1.838971257209777832 2.2378017902374267578 2.7178561687469482422 3.7820498943328857422 0 0 6.8178157806396484375 3.2832269668579101562 2.2499804496765136719 1.5325014591217041016 2.2344143390655517578 3.2741346359252929688 1.9624806642532348633 1.2920527458190917969 1.9534413814544677734 2.3646364212036132812 2.7740209102630615234 1.5463060140609741211 2.6204929351806640625 2.7621560096740722656 3.4939417839050292969 3.453197479248046875 3.2498235702514648438 4.7486910820007324219 4.9780459403991699219 3.2073855400085449219 3.4354524612426757812 3.3641197681427001953
