wildfire/work/fuelmodels/1779/slope.asc
ncols        370
nrows        330
xllcorner    171450.000000000000
yllcorner    473855.000000000000
cellsize     5.000000000000
NODATA_value   -999
[rows 198 to 215 of 330, columns 287 to 327 of 370]
2.9279332160949707031 2.0512187480926513672 2.0033135414123535156 1.183704376220703125 0.29336386919021606445 2.1317527294158935547 2.7447047233581542969 2.5373466014862060547 2.6102364063262939453 3.2597687244415283203 3.2224953174591064453 3.565509796142578125 3.1591238975524902344 2.9702665805816650391 6.5092000961303710938 7.6217327117919921875 5.4271574020385742188 3.6239607334136962891 3.7317824363708496094 4.6485319137573242188 4.8963460922241210938 5.1539740562438964844 4.0223493576049804688 3.9678943157196044922 4.7511343955993652344 2.1988103389739990234 1.4666829109191894531 3.2400119304656982422 0.71505677700042724609 1.7088965177536010742 4.2863059043884277344 6.9549579620361328125 7.8488187789916992188 14.975497245788574219 10.183207511901855469 3.7971041202545166016 2.5181283950805664062 3.1245293617248535156 5.0060129165649414062 3.7837920188903808594 0.98277938365936279297
0.94923692941665649414 1.0695862770080566406 0.52477407455444335938 1.0437272787094116211 1.8204572200775146484 1.2885226011276245117 0.81308531761169433594 1.9850487709045410156 2.3859262466430664062 3.0016005039215087891 2.3242878913879394531 3.2766177654266357422 3.8842980861663818359 2.8397514820098876953 4.5147204399108886719 4.5428118705749511719 4.0473952293395996094 3.8915619850158691406 3.1941304206848144531 3.5712978839874267578 3.8936479091644287109 3.3650310039520263672 3.0503721237182617188 4.7613005638122558594 2.0934653282165527344 1.0667455196380615234 2.7326936721801757812 4.4603300094604492188 5.0373549461364746094 4.3035831451416015625 8.499744415283203125 6.8800244331359863281 7.0720953941345214844 16.235326766967773438 9.8457956314086914062 3.7619798183441162109 4.0123291015625 3.5547223091125488281 2.2326054573059082031 1.7671297788619995117 1.3999540805816650391
1.129887700080871582 0.44547170400619506836 1.5208973884582519531 2.3994553089141845703 3.2130715847015380859 2.6775486469268798828 2.4002985954284667969 1.6214025020599365234 1.5822236537933349609 2.5960454940795898438 1.9500629901885986328 1.4416415691375732422 2.1088743209838867188 4.2278299331665039062 5.7273116111755371094 3.7547259330749511719 2.4196231365203857422 3.5534410476684570312 3.6127936840057373047 3.5296044349670410156 4.3433694839477539062 4.3577604293823242188 4.6136608123779296875 4.8591275215148925781 1.3813987970352172852 2.1775410175323486328 4.9297046661376953125 5.0324425697326660156 4.4624543190002441406 3.1501514911651611328 9.4005031585693359375 7.5869870185852050781 8.8025188446044921875 12.292421340942382812 7.48226165771484375 3.9211757183074951172 3.1935129165649414062 1.0325247049331665039 1.9067860841751098633 1.4967374801635742188 1.3517785072326660156
1.7828090190887451172 1.5048336982727050781 0.70074856281280517578 1.498427271842956543 2.8804261684417724609 1.8510489463806152344 1.5225498676300048828 1.2885117530822753906 1.7997634410858154297 2.7441430091857910156 2.6679129600524902344 0.75634181499481201172 1.2873446941375732422 5.5953116416931152344 5.7089095115661621094 2.3742506504058837891 2.1782560348510742188 4.2531948089599609375 4.5939426422119140625 2.4070289134979248047 4.4041705131530761719 5.5584759712219238281 4.7350602149963378906 3.9555256366729736328 1.8535050153732299805 2.50505828857421875 3.9565627574920654297 4.5432400703430175781 2.0211541652679443359 2.963634490966796875 5.2987241744995117188 5.956195831298828125 7.8217444419860839844 7.9681453704833984375 4.3840799331665039062 2.1057288646697998047 3.5007233619689941406 2.6841757297515869141 1.7103734016418457031 0.76629620790481567383 1.9099619388580322266
3.0277450084686279297 1.0576778650283813477 1.9123408794403076172 0.84064531326293945312 2.2495210170745849609 1.7997634410858154297 1.0822861194610595703 0.58065122365951538086 1.6862523555755615234 2.6404805183410644531 3.3780589103698730469 1.9302446842193603516 1.3427577018737792969 6.0003957748413085938 5.3024134635925292969 1.4635790586471557617 2.0531954765319824219 4.654270172119140625 4.629497528076171875 2.385929107666015625 3.0591487884521484375 4.8370752334594726562 5.5649957656860351562 4.8762183189392089844 3.0820486545562744141 2.4120678901672363281 3.5557062625885009766 3.869953155517578125 1.2478061914443969727 1.9676227569580078125 2.4185671806335449219 2.4310617446899414062 4.6892542839050292969 5.9723982810974121094 1.3499056100845336914 2.4497230052947998047 5.0576200485229492188 4.9111590385437011719 2.4304485321044921875 1.4855551719665527344 2.3153352737426757812
3.6432695388793945312 0.96300333738327026367 1.9236774444580078125 0.76893711090087890625 1.5235537290573120117 0.69784516096115112305 0.53339332342147827148 1.1926497220993041992 2.1191611289978027344 0.34270471334457397461 2.9874329566955566406 4.0111870765686035156 2.0363786220550537109 5.6988587379455566406 5.7136826515197753906 3.2138476371765136719 4.3512578010559082031 5.9039211273193359375 3.6098532676696777344 2.8905818462371826172 2.6881213188171386719 3.3874602317810058594 4.2812228202819824219 6.1488490104675292969 4.9836225509643554688 2.4559051990509033203 3.0384244918823242188 3.7848544120788574219 1.8389847278594970703 1.9260563850402832031 2.8596448898315429688 2.0106198787689208984 4.1010584831237792969 4.7880415916442871094 1.5716090202331542969 1.5038334131240844727 3.3401498794555664062 5.7691049575805664062 3.6851906776428222656 4.0801858901977539062 2.7905514240264892578
3.0490360260009765625 2.3485226631164550781 0.4867534339427947998 1.7639936208724975586 1.0388642549514770508 0.45559555292129516602 1.2425343990325927734 2.5784726142883300781 2.2767958641052246094 1.8551409244537353516 0.77680200338363647461 3.8719260692596435547 2.9828581809997558594 4.1273102760314941406 4.424762725830078125 4.1822385787963867188 7.4541211128234863281 8.6618175506591796875 3.7688138484954833984 2.7239975929260253906 2.8438754081726074219 2.4559004306793212891 2.2063877582550048828 5.141933441162109375 7.0155434608459472656 3.7756454944610595703 1.5118780136108398438 4.6066517829895019531 3.3714807033538818359 1.319941401481628418 2.1712651252746582031 4.0128221511840820312 3.6025774478912353516 4.1809129714965820312 1.6913387775421142578 0.96771949529647827148 2.3878331184387207031 3.0364258289337158203 3.7152068614959716797 3.0339276790618896484 2.1466689109802246094
1.6970068216323852539 3.4054703712463378906 2.3950326442718505859 0.20123887062072753906 1.3916330337524414062 0.75097185373306274414 1.1258577108383178711 4.0702829360961914062 0.83277821540832519531 3.0905578136444091797 2.2070879936218261719 3.4363405704498291016 4.7175664901733398438 3.5165717601776123047 1.6937354803085327148 0.58063721656799316406 5.1786556243896484375 8.8945970535278320312 6.17488861083984375 2.7447056770324707031 2.8481345176696777344 2.6991887092590332031 2.1317720413208007812 4.095149993896484375 7.4411168098449707031 5.83574676513671875 1.6298018693923950195 4.4711546897888183594 4.8253941535949707031 1.9352257251739501953 1.3872411251068115234 4.1808881759643554688 3.1229231357574462891 3.8226983547210693359 0.91170388460159301758 1.2826119661331176758 2.5853204727172851562 2.2034063339233398438 1.3696074485778808594 2.2640964984893798828 1.6378505229949951172
1.0695750713348388672 2.8514962196350097656 3.0879468917846679688 0.48152142763137817383 1.1298986673355102539 1.5168899297714233398 2.2064001560211181641 3.1687128543853759766 2.2649965286254882812 3.7591512203216552734 1.1458946466445922852 4.0483922958374023438 5.5048489570617675781 2.5876791477203369141 1.2619215250015258789 1.1581991910934448242 6.3849730491638183594 8.2798213958740234375 5.0834689140319824219 3.0284278392791748047 2.4845788478851318359 2.5329604148864746094 2.2535846233367919922 4.9897961616516113281 7.3406000137329101562 4.2060427665710449219 1.3103182315826416016 3.6738018989562988281 4.8765406608581542969 2.2623069286346435547 4.9657616615295410156 4.7758884429931640625 4.23189544677734375 4.813556671142578125 1.9155136346817016602 2.0912730693817138672 2.5149178504943847656 2.5816059112548828125 1.3803012371063232422 1.981717228889465332 0.80307751893997192383
0.98275226354598999023 2.5050508975982666016 2.7864060401916503906 1.2027741670608520508 1.4374120235443115234 0.64899092912673950195 1.9134078025817871094 1.0403193235397338867 2.0973172187805175781 1.4013988971710205078 3.0007572174072265625 3.8918323516845703125 4.2117023468017578125 2.3918650150299072266 1.2244877815246582031 2.2810292243957519531 8.5572900772094726562 8.3662328720092773438 5.6418514251708984375 5.4983420372009277344 3.5518598556518554688 2.0121219158172607422 1.1879616975784301758 8.2885370254516601562 6.8354902267456054688 1.10449981689453125 3.6522693634033203125 3.8932707309722900391 3.5266180038452148438 1.0388576984405517578 4.0534892082214355469 2.4445600509643554688 4.3596067428588867188 4.5966935157775878906 2.4774534702301025391 0.40749886631965637207 1.5908124446868896484 1.8279230594635009766 1.7207120656967163086 2.2155501842498779297 1.500807642936706543
2.1914303302764892578 2.3549931049346923828 1.4994657039642333984 2.303287506103515625 0.99861574172973632812 1.7103823423385620117 2.9583480358123779297 1.6889474391937255859 1.0823014974594116211 1.7932906150817871094 2.4497401714324951172 2.7262206077575683594 2.2774698734283447266 2.3160083293914794922 0.59442621469497680664 1.3427495956420898438 5.9222369194030761719 7.3050889968872070312 4.1667494773864746094 5.3793153762817382812 3.8855831623077392578 2.4185557365417480469 2.7173111438751220703 7.0541734695434570312 6.2287435531616210938 4.0632038116455078125 5.4360384941101074219 4.6387481689453125 2.5004160404205322266 0.56652772426605224609 3.7436573505401611328 2.4271183013916015625 2.6364316940307617188 4.1498703956604003906 2.5696244239807128906 1.5796440839767456055 1.2425158023834228516 0.98689091205596923828 0.62514817714691162109 2.1831057071685791016 3.5501644611358642578
2.80826568603515625 2.5139310359954833984 2.6177878379821777344 1.9325996637344360352 1.1708000898361206055 2.1914422512054443359 0.19355545938014984131 3.1198530197143554688 0.57362318038940429688 0.52672046422958374023 1.66541290283203125 1.5511994361877441406 1.7368096113204956055 2.8360266685485839844 3.5277576446533203125 1.3080190420150756836 4.4878392219543457031 5.3937239646911621094 4.2154088020324707031 6.4361844062805175781 4.9185395240783691406 4.0168476104736328125 4.9403262138366699219 3.4819200038909912109 4.75971221923828125 5.0245156288146972656 6.6055507659912109375 4.2060523033142089844 2.7617986202239990234 1.4573526382446289062 2.8037481307983398438 2.5733585357666015625 1.4542095661163330078 3.9850225448608398438 3.5959758758544921875 0.72628790140151977539 1.0504865646362304688 0.37244194746017456055 0.66211557388305664062 1.5908226966857910156 2.8030374050140380859
2.0294067859649658203 2.7395412921905517578 2.6189317703247070312 2.1513721942901611328 1.8455747365951538086 1.5354747772216796875 2.5419259071350097656 3.0568342208862304688 2.5451021194458007812 1.3740532398223876953 2.4955453872680664062 2.7774791717529296875 2.1763851642608642578 1.2281854152679443359 1.9583520889282226562 3.1141827106475830078 3.5992188453674316406 3.6427412033081054688 4.3512740135192871094 7.4006276130676269531 6.5543842315673828125 4.8040213584899902344 6.817596435546875 3.7981843948364257812 2.8451049327850341797 6.876506805419921875 7.1994910240173339844 4.1459755897521972656 3.8194069862365722656 2.515533447265625 2.4495215415954589844 2.9818291664123535156 3.2673389911651611328 2.4513676166534423828 2.5395324230194091797 2.6102364063262939453 1.5987570285797119141 1.0261037349700927734 0.68320244550704956055 1.7639901638031005859 0.77680897712707519531
3.0224173069000244141 3.08792877197265625 3.9830033779144287109 1.1651618480682373047 1.4649541378021240234 1.361840367317199707 3.1487267017364501953 1.4189913272857666016 2.628200531005859375 0.36281538009643554688 0.81123703718185424805 2.2763631343841552734 3.0616259574890136719 2.621829986572265625 3.5191566944122314453 3.1269853115081787109 1.7121651172637939453 2.1286902427673339844 2.0043196678161621094 5.1745581626892089844 5.8339328765869140625 3.8293006420135498047 4.5851435661315917969 3.5100915431976318359 2.7174818515777587891 6.2455992698669433594 7.2306714057922363281 4.5481324195861816406 4.4092264175415039062 3.7847356796264648438 3.2498140335083007812 4.8620281219482421875 3.4467704296112060547 2.0796525478363037109 0.62678170204162597656 2.1914350986480712891 2.1768484115600585938 2.1296277046203613281 2.5004038810729980469 1.5377900600433349609 2.6662163734436035156
3.3995356559753417969 2.8183157444000244141 3.7131810188293457031 2.8763780593872070312 1.038849949836730957 1.5075193643569946289 2.9396688938140869141 1.4089696407318115234 2.5498785972595214844 0.89658534526824951172 1.5075311660766601562 0.88005483150482177734 3.4137556552886962891 4.9788537025451660156 2.4009408950805664062 1.8334648609161376953 0.68540173768997192383 0.54930567741394042969 2.6395335197448730469 4.5281209945678710938 6.3384871482849121094 5.2804255485534667969 3.3298373222351074219 2.8883001804351806641 3.6474409103393554688 5.5606536865234375 7.6212086677551269531 5.5844125747680664062 3.3516328334808349609 4.4900927543640136719 3.6306438446044921875 3.3894011974334716797 2.3225438594818115234 2.0659756660461425781 1.7830965518951416016 1.7218762636184692383 1.8988053798675537109 2.4385738372802734375 3.256809234619140625 4.0422825813293457031 3.151447296142578125
2.6645085811614990234 2.5373449325561523438 3.0550179481506347656 3.4173119068145751953 1.6874436140060424805 1.3813936710357666016 1.3118747472763061523 0.61453354358673095703 1.8056632280349731445 1.763979792594909668 0.50909882783889770508 1.6213974952697753906 4.053497314453125 5.3497271537780761719 2.0121450424194335938 1.3412413597106933594 0.56651067733764648438 0.88237667083740234375 2.5853312015533447266 3.1589729785919189453 7.3838057518005371094 6.8445849418640136719 2.3054907321929931641 3.1429347991943359375 4.5583405494689941406 5.6591386795043945312 6.9256453514099121094 5.3464155197143554688 3.2625393867492675781 6.1970982551574707031 5.2192854881286621094 3.5920317173004150391 4.1409869194030761719 3.5204432010650634766 2.1886620521545410156 2.2596120834350585938 2.1513640880584716797 2.8853511810302734375 2.4629080295562744141 3.8584766387939453125 3.0641067028045654297
2.6728353500366210938 2.7397170066833496094 3.0007598400115966797 2.7180497646331787109 0.58498603105545043945 0.49703046679496765137 1.3725622892379760742 2.0053167343139648438 0.20123887062072753906 1.6519943475723266602 0.96196705102920532227 0.4867343902587890625 2.9774045944213867188 5.2323966026306152344 3.5191702842712402344 2.1019041538238525391 0.77027374505996704102 2.0221662521362304688 2.5706157684326171875 0.94013196229934692383 7.1091895103454589844 8.0329761505126953125 3.4875683784484863281 6.1540846824645996094 5.8529791831970214844 2.9894435405731201172 5.4891805648803710938 6.0365185737609863281 6.541324615478515625 8.753021240234375 4.0712823867797851562 4.9003500938415527344 4.9283628463745117188 2.7293720245361328125 1.6359882354736328125 0.94441896677017211914 1.3814004659652709961 1.4377804994583129883 1.6970294713973999023 1.0696039199829101562 0.45890820026397705078
2.1165204048156738281 2.3472430706024169922 3.1387381553649902344 3.4875688552856445312 1.3766257762908935547 1.0270955562591552734 1.2178304195404052734 2.1153206825256347656 1.6826385259628295898 0.9249324798583984375 1.5285274982452392578 1.6874608993530273438 3.3650200366973876953 6.7273240089416503906 5.1766438484191894531 0.79612237215042114258 1.8334820270538330078 2.1831178665161132812 2.7871198654174804688 0.43279781937599182129 4.75971221923828125 7.4752917289733886719 8.277225494384765625 9.6298704147338867188 3.3516430854797363281 1.7570780515670776367 5.2576498985290527344 8.5532941818237304688 7.7702503204345703125 6.8234853744506835938 3.9169213771820068359 4.4339733123779296875 3.7165811061859130859 3.4401631355285644531 4.3187880516052246094 3.7848470211029052734 2.1614484786987304688 0.86905699968338012695 2.1935102939605712891 4.2073764801025390625 4.0631990432739257812
