wildfire/work/fuelmodels/1779/slope.asc
ncols        370
nrows        330
xllcorner    171450.000000000000
yllcorner    473855.000000000000
cellsize     5.000000000000
NODATA_value   -999
[rows 216 to 233 of 330, columns 328 to 368 of 370]
5.8710913658142089844 3.0728321075439453125 1.7253986597061157227 1.006173253059387207 1.2825909852981567383 2.0630202293395996094 2.2934122085571289062 1.14942169189453125 0.89996486902236938477 2.5411283969879150391 4.389499664306640625 4.1263337135314941406 0 0.76958042383193969727 0.80997949838638305664 1.838165283203125 0.7695954442024230957 1.3080068826675415039 2.0063395500183105469 1.543346405029296875 0.84544855356216430664 1.6672343015670776367 3.1293833255767822266 2.565685272216796875 1.4913358688354492188 0.98279005289077758789 1.7405985593795776367 1.7553517818450927734 1.2554880380630493164 1.4461879730224609375 0.51406520605087280273 1.05338287353515625 1.2679401636123657227 0.715057373046875 0.9422963261604309082 0.90501362085342407227 0.88005483150482177734 1.2474130392074584961 0.74009364843368530273 0.74893260002136230469 2.272991180419921875
6.0889863967895507812 3.5303318500518798828 0.29335200786590576172 0.521884918212890625 1.4841736555099487305 2.4618926048278808594 1.7510464191436767578 1.763997197151184082 1.9624770879745483398 0.84063935279846191406 2.1457257270812988281 5.5296826362609863281 3.6267535686492919922 0 0.71505677700042724609 1.8056750297546386719 2.5229673385620117188 2.3138158321380615234 1.7359343767166137695 1.0152013301849365234 0.28459969162940979004 1.0591328144073486328 0.66820073127746582031 2.2854430675506591797 0.54093647003173828125 2.2337405681610107422 2.0980474948883056641 1.413272857666015625 0.81309145689010620117 0.97138428688049316406 1.0325078964233398438 0.55568999052047729492 1.0985345840454101562 0.8965905308723449707 1.0576968193054199219 0.61781984567642211914 0.33220472931861877441 0.92766839265823364258 0.71149003505706787109 0.60372006893157958984 1.5911231040954589844
1.4317729473114013672 0 0 1.6254329681396484375 2.7948918342590332031 4.1876688003540039062 1.8790037631988525391 3.7137422561645507812 0.74284690618515014648 3.6574063301086425781 4.4198689460754394531 3.8171579837799072266 0.55568516254425048828 0 1.0201888084411621094 0.16223430633544921875 1.6889588832855224609 3.3690817356109619141 2.9506471157073974609 1.3199383020401000977 1.0403144359588623047 1.4349503517150878906 1.0388642549514770508 0.61781549453735351562 2.5050504207611083984 2.0915203094482421875 1.468073725700378418 1.4388341903686523438 1.2607208490371704102 0.42452841997146606445 0.99657911062240600586 0.96195018291473388672 1.0061948299407958984 1.6012912988662719727 0.82728344202041625977 0.5867188572883605957 1.4957356452941894531 1.9624919891357421875 1.3814063072204589844 0.54374289512634277344 1.8846162557601928711
1.2599122524261474609 0 0 1.8469339609146118164 1.6799390316009521484 4.4204354286193847656 3.3401672840118408203 2.4310877323150634766 4.027252197265625 5.0806918144226074219 1.1026780605316162109 1.7819647789001464844 1.3184015750885009766 0.47729015350341796875 2.4179275035858154297 1.2409039735794067383 0.51307463645935058594 2.1428921222686767578 3.0618126392364501953 1.5551199913024902344 1.9367827177047729492 1.7929868698120117188 1.2392430305480957031 1.6226167678833007812 1.4722005128860473633 0.35146090388298034668 0.38448360562324523926 0.48674869537353515625 1.2810311317443847656 1.2806382179260253906 0.71504706144332885742 1.5275412797927856445 1.2679401636123657227 1.299868464469909668 1.3970623016357421875 1.3484096527099609375 1.1458950042724609375 0.21344466507434844971 0.41487768292427062988 1.2044643163681030273 2.333621978759765625
1.9070513248443603516 3.3395435810089111328 10.120055198669433594 4.4195098876953125 2.0121219158172607422 2.2587409019470214844 0 3.5638024806976318359 4.33826446533203125 3.9538714885711669922 2.9031465053558349609 1.7417542934417724609 0.95455592870712280273 0.51307308673858642578 2.2747774124145507812 1.3325361013412475586 0.58669912815093994141 1.7405923604965209961 2.3800063133239746094 2.505046844482421875 2.1939687728881835938 0.66895759105682373047 1.4388189315795898438 1.9131333827972412109 1.5716419219970703125 0.82971721887588500977 1.1494237184524536133 0.54185909032821655273 0.94603145122528076172 1.8447408676147460938 2.3160073757171630859 1.2955611944198608398 1.0538623332977294922 0.38447359204292297363 0.94497829675674438477 1.1569048166275024414 0.3831641077995300293 0.24232304096221923828 0.69857543706893920898 1.4405821561813354492 2.1782441139221191406
11.889061927795410156 13.80895233154296875 11.597997665405273438 6.2930035591125488281 5.8520898818969726562 5.4677329063415527344 0 2.6465902328491210938 5.5156245231628417969 5.4752969741821289062 3.4254400730133056641 2.6231865882873535156 0.893192291259765625 0.88005214929580688477 2.7674226760864257812 1.310711979866027832 1.0260992050170898438 1.7731356620788574219 2.2643239498138427734 3.9677703380584716797 5.2343192100524902344 1.9969849586486816406 0.4280942082405090332 1.3080039024353027344 2.2407476902008056641 0.7973887324333190918 1.5515238046646118164 0.94227504730224609375 0.80496603250503540039 0.56384640932083129883 0.58672541379928588867 1.0504938364028930664 0.57273757457733154297 1.0818352699279785156 0.071144722402095794678 0.38447859883308410645 0.51404267549514770508 1.412186741828918457 1.2425146102905273438 1.7133270502090454102 2.7703690528869628906
10.304547309875488281 9.1035566329956054688 3.8833839893341064453 3.1190342903137207031 4.7067341804504394531 4.5586419105529785156 0 0.74283653497695922852 0.92494165897369384766 6.171695709228515625 6.526088714599609375 1.0836675167083740234 1.255068659782409668 0 1.3427470922470092773 0.201254233717918396 0.49804061651229858398 1.6424688100814819336 1.7385592460632324219 1.3427577018737792969 3.8404889106750488281 2.8424427509307861328 0.54466712474822998047 0.3724378049373626709 2.1485457420349121094 1.7300930023193359375 1.0818189382553100586 0.23165063560009002686 0.75432884693145751953 0.68836325407028198242 0.59188628196716308594 0.95511013269424438477 1.6826599836349487305 2.1731441020965576172 1.6163733005523681641 0.38183197379112243652 0.89828336238861083984 0.97397267818450927734 0.24852956831455230713 0.2545757293701171875 0.48463299870491027832
2.4823322296142578125 2.2854580879211425781 1.2408881187438964844 2.7986924648284912109 1.7510082721710205078 3.7694618701934814453 0 0.36280900239944458008 1.3714711666107177734 5.3557529449462890625 5.9561896324157714844 3.0103437900543212891 2.3543488979339599609 1.9407006502151489258 2.1341319084167480469 0.2565453946590423584 0.51011687517166137695 0.35001802444458007812 1.2667217254638671875 2.6722557544708251953 3.2704362869262695312 2.1877551078796386719 1.609795689582824707 0.80559015274047851562 2.4937119483947753906 2.4774365425109863281 1.5394142866134643555 1.337856292724609375 1.432126164436340332 1.4896205663681030273 1.9367772340774536133 1.8469315767288208008 1.5599855184555053711 2.03835296630859375 3.0409142971038818359 4.6363554000854492188 3.8374834060668945312 1.3241792917251586914 0.47838157415390014648 0.22500813007354736328 0.64349639415740966797
1.4903198480606079102 2.9872527122497558594 1.6593176126480102539 3.3469386100769042969 3.0872638225555419922 5.7586207389831542969 3.6947653293609619141 2.704051971435546875 3.5954213142395019531 3.8322088718414306641 3.1066844463348388672 0.99403840303421020508 0.65597224235534667969 1.0576897859573364258 0 0 0.4772974550724029541 1.3045201301574707031 2.8374478816986083984 3.2350046634674072266 1.4635912179946899414 0.85378718376159667969 0.96928095817565917969 2.0558984279632568359 3.3911960124969482422 2.1431319713592529297 1.5305145978927612305 2.6995580196380615234 2.6231753826141357422 2.8015761375427246094 3.7993674278259277344 4.9403157234191894531 4.2421326637268066406 2.6362447738647460938 2.4464197158813476562 3.3219597339630126953 4.1118731498718261719 2.4019865989685058594 0.2624098658561706543 0.56653726100921630859 1.2107566595077514648
2.0987601280212402344 1.9260405302047729492 0.97345942258834838867 1.5796493291854858398 2.8770902156829833984 4.5043272972106933594 2.2962613105773925781 3.5257506370544433594 2.0106320381164550781 1.4129180908203125 2.0405821800231933594 0.95349472761154174805 1.0349608659744262695 1.0883510112762451172 0.60790818929672241211 0 0 1.7429221868515014648 2.1464245319366455078 1.3427459001541137695 1.928142547607421875 1.9719872474670410156 2.6769976615905761719 3.7908787727355957031 3.1528902053833007812 1.124936223030090332 0.84244596958160400391 1.274289250373840332 1.5357875823974609375 2.9597146511077880859 3.6006114482879638672 4.4121956825256347656 4.7918195724487304688 2.3588476181030273438 1.2240685224533081055 2.0740461349487304688 2.8138339519500732422 2.6108186244964599609 0.89147198200225830078 1.3382076025009155273 1.6865483522415161133
3.8615987300872802734 5.4250020980834960938 5.4684696197509765625 2.6546118259429931641 3.8901445865631103516 2.5082712173461914062 1.5278662443161010742 3.2575848102569580078 2.2714529037475585938 1.3060584068298339844 0.76631331443786621094 2.1682360172271728516 0.66894608736038208008 1.487589716911315918 1.6910605430603027344 0 0 0 0.60790818929672241211 0.95506966114044189453 1.284186244010925293 3.5214312076568603516 4.149761199951171875 3.1636149883270263672 0.81121468544006347656 0.50310236215591430664 1.0437250137329101562 1.1476548910140991211 1.3080068826675415039 2.1532523632049560547 2.1831095218658447266 1.5603177547454833984 2.7476439476013183594 2.5968368053436279297 0.92765182256698608398 1.5115416049957275391 0.86556220054626464844 1.3696266412734985352 1.6353532075881958008 0.66439342498779296875 1.2425146102905273438
5.3191275596618652344 0.88749635219573974609 5.1963281631469726562 6.7358984947204589844 3.5987865924835205078 2.0022945404052734375 0.60539990663528442383 2.3039672374725341797 3.8038833141326904297 1.7887661457061767578 1.0270955562591552734 2.1083936691284179688 1.6338176727294921875 0.29336518049240112305 3.0779397487640380859 3.39774322509765625 0.23165063560009002686 0 1.2355915307998657227 2.648509979248046875 4.7964420318603515625 4.5281076431274414062 2.1605215072631835938 2.0681726932525634766 1.8011760711669921875 1.2277851104736328125 1.6304265260696411133 1.4984266757965087891 1.6129282712936401367 1.2095041275024414062 1.0186783075332641602 1.7124575376510620117 2.0363543033599853516 1.8334630727767944336 0.94604128599166870117 0.51406520605087280273 1.8923951387405395508 2.4095499515533447266 1.973551630973815918 1.5515321493148803711 1.5155501365661621094
1.6226410865783691406 9.2901210784912109375 10.232439994812011719 6.4791626930236816406 2.1150836944580078125 1.3803066015243530273 1.7498785257339477539 1.2195104360580444336 2.3646137714385986328 3.9108445644378662109 3.1060345172882080078 2.6081030368804931641 1.323394775390625 0.3382422029972076416 3.6222903728485107422 2.8573374748229980469 0.41487953066825866699 1.3378401994705200195 3.2636394500732421875 3.4279654026031494141 3.0641055107116699219 1.8835413455963134766 0.262386322021484375 0.90108913183212280273 2.4743781089782714844 3.5158512592315673828 3.1806483268737792969 1.7944006919860839844 0.24851247668266296387 1.5125613212585449219 0.688343048095703125 0.57626235485076904297 0.58669775724411010742 1.3813788890838623047 2.7981429100036621094 3.6428613662719726562 3.5329043865203857422 2.3405582904815673828 2.16007232666015625 1.9091740846633911133 2.4583861827850341797
6.9566907882690429688 8.3638486862182617188 3.4932050704956054688 1.2194955348968505859 1.0246289968490600586 1.0576934814453125 0.9884274601936340332 1.9593917131423950195 1.8730524778366088867 1.1789801120758056641 3.1616973876953125 5.1567034721374511719 2.8451049327850341797 0.8112156987190246582 3.645221710205078125 2.2495400905609130859 0.25654390454292297363 0.45557183027267456055 2.2008810043334960938 4.8970794677734375 5.4898324012756347656 4.625682830810546875 4.2166075706481933594 3.7115523815155029297 3.8273184299468994141 1.8137613534927368164 1.1298959255218505859 0.20126190781593322754 0.72558915615081787109 2.0146422386169433594 1.3049079179763793945 1.1405844688415527344 0.49397355318069458008 1.6424692869186401367 3.2907567024230957031 3.0813751220703125 1.3499039411544799805 1.3945270776748657227 1.9157893657684326172 1.1668959856033325195 2.2781298160552978516
3.7456860542297363281 3.1495141983032226562 5.96533203125 3.2543275356292724609 3.7100481986999511719 2.5552227497100830078 2.5353577136993408203 3.8395822048187255859 3.5565688610076904297 2.2271490097045898438 1.113648533821105957 3.5683317184448242188 4.1977553367614746094 2.2059149742126464844 2.7987027168273925781 2.0774557590484619141 0.28461056947708129883 0.74485564231872558594 1.2778633832931518555 2.180568695068359375 3.6771087646484375 1.099007725715637207 2.532962799072265625 6.52834320068359375 3.5512933731079101562 1.3457502126693725586 1.5719503164291381836 2.2843420505523681641 4.1336684226989746094 4.118747711181640625 1.6961345672607421875 1.5603271722793579102 0.79547923803329467773 3.1719133853912353516 1.5850938558578491211 1.4711569547653198242 2.167057037353515625 1.4903082847595214844 1.169943690299987793 1.3412506580352783203 2.1988124847412109375
1.532497406005859375 1.9417386054992675781 2.5325510501861572266 7.297939300537109375 6.9416422843933105469 5.1711559295654296875 3.6969618797302246094 5.7874102592468261719 5.4059348106384277344 1.9850381612777709961 3.1820974349975585938 2.9307241439819335938 3.5712859630584716797 2.8877553939819335938 2.3609919548034667969 2.6941311359405517578 0.45558029413223266602 1.5538095235824584961 1.8290314674377441406 2.8691720962524414062 4.6152081489562988281 3.5416302680969238281 4.8072743415832519531 7.4656386375427246094 2.8338825702667236328 3.4997098445892333984 4.7571902275085449219 4.465641021728515625 4.3502192497253417969 3.7100453376770019531 4.0158233642578125 3.2091386318206787109 2.6241497993469238281 2.8172478675842285156 0.58671623468399047852 2.5448961257934570312 2.6003375053405761719 1.5209070444107055664 0.79037290811538696289 1.0808923244476318359 2.1831185817718505859
1.3977888822555541992 4.8204507827758789062 3.849033355712890625 7.7226834297180175781 3.9177031517028808594 6.073932647705078125 2.9029855728149414062 4.4900913238525390625 3.108989715576171875 3.9814817905426025391 2.4503529071807861328 1.7799881696701049805 3.4910361766815185547 3.2387483119964599609 1.2408908605575561523 2.8804154396057128906 1.6338163614273071289 1.5446630716323852539 1.8070447444915771484 2.8331785202026367188 3.4320850372314453125 0.66820073127746582031 3.5670599937438964844 4.8341612815856933594 1.9417461156845092773 3.7563216686248779297 2.8258554935455322266 1.1330031156539916992 2.0725483894348144531 0.58498138189315795898 2.1236791610717773438 2.9008963108062744141 1.1669178009033203125 0.99658614397048950195 0.61122888326644897461 2.8021311759948730469 3.9529778957366943359 1.3118671178817749023 0.82606673240661621094 1.1370255947113037109 2.8877825736999511719
6.5153775215148925781 9.012664794921875 5.5744905471801757812 4.3569478988647460938 6.9271683692932128906 8.8328866958618164062 5.1065154075622558594 6.3252215385437011719 3.1050653457641601562 2.426486968994140625 1.9911489486694335938 2.8429732322692871094 5.2635097503662109375 4.6560025215148925781 0.74212592840194702148 0.71505087614059448242 0 1.1045120954513549805 0.28458884358406066895 3.3316700458526611328 3.5987923145294189453 1.3291189670562744141 4.3392024040222167969 3.6430068016052246094 2.1831095218658447266 3.8352363109588623047 1.7359343767166137695 1.2149368524551391602 2.7500395774841308594 3.9828729629516601562 3.4818985462188720703 1.1498537063598632812 1.5179088115692138672 0.38708516955375671387 1.9207898378372192383 0.67650109529495239258 3.8194096088409423828 3.3456017971038818359 2.6775660514831542969 2.1114978790283203125 3.4811754226684570312
