wildfire/work/fuelmodels/1779/slope.asc
ncols        370
nrows        330
xllcorner    171450.000000000000
yllcorner    473855.000000000000
cellsize     5.000000000000
NODATA_value   -999
[rows 108 to 125 of 330, columns 164 to 204 of 370]
2.0482583045959472656 1.3814004659652709961 3.3327271938323974609 4.8653483390808105469 4.5683917999267578125 2.0363664627075195312 0.76498192548751831055 0.99657684564590454102 1.1045092344284057617 1.3382269144058227539 1.2731038331985473633 0.48570430278778076172 0.521884918212890625 1.1356881856918334961 0.86848568916320800781 1.3141891956329345703 2.3605549335479736328 0.31338909268379211426 1.5774010419845581055 0.52187639474868774414 0.24851712584495544434 1.7089046239852905273 1.5850938558578491211 1.9375823736190795898 2.7456216812133789062 2.0630259513854980469 1.016705632209777832 1.4524728059768676758 1.6907478570938110352 1.8157175779342651367 1.8532347679138183594 1.030548095703125 0.87544596195220947266 2.1222627162933349609 1.9115560054779052734 1.6547483205795288086 2.3646426200866699219 1.5541441440582275391 1.1977149248123168945 1.8137576580047607422 2.1057398319244384766
2.8030211925506591797 3.521442413330078125 3.5896458625793457031 4.0832791328430175781 4.4002842903137207031 3.44779205322265625 1.1841192245483398438 1.0504850149154663086 0.50911706686019897461 0.84064000844955444336 0.6978562474250793457 1.1383608579635620117 0.61453354358673095703 1.279052734375 0.94604051113128662109 0.59444051980972290039 1.2667165994644165039 0.68318378925323486328 1.0126961469650268555 0.81558275222778320312 0.2249978184700012207 1.3528908491134643555 0.94603270292282104492 1.1190792322158813477 1.2599294185638427734 0.96301007270812988281 0.34271034598350524902 1.4597706794738769531 2.6318380832672119141 1.5564255714416503906 0.77681398391723632812 0 0.12728205323219299316 0 0 0 1.4542243480682373047 0.73253405094146728516 0.54186517000198364258 1.6325818300247192383 1.6424705982208251953
2.9353539943695068359 2.9650037288665771484 3.9607717990875244141 4.1644487380981445312 3.7844502925872802734 3.8999922275543212891 1.7362277507781982422 1.8730454444885253906 1.3423768281936645508 0.52671205997467041016 0.49704292416572570801 1.2951759099960327148 1.0533689260482788086 1.3536435365676879883 0.41487395763397216797 0.095455490052700042725 0.85378175973892211914 1.2742955684661865234 1.7053483724594116211 2.0561444759368896484 1.0305410623550415039 1.5719404220581054688 0.81309056282043457031 0.9265759587287902832 0.95349454879760742188 0.98689091205596923828 0.50311809778213500977 0.045005317777395248413 2.5925409793853759766 4.0813155174255371094 4.1336755752563476562 5.1473202705383300781 4.5730199813842773438 0 0 0.40249300003051757812 0.28638383746147155762 0.54372942447662353516 0.65597224235534667969 1.4377669095993041992 1.0971466302871704102
2.2479512691497802734 1.9155085086822509766 3.9920053482055664062 4.8491578102111816406 3.6565723419189453125 3.8879337310791015625 1.9155164957046508789 1.3118644952774047852 1.3536435365676879883 0.91115117073059082031 1.4289416074752807617 1.6874544620513916016 0.93147486448287963867 1.3766324520111083984 1.1960299015045166016 2.0033009052276611328 0.84724014997482299805 1.3861528635025024414 0.81122940778732299805 1.8532289266586303711 1.5225678682327270508 2.0489990711212158203 1.0146934986114501953 0.41365185379981994629 0.48150941729545593262 0.91004151105880737305 0.57363325357437133789 1.4763286113739013672 1.2607198953628540039 6.5505514144897460938 7.0196413993835449219 3.6511733531951904297 2.8793613910675048828 1.9131391048431396484 2.7549910545349121094 0.64035147428512573242 0.25653785467147827148 1.0359247922897338867 1.2445573806762695312 2.0647356510162353516 1.1707956790924072266
2.6948730945587158203 1.4639250040054321289 3.2746050357818603516 3.6882026195526123047 2.6724560260772705078 4.1858530044555664062 2.9597146511077880859 0.70291161537170410156 1.3506491184234619141 0.81496399641036987305 2.4185607433319091797 2.0221602916717529297 1.2671312093734741211 1.2920507192611694336 1.2955691814422607422 0.56294232606887817383 1.5420402288436889648 1.4855498075485229492 2.1642663478851318359 0.89148956537246704102 1.250249028205871582 2.5251622200012207031 1.5696814060211181641 0.61781549453735351562 0.31338909268379211426 1.327594757080078125 0.22945725917816162109 1.7553555965423583984 1.2115842103958129883 4.9715566635131835938 7.9897160530090332031 5.4293885231018066406 3.3546471595764160156 2.4385466575622558594 3.7662549018859863281 0.17999958992004394531 1.7599577903747558594 1.560311436653137207 1.4229080677032470703 2.2244250774383544922 0.96615672111511230469
1.050488591194152832 1.4189908504486083984 2.7533450126647949219 2.3048307895660400391 2.0987601280212402344 3.5761151313781738281 3.8114545345306396484 2.2414240837097167969 1.448988795280456543 0.45558577775955200195 1.5667859315872192383 1.2979131937026977539 0.30186918377876281738 1.2408918142318725586 0.59443628787994384766 1.0822811126708984375 0.87545740604400634766 0.78780210018157958984 0.87545162439346313477 1.0112106800079345703 0.61781984567642211914 2.3179759979248046875 1.8452936410903930664 0.46330404281616210938 0.5492947697639465332 1.2841870784759521484 0.25653937458992004395 1.1733918190002441406 1.0106995105743408203 1.8942687511444091797 5.3711628913879394531 6.3963756561279296875 6.7680373191833496094 3.8927342891693115234 2.0303928852081298828 1.7731267213821411133 0.99911898374557495117 1.1524949073791503906 1.1405768394470214844 1.124940037727355957 2.0912706851959228516
0.90557849407196044922 1.9666121006011962891 3.3713257312774658203 2.7994179725646972656 1.7133427858352661133 2.4520051479339599609 2.6256868839263916016 3.1758847236633300781 2.9627912044525146484 1.7819646596908569336 0.70073860883712768555 2.0740289688110351562 1.5008053779602050781 1.1476589441299438477 0.65597754716873168945 1.4405760765075683594 0.62676566839218139648 0.56920456886291503906 0.51011043787002563477 1.6297897100448608398 0.68540287017822265625 2.3549895286560058594 1.6608593463897705078 0.84245562553405761719 0.53338968753814697266 0.30018481612205505371 0.93959313631057739258 1.1392474174499511719 1.2178376913070678711 0.93147569894790649414 1.7524673938751220703 3.4363300800323486328 5.0163760185241699219 4.2724900245666503906 0.41851878166198730469 0.84003996849060058594 0.071155570447444915771 1.2892940044403076172 1.6907421350479125977 1.7913029193878173828 1.5741897821426391602
1.9778873920440673828 0.92329335212707519531 2.3823220729827880859 2.9485895633697509766 2.7319614887237548828 2.0063426494598388672 0.96195363998413085938 1.5285211801528930664 2.3440134525299072266 2.5641112327575683594 1.8212821483612060547 1.2762793302536010742 1.4666941165924072266 1.742918848991394043 0.86848568916320800781 0.89828485250473022461 0.97137081623077392578 1.1258319616317749023 1.241299748420715332 0.96195363998413085938 0.46980673074722290039 1.8022913932800292969 1.7828103303909301758 1.6739051342010498047 0.73804318904876708984 1.1249423027038574219 1.4649627208709716797 2.1712641716003417969 1.7300896644592285156 2.3799867630004882812 1.0325078964233398438 1.7955302000045776367 4.1336617469787597656 3.7928562164306640625 1.0667361021041870117 1.435643315315246582 0.64898973703384399414 0.98019456863403320312 0.65519976615905761719 1.915513157844543457 1.9059790372848510742
2.4464151859283447266 1.4597706794738769531 2.2407438755035400391 3.44779205322265625 3.2835402488708496094 1.3060796260833740234 0.38316109776496887207 0.96928411722183227539 2.2495279312133789062 2.5641112327575683594 1.4014054536819458008 0.51011043787002563477 0.68021446466445922852 1.8910654783248901367 1.6276222467422485352 0.28813883662223815918 0.98688310384750366211 1.0270922183990478516 1.3260636329650878906 0.045005317777395248413 1.0466288328170776367 1.4229139089584350586 2.1028597354888916016 1.4510771036148071289 1.2376241683959960938 1.1977212429046630859 1.3184108734130859375 1.3592437505722045898 2.0086050033569335938 3.0503873825073242188 0.21345008909702301025 3.3786542415618896484 5.5345902442932128906 2.8024880886077880859 0.76630324125289916992 1.4841736555099487305 1.370734095573425293 2.233737945556640625 2.2643234729766845703 2.2714602947235107422 2.1466653347015380859
2.4045076370239257812 2.8429684638977050781 2.1201028823852539062 2.5915713310241699219 4.0305180549621582031 1.7599663734436035156 0.67423319816589355469 0.52670949697494506836 1.6970175504684448242 2.9348428249359130859 2.4756073951721191406 0.69784873723983764648 0.83520215749740600586 0.52957451343536376953 1.5822162628173828125 1.4093230962753295898 0.68096280097961425781 0.77024817466735839844 1.0733686685562133789 1.7808259725570678711 1.1356834173202514648 0.8149687647819519043 1.6943385601043701172 1.5305185317993164062 2.3646368980407714844 0.4269059300422668457 2.3912200927734375 1.8232176303863525391 2.9649989604949951172 1.9091749191284179688 1.3685171604156494141 4.2164793014526367188 2.6941297054290771484 1.0874134302139282227 1.1249371767044067383 0.94442081451416015625 0.25653335452079772949 0.98225843906402587891 1.2510405778884887695 1.0619831085205078125 0.47303617000579833984
2.2452576160430908203 4.1876578330993652344 2.4528214931488037109 2.3074676990509033203 5.09732818603515625 3.8193964958190917969 1.8795199394226074219 3.1422886848449707031 2.4792780876159667969 1.4416337013244628906 3.9615375995635986328 1.2425222396850585938 1.9091645479202270508 0.35575765371322631836 1.6599456071853637695 1.9929250478744506836 0.65597194433212280273 0.71503978967666625977 2.0679249763488769531 2.1988134384155273438 1.5088734626770019531 1.7639842033386230469 1.1498568058013916016 1.0186915397644042969 2.8691716194152832031 3.0682315826416015625 2.0266509056091308594 3.9875690937042236328 2.8312094211578369141 1.6163899898529052734 2.5293562412261962891 2.7239847183227539062 2.8236982822418212891 2.4264917373657226562 0.88006663322448730469 0.76630026102066040039 0.71505254507064819336 0.79036819934844970703 1.1208856105804443359 2.5293555259704589844 1.8529497385025024414
2.0934545993804931641 4.0702805519104003906 1.8521382808685302734 2.2513256072998046875 5.6745901107788085938 6.0505123138427734375 2.5229542255401611328 1.3363338708877563477 2.6525208950042724609 0.99912506341934204102 3.6323206424713134766 3.9565603733062744141 1.6720945835113525391 1.2955722808837890625 1.9155211448669433594 1.9155153036117553711 0.71150195598602294922 0.74282401800155639648 2.3190705776214599609 0.4148744046688079834 2.7066779136657714844 2.1066980361938476562 1.4739222526550292969 2.5133032798767089844 2.1153206825256347656 4.585147857666015625 3.0490550994873046875 0.49805420637130737305 0.97606438398361206055 0.57363933324813842773 2.1466605663299560547 0.92493063211441040039 1.4472386837005615234 1.5275337696075439453 0.66210860013961791992 0.34270581603050231934 1.1045151948928833008 0.73459964990615844727 2.1600561141967773438 1.5390836000442504883 2.5923521518707275391
2.9568119049072265625 4.4883966445922851562 0.99659430980682373047 0.66440272331237792969 4.7218327522277832031 5.3722810745239257812 2.8735721111297607422 2.6086895465850830078 2.0221602916717529297 3.4094779491424560547 3.0349309444427490234 3.8637015819549560547 1.7887601852416992188 1.6934396028518676758 1.8789790868759155273 1.6129339933395385742 1.3945327997207641602 0.84545016288757324219 2.5331568717956542969 0.25654464960098266602 2.9458513259887695312 1.2587065696716308594 2.4528167247772216797 1.8551276922225952148 2.0934445858001708984 2.7905564308166503906 3.4910416603088378906 2.4937174320220947266 1.5298609733581542969 2.271465301513671875 1.2094959020614624023 0.58672082424163818359 0.58672738075256347656 1.9326125383377075195 0.81557494401931762695 0.30187112092971801758 1.1405894756317138672 1.2392708063125610352 1.2178361415863037109 1.5433479547500610352 1.4461848735809326172
4.1099114418029785156 4.1713595390319824219 0.095461569726467132568 0.97345817089080810547 5.7241525650024414062 5.1433968544006347656 1.9184215068817138672 1.7245286703109741211 1.5495755672454833984 2.7526092529296875 1.8279407024383544922 3.8038933277130126953 1.4691050052642822266 2.1179518699645996094 1.7017819881439208984 0.80559712648391723633 1.3773635625839233398 0.50311386585235595703 1.2182526588439941406 2.6241466999053955078 3.4997105598449707031 1.7498650550842285156 3.47377777099609375 3.1049020290374755859 3.6260445117950439453 2.3170943260192871094 2.6849150657653808594 3.1495184898376464844 2.047271728515625 1.3945136070251464844 1.9221013784408569336 1.3118718862533569336 0.82791006565093994141 2.2378153800964355469 1.2445573806762695312 0.68021333217620849609 0.51405960321426391602 0.32760569453239440918 0.821155548095703125 1.1244925260543823242 1.076656341552734375
4.8822140693664550781 2.8763885498046875 1.011202692985534668 1.686542510986328125 4.6598982810974121094 4.271198272705078125 1.6213867664337158203 0.91170388460159301758 0.74282377958297729492 1.5275337696075439453 0.74486547708511352539 2.5058503150939941406 2.0033004283905029297 2.5307524204254150391 0.40499797463417053223 1.5298569202423095703 1.5796611309051513672 1.7103984355926513672 2.3381800651550292969 2.4845767021179199219 1.3060696125030517578 0.54186975955963134766 2.0620386600494384766 3.5914769172668457031 2.8411891460418701172 2.35884857177734375 1.560311436653137207 1.9653185606002807617 2.6471729278564453125 1.5716233253479003906 0.82791006565093994141 2.2763576507568359375 0.67423319816589355469 2.0383594036102294922 1.9727710485458374023 1.2806382179260253906 1.4666932821273803711 1.1472185850143432617 1.0576959848403930664 1.1068040132522583008 1.0201760530471801758
2.305500030517578125 0.95721662044525146484 1.2380311489105224609 0.842437744140625 2.487224578857421875 4.5880098342895507812 2.8972196578979492188 1.1067905426025390625 1.0948380231857299805 1.5911421775817871094 1.1190792322158813477 1.394527435302734375 1.0226538181304931641 0.87371265888214111328 1.1926387548446655273 1.5272024869918823242 0.96772074699401855469 1.3769973516464233398 1.1405822038650512695 0.34418159723281860352 0.8030707240104675293 1.5822104215621948242 2.2567210197448730469 0.38840824365615844727 0.34270808100700378418 0.99658262729644775391 1.1708000898361206055 1.7289249897003173828 2.6739740371704101562 2.0776896476745605469 0.42451661825180053711 2.1353249549865722656 1.7955368757247924805 1.7221816778182983398 1.3736841678619384766 1.306071162223815918 0.67498993873596191406 1.3498978614807128906 2.3258111476898193359 0.45223769545555114746 0.90446197986602783203
1.4510738849639892578 0.95454865694046020508 2.2542393207550048828 1.7472554445266723633 2.1222581863403320312 3.8859858512878417969 2.2155501842498779297 2.5876703262329101562 2.9935095310211181641 1.9155176877975463867 0.85970020294189453125 1.1472185850143432617 0.51307308673858642578 0.29336121678352355957 0.74281936883926391602 1.1707997322082519531 1.1564399003982543945 1.053849339485168457 0.68835985660552978516 0.64350152015686035156 0.90501463413238525391 0.80118060111999511719 2.5389349460601806641 0.34271597862243652344 0.53338968753814697266 0.28460240364074707031 0.28814014792442321777 1.5654898881912231445 1.8988091945648193359 3.7331326007843017578 3.4354519844055175781 0.61205714941024780273 1.4444359540939331055 1.2425216436386108398 1.5433536767959594727 1.5619324445724487305 1.272701263427734375 0.45559215545654296875 2.6326146125793457031 1.1045044660568237305 1.5278694629669189453
1.6213850975036621094 1.311862945556640625 0.73252958059310913086 2.0854587554931640625 3.3841867446899414062 2.7008752822875976562 2.0482540130615234375 2.9029760360717773438 2.4003040790557861328 1.973540186882019043 1.7910276651382446289 1.3740527629852294922 1.0422633886337280273 1.2731038331985473633 1.9653162956237792969 2.0346264839172363281 2.4503471851348876953 2.1018927097320556641 1.5007996559143066406 1.1031384468078613281 0.66820681095123291016 0.89602059125900268555 1.8982665538787841797 1.0112121105194091797 1.0818189382553100586 1.528858184814453125 2.3517606258392333984 2.501811981201171875 0.93634712696075439453 1.337847590446472168 3.8875319957733154297 1.7930004596710205078 2.433155059814453125 2.4185638427734375 2.3258168697357177734 1.3814033269882202148 0.76366239786148071289 2.2132523059844970703 4.0428957939147949219 1.601281285285949707 2.5646989345550537109
