wildfire/work/fuelmodels/1795/aspect.asc
ncols        206
nrows        282
xllcorner    171315.000000000000
yllcorner    474275.000000000000
cellsize     5.000000000000
NODATA_value   -999
[rows 190 to 208 of 282, columns 42 to 83 of 206]
130.3642578125 149.9307403564453125 118.6100311279296875 126.0845489501953125 249.9046173095703125 261.25335693359375 236.142578125 201.2502899169921875 123.6897125244140625 88.6678009033203125 340.708831787109375 348.689117431640625 281.31011962890625 255.3781890869140625 253.3542633056640625 242.770660400390625 241.948699951171875 164.8987274169921875 118.44244384765625 95.1933135986328125 28.300689697265625 277.125 266.37823486328125 278.67266845703125 82.14641571044921875 78.97614288330078125 243.4387359619140625 106.92665863037109375 341.56427001953125 350.3104248046875 309.092987060546875 268.875823974609375 234.46197509765625 264.806732177734375 35.78870391845703125 343.441986083984375 307.874053955078125 75.2565155029296875 268.87603759765625 264.718109130859375 250.5879058837890625 254.19683837890625
109.98348236083984375 123.31048583984375 120.96343231201171875 142.7647857666015625 230.8257293701171875 244.092987060546875 231.5458984375 240.12347412109375 23.1989898681640625 6.4993343353271484375 343.60931396484375 16.6308746337890625 41.820323944091796875 276.008514404296875 267.136932373046875 236.3094329833984375 226.145263671875 188.275543212890625 166.4291839599609375 179.2356719970703125 187.1247100830078125 195.944976806640625 207.606048583984375 209.6492767333984375 137.3214111328125 103.13388824462890625 24.444646835327148438 33.690410614013671875 258.689178466796875 188.1290130615234375 224.9994659423828125 256.26336669921875 285.944671630859375 288.43426513671875 48.57698822021484375 30.964111328125 286.92681884765625 83.9272003173828125 269.999603271484375 251.564544677734375 231.5192413330078125 240.4942169189453125
176.378143310546875 142.594268798828125 101.574859619140625 110.22446441650390625 264.956787109375 284.035552978515625 303.689300537109375 283.29766845703125 293.497589111328125 355.42535400390625 340.865020751953125 40.23671722412109375 62.418056488037109375 296.567626953125 241.0904388427734375 249.676239013671875 273.09320068359375 216.8685150146484375 149.035888671875 196.698760986328125 257.3466796875 344.743560791015625 194.0332183837890625 235.7382354736328125 257.904022216796875 30.06854248046875 0 9.90419769287109375 30.5791473388671875 329.620330810546875 333.434234619140625 327.2640380859375 294.44281005859375 257.274322509765625 137.4892730712890625 153.4347076416015625 190.1242828369140625 151.8581085205078125 204.2270965576171875 213.1574859619140625 219.935882568359375 212.6441650390625
186.666229248046875 203.962310791015625 76.7011260986328125 51.009006500244140625 295.232330322265625 288.903961181640625 317.76953125 333.121307373046875 316.547454833984375 300.962615966796875 348.686737060546875 62.353649139404296875 15.123719215393066406 15.751021385192871094 337.108856201171875 311.026824951171875 310.600677490234375 8.615726470947265625 70.51348876953125 267.2740478515625 262.6258544921875 293.748931884765625 9.0904598236083984375 325.124114990234375 197.8782196044921875 172.5682830810546875 179.4541168212890625 179.9994659423828125 153.740875244140625 174.6987762451171875 208.6436614990234375 196.875701904296875 176.986846923828125 181.659820556640625 173.2200164794921875 186.203033447265625 184.3981475830078125 202.3793487548828125 224.998260498046875 286.926544189453125 293.66241455078125 326.59136962890625
311.985809326171875 284.74249267578125 70.34598541259765625 60.422306060791015625 274.6346435546875 234.11724853515625 198.671295166015625 201.731781005859375 180.9386138916015625 181.2360076904296875 184.5902252197265625 179.9996795654296875 186.1319427490234375 168.1575164794921875 204.443328857421875 229.898681640625 204.56695556640625 178.4919586181640625 134.11810302734375 185.012786865234375 225.773712158203125 220.6008453369140625 223.2637176513671875 134.9996795654296875 124.28659820556640625 169.3799591064453125 235.619232177734375 310.029388427734375 359.117919921875 44.144779205322265625 266.185211181640625 231.07183837890625 138.990692138671875 156.6143646240234375 214.69439697265625 282.99371337890625 331.47607421875 347.559661865234375 356.7939453125 332.2406005859375 319.49627685546875 342.510955810546875
184.763336181640625 191.082366943359375 178.111358642578125 179.9990386962890625 237.7234344482421875 198.4346923828125 197.1520843505859375 211.953826904296875 182.0089874267578125 181.193084716796875 226.0411224365234375 192.0944671630859375 154.3590087890625 205.973236083984375 274.513031005859375 282.1995849609375 296.563995361328125 11.311166763305664062 41.42386627197265625 349.6234130859375 324.6187744140625 306.25311279296875 317.4893798828125 3.3672063350677490234 356.422607421875 0.37448534369468688965 345.96295166015625 343.36029052734375 350.5865478515625 16.189207077026367188 16.699230194091796875 1.8087786436080932617 47.72601318359375 19.397790908813476562 322.30517578125 304.142913818359375 290.34344482421875 313.1519775390625 13.570574760437011719 292.47906494140625 278.12982177734375 159.904815673828125
80.53719329833984375 236.3093719482421875 277.43048095703125 286.188690185546875 298.73956298828125 330.77984619140625 347.19482421875 334.98223876953125 349.991302490234375 337.98797607421875 323.3499755859375 355.91351318359375 358.24578857421875 352.43780517578125 347.511016845703125 323.0262451171875 353.47918701171875 25.974542617797851562 337.988250732421875 335.658233642578125 345.80047607421875 312.22900390625 16.1140594482421875 329.420074462890625 307.183807373046875 0 311.4228515625 306.3834228515625 236.3088226318359375 336.8004150390625 44.999897003173828125 55.1243896484375 28.008771896362304688 359.06011962890625 316.636199951171875 259.159271240234375 226.022705078125 205.095855712890625 193.7811431884765625 228.9907379150390625 215.5374298095703125 134.9996795654296875
16.557046890258789062 355.332183837890625 354.143157958984375 36.253627777099609375 272.4891357421875 299.426910400390625 340.4625244140625 332.160919189453125 348.325469970703125 335.421600341796875 322.873138427734375 350.536895751953125 326.4813232421875 52.35204315185546875 131.0086822509765625 213.340301513671875 173.2541046142578125 168.9761962890625 253.3683319091796875 297.896514892578125 356.986297607421875 338.19793701171875 120.96186065673828125 281.30987548828125 252.646026611328125 204.444000244140625 273.9178466796875 325.0074462890625 74.05402374267578125 268.024566650390625 68.62914276123046875 59.534297943115234375 2.8912250995635986328 17.560377120971679688 5.7106881141662597656 44.999897003173828125 194.6204833984375 251.5643768310546875 299.406402587890625 326.002716064453125 314.999267578125 95.7110748291015625
60.642040252685546875 332.352813720703125 68.96227264404296875 82.23471832275390625 270.673431396484375 244.43963623046875 262.971405029296875 306.335174560546875 343.404510498046875 345.01763916015625 347.318634033203125 62.103057861328125 199.1331939697265625 134.01190185546875 88.15180206298828125 319.084991455078125 126.4693145751953125 246.8004608154296875 270.544921875 264.439422607421875 275.710052490234375 92.12073516845703125 157.9316253662109375 231.339599609375 233.530364990234375 282.723602294921875 257.573516845703125 212.9048004150390625 336.800628662109375 284.74298095703125 127.52816009521484375 142.0163421630859375 239.46966552734375 84.2892608642578125 60.9456634521484375 56.310009002685546875 2.2906396389007568359 284.839324951171875 287.299835205078125 261.869049072265625 33.691883087158203125 339.144378662109375
64.4397125244140625 5.7104444503784179688 87.089080810546875 323.530029296875 335.2239990234375 9.8657941818237304688 291.399139404296875 294.497894287109375 316.168670654296875 341.564788818359375 51.33980560302734375 81.8697052001953125 66.8001251220703125 11.888311386108398438 358.209564208984375 9.4625368118286132812 12.77108001708984375 338.0843505859375 307.029693603515625 230.3889007568359375 196.4482269287109375 158.702423095703125 357.50958251953125 307.874725341796875 274.898529052734375 269.999359130859375 199.9826812744140625 231.1697845458984375 247.478759765625 165.4649658203125 115.55975341796875 146.68914794921875 226.547821044921875 137.2452545166015625 173.65899658203125 174.28948974609375 310.485198974609375 300.35198974609375 89.99979400634765625 169.8238983154296875 197.62158203125 207.6455841064453125
159.90435791015625 160.6404266357421875 109.32294464111328125 264.172943115234375 282.4066162109375 53.746265411376953125 280.855560302734375 245.984283447265625 206.029144287109375 191.3093719482421875 151.6986541748046875 133.6357269287109375 269.999359130859375 310.425262451171875 73.07262420654296875 140.43963623046875 210.069091796875 276.63226318359375 314.99981689453125 341.564544677734375 293.197906494140625 212.19549560546875 263.659027099609375 341.56488037109375 201.0371551513671875 229.288726806640625 224.9994659423828125 285.0677490234375 281.309600830078125 116.56432342529296875 112.46639251708984375 146.3098602294921875 264.2886962890625 85.236083984375 85.60031890869140625 249.4437408447265625 260.53704833984375 246.476165771484375 122.47103118896484375 35.537891387939453125 317.60235595703125 245.224853515625
159.30419921875 190.783843994140625 127.568145751953125 221.7101593017578125 231.211273193359375 160.7093963623046875 237.6520843505859375 213.11102294921875 215.6760406494140625 197.92724609375 154.4394378662109375 166.6071319580078125 211.5510711669921875 230.1937408447265625 3.0128407478332519531 37.40486907958984375 334.982635498046875 294.303802490234375 356.1842041015625 264.804779052734375 9.4625949859619140625 96.34130096435546875 253.809967041015625 245.55511474609375 101.8214569091796875 251.564239501953125 273.81329345703125 216.027252197265625 218.796112060546875 98.12943267822265625 75.6685943603515625 18.435148239135742188 278.745391845703125 78.690093994140625 60.2559051513671875 313.151611328125 288.433837890625 191.888336181640625 190.4910888671875 189.4618377685546875 237.094512939453125 314.999542236328125
155.556884765625 299.05206298828125 131.8774871826171875 218.5164947509765625 259.41778564453125 205.82049560546875 172.0420989990234375 213.1779937744140625 218.8108978271484375 198.0035247802734375 186.0081329345703125 89.99979400634765625 244.439300537109375 260.165740966796875 269.999359130859375 55.885303497314453125 335.955047607421875 324.161834716796875 31.32855987548828125 8.9723100662231445312 150.2541046142578125 98.12921142578125 276.169525146484375 254.247955322265625 73.4429779052734375 298.30010986328125 278.12957763671875 137.3370513916015625 200.281982421875 191.7929840087890625 109.88494873046875 92.12049102783203125 238.7064666748046875 165.963623046875 236.308746337890625 251.564697265625 157.479278564453125 151.1893310546875 230.1940155029296875 249.303619384765625 279.687835693359375 288.433868408203125
263.659271240234375 351.383331298828125 56.003520965576171875 304.379364013671875 255.1728668212890625 188.5687408447265625 170.217315673828125 228.0658416748046875 228.093597412109375 241.0901947021484375 284.035552978515625 340.345123291015625 352.4498291015625 314.044403076171875 307.724151611328125 352.5677490234375 340.941375732421875 172.8738250732421875 224.9994659423828125 11.768097877502441406 35.311168670654296875 330.592132568359375 320.85540771484375 354.20623779296875 40.60068511962890625 276.33990478515625 137.3856964111328125 112.2488555908203125 308.4796142578125 18.434358596801757812 121.46392059326171875 149.0356292724609375 202.931610107421875 210.5295257568359375 242.744598388671875 219.804779052734375 354.804656982421875 343.538818359375 343.46441650390625 333.758026123046875 341.5643310546875 179.9995880126953125
264.80535888671875 240.421630859375 78.69002532958984375 105.2550811767578125 229.085052490234375 213.46484375 183.3664093017578125 227.6622772216796875 255.3786773681640625 266.111480712890625 274.0849609375 293.1978759765625 329.620330810546875 313.40838623046875 301.758697509765625 325.007110595703125 32.47124481201171875 36.384395599365234375 311.728729248046875 332.1019287109375 12.144269943237304688 337.795684814453125 317.60186767578125 43.40871429443359375 58.133945465087890625 301.262939453125 17.92786407470703125 15.488471031188964844 320.781646728515625 15.603902816772460938 41.6334686279296875 30.735454559326171875 356.0081787109375 307.055938720703125 319.573272705078125 345.578826904296875 334.5914306640625 327.0936279296875 324.865264892578125 262.348846435546875 113.5514678955078125 25.016834259033203125
304.69439697265625 14.7440948486328125 132.7970428466796875 113.83849334716796875 292.2169189453125 276.339324951171875 191.3111724853515625 259.286041259765625 248.5317840576171875 224.27423095703125 224.43231201171875 203.859893798828125 192.528472900390625 216.3130645751953125 201.036956787109375 198.434600830078125 217.30352783203125 351.46856689453125 7.6961903572082519531 284.0355224609375 310.100372314453125 345.255889892578125 184.7633514404296875 148.3239593505859375 329.7425537109375 317.826324462890625 0.6160736083984375 26.847291946411132812 310.36370849609375 358.024169921875 37.234752655029296875 27.581956863403320312 355.012786865234375 339.89044189453125 347.3341064453125 354.067779541015625 354.986053466796875 344.3565673828125 359.235260009765625 327.42529296875 7.943485260009765625 349.50787353515625
281.309234619140625 40.914455413818359375 73.24967193603515625 310.813995361328125 317.563079833984375 337.8331298828125 337.832794189453125 18.434686660766601562 233.745513916015625 221.8774871826171875 230.64013671875 218.757598876953125 222.13702392578125 253.5392303466796875 256.6064453125 278.129302978515625 281.887969970703125 325.2032470703125 31.75972747802734375 329.857574462890625 316.683807373046875 17.87874603271484375 46.24504852294921875 341.564422607421875 325.036163330078125 337.5733642578125 11.59226226806640625 11.768316268920898438 330.523345947265625 352.40435791015625 25.253076553344726562 36.94551849365234375 333.923797607421875 332.9683837890625 11.173756599426269531 24.82944488525390625 45.000331878662109375 318.41558837890625 344.743988037109375 357.47833251953125 12.907509803771972656 355.235626220703125
288.434539794921875 69.442596435546875 76.0788421630859375 292.75006103515625 276.7655029296875 307.874755859375 307.40472412109375 12.094746589660644531 350.454620361328125 345.962738037109375 299.844818115234375 275.9049072265625 263.658660888671875 273.432830810546875 298.685577392578125 318.4674072265625 306.026580810546875 342.823333740234375 40.03021240234375 323.582855224609375 313.841888427734375 3.4108700752258300781 21.131605148315429688 341.09466552734375 319.513153076171875 345.3018798828125 10.992594718933105469 352.732177734375 349.379486083984375 17.525335311889648438 13.134100914001464844 38.367374420166015625 320.608551025390625 314.999359130859375 60.780517578125 57.75746917724609375 347.98779296875 322.834747314453125 325.750152587890625 11.05652618408203125 35.03617095947265625 22.556894302368164062
338.42767333984375 104.03600311279296875 81.8697052001953125 314.19232177734375 333.1519775390625 353.36676025390625 294.025909423828125 333.99609375 0.00011878560326294973493 61.821453094482421875 223.1514892578125 248.4978179931640625 283.522491455078125 289.72161865234375 287.699859619140625 279.129608154296875 279.582366943359375 141.3396453857421875 129.173187255859375 253.610321044921875 258.870391845703125 263.36724853515625 14.381368637084960938 353.659088134765625 274.7635498046875 247.6931915283203125 8.1302289962768554688 336.800537109375 327.6793212890625 39.805522918701171875 38.0888519287109375 358.209197998046875 319.350311279296875 308.54052734375 79.35407257080078125 67.78208160400390625 295.601654052734375 314.274017333984375 345.96270751953125 6.3412427902221679688 30.650590896606445312 29.744588851928710938
