wildfire/work/fuelmodels/1795/aspect.asc
ncols        206
nrows        282
xllcorner    171315.000000000000
yllcorner    474275.000000000000
cellsize     5.000000000000
NODATA_value   -999
[rows 0 to 18 of 282, columns 0 to 41 of 206]
0 0 0 0 0 0 0 0 0 0 0 0 0 0 0 0 0 0 0 0 0 0 0 0 0 0 0 0 0 0 0 0 0 0 0 0 0 0 0 0 0 0
0 276.4180908203125 277.7645263671875 300.69921875 308.129547119140625 316.0802001953125 314.999267578125 315.74334716796875 334.65283203125 175.914276123046875 145.1241607666015625 139.8985595703125 182.602203369140625 169.2864990234375 222.6139373779296875 268.45147705078125 314.999267578125 297.7830810546875 286.53900146484375 284.3692626953125 290.58013916015625 295.381439208984375 291.829254150390625 283.281005859375 280.75982666015625 288.56103515625 294.36181640625 308.5576171875 2.6835813522338867188 317.96026611328125 295.964935302734375 307.28350830078125 325.97991943359375 295.016845703125 284.6199951171875 354.801513671875 134.9996795654296875 134.9996795654296875 23.197782516479492188 41.81939697265625 311.633392333984375 315.000335693359375
0 259.507843017578125 257.862579345703125 263.332794189453125 269.99951171875 286.1885986328125 270.82952880859375 226.363433837890625 152.102264404296875 160.9739990234375 163.072235107421875 155.5556488037109375 202.750396728515625 279.461456298828125 314.9990234375 314.131195068359375 324.461669921875 318.81329345703125 305.5369873046875 295.3651123046875 294.20208740234375 297.2454833984375 297.01446533203125 293.32464599609375 290.796478271484375 297.673187255859375 312.165252685546875 322.85272216796875 3.4680485725402832031 323.218414306640625 282.618682861328125 286.606292724609375 348.309600830078125 344.054962158203125 278.61492919921875 150.9468994140625 142.5944061279296875 236.309814453125 296.5643310546875 41.18640899658203125 322.12310791015625 295.346160888671875
0 319.331512451171875 283.56976318359375 250.2913665771484375 239.6756744384765625 257.091888427734375 287.240997314453125 324.461669921875 73.072052001953125 88.45131683349609375 117.25495147705078125 174.2893829345703125 269.99969482421875 293.404144287109375 312.5450439453125 317.631622314453125 319.3563232421875 320.709869384765625 312.570098876953125 302.885528564453125 298.766937255859375 299.591522216796875 297.853759765625 295.31219482421875 301.829925537109375 314.3643798828125 332.66680908203125 351.572265625 15.859310150146484375 6.6666517257690429688 266.081207275390625 259.270660400390625 256.4290771484375 349.993988037109375 63.434803009033203125 140.44024658203125 203.199249267578125 281.3096923828125 261.864044189453125 314.991973876953125 322.59234619140625 330.253173828125
0 337.202606201171875 345.088836669921875 323.12939453125 271.667633056640625 262.93267822265625 261.026885986328125 147.994140625 173.28961181640625 9.4624481201171875 21.037517547607421875 353.529205322265625 340.38714599609375 309.38189697265625 289.611358642578125 290.169891357421875 295.307281494140625 302.71533203125 304.425750732421875 296.656341552734375 292.05035400390625 293.468505859375 297.14306640625 295.846893310546875 294.410064697265625 303.385467529296875 332.10186767578125 8.129978179931640625 30.857599258422851562 40.877712249755859375 283.119598388671875 262.838958740234375 249.6761016845703125 214.69219970703125 120.96329498291015625 138.179107666015625 270.000732421875 288.43646240234375 116.5538482666015625 246.80535888671875 264.29107666015625 314.999267578125
0 319.397857666015625 1.2544801235198974609 13.151041030883789062 312.824462890625 299.5771484375 262.56787109375 142.59429931640625 199.9159698486328125 229.8638458251953125 224.997650146484375 314.998931884765625 328.83990478515625 336.800750732421875 327.691986083984375 322.7210693359375 311.247467041015625 301.589599609375 305.82568359375 299.368072509765625 292.527557373046875 286.75506591796875 285.543792724609375 286.068695068359375 275 259.82391357421875 230.586944580078125 201.803009033203125 34.04599761962890625 53.68048095703125 329.82513427734375 265.55523681640625 259.991455078125 161.5634307861328125 129.643951416015625 233.1313018798828125 280.17437744140625 263.6575927734375 128.6579132080078125 210.9654083251953125 219.8059539794921875 195.945343017578125
0 271.44342041015625 323.9715576171875 66.5952301025390625 276.339508056640625 275.19378662109375 86.49642181396484375 101.30997467041015625 209.744598388671875 228.01214599609375 188.9721221923828125 202.093963623046875 239.1717987060546875 275.868988037109375 305.99761962890625 318.845367431640625 320.623931884765625 305.86907958984375 305.428924560546875 301.710662841796875 295.76861572265625 286.12689208984375 273.977569580078125 267.122650146484375 257.371185302734375 236.50872802734375 213.7541351318359375 210.9633026123046875 214.8745574951171875 82.37538909912109375 75.7620391845703125 253.914825439453125 240.1231842041015625 145.0078582763671875 161.566131591796875 274.897705078125 267.2713623046875 213.6895599365234375 108.43906402587890625 314.977386474609375 218.6606292724609375 182.2906646728515625
0 295.676177978515625 314.999267578125 47.52590179443359375 323.129180908203125 266.25640869140625 88.72698974609375 71.56510162353515625 79.99263763427734375 266.185211181640625 329.03570556640625 288.43426513671875 258.11065673828125 266.267913818359375 283.297821044921875 300.43353271484375 316.09405517578125 315.622039794921875 310.287689208984375 300.19085693359375 286.3389892578125 271.735076904296875 258.170379638671875 246.68170166015625 225.68157958984375 215.1883392333984375 219.1185150146484375 221.877349853515625 224.9994659423828125 136.7892913818359375 76.60711669921875 247.3281402587890625 235.551177978515625 180.0001068115234375 284.03472900390625 275.9053955078125 177.272674560546875 227.8624725341796875 213.6912384033203125 134.9996795654296875 198.434478759765625 113.2066192626953125
0 314.214569091796875 314.99945068359375 33.15776824951171875 51.2032470703125 241.6984405517578125 198.4338226318359375 76.21808624267578125 57.528629302978515625 286.38861083984375 314.99908447265625 351.528045654296875 322.12420654296875 305.65460205078125 299.25726318359375 302.437469482421875 313.23687744140625 319.064239501953125 319.6494140625 320.2410888671875 317.8359375 314.45098876953125 300.637908935546875 286.943206787109375 276.17926025390625 252.1392822265625 238.961151123046875 217.677642822265625 215.932952880859375 203.96197509765625 139.236175537109375 217.693206787109375 261.8692626953125 277.1240234375 298.809478759765625 338.1983642578125 54.46219635009765625 229.399078369140625 198.435455322265625 177.50946044921875 167.903778076171875 157.9889373779296875
0 314.9990234375 298.008331298828125 76.32879638671875 94.927001953125 192.994049072265625 218.3450775146484375 146.3095855712890625 81.86795806884765625 287.849761962890625 274.043701171875 294.7744140625 307.009979248046875 303.0372314453125 294.92779541015625 295.6195068359375 303.6893310546875 309.0250244140625 308.37347412109375 314.286102294921875 323.530029296875 328.411590576171875 326.055694580078125 321.03253173828125 332.983001708984375 334.2298583984375 318.415771484375 298.29998779296875 277.523193359375 268.330902099609375 111.37100982666015625 264.288604736328125 273.01220703125 273.944610595703125 276.0716552734375 327.99322509765625 63.434490203857421875 111.03680419921875 246.035919189453125 138.576690673828125 146.5340728759765625 159.5899200439453125
0 298.008392333984375 314.999267578125 96.7097625732421875 85.8815155029296875 99.46144866943359375 249.5373687744140625 168.6892547607421875 287.24078369140625 290.432464599609375 276.63214111328125 271.13763427734375 274.460235595703125 284.88555908203125 286.789093017578125 284.4635009765625 291.249847412109375 302.779998779296875 296.564422607421875 291.38507080078125 296.10595703125 303.68927001953125 304.59869384765625 299.227386474609375 296.221282958984375 309.506927490234375 329.035369873046875 332.633544921875 327.139556884765625 337.97613525390625 26.8961181640625 340.513031005859375 266.940887451171875 264.667816162109375 285.068115234375 288.429901123046875 81.87000274658203125 17.3549957275390625 345.464599609375 98.47138214111328125 101.72496795654296875 51.709941864013671875
0 255.9632568359375 151.388763427734375 129.5597381591796875 100.96759796142578125 127.87464141845703125 226.21826171875 243.88543701171875 281.309112548828125 257.346832275390625 268.697509765625 276.026885986328125 283.099151611328125 286.42156982421875 283.798858642578125 281.384429931640625 284.4200439453125 293.9871826171875 296.75341796875 293.805267333984375 292.026580810546875 297.64520263671875 301.851898193359375 302.643829345703125 297.2545166015625 294.74859619140625 294.95404052734375 282.224365234375 278.923309326171875 290.224334716796875 58.569843292236328125 38.796123504638671875 280.30438232421875 265.78521728515625 261.25299072265625 329.03289794921875 350.216217041015625 0.00060711905825883150101 57.803661346435546875 89.0902099609375 72.64603424072265625 343.6097412109375
0 209.475006103515625 164.29083251953125 163.0091094970703125 116.9163665771484375 113.92700958251953125 221.565765380859375 227.0267486572265625 187.9429473876953125 211.37255859375 243.04718017578125 256.362640380859375 259.5537109375 264.956939697265625 273.036773681640625 280.148529052734375 286.644317626953125 294.00634765625 295.016143798828125 294.131683349609375 290.3299560546875 290.375823974609375 294.819854736328125 303.34906005859375 300.140655517578125 292.872894287109375 297.095062255859375 291.1046142578125 283.495635986328125 242.8191375732421875 117.64593505859375 60.124237060546875 284.34814453125 258.43890380859375 257.27471923828125 285.944732666015625 348.687591552734375 143.97198486328125 127.87384796142578125 104.0355377197265625 117.25467681884765625 207.89630126953125
0 182.2020111083984375 168.110931396484375 165.62969970703125 136.77130126953125 112.26390838623046875 198.8379058837890625 223.26373291015625 199.59173583984375 228.2238922119140625 254.744171142578125 257.3602294921875 258.340057373046875 261.57244873046875 265.632568359375 270.158111572265625 276.9266357421875 285.91595458984375 288.297210693359375 286.965423583984375 284.718963623046875 285.34954833984375 288.8603515625 296.199493408203125 298.685577392578125 289.982421875 291.12371826171875 284.0352783203125 280.750213623046875 314.999267578125 337.248504638671875 54.21170806884765625 336.797607421875 268.566986083984375 268.451202392578125 268.5302734375 114.44488525390625 128.04742431640625 147.3078765869140625 152.1023406982421875 143.5301361083984375 181.217803955078125
0 180.3741302490234375 171.645263671875 165.9632720947265625 153.788238525390625 132.573486328125 163.9956207275390625 219.5391387939453125 231.39837646484375 255.255859375 269.643585205078125 276.4140625 280.6533203125 282.88134765625 280.9974365234375 278.59698486328125 279.1617431640625 280.991912841796875 283.16259765625 282.611175537109375 277.1878662109375 274.833770751953125 273.322418212890625 271.709197998046875 273.57598876953125 264.093231201171875 256.550506591796875 246.9737701416015625 240.100372314453125 244.854766845703125 206.5645751953125 116.07424163818359375 152.74468994140625 246.8005828857421875 260.639129638671875 259.379638671875 118.30060577392578125 117.21610260009765625 126.5290679931640625 145.4376220703125 157.98870849609375 183.8129730224609375
0 184.9935302734375 168.2745208740234375 160.4627838134765625 158.8383026123046875 135.6508941650390625 134.9998626708984375 237.906707763671875 251.92706298828125 265.656158447265625 278.81463623046875 288.088134765625 293.260467529296875 295.366729736328125 291.2598876953125 283.55963134765625 282.81842041015625 281.309295654296875 274.3609619140625 268.5601806640625 264.45416259765625 261.625152587890625 255.01776123046875 247.3475341796875 237.8347930908203125 224.1312408447265625 233.1299896240234375 224.15740966796875 227.290283203125 227.35296630859375 179.0601959228515625 141.071502685546875 149.742950439453125 239.42022705078125 241.69873046875 200.6587066650390625 144.865234375 114.14475250244140625 89.99929046630859375 92.38578033447265625 131.9874420166015625 210.2552642822265625
0 180.65826416015625 160.9246368408203125 150.5236663818359375 166.29266357421875 172.40496826171875 145.3047332763671875 260.339630126953125 264.5714111328125 273.777618408203125 283.780975341796875 289.54937744140625 297.129730224609375 299.345367431640625 294.273834228515625 285.473358154296875 285.343048095703125 286.843109130859375 274.443511962890625 263.79608154296875 265.34930419921875 268.842071533203125 270.8297119140625 269.999359130859375 265.78521728515625 267.3572998046875 268.11151123046875 237.994110107421875 231.4410400390625 238.464508056640625 184.9689178466796875 142.59368896484375 129.956817626953125 230.5271453857421875 234.6728973388671875 196.4765777587890625 164.5778656005859375 140.1939239501953125 128.04632568359375 124.99151611328125 86.1849517822265625 161.560302734375
0 172.7464141845703125 159.10186767578125 136.65191650390625 158.9621734619140625 216.3837890625 223.024505615234375 252.5522308349609375 263.44525146484375 271.9156494140625 284.46966552734375 289.178375244140625 291.1605224609375 291.671112060546875 291.16058349609375 284.909637451171875 282.888916015625 287.33599853515625 287.151641845703125 285.308563232421875 278.8536376953125 271.468170166015625 273.763336181640625 285.571807861328125 298.161895751953125 310.710052490234375 316.59014892578125 349.823486328125 279.291900634765625 260.072906494140625 162.2548370361328125 165.7834320068359375 151.8859710693359375 208.9260101318359375 235.83978271484375 202.109161376953125 176.1861419677734375 161.0030670166015625 138.179351806640625 178.1522979736328125 191.3128509521484375 108.4330596923828125
0 166.3284149169921875 150.4781646728515625 130.3889312744140625 118.0722503662109375 262.8741455078125 275.963653564453125 283.391265869140625 264.713836669921875 268.231475830078125 277.480194091796875 281.939727783203125 283.539276123046875 284.392852783203125 280.858795166015625 273.36578369140625 269.999359130859375 277.0201416015625 287.6068115234375 286.820556640625 278.52996826171875 273.50286865234375 283.391845703125 300.067779541015625 314.999053955078125 320.43951416015625 337.5562744140625 11.611293792724609375 331.82073974609375 288.43426513671875 110.2246551513671875 125.5370941162109375 129.1429901123046875 183.91748046875 220.3639984130859375 207.1808319091796875 182.230926513671875 160.640625 154.17852783203125 182.7261199951171875 183.5323333740234375 164.6035614013671875
