wildfire/work/fuelmodels/1795/aspect.asc
ncols        206
nrows        282
xllcorner    171315.000000000000
yllcorner    474275.000000000000
cellsize     5.000000000000
NODATA_value   -999
[rows 95 to 113 of 282, columns 126 to 167 of 206]
236.3093719482421875 218.8108367919921875 193.5703277587890625 68.0701751708984375 69.60491180419921875 82.45034027099609375 73.66382598876953125 69.4438018798828125 64.90374755859375 330.78021240234375 320.01226806640625 320.905487060546875 261.253326416015625 101.30970001220703125 310.23553466796875 295.97369384765625 329.49920654296875 4.9698519706726074219 303.689422607421875 259.508209228515625 222.7536773681640625 180.970245361328125 131.4783172607421875 185.7103118896484375 161.5638580322265625 132.397552490234375 223.3628692626953125 207.8968048095703125 259.11395263671875 257.195159912109375 106.47650146484375 107.3187255859375 105.25478363037109375 290.7718505859375 304.69427490234375 316.00439453125 352.56805419921875 51.881595611572265625 88.4790802001953125 247.3794403076171875 260.444976806640625 197.240631103515625
244.8314971923828125 245.170135498046875 254.1671600341796875 339.622894287109375 73.51538848876953125 69.44378662109375 44.999897003173828125 57.8747406005859375 38.659587860107421875 358.5306396484375 196.557098388671875 211.3281402587890625 281.820953369140625 29.577381134033203125 293.197998046875 265.300811767578125 247.7505950927734375 29.0541229248046875 245.5559234619140625 158.8057708740234375 212.092071533203125 202.010772705078125 118.0720977783203125 218.9903717041015625 230.43890380859375 100.175567626953125 252.6454010009765625 274.898529052734375 269.999267578125 228.8129119873046875 110.4619598388671875 81.86962127685546875 18.434614181518554688 326.513336181640625 333.4339599609375 286.14361572265625 337.166107177734375 75.69951629638671875 93.576141357421875 229.7629852294921875 238.2756805419921875 178.451385498046875
253.7197265625 232.305084228515625 235.822357177734375 217.6132965087890625 84.41722869873046875 53.7460479736328125 46.2452850341796875 65.96555328369140625 37.9986724853515625 61.69905853271484375 55.007450103759765625 289.057159423828125 249.77484130859375 165.5789642333984375 213.0234222412109375 231.3395538330078125 222.2067108154296875 209.875762939453125 143.9722442626953125 156.16064453125 266.530914306640625 171.871246337890625 100.17547607421875 288.434051513671875 318.944549560546875 90.90918731689453125 210.4652252197265625 253.008514404296875 277.430816650390625 317.202301025390625 38.210811614990234375 39.897426605224609375 37.405078887939453125 280.406951904296875 327.52783203125 275.43927001953125 194.8578033447265625 110.17043304443359375 79.80379486083984375 356.185394287109375 262.0419921875 243.4347991943359375
219.5219879150390625 207.377197265625 232.926422119140625 228.4331817626953125 108.4346923828125 79.9392547607421875 83.45362091064453125 78.85699462890625 62.700469970703125 49.014171600341796875 14.381338119506835938 333.434295654296875 269.999359130859375 309.2884521484375 322.35150146484375 303.11053466796875 279.05731201171875 259.5079345703125 23.629251480102539062 2.64276123046875 287.446868896484375 146.04058837890625 132.3366241455078125 256.1220703125 269.999664306640625 73.30062103271484375 33.689571380615234375 266.347076416015625 277.623443603515625 321.70904541015625 15.12389373779296875 30.1240692138671875 56.46949005126953125 155.375823974609375 197.5003204345703125 184.3156890869140625 167.9972991943359375 163.9884490966796875 121.65117645263671875 124.56230926513671875 202.1256561279296875 214.9189300537109375
191.309417724609375 246.9379730224609375 251.22149658203125 250.1443634033203125 284.0360107421875 73.6637115478515625 72.0952911376953125 86.44805908203125 117.20371246337890625 169.2864990234375 156.317535400390625 172.2342987060546875 277.76397705078125 329.3218994140625 330.523284912109375 316.004364013671875 320.710174560546875 313.805755615234375 329.533599853515625 44.999897003173828125 118.00875091552734375 147.7236480712890625 59.033535003662109375 269.999542236328125 240.3758392333984375 99.08957672119140625 11.309785842895507812 298.37847900390625 271.519989013671875 242.3531494140625 278.1279296875 55.437652587890625 87.03173828125 99.46208953857421875 187.2525634765625 191.3094940185546875 165.96368408203125 126.57256317138671875 147.3806915283203125 125.24741363525390625 166.476287841796875 237.7782135009765625
221.18548583984375 269.1925048828125 236.309326171875 237.8931884765625 248.9620513916015625 89.9996795654296875 85.8816986083984375 73.90232086181640625 72.2159576416015625 114.14521026611328125 185.0124359130859375 288.434539794921875 307.303375244140625 335.85400390625 216.8697662353515625 262.874237060546875 295.709228515625 309.471588134765625 326.308746337890625 42.397274017333984375 57.094715118408203125 355.600494384765625 345.112823486328125 341.56414794921875 321.519195556640625 83.3671722412109375 251.564453125 273.990234375 250.114227294921875 233.275360107421875 236.767730712890625 125.39463043212890625 113.9223175048828125 100.43738555908203125 53.97267913818359375 302.47137451171875 236.888336181640625 79.38030242919921875 41.42348480224609375 66.9743194580078125 60.1236114501953125 272.219146728515625
265.78509521484375 267.57012939453125 134.999114990234375 236.61102294921875 215.3261871337890625 139.5734710693359375 128.367034912109375 99.68836212158203125 62.417736053466796875 47.489410400390625 346.238525390625 312.172210693359375 307.5035400390625 64.57285308837890625 140.5989227294921875 230.8690948486328125 241.55645751953125 290.724853515625 4.6858420372009277344 37.40538787841796875 41.987323760986328125 350.705841064453125 351.8685302734375 305.536956787109375 286.3887939453125 81.3268280029296875 248.197265625 241.219635009765625 254.427032470703125 298.55908203125 300.068389892578125 105.6895294189453125 89.42082977294921875 76.21808624267578125 2.1211512088775634766 49.969745635986328125 168.689453125 181.6361846923828125 134.9996795654296875 83.1568756103515625 44.999652862548828125 275.963958740234375
291.036834716796875 257.275054931640625 192.723541259765625 264.17291259765625 220.2357635498046875 124.99172210693359375 113.907196044921875 144.7270050048828125 139.2359771728515625 68.4588775634765625 1.9091964960098266602 253.071624755859375 212.470733642578125 144.1618499755859375 80.21721649169921875 272.069580078125 243.0337982177734375 245.878448486328125 166.3282470703125 125.53743743896484375 150.945098876953125 168.6897430419921875 155.1123199462890625 181.8178253173828125 221.0811309814453125 77.7348480224609375 14.421039581298828125 282.99383544921875 257.592041015625 246.4763946533203125 147.3802337646484375 120.06810760498046875 95.7100830078125 73.30028533935546875 119.0539093017578125 138.97210693359375 171.5009613037109375 183.7149505615234375 163.8553314208984375 176.9867401123046875 141.7102813720703125 161.5651702880859375
222.2067108154296875 229.635009765625 242.2409210205078125 258.110931396484375 201.0376129150390625 108.4348907470703125 92.4058074951171875 105.1538238525390625 163.49505615234375 151.50396728515625 173.2897796630859375 191.3096466064453125 195.94586181640625 273.575775146484375 333.251220703125 7.1716518402099609375 288.43426513671875 225.9623565673828125 197.8013916015625 168.11114501953125 122.59218597412109375 154.6534881591796875 153.9964141845703125 190.3041839599609375 247.305633544921875 226.7890777587890625 131.531402587890625 163.8553314208984375 205.865997314453125 207.727813720703125 186.0953521728515625 150.12396240234375 105.0685577392578125 104.620697021484375 123.9294891357421875 141.241546630859375 186.933929443359375 226.7352142333984375 18.435342788696289062 340.200286865234375 325.4366455078125 87.220672607421875
342.896484375 268.0244140625 243.96990966796875 211.759063720703125 202.2485198974609375 134.9996795654296875 84.01927947998046875 91.94791412353515625 141.2254486083984375 158.497833251953125 243.4343719482421875 300.96295166015625 66.54091644287109375 270.68951416015625 280.36566162109375 78.47612762451171875 93.3663330078125 261.303802490234375 228.730712890625 215.13372802734375 106.1442108154296875 95.63043975830078125 302.904388427734375 94.76349639892578125 224.9993133544921875 232.9263153076171875 112.52022552490234375 108.4346923828125 217.303863525390625 245.7454986572265625 204.4432373046875 184.0277557373046875 177.273773193359375 112.425689697265625 120.7930755615234375 82.27817535400390625 135.0009002685546875 260.0731201171875 263.658905029296875 224.9994659423828125 211.8655853271484375 115.18595123291015625
186.8425445556640625 186.3397064208984375 221.235382080078125 208.3926239013671875 196.388946533203125 192.770660400390625 106.38924407958984375 69.01488494873046875 40.060573577880859375 21.948904037475585938 302.47076416015625 241.9900360107421875 122.84497833251953125 248.49798583984375 235.490875244140625 139.037353515625 85.81476593017578125 284.03546142578125 187.1244964599609375 211.6508331298828125 162.6458282470703125 32.471038818359375 346.889923095703125 75.1917572021484375 240.9446258544921875 265.10040283203125 342.407257080078125 43.619380950927734375 359.0279541015625 274.898406982421875 160.4625244140625 202.379638671875 226.3636932373046875 99.462066650390625 30.966257095336914062 30.963647842407226562 48.652080535888671875 265.2713623046875 165.4252777099609375 181.7352447509765625 174.8052215576171875 117.05738067626953125
177.6718902587890625 192.8036651611328125 269.99945068359375 314.998779296875 156.801422119140625 240.52337646484375 300.962615966796875 57.042461395263671875 41.33202362060546875 31.372980117797851562 22.834154129028320312 149.4696197509765625 141.7097320556640625 294.655120849609375 314.999267578125 130.6008758544921875 194.4698486328125 179.9991607666015625 166.218109130859375 196.476654052734375 215.095245361328125 240.70770263671875 333.433929443359375 41.710712432861328125 43.938755035400390625 238.3919830322265625 222.24029541015625 120.5294189453125 25.016794204711914062 313.567138671875 17.65021514892578125 11.975989341735839844 189.6886138916015625 106.83709716796875 230.71026611328125 206.564849853515625 52.6958160400390625 341.074462890625 79.3801116943359375 316.363494873046875 354.399810791015625 41.03515625
143.6153411865234375 236.18804931640625 254.6141510009765625 229.085174560546875 340.639984130859375 336.4471435546875 184.634857177734375 139.0139617919921875 117.80121612548828125 79.99161529541015625 53.325641632080078125 37.33296966552734375 347.6185302734375 264.288848876953125 264.804931640625 90.98757171630859375 188.1294403076171875 193.13311767578125 248.6284637451171875 14.74301910400390625 249.903656005859375 246.296722412109375 218.659454345703125 134.9996795654296875 108.14532470703125 231.3395538330078125 244.119049072265625 195.017669677734375 221.18536376953125 269.999359130859375 322.12445068359375 28.300813674926757812 91.14569091796875 108.4346923828125 320.52728271484375 356.423095703125 19.982501983642578125 21.194070816040039062 30.124225616455078125 327.632659912109375 89.99614715576171875 93.01248931884765625
98.6157073974609375 254.45294189453125 240.004364013671875 192.060943603515625 198.2034454345703125 188.4083709716796875 167.4709320068359375 101.31011199951171875 59.03618621826171875 70.3462066650390625 51.71042633056640625 14.300148963928222656 19.439914703369140625 293.681732177734375 253.07220458984375 67.08704376220703125 17.152515411376953125 336.19354248046875 319.68524169921875 28.85555267333984375 44.999897003173828125 244.4396820068359375 183.2699737548828125 149.035980224609375 148.7813873291015625 299.520782470703125 308.15655517578125 236.309814453125 215.1339111328125 245.22442626953125 269.99957275390625 11.97662353515625 60.06829833984375 30.378854751586914062 327.406982421875 41.820308685302734375 110.55605316162109375 175.23583984375 149.82623291015625 157.98846435546875 162.758056640625 189.56610107421875
69.102020263671875 297.733551025390625 269.999664306640625 152.6497344970703125 202.442230224609375 239.559661865234375 296.564178466796875 11.310010910034179688 105.25513458251953125 147.5287933349609375 287.649749755859375 339.9620361328125 30.963647842407226562 98.746124267578125 178.6463623046875 189.9501190185546875 290.224212646484375 337.035430908203125 314.999267578125 140.35528564453125 170.0953216552734375 217.4051666259765625 185.1936492919921875 72.21570587158203125 329.619903564453125 279.5823974609375 197.446502685546875 170.537322998046875 233.3652191162109375 282.38006591796875 282.803802490234375 174.8043212890625 89.99961090087890625 44.999897003173828125 12.725040435791015625 76.75939178466796875 88.024932861328125 146.3097991943359375 159.2276611328125 113.42864990234375 98.130035400390625 184.8201904296875
243.4343719482421875 282.449310302734375 212.0055084228515625 126.57256317138671875 295.25250244140625 282.7828369140625 265.71038818359375 123.68952178955078125 108.083251953125 136.5074462890625 206.5644378662109375 205.345672607421875 150.202056884765625 131.0545501708984375 135.0000152587890625 247.619293212890625 253.81024169921875 273.575775146484375 84.47228240966796875 97.54921722412109375 245.555328369140625 269.999359130859375 261.027069091796875 126.2532958984375 165.343048095703125 205.6403656005859375 218.7958831787109375 134.9996795654296875 250.083160400390625 263.319580078125 275.192901611328125 101.976409912109375 157.619049072265625 45.000499725341796875 37.235034942626953125 52.495922088623046875 70.76921844482421875 49.8645172119140625 59.93138885498046875 97.3057403564453125 113.62909698486328125 141.6540679931640625
319.57305908203125 280.71234130859375 167.0055999755859375 338.19769287109375 299.93084716796875 310.235626220703125 348.339630126953125 91.5906524658203125 101.309600830078125 125.80315399169921875 174.0070648193359375 197.139923095703125 175.1004486083984375 177.5098114013671875 320.526885986328125 328.171600341796875 271.635833740234375 233.3250274658203125 113.80573272705078125 88.1521453857421875 314.999267578125 346.60638427734375 48.366424560546875 134.245819091796875 151.99053955078125 213.2743377685546875 240.3610687255859375 319.397979736328125 295.200927734375 251.88629150390625 245.2238922119140625 97.25316619873046875 175.6007537841796875 215.5358428955078125 115.34587860107421875 99.0900726318359375 91.5069732666015625 116.564483642578125 142.66644287109375 164.744659423828125 138.7636566162109375 335.13555908203125
350.310333251953125 56.30973052978515625 269.99896240234375 306.673431396484375 297.936431884765625 299.504486083984375 47.12084197998046875 75.96368408203125 95.8065338134765625 100.11371612548828125 105.25478363037109375 297.837310791015625 341.07452392578125 341.56427001953125 207.757965087890625 218.5577545166015625 194.2998809814453125 188.9144744873046875 162.936920166015625 205.55908203125 264.400360107421875 178.26416015625 122.79933929443359375 97.12493133544921875 83.08875274658203125 262.77490234375 259.60504150390625 281.05560302734375 83.1575469970703125 240.8315582275390625 241.0594635009765625 124.99176025390625 173.210479736328125 189.7816925048828125 179.9995880126953125 96.63196563720703125 114.443695068359375 130.3889312744140625 133.1318511962890625 173.2902374267578125 321.482208251953125 322.325653076171875
131.5317230224609375 123.6898345947265625 243.43475341796875 252.51141357421875 254.8194427490234375 226.3473968505859375 151.8983001708984375 126.65590667724609375 86.98693084716796875 57.99439239501953125 15.94537353515625 293.354888916015625 293.962249755859375 98.12992095947265625 184.8981475830078125 242.402252197265625 179.9998321533203125 159.622955322265625 257.90478515625 284.8580322265625 164.35772705078125 176.0541229248046875 160.4623260498046875 82.94189453125 49.39839935302734375 318.1214599609375 289.057037353515625 286.653656005859375 89.54151153564453125 190.81341552734375 225.4691925048828125 129.2893218994140625 16.113767623901367188 6.3402657508850097656 190.6191864013671875 141.18829345703125 119.82688140869140625 87.87879180908203125 16.645162582397460938 351.026519775390625 326.43280029296875 35.537815093994140625
