wildfire/work/fuelmodels/1795/aspect.asc
ncols        206
nrows        282
xllcorner    171315.000000000000
yllcorner    474275.000000000000
cellsize     5.000000000000
NODATA_value   -999
[rows 209 to 227 of 282, columns 126 to 167 of 206]
282.528656005859375 209.7438812255859375 248.4980926513671875 274.027862548828125 335.32232666015625 0 0 0 0 0 0 0 255.9632568359375 255.378448486328125 0 0 314.999267578125 326.309173583984375 324.4615478515625 296.5643310546875 0 0 0 0 296.5643310546875 290.118804931640625 10.784356117248535156 44.012302398681640625 38.77414703369140625 8.745510101318359375 104.74340057373046875 110.224639892578125 339.043365478515625 325.700592041015625 313.635284423828125 110.5558319091796875 173.9662933349609375 244.8217926025390625 337.305419921875 335.486236572265625 270.578094482421875 195.8317718505859375
336.412322998046875 4.600185394287109375 322.22357177734375 304.329559326171875 295.16717529296875 280.49066162109375 272.120941162109375 254.0543365478515625 310.029449462890625 335.9549560546875 0 23.344125747680664062 351.1925048828125 314.999267578125 288.434478759765625 0 270.48065185546875 290.357574462890625 314.131195068359375 314.999267578125 314.999267578125 0 0 7.1604132652282714844 307.320404052734375 293.899261474609375 25.8662109375 65.43271636962890625 61.858226776123046875 92.38580322265625 114.11405181884765625 224.9990081787109375 293.930267333984375 331.698486328125 30.963298797607421875 100.37552642822265625 356.9869384765625 288.584259033203125 307.538665771484375 80.7539520263671875 198.4346160888671875 252.6450958251953125
337.953369140625 1.8183428049087524414 347.987640380859375 311.759521484375 296.287506103515625 309.643341064453125 282.99432373046875 280.007781982421875 303.340118408203125 310.178558349609375 21.44774627685546875 46.205963134765625 2.5448522567749023438 310.839569091796875 304.991180419921875 258.274200439453125 247.5735015869140625 233.7772369384765625 224.9994659423828125 220.03009033203125 284.533935546875 267.671600341796875 34.159580230712890625 38.61576080322265625 318.651580810546875 261.383819580078125 158.962005615234375 60.172760009765625 74.05438995361328125 105.36128997802734375 103.15059661865234375 281.069671630859375 273.01220703125 195.9448699951171875 132.482879638671875 120.1411895751953125 314.58111572265625 312.136962890625 167.0046234130859375 156.336517333984375 237.803466796875 265.134857177734375
285.94464111328125 248.6287078857421875 331.6983642578125 334.88433837890625 330.163726806640625 8.4711971282958984375 352.874176025390625 302.1514892578125 295.200408935546875 278.12921142578125 239.033111572265625 35.537792205810546875 12.407328605651855469 336.424407958984375 2.0454523563385009766 340.14404296875 282.993927001953125 269.99945068359375 275.825836181640625 198.435211181640625 219.9988555908203125 229.1507568359375 206.074951171875 128.6595611572265625 151.9272003173828125 225.9234466552734375 204.7488555908203125 158.428253173828125 101.30997467041015625 68.404510498046875 45.818210601806640625 304.63311767578125 258.929290771484375 164.9310760498046875 137.489044189453125 321.05340576171875 291.594635009765625 295.70941162109375 80.41668701171875 347.275360107421875 298.44244384765625 265.600799560546875
44.999897003173828125 304.845123291015625 315.480712890625 334.81634521484375 340.973541259765625 32.380825042724609375 14.237443923950195312 306.068511962890625 301.32794189453125 38.991352081298828125 285.2542724609375 337.165557861328125 20.806604385375976562 329.035369873046875 345.11309814453125 357.228973388671875 340.64019775390625 317.001739501953125 309.2886962890625 44.999897003173828125 179.9984893798828125 230.4686737060546875 210.2249755859375 164.85845947265625 137.38568115234375 255.9633636474609375 220.3889007568359375 221.4230499267578125 349.990966796875 76.0971832275390625 82.4761810302734375 268.31463623046875 213.110504150390625 124.82422637939453125 272.642120361328125 290.897216796875 258.689300537109375 207.349334716796875 341.56427001953125 0.6031042933464050293 332.215362548828125 344.74407958984375
329.035400390625 309.2410888671875 307.874359130859375 198.434478759765625 178.754302978515625 165.963043212890625 44.999897003173828125 291.036834716796875 294.226959228515625 51.009006500244140625 294.67633056640625 300.0679931640625 25.01670074462890625 2.1747913360595703125 315.987030029296875 334.831268310546875 326.533905029296875 317.289764404296875 314.99871826171875 328.760162353515625 18.434965133666992188 336.97344970703125 294.0748291015625 224.9958343505859375 306.15728759765625 330.94451904296875 340.61468505859375 324.352447509765625 354.288665771484375 75.52935028076171875 75.96358489990234375 272.04443359375 307.40435791015625 21.801321029663085938 308.156341552734375 311.111358642578125 41.72965240478515625 221.7289276123046875 251.5643157958984375 311.18475341796875 335.22393798828125 165.06817626953125
301.929931640625 275.709991455078125 201.800689697265625 150.667877197265625 188.695098876953125 226.3966827392578125 275.59906005859375 292.328094482421875 307.874114990234375 52.495639801025390625 288.434478759765625 281.8018798828125 354.426971435546875 15.086363792419433594 344.603912353515625 292.165496826171875 249.101715087890625 245.2245025634765625 312.08837890625 323.3653564453125 356.267791748046875 2.2544519901275634766 356.256195068359375 354.172943115234375 319.82977294921875 309.47161865234375 322.76422119140625 338.384613037109375 63.4344329833984375 75.2030181884765625 62.61246490478515625 301.327911376953125 306.86895751953125 336.80047607421875 304.411834716796875 307.9827880859375 86.185638427734375 278.129669189453125 270.534942626953125 217.234649658203125 152.0566558837890625 157.858428955078125
322.85235595703125 260.536773681640625 248.1977081298828125 358.853363037109375 348.41571044921875 341.564208984375 329.892730712890625 308.19036865234375 289.439453125 23.874940872192382812 328.78070068359375 286.95916748046875 306.0267333984375 67.9887542724609375 37.40589141845703125 304.076446533203125 337.832794189453125 318.44671630859375 302.6602783203125 176.1839599609375 228.6517791748046875 179.99993896484375 293.198272705078125 325.388153076171875 28.14156341552734375 237.2645111083984375 246.1607818603515625 148.240447998046875 123.23123931884765625 102.59995269775390625 91.59096527099609375 296.02899169921875 301.503448486328125 314.999267578125 270.784210205078125 196.5566558837890625 122.56021881103515625 274.6851806640625 281.574615478515625 124.3798065185546875 114.52753448486328125 135.0002593994140625
346.88983154296875 6.7099704742431640625 314.9993896484375 328.078399658203125 355.83941650390625 339.71673583984375 323.42620849609375 5.1944489479064941406 316.145050048828125 346.42840576171875 331.18817138671875 266.854248046875 217.234161376953125 116.5647735595703125 23.1988372802734375 287.31817626953125 307.874114990234375 311.267791748046875 272.120513916015625 105.2545318603515625 229.7632293701171875 167.0051116943359375 227.2019805908203125 256.7586669921875 86.98722076416015625 253.29986572265625 240.9446563720703125 187.1246795654296875 136.3968963623046875 119.82682037353515625 110.37603759765625 283.298248291015625 284.035858154296875 271.3968505859375 257.004425048828125 314.997894287109375 69.90488433837890625 249.3040771484375 234.7519073486328125 150.9448394775390625 73.53978729248046875 346.606842041015625
277.430877685546875 332.927215576171875 299.147369384765625 296.564300537109375 57.52848052978515625 232.1240692138671875 263.385894775390625 20.55584716796875 6.0725893974304199219 334.981781005859375 290.7716064453125 285.75042724609375 241.3885650634765625 233.6149749755859375 139.5134735107421875 234.96331787109375 235.573028564453125 181.507049560546875 198.4343109130859375 266.495758056640625 347.798858642578125 29.604455947875976562 303.995635986328125 280.304229736328125 27.474216461181640625 18.946474075317382812 187.124755859375 203.8055877685546875 142.906707763671875 85.81505584716796875 39.559429168701171875 284.035736083984375 281.022918701171875 308.6595458984375 261.870025634765625 168.1108245849609375 155.3227081298828125 184.7633514404296875 208.201171875 198.04742431640625 151.388946533203125 340.768951416015625
224.9994659423828125 240.25439453125 278.71405029296875 316.34716796875 27.050405502319335938 29.248983383178710938 232.764495849609375 209.2483978271484375 166.700927734375 186.7095489501953125 279.83282470703125 324.619232177734375 10.007863998413085938 5.1935210227966308594 39.28931427001953125 300.25579833984375 290.169921875 35.21768951416015625 277.12396240234375 245.1851654052734375 232.430816650390625 101.30937957763671875 269.999359130859375 276.3394775390625 348.689453125 105.75102996826171875 132.5632171630859375 244.3582763671875 314.999267578125 19.093461990356445312 49.635467529296875 288.43389892578125 274.02740478515625 163.810455322265625 170.78851318359375 163.473876953125 202.9883575439453125 201.0363616943359375 161.5651092529296875 202.011016845703125 193.7356414794921875 223.3145904541015625
295.768463134765625 248.197784423828125 269.21453857421875 282.050140380859375 95.4771270751953125 10.008176803588867188 7.3060388565063476562 307.785003662109375 349.46002197265625 353.783599853515625 310.3458251953125 308.8292236328125 72.75794219970703125 62.744113922119140625 309.288909912109375 292.963104248046875 239.03594970703125 187.430694580078125 315.000823974609375 231.8423309326171875 229.8299713134765625 176.632720947265625 268.9942626953125 250.1141357421875 159.10186767578125 147.0944671630859375 206.5652923583984375 301.42889404296875 314.999267578125 60.70853424072265625 98.36566162109375 261.8692626953125 260.537078857421875 112.61992645263671875 81.25469207763671875 75.46649169921875 296.80999755859375 332.2227783203125 16.47684478759765625 34.43881988525390625 89.99979400634765625 259.8748779296875
325.388153076171875 343.023681640625 289.621612548828125 306.86920166015625 59.82635498046875 315.9384765625 353.540496826171875 353.658843994140625 272.6419677734375 325.66912841796875 344.2479248046875 18.435634613037109375 82.875213623046875 42.13741302490234375 224.996734619140625 216.1577301025390625 177.5803375244140625 233.97174072265625 286.92669677734375 53.12994384765625 262.116119384765625 288.4342041015625 336.8013916015625 166.78692626953125 170.4065399169921875 235.3045196533203125 306.02667236328125 304.314544677734375 269.999359130859375 120.21710968017578125 136.022735595703125 257.195098876953125 274.76287841796875 340.114288330078125 32.5924835205078125 79.77759552001953125 263.9268798828125 278.806121826171875 51.34003448486328125 60.842876434326171875 26.221897125244140625 305.536956787109375
316.7349853515625 332.699554443359375 273.531646728515625 267.04864501953125 42.91748809814453125 322.538726806640625 347.004669189453125 107.72296142578125 240.1233673095703125 246.80072021484375 149.0361480712890625 119.475860595703125 186.3410797119140625 326.8875732421875 10.304865837097167969 18.43476104736328125 345.2557373046875 295.59332275390625 303.529815673828125 63.434604644775390625 302.904388427734375 223.430084228515625 159.7746734619140625 148.79913330078125 293.197906494140625 299.0538330078125 288.99566650390625 243.4337615966796875 157.7502593994140625 111.70519256591796875 11.307384490966796875 292.58331298828125 314.999267578125 269.999359130859375 120.96337890625 111.13936614990234375 239.88592529296875 223.351165771484375 165.4393310546875 144.3442840576171875 207.3494110107421875 272.769561767578125
214.2150115966796875 184.3982391357421875 231.562103271484375 231.800811767578125 196.1884765625 246.8008270263671875 127.03012847900390625 84.80550384521484375 309.446319580078125 266.423126220703125 219.2887420654296875 108.43491363525390625 169.5086212158203125 255.9633636474609375 317.488861083984375 40.135524749755859375 335.448944091796875 300.6500244140625 289.98260498046875 90.85474395751953125 131.0086822509765625 179.3558197021484375 191.3095703125 312.22918701171875 317.14691162109375 301.37225341796875 193.736053466796875 170.362060546875 172.4048614501953125 143.672882080078125 239.931121826171875 262.00201416015625 187.4309539794921875 163.237030029296875 144.9037322998046875 128.6593017578125 293.681396484375 244.439300537109375 170.5373687744140625 166.218109130859375 236.5913543701171875 259.3536376953125
116.5647735595703125 345.14080810546875 291.990264892578125 257.679962158203125 217.475494384765625 215.6893310546875 129.6104736328125 262.56805419921875 263.1568603515625 169.286163330078125 213.2744598388671875 189.4621734619140625 347.90380859375 266.6331787109375 177.6622314453125 179.9993743896484375 231.0536346435546875 210.25616455078125 194.16168212890625 150.9451141357421875 129.2891387939453125 267.510223388671875 302.195068359375 294.02587890625 263.046783447265625 165.962646484375 155.1360931396484375 124.21563720703125 333.43450927734375 96.34009552001953125 226.5476531982421875 240.194732666015625 169.6946563720703125 155.135772705078125 127.404876708984375 229.968841552734375 244.358001708984375 179.9995880126953125 273.812774658203125 332.4462890625 323.47039794921875 282.425262451171875
298.00860595703125 320.905548095703125 318.4324951171875 278.12890625 181.1226806640625 207.07147216796875 221.185302734375 291.97357177734375 232.123138427734375 141.63232421875 196.990509033203125 237.5284271240234375 251.5646514892578125 124.82454681396484375 146.309722900390625 241.926483154296875 206.5647430419921875 175.4257659912109375 193.09930419921875 208.6634521484375 37.56826019287109375 312.5096435546875 278.971923828125 205.4628448486328125 194.1980133056640625 210.1726226806640625 329.420013427734375 348.110382080078125 5.9061594009399414062 71.25848388671875 227.602569580078125 258.916961669921875 191.3078155517578125 89.99979400634765625 71.56488037109375 286.69915771484375 244.1786041259765625 240.9452362060546875 255.0684814453125 259.11419677734375 290.555816650390625 267.18414306640625
316.363494873046875 269.999359130859375 225.0001068115234375 221.6336212158203125 104.03589630126953125 282.652191162109375 269.999664306640625 226.6842041015625 169.2153167724609375 118.61034393310546875 265.6005859375 256.4761962890625 195.9446868896484375 153.434478759765625 325.174468994140625 0 83.9906158447265625 99.46237945556640625 294.549774169921875 300.649993896484375 19.358976364135742188 269.998382568359375 242.4464263916015625 152.3536529541015625 209.2906036376953125 262.567779541015625 289.572418212890625 316.217926025390625 81.86952972412109375 99.352630615234375 201.2502899169921875 246.249908447265625 181.041015625 178.09039306640625 157.782135009765625 192.200042724609375 235.304351806640625 271.46820068359375 295.34454345703125 246.0369873046875 232.385467529296875 184.1441192626953125
346.607147216796875 314.999786376953125 299.3568115234375 335.554779052734375 10.713082313537597656 294.44281005859375 186.519195556640625 196.448028564453125 205.8206939697265625 359.99371337890625 313.60205078125 309.804718017578125 110.77158355712890625 187.35162353515625 200.8974151611328125 175.0725555419921875 181.46868896484375 336.317138671875 308.8291015625 270.82952880859375 131.819793701171875 251.564453125 239.03594970703125 128.2890167236328125 234.4621734619140625 262.527923583984375 271.39666748046875 292.248291015625 83.88446044921875 94.170257568359375 193.23974609375 243.4342803955078125 173.4177398681640625 170.0953826904296875 152.41778564453125 215.7534637451171875 242.57061767578125 230.0787353515625 258.230926513671875 18.432720184326171875 208.8099212646484375 173.479644775390625
