wildfire/work/fuelmodels/1795/slope.asc
ncols        206
nrows        282
xllcorner    171315.000000000000
yllcorner    474275.000000000000
cellsize     5.000000000000
NODATA_value   -999
[rows 108 to 125 of 282, columns 0 to 39 of 206]
0 1.7510286569595336914 2.8615834712982177734 5.6536159515380859375 3.9333837032318115234 2.1229698657989501953 1.241299748420715332 1.6421610116958618164 1.786212921142578125 2.6645016670227050781 2.5674624443054199219 1.1472189426422119141 0.80496412515640258789 0.38710510730743408203 0.29336386919021606445 2.76214599609375 2.8846290111541748047 0.89659589529037475586 0.25654163956642150879 1.6696606874465942383 2.6179728507995605469 1.7289263010025024414 1.161251068115234375 2.0630311965942382812 0.93148171901702880859 3.6206216812133789062 1.9094339609146118164 2.9120233058929443359 1.1494232416152954102 1.374057769775390625 0.78780210018157958984 0.98791778087615966797 1.7289249897003173828 2.3844418525695800781 4.1800599098205566406 2.2063970565795898438 0.9991257786750793457 1.5671074390411376953 2.7769312858581542969 3.2498126029968261719
0 1.3498988151550292969 1.0874176025390625 2.8853363990783691406 3.9940164089202880859 1.9789153337478637695 2.3440144062042236328 1.9367885589599609375 2.7040638923645019531 1.632590174674987793 1.0695872306823730469 0.82973265647888183594 0.54093718528747558594 0.28814014792442321777 1.2735006809234619141 2.5050485134124755859 1.89239501953125 2.1379246711730957031 2.5751314163208007812 2.4864025115966796875 2.2289712429046630859 2.8057322502136230469 3.0820333957672119141 1.4388245344161987305 3.196506500244140625 4.20919036865234375 2.2479512691497802734 2.8124024868011474609 1.4841850996017456055 0.82607257366180419922 2.1466643810272216797 1.4377700090408325195 2.3859250545501708984 5.6117715835571289062 3.8983151912689208984 2.3859233856201171875 0.38448107242584228516 1.9133992195129394531 3.2091283798217773438 1.9500660896301269531
0 0.67122370004653930664 1.1472300291061401367 1.8452899456024169922 1.9417386054992675781 1.2510527372360229492 2.1466698646545410156 0.54092329740524291992 1.4855505228042602539 1.440588831901550293 1.4489948749542236328 0.92493581771850585938 0.45891490578651428223 0.50311005115509033203 1.7524651288986206055 0.84064531326293945312 1.4261060953140258789 2.3706164360046386719 2.5647070407867431641 3.6172664165496826172 3.0503795146942138672 2.1457121372222900391 2.7967102527618408203 2.4528288841247558594 3.0541968345642089844 3.9442868232727050781 1.3367125988006591797 3.3602137565612792969 2.3249454498291015625 0.71149492263793945312 2.3039631843566894531 1.8087365627288818359 1.0543287992477416992 3.4165856838226318359 0.99861323833465576172 2.8509595394134521484 0.68318915367126464844 1.6681531667709350586 1.1699361801147460938 0.76959842443466186523
0 0.521884918212890625 2.5674657821655273438 2.1336572170257568359 2.0519611835479736328 1.5667902231216430664 2.1939747333526611328 0.22273114323616027832 1.0359300374984741211 1.279852747917175293 0.79611659049987792969 0.41487395763397216797 0.58499222993850708008 0.60035783052444458008 1.7309669256210327148 0.48465770483016967773 1.1524956226348876953 1.3685135841369628906 2.1544251441955566406 4.7632131576538085938 3.6764113903045654297 0.51307237148284912109 1.0538575649261474609 1.6874544620513916016 0.48674985766410827637 3.4618330001831054688 1.4430330991744995117 3.5433282852172851562 2.1745307445526123047 0.45558369159698486328 2.1179621219635009766 0.98791033029556274414 0.51798605918884277344 2.1222515106201171875 1.3118747472763061523 1.6510753631591796875 1.6304109096527099609 2.2223849296569824219 1.7842359542846679688 1.8045313358306884766
0 0.8800633549690246582 2.1506714820861816406 2.7615933418273925781 0.94924467802047729492 0.30187687277793884277 1.8452810049057006836 0.2565453946590423584 1.0533747673034667969 0.48570430278778076172 0.98842245340347290039 1.5367833375930786133 1.5275341272354125977 1.3725707530975341797 2.0740315914154052734 1.5092083215713500977 2.1635696887969970703 2.39122772216796875 2.7397305965423583984 4.2338171005249023438 2.1988153457641601562 0.07114200294017791748 1.9099689722061157227 2.0915203094482421875 1.3260666131973266602 2.8053758144378662109 1.6424709558486938477 3.3396968841552734375 0.76630479097366333008 1.829039454460144043 1.3498996496200561523 0.82973778247833251953 0.6178213953971862793 1.3397381305694580078 1.1498626470565795898 1.0971503257751464844 1.9789106845855712891 1.9929208755493164062 3.3152499198913574219 3.171905517578125
0 1.3736841678619384766 1.8600418567657470703 3.4771208763122558594 2.6048121452331542969 0.63718295097351074219 1.5178918838500976562 0.70001333951950073242 0.7954743504524230957 0.23165063560009002686 1.0860246419906616211 1.7097991704940795898 2.564697265625 2.7105898857116699219 2.1317718029022216797 1.0107098817825317383 0.42451933026313781738 0.82115060091018676758 2.7461748123168945312 2.2341899871826171875 1.0634163618087768555 0.86848276853561401367 1.577405095100402832 1.5018048286437988281 1.4405827522277832031 3.3493702411651611328 0.59783118963241577148 1.8902579545974731445 2.5104913711547851562 1.6693705320358276367 0.38315507769584655762 1.5799731016159057617 1.4691069126129150391 0.60456889867782592773 0.81309884786605834961 0.68095803260803222656 1.6910506486892700195 1.4524728059768676758 3.592037200927734375 4.2289247512817382812
0 1.3245443105697631836 1.1994215250015258789 2.7217652797698974609 2.6096558570861816406 0.92930561304092407227 0.91834497451782226562 1.0672192573547363281 0.8655719757080078125 0.77419590950012207031 0.79738295078277587891 0.73252558708190917969 1.8665566444396972656 2.8459873199462890625 2.9675655364990234375 0.75432348251342773438 1.4913297891616821289 2.02215576171875 3.41864776611328125 0.72559553384780883789 1.9155211448669433594 1.9979969263076782227 1.2157560586929321289 1.8048073053359985352 0.60373157262802124023 3.2985930442810058594 1.3945270776748657227 1.6260628700256347656 2.3405530452728271484 2.3074676990509033203 0.644287109375 2.1849668025970458984 0.63639032840728759766 0.42453435063362121582 0.28813415765762329102 1.0325112342834472656 1.2510527372360229492 1.309170842170715332 1.3603501319885253906 3.6323144435882568359
0 1.4639310836791992188 0.73804241418838500977 2.3232059478759765625 3.7120966911315917969 1.813761591911315918 0.94227969646453857422 0.89602059125900268555 0.57363325357437133789 0.071152858436107635498 1.2826180458068847656 2.251556396484375 1.356627345085144043 1.7785514593124389648 3.3906049728393554688 1.1330115795135498047 1.9748218059539794922 3.1552836894989013672 3.7848544120788574219 1.0576900243759155273 2.0234091281890869141 2.7526142597198486328 1.2790533304214477539 0.79610443115234375 0.24851712584495544434 2.7573823928833007812 1.5075297355651855469 3.6805388927459716797 2.3433675765991210938 1.5482702255249023438 1.1581858396530151367 1.2810369729995727539 2.3644299507141113281 1.8988100290298461914 0.4980487525463104248 1.3592383861541748047 1.8008849620819091797 2.322116851806640625 0.41852477192878723145 2.0630238056182861328
0 0.75633591413497924805 1.1913739442825317383 0.69785678386688232422 3.5329124927520751953 2.4692659378051757812 2.9840435981750488281 2.4864072799682617188 1.1772619485855102539 1.4300044775009155273 1.9766139984130859375 1.4121924638748168945 1.1564466953277587891 1.0270997285842895508 2.2916436195373535156 1.664812922477722168 0.61781984567642211914 2.6179673671722412109 4.3596100807189941406 1.9430536031723022461 2.6648819446563720703 2.73529052734375 0.67498391866683959961 0.26239073276519775391 0.57363528013229370117 2.6728365421295166016 0.67122489213943481445 3.9920001029968261719 0.90501958131790161133 2.4371004104614257812 1.1244875192642211914 0.24233737587928771973 0.56921267509460449219 2.8183314800262451172 1.7521793842315673828 0.23165063560009002686 0.25456359982490539551 2.1670753955841064453 3.0616374015808105469 2.0166430473327636719
0 0.2249978184700012207 1.2885234355926513672 0.60373157262802124023 1.962490081787109375 2.2298862934112548828 2.7180464267730712891 3.4508657455444335938 2.5837540626525878906 2.584735870361328125 2.143131256103515625 1.3499039411544799805 0.74554014205932617188 1.0364174842834472656 0.93635696172714233398 1.9320870637893676758 1.4831552505493164062 0.61781489849090576172 2.7476456165313720703 3.4401714801788330078 4.4752206802368164062 3.1567215919494628906 2.4445600509643554688 1.5515284538269042969 0.090002030134201049805 2.4969654083251953125 0.10062147676944732666 3.2746026515960693359 1.2392594814300537109 2.4661865234375 1.7472664117813110352 1.1208934783935546875 1.7648410797119140625 2.7681839466094970703 3.9997115135192871094 0.29336121678352355957 0.5492947697639465332 1.1356905698776245117 4.5464792251586914062 2.4103827476501464844
0 0.69784325361251831055 1.1177147626876831055 1.5748375654220581055 2.1670703887939453125 1.7501615285873413086 0.4185307621955871582 1.7324287891387939453 2.5389263629913330078 1.7671306133270263672 2.2098321914672851562 0.60036939382553100586 1.1568872928619384766 3.0779283046722412109 2.6926314830780029297 1.9531812667846679688 1.7544865608215332031 3.5494480133056640625 4.4057831764221191406 2.7046184539794921875 4.697315216064453125 3.7122292518615722656 0.72558706998825073242 1.0359255075454711914 1.2986907958984375 3.2017238140106201172 2.2710125446319580078 3.0951256752014160156 1.9766080379486083984 3.6764113903045654297 1.864383697509765625 0.59783118963241577148 2.6402919292449951172 2.8267462253570556641 4.04677581787109375 0.64429432153701782227 2.0929708480834960938 2.9840385913848876953 3.9115042686462402344 1.9511057138442993164
0 1.7524605989456176758 1.7845120429992675781 2.3243000507354736328 1.7121651172637939453 2.9719922542572021484 2.5753309726715087891 2.6086826324462890625 2.5058429241180419922 1.2534729242324829102 2.6241538524627685547 1.1045171022415161133 1.4984399080276489258 4.199092864990234375 0.96929526329040527344 0.70435160398483276367 1.9157773256301879883 2.4348096847534179688 1.1405792236328125 0.77025663852691650391 3.1846294403076171875 3.3894038200378417969 2.0383493900299072266 1.1926395893096923828 3.366519927978515625 3.2287583351135253906 3.9423625469207763672 4.0275082588195800781 1.7963836193084716797 5.0351405143737792969 2.6395244598388671875 1.242527008056640625 2.708545684814453125 4.0924305915832519531 2.0642514228820800781 0.76959842443466186523 1.6739060878753662109 4.2532033920288085938 2.3742358684539794922 1.7785463333129882812
0 0.45891490578651428223 1.807892918586730957 1.6204569339752197266 0.031826604157686233521 0.85675221681594848633 2.0973172187805175781 4.0447683334350585938 2.8429646492004394531 1.981732487678527832 2.2155478000640869141 0.67498993873596191406 1.1494226455688476562 3.5813355445861816406 0.6978537440299987793 0.47303414344787597656 1.3977810144424438477 2.6790645122528076172 0.99607521295547485352 2.0153877735137939453 3.4619817733764648438 4.30322265625 1.0271037817001342773 0.54928773641586303711 4.5597696304321289062 1.4057320356369018555 4.3419885635375976562 3.4962494373321533203 1.9141967296600341797 4.1063370704650878906 2.2721376419067382812 1.9617128372192382812 2.7703688144683837891 1.8532241582870483398 0.76498568058013916016 0.85970407724380493164 2.7174866199493408203 2.5373339653015136719 0.89602798223495483398 3.1890606880187988281
0 1.9604175090789794922 1.9666010141372680664 2.5307538509368896484 2.7871162891387939453 3.6343975067138671875 2.6204743385314941406 3.4619731903076171875 4.2461977005004882812 1.7103925943374633789 1.0186802148818969727 1.3260666131973266602 2.2607436180114746094 3.0329344272613525391 1.2810338735580444336 1.1977165937423706055 1.3184108734130859375 1.4510787725448608398 1.8867690563201904297 2.5096881389617919922 1.1772657632827758789 5.2665715217590332031 1.619832158088684082 0.23165063560009002686 3.4549608230590820312 1.5987509489059448242 3.2168467044830322266 1.664813995361328125 1.1177263259887695312 3.9267053604125976562 2.0718388557434082031 0.24851325154304504395 2.7085390090942382812 2.2513301372528076172 0.95668125152587890625 1.7133504152297973633 1.7394286394119262695 0.7954775691032409668 0.69493961334228515625 5.5795536041259765625
0 1.229419708251953125 0.73460036516189575195 0.77024543285369873047 0.85674899816513061523 0.81495451927185058594 0.9249331355094909668 3.4477965831756591797 4.2953629493713378906 1.7124562263488769531 1.7192356586456298828 1.8781744241714477539 2.3474581241607666016 1.560313105583190918 0.98842394351959228516 1.6063295602798461914 1.2671242952346801758 0.44319730997085571289 1.8411686420440673828 0.99861532449722290039 3.5037562847137451172 4.8266396522521972656 1.3666753768920898438 0.40748655796051025391 1.6088526248931884766 1.4913227558135986328 1.2149368524551391602 1.161252140998840332 0.14230293035507202148 3.9458193778991699219 1.2538808584213256836 1.2094962596893310547 3.1107573509216308594 2.4447600841522216797 1.5367753505706787109 0.9460347294807434082 1.4246808290481567383 1.2869362831115722656 1.7614028453826904297 4.7998151779174804688
0 1.6251348257064819336 1.5603177547454833984 0.85377907752990722656 0.68318092823028564453 0.66211211681365966797 0.063641056418418884277 4.0925502777099609375 3.1808135509490966797 3.4044320583343505859 2.3046185970306396484 1.5092083215713500977 2.3742392063140869141 0.85911011695861816406 1.2631258964538574219 1.936794281005859375 1.0504876375198364258 1.5978058576583862305 2.70461273193359375 2.5209429264068603516 3.0879297256469726562 3.1229248046875 1.8730489015579223633 2.0701198577880859375 1.9344323873519897461 1.1472089290618896484 1.1244845390319824219 1.4680713415145874023 1.5716201066970825195 3.5513026714324951172 0.82974237203598022461 1.4855508804321289062 3.2147917747497558594 2.8804118633270263672 1.2607195377349853516 1.0147060155868530273 2.0932126045227050781 3.0397589206695556641 2.5646986961364746094 2.5209560394287109375
0 0.51405507326126098633 1.7315568923950195312 1.6993961334228515625 0.61205178499221801758 0.31338664889335632324 0.83278793096542358398 3.5513007640838623047 3.5581204891204833984 5.089321136474609375 1.7524787187576293945 1.1370295286178588867 3.0031201839447021484 1.6745114326477050781 0.74554866552352905273 1.9218451976776123047 1.1836936473846435547 2.4544706344604492188 2.9087152481079101562 2.0876436233520507812 2.4845757484436035156 2.0234050750732421875 1.1772682666778564453 1.4430316686630249023 2.6479287147521972656 2.9772484302520751953 1.4317680597305297852 0.29336977005004882812 2.9408674240112304688 2.1794056892395019531 2.2198755741119384766 1.5825331211090087891 2.8167099952697753906 3.0576555728912353516 2.1569960117340087891 1.1994103193283081055 0.70290559530258178711 2.7293622493743896484 2.0423195362091064453 2.4569458961486816406
0 1.8529480695724487305 1.1208851337432861328 2.7085344791412353516 0.89828252792358398438 0.75431531667709350586 1.0860269069671630859 2.98284912109375 2.7408258914947509766 4.4964756965637207031 1.535470128059387207 2.0524599552154541016 4.03540802001953125 1.1494171619415283203 1.98606109619140625 1.1913739442825317383 3.1301951408386230469 2.8057377338409423828 2.3861455917358398438 1.5048439502716064453 1.9027936458587646484 1.1529345512390136719 1.6696772575378417969 2.6404774188995361328 2.1731286048889160156 1.7799687385559082031 2.3249378204345703125 1.4711738824844360352 2.1279735565185546875 2.1768484115600585938 1.5007938146591186523 2.0246574878692626953 2.1006939411163330078 0.7954756617546081543 1.8684508800506591797 1.7501544952392578125 0.76960670948028564453 1.0061813592910766602 2.0234038829803466797 1.9438314437866210938
