wildfire/work/fuelmodels/1795/slope.asc
ncols        206
nrows        282
xllcorner    171315.000000000000
yllcorner    474275.000000000000
cellsize     5.000000000000
NODATA_value   -999
[rows 72 to 89 of 282, columns 160 to 199 of 206]
3.3255968093872070312 3.4244086742401123047 2.7402729988098144531 2.4937205314636230469 1.9573234319686889648 3.8118565082550048828 5.0308499336242675781 3.8479785919189453125 3.2149462699890136719 3.9875733852386474609 5.2787966728210449219 5.8245997428894042969 6.6763124465942382812 6.4803986549377441406 5.2591981887817382812 6.1428666114807128906 6.2234973907470703125 3.0503783226013183594 2.6231658458709716797 0.81560409069061279297 3.56380462646484375 6.4355688095092773438 4.4101476669311523438 3.3611261844635009766 2.9003818035125732422 3.1036171913146972656 4.8449926376342773438 6.2937483787536621094 5.5780210494995117188 3.7436616420745849609 2.6728358268737792969 2.2298734188079833984 3.5307383537292480469 2.6679055690765380859 3.9799568653106689453 4.4366092681884765625 3.3443918228149414062 2.2486400604248046875 2.2710170745849609375 1.802005767822265625
3.3401608467102050781 2.9279510974884033203 3.7017416954040527344 4.3489532470703125 3.2815418243408203125 2.1605215072631835938 3.6957364082336425781 3.432811737060546875 2.0715856552124023438 1.7133438587188720703 0.65597522258758544922 0.80496603250503540039 1.7207202911376953125 2.7637870311737060547 1.9326140880584716797 2.2535758018493652344 1.8020066022872924805 2.0472869873046875 2.8486480712890625 1.1977204084396362305 3.1758892536163330078 2.1229586601257324219 2.5149254798889160156 3.6428780555725097656 4.9210033416748046875 5.3509573936462402344 4.8707304000854492188 5.4833831787109375 4.6779384613037109375 3.9451818466186523438 3.0872797966003417969 2.1296217441558837891 2.9656713008880615234 0.50310313701629638672 1.5619436502456665039 2.87075042724609375 2.5443120002746582031 2.7987132072448730469 2.6616590023040771484 2.0679306983947753906
2.9071547985076904297 2.5169374942779541016 3.8807873725891113281 5.1252436637878417969 3.2331397533416748047 3.0867834091186523438 3.8135673999786376953 2.9029793739318847656 2.7230646610260009766 1.4649642705917358398 1.0201760530471801758 1.5367968082427978516 2.0912995338439941406 2.6948807239532470703 2.1336586475372314453 1.1136314868927001953 1.1789801120758056641 2.5331568717956542969 3.6008944511413574219 4.3802890777587890625 4.7711467742919921875 2.1083827018737792969 0.47303250432014465332 3.5037553310394287109 6.9718966484069824219 7.83776092529296875 6.0885829925537109375 5.174190521240234375 3.4350206851959228516 2.6873681545257568359 2.5768985748291015625 2.6032564640045166016 2.4279477596282958984 1.3978006839752197266 1.6599441766738891602 1.2554880380630493164 1.4246898889541625977 2.2155499458312988281 1.9941993951797485352 2.2513296604156494141
2.0353693962097167969 1.2178397178649902344 1.8982770442962646484 3.3327298164367675781 3.6261892318725585938 3.9875760078430175781 3.0831811428070068359 2.8374493122100830078 3.8114538192749023438 1.6874483823776245117 1.9573234319686889648 2.108867645263671875 2.8653073310852050781 2.8008809089660644531 2.1858966350555419922 2.7905602455139160156 3.1153090000152587891 2.8166940212249755859 2.7263972759246826172 3.1269612312316894531 4.0803027153015136719 3.7876539230346679688 1.1836874485015869141 5.1481080055236816406 4.2383370399475097656 3.5734355449676513672 2.5195434093475341797 1.2986928224563598633 1.3916188478469848633 1.4331740140914916992 1.1154481172561645508 1.0667455196380615234 2.2696764469146728516 2.23736572265625 2.1849699020385742188 1.7309759855270385742 1.0934675931930541992 0.8965905308723449707 1.083691716194152832 1.530507206916809082
2.1960484981536865234 2.5331575870513916016 2.9787828922271728516 2.3277616500854492188 1.6154388189315795898 4.4358162879943847656 2.647945404052734375 1.2474082708358764648 3.4195332527160644531 2.8615827560424804688 2.8869116306304931641 1.9555045366287231445 1.8770846128463745117 2.6961917877197265625 1.1879616975784301758 1.6745039224624633789 2.6995708942413330078 4.0772328376770019531 4.6387529373168945312 4.1775159835815429688 3.4807388782501220703 4.2365450859069824219 4.1906604766845703125 4.1396393775939941406 4.1523222923278808594 2.2643325328826904297 1.6424912214279174805 0.51309561729431152344 0.66894668340682983398 1.2128213644027709961 1.8455698490142822266 2.1745250225067138672 2.0701169967651367188 1.1370334625244140625 1.5301824808120727539 1.4189847707748413086 1.1494176387786865234 1.448988795280456543 1.8463923931121826172 0.86906188726425170898
2.9472186565399169922 1.3295025825500488281 2.1066997051239013672 2.2070760726928710938 1.3382236957550048828 4.0114383697509765625 2.7885727882385253906 1.1977258920669555664 1.3291189670562744141 2.9656796455383300781 1.9969764947891235352 0.25654691457748413086 0.79036504030227661133 2.2086739540100097656 2.03835296630859375 1.5088598728179931641 1.5671019554138183594 2.0679218769073486328 4.1665124893188476562 5.0764226913452148438 4.3886919021606445312 3.7714910507202148438 5.6520190238952636719 5.3301000595092773438 2.7540810108184814453 1.6498473882675170898 3.0192539691925048828 2.3912227153778076172 1.8496628999710083008 1.9924169778823852539 2.6410703659057617188 2.1028597354888916016 1.5651729106903076172 0.73253226280212402344 1.3666644096374511719 1.4635790586471557617 1.7440769672393798828 2.2132580280303955078 2.0603270530700683594 1.3423871994018554688
3.8734893798828125 2.0472733974456787109 1.3382292985916137695 2.3133821487426757812 2.3765726089477539062 3.0349359512329101562 2.7740290164947509766 1.894268035888671875 1.5208991765975952148 0.95721042156219482422 2.0123805999755859375 0.68022751808166503906 1.7913179397583007812 2.7763922214508056641 2.5658817291259765625 2.4618778228759765625 2.1400551795959472656 1.124936223030090332 3.5959758758544921875 2.8188498020172119141 3.1884381771087646484 2.4661705493927001953 2.8862023353576660156 3.2188956737518310547 2.032649993896484375 3.4195399284362792969 4.1610493659973144531 3.3316771984100341797 2.3706297874450683594 2.3299601078033447266 1.6238880157470703125 1.3184149265289306641 0.61123073101043701172 0.52670949697494506836 2.1239206790924072266 2.1951267719268798828 1.7930032014846801758 1.9017316102981567383 1.7918702363967895508 1.8090163469314575195
5.1710638999938964844 4.6141018867492675781 1.7498785257339477539 1.823498845100402832 1.9228904247283935547 3.2524614334106445312 3.3255982398986816406 2.3517661094665527344 1.7192389965057373047 1.2607177495956420898 1.974827885627746582 2.5647158622741699219 2.1682550907135009766 1.760251164436340332 1.7440675497055053711 1.9184154272079467773 3.0576682090759277344 3.5602626800537109375 6.2516393661499023438 2.4078664779663085938 1.5974972248077392578 1.2551000118255615234 1.4032119512557983398 2.1067011356353759766 1.310711979866027832 2.9733519554138183594 1.5463035106658935547 3.6739423274993896484 2.7230741977691650391 2.2461600303649902344 1.6946243047714233398 1.8134824037551879883 1.1738159656524658203 1.5275386571884155273 2.9752161502838134766 2.1691687107086181641 1.9017316102981567383 2.0803606510162353516 1.4841841459274291992 0.99403840303421020508
2.4845767021179199219 4.9760212898254394531 1.905986785888671875 2.2153117656707763672 1.4229019880294799805 2.6576573848724365234 3.4119887351989746094 1.4229080677032470703 1.3457683324813842773 1.4597703218460083008 1.8115271329879760742 1.6012898683547973633 1.2474044561386108398 1.428946375846862793 0.66897028684616088867 1.8665406703948974609 3.3793990612030029297 0.74553543329238891602 6.5823950767517089844 3.8949379920959472656 2.2854464054107666016 1.8137847185134887695 1.3766425848007202148 2.1544294357299804688 2.8312094211578369141 3.5337767601013183594 3.2063004970550537109 3.9319813251495361328 3.8237578868865966797 3.3455901145935058594 2.6532738208770751953 2.8165366649627685547 2.9243149757385253906 2.9408550262451171875 2.3013300895690917969 1.570660710334777832 2.1971936225891113281 2.4164636135101318359 2.1972091197967529297 1.551533818244934082
1.1099952459335327148 3.4758136272430419922 1.8835606575012207031 2.8326389789581298828 1.8924027681350708008 1.6865522861480712891 2.9320819377899169922 1.6745097637176513672 1.1668976545333862305 0.84724354743957519531 1.466693878173828125 1.8584035634994506836 1.490304112434387207 1.129881739616394043 1.2115856409072875977 2.9629490375518798828 2.3334028720855712891 1.4189913272857666016 4.1526761054992675781 2.7066760063171386719 2.5498750209808349609 3.4932100772857666016 3.3614077568054199219 2.4154193401336669922 1.6946414709091186523 3.0542006492614746094 3.3083775043487548828 3.3334865570068359375 3.9050388336181640625 3.7222988605499267578 2.9948694705963134766 2.5107042789459228516 1.838965296745300293 1.7324157953262329102 1.8356589078903198242 2.2810063362121582031 2.6433358192443847656 2.3083579540252685547 2.5678515434265136719 2.9784374237060546875
2.4831519126892089844 2.9170427322387695312 1.3948944807052612305 2.9336423873901367188 3.8483784198760986328 2.7386119365692138672 2.9935088157653808594 2.2278425693511962891 1.9531764984130859375 1.2094962596893310547 1.3423799276351928711 1.3766291141510009766 1.8923968076705932617 1.0934555530548095703 2.324939727783203125 3.6441087722778320312 3.7271611690521240234 3.1088106632232666016 3.1196856498718261719 2.9711356163024902344 2.5018174648284912109 2.9887712001800537109 2.9609153270721435547 3.1602494716644287109 1.1026865243911743164 2.3935399055480957031 3.0192296504974365234 2.2391555309295654297 2.6462066173553466797 3.1326181888580322266 2.8946070671081542969 1.8257174491882324219 0.9899527430534362793 1.4246834516525268555 2.1805751323699951172 2.4464211463928222656 2.0689005851745605469 2.5058646202087402344 2.0405852794647216797 2.6775608062744140625
2.9161784648895263672 2.1682360172271728516 1.8800588846206665039 2.4103894233703613281 3.8797454833984375 3.7120907306671142578 3.2389109134674072266 1.8477621078491210938 1.9112873077392578125 1.4690948724746704102 0.52477550506591796875 0.46330404281616210938 1.2474009990692138672 2.3748712539672851562 1.8781682252883911133 0.57626843452453613281 1.4289357662200927734 2.0173978805541992188 1.9979928731918334961 2.0403304100036621094 1.5936728715896606445 1.2376204729080200195 2.4120759963989257812 3.5277578830718994141 2.9914906024932861328 3.4350173473358154297 3.8637015819549560547 2.6479346752166748047 2.3571345806121826172 2.5133032798767089844 1.9789041280746459961 2.2280626296997070312 2.8877913951873779297 2.0871739387512207031 1.9534535408020019531 2.0153951644897460938 1.6826492547988891602 2.2155442237854003906 0.41487395763397216797 2.699192047119140625
2.595661163330078125 2.4896612167358398438 2.90419769287109375 2.7659945487976074219 3.7795271873474121094 3.726222991943359375 3.2909154891967773438 1.8022892475128173828 1.1249490976333618164 1.7005957365036010742 1.5495698451995849609 0.92492765188217163086 1.4292883872985839844 1.3325361013412475586 0.74282300472259521484 0.61205714941024780273 0.75632846355438232422 1.1258410215377807617 1.1564466953277587891 1.4903099536895751953 1.6790244579315185547 0.10062532126903533936 0.87545162439346313477 3.4864089488983154297 4.3896145820617675781 3.1172614097595214844 3.7607674598693847656 2.6055877208709716797 2.3799948692321777344 2.5419259071350097656 2.0725636482238769531 3.3593094348907470703 3.8562433719635009766 3.2722861766815185547 2.1914396286010742188 2.134136199951171875 2.0204062461853027344 1.6022295951843261719 0.38709911704063415527 2.4692618846893310547
2.2378034591674804688 2.4051373004913330078 1.9344409704208374023 1.6304109096527099609 4.2517762184143066406 3.9759120941162109375 3.16695404052734375 2.329936981201171875 0.74283242225646972656 0.48151543736457824707 0.69785124063491821289 0.85378986597061157227 1.2195031642913818359 0.896026611328125 1.3498988151550292969 1.1113618612289428711 1.7103906869888305664 1.4691078662872314453 0.55661970376968383789 1.8551403284072875977 2.0053231716156005859 1.705344080924987793 0.96772074699401855469 1.3412482738494873047 1.1190702915191650391 2.7446918487548828125 3.6609892845153808594 1.9842767715454101562 2.4070372581481933594 2.4476673603057861328 1.7570910453796386719 2.2137188911437988281 1.2223985195159912109 2.8369097709655761719 3.0800580978393554688 2.1775457859039306641 1.2667300701141357422 0.72558969259262084961 1.0127046108245849609 2.2696781158447265625
1.6251237392425537109 0.73459303379058837891 0.79738295078277587891 0.28814014792442321777 3.7512147426605224609 5.54396820068359375 3.787525177001953125 3.1172544956207275391 2.4196121692657470703 0.896026611328125 0.86556619405746459961 1.1824183464050292969 0.04500102996826171875 0.47729137539863586426 0.71149492263793945312 0.95668083429336547852 3.0371057987213134766 1.8513031005859375 2.1967520713806152344 0.64350748062133789062 1.3103270530700683594 2.3867690563201904297 1.8137552738189697266 0.68096393346786499023 2.4348125457763671875 3.3862690925598144531 1.5911487340927124023 0.87371659278869628906 1.2826141119003295898 1.8673672676086425781 1.3662914037704467773 1.3696200847625732422 1.6593259572982788086 2.2962708473205566406 2.5229542255401611328 1.7913016080856323242 0.80495649576187133789 0.49806505441665649414 1.5515309572219848633 2.2153155803680419922
2.5892274379730224609 0.65520268678665161133 0.42690047621726989746 1.2115916013717651367 1.7799715995788574219 5.2004194259643554688 3.5858485698699951172 3.3262007236480712891 3.5642282962799072266 2.715816497802734375 1.5085382461547851562 1.2986887693405151367 2.0519664287567138672 1.1298805475234985352 1.3153386116027832031 0.63956803083419799805 2.4528224468231201172 3.6737971305847167969 2.1710267066955566406 0.40748181939125061035 0.73459851741790771484 1.2095041275024414062 1.7739919424057006836 2.8972198963165283203 5.2477750778198242188 3.7235083580017089844 1.9354815483093261719 1.0437188148498535156 1.2157611846923828125 2.0531954765319824219 2.0121212005615234375 2.3197114467620849609 2.5104963779449462891 2.3810508251190185547 2.4969654083251953125 2.4143736362457275391 2.1229660511016845703 1.9131450653076171875 1.9067807197570800781 2.4747815132141113281
1.5357949733734130859 0.48465770483016967773 0.94443243741989135742 0.24852566421031951904 2.2768073081970214844 3.0192320346832275391 2.7158119678497314453 2.6096551418304443359 2.7936320304870605469 2.7776665687561035156 0.91114521026611328125 1.0691215991973876953 2.9239773750305175781 1.22942352294921875 1.2671267986297607422 0.28459969162940979004 0.75632846355438232422 1.2502372264862060547 2.3637769222259521484 2.5149254798889160156 1.1405874490737915039 1.2445708513259887695 1.3956185579299926758 3.8668415546417236328 2.9187788963317871094 1.7221833467483520508 2.2118885517120361328 3.1763560771942138672 2.5538263320922851562 2.5259556770324707031 1.9789167642593383789 1.7799770832061767578 1.659331202507019043 2.2643144130706787109 2.4747817516326904297 3.1413207054138183594 2.5155277252197265625 2.5474946498870849609 2.6032574176788330078 2.7689065933227539062
0.88408273458480834961 0.6985657811164855957 1.6359897851943969727 0.51010441780090332031 1.9534454345703125 1.6325734853744506836 2.1450152397155761719 1.8835606575012207031 2.6775562763214111328 3.7186222076416015625 1.4875890016555786133 0.45223769545555114746 2.2479567527770996094 1.6970175504684448242 1.6310315132141113281 0.59443628787994384766 0.99607789516448974609 0.41488003730773925781 1.539423823356628418 2.1035773754119873047 1.8665566444396972656 0.7380415797233581543 1.7507376670837402344 3.3251469135284423828 1.2502356767654418945 2.1960508823394775391 2.1530160903930664062 1.7963805198669433594 1.8897225856781005859 2.3646352291107177734 2.2223889827728271484 1.0325078964233398438 1.1977264881134033203 2.1485400199890136719 0.63718295097351074219 1.6304033994674682617 2.1513688564300537109 2.9210314750671386719 2.9774312973022460938 2.4348125457763671875
