wildfire/work/fuelmodels/1795/slope.asc
ncols        206
nrows        282
xllcorner    171315.000000000000
yllcorner    474275.000000000000
cellsize     5.000000000000
NODATA_value   -999
[rows 180 to 197 of 282, columns 160 to 199 of 206]
1.40860748291015625 0.43279424309730529785 1.9860560894012451172 2.6177768707275390625 1.1879682540893554688 1.1285361051559448242 1.3945319652557373047 0.20123887062072753906 1.431769251823425293 2.5251567363739013672 1.1776919364929199219 0.93635797500610351562 0.58412557840347290039 1.3707318305969238281 0.52187639474868774414 0.88636964559555053711 1.1131801605224609375 0.52477848529815673828 2.8608787059783935547 3.1172618865966796875 1.1913739442825317383 2.6728296279907226562 2.0121278762817382812 1.5275266170501708984 0.9422785639762878418 1.4299907684326171875 0.91834050416946411133 0.262386322021484375 0.45890986919403076172 2.2050125598907470703 3.1801779270172119141 1.2607247829437255859 1.0186864137649536133 2.4114489555358886719 1.4739121198654174805 0.57362484931945800781 2.0033025741577148438 1.6050751209259033203 2.497776031494140625 2.9170427322387695312
0.90445816516876220703 1.1026738882064819336 2.292728424072265625 2.6820881366729736328 0.24233418703079223633 1.712454676628112793 1.5324928760528564453 2.5615403652191162109 0.70074796676635742188 1.980959773063659668 0.93580937385559082031 0.26239809393882751465 0.36279463768005371094 1.2006789445877075195 0.42452982068061828613 1.4984334707260131836 2.1222491264343261719 2.7674493789672851562 5.2243018150329589844 3.0938208103179931641 2.4348180294036865234 2.1179537773132324219 2.2223849296569824219 1.253477931022644043 0.21345822513103485107 1.3233892917633056641 0.88751113414764404297 1.1081686019897460938 3.6378769874572753906 5.2608280181884765625 3.0780978202819824219 0.71150195598602294922 1.0152013301849365234 1.6886556148529052734 1.6238760948181152344 0.31819549202919006348 1.5195637941360473633 1.7524731159210205078 1.2355786561965942383 2.4371004104614257812
0.92274594306945800781 0.52957963943481445312 2.2063875198364257812 2.6790719032287597656 0.62515097856521606445 1.8641124963760375977 1.2731097936630249023 2.6032528877258300781 1.2671312093734741211 1.6865522861480712891 0.89148974418640136719 1.3091679811477661133 1.2599164247512817383 0.22499953210353851318 1.0818216800689697266 1.9448684453964233398 1.7570803165435791016 2.0033061504364013672 3.3618717193603515625 0.26239073276519775391 2.1064689159393310547 1.4666879177093505859 0.95508855581283569336 0.64428889751434326172 1.2178415060043334961 2.6208693981170654297 2.6177823543548583984 2.9307053089141845703 4.0067791938781738281 2.4385535717010498047 0.94603842496871948242 0.50311315059661865234 1.4977623224258422852 0.6742369532585144043 1.5822045803070068359 1.309170842170715332 0.8999665379524230957 1.655673980712890625 0.66896796226501464844 1.5125558376312255859
1.1772676706314086914 1.0934555530548095703 2.3396866321563720703 1.6421673297882080078 1.1249380111694335938 1.5088598728179931641 1.0112034082412719727 2.3534817695617675781 1.5641989707946777344 1.1879616975784301758 0.70434969663619995117 1.3287312984466552734 0.96300923824310302734 0.70073944330215454102 1.3233866691589355469 1.6223213672637939453 1.3427568674087524414 1.2027815580368041992 1.7133486270904541016 2.2984771728515625 1.0422697067260742188 0.86439615488052368164 1.8444728851318359375 2.4717223644256591797 3.1010024547576904297 3.4420697689056396484 2.2271604537963867188 2.2070820331573486328 2.0023052692413330078 0.62757223844528198242 0.98790878057479858398 1.8966655731201171875 1.5590076446533203125 0.87775492668151855469 1.3681410551071166992 1.2798444032669067383 1.018687129020690918 1.3141839504241943359 0.63956254720687866211 0.60790312290191650391
2.1150934696197509766 2.1150875091552734375 2.2925157546997070312 0.74554085731506347656 0.77484232187271118164 2.1935138702392578125 1.1031334400177001953 2.4845750331878662109 1.3412492275238037109 0.95456194877624511719 1.250243067741394043 1.9801899194717407227 2.2933986186981201172 1.0596011877059936523 1.8665482997894287109 1.9911502599716186523 1.3457683324813842773 0.54372942447662353516 0.38183805346488952637 1.7682757377624511719 2.3609964847564697266 2.5084860324859619141 2.5774891376495361328 2.3101022243499755859 2.2280683517456054688 2.0929708480834960938 1.4356524944305419922 1.7524733543395996094 1.2778688669204711914 1.2115797996520996094 1.3897930383682250977 0.88464838266372680664 1.1524956226348876953 1.7005939483642578125 1.8078954219818115234 0.9358227849006652832 1.0874247550964355469 0.7269789576530456543 0.78005135059356689453 0.99912595748901367188
2.0063304901123046875 1.9367871284484863281 1.282609105110168457 0.62514507770538330078 0.80997526645660400391 1.6790273189544677734 1.2826157808303833008 2.6608855724334716797 0.84545224905014038086 1.1981490850448608398 1.0543287992477416992 1.5446630716323852539 0.80997526645660400391 0.90445816516876220703 2.8210065364837646484 2.7999656200408935547 1.532497406005859375 0.92766839265823364258 1.8159976005554199219 3.3401548862457275391 2.9161899089813232422 1.9555145502090454102 1.3457623720169067383 1.3861482143402099609 1.0201755762100219727 0.90446114540100097656 1.9352262020111083984 1.3861516714096069336 0.44999536871910095215 0.62756699323654174805 0.65597224235534667969 0.24232622981071472168 1.1258406639099121094 1.3725793361663818359 0.14230564236640930176 0.47302839159965515137 2.1960508823394775391 3.6947791576385498047 3.3786599636077880859 0.94924163818359375
1.1423490047454833984 0.98791033029556274414 0.20374195277690887451 0.31819066405296325684 0.61453354358673095703 0.37243834137916564941 2.1967442035675048828 1.722174525260925293 0.27372127771377563477 1.3412516117095947266 1.7671295404434204102 1.2873322963714599609 0.6267681121826171875 1.4229019880294799805 2.5474886894226074219 1.7671329975128173828 0.65596842765808105469 1.2798428535461425781 1.9302524328231811523 2.3223273754119873047 0.82607257366180419922 0.38315957784652709961 1.3813878297805786133 1.5075193643569946289 0.77484029531478881836 1.3080068826675415039 1.3517731428146362305 1.377368927001953125 1.0201764106750488281 0.70074248313903808594 1.1807063817977905273 1.0691167116165161133 0.89149564504623413086 0.89319133758544921875 1.0957653522491455078 1.462543487548828125 1.7405923604965209961 1.7682816982269287109 3.4565761089324951172 3.3624641895294189453
1.0061813592910766602 0.31338664889335632324 0.65596634149551391602 0.33825075626373291016 0.6395613551139831543 0.54187119007110595703 1.7997584342956542969 1.1249371767044067383 0.66896367073059082031 1.3287411928176879883 1.3592437505722045898 0.58499658107757568359 1.2502356767654418945 1.938363194465637207 2.2353227138519287109 1.9617049694061279297 1.4957305192947387695 1.7124575376510620117 2.2607481479644775391 1.9789106845855712891 1.323393702507019043 1.6424725055694580078 1.8770906925201416016 1.2094956636428833008 0.81558632850646972656 1.4913297891616821289 1.1067981719970703125 1.3355755805969238281 1.4317729473114013672 1.6229528188705444336 2.0371115207672119141 1.7394241094589233398 2.5259547233581542969 2.3952329158782958984 1.6101130247116088867 2.6156589984893798828 1.3141832351684570312 1.4875885248184204102 1.0504815578460693359 3.6277222633361816406
1.0533798933029174805 0.73252958059310913086 0.79611033201217651367 0.74214041233062744141 1.0538523197174072266 1.0246305465698242188 2.0465269088745117188 2.1642601490020751953 1.626057744026184082 1.5118882656097412109 1.9500715732574462891 1.5974886417388916016 1.4046454429626464844 1.8381509780883789062 2.6328012943267822266 1.9676276445388793945 0.88636964559555053711 1.5987623929977416992 2.4162580966949462891 2.2198781967163085938 2.0353803634643554688 2.2398500442504882812 1.2806435823440551758 0.32449731230735778809 1.1285418272018432617 1.7227697372436523438 1.5741956233978271484 1.8411763906478881836 1.88140869140625 1.9472155570983886719 1.691042780876159668 1.0576914548873901367 1.4639308452606201172 2.3912141323089599609 3.6688408851623535156 2.5106930732727050781 1.0111997127532958984 0.69857102632522583008 1.266732335090637207 1.8179398775100708008
0.89150190353393554688 0.97346293926239013672 0.57363259792327880859 1.4691050052642822266 0.47303414344787597656 0.80496037006378173828 1.6251261234283447266 1.6223206520080566406 0.40748941898345947266 0.93635797500610351562 1.3945220708847045898 0.87370955944061279297 1.6251316070556640625 1.7862188816070556641 2.3823137283325195312 1.2115895748138427734 0.82973265647888183594 1.7671368122100830078 2.0642542839050292969 0.87775933742523193359 0.90558040142059326172 1.8137613534927368164 1.2277704477310180664 1.1136411428451538086 2.5209488868713378906 2.4114389419555664062 1.7799659967422485352 1.3916188478469848633 1.0305421352386474609 1.2194970846176147461 1.1370198726654052734 0.54465508460998535156 0.83521002531051635742 1.7151088714599609375 0.1935564577579498291 0.49499344825744628906 1.0667476654052734375 2.3952329158782958984 3.1762022972106933594 2.5674557685852050781
0.20124463737010955811 1.3260687589645385742 0.60037136077880859375 0.51797825098037719727 1.7300878763198852539 1.4913297891616821289 0.61453354358673095703 1.282609105110168457 1.5118873119354248047 1.0836902856826782227 0.7563228607177734375 1.9099650382995605469 2.0361242294311523438 1.4014008045196533203 1.7932770252227783203 1.2502372264862060547 0.79036360979080200195 1.2392624616622924805 2.1849668025970458984 1.327594757080078125 1.4831638336181640625 2.35541534423828125 1.8087279796600341797 2.681331634521484375 2.8925065994262695312 1.5911426544189453125 1.0364251136779785156 1.2893056869506835938 1.0107020139694213867 3.2149462699890136719 3.7159011363983154297 2.6911220550537109375 1.5936861038208007812 0.71150034666061401367 1.7521770000457763672 2.4227368831634521484 3.0163874626159667969 2.4626922607421875 1.7842273712158203125 2.8021254539489746094
0.49704292416572570801 1.6913505792617797852 1.5275460481643676758 1.3872532844543457031 2.1849648952484130859 2.0803613662719726562 1.1285361051559448242 1.3427568674087524414 2.3543426990509033203 2.3277611732482910156 1.2425222396850585938 2.6404862403869628906 2.5395312309265136719 1.6943317651748657227 2.2063953876495361328 1.921847224235534668 1.0985367298126220703 0.47729504108428955078 1.8923921585083007812 1.7613991498947143555 2.2907571792602539062 2.6471700668334960938 1.4089623689651489258 1.0152013301849365234 0.82606673240661621094 1.0280811786651611328 1.2090831995010375977 1.3666660785675048828 1.1476587057113647461 2.6546118259429931641 1.5272024869918823242 1.4299986362457275391 0.75900340080261230469 2.2070834636688232422 2.7967107295989990234 1.6943335533142089844 0.79547345638275146484 2.7230610847473144531 4.0825395584106445312 4.0563611984252929688
1.1772657632827758789 2.3399028778076171875 1.8221111297607421875 0.99860453605651855469 0.85496813058853149414 2.1064608097076416016 0.38448107242584228516 0.86848652362823486328 1.6223187446594238281 0.95508551597595214844 0.916133880615234375 2.5229556560516357422 3.2665638923645019531 1.2380311489105224609 1.4542185068130493164 0.48570111393928527832 0.58671623468399047852 1.06674957275390625 1.3423788547515869141 0.88750672340393066406 2.9470469951629638672 3.59653472900390625 2.0053241252899169922 0.92274177074432373047 0.70649904012680053711 1.3517676591873168945 1.6050751209259033203 1.1981420516967773438 0.63718324899673461914 1.2240549325942993164 3.2293782234191894531 4.1363554000854492188 3.5875413417816162109 2.1353249549865722656 0.24851635098457336426 2.7703688144683837891 3.9839010238647460938 3.7948544025421142578 1.9755885601043701172 1.9801852703094482422
0.52478581666946411133 2.7738318443298339844 1.8532230854034423828 1.2376298904418945312 0.88006663322448730469 1.8510434627532958984 1.4957333803176879883 1.6304109096527099609 1.4489837884902954102 1.4855448007583618164 1.4984281063079833984 0.47303617000579833984 3.2130591869354248047 2.7126424312591552734 1.1258368492126464844 0.45557773113250732422 1.5716216564178466797 3.2111792564392089844 3.7928595542907714844 3.5429041385650634766 2.2378094196319580078 2.2623121738433837891 3.7157638072967529297 1.7472615242004394531 1.0280811786651611328 1.7254047393798828125 1.2587081193923950195 0.82545930147171020508 2.1842806339263916016 1.3977935314178466797 1.115454554557800293 0.6489956974983215332 1.6304063796997070312 2.7749266624450683594 3.3888108730316162109 4.2460775375366210938 3.3201241493225097656 1.5538169145584106445 0.79801535606384277344 1.0166999101638793945
2.7891063690185546875 1.6022356748580932617 1.5324933528900146484 0.5557066798210144043 1.4639308452606201172 1.3773703575134277344 1.2445573806762695312 2.8877818584442138672 1.9409637451171875 2.6086909770965576172 2.8165290355682373047 2.6820881366729736328 3.1812889575958251953 2.0531880855560302734 1.7570797204971313477 1.3397433757781982422 1.368529200553894043 1.8835585117340087891 2.0385980606079101562 2.846874237060546875 4.0697846412658691406 2.9643189907073974609 1.1926398277282714844 3.1863703727722167969 2.4912855625152587891 1.7648460865020751953 2.7006859779357910156 3.4875600337982177734 2.4179275035858154297 1.466693878173828125 0.52957636117935180664 2.0083484649658203125 4.0780854225158691406 2.9600608348846435547 1.4129195213317871094 2.2118926048278808594 1.7547791004180908203 1.2892998456954956055 1.3412460088729858398 1.1673353910446166992
2.5706031322479248047 2.333621978759765625 1.9448698759078979492 1.0359296798706054688 1.539091944694519043 1.3498988151550292969 1.2826071977615356445 3.3817954063415527344 2.0425693988800048828 0.9363600611686706543 0.76431858539581298828 0.45558327436447143555 1.5651729106903076172 0.89658516645431518555 2.4550852775573730469 2.0033051967620849609 0.60457497835159301758 1.1208834648132324219 2.7822027206420898438 2.0123758316040039062 0.63399577140808105469 1.8673672676086425781 1.9842767715454101562 0.77679705619812011719 2.5774819850921630859 2.9955353736877441406 1.6288644075393676758 1.2607195377349853516 2.4009308815002441406 3.2435972690582275391 2.4185638427734375 1.8022835254669189453 2.8183157444000244141 0.70434784889221191406 0.19355046749114990234 1.356631159782409668 2.0346291065216064453 0.47835090756416320801 0.4857062995433807373 0.64034879207611083984
0.54466110467910766602 0.32449492812156677246 1.0359319448471069336 0.96929210424423217773 2.0053288936614990234 1.8444652557373046875 2.4246206283569335938 3.6585106849670410156 1.8988109827041625977 1.0672268867492675781 1.0596061944961547852 0.69785177707672119141 2.1222522258758544922 1.6163796186447143555 2.0558962821960449219 3.1693501472473144531 1.4680707454681396484 1.0691167116165161133 2.0701155662536621094 2.3342742919921875 2.1614606380462646484 2.3844451904296875 1.266726374626159668 0.59783375263214111328 1.8137613534927368164 2.2235207557678222656 4.2925348281860351562 3.7005140781402587891 2.750041961669921875 1.9748218059539794922 1.5908226966857910156 0.25653335452079772949 2.0798747539520263672 1.8924008607864379883 1.152937769889831543 1.0576956272125244141 2.1626291275024414062 0.65597426891326904297 1.3184186220169067383 1.6338230371475219727
0.81123208999633789062 2.3485395908355712891 2.5784687995910644531 2.4447717666625976562 2.4896605014801025391 2.0146441459655761719 2.8635277748107910156 2.4495215415954589844 0.84724521636962890625 1.082289576530456543 1.2607195377349853516 1.8496710062026977539 2.869159698486328125 1.8455555438995361328 2.3844332695007324219 3.9230980873107910156 1.8212743997573852539 1.5288509130477905273 0.69784325361251831055 1.7053455114364624023 1.6325768232345581055 1.1733858585357666016 1.129881739616394043 2.2180511951446533203 3.1636061668395996094 2.9914851188659667969 3.0192422866821289062 0.74010193347930908203 0.87776792049407958984 0.60036623477935791016 0.74009102582931518555 1.1472250223159790039 0.91114866733551025391 2.1939859390258789062 1.7335965633392333984 0.99861532449722290039 1.9653185606002807617 0.95721042156219482422 1.2474018335342407227 0.76960599422454833984
