wildfire/work/fuelmodels/1795/slope.asc
ncols        206
nrows        282
xllcorner    171315.000000000000
yllcorner    474275.000000000000
cellsize     5.000000000000
NODATA_value   -999
[rows 126 to 143 of 282, columns 80 to 119 of 206]
2.1953632831573486328 0.63399177789688110352 2.3299384117126464844 0.98019456863403320312 1.0892763137817382812 0.72558492422103881836 1.7133427858352661133 3.1250278949737548828 1.1581991910934448242 0.72138881683349609375 1.9123452901840209961 2.4196047782897949219 2.1595876216888427734 2.5443124771118164062 2.3935403823852539062 3.4249978065490722656 3.99629974365234375 3.2248404026031494141 1.5716201066970825195 1.0957653522491455078 4.3652892112731933594 4.4284090995788574219 2.7689106464385986328 3.5135455131530761719 2.4987742900848388672 2.0371167659759521484 1.2826157808303833008 0.49397081136703491211 2.3153531551361083984 4.9848303794860839844 5.0580163002014160156 4.7451763153076171875 3.2389104366302490234 1.0364192724227905273 1.0822867155075073242 0.28814619779586791992 1.115460515022277832 1.3784714937210083008 0.2700010836124420166 1.6739051342010498047
2.4310812950134277344 1.2413057088851928711 2.3472449779510498047 0.98277646303176879883 1.0766566991806030273 1.2107504606246948242 1.0860185623168945312 2.0715856552124023438 1.2182565927505493164 1.6226307153701782227 3.0813810825347900391 2.2960491180419921875 1.9383609294891357422 3.1302015781402587891 2.8877825736999511719 2.9327728748321533203 2.7929093837738037109 1.8455640077590942383 1.7053455114364624023 1.3517758846282958984 5.4651713371276855469 3.2704315185546875 1.7682816982269287109 4.0113058090209960938 3.648540496826171875 2.863697052001953125 1.7918764352798461914 0.44998937845230102539 0.81558632850646972656 3.8332605361938476562 5.7833261489868164062 5.2768907546997070312 3.4044313430786132812 0.96929281949996948242 1.7245286703109741211 2.6890544891357421875 1.098994135856628418 0.70434397459030151367 1.446192622184753418 1.9260530471801757812
2.0251615047454833984 0.44319167733192443848 1.838971257209777832 1.5085357427597045898 0.77484029531478881836 0.50311315059661865234 1.7679888010025024414 1.9417500495910644531 2.1886703968048095703 2.4760076999664306641 2.4503529071807861328 1.5008022785186767578 2.2714567184448242188 3.0364272594451904297 2.4643414020538330078 2.6148858070373535156 2.0642459392547607422 1.3736841678619384766 3.3713197708129882812 3.4350173473358154297 5.018795013427734375 2.9014043807983398438 1.0388561487197875977 3.3152492046356201172 3.6362054347991943359 2.1018948554992675781 1.4711748361587524414 1.1776920557022094727 1.4207746982574462891 3.9412114620208740234 5.6676740646362304688 3.4746539592742919922 4.4552178382873535156 3.1682367324829101562 1.9448696374893188477 1.7544865608215332031 3.1782650947570800781 0.52957963943481445312 1.8532232046127319336 1.953440546989440918
1.3707374334335327148 0.22499866783618927002 1.7682757377624511719 2.5991756916046142578 0.77419489622116088867 1.7944078445434570312 3.0911955833435058594 2.8138294219970703125 3.35163116455078125 1.9155153036117553711 1.2178418636322021484 1.9142010211944580078 2.6911191940307617188 2.9446444511413574219 3.0217492580413818359 2.9818375110626220703 2.2774612903594970703 2.672267913818359375 4.1982493400573730469 2.3118479251861572266 3.8269269466400146484 2.7225081920623779297 0.83521002531051635742 2.6404774188995361328 4.0658197402954101562 1.9809627532958984375 1.0591276884078979492 2.6813361644744873047 2.0854620933532714844 3.2909176349639892578 3.7598180770874023438 2.4143853187561035156 2.7774810791015625 3.2901463508605957031 0.83521556854248046875 1.8532282114028930664 2.0251526832580566406 1.7774049043655395508 2.6788823604583740234 1.9735404253005981445
0.75632846355438232422 0.91003662347793579102 1.4896304607391357422 3.4079997539520263672 1.3049080371856689453 1.1423476934432983398 1.4510750770568847656 1.2445522546768188477 2.7200849056243896484 1.4708240032196044922 1.473921656608581543 2.3329823017120361328 2.1095807552337646484 3.5585486888885498047 4.3437261581420898438 2.6568894386291503906 1.802010655403137207 2.3927063941955566406 2.7326934337615966797 2.2905230522155761719 4.2421460151672363281 3.2130670547485351562 0.74486333131790161133 1.6669317483901977539 4.0876111984252929688 3.437229156494140625 1.4625478982925415039 1.7207067012786865234 3.6330139636993408203 3.9185903072357177734 3.3205711841583251953 2.80826568603515625 2.7740290164947509766 3.7788493633270263672 3.4997222423553466797 2.6096603870391845703 2.5593721866607666016 2.4643375873565673828 2.0912730693817138672 1.5168938636779785156
2.0033094882965087891 0.35146147012710571289 1.7930004596710205078 3.1089823246002197266 0.64035147428512573242 0.83277350664138793945 0.81805723905563354492 0.70650255680084228516 1.0822836160659790039 1.2550812959671020508 1.7862186431884765625 1.9500715732574462891 2.3646259307861328125 4.5471324920654296875 3.9294075965881347656 1.0270962715148925781 1.3291230201721191406 2.2414343357086181641 1.8359420299530029297 2.2063894271850585938 4.2664661407470703125 3.6273050308227539062 1.2074069976806640625 1.5495698451995849609 2.3485350608825683594 2.2223889827728271484 1.4984334707260131836 1.063411712646484375 1.9840233325958251953 4.1112508773803710938 4.0323877334594726562 2.5283589363098144531 1.822113037109375 2.8053758144378662109 2.2940654754638671875 2.4544751644134521484 2.5593774318695068359 2.4095549583435058594 2.3646347522735595703 3.1384255886077880859
2.5018224716186523438 0.36280050873756408691 1.2290118932723999023 3.7022974491119384766 2.1267781257629394531 0.5218715667724609375 0.16224738955497741699 0.20124846696853637695 0.38841173052787780762 1.437412261962890625 1.2240520715713500977 1.1529383659362792969 2.9818291664123535156 3.8125131130218505859 3.0503873825073242188 1.2920436859130859375 2.2607495784759521484 2.4177303314208984375 0.9661509394645690918 1.3685171604156494141 3.727169036865234375 4.2584142684936523438 3.3019578456878662109 1.2445522546768188477 1.3412482738494873047 0.76960521936416625977 2.0561451911926269531 2.4790678024291992188 1.0186915397644042969 3.1687154769897460938 4.1363501548767089844 2.999584197998046875 2.5149202346801757812 2.0492496490478515625 0.53339147567749023438 1.0107073783874511719 2.3299453258514404297 3.5914814472198486328 3.7948589324951171875 3.2662630081176757812
2.766719818115234375 0.75899827480316162109 0.56920182704925537109 2.8820064067840576172 3.4573030471801757812 0.74282795190811157227 0.35001802444458007812 0.300189971923828125 0.12726990878582000732 1.0672121047973632812 0.77025765180587768555 1.2182558774948120117 3.128265380859375 3.6118113994598388672 3.1602540016174316406 1.5007970333099365234 1.6874520778656005859 1.3423831462860107422 0.76498568058013916016 1.2893056869506835938 3.3201239109039306641 3.2687349319458007812 4.8429059982299804688 3.0277543067932128906 0.9232870936393737793 0.85615593194961547852 1.0733660459518432617 3.24140167236328125 1.1581901311874389648 2.2160012722015380859 3.6738073825836181641 3.8734910488128662109 5.0691618919372558594 4.7553677558898925781 4.7674436569213867188 4.863788604736328125 4.2617273330688476562 2.4009275436401367188 0.63955593109130859375 0.76498621702194213867
2.8849787712097167969 1.0733660459518432617 0.67498558759689331055 2.0121245384216308594 2.9568030834197998047 0.72628790140151977539 0.22946062684059143066 0.59187549352645874023 0.45559427142143249512 0.38448107242584228516 1.2281825542449951172 1.2380366325378417969 2.1279735565185546875 4.0955033302307128906 3.4279465675354003906 1.760251164436340332 1.9027993679046630859 1.4569973945617675781 0.41487905383110046387 0.70649880170822143555 3.1172618865966796875 1.8334602117538452148 4.0983409881591796875 3.7747035026550292969 0.46329820156097412109 0.54093432426452636719 1.6424709558486938477 2.8372640609741210938 1.2425216436386108398 2.0293970108032226562 3.3546462059020996094 3.7413794994354248047 5.018795013427734375 4.933277130126953125 3.4036946296691894531 1.1392523050308227539 1.752467036247253418 2.7573788166046142578 1.1776968240737915039 0.62677365541458129883
3.1366453170776367188 1.6498396396636962891 0.40749791264533996582 1.7510218620300292969 2.6115891933441162109 1.4994504451751708984 0.82114708423614501953 0.51307308673858642578 0.45559087395668029785 0.6267681121826171875 1.272706151008605957 0.85675060749053955078 1.9801982641220092773 3.2637798786163330078 3.1474256515502929688 2.5464961528778076172 2.3748805522918701172 1.5305104255676269531 0.13499870896339416504 1.8942755460739135742 3.0472402572631835938 1.7159931659698486328 3.5564203262329101562 3.0339365005493164062 2.0571353435516357422 2.8251295089721679688 3.8416743278503417969 4.0925416946411132812 3.2715144157409667969 2.3594927787780761719 2.0353722572326660156 1.7799766063690185547 2.5774829387664794922 3.3102099895477294922 4.1435494422912597656 4.0842752456665039062 3.6827218532562255859 1.6934369802474975586 1.1494176387786865234 0.56920731067657470703
2.0559020042419433594 1.1190792322158813477 1.1841244697570800781 1.4656534194946289062 2.4896557331085205078 2.5876619815826416016 1.2224079370498657227 1.0388642549514770508 0.94443243741989135742 1.2986907958984375 0.92766797542572021484 1.0576968193054199219 2.5040423870086669922 2.9906325340270996094 2.0630202293395996094 2.0871558189392089844 3.0591542720794677734 1.7368067502975463867 0.65519684553146362305 2.3952412605285644531 1.7842363119125366211 1.1067981719970703125 3.5303237438201904297 4.7804360389709472656 3.9087834358215332031 2.7573783397674560547 2.9022769927978515625 2.8636920452117919922 2.5575954914093017578 3.44207000732421875 3.9811089038848876953 4.3854765892028808594 4.2953591346740722656 4.7632164955139160156 4.6264486312866210938 2.6177849769592285156 0.51798796653747558594 0.99861246347427368164 0.52957779169082641602 0.37107759714126586914
2.2063930034637451172 1.6110559701919555664 1.5936789512634277344 1.9430480003356933594 2.9963743686676025391 3.4102115631103515625 1.2986875772476196289 1.6288585662841796875 1.9367871284484863281 2.6200966835021972656 3.2498188018798828125 3.3175394535064697266 2.1153340339660644531 2.9711306095123291016 1.6535249948501586914 1.0533747673034667969 2.9914820194244384766 2.3859250545501708984 0.84903347492218017578 1.5590137243270874023 2.8195726871490478516 2.5498673915863037109 2.0715882778167724609 1.4461840391159057617 1.4189908504486083984 2.7763915061950683594 5.4051942825317382812 5.6692676544189453125 4.406703948974609375 5.0512361526489257812 4.7144680023193359375 3.4094791412353515625 2.5925462245941162109 2.8707549571990966797 2.1485509872436523438 0.76497590541839599609 1.7918757200241088867 1.546300053596496582 1.4573464393615722656 1.9089068174362182617
3.2188777923583984375 2.2650015354156494141 1.7799741029739379883 3.2389140129089355469 3.0576620101928710938 2.1028540134429931641 0.8960272669792175293 1.2281879186630249023 1.5088684558868408203 1.1699337959289550781 0.55570280551910400391 0.780059814453125 0.48151543736457824707 2.0371086597442626953 2.7402789592742919922 1.83594512939453125 3.4044313430786132812 2.0571260452270507812 1.8835531473159790039 2.9253516197204589844 2.5546219348907470703 1.5115501880645751953 4.2833509445190429688 3.4898760318756103516 3.5903494358062744141 4.3358211517333984375 3.2909178733825683594 3.6454973220825195312 2.0825486183166503906 3.2050368785858154297 2.9818375110626220703 2.3867740631103515625 2.0293979644775390625 1.8008900880813598633 1.4601227045059204102 1.5936859846115112305 1.6477016210556030273 1.7192342281341552734 1.1276385784149169922 1.0270980596542358398
3.0083260536193847656 3.0715222358703613281 2.4749939441680908203 3.2673439979553222656 1.3184067010879516602 2.0363605022430419922 2.1595876216888427734 1.6276172399520874023 0.886363983154296875 0.89092767238616943359 1.7385592460632324219 2.8326444625854492188 2.3412125110626220703 1.6913498640060424805 2.6926300525665283203 3.3928427696228027344 3.0382597446441650391 3.201557159423828125 2.8610446453094482422 1.4763237237930297852 2.8947768211364746094 2.0630202293395996094 4.1275544166564941406 2.9253518581390380859 3.3834447860717773438 2.5203478336334228516 1.1926395893096923828 4.4289727210998535156 2.66487884521484375 2.3242990970611572266 3.7121014595031738281 2.8179607391357421875 1.4292958974838256836 1.693745732307434082 1.1405816078186035156 0.65520799160003662109 1.4510771036148071289 0.36280050873756408691 1.3536412715911865234 2.5892274379730224609
2.2380366325378417969 3.1300427913665771484 2.911319732666015625 2.9139268398284912109 0.3935883939266204834 1.6593292951583862305 3.7412323951721191406 1.7507356405258178711 1.7440769672393798828 0.97398597002029418945 1.1669046878814697266 0.98277938365936279297 0.31819549202919006348 1.5420402288436889648 3.1073498725891113281 3.6543660163879394531 2.4352355003356933594 2.9022762775421142578 2.5466916561126708984 3.4480860233306884766 1.5742000341415405273 1.0495169162750244141 3.1605641841888427734 4.5294671058654785156 4.4015517234802246094 1.7440775632858276367 1.9425352811813354492 4.0664339065551757812 3.8816962242126464844 2.9926667213439941406 3.1806552410125732422 3.0951230525970458984 2.0608148574829101562 3.0550179481506347656 2.6086826324462890625 2.6092739105224609375 1.6556682586669921875 1.3547639846801757812 1.1612451076507568359 2.4813129901885986328
1.0403248071670532227 3.128265380859375 2.8877770900726318359 2.7740187644958496094 0.66896510124206542969 1.0127044916152954102 3.9442791938781738281 0.62998694181442260742 1.0989965200424194336 1.4207730293273925781 1.5551178455352783203 1.4759811162948608398 1.2510527372360229492 1.7218862771987915039 2.7885670661926269531 2.4780497550964355469 0.59443461894989013672 2.2667768001556396484 3.7005140781402587891 2.4196047782897949219 1.0883510112762451172 1.2094956636428833008 1.8115240335464477539 3.2210745811462402344 7.0410594940185546875 6.0344400405883789062 1.2474009990692138672 2.2398381233215332031 5.3899779319763183594 3.3995268344879150391 2.3463892936706542969 3.9125373363494873047 2.9170484542846679688 2.4692618846893310547 1.8974668979644775391 3.2251474857330322266 3.0083250999450683594 2.1018939018249511719 0.83520978689193725586 1.8447400331497192383
1.6223212480545043945 2.9120187759399414062 2.6127502918243408203 2.9161777496337890625 0.98277646303176879883 0.59782862663269042969 3.6499373912811279297 1.9430491924285888672 0.63955533504486083984 0.84544646739959716797 1.1981443166732788086 1.5367860794067382812 0.77025389671325683594 1.6874543428421020508 0.58672475814819335938 1.8923968076705932617 2.6115925312042236328 1.932606816291809082 1.9091700315475463867 2.3859274387359619141 2.6318459510803222656 1.7324355840682983398 1.6970236301422119141 1.6910506486892700195 2.7617785930633544922 6.3870120048522949219 2.9690995216369628906 1.4374229907989501953 4.7435779571533203125 3.503021240234375 3.2224934101104736328 5.0915017127990722656 2.5774896144866943359 2.1635661125183105469 0.89148974418640136719 2.1967451572418212891 1.8312467336654663086 1.5495716333389282227 1.2115918397903442383 1.8521317243576049805
2.1189095973968505859 2.6546118259429931641 2.207996368408203125 2.8804171085357666016 1.6101095676422119141 1.7227692604064941406 3.3546469211578369141 2.8068120479583740234 1.7336053848266601562 1.4398844242095947266 1.0892815589904785156 1.935492396354675293 0.090002030134201049805 1.0422620773315429688 0.56384056806564331055 2.1717324256896972656 2.4503445625305175781 2.2271580696105957031 2.2856652736663818359 2.3048334121704101562 3.3316681385040283203 2.5353577136993408203 1.9089020490646362305 2.2767932415008544922 3.4102094173431396484 4.3739361763000488281 2.4993865489959716797 2.0934605598449707031 4.8262176513671875 3.5585436820983886719 4.335010528564453125 4.9460415840148925781 3.0892429351806640625 3.3433241844177246094 1.8290346860885620117 1.8204441070556640625 1.7682775259017944336 1.6400061845779418945 1.5367859601974487305 1.5987570285797119141
