wildfire/work/fuelmodels/1807/ahn1.asc
ncols        370
nrows        259
xllcorner    169670.000000000000
yllcorner    475695.000000000000
cellsize     5.000000000000
NODATA_value   -999
[rows 18 to 35 of 259, columns 205 to 245 of 370]
16.45999908447265625 16.600000381469726562 16.45999908447265625 16.549999237060546875 16.780000686645507812 16.989999771118164062 16.969999313354492188 17.170000076293945312 17.379999160766601562 17.379999160766601562 17.200000762939453125 17.340000152587890625 17.489999771118164062 17.799999237060546875 17.700000762939453125 17.670000076293945312 17.6100006103515625 17.8600006103515625 17.56999969482421875 17.629999160766601562 17.690000534057617188 17.760000228881835938 17.450000762939453125 17.760000228881835938 17.649999618530273438 17.729999542236328125 17.700000762939453125 17.799999237060546875 17.809999465942382812 17.809999465942382812 18.190000534057617188 17.909999847412109375 17.870000839233398438 17.809999465942382812 17.95999908447265625 17.950000762939453125 17.870000839233398438 17.829999923706054688 17.850000381469726562 17.879999160766601562 17.909999847412109375
16.70999908447265625 16.649999618530273438 16.479999542236328125 16.559999465942382812 16.590000152587890625 16.8899993896484375 17.1100006103515625 17.450000762939453125 17.420000076293945312 17.340000152587890625 17.649999618530273438 17.5 17.54000091552734375 17.629999160766601562 17.600000381469726562 17.579999923706054688 17.6399993896484375 17.739999771118164062 17.56999969482421875 17.760000228881835938 17.760000228881835938 17.81999969482421875 17.420000076293945312 17.579999923706054688 17.760000228881835938 17.68000030517578125 17.649999618530273438 17.799999237060546875 17.829999923706054688 17.8899993896484375 18.049999237060546875 17.899999618530273438 17.780000686645507812 17.879999160766601562 17.899999618530273438 17.950000762939453125 17.940000534057617188 17.950000762939453125 17.940000534057617188 17.93000030517578125 17.950000762939453125
16.739999771118164062 16.729999542236328125 16.68000030517578125 16.579999923706054688 16.729999542236328125 16.760000228881835938 17.1100006103515625 17.18000030517578125 17.350000381469726562 17.340000152587890625 17.04000091552734375 17.520000457763671875 17.31999969482421875 17.719999313354492188 17.6100006103515625 17.56999969482421875 17.6100006103515625 17.700000762939453125 17.420000076293945312 17.670000076293945312 17.799999237060546875 17.670000076293945312 17.520000457763671875 17.56999969482421875 17.770000457763671875 17.729999542236328125 17.780000686645507812 17.809999465942382812 17.79000091552734375 17.920000076293945312 18.030000686645507812 18.04000091552734375 17.840000152587890625 17.969999313354492188 17.8600006103515625 17.940000534057617188 17.920000076293945312 17.899999618530273438 18.090000152587890625 17.879999160766601562 18
16.520000457763671875 16.489999771118164062 16.659999847412109375 16.899999618530273438 16.979999542236328125 17.129999160766601562 16.780000686645507812 17.159999847412109375 17.159999847412109375 17.489999771118164062 17.5 17.54000091552734375 17.5 17.600000381469726562 17.309999465942382812 17.440000534057617188 17.590000152587890625 17.670000076293945312 17.54000091552734375 17.5 17.549999237060546875 18.100000381469726562 17.829999923706054688 17.629999160766601562 17.690000534057617188 17.6399993896484375 17.649999618530273438 17.6100006103515625 17.780000686645507812 17.940000534057617188 18.010000228881835938 18.059999465942382812 17.95999908447265625 17.8899993896484375 17.95999908447265625 17.989999771118164062 17.8600006103515625 17.8899993896484375 17.989999771118164062 17.870000839233398438 18.04000091552734375
16.420000076293945312 16.659999847412109375 16.8600006103515625 16.829999923706054688 17.030000686645507812 17.280000686645507812 17.219999313354492188 17.059999465942382812 17.299999237060546875 17.299999237060546875 17.370000839233398438 17.440000534057617188 17.440000534057617188 17.549999237060546875 17.370000839233398438 17.690000534057617188 17.659999847412109375 17.620000839233398438 17.700000762939453125 17.760000228881835938 17.690000534057617188 17.56999969482421875 17.840000152587890625 17.729999542236328125 17.68000030517578125 17.700000762939453125 17.75 17.81999969482421875 17.899999618530273438 17.879999160766601562 18.010000228881835938 17.770000457763671875 17.879999160766601562 17.8899993896484375 17.940000534057617188 17.989999771118164062 17.8600006103515625 17.93000030517578125 17.989999771118164062 18.06999969482421875 17.969999313354492188
16.530000686645507812 16.56999969482421875 16.70999908447265625 17.149999618530273438 16.93000030517578125 17.030000686645507812 17.049999237060546875 16.93000030517578125 17.399999618530273438 17.45999908447265625 17.409999847412109375 17.450000762939453125 17.379999160766601562 17.979999542236328125 17.520000457763671875 17.399999618530273438 17.670000076293945312 17.739999771118164062 17.760000228881835938 17.719999313354492188 17.850000381469726562 17.780000686645507812 17.70999908447265625 17.690000534057617188 17.690000534057617188 17.81999969482421875 17.620000839233398438 17.629999160766601562 17.8600006103515625 17.920000076293945312 17.909999847412109375 17.809999465942382812 17.909999847412109375 17.969999313354492188 17.8899993896484375 18.04000091552734375 17.950000762939453125 17.93000030517578125 18.120000839233398438 18.1100006103515625 18.129999160766601562
16.440000534057617188 16.440000534057617188 16.5 16.620000839233398438 16.620000839233398438 16.670000076293945312 16.79000091552734375 17.04000091552734375 17.1399993896484375 17.350000381469726562 17.440000534057617188 17.350000381469726562 17.379999160766601562 17.530000686645507812 17.280000686645507812 17.729999542236328125 17.700000762939453125 17.739999771118164062 17.70999908447265625 17.579999923706054688 17.629999160766601562 17.620000839233398438 17.70999908447265625 17.760000228881835938 17.70999908447265625 17.590000152587890625 17.719999313354492188 17.850000381469726562 17.979999542236328125 18.010000228881835938 17.879999160766601562 17.829999923706054688 17.940000534057617188 17.979999542236328125 18.049999237060546875 18.049999237060546875 17.979999542236328125 17.809999465942382812 18.1399993896484375 18.06999969482421875 17.899999618530273438
16.590000152587890625 16.81999969482421875 16.719999313354492188 17.159999847412109375 17.020000457763671875 17 16.829999923706054688 16.79000091552734375 16.8899993896484375 17.1100006103515625 17.5 17.510000228881835938 17.54000091552734375 17.530000686645507812 17.829999923706054688 18.010000228881835938 18.1399993896484375 17.8899993896484375 17.8600006103515625 17.719999313354492188 17.370000839233398438 17.659999847412109375 17.670000076293945312 17.770000457763671875 17.6399993896484375 17.6100006103515625 17.909999847412109375 17.840000152587890625 17.969999313354492188 18.129999160766601562 17.899999618530273438 17.8600006103515625 17.940000534057617188 18.049999237060546875 18 18.100000381469726562 18.120000839233398438 17.979999542236328125 18.020000457763671875 18.079999923706054688 18.219999313354492188
16.43000030517578125 16.629999160766601562 16.75 17.020000457763671875 16.93000030517578125 16.989999771118164062 17.299999237060546875 17.350000381469726562 17.129999160766601562 16.690000534057617188 17.04000091552734375 17.399999618530273438 17.469999313354492188 17.5 17.409999847412109375 17.8600006103515625 17.870000839233398438 17.760000228881835938 17.79000091552734375 17.899999618530273438 17.510000228881835938 17.68000030517578125 17.690000534057617188 17.6100006103515625 17.760000228881835938 17.81999969482421875 17.79000091552734375 17.8600006103515625 18.010000228881835938 18.04000091552734375 17.920000076293945312 18.010000228881835938 18.1100006103515625 17.940000534057617188 18.04000091552734375 17.940000534057617188 18.06999969482421875 17.950000762939453125 18.030000686645507812 18.129999160766601562 17.979999542236328125
17.020000457763671875 17.3899993896484375 16.950000762939453125 17.06999969482421875 16.969999313354492188 17.020000457763671875 16.879999160766601562 17.030000686645507812 17.1100006103515625 17.350000381469726562 17.079999923706054688 17.04000091552734375 17.090000152587890625 17.350000381469726562 17.409999847412109375 17.70999908447265625 18 17.95999908447265625 17.920000076293945312 17.93000030517578125 17.829999923706054688 17.670000076293945312 17.780000686645507812 17.829999923706054688 17.75 17.700000762939453125 17.909999847412109375 17.850000381469726562 17.969999313354492188 17.95999908447265625 18.090000152587890625 18.1399993896484375 18.059999465942382812 18.020000457763671875 17.899999618530273438 17.979999542236328125 18.049999237060546875 18.020000457763671875 18.090000152587890625 18.059999465942382812 18.06999969482421875
16.850000381469726562 16.770000457763671875 16.899999618530273438 17.1100006103515625 17.229999542236328125 16.950000762939453125 17.420000076293945312 17.780000686645507812 17.5 17.43000030517578125 17.75 17.200000762939453125 17.149999618530273438 17.219999313354492188 17.450000762939453125 17.579999923706054688 17.5 17.989999771118164062 17.950000762939453125 17.899999618530273438 17.829999923706054688 17.620000839233398438 17.590000152587890625 17.75 17.6399993896484375 17.780000686645507812 17.70999908447265625 18.06999969482421875 17.979999542236328125 17.93000030517578125 18.010000228881835938 18 17.95999908447265625 18.04000091552734375 17.950000762939453125 17.879999160766601562 18.379999160766601562 18.170000076293945312 18.18000030517578125 18.1100006103515625 18.159999847412109375
16.600000381469726562 17.079999923706054688 16.760000228881835938 17.219999313354492188 17.620000839233398438 17.469999313354492188 17.6399993896484375 17.559999465942382812 17.6100006103515625 17.719999313354492188 17.8600006103515625 17.329999923706054688 17.469999313354492188 17.239999771118164062 17.219999313354492188 17.31999969482421875 17.739999771118164062 17.8600006103515625 18.20999908447265625 18.090000152587890625 17.149999618530273438 17.909999847412109375 17.700000762939453125 17.520000457763671875 17.489999771118164062 17.56999969482421875 17.75 17.879999160766601562 17.93000030517578125 17.969999313354492188 18 17.870000839233398438 17.8600006103515625 17.920000076293945312 17.95999908447265625 18.010000228881835938 18.149999618530273438 18.1100006103515625 18.059999465942382812 18.239999771118164062 18.100000381469726562
17.420000076293945312 17.229999542236328125 17.309999465942382812 17.159999847412109375 17.1100006103515625 17.29000091552734375 17.469999313354492188 17.450000762939453125 17.5 17.670000076293945312 18.010000228881835938 18.350000381469726562 17.700000762939453125 17.649999618530273438 17.350000381469726562 17.239999771118164062 17.29000091552734375 17.950000762939453125 18.190000534057617188 17.850000381469726562 18.010000228881835938 17.8899993896484375 17.770000457763671875 17.79000091552734375 17.549999237060546875 17.469999313354492188 17.649999618530273438 17.56999969482421875 17.729999542236328125 17.770000457763671875 17.979999542236328125 17.840000152587890625 17.899999618530273438 17.95999908447265625 17.8600006103515625 17.979999542236328125 17.940000534057617188 18.229999542236328125 18.29000091552734375 18.20999908447265625 18.190000534057617188
17.68000030517578125 16.95999908447265625 17.219999313354492188 17.129999160766601562 17.219999313354492188 17.309999465942382812 17.409999847412109375 17.45999908447265625 17.590000152587890625 17.6399993896484375 17.68000030517578125 17.760000228881835938 18.020000457763671875 18.270000457763671875 18.299999237060546875 17.280000686645507812 17.190000534057617188 17.399999618530273438 18.70999908447265625 18.170000076293945312 18 18.010000228881835938 17.95999908447265625 17.850000381469726562 17.54000091552734375 17.899999618530273438 17.79000091552734375 17.8899993896484375 17.700000762939453125 17.70999908447265625 17.840000152587890625 17.79000091552734375 17.79000091552734375 17.95999908447265625 18.049999237060546875 18.030000686645507812 17.899999618530273438 18.1100006103515625 18.149999618530273438 18.04000091552734375 18.030000686645507812
19.8899993896484375 20.159999847412109375 18.159999847412109375 17.059999465942382812 17.29000091552734375 17.340000152587890625 17.340000152587890625 17.350000381469726562 17.420000076293945312 17.549999237060546875 17.629999160766601562 17.81999969482421875 17.770000457763671875 17.909999847412109375 18.020000457763671875 18.04000091552734375 17.659999847412109375 17.3899993896484375 17.340000152587890625 18.020000457763671875 18.079999923706054688 17.940000534057617188 17.909999847412109375 17.590000152587890625 17.79000091552734375 17.879999160766601562 17.879999160766601562 17.840000152587890625 17.8600006103515625 17.989999771118164062 18.1100006103515625 17.979999542236328125 17.93000030517578125 17.909999847412109375 17.93000030517578125 17.95999908447265625 17.770000457763671875 18 17.989999771118164062 17.8899993896484375 18.020000457763671875
21.700000762939453125 21.399999618530273438 19.520000457763671875 17.760000228881835938 17.370000839233398438 17.29000091552734375 17.340000152587890625 17.3899993896484375 17.379999160766601562 17.469999313354492188 17.6100006103515625 17.70999908447265625 17.739999771118164062 17.81999969482421875 17.850000381469726562 18.079999923706054688 18.329999923706054688 18 17.450000762939453125 17.31999969482421875 17.649999618530273438 17.8600006103515625 17.799999237060546875 17.479999542236328125 17.8600006103515625 18.159999847412109375 17.8600006103515625 17.940000534057617188 17.93000030517578125 17.950000762939453125 18.049999237060546875 18.1399993896484375 18.059999465942382812 18.129999160766601562 18.1100006103515625 18.1399993896484375 18.29000091552734375 18.059999465942382812 18.170000076293945312 18.18000030517578125 17.93000030517578125
23.700000762939453125 22.299999237060546875 21.280000686645507812 17.649999618530273438 17.45999908447265625 17.5 17.340000152587890625 17.5 17.440000534057617188 17.450000762939453125 17.489999771118164062 17.530000686645507812 17.79000091552734375 17.979999542236328125 17.850000381469726562 17.93000030517578125 18.090000152587890625 18.190000534057617188 18.06999969482421875 17.530000686645507812 17.409999847412109375 17.3600006103515625 17.56999969482421875 17.56999969482421875 17.649999618530273438 17.79000091552734375 17.950000762939453125 18.100000381469726562 17.840000152587890625 18.010000228881835938 18 17.940000534057617188 17.840000152587890625 17.79000091552734375 17.989999771118164062 18.159999847412109375 18.1399993896484375 18.329999923706054688 18.010000228881835938 18.090000152587890625 17.950000762939453125
23.1100006103515625 21.93000030517578125 19.5 17.159999847412109375 17.260000228881835938 17.29000091552734375 17.510000228881835938 17.309999465942382812 17.340000152587890625 17.469999313354492188 17.510000228881835938 17.479999542236328125 17.3600006103515625 17.719999313354492188 17.879999160766601562 17.979999542236328125 17.950000762939453125 17.989999771118164062 18.159999847412109375 17.95999908447265625 17.770000457763671875 17.530000686645507812 17.43000030517578125 17.309999465942382812 17.340000152587890625 17.3899993896484375 17.530000686645507812 17.549999237060546875 17.43000030517578125 17.579999923706054688 17.579999923706054688 17.729999542236328125 17.719999313354492188 17.649999618530273438 17.950000762939453125 18.200000762939453125 17.989999771118164062 17.8899993896484375 18.030000686645507812 18.159999847412109375 17.950000762939453125
