wildfire/work/fuelmodels/1807/ahn1.asc
ncols        370
nrows        259
xllcorner    169670.000000000000
yllcorner    475695.000000000000
cellsize     5.000000000000
NODATA_value   -999
[rows 72 to 89 of 259, columns 82 to 122 of 370]
13.170000076293945312 13.100000381469726562 13.239999771118164062 13.310000419616699219 13.06999969482421875 13.140000343322753906 13.189999580383300781 13.279999732971191406 13.350000381469726562 13.199999809265136719 13.43000030517578125 13.329999923706054688 13.489999771118164062 13.439999580383300781 13.329999923706054688 13.449999809265136719 13.359999656677246094 13.409999847412109375 13.439999580383300781 13.449999809265136719 13.56999969482421875 13.659999847412109375 13.43000030517578125 13.390000343322753906 13.390000343322753906 13.390000343322753906 13.329999923706054688 13.130000114440917969 13.31999969482421875 13.25 13.609999656677246094 13.460000038146972656 13.439999580383300781 13.18000030517578125 13.56999969482421875 13.760000228881835938 13.800000190734863281 13.939999580383300781 14.050000190734863281 14.270000457763671875 14.550000190734863281
12.909999847412109375 12.880000114440917969 12.869999885559082031 12.939999580383300781 12.960000038146972656 12.93000030517578125 12.93000030517578125 12.939999580383300781 12.899999618530273438 13.06999969482421875 13.119999885559082031 13.149999618530273438 13.260000228881835938 13.340000152587890625 13.279999732971191406 13.420000076293945312 13.420000076293945312 13.590000152587890625 12.869999885559082031 13.199999809265136719 13.460000038146972656 13.630000114440917969 13.350000381469726562 13.329999923706054688 13.140000343322753906 13.300000190734863281 13.329999923706054688 13.25 13.189999580383300781 13.329999923706054688 13.43000030517578125 13.449999809265136719 13.449999809265136719 13.079999923706054688 13.510000228881835938 13.93000030517578125 13.920000076293945312 14.100000381469726562 14.310000419616699219 14.300000190734863281 14.310000419616699219
12.890000343322753906 12.920000076293945312 12.890000343322753906 12.920000076293945312 12.93000030517578125 12.920000076293945312 12.939999580383300781 12.949999809265136719 12.970000267028808594 13.029999732971191406 13.010000228881835938 13.050000190734863281 13.079999923706054688 12.939999580383300781 13.06999969482421875 13.060000419616699219 13.310000419616699219 13.229999542236328125 13.25 13.25 13.439999580383300781 13.510000228881835938 13.5 13.460000038146972656 13.039999961853027344 13.100000381469726562 13.630000114440917969 13.369999885559082031 13.289999961853027344 13.270000457763671875 13.489999771118164062 13.550000190734863281 13.520000457763671875 13.300000190734863281 13.560000419616699219 13.810000419616699219 14.050000190734863281 14.199999809265136719 14.170000076293945312 14.329999923706054688 14.359999656677246094
12.880000114440917969 12.869999885559082031 12.899999618530273438 12.899999618530273438 12.93000030517578125 12.970000267028808594 12.989999771118164062 13.029999732971191406 13.079999923706054688 13.050000190734863281 13 13.100000381469726562 13.079999923706054688 13.119999885559082031 13.119999885559082031 12.920000076293945312 13.079999923706054688 13.090000152587890625 13.140000343322753906 13.050000190734863281 12.949999809265136719 13.060000419616699219 13.289999961853027344 13.18000030517578125 13.470000267028808594 12.770000457763671875 12.880000114440917969 13.100000381469726562 13.25 13.239999771118164062 13.350000381469726562 13.380000114440917969 13.270000457763671875 13.329999923706054688 13.550000190734863281 13.890000343322753906 13.810000419616699219 14.06999969482421875 14.43000030517578125 14.539999961853027344 14.670000076293945312
12.760000228881835938 12.770000457763671875 12.869999885559082031 12.920000076293945312 12.970000267028808594 13.020000457763671875 13.029999732971191406 13.060000419616699219 13.109999656677246094 13.090000152587890625 13.109999656677246094 13.060000419616699219 13.119999885559082031 13.149999618530273438 13.18000030517578125 13.210000038146972656 13.06999969482421875 13.140000343322753906 13.159999847412109375 13.18000030517578125 13.119999885559082031 13.340000152587890625 13.270000457763671875 13.359999656677246094 13.829999923706054688 14.100000381469726562 12.729999542236328125 13.390000343322753906 13.489999771118164062 13.43000030517578125 13.329999923706054688 13.31999969482421875 13.210000038146972656 13.300000190734863281 13.5 13.520000457763671875 13.640000343322753906 13.909999847412109375 14.140000343322753906 14.399999618530273438 14.390000343322753906
13.06999969482421875 12.979999542236328125 13.119999885559082031 12.939999580383300781 13.020000457763671875 12.939999580383300781 12.840000152587890625 12.890000343322753906 12.979999542236328125 13.050000190734863281 13.060000419616699219 13.050000190734863281 13.100000381469726562 13.159999847412109375 13.210000038146972656 13.239999771118164062 13.100000381469726562 13.390000343322753906 13.31999969482421875 13.670000076293945312 13.25 13.350000381469726562 13.439999580383300781 13.659999847412109375 14.239999771118164062 14.789999961853027344 13.460000038146972656 13.260000228881835938 13.619999885559082031 13.600000381469726562 13.56999969482421875 13.689999580383300781 13.600000381469726562 13.43000030517578125 13.369999885559082031 13.739999771118164062 14.220000267028808594 13.710000038146972656 13.359999656677246094 13.510000228881835938 14.260000228881835938
13.270000457763671875 13.310000419616699219 13.300000190734863281 13.300000190734863281 13.329999923706054688 13.140000343322753906 13.079999923706054688 12.979999542236328125 13.229999542236328125 13.229999542236328125 13.289999961853027344 13.220000267028808594 13.220000267028808594 13.079999923706054688 13.100000381469726562 13.210000038146972656 13.279999732971191406 13.279999732971191406 13.239999771118164062 13.260000228881835938 13.369999885559082031 13.449999809265136719 13.609999656677246094 13.68000030517578125 14.100000381469726562 14.779999732971191406 13.989999771118164062 13.109999656677246094 13.75 13.699999809265136719 13.590000152587890625 13.539999961853027344 13.310000419616699219 13.619999885559082031 13.329999923706054688 14 14.25 13.510000228881835938 13.489999771118164062 13.510000228881835938 13.720000267028808594
13.56999969482421875 13.689999580383300781 13.579999923706054688 13.479999542236328125 13.439999580383300781 13.380000114440917969 13.300000190734863281 13.279999732971191406 13.399999618530273438 13.279999732971191406 13.420000076293945312 13.119999885559082031 13.340000152587890625 13.199999809265136719 13.420000076293945312 13.390000343322753906 13.439999580383300781 13.630000114440917969 13.420000076293945312 13.520000457763671875 13.510000228881835938 13.539999961853027344 13.859999656677246094 14.029999732971191406 14.140000343322753906 14.810000419616699219 14.609999656677246094 13.470000267028808594 13.770000457763671875 13.789999961853027344 13.840000152587890625 13.579999923706054688 13.5 13.739999771118164062 13.460000038146972656 13.729999542236328125 13.75 13.470000267028808594 13.529999732971191406 13.579999923706054688 13.68000030517578125
13.460000038146972656 13.409999847412109375 13.390000343322753906 13.43000030517578125 13.43000030517578125 13.470000267028808594 13.5 13.510000228881835938 13.479999542236328125 13.520000457763671875 13.529999732971191406 13.5 13.550000190734863281 13.630000114440917969 13.399999618530273438 13.539999961853027344 13.579999923706054688 13.720000267028808594 13.800000190734863281 13.810000419616699219 13.920000076293945312 14.149999618530273438 14.18000030517578125 14.239999771118164062 14.229999542236328125 14.869999885559082031 15.170000076293945312 13.220000267028808594 13.729999542236328125 13.970000267028808594 13.899999618530273438 13.779999732971191406 13.649999618530273438 13.699999809265136719 14.109999656677246094 14.399999618530273438 13.939999580383300781 13.420000076293945312 13.479999542236328125 13.600000381469726562 13.649999618530273438
13.350000381469726562 13.460000038146972656 13.470000267028808594 13.489999771118164062 13.640000343322753906 13.579999923706054688 13.630000114440917969 13.710000038146972656 13.529999732971191406 13.590000152587890625 14.010000228881835938 13.810000419616699219 13.670000076293945312 13.489999771118164062 13.770000457763671875 13.81999969482421875 14.010000228881835938 14.029999732971191406 13.970000267028808594 13.960000038146972656 14.170000076293945312 14.130000114440917969 14.289999961853027344 14.260000228881835938 14.310000419616699219 14.720000267028808594 15.220000267028808594 13.710000038146972656 13.550000190734863281 14.020000457763671875 14.090000152587890625 14 14 13.100000381469726562 14.470000267028808594 14.609999656677246094 13.890000343322753906 13.590000152587890625 13.659999847412109375 13.630000114440917969 13.609999656677246094
13.279999732971191406 13.369999885559082031 13.56999969482421875 13.510000228881835938 13.489999771118164062 13.600000381469726562 13.659999847412109375 13.579999923706054688 13.729999542236328125 13.710000038146972656 13.979999542236328125 13.979999542236328125 14.109999656677246094 13.949999809265136719 13.949999809265136719 14.029999732971191406 14.050000190734863281 14.189999580383300781 14.050000190734863281 14.18000030517578125 14.279999732971191406 14.229999542236328125 14.279999732971191406 14.359999656677246094 14.460000038146972656 14.600000381469726562 15.369999885559082031 14.520000457763671875 13.529999732971191406 13.710000038146972656 14.5 14.220000267028808594 14.369999885559082031 13.18000030517578125 14.479999542236328125 14.670000076293945312 13.979999542236328125 13.720000267028808594 13.689999580383300781 13.75 13.649999618530273438
13.390000343322753906 13.449999809265136719 13.520000457763671875 13.630000114440917969 13.720000267028808594 13.739999771118164062 13.75 13.850000381469726562 13.689999580383300781 13.869999885559082031 14.010000228881835938 14.039999961853027344 13.850000381469726562 13.970000267028808594 14.039999961853027344 14.079999923706054688 14.060000419616699219 14.130000114440917969 14.239999771118164062 14.409999847412109375 14.229999542236328125 14.199999809265136719 14.409999847412109375 14.369999885559082031 14.479999542236328125 14.630000114440917969 15.350000381469726562 15.140000343322753906 13.510000228881835938 13.710000038146972656 14.5 14.470000267028808594 14.539999961853027344 13.960000038146972656 13.93000030517578125 14.579999923706054688 14.579999923706054688 14.109999656677246094 13.800000190734863281 13.810000419616699219 13.770000457763671875
13.449999809265136719 13.409999847412109375 13.699999809265136719 13.770000457763671875 13.840000152587890625 13.840000152587890625 13.810000419616699219 13.779999732971191406 13.859999656677246094 14.020000457763671875 13.909999847412109375 13.909999847412109375 13.970000267028808594 13.81999969482421875 13.93000030517578125 14.060000419616699219 14 14.029999732971191406 14.220000267028808594 14.399999618530273438 14.220000267028808594 14.369999885559082031 14.340000152587890625 14.359999656677246094 14.630000114440917969 14.739999771118164062 15.300000190734863281 15.399999618530273438 14.189999580383300781 13.56999969482421875 14.18000030517578125 14.5 14.359999656677246094 14.829999923706054688 13.520000457763671875 14.220000267028808594 14.729999542236328125 14.760000228881835938 13.979999542236328125 13.859999656677246094 13.850000381469726562
13.550000190734863281 13.560000419616699219 13.56999969482421875 13.659999847412109375 13.869999885559082031 13.979999542236328125 13.869999885559082031 13.909999847412109375 13.979999542236328125 14.020000457763671875 13.890000343322753906 13.989999771118164062 13.869999885559082031 13.960000038146972656 13.840000152587890625 13.859999656677246094 13.960000038146972656 14.140000343322753906 14.159999847412109375 14.340000152587890625 14.270000457763671875 14.329999923706054688 14.239999771118164062 14.189999580383300781 14.590000152587890625 14.390000343322753906 15.220000267028808594 15.359999656677246094 14.590000152587890625 13.229999542236328125 13.939999580383300781 14.789999961853027344 14.479999542236328125 14.779999732971191406 14.760000228881835938 13.439999580383300781 14.270000457763671875 14.949999809265136719 15.199999809265136719 14.649999618530273438 13.689999580383300781
13.56999969482421875 13.729999542236328125 13.720000267028808594 13.810000419616699219 13.710000038146972656 13.920000076293945312 13.720000267028808594 13.949999809265136719 14.010000228881835938 13.840000152587890625 13.979999542236328125 14 13.720000267028808594 13.840000152587890625 13.739999771118164062 13.829999923706054688 13.800000190734863281 13.949999809265136719 13.840000152587890625 14.270000457763671875 14.189999580383300781 14.199999809265136719 14.039999961853027344 14.18000030517578125 14.279999732971191406 14.18000030517578125 15.18000030517578125 15.369999885559082031 14.920000076293945312 13.850000381469726562 13.279999732971191406 14.670000076293945312 14.640000343322753906 14.68000030517578125 15.109999656677246094 15.109999656677246094 14.479999542236328125 14.859999656677246094 15.090000152587890625 14.829999923706054688 13.81999969482421875
13.659999847412109375 13.600000381469726562 13.630000114440917969 13.739999771118164062 13.920000076293945312 13.770000457763671875 13.840000152587890625 13.800000190734863281 14.039999961853027344 13.800000190734863281 13.869999885559082031 13.840000152587890625 13.68000030517578125 13.539999961853027344 13.649999618530273438 13.81999969482421875 13.770000457763671875 13.550000190734863281 13.739999771118164062 13.81999969482421875 13.859999656677246094 14.020000457763671875 13.920000076293945312 13.939999580383300781 13.729999542236328125 14.020000457763671875 15.020000457763671875 15.25 15.109999656677246094 14.359999656677246094 13.229999542236328125 14.579999923706054688 14.899999618530273438 14.800000190734863281 14.840000152587890625 15.239999771118164062 14.829999923706054688 14.109999656677246094 15.010000228881835938 14.829999923706054688 14.520000457763671875
13.630000114440917969 13.699999809265136719 13.670000076293945312 13.770000457763671875 13.739999771118164062 13.779999732971191406 13.75 13.779999732971191406 13.460000038146972656 13.590000152587890625 13.479999542236328125 13.699999809265136719 13.720000267028808594 13.710000038146972656 13.630000114440917969 13.699999809265136719 13.630000114440917969 13.859999656677246094 13.739999771118164062 13.539999961853027344 13.590000152587890625 13.550000190734863281 13.619999885559082031 13.779999732971191406 13.659999847412109375 13.739999771118164062 14.710000038146972656 15.100000381469726562 14.739999771118164062 14.31999969482421875 13.75 14.399999618530273438 14.850000381469726562 14.640000343322753906 14.739999771118164062 15 15.220000267028808594 15.489999771118164062 14.390000343322753906 14.970000267028808594 14.649999618530273438
13.609999656677246094 13.640000343322753906 13.800000190734863281 13.770000457763671875 13.739999771118164062 13.630000114440917969 13.710000038146972656 13.710000038146972656 13.560000419616699219 13.56999969482421875 13.630000114440917969 13.609999656677246094 13.659999847412109375 13.689999580383300781 13.649999618530273438 13.710000038146972656 13.699999809265136719 13.590000152587890625 13.529999732971191406 13.720000267028808594 13.699999809265136719 13.720000267028808594 13.489999771118164062 13.689999580383300781 13.539999961853027344 13.729999542236328125 14.340000152587890625 15.029999732971191406 14.31999969482421875 13.149999618530273438 13.989999771118164062 14.25 14.609999656677246094 14.659999847412109375 15.039999961853027344 14.909999847412109375 15.159999847412109375 15.340000152587890625 14.25 14.289999961853027344 14.810000419616699219
