wildfire/work/fuelmodels/1807/ahn1.asc
ncols        370
nrows        259
xllcorner    169670.000000000000
yllcorner    475695.000000000000
cellsize     5.000000000000
NODATA_value   -999
[rows 198 to 215 of 259, columns 0 to 40 of 370]
12.399999618530273438 12.510000228881835938 12.56999969482421875 12.659999847412109375 12.779999732971191406 12.81999969482421875 12.75 12.81999969482421875 12.899999618530273438 12.949999809265136719 13.010000228881835938 12.909999847412109375 12.890000343322753906 12.869999885559082031 12.909999847412109375 12.770000457763671875 12.810000419616699219 12.729999542236328125 12.810000419616699219 12.880000114440917969 12.800000190734863281 12.850000381469726562 12.81999969482421875 12.800000190734863281 12.850000381469726562 12.840000152587890625 12.93000030517578125 12.909999847412109375 12.949999809265136719 13 13 13.039999961853027344 13.130000114440917969 13.119999885559082031 13.189999580383300781 13.130000114440917969 13.18000030517578125 13.229999542236328125 13.199999809265136719 13.100000381469726562 13.770000457763671875
12.390000343322753906 12.510000228881835938 12.5 12.810000419616699219 12.890000343322753906 12.720000267028808594 12.810000419616699219 12.880000114440917969 12.93000030517578125 13 12.949999809265136719 12.800000190734863281 12.840000152587890625 12.890000343322753906 12.890000343322753906 12.869999885559082031 12.729999542236328125 12.75 12.800000190734863281 12.779999732971191406 12.810000419616699219 12.810000419616699219 12.890000343322753906 12.760000228881835938 12.800000190734863281 12.829999923706054688 12.850000381469726562 12.909999847412109375 13.06999969482421875 13.020000457763671875 13 13.039999961853027344 13.109999656677246094 13.100000381469726562 13.25 13.109999656677246094 13.130000114440917969 13.140000343322753906 13.159999847412109375 13.229999542236328125 13.56999969482421875
12.390000343322753906 12.520000457763671875 12.619999885559082031 13.010000228881835938 12.93000030517578125 12.840000152587890625 12.880000114440917969 12.909999847412109375 12.890000343322753906 12.920000076293945312 12.979999542236328125 12.770000457763671875 12.729999542236328125 12.689999580383300781 12.720000267028808594 12.789999961853027344 12.779999732971191406 12.810000419616699219 12.840000152587890625 12.779999732971191406 12.840000152587890625 12.800000190734863281 12.760000228881835938 12.81999969482421875 12.729999542236328125 12.850000381469726562 12.859999656677246094 13.010000228881835938 12.989999771118164062 13.050000190734863281 12.960000038146972656 13.090000152587890625 13.060000419616699219 13.140000343322753906 13.109999656677246094 13.100000381469726562 13.199999809265136719 13.159999847412109375 13.159999847412109375 13.359999656677246094 13.550000190734863281
12.380000114440917969 12.5 12.699999809265136719 12.920000076293945312 12.850000381469726562 12.850000381469726562 12.899999618530273438 12.970000267028808594 12.960000038146972656 13 12.939999580383300781 12.609999656677246094 12.729999542236328125 12.760000228881835938 12.829999923706054688 12.840000152587890625 12.840000152587890625 12.810000419616699219 12.840000152587890625 12.840000152587890625 12.81999969482421875 12.859999656677246094 12.81999969482421875 12.75 12.779999732971191406 12.810000419616699219 12.880000114440917969 12.880000114440917969 12.939999580383300781 12.960000038146972656 12.960000038146972656 13 13.029999732971191406 13.039999961853027344 13.079999923706054688 13.079999923706054688 13.100000381469726562 13.210000038146972656 13.029999732971191406 13.5 13.520000457763671875
12.229999542236328125 12.670000076293945312 12.619999885559082031 12.869999885559082031 12.970000267028808594 12.859999656677246094 12.960000038146972656 12.920000076293945312 12.93000030517578125 13.010000228881835938 12.899999618530273438 12.5 12.590000152587890625 12.619999885559082031 12.939999580383300781 12.829999923706054688 12.770000457763671875 12.800000190734863281 12.779999732971191406 12.779999732971191406 12.68000030517578125 12.760000228881835938 12.739999771118164062 12.760000228881835938 12.81999969482421875 12.93000030517578125 12.850000381469726562 12.779999732971191406 12.850000381469726562 12.880000114440917969 12.899999618530273438 12.890000343322753906 13 13.060000419616699219 13.079999923706054688 13.050000190734863281 13.119999885559082031 12.890000343322753906 13.229999542236328125 13.380000114440917969 13.369999885559082031
12.210000038146972656 12.529999732971191406 12.68000030517578125 12.960000038146972656 12.979999542236328125 12.899999618530273438 13 12.93000030517578125 13.079999923706054688 12.93000030517578125 12.869999885559082031 12.609999656677246094 12.649999618530273438 12.699999809265136719 12.949999809265136719 12.829999923706054688 12.75 12.640000343322753906 12.770000457763671875 12.739999771118164062 12.75 12.850000381469726562 12.739999771118164062 12.689999580383300781 12.909999847412109375 12.899999618530273438 12.810000419616699219 12.810000419616699219 12.789999961853027344 12.81999969482421875 12.93000030517578125 12.920000076293945312 13 13.090000152587890625 13.079999923706054688 12.939999580383300781 12.979999542236328125 12.939999580383300781 12.989999771118164062 13.420000076293945312 13.109999656677246094
12.420000076293945312 12.670000076293945312 12.850000381469726562 13.140000343322753906 12.979999542236328125 13.109999656677246094 13.039999961853027344 13 13.010000228881835938 12.949999809265136719 12.880000114440917969 12.649999618530273438 12.770000457763671875 12.739999771118164062 12.789999961853027344 12.739999771118164062 12.699999809265136719 12.710000038146972656 12.670000076293945312 12.68000030517578125 12.649999618530273438 12.720000267028808594 12.779999732971191406 12.710000038146972656 12.81999969482421875 12.81999969482421875 12.859999656677246094 12.859999656677246094 12.800000190734863281 12.93000030517578125 12.859999656677246094 12.939999580383300781 12.939999580383300781 12.93000030517578125 12.800000190734863281 12.880000114440917969 12.93000030517578125 12.729999542236328125 13.439999580383300781 13.279999732971191406 13.289999961853027344
12.520000457763671875 12.829999923706054688 12.810000419616699219 13.039999961853027344 13.100000381469726562 13.18000030517578125 13.149999618530273438 13.260000228881835938 13.369999885559082031 13.109999656677246094 13 12.779999732971191406 12.869999885559082031 12.739999771118164062 12.770000457763671875 12.739999771118164062 12.640000343322753906 12.710000038146972656 12.720000267028808594 12.699999809265136719 12.739999771118164062 12.739999771118164062 12.5 12.710000038146972656 12.850000381469726562 12.850000381469726562 12.840000152587890625 12.840000152587890625 12.890000343322753906 12.979999542236328125 12.93000030517578125 12.909999847412109375 12.840000152587890625 12.789999961853027344 12.770000457763671875 12.859999656677246094 12.810000419616699219 12.670000076293945312 13.31999969482421875 13.220000267028808594 13.25
12.590000152587890625 12.649999618530273438 12.989999771118164062 13.039999961853027344 13.109999656677246094 13.279999732971191406 13.710000038146972656 13.649999618530273438 13.380000114440917969 13.31999969482421875 13.060000419616699219 12.739999771118164062 12.880000114440917969 12.789999961853027344 12.770000457763671875 12.75 12.75 12.810000419616699219 12.779999732971191406 12.699999809265136719 12.659999847412109375 12.689999580383300781 12.770000457763671875 12.75 12.81999969482421875 12.869999885559082031 12.869999885559082031 12.899999618530273438 12.93000030517578125 12.93000030517578125 12.920000076293945312 12.869999885559082031 12.800000190734863281 12.850000381469726562 12.850000381469726562 12.920000076293945312 12.909999847412109375 13.510000228881835938 13.220000267028808594 13.25 13.239999771118164062
12.579999923706054688 12.739999771118164062 12.899999618530273438 13.039999961853027344 13 13.220000267028808594 13.609999656677246094 13.380000114440917969 13.340000152587890625 13.199999809265136719 13.060000419616699219 12.810000419616699219 12.949999809265136719 12.810000419616699219 12.779999732971191406 12.829999923706054688 12.81999969482421875 12.840000152587890625 12.829999923706054688 12.859999656677246094 12.75 12.810000419616699219 12.770000457763671875 12.729999542236328125 12.850000381469726562 12.859999656677246094 12.840000152587890625 12.890000343322753906 12.890000343322753906 12.810000419616699219 12.710000038146972656 12.890000343322753906 12.850000381469726562 12.869999885559082031 12.840000152587890625 12.949999809265136719 12.920000076293945312 13.310000419616699219 13.109999656677246094 13.18000030517578125 13.300000190734863281
12.670000076293945312 12.710000038146972656 12.960000038146972656 13.050000190734863281 13.079999923706054688 13.100000381469726562 13.199999809265136719 13.149999618530273438 13.100000381469726562 13.06999969482421875 12.93000030517578125 12.739999771118164062 12.850000381469726562 12.770000457763671875 12.81999969482421875 12.829999923706054688 12.829999923706054688 12.81999969482421875 12.840000152587890625 12.880000114440917969 12.739999771118164062 12.75 12.75 12.739999771118164062 12.729999542236328125 12.800000190734863281 12.789999961853027344 12.890000343322753906 12.840000152587890625 12.729999542236328125 12.729999542236328125 12.810000419616699219 12.869999885559082031 12.890000343322753906 12.899999618530273438 12.850000381469726562 12.31999969482421875 13.640000343322753906 13.140000343322753906 13.06999969482421875 13.260000228881835938
12.729999542236328125 12.739999771118164062 12.989999771118164062 13.020000457763671875 12.989999771118164062 13.130000114440917969 13.06999969482421875 13.149999618530273438 13.06999969482421875 12.93000030517578125 12.840000152587890625 12.710000038146972656 12.81999969482421875 12.789999961853027344 12.869999885559082031 12.869999885559082031 12.840000152587890625 12.869999885559082031 12.869999885559082031 12.810000419616699219 12.760000228881835938 12.75 12.75 12.779999732971191406 12.81999969482421875 12.760000228881835938 12.670000076293945312 12.810000419616699219 12.770000457763671875 12.729999542236328125 12.729999542236328125 12.840000152587890625 12.81999969482421875 12.869999885559082031 12.939999580383300781 12.859999656677246094 12.939999580383300781 13.289999961853027344 13.06999969482421875 13.260000228881835938 13.460000038146972656
12.869999885559082031 12.979999542236328125 12.989999771118164062 12.989999771118164062 13 13.220000267028808594 12.979999542236328125 13.140000343322753906 13.039999961853027344 12.880000114440917969 12.810000419616699219 12.699999809265136719 12.829999923706054688 12.760000228881835938 12.850000381469726562 12.970000267028808594 12.850000381469726562 12.920000076293945312 12.920000076293945312 12.850000381469726562 12.789999961853027344 12.75 12.789999961853027344 12.729999542236328125 12.729999542236328125 12.75 12.659999847412109375 12.739999771118164062 12.710000038146972656 12.729999542236328125 12.699999809265136719 12.800000190734863281 12.829999923706054688 12.890000343322753906 12.890000343322753906 12.850000381469726562 13.130000114440917969 13.199999809265136719 13.239999771118164062 13.390000343322753906 13.229999542236328125
12.829999923706054688 12.899999618530273438 12.970000267028808594 12.840000152587890625 12.850000381469726562 12.890000343322753906 12.800000190734863281 12.869999885559082031 12.800000190734863281 12.710000038146972656 12.75 12.81999969482421875 12.81999969482421875 12.81999969482421875 12.859999656677246094 12.970000267028808594 12.960000038146972656 12.93000030517578125 13.020000457763671875 12.880000114440917969 12.859999656677246094 12.840000152587890625 12.739999771118164062 12.710000038146972656 12.56999969482421875 12.789999961853027344 12.649999618530273438 12.689999580383300781 12.729999542236328125 12.739999771118164062 12.720000267028808594 12.800000190734863281 12.800000190734863281 12.869999885559082031 12.899999618530273438 12.760000228881835938 13.399999618530273438 13.479999542236328125 13.18000030517578125 13.260000228881835938 13.170000076293945312
12.770000457763671875 12.890000343322753906 12.829999923706054688 12.850000381469726562 12.770000457763671875 12.699999809265136719 12.640000343322753906 12.590000152587890625 12.739999771118164062 12.710000038146972656 12.770000457763671875 12.800000190734863281 12.779999732971191406 12.789999961853027344 12.960000038146972656 12.949999809265136719 12.920000076293945312 12.899999618530273438 12.979999542236328125 12.850000381469726562 12.739999771118164062 12.760000228881835938 12.689999580383300781 12.670000076293945312 12.670000076293945312 12.729999542236328125 12.659999847412109375 12.689999580383300781 12.75 12.739999771118164062 12.770000457763671875 12.789999961853027344 12.789999961853027344 12.779999732971191406 12.869999885559082031 13.029999732971191406 13.100000381469726562 12.93000030517578125 13.18000030517578125 13.199999809265136719 13.109999656677246094
12.729999542236328125 12.699999809265136719 12.75 12.710000038146972656 12.590000152587890625 12.600000381469726562 12.590000152587890625 12.649999618530273438 12.640000343322753906 12.710000038146972656 12.739999771118164062 12.649999618530273438 12.760000228881835938 12.890000343322753906 12.970000267028808594 12.909999847412109375 12.93000030517578125 12.850000381469726562 12.880000114440917969 12.829999923706054688 12.789999961853027344 12.770000457763671875 12.689999580383300781 12.739999771118164062 12.720000267028808594 12.689999580383300781 12.670000076293945312 12.699999809265136719 12.789999961853027344 12.789999961853027344 12.81999969482421875 12.850000381469726562 12.920000076293945312 12.859999656677246094 12.850000381469726562 13.229999542236328125 13.079999923706054688 13.039999961853027344 13.06999969482421875 13.189999580383300781 13.210000038146972656
12.329999923706054688 12.439999580383300781 12.600000381469726562 12.630000114440917969 12.529999732971191406 12.640000343322753906 12.68000030517578125 12.739999771118164062 12.720000267028808594 12.840000152587890625 12.760000228881835938 12.770000457763671875 12.729999542236328125 12.939999580383300781 13 12.979999542236328125 12.920000076293945312 12.789999961853027344 12.949999809265136719 12.810000419616699219 12.630000114440917969 12.729999542236328125 12.699999809265136719 12.710000038146972656 12.68000030517578125 12.659999847412109375 12.689999580383300781 12.75 12.840000152587890625 12.869999885559082031 12.869999885559082031 12.899999618530273438 12.850000381469726562 12.890000343322753906 13.039999961853027344 12.890000343322753906 12.880000114440917969 13.06999969482421875 12.960000038146972656 13.060000419616699219 13.210000038146972656
12.619999885559082031 12.350000381469726562 12.31999969482421875 12.449999809265136719 12.399999618530273438 12.529999732971191406 12.5 12.579999923706054688 12.670000076293945312 12.710000038146972656 12.659999847412109375 12.659999847412109375 12.56999969482421875 12.899999618530273438 13.020000457763671875 13 12.989999771118164062 12.859999656677246094 12.960000038146972656 12.840000152587890625 12.770000457763671875 12.770000457763671875 12.75 12.670000076293945312 12.699999809265136719 12.630000114440917969 12.720000267028808594 12.770000457763671875 12.81999969482421875 12.859999656677246094 12.850000381469726562 12.81999969482421875 13.140000343322753906 13.06999969482421875 12.939999580383300781 12.920000076293945312 12.899999618530273438 13.010000228881835938 12.989999771118164062 13.149999618530273438 13.260000228881835938
