wildfire/work/fuelmodels/1807/ahn1.asc
ncols        370
nrows        259
xllcorner    169670.000000000000
yllcorner    475695.000000000000
cellsize     5.000000000000
NODATA_value   -999
[rows 162 to 179 of 259, columns 164 to 204 of 370]
15.970000267028808594 15.970000267028808594 15.659999847412109375 15.920000076293945312 15.760000228881835938 15.760000228881835938 16.489999771118164062 16.3600006103515625 16.520000457763671875 16.6399993896484375 16.6100006103515625 16.270000457763671875 16.170000076293945312 16.329999923706054688 16.719999313354492188 16.450000762939453125 16.43000030517578125 16.5 16.559999465942382812 16.690000534057617188 16.649999618530273438 16.670000076293945312 16.54000091552734375 16.530000686645507812 16.690000534057617188 16.829999923706054688 17.030000686645507812 17 17.090000152587890625 17.18000030517578125 17.260000228881835938 17.469999313354492188 17.440000534057617188 17.340000152587890625 17.350000381469726562 17.3899993896484375 17.520000457763671875 17.68000030517578125 18.100000381469726562 17.940000534057617188 17.920000076293945312
16.159999847412109375 15.920000076293945312 15.640000343322753906 16.010000228881835938 15.920000076293945312 15.840000152587890625 16.299999237060546875 16.059999465942382812 16.45999908447265625 16.200000762939453125 16.56999969482421875 16.190000534057617188 16.280000686645507812 16.329999923706054688 16.659999847412109375 16.629999160766601562 16.370000839233398438 16.559999465942382812 16.629999160766601562 16.799999237060546875 16.719999313354492188 16.739999771118164062 16.70999908447265625 16.729999542236328125 16.850000381469726562 16.879999160766601562 16.93000030517578125 17.1100006103515625 17.120000839233398438 17.170000076293945312 17.200000762939453125 17.780000686645507812 17.559999465942382812 17.479999542236328125 17.530000686645507812 17.399999618530273438 17.530000686645507812 17.70999908447265625 17.95999908447265625 17.989999771118164062 18.059999465942382812
15.890000343322753906 15.899999618530273438 15.949999809265136719 15.81999969482421875 15.93000030517578125 16.590000152587890625 16.1399993896484375 16.379999160766601562 16.489999771118164062 16.530000686645507812 16.690000534057617188 16.760000228881835938 16.45999908447265625 16.299999237060546875 16.670000076293945312 16.670000076293945312 16.670000076293945312 16.690000534057617188 16.770000457763671875 16.659999847412109375 16.700000762939453125 16.70999908447265625 16.719999313354492188 16.68000030517578125 16.870000839233398438 16.969999313354492188 17.059999465942382812 17.149999618530273438 17.200000762939453125 17.190000534057617188 17.260000228881835938 18.399999618530273438 17.93000030517578125 17.68000030517578125 17.659999847412109375 17.840000152587890625 17.6399993896484375 17.649999618530273438 17.93000030517578125 17.950000762939453125 17.940000534057617188
16.049999237060546875 16.04000091552734375 15.970000267028808594 15.949999809265136719 15.939999580383300781 15.909999847412109375 16.590000152587890625 16.6399993896484375 16.799999237060546875 16.770000457763671875 16.809999465942382812 16.68000030517578125 16.45999908447265625 16.3600006103515625 16.690000534057617188 16.70999908447265625 16.520000457763671875 17.409999847412109375 16.760000228881835938 16.870000839233398438 16.81999969482421875 16.850000381469726562 16.79000091552734375 16.649999618530273438 16.850000381469726562 16.95999908447265625 17.059999465942382812 17.049999237060546875 17.030000686645507812 17.1399993896484375 17.219999313354492188 18.31999969482421875 18.350000381469726562 18.329999923706054688 18.049999237060546875 17.79000091552734375 17.829999923706054688 17.690000534057617188 17.879999160766601562 17.920000076293945312 17.940000534057617188
16.020000457763671875 15.989999771118164062 15.970000267028808594 16.120000839233398438 16.06999969482421875 16.079999923706054688 16.079999923706054688 16.6399993896484375 16.760000228881835938 16.850000381469726562 16.549999237060546875 16.590000152587890625 16.399999618530273438 16.520000457763671875 16.75 16.739999771118164062 16.29000091552734375 16.8899993896484375 16.879999160766601562 16.870000839233398438 16.969999313354492188 16.93000030517578125 16.81999969482421875 16.899999618530273438 16.93000030517578125 16.989999771118164062 17.059999465942382812 17.149999618530273438 17.1399993896484375 17.1399993896484375 17.159999847412109375 18.3600006103515625 18.3600006103515625 18.370000839233398438 18.370000839233398438 18.299999237060546875 17.940000534057617188 18.190000534057617188 18.510000228881835938 18.510000228881835938 17.920000076293945312
16.04000091552734375 16.090000152587890625 15.869999885559082031 15.890000343322753906 15.960000038146972656 15.850000381469726562 16.04000091552734375 16.620000839233398438 16.690000534057617188 16.690000534057617188 16.489999771118164062 16.559999465942382812 16.520000457763671875 16.520000457763671875 16.770000457763671875 16.760000228881835938 16.559999465942382812 16.700000762939453125 16.81999969482421875 16.899999618530273438 16.969999313354492188 16.8899993896484375 16.899999618530273438 16.920000076293945312 16.95999908447265625 17.020000457763671875 17.049999237060546875 17.129999160766601562 17.06999969482421875 17.190000534057617188 17.809999465942382812 18.31999969482421875 18.309999465942382812 18.3600006103515625 18.3600006103515625 18.3600006103515625 18.450000762939453125 18.600000381469726562 18.770000457763671875 18.270000457763671875 18.030000686645507812
16.04000091552734375 16.25 16.170000076293945312 16.059999465942382812 16.29000091552734375 16.260000228881835938 16.370000839233398438 16.56999969482421875 16.690000534057617188 16.700000762939453125 16.729999542236328125 16.54000091552734375 16.579999923706054688 16.829999923706054688 16.590000152587890625 16.520000457763671875 16.739999771118164062 16.629999160766601562 16.81999969482421875 16.840000152587890625 16.879999160766601562 16.920000076293945312 16.940000534057617188 17.010000228881835938 16.969999313354492188 17.030000686645507812 17.06999969482421875 17.079999923706054688 17.170000076293945312 17.20999908447265625 18.159999847412109375 18.329999923706054688 18.329999923706054688 18.329999923706054688 18.3600006103515625 18.340000152587890625 18.379999160766601562 18.56999969482421875 18.340000152587890625 18.1100006103515625 17.979999542236328125
16.04000091552734375 16.010000228881835938 15.989999771118164062 16.100000381469726562 16.159999847412109375 16.04000091552734375 16.159999847412109375 16.31999969482421875 16.770000457763671875 16.649999618530273438 16.729999542236328125 16.450000762939453125 16.399999618530273438 16.8600006103515625 16.829999923706054688 16.6399993896484375 16.530000686645507812 16.54000091552734375 16.659999847412109375 16.68000030517578125 16.780000686645507812 16.850000381469726562 16.840000152587890625 16.8600006103515625 16.950000762939453125 16.979999542236328125 17.010000228881835938 17.020000457763671875 17.100000381469726562 17.18000030517578125 18.239999771118164062 18.340000152587890625 18.5 18.31999969482421875 18.3899993896484375 18.3600006103515625 18.590000152587890625 18.649999618530273438 18.3600006103515625 18.280000686645507812 17.8899993896484375
16.520000457763671875 16.29000091552734375 16.1100006103515625 16.18000030517578125 15.960000038146972656 16.170000076293945312 16.239999771118164062 16.469999313354492188 16.729999542236328125 16.440000534057617188 16.809999465942382812 16.5 16.590000152587890625 16.829999923706054688 16.770000457763671875 16.799999237060546875 16.940000534057617188 16.68000030517578125 16.770000457763671875 16.799999237060546875 16.81999969482421875 16.899999618530273438 16.899999618530273438 16.950000762939453125 16.969999313354492188 16.979999542236328125 17.030000686645507812 17.020000457763671875 17.059999465942382812 17.090000152587890625 18.280000686645507812 18.350000381469726562 18.440000534057617188 18.420000076293945312 18.469999313354492188 18.659999847412109375 18.75 18.260000228881835938 18.20999908447265625 18.129999160766601562 17.690000534057617188
16.25 16.149999618530273438 16.440000534057617188 16.3600006103515625 16.159999847412109375 16.049999237060546875 16.170000076293945312 16.31999969482421875 16.68000030517578125 16.3600006103515625 16.450000762939453125 16.579999923706054688 16.760000228881835938 16.700000762939453125 16.780000686645507812 16.760000228881835938 17.06999969482421875 16.79000091552734375 16.809999465942382812 16.870000839233398438 16.840000152587890625 16.870000839233398438 16.950000762939453125 16.93000030517578125 17.030000686645507812 16.950000762939453125 16.950000762939453125 17.010000228881835938 17.04000091552734375 17.04000091552734375 18.370000839233398438 18.479999542236328125 18.6399993896484375 18.420000076293945312 18.469999313354492188 18.54000091552734375 18.280000686645507812 18.530000686645507812 18.149999618530273438 17.600000381469726562 17.809999465942382812
16.43000030517578125 16.170000076293945312 16.079999923706054688 16.1399993896484375 16.149999618530273438 16.260000228881835938 16.229999542236328125 16.159999847412109375 16.340000152587890625 16.420000076293945312 16.770000457763671875 16.579999923706054688 16.549999237060546875 16.659999847412109375 16.659999847412109375 16.629999160766601562 17.030000686645507812 16.780000686645507812 16.899999618530273438 16.979999542236328125 16.920000076293945312 16.95999908447265625 16.979999542236328125 16.95999908447265625 16.969999313354492188 17.100000381469726562 16.95999908447265625 17.04000091552734375 17.079999923706054688 17.06999969482421875 18.090000152587890625 18.329999923706054688 18.20999908447265625 18.270000457763671875 18.229999542236328125 18.29000091552734375 18.1399993896484375 18.18000030517578125 17.530000686645507812 17.549999237060546875 17.79000091552734375
16.260000228881835938 15.949999809265136719 15.970000267028808594 16.1399993896484375 16.1399993896484375 16.200000762939453125 16.280000686645507812 16.20999908447265625 16.100000381469726562 16.670000076293945312 16.70999908447265625 16.909999847412109375 16.8600006103515625 17.25 16.979999542236328125 16.920000076293945312 16.649999618530273438 17.010000228881835938 17.030000686645507812 17.04000091552734375 16.93000030517578125 17.129999160766601562 16.979999542236328125 16.909999847412109375 16.93000030517578125 16.989999771118164062 16.979999542236328125 16.950000762939453125 17.079999923706054688 17.620000839233398438 17.760000228881835938 18.059999465942382812 18.270000457763671875 18.120000839233398438 18.18000030517578125 18.079999923706054688 18.1100006103515625 18.350000381469726562 17.530000686645507812 17.729999542236328125 17.780000686645507812
16.329999923706054688 16.059999465942382812 16.31999969482421875 16.420000076293945312 16.399999618530273438 16.159999847412109375 16.1100006103515625 16.20999908447265625 16.559999465942382812 16.79000091552734375 16.8600006103515625 17.090000152587890625 17.239999771118164062 17.100000381469726562 17.100000381469726562 16.81999969482421875 16.840000152587890625 17.059999465942382812 17.090000152587890625 17.059999465942382812 17.049999237060546875 17.059999465942382812 17.04000091552734375 16.940000534057617188 16.920000076293945312 16.989999771118164062 16.979999542236328125 16.950000762939453125 17.030000686645507812 17.549999237060546875 17.54000091552734375 18.409999847412109375 18.54000091552734375 18.25 18.04000091552734375 18.079999923706054688 18.06999969482421875 17.6100006103515625 17.719999313354492188 17.829999923706054688 17.760000228881835938
16.329999923706054688 16.329999923706054688 16.340000152587890625 16.340000152587890625 16.329999923706054688 16.450000762939453125 16.43000030517578125 16.370000839233398438 16.56999969482421875 16.809999465942382812 17.450000762939453125 17.120000839233398438 17.3600006103515625 17.159999847412109375 17.219999313354492188 17.1399993896484375 17.100000381469726562 17.149999618530273438 17.270000457763671875 17.200000762939453125 17.1399993896484375 17.1100006103515625 17.079999923706054688 16.95999908447265625 17.010000228881835938 16.95999908447265625 16.950000762939453125 17.149999618530273438 17.1399993896484375 17.379999160766601562 17.489999771118164062 17.309999465942382812 17.239999771118164062 17.649999618530273438 17.899999618530273438 17.70999908447265625 17.440000534057617188 17.690000534057617188 17.700000762939453125 17.899999618530273438 17.899999618530273438
16.329999923706054688 16.299999237060546875 16.299999237060546875 16.309999465942382812 16.350000381469726562 16.270000457763671875 16.3600006103515625 16.530000686645507812 16.620000839233398438 16.600000381469726562 17.1399993896484375 17.340000152587890625 17.309999465942382812 17.370000839233398438 17.299999237060546875 17.340000152587890625 17.06999969482421875 17.299999237060546875 17.20999908447265625 17.190000534057617188 17.20999908447265625 17.170000076293945312 17.120000839233398438 17 16.95999908447265625 16.989999771118164062 17.090000152587890625 17.450000762939453125 17.450000762939453125 17.379999160766601562 17.43000030517578125 17.399999618530273438 17.31999969482421875 17.370000839233398438 17.440000534057617188 17.45999908447265625 17.530000686645507812 17.739999771118164062 17.799999237060546875 17.950000762939453125 17.969999313354492188
16.270000457763671875 16.20999908447265625 16.29000091552734375 16.309999465942382812 16.379999160766601562 16.270000457763671875 16.6100006103515625 16.600000381469726562 16.590000152587890625 16.68000030517578125 17.049999237060546875 17.090000152587890625 17.059999465942382812 17.45999908447265625 17.149999618530273438 17.190000534057617188 17.090000152587890625 17.3600006103515625 17.260000228881835938 17.219999313354492188 17.25 17.25 17.18000030517578125 17.030000686645507812 17 17.06999969482421875 17.3899993896484375 17.399999618530273438 17.370000839233398438 17.420000076293945312 17.45999908447265625 17.510000228881835938 17.489999771118164062 17.559999465942382812 17.469999313354492188 17.549999237060546875 17.670000076293945312 17.649999618530273438 17.79000091552734375 17.940000534057617188 17.909999847412109375
16.200000762939453125 16.270000457763671875 16.29000091552734375 16.280000686645507812 16.370000839233398438 16.31999969482421875 16.6100006103515625 16.45999908447265625 16.799999237060546875 16.760000228881835938 17.079999923706054688 17.20999908447265625 17.219999313354492188 17.159999847412109375 17.06999969482421875 17.06999969482421875 17.129999160766601562 17.299999237060546875 17.299999237060546875 17.270000457763671875 17.280000686645507812 17.270000457763671875 17.25 17.090000152587890625 17.120000839233398438 17.219999313354492188 17.31999969482421875 17.31999969482421875 17.440000534057617188 17.370000839233398438 17.440000534057617188 17.510000228881835938 17.559999465942382812 17.579999923706054688 17.68000030517578125 17.70999908447265625 17.70999908447265625 17.79000091552734375 17.899999618530273438 18.030000686645507812 17.979999542236328125
16.340000152587890625 16.329999923706054688 16.29000091552734375 15.93000030517578125 16.229999542236328125 16.229999542236328125 16.729999542236328125 16.6399993896484375 16.68000030517578125 16.719999313354492188 16.879999160766601562 17.04000091552734375 16.93000030517578125 17.04000091552734375 17.030000686645507812 17.100000381469726562 17.149999618530273438 17.260000228881835938 17.239999771118164062 17.270000457763671875 17.239999771118164062 17.299999237060546875 17.270000457763671875 17.170000076293945312 17.239999771118164062 17.20999908447265625 17.280000686645507812 17.43000030517578125 17.5 17.659999847412109375 17.54000091552734375 17.510000228881835938 17.590000152587890625 17.659999847412109375 17.68000030517578125 17.770000457763671875 17.81999969482421875 17.879999160766601562 17.969999313354492188 18.049999237060546875 17.850000381469726562
