wildfire/work/fuelmodels/1807/aspect.asc
ncols        370
nrows        259
xllcorner    169670.000000000000
yllcorner    475695.000000000000
cellsize     5.000000000000
NODATA_value   -999
[rows 133 to 151 of 259, columns 84 to 125 of 370]
302.66009521484375 297.34918212890625 289.53631591796875 163.8100433349609375 113.875091552734375 276.631805419921875 267.977996826171875 214.379730224609375 149.0357818603515625 96.70952606201171875 351.869049072265625 305.97998046875 313.478515625 332.2960205078125 338.02471923828125 313.111083984375 227.8619537353515625 141.072113037109375 172.568206787109375 189.6370849609375 189.6047821044921875 234.334503173828125 269.999359130859375 55.885486602783203125 16.23238372802734375 141.0722503662109375 133.7266998291015625 236.51324462890625 271.590484619140625 44.144779205322265625 23.629270553588867188 3.8655023574829101562 39.2893218994140625 36.119190216064453125 285.017578125 345.962921142578125 48.0528411865234375 16.38964080810546875 198.8380279541015625 208.7861328125 201.1490325927734375 194.8821258544921875
331.0103759765625 346.606658935546875 18.103837966918945312 89.99979400634765625 182.4891815185546875 268.667144775390625 246.540374755859375 221.6975250244140625 160.5595550537109375 122.9049072265625 277.594024658203125 280.37103271484375 276.33953857421875 273.21478271484375 309.55908203125 171.157806396484375 143.1297454833984375 151.1168670654296875 176.2591705322265625 197.45513916015625 194.1683197021484375 196.6480712890625 194.3809356689453125 183.3013916015625 163.217010498046875 98.12985992431640625 82.2077178955078125 286.606292724609375 273.410308837890625 86.6329193115234375 349.8743896484375 16.032361984252929688 32.8285064697265625 6.9210734367370605469 341.77032470703125 349.9384765625 48.01262664794921875 66.33666229248046875 103.6711273193359375 197.8498992919921875 211.84185791015625 203.5997314453125
312.31549072265625 348.844573974609375 50.51143646240234375 77.2545166015625 302.9046630859375 290.965118408203125 284.93072509765625 278.9010009765625 352.23382568359375 30.0048065185546875 297.5521240234375 283.46453857421875 271.929901123046875 244.4855804443359375 190.007537841796875 136.2185516357421875 134.481964111328125 147.33184814453125 194.6204071044921875 229.4920501708984375 187.873504638671875 182.377899169921875 191.0302734375 195.0629425048828125 187.91900634765625 166.148223876953125 197.8914031982421875 262.59564208984375 222.273193359375 206.5646209716796875 232.4308013916015625 141.3399505615234375 93.36646270751953125 109.79891204833984375 223.152008056640625 189.1621246337890625 75.1733245849609375 51.60480499267578125 38.99090576171875 49.08547210693359375 282.7237548828125 300.25579833984375
202.299957275390625 191.652008056640625 149.4436492919921875 108.67646026611328125 259.076629638671875 258.689453125 278.56854248046875 296.766845703125 333.66607666015625 353.51611328125 317.91363525390625 317.106201171875 324.062103271484375 329.035400390625 130.1203765869140625 120.65036773681640625 118.34539794921875 114.589874267578125 293.85943603515625 271.080322265625 140.825927734375 139.9693756103515625 208.9505615234375 218.7169952392578125 199.5361328125 196.578369140625 241.7451324462890625 244.9100341796875 196.2320098876953125 225.829803466796875 212.299835205078125 190.7126312255859375 153.0338897705078125 144.9502410888671875 215.537322998046875 175.9141693115234375 166.1844635009765625 62.354167938232421875 29.981546401977539062 23.394376754760742188 337.7352294921875 339.127655029296875
174.4097137451171875 209.77130126953125 210.21673583984375 91.33203887939453125 227.8616485595703125 250.6148529052734375 267.779754638671875 284.035614013671875 306.026580810546875 316.65155029296875 292.631927490234375 294.98785400390625 329.38067626953125 83.990936279296875 110.39998626708984375 111.89063262939453125 103.0416412353515625 320.7099609375 302.679901123046875 333.434173583984375 125.36215972900390625 110.37622833251953125 306.026641845703125 311.81951904296875 329.573577880859375 307.56787109375 291.85986328125 293.926544189453125 324.018402099609375 328.1717529296875 158.197845458984375 200.555572509765625 179.9996795654296875 28.6104278564453125 320.041656494140625 91.7357025146484375 292.37921142578125 309.88201904296875 5.6594529151916503906 19.43994140625 350.05859375 325.49078369140625
65.22483062744140625 291.036834716796875 305.537017822265625 57.93792724609375 0 289.1549072265625 279.62457275390625 283.21844482421875 278.841156005859375 274.144012451171875 275.53802490234375 283.550628662109375 54.8656463623046875 106.29375457763671875 98.0824127197265625 100.76554107666015625 84.36922454833984375 310.332305908203125 282.803680419921875 100.92252349853515625 105.10076904296875 300.46490478515625 301.3092041015625 312.953857421875 343.177886962890625 314.99932861328125 294.443267822265625 296.187408447265625 301.65045166015625 339.178253173828125 38.829746246337890625 347.734375 326.658538818359375 14.300275802612304688 127.87485504150390625 127.8746795654296875 287.591766357421875 301.674774169921875 42.13742828369140625 41.819988250732421875 18.434967041015625 50.527557373046875
333.434173583984375 289.06854248046875 251.9651641845703125 92.81522369384765625 353.04620361328125 296.221282958984375 281.6329345703125 296.564361572265625 323.23492431640625 300.067840576171875 288.434234619140625 291.130950927734375 94.864349365234375 127.2593536376953125 107.05306243896484375 96.061553955078125 5.7105660438537597656 324.46142578125 291.500823974609375 100.92252349853515625 24.227581024169921875 319.99993896484375 311.23529052734375 296.774261474609375 331.83673095703125 329.930694580078125 303.689361572265625 290.224212646484375 277.2054443359375 296.5643310546875 12.264719963073730469 347.1949462890625 352.746002197265625 46.31683349609375 40.03015899658203125 18.43479156494140625 268.090240478515625 211.50372314453125 159.8201751708984375 189.19622802734375 218.5163726806640625 5.5275664329528808594
320.792022705078125 297.581207275390625 282.67962646484375 0 358.151519775390625 314.999542236328125 252.89666748046875 253.201019287109375 287.59173583984375 301.635345458984375 291.193359375 244.7216339111328125 119.0544281005859375 107.01055908203125 112.7180938720703125 110.67415618896484375 330.944671630859375 334.092529296875 25.01723480224609375 23.552249908447265625 335.97265625 322.124267578125 318.1214599609375 297.41949462890625 313.549072265625 312.136962890625 293.906982421875 309.39990234375 297.314910888671875 306.655364990234375 333.207733154296875 332.101959228515625 15.488436698913574219 42.797252655029296875 355.461395263671875 355.694671630859375 22.456874847412109375 57.757343292236328125 146.3095703125 253.1779632568359375 293.85321044921875 331.46966552734375
336.6815185546875 354.093017578125 301.348846435546875 6.3401327133178710938 344.74322509765625 337.305511474609375 301.37237548828125 280.54412841796875 281.309295654296875 280.034271240234375 240.944854736328125 185.4999847412109375 217.234375 79.2753448486328125 79.36832427978515625 22.166196823120117188 332.6494140625 20.095144271850585938 3.3665280342102050781 34.380344390869140625 255.378448486328125 280.1748046875 314.999267578125 280.953399658203125 264.95697021484375 284.197998046875 303.58349609375 327.846954345703125 336.604736328125 317.631683349609375 314.999267578125 326.887847900390625 351.026458740234375 16.260143280029296875 332.706329345703125 341.45343017578125 21.929523468017578125 17.324054718017578125 358.8204345703125 353.708526611328125 343.02886962890625 354.8818359375
282.3800048828125 75.9635009765625 261.1187744140625 139.9692840576171875 255.96295166015625 292.5733642578125 306.57232666015625 307.041748046875 303.169189453125 283.969818115234375 353.659454345703125 317.38525390625 284.60064697265625 87.84682464599609375 87.99725341796875 33.69025421142578125 304.694183349609375 75.25583648681640625 326.309417724609375 35.073726654052734375 331.698272705078125 272.488922119140625 285.944732666015625 278.84112548828125 292.20269775390625 306.049835205078125 311.98651123046875 321.140350341796875 347.9600830078125 354.28863525390625 342.698699951171875 342.996185302734375 340.291168212890625 5.6673665046691894531 309.368499755859375 309.956695556640625 12.498897552490234375 2.7119972705841064453 353.329620361328125 356.97418212890625 4.4671392440795898438 29.690618515014648438
201.3289794921875 210.3231658935546875 198.434478759765625 200.094573974609375 268.780487060546875 267.2730712890625 269.740081787109375 278.343231201171875 288.43426513671875 279.00787353515625 322.01580810546875 352.87420654296875 267.272705078125 106.2018585205078125 96.70963287353515625 69.4441680908203125 344.74322509765625 357.708282470703125 314.999267578125 356.30780029296875 12.319318771362304688 296.846588134765625 271.84686279296875 284.897979736328125 300.01763916015625 310.345916748046875 314.999237060546875 317.74188232421875 337.086395263671875 1.444109797477722168 358.105804443359375 346.60662841796875 351.07928466796875 8.7022943496704101562 319.91986083984375 315.38372802734375 345.112884521484375 338.476593017578125 327.993927001953125 353.117584228515625 30.186489105224609375 41.085727691650390625
271.547637939453125 297.47381591796875 4.4971804618835449219 340.30059814453125 318.41583251953125 310.87164306640625 289.874359130859375 281.21624755859375 291.03680419921875 290.018035888671875 281.309295654296875 49.08594512939453125 102.2154541015625 96.94075775146484375 78.14679718017578125 11.023532867431640625 8.3928365707397460938 19.798736572265625 230.1940155029296875 223.209686279296875 153.4346771240234375 269.999267578125 279.903594970703125 282.679779052734375 291.036834716796875 309.206512451171875 320.346282958984375 325.839569091796875 333.3359375 351.572174072265625 357.824432373046875 349.6048583984375 353.9063720703125 4.6035060882568359375 344.769439697265625 341.1422119140625 358.820404052734375 357.366668701171875 335.338409423828125 350.216888427734375 18.245916366577148438 25.453489303588867188
270.506317138671875 287.127349853515625 342.7896728515625 0.43071329593658447266 331.573272705078125 310.3218994140625 291.148773193359375 270.24737548828125 280.38336181640625 302.81561279296875 297.314910888671875 1.2192482948303222656 59.036128997802734375 73.610260009765625 56.0562286376953125 10.78438568115234375 22.833662033081054688 34.592166900634765625 29.357692718505859375 302.004302978515625 309.804656982421875 290.461517333984375 303.146270751953125 300.045745849609375 294.521453857421875 302.6302490234375 316.231201171875 319.88201904296875 328.706207275390625 348.279571533203125 358.586669921875 351.331817626953125 351.450103759765625 357.736358642578125 349.082122802734375 355.6668701171875 13.700359344482421875 7.0868053436279296875 341.327362060546875 345.310546875 24.114261627197265625 31.263463973999023438
272.04473876953125 284.10467529296875 307.47540283203125 356.87689208984375 332.101959228515625 279.292694091796875 277.430816650390625 265.33251953125 258.110748291015625 257.275054931640625 248.0247955322265625 229.0847930908203125 102.00202178955078125 92.53833770751953125 60.523960113525390625 31.675546646118164062 31.3286285400390625 34.508304595947265625 34.11446380615234375 8.9727087020874023438 322.1241455078125 283.2003173828125 290.2884521484375 296.29620361328125 293.701995849609375 292.2965087890625 300.43896484375 303.06597900390625 305.83697509765625 338.49774169921875 8.011142730712890625 345.123687744140625 75.5789337158203125 156.509918212890625 200.29266357421875 220.6008758544921875 14.931097984313964844 9.5445041656494140625 12.050680160522460938 347.734588623046875 35.788990020751953125 57.224941253662109375
279.604583740234375 274.714141845703125 276.071807861328125 297.120513916015625 356.986419677734375 272.563018798828125 272.601898193359375 283.09918212890625 276.67926025390625 277.906494140625 261.0264892578125 195.8021240234375 120.131378173828125 110.64673614501953125 86.42369842529296875 66.8012237548828125 51.70951080322265625 44.999675750732421875 43.6980438232421875 38.829753875732421875 333.434234619140625 302.763153076171875 288.245147705078125 277.791412353515625 278.3753662109375 285.28936767578125 294.98779296875 293.52252197265625 285.944793701171875 140.07177734375 162.569793701171875 181.9864044189453125 163.977783203125 160.517852783203125 198.0830078125 206.0144500732421875 185.5635223388671875 182.7984619140625 193.989776611328125 236.4406585693359375 29.577924728393554688 58.298553466796875
284.24493408203125 282.99395751953125 230.194488525390625 246.4123992919921875 279.461883544921875 309.804901123046875 284.183685302734375 294.086761474609375 291.112762451171875 294.501922607421875 25.640924453735351562 100.885162353515625 105.25479888916015625 87.8249359130859375 59.03565216064453125 94.3983917236328125 120.068023681640625 119.054840087890625 51.709865570068359375 28.85555267333984375 330.707977294921875 311.038970947265625 311.718353271484375 294.96533203125 280.256134033203125 278.548431396484375 287.1978759765625 289.71356201171875 288.69232177734375 108.11814117431640625 138.9559173583984375 180.5157470703125 171.079742431640625 164.0907745361328125 219.2252044677734375 218.9814910888671875 189.04205322265625 188.321929931640625 224.0571746826171875 246.8008270263671875 193.39190673828125 0
280.096893310546875 293.93035888671875 31.930585861206054688 295.5592041015625 301.865234375 329.2364501953125 294.108489990234375 286.606292724609375 277.76446533203125 269.156829833984375 115.2529449462890625 110.62335968017578125 93.900360107421875 67.30600738525390625 66.8010711669921875 56.0033721923828125 10.491589546203613281 23.498544692993164062 3.5762302875518798828 341.56427001953125 329.696624755859375 289.9249267578125 294.318603515625 300.96307373046875 282.380157470703125 271.087158203125 275.22882080078125 282.18023681640625 292.318695068359375 89.7751007080078125 95.64968109130859375 190.068695068359375 212.3470001220703125 231.339599609375 275.470733642578125 289.666229248046875 334.34356689453125 332.83935546875 280.007293701171875 267.627471923828125 165.5789031982421875 0
267.9898681640625 260.217041015625 116.56463623046875 269.99945068359375 284.565155029296875 314.437530517578125 307.055816650390625 258.1573486328125 248.3847198486328125 237.4644927978515625 139.4361114501953125 152.3001556396484375 179.9995880126953125 125.24739837646484375 148.781341552734375 207.64520263671875 339.226776123046875 40.601245880126953125 29.0546722412109375 259.379669189453125 171.118896484375 230.2733612060546875 251.564483642578125 260.766082763671875 268.8760986328125 268.883331298828125 269.47369384765625 271.52008056640625 172.568267822265625 93.56500244140625 72.8622894287109375 35.735416412353515625 264.6099853515625 274.685272216796875 280.588226318359375 289.47589111328125 335.37567138671875 341.7906494140625 293.050628662109375 281.632965087890625 6.3397769927978515625 0
299.301483154296875 287.80120849609375 116.56432342529296875 231.1697845458984375 263.78961181640625 284.742919921875 350.908905029296875 285.2545166015625 276.4228515625 269.396331787109375 79.07701873779296875 55.9805908203125 299.47515869140625 103.60951995849609375 110.55623626708984375 289.591522216796875 329.93023681640625 68.1986846923828125 80.31121063232421875 160.3461151123046875 136.2727508544921875 252.1075592041015625 259.051177978515625 254.500091552734375 258.689361572265625 264.363372802734375 267.708740234375 268.703338623046875 99.84555816650390625 61.011035919189453125 34.620800018310546875 23.504337310791015625 3.3000261783599853516 354.88873291015625 321.8692626953125 309.839447021484375 342.09478759765625 355.235443115234375 308.894561767578125 291.74951171875 341.56427001953125 0
