wildfire/work/fuelmodels/1807/aspect.asc
ncols        370
nrows        259
xllcorner    169670.000000000000
yllcorner    475695.000000000000
cellsize     5.000000000000
NODATA_value   -999
[rows 209 to 227 of 259, columns 168 to 209 of 370]
294.676116943359375 306.303802490234375 318.730682373046875 323.71905517578125 345.8369140625 336.446533203125 145.1241607666015625 312.078582763671875 349.399169921875 289.91571044921875 321.519012451171875 182.129180908203125 233.085723876953125 158.1144561767578125 122.05541229248046875 111.92530059814453125 85.1557769775390625 67.5125274658203125 311.31304931640625 306.68682861328125 332.760345458984375 4.6716055870056152344 39.396991729736328125 64.94222259521484375 332.843505859375 316.957366943359375 10.439306259155273438 45.897396087646484375 58.24066925048828125 86.69805908203125 101.95960235595703125 105.6976165771484375 333.43853759765625 282.661773681640625 284.8980712890625 44.99868011474609375 119.57752227783203125 339.4429931640625 325.792388916015625 335.281768798828125 344.5789794921875 355.49212646484375
318.415802001953125 315.324798583984375 302.061309814453125 312.646209716796875 99.8332977294921875 160.5294342041015625 147.6254730224609375 297.74310302734375 330.3763427734375 329.9627685546875 126.54228973388671875 179.378173828125 264.256134033203125 108.3694305419921875 100.80735015869140625 104.4536590576171875 117.63226318359375 120.5472869873046875 263.268341064453125 272.96807861328125 287.48150634765625 70.15967559814453125 101.5126190185546875 106.9320831298828125 188.6151580810546875 261.502349853515625 321.77490234375 36.62274169921875 49.617595672607421875 114.55792236328125 105.66455841064453125 87.37352752685546875 314.999267578125 298.83489990234375 306.1473388671875 337.37933349609375 346.438873291015625 346.262908935546875 318.5416259765625 322.140716552734375 327.01971435546875 332.42181396484375
320.64385986328125 319.483856201171875 278.5828857421875 280.922119140625 32.582393646240234375 356.06903076171875 333.5828857421875 312.695343017578125 313.79205322265625 44.37712860107421875 49.102092742919921875 345.21173095703125 296.045074462890625 37.732479095458984375 76.08783721923828125 97.29872894287109375 129.27410888671875 142.051910400390625 248.665374755859375 255.5736541748046875 239.10504150390625 134.5295257568359375 120.94908905029296875 126.13599395751953125 191.88812255859375 221.4887847900390625 269.299102783203125 0.93682730197906494141 52.307331085205078125 56.256290435791015625 77.517303466796875 10.738750457763671875 319.321502685546875 326.972808837890625 10.407704353332519531 333.845947265625 341.680450439453125 10.164132118225097656 297.254638671875 260.4862060546875 231.9211578369140625 260.520355224609375
322.19842529296875 331.38861083984375 295.614715576171875 306.374908447265625 335.07183837890625 349.134063720703125 345.414306640625 277.19708251953125 169.2452850341796875 185.3934783935546875 165.2279815673828125 158.6668701171875 221.5878143310546875 170.3575439453125 116.34030914306640625 104.7068328857421875 119.52446746826171875 231.9266510009765625 276.093292236328125 273.37335205078125 260.11822509765625 108.21027374267578125 102.71807098388671875 46.585529327392578125 0.12537603080272674561 51.529361724853515625 256.64581298828125 230.62823486328125 91.4853668212890625 78.43111419677734375 25.665285110473632812 324.042510986328125 319.961578369140625 319.58837890625 61.38193511962890625 288.048797607421875 301.945648193359375 83.5137481689453125 205.970306396484375 187.834320068359375 194.7714385986328125 222.2512664794921875
228.0117340087890625 313.75262451171875 341.56427001953125 350.223419189453125 341.837921142578125 3.397796630859375 78.46016693115234375 149.357513427734375 172.70843505859375 216.0561676025390625 234.6031951904296875 355.30047607421875 82.33695220947265625 167.24072265625 158.4249114990234375 101.40848541259765625 29.420362472534179688 16.720851898193359375 292.94598388671875 281.828704833984375 288.581085205078125 90.29694366455078125 93.66977691650390625 201.4594268798828125 97.3054351806640625 87.34909820556640625 228.809326171875 218.0484771728515625 123.19306182861328125 85.58194732666015625 226.50665283203125 286.7586669921875 310.06475830078125 356.234039306640625 22.180299758911132812 333.755828857421875 358.255889892578125 93.96129608154296875 125.62505340576171875 175.20947265625 195.5148468017578125 217.0273284912109375
140.8556365966796875 289.21380615234375 320.818206787109375 352.01995849609375 359.785308837890625 39.866504669189453125 78.9316864013671875 94.287811279296875 268.96795654296875 307.6248779296875 332.14404296875 7.1758866310119628906 80.2797698974609375 88.15616607666015625 270.29022216796875 302.72216796875 46.71610260009765625 33.88689422607421875 292.781707763671875 277.610443115234375 174.479583740234375 118.932525634765625 110.72385406494140625 227.2161712646484375 198.749298095703125 84.105224609375 320.629913330078125 268.2362060546875 154.0711822509765625 100.83464813232421875 245.7252044677734375 286.249359130859375 298.78082275390625 29.687114715576171875 333.039825439453125 344.801177978515625 24.782016754150390625 27.822971343994140625 16.593191146850585938 2.466884613037109375 13.270022392272949219 11.278285026550292969
92.669677734375 280.365325927734375 295.35302734375 342.802978515625 12.105544090270996094 43.99550628662109375 48.917804718017578125 44.198940277099609375 2.619548797607421875 276.94012451171875 281.0164794921875 122.4546356201171875 143.3614501953125 123.8958892822265625 217.920562744140625 266.67877197265625 17.124454498291015625 41.80142974853515625 259.196685791015625 221.2342376708984375 159.1966094970703125 135.089019775390625 123.87188720703125 263.810760498046875 269.999359130859375 83.0343780517578125 307.326904296875 285.13726806640625 139.59393310546875 133.967437744140625 277.480499267578125 283.064361572265625 285.834197998046875 110.68975067138671875 275.646697998046875 317.17620849609375 18.955480575561523438 18.158061981201171875 11.923671722412109375 8.5024433135986328125 50.008625030517578125 66.297210693359375
349.0458984375 290.82171630859375 278.592926025390625 170.0873565673828125 163.283660888671875 75.1011505126953125 45.91526031494140625 41.5550689697265625 29.192447662353515625 291.299285888671875 212.872406005859375 86.21923828125 69.3851318359375 2.3170473575592041016 358.255340576171875 288.972259521484375 289.53643798828125 99.09389495849609375 215.6408233642578125 190.3415985107421875 168.561614990234375 136.6086883544921875 92.13665771484375 236.7119140625 265.363922119140625 347.470367431640625 313.276611328125 37.67352294921875 87.1320953369140625 145.0605926513671875 280.475311279296875 263.154815673828125 209.400909423828125 129.7150726318359375 254.5599517822265625 247.7260894775390625 277.046661376953125 45.12940216064453125 71.34772491455078125 120.065277099609375 103.48468017578125 97.43119049072265625
332.7796630859375 300.489898681640625 257.846343994140625 150.1033935546875 167.841400146484375 200.5431365966796875 167.6380157470703125 67.83663177490234375 46.55776214599609375 20.912500381469726562 339.43804931640625 41.118953704833984375 52.17887115478515625 357.634307861328125 6.402881622314453125 309.84814453125 7.5774316787719726562 87.32871246337890625 167.1440582275390625 221.7684783935546875 264.837127685546875 139.698455810546875 119.5874786376953125 202.6587982177734375 257.815704345703125 268.01531982421875 242.97784423828125 131.54095458984375 106.90716552734375 46.59107208251953125 282.860107421875 244.61151123046875 177.784820556640625 166.7295074462890625 243.8292083740234375 212.7502899169921875 200.5908966064453125 170.5244140625 137.520111083984375 147.739501953125 129.3670196533203125 334.911895751953125
275.46136474609375 283.264984130859375 142.8943328857421875 142.0872802734375 166.4884185791015625 197.279693603515625 208.3543548583984375 176.0273895263671875 99.151031494140625 25.795970916748046875 332.959808349609375 4.6143784523010253906 41.795398712158203125 25.474649429321289062 0.42719990015029907227 350.593048095703125 68.364166259765625 90.32717132568359375 36.702606201171875 269.26483154296875 231.7953948974609375 160.5841827392578125 126.86963653564453125 300.96319580078125 219.805084228515625 218.4574737548828125 197.457244873046875 129.4756927490234375 102.1087188720703125 348.339935302734375 314.23333740234375 285.357818603515625 347.618408203125 315.83172607421875 316.153289794921875 181.24249267578125 196.481781005859375 183.1256103515625 158.2599945068359375 141.757232666015625 142.26849365234375 299.861572265625
243.3458404541015625 228.5972900390625 109.176116943359375 73.9851837158203125 74.4248504638671875 189.34320068359375 224.699676513671875 199.9762725830078125 158.1086578369140625 219.1744384765625 285.3857421875 355.0599365234375 60.647907257080078125 46.78067779541015625 356.318511962890625 67.34284210205078125 126.63857269287109375 115.20934295654296875 46.84745025634765625 285.361083984375 281.309234619140625 330.082244873046875 355.3990478515625 6.918354034423828125 29.5050506591796875 307.57769775390625 350.59722900390625 77.412139892578125 286.787567138671875 322.23614501953125 342.424468994140625 10.2762298583984375 308.929534912109375 278.772796630859375 121.1288604736328125 122.49250030517578125 173.0942840576171875 185.10650634765625 188.3456878662109375 188.349609375 289.28936767578125 278.121917724609375
311.2060546875 305.615020751953125 353.0831298828125 24.571107864379882812 42.498744964599609375 46.14722442626953125 233.053863525390625 195.7397613525390625 174.70111083984375 222.6970367431640625 241.00067138671875 196.3119659423828125 112.273681640625 104.01446533203125 331.38873291015625 83.3070526123046875 82.82878875732421875 39.85210418701171875 49.916507720947265625 341.56427001953125 315.426849365234375 304.603790283203125 5.1064958572387695312 58.869541168212890625 339.033416748046875 286.939544677734375 123.4904327392578125 108.33779144287109375 262.351165771484375 292.612701416015625 342.34375 71.059783935546875 190.6863250732421875 206.2046051025390625 152.989166259765625 153.9678802490234375 177.3643798828125 142.6956787109375 263.74810791015625 288.8800048828125 302.162506103515625 265.103729248046875
265.20269775390625 286.11798095703125 307.735626220703125 25.235151290893554688 42.506603240966796875 27.94297027587890625 19.388326644897460938 34.29366302490234375 338.290771484375 284.115325927734375 260.21856689453125 191.370269775390625 131.1018829345703125 167.4882965087890625 191.10418701171875 111.67243194580078125 79.49475860595703125 60.642116546630859375 14.966806411743164062 343.240203857421875 342.714935302734375 314.6041259765625 139.6738128662109375 128.9554595947265625 287.9417724609375 219.5898895263671875 140.5370635986328125 112.55919647216796875 260.009552001953125 264.15631103515625 226.5906524658203125 101.59283447265625 149.9173126220703125 218.0959625244140625 109.2102203369140625 22.011318206787109375 317.3441162109375 343.31298828125 5.6712775230407714844 332.677978515625 288.91668701171875 196.2654571533203125
213.75286865234375 211.255035400390625 193.703521728515625 194.9825592041015625 156.3267822265625 21.937528610229492188 19.02581024169921875 20.69620513916015625 9.3474597930908203125 339.57965087890625 331.38739013671875 37.1432952880859375 80.84653472900390625 146.062713623046875 182.386810302734375 260.904205322265625 11.288550376892089844 59.9212799072265625 247.3645782470703125 292.4384765625 328.973358154296875 45.527912139892578125 87.31000518798828125 224.180999755859375 297.906036376953125 10.517045021057128906 70.5634613037109375 85.30112457275390625 287.885284423828125 284.594573974609375 21.630840301513671875 92.12744140625 198.7937469482421875 294.4432373046875 6.8170495033264160156 5.2129030227661132812 295.40167236328125 317.096771240234375 17.974658966064453125 14.680108070373535156 0.60732734203338623047 120.223052978515625
210.511138916015625 205.79443359375 209.524261474609375 205.8303070068359375 183.1600494384765625 194.1699981689453125 218.8604736328125 5.15137481689453125 30.369337081909179688 341.734222412109375 299.718963623046875 95.2805938720703125 80.0045318603515625 51.044857025146484375 75.6373138427734375 255.4693756103515625 171.1106414794921875 101.4805450439453125 242.7614898681640625 239.035675048828125 208.891143798828125 139.6925811767578125 13.293093681335449219 347.3670654296875 312.599578857421875 63.948917388916015625 96.68796539306640625 316.0042724609375 308.730072021484375 317.696197509765625 36.771015167236328125 80.5341033935546875 297.1353759765625 318.378936767578125 34.86124420166015625 104.16510009765625 244.893890380859375 227.0944061279296875 176.249542236328125 113.94696807861328125 69.02518463134765625 68.89395904541015625
26.767459869384765625 328.71966552734375 298.805511474609375 343.1937255859375 121.6854400634765625 208.732421875 246.15228271484375 229.9193115234375 113.00189971923828125 260.394195556640625 120.64446258544921875 108.38231658935546875 117.7293853759765625 95.8912506103515625 85.032867431640625 229.1052398681640625 173.8945465087890625 137.8451690673828125 322.027069091796875 354.26171875 20.863128662109375 39.20201873779296875 290.09454345703125 316.84686279296875 157.3659515380859375 143.770416259765625 124.29166412353515625 301.668365478515625 289.876312255859375 290.074249267578125 64.53137969970703125 55.40387725830078125 342.236328125 344.339874267578125 86.132720947265625 140.0886688232421875 208.686981201171875 210.624755859375 201.28240966796875 181.41845703125 167.3219451904296875 127.92665863037109375
85.389190673828125 286.83062744140625 270.605133056640625 123.8937530517578125 95.74753570556640625 289.700469970703125 268.12371826171875 232.398712158203125 132.33270263671875 190.3062744140625 161.2870941162109375 100.90749359130859375 121.5907440185546875 149.1404876708984375 127.85848236083984375 318.50274658203125 62.938747406005859375 288.277740478515625 290.441131591796875 340.29827880859375 26.670900344848632812 42.1157989501953125 68.34041595458984375 191.5258941650390625 143.0220794677734375 130.3924102783203125 258.829986572265625 283.403717041015625 253.52191162109375 207.745025634765625 171.115447998046875 89.8077392578125 105.9028472900390625 164.840087890625 119.7945556640625 126.23810577392578125 276.84197998046875 261.27044677734375 234.0026397705078125 190.409332275390625 171.5650634765625 167.943603515625
9.5498247146606445312 253.4864349365234375 220.9173583984375 167.1121673583984375 130.487701416015625 246.6252593994140625 222.7042388916015625 199.24273681640625 159.2567901611328125 173.700714111328125 185.938262939453125 138.8912353515625 123.37937164306640625 123.7937469482421875 175.3067779541015625 223.289703369140625 66.9084930419921875 253.3141326904296875 231.2227325439453125 225.2838287353515625 138.11663818359375 77.638336181640625 89.9112396240234375 168.4903717041015625 136.666595458984375 98.45493316650390625 300.9305419921875 274.68701171875 207.35577392578125 184.33636474609375 194.5695343017578125 164.8558349609375 152.5014495849609375 166.394744873046875 140.252410888671875 132.662109375 312.7843017578125 337.970855712890625 7.6394052505493164062 34.61414337158203125 90.834136962890625 155.92413330078125
344.096649169921875 33.068988800048828125 327.093963623046875 171.74713134765625 40.73574066162109375 286.92681884765625 178.0522918701171875 240.573883056640625 349.054931640625 41.0521087646484375 350.00091552734375 93.3444366455078125 98.1705169677734375 94.74932861328125 269.0703125 300.84161376953125 330.944580078125 234.6882781982421875 229.3438262939453125 235.58612060546875 199.470458984375 123.6690826416015625 105.99938201904296875 33.184955596923828125 71.84711456298828125 303.31787109375 300.446868896484375 276.646697998046875 122.4709320068359375 131.209259033203125 197.739532470703125 258.08074951171875 19.776548385620117188 45.609401702880859375 328.86468505859375 350.2374267578125 291.683135986328125 309.730682373046875 50.129779815673828125 83.53623199462890625 106.64659881591796875 135.6858367919921875
