wildfire/work/fuelmodels/1807/aspect.asc
ncols        370
nrows        259
xllcorner    169670.000000000000
yllcorner    475695.000000000000
cellsize     5.000000000000
NODATA_value   -999
[rows 209 to 227 of 259, columns 294 to 335 of 370]
274.084716796875 248.0961456298828125 223.806182861328125 269.07537841796875 306.084381103515625 348.68902587890625 304.80780029296875 295.016204833984375 268.363037109375 13.62726593017578125 46.414215087890625 65.0558319091796875 22.166301727294921875 26.36542510986328125 11.0938568115234375 333.43426513671875 21.037517547607421875 359.9989013671875 358.99383544921875 65.11234283447265625 21.57147216796875 356.347198486328125 8.9724636077880859375 317.160369873046875 12.994617462158203125 27.897043228149414062 13.840659141540527344 352.874176025390625 269.99908447265625 256.0587158203125 266.284088134765625 281.513214111328125 341.56488037109375 3.7516236305236816406 353.180938720703125 358.289459228515625 8.9723844528198242188 358.780242919921875 22.068109512329101562 15.461186408996582031 0 0
234.4613494873046875 269.999359130859375 262.47564697265625 256.15869140625 259.113861083984375 315.79486083984375 317.8905029296875 326.57427978515625 330.445556640625 357.487884521484375 50.640361785888671875 41.09931182861328125 4.8207449913024902344 56.976108551025390625 77.82859039306640625 269.999359130859375 12.723806381225585938 7.1251115798950195312 346.758392333984375 41.946941375732421875 356.12799072265625 3.5765173435211181641 50.826137542724609375 312.27288818359375 7.9269428253173828125 52.969451904296875 33.111034393310546875 10.008067131042480469 307.404937744140625 279.223297119140625 268.726318359375 280.855621337890625 326.887939453125 334.931640625 355.072052001953125 38.911529541015625 32.61908721923828125 35.217624664306640625 25.5600738525390625 295.97369384765625 270.743438720703125 352.5689697265625
304.694549560546875 302.24169921875 305.9595947265625 290.13568115234375 285.10052490234375 285.894622802734375 314.348175048828125 318.25115966796875 326.5843505859375 30.85408782958984375 59.38123321533203125 37.146595001220703125 37.234710693359375 77.307159423828125 74.16748809814453125 278.129608154296875 239.0364990234375 18.441461563110351562 345.2557373046875 7.6953597068786621094 354.80487060546875 57.3808441162109375 57.011409759521484375 297.254547119140625 4.8991870880126953125 32.905269622802734375 3.8139810562133789062 6.2257680892944335938 327.756866455078125 330.9447021484375 293.038543701171875 241.2031097412109375 236.2001800537109375 231.2252197265625 234.46148681640625 69.1790771484375 63.824573516845703125 44.999897003173828125 8.5306787490844726562 323.12921142578125 284.655914306640625 276.709197998046875
24.917999267578125 262.184326171875 286.644378662109375 301.341644287109375 309.018646240234375 298.823150634765625 310.441925048828125 302.223846435546875 300.37841796875 77.33003997802734375 52.561374664306640625 46.832683563232421875 56.5234527587890625 59.03604888916015625 47.453968048095703125 25.34609222412109375 288.43280029296875 280.49078369140625 324.727081298828125 29.93091583251953125 71.56597137451171875 17.592691421508789062 11.513731002807617188 324.359375 351.6737060546875 4.6107516288757324219 1.0291117429733276367 13.260744094848632812 323.789764404296875 322.43084716796875 32.005329132080078125 274.719512939453125 261.63348388671875 231.98046875 262.04193115234375 9.6052122116088867188 38.7288055419921875 27.52512359619140625 349.990966796875 337.24822998046875 323.74542236328125 300.6175537109375
43.28498077392578125 327.6025390625 345.5350341796875 20.875354766845703125 342.082733154296875 290.224151611328125 292.57891845703125 297.1207275390625 332.10211181640625 36.869884490966796875 41.760227203369140625 51.493289947509765625 59.036029815673828125 74.94553375244140625 78.34044647216796875 11.689566612243652344 1.3018565177917480469 340.200286865234375 321.6322021484375 51.78878021240234375 19.43963623046875 316.272308349609375 338.095947265625 345.25567626953125 353.106964111328125 332.859375 8.7461795806884765625 44.283580780029296875 316.789215087890625 292.067230224609375 355.913543701171875 332.481658935546875 324.380767822265625 347.854949951171875 273.900054931640625 273.27008056640625 37.983432769775390625 31.292909622192382812 352.1837158203125 347.948486328125 340.462738037109375 341.564056396484375
5.2214999198913574219 347.973388671875 24.330699920654296875 62.66423797607421875 18.996515274047851562 291.743621826171875 284.101959228515625 281.309326171875 300.529327392578125 38.480312347412109375 60.667995452880859375 60.55438995361328125 63.034152984619140625 68.10166168212890625 26.258533477783203125 344.133697509765625 18.86896514892578125 33.68914794921875 278.13006591796875 16.927587509155273438 16.048810958862304688 321.33935546875 291.41204833984375 334.068328857421875 358.830047607421875 327.917144775390625 18.71175384521484375 34.16967010498046875 7.8059143561404198408e-05 325.971527099609375 323.8289794921875 330.79168701171875 328.896392822265625 0.42441400885581970215 2.9506168365478515625 260.7060546875 174.2885894775390625 21.501262664794921875 347.19476318359375 7.305919647216796875 357.95391845703125 346.53399658203125
282.413177490234375 317.208984375 36.3127593994140625 63.786296844482421875 218.4176025390625 274.573272705078125 281.184600830078125 283.752197265625 318.467254638671875 31.607685089111328125 48.63274383544921875 49.898883819580078125 54.1760406494140625 57.672214508056640625 28.790884017944335938 337.619171142578125 39.897830963134765625 44.999691009521484375 314.999542236328125 321.980682373046875 16.313770294189453125 6.3403100967407226562 295.158599853515625 306.86907958984375 352.715118408203125 342.823272705078125 19.259105682373046875 25.01665496826171875 10.460028648376464844 330.689239501953125 317.699859619140625 329.646575927734375 328.200225830078125 359.255218505859375 37.5283203125 33.996387481689453125 278.129913330078125 278.129638671875 316.24462890625 359.383209228515625 356.127899169921875 346.53399658203125
229.01177978515625 246.0325927734375 113.8279266357421875 93.376373291015625 259.615447998046875 266.606353759765625 278.302764892578125 279.957366943359375 284.533966064453125 349.991363525390625 19.98319244384765625 58.309024810791015625 66.03736114501953125 69.74665069580078125 62.007843017578125 338.961456298828125 30.323766708374023438 47.56356048583984375 351.383331298828125 284.534027099609375 352.874359130859375 353.757293701171875 321.053497314453125 310.558135986328125 329.57354736328125 37.0925445556640625 86.185577392578125 101.3095245361328125 11.97662353515625 315.665618896484375 318.0120849609375 327.09405517578125 310.913970947265625 103.39188385009765625 14.533578872680664062 17.020318984985351562 28.14151763916015625 290.5555419921875 276.788360595703125 315.76318359375 349.77685546875 358.190521240234375
279.342132568359375 249.73736572265625 142.01666259765625 131.1242828369140625 285.1402587890625 270.90875244140625 267.602386474609375 277.470977783203125 312.916656494140625 332.9866943359375 15.255251884460449219 64.55184173583984375 69.3528900146484375 64.714141845703125 49.63535308837890625 7.94341278076171875 18.43502044677734375 43.2099456787109375 3.6520714759826660156 319.0848388671875 339.879730224609375 331.6380615234375 320.571380615234375 330.694183349609375 347.210174560546875 20.595903396606445312 30.8275604248046875 29.05466461181640625 327.63250732421875 310.235748291015625 316.413848876953125 337.905029296875 357.98974609375 1.6848008632659912109 344.743927001953125 3.8566951751708984375 30.8576812744140625 16.02025604248046875 281.975433349609375 250.2772216796875 231.1700592041015625 44.999897003173828125
264.629241943359375 183.4152679443359375 103.39971923828125 166.0150299072265625 248.5995941162109375 252.660186767578125 262.53125 282.235321044921875 310.345703125 318.88726806640625 18.43500518798828125 62.1820068359375 69.98627471923828125 64.005706787109375 46.169055938720703125 30.96382904052734375 25.497394561767578125 22.456903457641601562 351.868988037109375 320.375823974609375 333.434295654296875 322.12432861328125 321.482330322265625 328.078338623046875 337.16546630859375 11.870169639587402344 34.070484161376953125 44.999897003173828125 312.45416259765625 288.12939453125 301.865142822265625 305.53692626953125 356.759796142578125 329.656158447265625 330.487548828125 21.3704376220703125 35.63988494873046875 27.216032028198242188 8.2856626510620117188 288.43426513671875 260.165924072265625 304.991424560546875
245.066802978515625 176.939910888671875 111.22702789306640625 248.1202545166015625 257.15167236328125 269.99932861328125 274.7777099609375 283.160400390625 298.97332763671875 304.69439697265625 45.0001068115234375 76.27465057373046875 71.564849853515625 48.052703857421875 55.933795928955078125 74.74463653564453125 70.34552001953125 9.782207489013671875 329.82574462890625 304.795074462890625 304.938507080078125 302.004730224609375 314.38330078125 327.380279541015625 293.87469482421875 344.980560302734375 59.4701080322265625 63.29251861572265625 345.017547607421875 291.614044189453125 234.46148681640625 189.2928619384765625 194.443603515625 228.21502685546875 245.6584930419921875 78.68988800048828125 41.905780792236328125 10.203928947448730469 19.558231353759765625 9.6051721572875976562 321.76519775390625 287.818084716796875
248.8070068359375 184.9779052734375 101.136077880859375 296.371490478515625 290.07080078125 288.73260498046875 277.078277587890625 275.65887451171875 290.39422607421875 307.874420166015625 66.59515380859375 75.81548309326171875 61.364749908447265625 43.652103424072265625 54.066478729248046875 50.24172210693359375 28.81072235107421875 352.1458740234375 329.696563720703125 333.15185546875 306.2529296875 277.799468994140625 254.5772247314453125 201.800811767578125 236.5598297119140625 210.173309326171875 108.8115692138671875 77.5739593505859375 5.1945600509643554688 248.497711181640625 163.4425811767578125 155.6466217041015625 248.7716522216796875 285.46044921875 271.272430419921875 187.4308929443359375 293.196563720703125 321.581146240234375 7.2533273696899414062 16.348133087158203125 15.875787734985351562 334.092864990234375
228.9832611083984375 190.6044769287109375 136.552032470703125 315.5665283203125 286.3580322265625 282.449371337890625 280.553253173828125 282.170806884765625 289.0804443359375 286.389556884765625 116.5646820068359375 100.221832275390625 71.85420989990234375 64.65373992919921875 49.085445404052734375 39.8054656982421875 37.593048095703125 348.27410888671875 333.8524169921875 2.4195556640625 302.591796875 287.891082763671875 314.999267578125 286.698516845703125 293.8743896484375 349.694000244140625 95.7743377685546875 108.004150390625 143.97247314453125 150.4783172607421875 167.41192626953125 241.6986236572265625 290.658233642578125 287.18890380859375 28.610635757446289062 319.89849853515625 314.05987548828125 319.842987060546875 340.277008056640625 37.4053497314453125 56.4817962646484375 46.847888946533203125
335.094512939453125 288.641143798828125 276.195831298828125 297.349334716796875 272.572845458984375 271.178192138671875 277.84588623046875 286.6256103515625 302.734466552734375 91.90897369384765625 108.82439422607421875 86.53147125244140625 74.21898651123046875 67.8334197998046875 61.6066741943359375 89.99979400634765625 78.68994140625 323.914154052734375 335.771514892578125 74.47540283203125 293.498016357421875 299.968841552734375 7.3056435585021972656 336.99041748046875 315.64300537109375 15.780727386474609375 80.9522552490234375 121.78694915771484375 174.3401641845703125 137.4363861083984375 143.7459564208984375 287.839508056640625 302.8502197265625 311.905303955078125 334.903106689453125 339.690765380859375 332.675262451171875 338.885650634765625 39.144031524658203125 113.96224212646484375 19.653333663940429688 13.134166717529296875
317.91015625 304.8238525390625 256.40850830078125 247.542572021484375 272.264129638671875 276.671539306640625 279.6368408203125 276.019195556640625 267.063629150390625 78.68988800048828125 32.905300140380859375 26.564945220947265625 41.268650054931640625 32.78424835205078125 60.67937469482421875 89.15724945068359375 95.1933135986328125 289.884521484375 16.389432907104492188 0 307.592437744140625 294.51239013671875 1.0412486791610717773 346.503387451171875 272.2305908203125 103.39211273193359375 92.67967987060546875 103.79055023193359375 212.347076416015625 254.7443695068359375 358.530609130859375 274.3563232421875 274.126922607421875 314.028228759765625 312.738861083984375 323.365142822265625 331.072601318359375 350.75311279296875 79.69498443603515625 9.4620790481567382812 330.477813720703125 358.378082275390625
359.1688232421875 161.566864013671875 273.44677734375 291.0869140625 295.144012451171875 278.832763671875 282.348480224609375 277.59393310546875 254.6376495361328125 3.8136792182922363281 8.61569976806640625 19.057672500610351562 26.564989089965820312 30.068468093872070312 62.665042877197265625 59.95851898193359375 5.4773359298706054688 327.094329833984375 104.74359893798828125 252.298858642578125 280.304168701171875 292.57354736328125 319.39764404296875 28.07232666015625 290.69482421875 340.015777587890625 76.365814208984375 61.369960784912109375 345.749176025390625 340.559356689453125 0.00045534531818702816963 248.1136016845703125 253.7306060791015625 285.1324462890625 326.59149169921875 337.879913330078125 16.927370071411132812 107.9492340087890625 108.4350128173828125 318.632110595703125 330.082275390625 5.0290102958679199219
35.02217864990234375 356.12054443359375 306.3038330078125 310.648223876953125 331.644195556640625 282.1484375 276.482452392578125 283.90203857421875 279.781707763671875 307.874114990234375 17.140338897705078125 25.974431991577148438 31.865793228149414062 69.44364166259765625 78.8046875 55.348606109619140625 29.744714736938476562 36.384441375732421875 96.581634521484375 257.275146484375 266.423095703125 252.6454010009765625 236.309326171875 126.870697021484375 191.309814453125 202.6933135986328125 89.99979400634765625 57.9574432373046875 348.21453857421875 19.249603271484375 55.007862091064453125 277.695556640625 281.510101318359375 294.646087646484375 321.214813232421875 337.8328857421875 99.90398406982421875 101.5750579833984375 307.87420654296875 305.924468994140625 323.92987060546875 18.885881423950195312
206.56463623046875 332.35321044921875 309.572479248046875 311.423004150390625 341.332244873046875 300.442901611328125 278.34326171875 276.458343505859375 284.87518310546875 283.284271240234375 28.686212539672851562 26.288248062133789062 20.955585479736328125 59.3491973876953125 63.043331146240234375 47.462646484375 33.079029083251953125 30.2254180908203125 18.434957504272460938 344.912750244140625 278.972137451171875 209.9309844970703125 196.2597503662109375 194.931243896484375 150.7508087158203125 181.9214324951171875 158.886199951171875 99.24608612060546875 283.297882080078125 39.05315399169921875 51.339996337890625 313.985260009765625 285.28460693359375 268.691497802734375 221.366455078125 156.929290771484375 124.9021453857421875 338.09613037109375 317.136138916015625 299.980865478515625 301.5506591796875 2.81562042236328125
302.004669189453125 319.926300048828125 316.27227783203125 315.402740478515625 328.542388916015625 316.65472412109375 297.049835205078125 286.53411865234375 282.6328125 272.924407958984375 319.926483154296875 8.8417415618896484375 31.263580322265625 59.931278228759765625 65.01580047607421875 62.6220550537109375 27.299526214599609375 57.528827667236328125 68.4287567138671875 135.0001373291015625 178.4924163818359375 212.0047454833984375 209.744354248046875 229.5135498046875 90.0000152587890625 34.114971160888671875 304.694091796875 81.253631591796875 271.3968505859375 300.25653076171875 41.332035064697265625 308.33245849609375 265.7454833984375 249.0567779541015625 187.814849853515625 160.1144866943359375 287.3536376953125 307.041900634765625 297.030426025390625 257.0050048828125 272.544097900390625 337.37945556640625
