wildfire/work/fuelmodels/1807/aspect.asc
ncols        370
nrows        259
xllcorner    169670.000000000000
yllcorner    475695.000000000000
cellsize     5.000000000000
NODATA_value   -999
[rows 209 to 227 of 259, columns 210 to 251 of 370]
343.851318359375 350.650604248046875 6.0292782783508300781 18.724855422973632812 344.0958251953125 326.388916015625 26.617002487182617188 40.882015228271484375 316.368408203125 351.59136962890625 70.85247039794921875 282.07147216796875 284.89202880859375 166.55670166015625 189.33148193359375 117.11438751220703125 151.7168731689453125 132.6344757080078125 122.8365936279296875 277.507781982421875 348.985382080078125 281.25079345703125 266.333770751953125 314.907745361328125 339.759002685546875 342.404876708984375 23.151887893676757812 38.822200775146484375 5.6923356056213378906 338.404296875 46.0270843505859375 66.93968963623046875 296.054779052734375 328.2152099609375 29.197422027587890625 13.954633712768554688 43.577053070068359375 79.1918487548828125 298.404541015625 312.365234375 310.5128173828125 328.802337646484375
339.458892822265625 348.853302001953125 7.1359009742736816406 40.095897674560546875 27.106800079345703125 277.404388427734375 95.19860076904296875 72.84282684326171875 313.93731689453125 69.2404937744140625 102.01343536376953125 223.02227783203125 208.828399658203125 196.996917724609375 310.50616455078125 17.509883880615234375 81.14288330078125 166.3282928466796875 332.175811767578125 342.746002197265625 13.595444679260253906 60.94525146484375 227.5580902099609375 208.381805419921875 225.2042999267578125 241.4792938232421875 110.998199462890625 71.61962127685546875 352.713348388671875 19.00043487548828125 70.3354034423828125 24.931430816650390625 271.785980224609375 223.365570068359375 167.004974365234375 46.971355438232421875 87.72266387939453125 110.4923248291015625 247.583343505859375 276.134613037109375 277.319580078125 262.89208984375
268.843170166015625 197.8654632568359375 158.7216033935546875 97.73465728759765625 108.946258544921875 192.4784698486328125 155.296661376953125 207.9600830078125 273.494964599609375 95.7650909423828125 107.74649810791015625 267.193023681640625 298.37261962890625 305.061798095703125 306.6964111328125 49.106250762939453125 86.225433349609375 280.58258056640625 295.586334228515625 341.98443603515625 121.0616607666015625 135.9071044921875 217.8808135986328125 221.3095703125 235.20574951171875 232.590667724609375 156.8718414306640625 37.13384246826171875 32.538848876953125 117.58654022216796875 355.417327880859375 5.3030633926391601562 171.0010833740234375 202.508331298828125 220.298187255859375 147.8209991455078125 106.45767974853515625 112.79821014404296875 300.963043212890625 301.4095458984375 302.276763916015625 21.239505767822265625
201.2711334228515625 179.5260772705078125 183.139404296875 133.10577392578125 118.0569915771484375 163.404876708984375 218.0883026123046875 281.28253173828125 191.38922119140625 130.0687408447265625 127.29888153076171875 261.3597412109375 277.256683349609375 277.33526611328125 256.258056640625 118.56327056884765625 104.04962921142578125 270.3524169921875 245.616302490234375 144.714508056640625 143.465118408203125 147.251953125 274.786895751953125 292.29351806640625 300.905853271484375 290.394195556640625 290.43212890625 314.999267578125 98.89141845703125 118.2751617431640625 280.03558349609375 11.352578163146972656 72.0490570068359375 253.92584228515625 214.8239898681640625 159.88055419921875 122.002960205078125 15.078631401062011719 334.734375 281.8114013671875 283.85638427734375 72.39878082275390625
195.0276641845703125 185.415863037109375 197.3927001953125 153.5487213134765625 75.0546112060546875 0.39681756496429443359 324.5504150390625 357.757293701171875 73.36766815185546875 137.14056396484375 59.8636322021484375 255.191009521484375 253.15283203125 259.7410888671875 195.0914459228515625 129.297393798828125 72.69930267333984375 303.255584716796875 271.724578857421875 104.26202392578125 130.5522918701171875 268.341705322265625 292.16143798828125 302.065582275390625 298.392303466796875 278.250701904296875 301.225677490234375 151.9099578857421875 112.4923553466796875 17.396148681640625 303.222991943359375 15.230782508850097656 64.5898895263671875 37.410022735595703125 153.7504730224609375 181.11846923828125 341.779876708984375 6.2303056716918945312 36.046722412109375 242.5937957763671875 220.89031982421875 154.3149871826171875
74.12870025634765625 245.784271240234375 250.187164306640625 226.4064483642578125 77.024444580078125 346.597381591796875 286.950592041015625 23.43457794189453125 69.957611083984375 341.945953369140625 12.232662200927734375 36.331645965576171875 267.601318359375 251.28045654296875 151.133575439453125 2.5858454704284667969 35.20061492919921875 304.081451416015625 168.0334014892578125 99.09781646728515625 111.69464111328125 297.526214599609375 296.212493896484375 314.121124267578125 0.61341118812561035156 287.803375244140625 39.17551422119140625 118.046539306640625 186.402008056640625 259.411468505859375 241.1749420166015625 168.1639862060546875 113.571197509765625 115.016632080078125 140.367401123046875 262.979766845703125 284.9918212890625 16.297605514526367188 57.350963592529296875 76.2135162353515625 214.954681396484375 258.659515380859375
339.11651611328125 340.27288818359375 343.036468505859375 24.883214950561523438 154.64410400390625 178.493865966796875 235.774169921875 186.87164306640625 81.1775970458984375 339.81610107421875 55.653278350830078125 76.7171630859375 262.62860107421875 222.3598785400390625 194.626007080078125 238.7372894287109375 128.9568634033203125 160.980712890625 187.2291107177734375 80.47678375244140625 9.9155092239379882812 307.246429443359375 301.091094970703125 357.149688720703125 24.61077117919921875 276.349151611328125 121.37509918212890625 114.7115020751953125 214.9378814697265625 189.1453399658203125 191.89569091796875 184.2509918212890625 135.9804840087890625 76.56681060791015625 63.434818267822265625 235.247314453125 239.7028045654296875 230.9650726318359375 65.24272918701171875 22.657354354858398438 337.285430908203125 325.786895751953125
284.559600830078125 304.91033935546875 20.885723114013671875 41.2742919921875 9.8560228347778320312 18.642330169677734375 268.305145263671875 222.0049896240234375 146.50677490234375 165.542572021484375 138.04986572265625 138.1370697021484375 252.18890380859375 202.9988555908203125 255.4649505615234375 243.398406982421875 113.81623077392578125 178.01324462890625 222.3909912109375 96.15377044677734375 335.792236328125 301.50103759765625 294.010650634765625 46.48358154296875 30.244127273559570312 210.486724853515625 119.46039581298828125 130.59765625 178.7977447509765625 126.27631378173828125 239.7713775634765625 287.4774169921875 343.39544677734375 54.391864776611328125 74.83536529541015625 233.0585479736328125 240.933929443359375 223.365753173828125 161.6738739013671875 323.529998779296875 305.02374267578125 269.54730224609375
318.07098388671875 353.285369873046875 43.8380584716796875 354.821197509765625 359.3330078125 83.91661834716796875 349.73187255859375 242.735687255859375 153.6942138671875 174.0872802734375 77.57636260986328125 16.105121612548828125 317.34967041015625 87.184112548828125 259.73834228515625 192.734771728515625 113.65082550048828125 186.72869873046875 262.90362548828125 25.866266250610351562 260.3662109375 257.912353515625 233.9112701416015625 181.6694183349609375 135.8348388671875 132.5474090576171875 129.76263427734375 213.0788116455078125 72.85040283203125 85.80139923095703125 292.37481689453125 299.727325439453125 142.439483642578125 123.676116943359375 83.033111572265625 356.422821044921875 266.899749755859375 205.8978729248046875 211.8883209228515625 248.78411865234375 206.3026580810546875 177.36260986328125
320.832061767578125 11.296387672424316406 22.219717025756835938 56.6879119873046875 140.7009735107421875 176.720489501953125 214.0026397705078125 154.274017333984375 108.80753326416015625 300.194976806640625 7.7156519889831542969 22.8081512451171875 347.80517578125 15.810573577880859375 308.494415283203125 131.6850738525390625 99.4620819091796875 340.4625244140625 287.7225341796875 351.77587890625 21.784709930419921875 252.85906982421875 223.4668426513671875 246.5707244873046875 114.90003204345703125 114.4362030029296875 309.365234375 350.685760498046875 37.498779296875 43.10651397705078125 289.240692138671875 269.830352783203125 115.24684906005859375 158.6576080322265625 2.6652917861938476562 23.087398529052734375 74.31768035888671875 308.733734130859375 318.171142578125 328.89483642578125 23.737094879150390625 17.251066207885742188
273.054473876953125 28.2479400634765625 57.46450042724609375 77.00925445556640625 71.2345733642578125 341.294891357421875 299.82958984375 9.8572063446044921875 56.33013916015625 244.5993804931640625 173.71270751953125 156.346466064453125 265.30291748046875 5.4178228378295898438 36.5230255126953125 98.59789276123046875 1.2862250804901123047 353.5107421875 303.800506591796875 336.809051513671875 5.6750741004943847656 348.9671630859375 337.027740478515625 292.839935302734375 76.65024566650390625 69.0872955322265625 299.783538818359375 14.934026718139648438 84.341094970703125 110.56848907470703125 274.752899169921875 305.2281494140625 49.02169036865234375 10.787832260131835938 273.3199462890625 108.862945556640625 91.51325225830078125 294.99896240234375 311.462860107421875 12.933210372924804688 83.25423431396484375 293.295074462890625
214.63116455078125 186.849090576171875 158.9644317626953125 105.29095458984375 20.665802001953125 2.9948558807373046875 324.732177734375 355.519683837890625 60.271701812744140625 61.168933868408203125 167.08465576171875 190.390167236328125 226.240966796875 224.0944061279296875 113.48679351806640625 118.1071929931640625 293.1102294921875 347.020904541015625 278.4952392578125 223.9563751220703125 209.2502593994140625 194.3922576904296875 171.06903076171875 238.5564727783203125 82.2695159912109375 12.450387001037597656 303.003204345703125 90.86391448974609375 96.4341583251953125 152.2183685302734375 271.66351318359375 308.81585693359375 36.178890228271484375 61.78924560546875 127.6194610595703125 142.2017669677734375 108.97577667236328125 265.635467529296875 245.1968536376953125 139.457489013671875 140.4208221435546875 196.3149871826171875
173.9649200439453125 189.457427978515625 186.6976776123046875 149.3827056884765625 246.5631866455078125 114.92327880859375 157.3163604736328125 211.9222564697265625 67.22198486328125 43.286579132080078125 40.970722198486328125 14.905782699584960938 266.858856201171875 287.5733642578125 66.55328369140625 35.095760345458984375 290.246307373046875 354.28466796875 106.4621124267578125 200.915191650390625 186.0954132080078125 164.3428802490234375 180.904998779296875 212.424591064453125 223.7368927001953125 300.43902587890625 359.530792236328125 115.3882598876953125 108.4943084716796875 89.0001068115234375 271.070648193359375 254.085968017578125 121.7277984619140625 84.64886474609375 68.4285430908203125 105.2813720703125 172.808746337890625 244.2942352294921875 206.9634552001953125 154.709197998046875 162.7779541015625 178.9748992919921875
137.6220855712890625 215.776641845703125 210.55462646484375 198.1115875244140625 249.74517822265625 147.714385986328125 131.2533416748046875 226.565765380859375 223.630340576171875 88.16357421875 64.666351318359375 49.950138092041015625 272.778533935546875 253.2415618896484375 111.864044189453125 159.3526611328125 281.706298828125 0.57598018646240234375 79.09366607666015625 232.403167724609375 181.5576171875 94.74103546142578125 305.690277099609375 295.6314697265625 227.8715972900390625 229.5279998779296875 146.1536865234375 121.9266204833984375 118.9572296142578125 5.1944298744201660156 282.150970458984375 256.4520263671875 82.22754669189453125 76.00788116455078125 92.5850982666015625 90.0727691650390625 335.869598388671875 241.1220550537109375 186.0361175537109375 164.0060272216796875 210.5533905029296875 154.79852294921875
50.567718505859375 314.73583984375 204.0888519287109375 251.9169464111328125 280.810699462890625 61.69910430908203125 79.4673614501953125 255.8778533935546875 228.713592529296875 147.977935791015625 77.33278656005859375 50.49710845947265625 216.11883544921875 216.4831085205078125 154.5528411865234375 339.90399169921875 260.853729248046875 174.1673431396484375 109.160491943359375 193.1287078857421875 208.597869873046875 34.558025360107421875 303.79425048828125 64.57598876953125 167.142486572265625 224.8310546875 172.354339599609375 86.25341796875 2.838771820068359375 328.048980712890625 312.472625732421875 335.813812255859375 47.911285400390625 103.23842620849609375 111.5082855224609375 318.873687744140625 349.646697998046875 43.51879119873046875 89.89273834228515625 160.84393310546875 276.5943603515625 54.771587371826171875
54.91986846923828125 350.554443359375 0.49821400642395019531 322.936065673828125 233.3957672119140625 148.75408935546875 343.883819580078125 349.972076416015625 35.912982940673828125 251.2699127197265625 11.187036514282226562 59.955684661865234375 49.038883209228515625 339.14483642578125 279.263275146484375 335.91717529296875 224.587890625 170.0988616943359375 129.4215545654296875 306.001495361328125 341.593505859375 335.135498046875 269.432098388671875 125.76318359375 116.46602630615234375 239.829132080078125 217.8744659423828125 238.2602996826171875 102.1636505126953125 250.052337646484375 263.460113525390625 171.053192138671875 135.884674072265625 130.7893218994140625 113.10247039794921875 265.19952392578125 255.7813873291015625 84.04877471923828125 43.2413787841796875 34.566577911376953125 245.1381072998046875 288.813751220703125
195.573699951171875 219.2274322509765625 229.96917724609375 145.513885498046875 284.5086669921875 340.851287841796875 331.305206298828125 21.838701248168945312 90.64740753173828125 215.884979248046875 184.8418121337890625 271.11395263671875 354.5377197265625 17.657842636108398438 314.327972412109375 334.5413818359375 36.08124542236328125 78.41919708251953125 278.88720703125 307.6585693359375 20.536937713623046875 95.02637481689453125 176.5974884033203125 118.04339599609375 329.95281982421875 347.7835693359375 225.661834716796875 224.8888092041015625 154.1106719970703125 217.0657501220703125 217.6959991455078125 161.558074951171875 147.0284423828125 151.8317108154296875 127.80796051025390625 223.198028564453125 197.4467315673828125 160.20074462890625 16.977176666259765625 49.50965118408203125 316.100921630859375 292.97650146484375
201.573760986328125 200.6057891845703125 205.8411407470703125 164.4522247314453125 268.35205078125 282.739410400390625 161.182342529296875 136.9335479736328125 121.11743927001953125 185.8691558837890625 192.43499755859375 246.3362579345703125 265.858917236328125 39.54547882080078125 299.825408935546875 309.266265869140625 57.610202789306640625 77.32079315185546875 274.560760498046875 261.7041015625 119.9859771728515625 117.9212493896484375 181.986968994140625 302.721038818359375 347.18060302734375 34.715869903564453125 32.77477264404296875 254.7649383544921875 179.7318267822265625 180.150482177734375 196.0553131103515625 146.3912353515625 153.6637725830078125 173.8995513916015625 135.607086181640625 191.148529052734375 238.228729248046875 260.346649169921875 80.25616455078125 79.65435791015625 314.032318115234375 282.18670654296875
224.9996185302734375 265.690826416015625 290.180908203125 349.498321533203125 218.3179931640625 208.331024169921875 167.1852874755859375 142.319793701171875 147.7240142822265625 97.35886383056640625 305.536956787109375 252.1345367431640625 210.2723236083984375 179.4373321533203125 244.7666015625 236.21435546875 113.91597747802734375 71.7335205078125 13.240479469299316406 212.6628265380859375 158.5169677734375 124.487091064453125 287.63372802734375 281.1064453125 314.43548583984375 81.81133270263671875 36.191692352294921875 45.349262237548828125 160.1470489501953125 194.3848724365234375 152.7000732421875 122.6982421875 139.23577880859375 307.97650146484375 336.446929931640625 7.832489013671875 330.477874755859375 265.88714599609375 164.72021484375 124.619354248046875 246.644989013671875 274.41107177734375
