wildfire/work/fuelmodels/1807/slope.asc
ncols        370
nrows        259
xllcorner    169670.000000000000
yllcorner    475695.000000000000
cellsize     5.000000000000
NODATA_value   -999
[rows 144 to 161 of 259, columns 160 to 199 of 370]
2.2344143390655517578 2.8224389553070068359 2.4252431392669677734 2.67755889892578125 1.0422582626342773438 1.3118742704391479492 3.1591324806213378906 4.4344496726989746094 4.1934370994567871094 3.5461726188659667969 4.0801916122436523438 5.5880293846130371094 6.5597462654113769531 7.22496795654296875 7.1356248855590820312 6.6431174278259277344 5.8163037300109863281 5.193721771240234375 5.4760303497314453125 5.6856842041015625 6.2811079025268554688 7.1613326072692871094 7.3783016204833984375 7.7033867835998535156 7.1404700279235839844 5.6208286285400390625 4.9958376884460449219 4.5520129203796386719 4.7498493194580078125 5.6165323257446289062 3.9127955436706542969 6.46945953369140625 2.5552248954772949219 1.8145918846130371094 2.5876662731170654297 2.4310748577117919922 2.5425181388854980469 1.5987516641616821289 1.9583604335784912109 1.4003158807754516602
1.7887598276138305664 4.3169183731079101562 2.6177823543548583984 2.333415985107421875 0.74282687902450561523 1.3977850675582885742 1.0695872306823730469 2.1018939018249511719 0.82973581552505493164 1.0422633886337280273 0.4280942082405090332 1.9676264524459838867 1.0543409585952758789 1.1068021059036254883 1.4913358688354492188 2.2153248786926269531 2.0701284408569335938 1.991906285285949707 2.4813072681427001953 2.8311986923217773438 2.9702792167663574219 4.0063920021057128906 5.3517055511474609375 6.0713481903076171875 6.6359219551086425781 6.9621644020080566406 7.2991847991943359375 7.0899510383605957031 7.5555777549743652344 8.9000024795532226562 7.9110593795776367188 7.0881853103637695312 3.0700376033782958984 2.8095114231109619141 1.2376279830932617188 1.0874233245849609375 1.9477390050888061523 2.2198836803436279297 0.43278935551643371582 0.99912095069885253906
0.54092752933502197266 4.7964463233947753906 2.9300177097320556641 3.5257430076599121094 2.4906671047210693359 1.9221078157424926758 0.60540568828582763672 2.4544706344604492188 0.47729015350341796875 0.88465201854705810547 0.1935494542121887207 1.9500671625137329102 1.3118742704391479492 2.3046247959136962891 1.8824787139892578125 1.4229036569595336914 0.85969644784927368164 0.95667439699172973633 1.1208795309066772461 1.1841273307800292969 0.84904068708419799805 0.88006532192230224609 1.0107020139694213867 0.73459964990615844727 1.9842767715454101562 2.9547607898712158203 3.7875266075134277344 3.9263222217559814453 4.6098423004150390625 6.4317345619201660156 6.6347126960754394531 4.1808972358703613281 3.2448325157165527344 3.3401525020599365234 1.835390925407409668 2.4627006053924560547 1.9352303743362426758 0.92766904830932617188 1.7336008548736572266 0.28460240364074707031
0.84724938869476318359 4.0746159553527832031 2.7690939903259277344 4.2346391677856445312 2.4045064449310302734 1.8198865652084350586 0.91114521026611328125 2.1165292263031005859 1.1529402732849121094 1.0226604938507080078 0.55570423603057861328 0.89828568696975708008 1.2983013391494750977 1.654750823974609375 1.2425216436386108398 1.823225855827331543 2.1600561141967773438 2.2196502685546875 1.9492870569229125977 1.6510701179504394531 1.5305064916610717773 1.177692413330078125 0.41486746072769165039 1.2074049711227416992 1.4940404891967773438 1.026118159294128418 1.2094956636428833008 1.1494162082672119141 0.62757223844528198242 0.77419692277908325195 2.7225072383880615234 2.2337331771850585938 2.1530103683471679688 3.3109812736511230469 1.0538575649261474609 1.5593444108963012695 1.3814055919647216797 1.3740532398223876953 0.95508855581283569336 1.327594757080078125
1.515557408332824707 3.3019547462463378906 0.81806534528732299805 2.3039603233337402344 2.5040328502655029297 1.9789044857025146484 2.1642601490020751953 2.1191577911376953125 1.2281879186630249023 0.40248534083366394043 0.91170388460159301758 0.20124463737010955811 0.98688560724258422852 1.0860246419906616211 1.124936223030090332 1.3499065637588500977 0.92930084466934204102 1.1582018136978149414 0.51798796653747558594 0.43278935551643371582 0.60373157262802124023 2.0620472431182861328 1.2178347110748291016 1.827109217643737793 0.85674953460693359375 0.92767047882080078125 1.051932215690612793 1.4625350236892700195 1.2885261774063110352 1.7309706211090087891 2.0053169727325439453 3.2300026416778564453 0.98226147890090942383 3.250598907470703125 2.6790721416473388672 1.5169008970260620117 1.1472193002700805664 0.044996734708547592163 1.2502372264862060547 1.3502707481384277344
1.6510770320892333984 1.6378452777862548828 1.4321292638778686523 1.7218862771987915039 2.9003627300262451172 2.0563929080963134766 2.2350902557373046875 1.655667424201965332 0.54372727870941162109 0.071158289909362792969 0.59187549352645874023 0.46980956196784973145 0.84003996849060058594 0.93959313631057739258 0.9422785639762878418 1.0325162410736083984 0.18553541600704193115 1.2376290559768676758 0.30018481612205505371 0.68687397241592407227 0.24232941865921020508 2.4371039867401123047 0.91613173484802246094 1.2998651266098022461 1.0766685009002685547 0.96773010492324829102 1.5515313148498535156 1.7315511703491210938 0.94924080371856689453 0.38447308540344238281 2.2730159759521484375 2.8932089805603027344 1.6201418638229370117 3.471157073974609375 2.7885613441467285156 0.96300244331359863281 0.442050933837890625 0.45224240422248840332 0.88636177778244018555 0.5867201685905456543
0.64428889751434326172 2.0818164348602294922 2.9389767646789550781 2.9787876605987548828 1.0388615131378173828 1.0543415546417236328 1.6826461553573608398 0.87371551990509033203 0.70649552345275878906 0.88636749982833862305 0.83702445030212402344 0.92493021488189697266 0.28813347220420837402 1.0733720064163208008 1.1524949073791503906 1.024634242057800293 1.128543853759765625 0.6742426753044128418 0.41851180791854858398 0.89148956537246704102 0.96772754192352294922 2.5213570594787597656 1.5774096250534057617 0.80118733644485473633 0.69784760475158691406 1.7799715995788574219 1.8356721401214599609 1.2074069976806640625 0.37107759714126586914 0.63955593109130859375 2.6295385360717773438 2.1165251731872558594 1.5179003477096557617 3.1206545829772949219 2.4692618846893310547 1.3890665769577026367 1.1960382461547851562 0.60456281900405883789 0.57274973392486572266 3.1021342277526855469
0.94923460483551025391 0.28814050555229187012 2.1886663436889648438 3.3421247005462646484 1.6874564886093139648 0.68835651874542236328 1.7121566534042358398 0.41487348079681396484 0.25455752015113830566 0.4730288088321685791 0.4269059300422668457 0.61205434799194335938 0.35575437545776367188 0.35001802444458007812 1.1811254024505615234 0.87775933742523193359 0.97138226032257080078 0.75633591413497924805 0.071150146424770355225 1.1285383701324462891 0.38447859883308410645 2.8566384315490722656 1.5667910575866699219 0.94229161739349365234 0.51798236370086669922 1.7708480358123779297 2.1150937080383300781 1.757088780403137207 1.4089721441268920898 1.5974972248077392578 2.8592803478240966797 2.2063956260681152344 1.0246376991271972656 3.6382875442504882812 2.7533450126647949219 1.011198878288269043 2.0871593952178955078 0.6112213134765625 2.6102306842803955078 4.0563611984252929688
1.4261013269424438477 0.83520793914794921875 1.4175568819046020508 2.5480835437774658203 2.4196009635925292969 1.7510226964950561523 1.9236841201782226562 0.48674273490905761719 0.31819066405296325684 0.76629722118377685547 0.64428651332855224609 0.81557708978652954102 1.011202692985534668 0.75095719099044799805 0.9265759587287902832 0.32760038971900939941 0.262386322021484375 0.74486547708511352539 0.54185980558395385742 1.1960358619689941406 0.34418496489524841309 2.7923717498779296875 0.73184400796890258789 0.96773010492324829102 0.68688434362411499023 1.0504815578460693359 2.4813179969787597656 3.6551983356475830078 2.7667214870452880859 2.9253518581390380859 2.7456250190734863281 2.0922482013702392578 1.1529430150985717773 3.4758052825927734375 2.8636963367462158203 0.33220297098159790039 2.4747860431671142578 1.2778574228286743164 3.4303050041198730469 3.0192353725433349609
0.72559452056884765625 0.67123061418533325195 0.35575005412101745605 1.2240599393844604492 1.7017873525619506836 2.1614565849304199219 1.5987533330917358398 0.89601796865463256836 0.51405507326126098633 0.71504390239715576172 0.67122429609298706055 0.60790312290191650391 0.45558494329452514648 0.43278935551643371582 0.99098068475723266602 0.74214041233062744141 0.61781549453735351562 0.68541073799133300781 0.47729137539863586426 1.1879616975784301758 0.45223769545555114746 2.762332916259765625 0.94013446569442749023 0.99098610877990722656 0.61781984567642211914 0.37244403362274169922 1.1926448345184326172 4.664669036865234375 4.56806182861328125 1.0804091691970825195 1.0106937885284423828 1.2355799674987792969 0.33221286535263061523 2.4354331493377685547 3.0715188980102539062 1.3103301525115966797 1.8212821483612060547 1.4121979475021362305 4.0335235595703125 2.9008901119232177734
1.5235595703125 1.237628936767578125 0.94603824615478515625 0.90501606464385986328 2.0630230903625488281 1.825716853141784668 1.0543409585952758789 1.2778632640838623047 1.1824134588241577148 0.69857102632522583008 0.98996126651763916016 0.64034879207611083984 0.37243989109992980957 0.31338909268379211426 0.84544855356216430664 0.33220297098159790039 0.58498799800872802734 0.77680695056915283203 0.50911706686019897461 1.0576877593994140625 0.35576254129409790039 2.3882601261138916016 0.66895759105682373047 0.94604414701461791992 0.59783375263214111328 1.3234001398086547852 1.5946383476257324219 4.0144567489624023438 4.5062308311462402344 1.9221085309982299805 0.2249978184700012207 0.56920731067657470703 1.2798492908477783203 2.5835583209991455078 2.9583454132080078125 1.2380338907241821289 0.28637775778770446777 1.6593316793441772461 3.4420707225799560547 1.8684591054916381836
0.51798605918884277344 0.45223855972290039062 0.84245455265045166016 0.53338968753814697266 1.6204525232315063477 1.3091653585433959961 0.64429402351379394531 1.0046823024749755859 1.664807438850402832 0.98637270927429199219 1.4977636337280273438 1.1669040918350219727 1.3325444459915161133 0.78264832496643066406 1.1494212150573730469 0.47835132479667663574 0.4857062995433807373 0.96981537342071533203 1.0733660459518432617 1.2425162792205810547 1.2703256607055664062 1.4639248847961425781 2.0774416923522949219 1.4261013269424438477 0.66895788908004760742 0.49703821539878845215 0.81122773885726928711 2.6395244598388671875 3.1456623077392578125 2.8525538444519042969 1.5748323202133178711 0.94227969646453857422 0.81310194730758666992 3.6511819362640380859 2.5704102516174316406 0.22499266266822814941 0.91170084476470947266 2.1057405471801757812 3.0123610496520996094 1.7913087606430053711
0.51798307895660400391 0.54093188047409057617 0.54466640949249267578 0.94924044609069824219 1.8902606964111328125 1.9979948997497558594 1.7599532604217529297 2.1457197666168212891 2.2914183139801025391 1.6012856960296630859 1.20949554443359375 0.51797753572463989258 0.87545162439346313477 1.2587157487869262695 1.6654131412506103516 0.27187037467956542969 0.34418833255767822266 1.2355765104293823242 1.4093205928802490234 0.55569553375244140625 1.699408411979675293 0.14230293035507202148 0.60373544692993164062 1.3707318305969238281 0.70290613174438476562 1.3506484031677246094 1.4913338422775268555 1.2671321630477905273 1.9840157032012939453 2.6788823604583740234 2.8251268863677978516 1.1841244697570800781 2.0043196678161621094 2.4360620975494384766 2.7601363658905029297 0.34417989850044250488 1.8290342092514038086 2.7358410358428955078 3.845615386962890625 1.6461640596389770508
0.46980813145637512207 0.74554514884948730469 1.0818228721618652344 1.4666846990585327148 1.5048352479934692383 2.1201083660125732422 2.2045578956604003906 2.1466541290283203125 1.7910276651382446289 2.603450775146484375 2.2962667942047119141 1.754774928092956543 1.5825301408767700195 2.0246610641479492188 2.6496481895446777344 1.791306614875793457 1.1249424219131469727 1.7785463333129882812 1.8510378599166870117 0.30186918377876281738 1.9727652072906494141 0.85615146160125732422 1.4189884662628173828 1.3547699451446533203 1.1977250576019287109 2.2086870670318603516 1.8684508800506591797 1.6461681127548217773 1.1177211999893188477 0.61781549453735351562 2.3394689559936523438 3.3570559024810791016 2.0386068820953369141 1.4639310836791992188 2.793460845947265625 0.3149973452091217041 2.9881014823913574219 2.8145458698272705078 4.3111834526062011719 1.6510726213455200195
4.291534423828125e-06 0.47303617000579833984 0.38315883278846740723 0.92929655313491821289 0.49397081136703491211 1.3536440134048461914 1.5390944480895996094 2.3170878887176513672 0.33220705389976501465 0.95720136165618896484 1.0695905685424804688 2.1960537433624267578 1.6288532018661499023 2.2098333835601806641 2.3046193122863769531 1.5482702255249023438 0.4136504828929901123 1.4804250001907348633 2.4310693740844726562 1.73009490966796875 1.1673353910446166992 0.78586786985397338867 0.45558327436447143555 0.60791260004043579102 1.4909912347793579102 2.16426849365234375 1.0695900917053222656 0.61782485246658325195 0.40248918533325195312 0.18553541600704193115 1.8452936410903930664 3.8670964241027832031 2.6532776355743408203 0.85615551471710205078 1.8673675060272216797 1.9555090665817260742 1.1651704311370849609 3.5437529087066650391 2.9518446922302246094 1.713336944580078125
0.32760390639305114746 0.47303414344787597656 0.095458529889583587646 0.79547137022018432617 0.48151582479476928711 1.7429143190383911133 2.5615482330322265625 3.8541443347930908203 2.1551239490509033203 0.58412939310073852539 1.6889503002166748047 1.3707357645034790039 2.5018143653869628906 3.9931330680847167969 3.1877961158752441406 1.9518855810165405273 1.8795199394226074219 1.403209686279296875 1.867360234260559082 1.356631159782409668 1.9141951799392700195 2.4246165752410888672 1.9115501642227172852 1.2607247829437255859 0.91613739728927612305 1.323397517204284668 0.86556619405746459961 0.97138226032257080078 1.1472196578979492188 0.63400155305862426758 1.4122033119201660156 3.4916203022003173828 3.5371999740600585938 2.8210172653198242188 2.7883858680725097656 1.3592455387115478516 1.6738990545272827148 2.7885613441467285156 1.4398758411407470703 1.3813951015472412109
0.52958565950393676758 0.52187877893447875977 0.33824875950813293457 0.27186718583106994629 0.58672082424163818359 2.5946898460388183594 0.78586637973785400391 2.6086862087249755859 2.78783416748046875 3.0111854076385498047 2.2607393264770507812 1.8011631965637207031 1.9518768787384033203 3.2091236114501953125 2.3646368980407714844 2.4348146915435791016 2.7358424663543701172 1.5667859315872192383 2.1939692497253417969 2.5960545539855957031 1.9842779636383056641 0.97346407175064086914 1.2826098203659057617 0.9550921320915222168 0.8965905308723449707 1.1525015830993652344 0.70434397459030151367 0.78264296054840087891 1.4967498779296875 1.2667356729507446289 2.4252490997314453125 3.0894021987915039062 1.4597743749618530273 0.89149695634841918945 1.902790069580078125 2.5862975120544433594 1.6599408388137817383 1.266726374626159668 1.752467036247253418 1.9511057138442993164
0.54929774999618530273 0.84004825353622436523 0.19355346262454986572 0.031820531934499740601 0.3149973452091217041 2.5449039936065673828 1.117717742919921875 1.319947361946105957 2.4047138690948486328 5.1555361747741699219 1.5603100061416625977 3.0382561683654785156 3.4254360198974609375 3.7433972358703613281 1.4896361827850341797 2.4815194606781005859 1.4569953680038452148 3.3375689983367919922 3.0219089984893798828 0.74282795190811157227 2.2767992019653320312 1.544666290283203125 0.34418159723281860352 1.3056881427764892578 1.7394326925277709961 1.2392677068710327148 0.28638383746147155762 0.74554556608200073242 2.1150918006896972656 2.6456463336944580078 3.7434022426605224609 3.4637269973754882812 2.8468828201293945312 2.9307076930999755859 3.9451787471771240234 3.1326243877410888672 1.560313105583190918 0.49703902006149291992 1.0437140464782714844 2.2260251045227050781
