wildfire/work/fuelmodels/1807/slope.asc
ncols        370
nrows        259
xllcorner    169670.000000000000
yllcorner    475695.000000000000
cellsize     5.000000000000
NODATA_value   -999
[rows 234 to 251 of 259, columns 280 to 319 of 370]
14.523335456848144531 4.8823108673095703125 2.3063745498657226562 27.840229034423828125 8.0873956680297851562 11.678571701049804688 4.2702589035034179688 10.292758941650390625 2.7820262908935546875 5.8776917457580566406 5.5304903984069824219 5.6221680641174316406 5.2605443000793457031 3.5927488803863525391 3.2443714141845703125 2.1018931865692138672 0.79548102617263793945 0.52958983182907104492 1.061982274055480957 1.6129319667816162109 2.4845745563507080078 4.4990601539611816406 6.8409852981567382812 5.2149233818054199219 2.0519573688507080078 0.45558369159698486328 2.140056610107421875 2.4051384925842285156 4.5284552574157714844 5.3160991668701171875 3.0063190460205078125 4.4743142127990722656 3.9247763156890869141 1.0596061944961547852 0.71149599552154541016 1.0107073783874511719 0.16224738955497741699 1.0985356569290161133 1.5248770713806152344 0.71997964382171630859
8.3743076324462890625 5.7725129127502441406 1.8312509059906005859 18.926397323608398438 23.135478973388671875 16.239999771118164062 7.5295782089233398438 4.5671725273132324219 6.2258458137512207031 5.8339362144470214844 3.6984682083129882812 3.6106929779052734375 3.2815434932708740234 2.2155427932739257812 3.3298470973968505859 3.4136211872100830078 2.4064040184020996094 1.2998672723770141602 1.1208919286727905273 1.319947361946105957 1.1208851337432861328 2.0264070034027099609 5.5382380485534667969 6.7838344573974609375 4.4015398025512695312 1.2810295820236206055 2.4154205322265625 3.5904951095581054688 4.0033674240112304688 5.0127673149108886719 3.5633754730224609375 3.3612637519836425781 3.4289860725402832031 1.9228920936584472656 1.5354620218276977539 2.5696203708648681641 1.9367897510528564453 1.4542124271392822266 1.7008886337280273438 1.791869044303894043
8.5976238250732421875 6.1599612236022949219 1.7501615285873413086 4.9496054649353027344 3.6055135726928710938 5.0379481315612792969 3.8828606605529785156 2.9405198097229003906 5.5469560623168945312 4.4249906539916992188 2.4053528308868408203 2.1600475311279296875 2.2854490280151367188 1.7089099884033203125 2.2969300746917724609 3.5050537586212158203 4.315399169921875 3.0715205669403076172 1.9134033918380737305 2.6048121452331542969 2.9210231304168701172 3.4254331588745117188 4.2971143722534179688 4.646465301513671875 3.3443787097930908203 2.9279448986053466797 1.8271025419235229492 3.8545398712158203125 3.3720722198486328125 4.6076517105102539062 5.0002770423889160156 3.0217454433441162109 2.3362321853637695312 2.9636394977569580078 1.7097905874252319336 0.65597224235534667969 0.37244194746017456055 2.222835540771484375 2.4747841358184814453 2.5149216651916503906
22.365703582763671875 11.607483863830566406 1.3118703365325927734 5.5704283714294433594 4.5209918022155761719 4.0876111984252929688 5.0961413383483886719 4.3354649543762207031 3.8456239700317382812 3.2199831008911132812 1.2955691814422607422 1.7997592687606811523 2.5389397144317626953 2.3205914497375488281 1.9583562612533569336 2.4937176704406738281 3.9620330333709716797 4.6965575218200683594 3.2550923824310302734 3.6389820575714111328 5.6705045700073242188 4.5591015815734863281 3.9963057041168212891 4.8523759841918945312 3.4549584388732910156 1.4189884662628173828 0.38840824365615844727 2.5323541164398193359 3.4186480045318603516 4.9403324127197265625 5.5688872337341308594 2.7885670661926269531 1.7362264394760131836 2.2132596969604492188 1.2095006704330444336 0.95455592870712280273 1.0874212980270385742 3.7559244632720947266 1.0860246419906616211 3.2950625419616699219
17.227792739868164062 14.154753684997558594 2.6055877208709716797 5.0639963150024414062 5.2944416999816894531 4.6420068740844726562 4.1558322906494140625 3.1269681453704833984 2.8258469104766845703 3.1172597408294677734 2.4906766414642333984 2.4749853610992431641 2.9020972251892089844 2.6318442821502685547 1.4848648309707641602 2.4700820446014404297 2.8937311172485351562 4.4111695289611816406 4.0344018936157226562 3.7855279445648193359 6.6085977554321289062 7.8628320693969726562 5.9208655357360839844 4.1929574012756347656 1.5195658206939697266 0.58671623468399047852 1.4292958974838256836 2.5131142139434814453 2.9022758007049560547 4.5834975242614746094 5.0252170562744140625 3.1229317188262939453 1.9059910774230957031 2.3534805774688720703 1.5495698451995849609 0.67498993873596191406 0.92766237258911132812 3.5633754730224609375 1.4691069126129150391 3.4911828041076660156
13.085062980651855469 9.2173004150390625 2.5647039413452148438 3.8419411182403564453 4.9793639183044433594 4.2498769760131835938 2.985561370849609375 3.1141710281372070312 2.0146362781524658203 2.2750267982482910156 3.1865320205688476562 2.9743695259094238281 2.9069788455963134766 3.4054703712463378906 2.3103172779083251953 3.8068139553070068359 3.5307626724243164062 4.0272641181945800781 4.0072774887084960938 3.0497260093688964844 5.2435564994812011719 7.4048295021057128906 6.4054927825927734375 5.4249176979064941406 3.7645213603973388672 2.3399071693420410156 2.80213165283203125 3.9134414196014404297 4.9443068504333496094 4.0909519195556640625 2.8953008651733398438 4.2164859771728515625 3.3122038841247558594 2.0876436233520507812 1.878174901008605957 1.3770014047622680664 2.1146075725555419922 3.0076646804809570312 0.34418496489524841309 3.7694783210754394531
9.7060213088989257812 2.8636960983276367188 1.9302533864974975586 2.7386109828948974609 4.0475215911865234375 4.1416001319885253906 2.3646311759948730469 3.3808925151824951172 3.1127042770385742188 2.3399031162261962891 2.5195460319519042969 2.4443566799163818359 2.7885692119598388672 3.8273284435272216797 3.3393933773040771484 2.9960424900054931641 1.3049083948135375977 2.3958747386932373047 3.0879259109497070312 2.2863321304321289062 4.269313812255859375 6.2024364471435546875 6.0004119873046875 4.9156637191772460938 3.28845977783203125 2.0405874252319335938 2.2940659523010253906 3.4911911487579345703 4.9419598579406738281 4.1336674690246582031 3.7402958869934082031 3.2691941261291503906 4.00463104248046875 2.4692656993865966797 0.98019456863403320312 1.1776982545852661133 3.8515269756317138672 2.8545064926147460938 2.0490026473999023438 3.4635746479034423828
10.5302734375 1.4957331418991088867 1.5305150747299194336 2.6086852550506591797 2.9326100349426269531 3.8557238578796386719 2.3258168697357177734 2.3859262466430664062 2.7936320304870605469 2.3706126213073730469 2.5425212383270263672 2.8159871101379394531 2.9784395694732666016 3.1067011356353759766 2.1794075965881347656 0.38183197379112243652 1.2798428535461425781 1.5599941015243530273 2.290752410888671875 2.5058503150939941406 4.4531812667846679688 5.5989193916320800781 5.37154388427734375 4.0128126144409179688 2.7621486186981201172 2.1074264049530029297 2.0603287220001220703 2.6464085578918457031 5.3734149932861328125 3.6869759559631347656 2.7929058074951171875 2.5765004158020019531 2.3671965599060058594 3.3251428604125976562 1.4093341827392578125 2.5609600543975830078 3.5100953578948974609 0.69784325361251831055 3.1245522499084472656 1.120873570442199707
4.8187909126281738281 1.1045032739639282227 1.9155118465423583984 2.9573221206665039062 2.6084926128387451172 3.3786599636077880859 2.8037550449371337891 2.1717324256896972656 1.8359428644180297852 2.1821868419647216797 2.6433446407318115234 2.4749853610992431641 2.5798363685607910156 2.3901610374450683594 2.2810192108154296875 2.2980256080627441406 0.61452788114547729492 0.78780627250671386719 1.4207730293273925781 1.9719980955123901367 4.9065260887145996094 6.4546771049499511719 5.0208067893981933594 3.3719122409820556641 2.2210178375244140625 0.35576254129409790039 1.3861541748046875 1.9840216636657714844 3.9830076694488525391 4.9772362709045410156 2.2567203044891357422 1.1568789482116699219 0.49805146455764770508 2.4385509490966796875 1.7862133979797363281 2.2155439853668212891 2.7328798770904541016 1.9850472211837768555 1.8923985958099365234 2.7863924503326416016
1.9221063852310180664 1.9221063852310180664 2.29074859619140625 3.3251426219940185547 2.7885613441467285156 2.3774290084838867188 2.4528167247772216797 2.8628151416778564453 2.0146384239196777344 1.9809545278549194336 2.0326337814331054688 1.9735310077667236328 2.5646979808807373047 1.8843600749969482422 2.4920945167541503906 2.8919866085052490234 0.94923895597457885742 0.95720309019088745117 1.2538759708404541016 1.7498650550842285156 4.1176357269287109375 6.4284548759460449219 5.4250140190124511719 3.891819000244140625 2.6926198005676269531 1.8583989143371582031 2.4271183013916015625 2.46269989013671875 2.6358668804168701172 3.7462291717529296875 3.6924593448638916016 1.3367125988006591797 1.6681531667709350586 0.85970407724380493164 1.683838963508605957 2.819751739501953125 1.2826048135757446289 2.4279534816741943359 1.1244981288909912109 3.81357574462890625
2.5815999507904052734 2.6281919479370117188 1.5085328817367553711 3.1846330165863037109 2.8763837814331054688 1.9676302671432495117 0.91778749227523803711 1.947214961051940918 2.1775562763214111328 1.7691417932510375977 1.3427617549896240234 1.6979171037673950195 2.6568934917449951172 1.5125501155853271484 2.2155420780181884766 3.0931687355041503906 1.3536435365676879883 0.77025389671325683594 1.5754834413528442383 2.4087109565734863281 3.1429300308227539062 4.9451251029968261719 5.0469417572021484375 4.1659007072448730469 4.8917021751403808594 4.8777661323547363281 4.1458587646484375 3.6295299530029296875 3.1987116336822509766 2.227161407470703125 2.2907583713531494141 3.4845247268676757812 1.8090170621871948242 2.3549871444702148438 2.3571426868438720703 2.6662013530731201172 1.9257913827896118164 1.8271085023880004883 3.5307602882385253906 3.0700414180755615234
29.492334365844726562 25.266336441040039062 8.2587041854858398438 2.4643497467041015625 2.58531951904296875 2.1388666629791259766 0.67123091220855712891 0.99911999702453613281 1.258713841438293457 1.0576956272125244141 0.74554944038391113281 1.0422646999359130859 2.3926978111267089844 2.1619272232055664062 1.3766291141510009766 2.6841578483581542969 2.1768484115600585938 0.76960068941116333008 1.6163916587829589844 2.9506504535675048828 2.9811520576477050781 3.4032452106475830078 4.173168182373046875 3.9844067096710205078 4.55877685546875 4.1187458038330078125 3.5223097801208496094 3.152881622314453125 2.4070265293121337891 1.0112051963806152344 0.80307585000991821289 3.7611660957336425781 4.6599063873291015625 1.0874270200729370117 3.6585052013397216797 2.3396925926208496094 1.5806059837341308594 1.5092025995254516602 3.317535400390625 1.6079115867614746094
11.226017951965332031 24.262517929077148438 10.217904090881347656 1.9375823736190795898 2.1544294357299804688 2.6208634376525878906 1.5301816463470458984 0.69856798648834228516 1.0107020139694213867 1.4204162359237670898 1.5305188894271850586 0.76498621702194213867 2.0045623779296875 2.6231853961944580078 1.3260697126388549805 1.8886452913284301758 2.1914389133453369141 1.0246313810348510742 1.2195045948028564453 3.7795214653015136719 3.4173123836517333984 1.3291167020797729492 3.3767173290252685547 2.5646991729736328125 2.2196505069732666016 2.6256926059722900391 1.9924204349517822266 1.2920490503311157227 0.62758052349090576172 1.4218373298645019531 1.3784637451171875 2.4354410171508789062 5.2677221298217773438 5.154369354248046875 2.2063927650451660156 2.0065865516662597656 0.73460036516189575195 2.4612572193145751953 2.8086187839508056641 1.4189867973327636719
22.21758270263671875 21.155233383178710938 7.7015070915222167969 1.9123452901840209961 1.3275990486145019531 1.9123411178588867188 1.5155615806579589844 0.70434397459030151367 1.2425230741500854492 2.2993500232696533203 2.0093660354614257812 1.1081725358963012695 2.3620562553405761719 2.7326962947845458984 1.9438393115997314453 1.9292024374008178711 2.6639277935028076172 1.448987126350402832 0.1590976417064666748 4.40933990478515625 3.5873878002166748047 1.4175628423690795898 2.5133154392242431641 2.4070305824279785156 1.0766620635986328125 1.529851078987121582 0.79801535606384277344 0.65597194433212280273 0.82606256008148193359 1.1651688814163208008 1.8137613534927368164 0.44999366998672485352 1.5092005729675292969 2.8411891460418701172 4.59449005126953125 3.539333343505859375 1.6436984539031982422 3.3786587715148925781 3.2326662540435791016 2.0123720169067382812
5.6626019477844238281 7.2116160392761230469 8.1709947586059570312 1.8942656517028808594 1.8469339609146118164 1.6547521352767944336 1.0359308719635009766 1.0364192724227905273 0.262386322021484375 2.4717190265655517578 2.4987878799438476562 2.6496481895446777344 3.0734848976135253906 2.4583826065063476562 1.6802515983581542969 2.1768484115600585938 2.6905531883239746094 0.88464838266372680664 1.1472128629684448242 3.6428713798522949219 3.8383841514587402344 1.3367125988006591797 1.5301882028579711914 2.9078423976898193359 1.4189908504486083984 1.6400099992752075195 0.7800585627555847168 0.99658089876174926758 1.1994080543518066406 1.2742961645126342773 1.9755842685699462891 0.99911898374557495117 1.2290041446685791016 2.4951345920562744141 3.464458465576171875 4.0732631683349609375 2.508480072021484375 2.9451701641082763672 3.2729032039642333984 1.2619215250015258789
4.6229419708251953125 9.33187103271484375 8.40918731689453125 2.2969231605529785156 2.0715856552124023438 1.3382315635681152344 0.82606673240661621094 0.43278935551643371582 1.0576934814453125 2.4845719337463378906 2.4519925117492675781 2.7981507778167724609 2.3083477020263671875 1.6226389408111572266 1.2951812744140625 1.9817175865173339844 2.330150604248046875 0.57627379894256591797 1.0957598686218261719 2.2362337112426757812 3.6081721782684326172 0.43279868364334106445 0.34417822957038879395 2.8779606819152832031 3.3650186061859130859 1.5541408061981201172 1.0934495925903320312 0.50310313701629638672 0.99454903602600097656 1.9601629972457885742 2.1388757228851318359 1.6608536243438720703 2.7749266624450683594 3.7415068149566650391 2.6318459510803222656 3.3767237663269042969 3.2630102634429931641 2.3618552684783935547 2.8122048377990722656 1.4374068975448608398
9.6304388046264648438 7.6369791030883789062 3.6441249847412109375 3.0192358493804931641 1.5654935836791992188 0.98688560724258422852 1.1190775632858276367 0.85675156116485595703 1.4666936397552490234 3.0726654529571533203 2.9057533740997314453 3.2946012020111083984 2.6110122203826904297 1.5987637042999267578 1.1276385784149169922 1.4875844717025756836 2.4304502010345458984 1.0543344020843505859 0.97345942258834838867 2.0452983379364013672 3.4691185951232910156 1.760251164436340332 2.1153314113616943359 1.8835548162460327148 4.5636372566223144531 1.5275316238403320312 0.91169852018356323242 0.56384229660034179688 0.85911011695861816406 2.9881069660186767578 2.5357527732849121094 2.1317658424377441406 2.8672270774841308594 2.3160126209259033203 1.807892918586730957 2.9336440563201904297 2.6310739517211914062 2.7180430889129638672 1.2869372367858886719 1.9809545278549194336
15.961894035339355469 4.3853554725646972656 1.2355834245681762695 2.3916463851928710938 2.0701229572296142578 1.3685171604156494141 1.6012856960296630859 1.2425276041030883789 1.2893015146255493164 3.855712890625 4.213611602783203125 3.3401513099670410156 2.3867747783660888672 1.3814054727554321289 1.054335474967956543 1.3592379093170166016 2.4331583976745605469 1.0127004384994506836 0.51307684183120727539 1.5390895605087280273 3.0588274002075195312 2.6032595634460449219 2.4569373130798339844 1.6359823942184448242 4.4047541618347167969 1.577405095100402832 1.0538547039031982422 0.87776792049407958984 1.8988100290298461914 3.0715265274047851562 2.4254491329193115234 1.5799731016159057617 1.8583989143371582031 1.2182605266571044922 0.58064424991607666016 2.4780633449554443359 1.2178397178649902344 2.640483856201171875 2.8769159317016601562 0.76959919929504394531
