wildfire/work/fuelmodels/1807/slope.asc
ncols        370
nrows        259
xllcorner    169670.000000000000
yllcorner    475695.000000000000
cellsize     5.000000000000
NODATA_value   -999
[rows 72 to 89 of 259, columns 120 to 159 of 370]
3.0617983341217041016 3.5214450359344482422 3.8292925357818603516 2.2607433795928955078 1.5125596523284912109 2.5213460922241210938 1.5593352317810058594 0.55661237239837646484 1.1806991100311279297 1.6790330410003662109 1.6437029838562011719 0.95508909225463867188 1.9766088724136352539 3.6328723430633544922 2.3405525684356689453 1.9801919460296630859 2.0630240440368652344 2.9573180675506591797 3.4945099353790283203 3.0591502189636230469 2.1115009784698486328 1.1733911037445068359 1.0691125392913818359 0.85378986597061157227 1.1249426603317260742 0.75633013248443603516 1.730093836784362793 1.3291167020797729492 1.6648116111755371094 2.07012176513671875 2.1028530597686767578 1.8714280128479003906 1.378467559814453125 0.74009776115417480469 0.41366121172904968262 1.6204527616500854492 0.9630063176155090332 0.87371265888214111328 2.9731724262237548828 2.7469120025634765625
2.3085684776306152344 1.5564143657684326172 2.8919808864593505859 3.0430788993835449219 2.3755171298980712891 1.3080068826675415039 1.0576900243759155273 1.7218862771987915039 2.1532509326934814453 2.508274078369140625 1.9888586997985839844 0.79801583290100097656 2.0740261077880859375 3.4567172527313232422 2.1710309982299804688 2.2326004505157470703 1.5719443559646606445 0.62676537036895751953 2.465160369873046875 2.320587158203125 0.99912267923355102539 0.58672082424163818359 0.70002245903015136719 0.55661398172378540039 0.55570387840270996094 0.51307272911071777344 1.9320888519287109375 2.6465997695922851562 1.6338237524032592773 1.139250636100769043 1.528527379035949707 1.5168948173522949219 1.6359897851943969727 1.3773643970489501953 0.769603729248046875 0.4148737490177154541 1.4841821193695068359 2.8672268390655517578 2.9300131797790527344 1.5092035531997680664
2.3240714073181152344 2.5706057548522949219 3.9118864536285400391 4.7121081352233886719 3.5972394943237304688 2.0715897083282470703 1.3861541748046875 0.6689624786376953125 0.65519827604293823242 1.7980731725692749023 2.6328074932098388672 1.9635163545608520508 1.3769928216934204102 2.2625331878662109375 4.2739167213439941406 3.7522933483123779297 2.2155432701110839844 2.4717144966125488281 2.157009124755859375 1.8781715631484985352 1.6535265445709228516 1.7133444547653198242 0.71998393535614013672 0.18553957343101501465 0.76960217952728271484 0.37107497453689575195 3.0242586135864257812 2.8841044902801513672 1.4514259099960327148 1.0061881542205810547 1.4903107881546020508 1.7708517313003540039 1.7133406400680541992 1.890254974365234375 1.7097905874252319336 1.9531788825988769531 0.35575601458549499512 4.9987635612487792969 2.8138310909271240234 1.1067981719970703125
3.5642266273498535156 2.0934507846832275391 2.1124570369720458984 3.5004343986511230469 3.3504226207733154297 0.48674628138542175293 1.7862157821655273438 0.81496161222457885742 0.62757116556167602539 0.99911898374557495117 2.1067016124725341797 2.4906778335571289062 1.3740530014038085938 1.1498634815216064453 0.76365625858306884766 2.8568065166473388672 3.6423137187957763672 3.5353341102600097656 1.4913297891616821289 2.8066341876983642578 1.5495736598968505859 1.2178418636322021484 0.67122733592987060547 1.187969207763671875 1.469105839729309082 1.6378419399261474609 3.9134402275085449219 2.5696222782135009766 1.0127025842666625977 0.78004842996597290039 0.57627141475677490234 0.95667779445648193359 1.3141832351684570312 1.5908215045928955078 0.85969746112823486328 2.7358429431915283203 1.2224042415618896484 5.5141663551330566406 1.84693145751953125 0.31819975376129150391
8.401275634765625 8.7505521774291992188 5.71112823486328125 4.2953538894653320312 5.5450525283813476562 4.1644501686096191406 1.9260547161102294922 0.82545518875122070312 0.70649838447570800781 1.07666015625 1.9417461156845092773 2.0146412849426269531 1.6907535791397094727 2.286334991455078125 2.0301482677459716797 4.1635999679565429688 4.5002908706665039062 2.1939790248870849609 1.2550854682922363281 2.5283608436584472656 0.89149194955825805664 1.6424726247787475586 1.469105839729309082 2.5991711616516113281 1.4489858150482177734 2.2524545192718505859 4.1458606719970703125 2.6395158767700195312 0.64429223537445068359 1.1140890121459960938 0.86848300695419311523 0.40748798847198486328 0.50311386585235595703 2.0472700595855712891 4.5056710243225097656 3.0457391738891601562 4.3739485740661621094 4.7964463233947753906 0.42808541655540466309 0.92493343353271484375
5.8228793144226074219 8.6318149566650390625 8.09439849853515625 4.6944131851196289062 4.2116975784301757812 4.3643603324890136719 4.8685622215270996094 4.1628713607788085938 2.9921579360961914062 3.3433299064636230469 4.2359552383422851562 3.2188785076141357422 1.1472190618515014648 1.5796506404876708984 1.2074049711227416992 3.5037581920623779297 5.2993826866149902344 5.827976226806640625 3.7460961341857910156 1.9141998291015625 1.3714755773544311523 0.74486619234085083008 3.6853327751159667969 3.9615275859832763672 4.8687653541564941406 4.7989716529846191406 5.7846231460571289062 4.6108174324035644531 2.7601308822631835938 1.8716942071914672852 1.3685121536254882812 1.2502393722534179688 0.87371343374252319336 4.1645674705505371094 5.5239324569702148438 1.7913029193878173828 6.4814205169677734375 2.8372681140899658203 1.0500056743621826172 0.81558382511138916016
0.43279311060905456543 3.4496998786926269531 6.3878793716430664062 7.4686450958251953125 4.8187923431396484375 2.0825469493865966797 2.5939135551452636719 2.8197576999664306641 2.0224103927612304688 1.0186922550201416016 2.5892338752746582031 5.3508615493774414062 4.2531981468200683594 1.8902612924575805664 3.0076625347137451172 1.0504907369613647461 2.9196481704711914062 4.9467539787292480469 5.4250164031982421875 3.7855248451232910156 3.3175303936004638672 3.5200111865997314453 5.0512361526489257812 5.0663828849792480469 4.5358080863952636719 5.9968843460083007812 7.3374505043029785156 5.9113359451293945312 2.9210302829742431641 1.693737030029296875 1.3536424636840820312 1.8356708288192749023 2.3950254917144775391 5.1044454574584960938 3.4165790081024169922 4.5174145698547363281 5.7044262886047363281 1.2671245336532592773 0.5130742192268371582 1.4132691621780395508
0.90109342336654663086 1.5908281803131103516 1.813762664794921875 6.5505418777465820312 6.7980399131774902344 7.5563755035400390625 6.7770166397094726562 4.2299928665161132812 2.0531895160675048828 0.69784760475158691406 0.87371098995208740234 3.4637298583984375 6.5605874061584472656 4.0308904647827148438 3.0938215255737304688 2.7085390090942382812 3.6430087089538574219 4.4417209625244140625 5.5703344345092773438 5.2052602767944335938 4.959781646728515625 4.9099202156066894531 4.6076478958129882812 4.01885223388671875 2.9069778919219970703 4.5641927719116210938 7.2012381553649902344 6.615825653076171875 3.9050405025482177734 2.6540408134460449219 1.5155668258666992188 1.6012918949127197266 2.5647003650665283203 4.7584447860717773438 0.54744344949722290039 7.1455364227294921875 6.8354821205139160156 5.3494524955749511719 3.7714955806732177734 2.1286723613739013672
1.5007988214492797852 1.0533759593963623047 0.6315943598747253418 3.4210164546966552734 4.8031759262084960938 6.3477649688720703125 7.9591078758239746094 9.0991563796997070312 6.3988080024719238281 3.2766053676605224609 1.6874483823776245117 1.8513144254684448242 4.483783721923828125 5.0861430168151855469 1.140580296516418457 3.9046511650085449219 2.6705632209777832031 3.4230811595916748047 4.6177053451538085938 5.350860595703125 5.5048465728759765625 5.018093109130859375 4.9188466072082519531 6.9135928153991699219 7.9100437164306640625 7.9729409217834472656 9.6635541915893554688 10.128612518310546875 8.5437021255493164062 6.4393134117126464844 3.9706921577453613281 2.9656844139099121094 3.7960505485534667969 3.4350202083587646484 3.8891015052795410156 7.8357081413269042969 5.7192401885986328125 1.6260602474212646484 3.3083834648132324219 2.2414262294769287109
2.0630245208740234375 1.1494194269180297852 0.031817495822906494141 1.4405821561813354492 1.0822867155075073242 0.99861693382263183594 0.99658554792404174805 6.1912450790405273438 9.1017904281616210938 7.4583635330200195312 3.1758871078491210938 1.0874247550964355469 1.5920964479446411133 4.3802852630615234375 3.8404932022094726562 6.0384449958801269531 5.0379462242126464844 4.5760087966918945312 5.1555423736572265625 5.5119752883911132812 4.8933548927307128906 4.2947688102722167969 6.8601284027099609375 8.7019662857055664062 6.9819769859313964844 6.6503057479858398438 9.3263139724731445312 10.688634872436523438 9.9990530014038085938 8.5106182098388671875 4.8869585990905761719 2.6218347549438476562 3.8609497547149658203 1.6226307153701782227 6.3743267059326171875 6.3503832817077636719 4.0111827850341796875 2.7461810111999511719 0.8965905308723449707 0.8400484919548034668
2.2499821186065673828 1.5278704166412353516 1.5275399684906005859 0.51405733823776245117 1.5394181013107299805 0.83702194690704345703 2.0383560657501220703 0.57363545894622802734 4.5150690078735351562 7.9312982559204101562 7.4540619850158691406 4.3041620254516601562 1.8087341785430908203 4.1628732681274414062 6.8054294586181640625 7.6956386566162109375 5.9989762306213378906 4.7998118400573730469 3.9825053215026855469 3.1154739856719970703 4.0447721481323242188 4.8864464759826660156 6.2971711158752441406 3.78765869140625 2.2736904621124267578 2.6471779346466064453 4.2639894485473632812 7.0857062339782714844 7.71794891357421875 8.4182348251342773438 5.2328748703002929688 2.4815218448638916016 3.5972368717193603516 3.1618490219116210938 6.4179568290710449219 6.6078472137451171875 6.1318020820617675781 4.8777685165405273438 3.3737204074859619141 0.79611659049987792969
5.10247039794921875 1.6790339946746826172 2.0383591651916503906 2.1286814212799072266 1.5959072113037109375 1.9642888307571411133 1.8513146638870239258 2.3916461467742919922 1.740590214729309082 1.6338200569152832031 5.8659467697143554688 8.3152399063110351562 6.603740692138671875 7.3886289596557617188 7.8150177001953125 5.9946131706237792969 2.9446415901184082031 0.84902822971343994141 1.883553624153137207 0.95455896854400634766 2.2721269130706787109 4.9820933341979980469 4.9760179519653320312 2.8326387405395507812 1.9089062213897705078 2.2854490280151367188 1.1330087184906005859 5.4774174690246582031 7.4397788047790527344 9.14273834228515625 6.0076136589050292969 3.6739366054534912109 2.4513728618621826172 3.0682268142700195312 4.5115995407104492188 6.1421260833740234375 8.5815477371215820312 10.147070884704589844 10.217453956604003906 8.5586767196655273438
11.374362945556640625 7.8517961502075195312 3.4701373577117919922 1.6421667337417602539 1.0667486190795898438 1.8918652534484863281 0.16225036978721618652 0.63638490438461303711 0.65597194433212280273 0.96300894021987915039 0.8030732274055480957 5.1482038497924804688 6.8292279243469238281 6.6618509292602539062 5.3711595535278320312 4.634395599365234375 3.5701780319213867188 2.7542643547058105469 1.6163849830627441406 1.5901863574981689453 4.3772878646850585938 5.6117725372314453125 4.2924146652221679688 3.0304305553436279297 1.0576897859573364258 2.1146097183227539062 2.4651575088500976562 5.217350006103515625 9.173919677734375 8.5698881149291992188 3.3298504352569580078 4.2556896209716796875 2.0246574878692626953 2.8594594001770019531 2.0999665260314941406 2.5337531566619873047 3.5761139392852783203 6.1592278480529785156 9.4150743484497070312 10.952548027038574219
8.1415319442749023438 11.973565101623535156 7.25656890869140625 1.4218369722366333008 0.77418994903564453125 1.9186843633651733398 0.26999464631080627441 0.60540556907653808594 0.55569958686828613281 0.41488096117973327637 1.5534893274307250977 0.30018228292465209961 0.67498350143432617188 1.5007979869842529297 0.54092735052108764648 1.4129139184951782227 2.3440115451812744141 4.6168370246887207031 3.4496970176696777344 4.3892669677734375 4.7750597000122070312 0.68021982908248901367 3.033935546875 3.2012500762939453125 2.3022062778472900391 2.9655127525329589844 3.539333343505859375 6.2647409439086914062 11.831130027770996094 6.3007650375366210938 2.2807943820953369141 4.1352548599243164062 3.3019609451293945312 3.9176938533782958984 2.4045133590698242188 1.424689173698425293 0.61782014369964599609 0.94924122095108032227 1.7679929733276367188 4.2098975181579589844
2.4756007194519042969 10.413148880004882812 10.157319068908691406 4.1429357528686523438 0.77025717496871948242 2.6032536029815673828 0.66211605072021484375 0.91170388460159301758 0.42452251911163330078 0.42808991670608520508 1.2182586193084716797 0.71504062414169311523 0.28460240364074707031 1.140581965446472168 1.791306614875793457 1.5115531682968139648 0.71150034666061401367 2.1914417743682861328 3.9252917766571044922 3.7919244766235351562 0.77025532722473144531 4.8777713775634765625 4.8204698562622070312 4.2044963836669921875 2.146427154541015625 4.3241586685180664062 3.5622417926788330078 7.9227666854858398438 12.200115203857421875 2.9161791801452636719 3.8160903453826904297 1.992419123649597168 1.7645540237426757812 2.6156537532806396484 2.7943575382232666016 2.9731764793395996094 2.0630259513854980469 0.9363555908203125 1.6907469034194946289 1.8389743566513061523
2.4528224468231201172 4.5676202774047851562 10.3021240234375 8.0604848861694335938 1.8496692180633544922 2.320587158203125 0.38447988033294677734 0.99404114484786987305 0.58671820163726806641 0.19355046749114990234 0.98842823505401611328 0.96981048583984375 0.54093039035797119141 0.76959812641143798828 1.3060710430145263672 1.267130732536315918 1.318416595458984375 0.74282497167587280273 0.60036528110504150391 1.1276377439498901367 4.2682433128356933594 2.2925250530242919922 1.4896275997161865234 1.6745023727416992188 4.272495269775390625 5.8881282806396484375 2.444561004638671875 8.1913166046142578125 11.560166358947753906 2.0715911388397216797 2.3160092830657958984 1.1190783977508544922 2.0346293449401855469 0.54372942447662353516 1.8008817434310913086 3.2350068092346191406 3.9041349887847900391 3.6432883739471435547 3.2025098800659179688 1.9221092462539672852
3.6021490097045898438 3.7294735908508300781 5.8170838356018066406 9.939357757568359375 3.8162198066711425781 0.98996126651763916016 1.1669005155563354492 0.91834199428558349609 0.13119639456272125244 0.32760420441627502441 1.1045105457305908203 0.78587007522583007812 1.0836880207061767578 1.4967440366744995117 1.4489881992340087891 0.5437304377555847168 0.75633358955383300781 1.3049110174179077148 1.5178960561752319336 2.9818351268768310547 2.8251287937164306641 0.86556416749954223633 1.5799703598022460938 2.6758563518524169922 2.7217607498168945312 5.6845264434814453125 5.5282168388366699219 6.6191668510437011719 8.467891693115234375 3.9401850700378417969 2.2271604537963867188 2.0490028858184814453 1.6943385601043701172 0.67498779296875 1.4940391778945922852 0.84004235267639160156 1.991909027099609375 2.5018179416656494141 1.9941935539245605469 1.1258410215377807617
7.8799619674682617188 2.7621493339538574219 1.5248849391937255859 7.5314478874206542969 7.6628632545471191406 4.4512534141540527344 2.5259571075439453125 0.50311064720153808594 0.10062532126903533936 0.98842334747314453125 1.1525015830993652344 0.14230293035507202148 1.4639278650283813477 2.1267762184143066406 0.96772289276123046875 0.071148790419101715088 0.68835145235061645508 1.3592406511306762695 1.3956136703491210938 2.1635663509368896484 1.3945270776748657227 0.40749034285545349121 1.4940391778945922852 1.3681441545486450195 1.8056544065475463867 1.2885155677795410156 3.5552885532379150391 3.2518427371978759766 4.5976729393005371094 2.5688319206237792969 3.39774322509765625 5.3794083595275878906 5.05562591552734375 2.38486480712890625 1.0733690261840820312 0.61781722307205200195 1.0061881542205810547 1.1699349880218505859 1.4064505100250244141 0.86848276853561401367
