wildfire/work/fuelmodels/1807/slope.asc
ncols        370
nrows        259
xllcorner    169670.000000000000
yllcorner    475695.000000000000
cellsize     5.000000000000
NODATA_value   -999
[rows 216 to 233 of 259, columns 80 to 119 of 370]
7.4816732406616210938 8.63500213623046875 8.5563936233520507812 9.8524713516235351562 11.345921516418457031 10.371368408203125 8.300533294677734375 6.3007650375366210938 3.8040258884429931641 0.12727901339530944824 6.0113849639892578125 12.880396842956542969 16.230630874633789062 16.56795501708984375 11.984128952026367188 5.4311389923095703125 1.6862529516220092773 0.61205875873565673828 0.85674631595611572266 0.62757271528244018555 2.0630240440368652344 3.7843260765075683594 4.9772357940673828125 4.1323218345642089844 2.1506659984588623047 1.1026717424392700195 1.470822453498840332 2.6720757484436035156 2.0980377197265625 3.5972394943237304688 4.2875890731811523438 1.3890730142593383789 2.0106170177459716797 3.5565609931945800781 1.9260469675064086914 3.4173214435577392578 11.614522933959960938 11.823186874389648438 6.8749742507934570312 3.7436656951904296875
5.2611150741577148438 0.64034742116928100586 4.509029388427734375 8.3383150100708007812 10.193467140197753906 10.022777557373046875 9.1261730194091796875 9.5671100616455078125 9.793888092041015625 9.8664693832397460938 9.0563039779663085938 2.9472193717956542969 3.4036893844604492188 6.5787210464477539062 9.6614933013916015625 10.933678627014160156 10.776752471923828125 7.9900798797607421875 3.8584666252136230469 0.58672082424163818359 0.27186611294746398926 0.35575655102729797363 1.1298806667327880859 1.4680683612823486328 1.8090131282806396484 2.8338825702667236328 2.1731305122375488281 1.0495250225067138672 1.4014022350311279297 4.0909452438354492188 3.9992072582244873047 3.6441266536712646484 3.3734233379364013672 1.9778963327407836914 7.6983709335327148438 11.771770477294921875 5.2424077987670898438 10.015967369079589844 19.833383560180664062 21.619831085205078125
8.83049774169921875 10.066395759582519531 10.126500129699707031 8.2025575637817382812 4.3122420310974121094 2.4185583591461181641 7.9449934959411621094 9.6180973052978515625 8.7385988235473632812 8.5186052322387695312 11.133309364318847656 12.401620864868164062 12.011081695556640625 9.5144224166870117188 4.1829524040222167969 1.8988058567047119141 5.5125231742858886719 6.9578385353088378906 7.6244273185729980469 9.273937225341796875 9.1431760787963867188 6.0540080070495605469 2.5267605781555175781 0.8960202336311340332 1.7133389711380004883 2.3329796791076660156 1.7887636423110961914 1.8090157508850097656 1.8223930597305297852 3.0370993614196777344 3.1935038566589355469 2.2641019821166992188 1.6654193401336669922 8.9938755035400390625 11.705496788024902344 2.6909353733062744141 16.22381591796875 18.800939559936523438 14.582991600036621094 17.27338409423828125
2.1849672794342041016 4.4358096122741699219 6.9679369926452636719 8.6229505538940429688 9.9068317413330078125 10.650218009948730469 7.8696513175964355469 2.2730193138122558594 2.9689197540283203125 5.9788928031921386719 8.5418262481689453125 10.272097587585449219 10.348328590393066406 10.382870674133300781 11.441422462463378906 11.800480842590332031 8.4345617294311523438 4.9467525482177734375 1.306071162223815918 1.7005957365036010742 2.6584177017211914062 5.6664285659790039062 9.3096027374267578125 8.823024749755859375 5.6804533004760742188 3.1274559497833251953 2.3118486404418945312 2.9554409980773925781 1.9218438863754272461 6.0653829574584960938 11.377504348754882812 10.752167701721191406 8.0921773910522460938 15.0699615478515625 0.64350408315658569336 16.003282546997070312 10.605849266052246094 2.7703723907470703125 7.6893782615661621094 7.4848818778991699219
0.85615551471710205078 1.8090121746063232422 2.1717350482940673828 1.1669070720672607422 1.804531097412109375 5.8722057342529296875 10.0841827392578125 11.640232086181640625 10.7818603515625 8.8170175552368164062 5.0547342300415039062 1.1926437616348266602 6.139911651611328125 10.666254043579101562 12.338286399841308594 12.864243507385253906 11.569283485412597656 10.001790046691894531 9.3338518142700195312 7.5020861625671386719 5.663227081298828125 3.6891665458679199219 1.8137617111206054688 5.8686037063598632812 7.5407657623291015625 11.002146720886230469 13.720887184143066406 12.919225692749023438 12.365785598754882812 16.375196456909179688 13.045169830322265625 13.480707168579101562 10.2627410888671875 4.323818206787109375 9.6112070083618164062 10.586574554443359375 5.0154795646667480469 6.5645732879638671875 5.6754879951477050781 4.9592728614807128906
0.60540282726287841797 0.65597367286682128906 0.64035421609878540039 0.74554675817489624023 1.3080096244812011719 1.6424728631973266602 0.92766523361206054688 4.6066594123840332031 7.4777102470397949219 9.4459705352783203125 10.4544677734375 12.7195281982421875 13.688334465026855469 9.7893552780151367188 3.6836807727813720703 3.2326686382293701172 8.2010936737060546875 9.965129852294921875 10.781912803649902344 9.4079160690307617188 7.4332346916198730469 8.91077423095703125 9.6259775161743164062 6.121124267578125 1.6693644523620605469 2.9914810657501220703 4.9000482559204101562 8.1627168655395507812 12.33872222900390625 11.090130805969238281 10.390530586242675781 7.7337179183959960938 1.9755855798721313477 6.3569421768188476562 5.7804465293884277344 3.9042654037475585938 3.3280282020568847656 2.2086870670318603516 0.70650506019592285156 1.0804229974746704102
0.805591583251953125 0.63399666547775268555 0.48465889692306518555 0.33824247121810913086 0.29336157441139221191 0.21345144510269165039 1.011204838752746582 1.2425203323364257812 0.71787029504776000977 1.8179380893707275391 6.3064279556274414062 12.907472610473632812 16.948383331298828125 19.130975723266601562 18.5646514892578125 15.562512397766113281 9.4092426300048828125 3.2704296112060546875 3.7875318527221679688 9.3676891326904296875 11.458044052124023438 11.555711746215820312 11.124835968017578125 9.9682760238647460938 10.221596717834472656 11.486024856567382812 11.03794097900390625 8.818492889404296875 10.175725936889648438 4.6607651710510253906 16.481395721435546875 10.970338821411132812 7.302276611328125 4.9820914268493652344 3.3109798431396484375 3.0217509269714355469 2.8095238208770751953 2.8116812705993652344 2.6034495830535888672 1.3897968530654907227
0.73184096813201904297 0.6267681121826171875 0.60036528110504150391 0.55661237239837646484 0.27186542749404907227 0.17135579884052276611 0.063638024032115936279 0.19091989099979400635 0.25653862953186035156 2.3549871444702148438 7.8388371467590332031 6.4838199615478515625 2.6858608722686767578 7.1298542022705078125 12.270512580871582031 16.862791061401367188 18.759731292724609375 17.384796142578125 13.5664215087890625 7.0270686149597167969 1.5667859315872192383 4.9369535446166992188 8.4600858688354492188 10.480872154235839844 11.380159378051757812 11.544692039489746094 11.651973724365234375 12.707859992980957031 17.730760574340820312 15.378231048583984375 15.227089881896972656 15.205445289611816406 7.2110552787780761719 5.2574744224548339844 5.9733405113220214844 5.6355953216552734375 4.8803539276123046875 3.9259362220764160156 3.13262939453125 3.6412134170532226562
0.64429050683975219727 0.28813716769218444824 0.22499567270278930664 0.30018901824951171875 0.54186517000198364258 0.20374812185764312744 0.031817495822906494141 0.11472881585359573364 0.23165270686149597168 5.6441636085510253906 8.048671722412109375 2.4385535717010498047 0.5130742192268371582 0.69494169950485229492 0.43279424309730529785 2.6092708110809326172 8.0469942092895507812 13.183215141296386719 17.561620712280273438 19.854461669921875 17.893842697143554688 12.599460601806640625 6.8616719245910644531 2.1932883262634277344 2.0620448589324951172 5.9100580215454101562 8.7730894088745117188 10.395085334777832031 14.654767036437988281 21.823833465576171875 7.6187658309936523438 18.4306793212890625 0.81122839450836181641 4.5214390754699707031 6.5024027824401855469 4.1259617805480957031 2.0251529216766357422 2.2289714813232421875 1.6110551357269287109 1.4691126346588134766
0.50310891866683959961 0.36279916763305664062 0.36279836297035217285 0.23164980113506317139 0.41487511992454528809 0.3244991004467010498 0.32760688662528991699 0.25653937458992004395 0.54186546802520751953 7.4817318916320800781 6.8471574783325195312 0.45558431744575500488 0.3149973452091217041 0.59443253278732299805 0.50310814380645751953 0.23165187239646911621 0.63956165313720703125 2.7711009979248046875 7.1159634590148925781 12.757131576538085938 16.918275833129882812 16.907398223876953125 14.529597282409667969 13.9404449462890625 13.033618927001953125 8.5060892105102539062 2.7068731784820556641 0.72698134183883666992 6.5193920135498046875 15.829555511474609375 9.5196065902709960938 12.638611793518066406 3.6273119449615478516 2.5847373008728027344 4.6948399543762207031 2.4196064472198486328 1.7180637121200561523 1.7221748828887939453 1.3183994293212890625 0.88465583324432373047
0.17999958992004394531 0.19091685116291046143 0.27186718583106994629 0.19355346262454986572 0.45558726787567138672 0.45558726787567138672 0.13499870896339416504 0.25653636455535888672 2.4831488132476806641 8.0064878463745117188 5.3700327873229980469 0.47303128242492675781 0.31338909268379211426 0.73459935188293457031 0.86848419904708862305 1.5651659965515136719 1.4089684486389160156 3.9575743675231933594 3.1806569099426269531 3.1211469173431396484 6.0786414146423339844 8.3030042648315429688 7.2632079124450683594 9.238399505615234375 13.396723747253417969 17.285182952880859375 16.274820327758789062 12.568857192993164062 6.4411916732788085938 7.1685433387756347656 6.301006317138671875 7.3671369552612304688 4.5281248092651367188 3.1196839809417724609 3.5427567958831787109 0.54744100570678710938 1.9980064630508422852 1.7774090766906738281 1.1044999361038208008 0.98791033029556274414
0.15909643471240997314 0.28813683986663818359 0.31819489598274230957 0.11472629010677337646 0.6339938044548034668 0.26239147782325744629 0.26239222288131713867 0.66211777925491333008 4.4259018898010253906 7.3831229209899902344 2.9451580047607421875 0.54928880929946899414 0.5841267704963684082 1.1494199037551879883 1.0538523197174072266 2.7189748287200927734 4.0389046669006347656 7.1707844734191894531 4.2863006591796875 4.3588070869445800781 5.9869723320007324219 6.2037415504455566406 2.9982357025146484375 1.323393702507019043 2.6092646121978759766 8.2618436813354492188 13.370757102966308594 14.07921600341796875 4.7770657539367675781 2.5357451438903808594 2.5546250343322753906 2.7970743179321289062 2.2260191440582275391 2.1960508823394775391 2.3793511390686035156 1.6050751209259033203 1.5195678472518920898 2.2362198829650878906 0.89827692508697509766 0.49499344825744628906
0.22499823570251464844 0.3724390864372253418 0.3244991004467010498 0.40248823165893554688 0.85615777969360351562 0.19091685116291046143 0.47303107380867004395 1.4388223886489868164 6.0822019577026367188 6.5323305130004882812 1.1423521041870117188 0.84544855356216430664 0.95349317789077758789 1.4841821193695068359 2.2656660079956054688 2.2495338916778564453 6.7941265106201171875 6.8618898391723632812 1.5822112560272216797 4.3763685226440429688 7.1337237358093261719 5.0914940834045410156 1.6223229169845581055 0.48674687743186950684 0.2933635413646697998 1.1208889484405517578 7.0856337547302246094 14.232166290283203125 6.144260406494140625 2.1236791610717773438 1.8204442262649536133 1.7725672721862792969 1.7440685033798217773 1.9842734336853027344 1.3080127239227294922 1.3045209646224975586 1.5822120904922485352 2.3950214385986328125 1.0504937171936035156 1.0466271638870239258
0.38447433710098266602 0.49499559402465820312 0.13500298559665679932 0.34417906403541564941 0.97138071060180664062 0.20124463737010955811 0.39869809150695800781 2.6065540313720703125 7.0743584632873535156 5.2557463645935058594 0.51307606697082519531 1.6547476053237915039 1.2826083898544311523 1.0836919546127319336 2.1717355251312255859 5.1963396072387695312 10.4180145263671875 10.990230560302734375 7.03614044189453125 7.864177703857421875 7.6856045722961425781 4.2763972282409667969 1.3592395782470703125 0.4632994234561920166 0.31819975376129150391 2.3575627803802490234 11.461713790893554688 13.050978660583496094 3.6256392002105712891 1.9091651439666748047 1.1113590002059936523 1.1581960916519165039 1.260715484619140625 1.666933894157409668 1.318416595458984375 1.4597686529159545898 1.6424654722213745117 2.7038707733154296875 1.5822162628173828125 1.7207067012786865234
0.75632846355438232422 0.79611057043075561523 0.41487511992454528809 0.40748560428619384766 0.91003906726837158203 0.10062244534492492676 0.48674628138542175293 4.3874258995056152344 6.4800157546997070312 3.0879321098327636719 1.8627554178237915039 2.2305595874786376953 1.9696888923645019531 1.9635157585144042969 1.4649645090103149414 4.7880263328552246094 4.0664348602294921875 11.348194122314453125 11.192038536071777344 7.4270253181457519531 5.0858492851257324219 2.3912169933319091797 1.1699321269989013672 1.2538777589797973633 3.5927438735961914062 9.36646270751953125 12.271431922912597656 8.0480489730834960938 0.332210540771484375 1.4189908504486083984 0.27372479438781738281 1.1738228797912597656 0.87775933742523193359 1.011204838752746582 1.8056528568267822266 2.7230634689331054688 1.5946354866027832031 3.9290227890014648438 1.3382240533828735352 0.10063107311725616455
1.2290070056915283203 0.96772199869155883789 0.78715735673904418945 0.84544467926025390625 1.8800585269927978516 2.1267771720886230469 2.6677219867706298828 5.7891459465026855469 5.0187878608703613281 0.63638669252395629883 1.6547446250915527344 1.8098511695861816406 1.9850426912307739258 2.3629236221313476562 1.7309722900390625 2.9869139194488525391 3.9333858489990234375 0.54186546802520751953 3.8858559131622314453 3.1282639503479003906 2.0922458171844482422 0.95720487833023071289 0.75431942939758300781 0.51798218488693237305 7.2204504013061523438 11.560339927673339844 6.6409974098205566406 3.2611491680145263672 1.5696929693222045898 0.89602553844451904297 0.43279781937599182129 1.2355774641036987305 1.40860748291015625 1.3141839504241943359 1.5179003477096557617 2.5962491035461425781 3.3109781742095947266 3.6312100887298583984 1.4957221746444702148 0.78005260229110717773
2.0146367549896240234 0.90557467937469482422 0.33824676275253295898 0.83277785778045654297 3.8193945884704589844 4.3153986930847167969 5.0834665298461914062 5.3123927116394042969 2.8068134784698486328 0.94603168964385986328 1.4204115867614746094 1.5298551321029663086 1.9931813478469848633 1.098994135856628418 2.2649924755096435547 2.0121264457702636719 1.2376247644424438477 3.5244584083557128906 3.2387599945068359375 1.0836884975433349609 1.0046823024749755859 0.49805280566215515137 0.57274669408798217773 2.6086864471435546875 10.192687034606933594 8.7037525177001953125 1.3172587156295776367 1.1824134588241577148 1.3397377729415893555 0.5492947697639465332 0.51010441780090332031 0.031814463436603546143 0.85378444194793701172 2.7195296287536621094 1.1067943572998046875 1.9112869501113891602 3.2784607410430908203 4.1804180145263671875 3.1693508625030517578 2.8188607692718505859
2.5209453105926513672 1.8045344352722167969 1.3049062490463256836 0.90445536375045776367 5.206516265869140625 5.5570249557495117188 2.8258452415466308594 2.2810163497924804688 0.55569988489151000977 1.2128387689590454102 1.2998594045639038086 1.5088711977005004883 1.4510774612426757812 0.98995912075042724609 0.9249331355094909668 1.9696916341781616211 2.1530206203460693359 1.4405827522277832031 0.46330025792121887207 0.52671074867248535156 0.73460429906845092773 0.44319447875022888184 1.4967440366744995117 7.9049754142761230469 10.649240493774414062 4.5200943946838378906 1.3275903463363647461 1.1276394128799438477 0.45558959245681762695 0.82606256008148193359 0.31338909268379211426 0.67423319816589355469 1.6970108747482299805 2.0740244388580322266 2.6662030220031738281 3.7951154708862304688 2.9887778759002685547 3.1533672809600830078 2.0482585430145263672 1.4132744073867797852
