wildfire/work/fuelmodels/1990/ahn1.asc
ncols        225
nrows        237
xllcorner    189355.000000000000
yllcorner    458900.000000000000
cellsize     5.000000000000
NODATA_value   -999
[rows 171 to 189 of 237, columns 82 to 122 of 225]
54.3899993896484375 54.34999847412109375 54.4199981689453125 54.5 54.779998779296875 54.770000457763671875 54.720001220703125 54.689998626708984375 54.529998779296875 54.529998779296875 54.56999969482421875 54.470001220703125 54.450000762939453125 54.490001678466796875 54.509998321533203125 54.40000152587890625 54.409999847412109375 54.119998931884765625 54.229999542236328125 54.20999908447265625 54.130001068115234375 54.1699981689453125 54.15000152587890625 54.159999847412109375 54.18000030517578125 54.229999542236328125 54.240001678466796875 54.240001678466796875 54.310001373291015625 54.380001068115234375 54.229999542236328125 54.18000030517578125 54.240001678466796875 54.270000457763671875 54.270000457763671875 54.490001678466796875 54.340000152587890625 54.380001068115234375 54.409999847412109375 54.4199981689453125 54.43000030517578125
54.3300018310546875 54.31999969482421875 54.40000152587890625 54.409999847412109375 54.729999542236328125 54.950000762939453125 54.720001220703125 54.6399993896484375 54.479999542236328125 54.439998626708984375 54.54000091552734375 54.450000762939453125 54.43000030517578125 54.5 54.4199981689453125 54.549999237060546875 54.310001373291015625 54.1699981689453125 54.270000457763671875 54.1399993896484375 54.20999908447265625 54.259998321533203125 54.259998321533203125 54.25 54.3300018310546875 54.29000091552734375 54.279998779296875 54.29000091552734375 54.240001678466796875 54.25 54.3300018310546875 54.25 54.259998321533203125 54.25 54.259998321533203125 54.29000091552734375 54.259998321533203125 54.279998779296875 54.279998779296875 54.45999908447265625 54.520000457763671875
54.3300018310546875 54.270000457763671875 54.340000152587890625 54.3600006103515625 54.6399993896484375 54.68000030517578125 54.770000457763671875 54.6699981689453125 54.59999847412109375 54.56999969482421875 54.529998779296875 54.490001678466796875 54.29000091552734375 54.43000030517578125 54.34999847412109375 54.40000152587890625 54.270000457763671875 54.229999542236328125 54.299999237060546875 54.200000762939453125 54.270000457763671875 54.240001678466796875 54.270000457763671875 54.259998321533203125 54.25 54.25 54.310001373291015625 54.29000091552734375 54.25 54.229999542236328125 54.229999542236328125 54.15000152587890625 53.93000030517578125 54.029998779296875 54 53.95999908447265625 53.939998626708984375 54.060001373291015625 54.1399993896484375 54.6100006103515625 54.68000030517578125
54.310001373291015625 54.270000457763671875 54.31999969482421875 54.310001373291015625 54.6699981689453125 54.619998931884765625 54.700000762939453125 54.619998931884765625 54.490001678466796875 54.479999542236328125 54.54000091552734375 54.470001220703125 54.279998779296875 54.470001220703125 54.240001678466796875 54.270000457763671875 54.279998779296875 54.279998779296875 54.270000457763671875 54.279998779296875 54.259998321533203125 54.200000762939453125 54.25 54.1699981689453125 54.3899993896484375 54.560001373291015625 54.59999847412109375 54.119998931884765625 54.1100006103515625 54.15000152587890625 53.950000762939453125 53.970001220703125 53.9199981689453125 53.950000762939453125 53.950000762939453125 53.950000762939453125 53.979999542236328125 54.04000091552734375 54.189998626708984375 54.90000152587890625 54.56999969482421875
54.270000457763671875 54.29000091552734375 54.310001373291015625 54.259998321533203125 54.8899993896484375 54.6399993896484375 54.54000091552734375 54.3899993896484375 54.340000152587890625 54.31999969482421875 54.619998931884765625 54.259998321533203125 54.25 54.259998321533203125 54.20999908447265625 54.220001220703125 54.25 54.259998321533203125 54.3300018310546875 54.490001678466796875 54.130001068115234375 54.0800018310546875 54.29000091552734375 54.1399993896484375 54.259998321533203125 54.43000030517578125 54.3899993896484375 53.90000152587890625 53.9199981689453125 54.049999237060546875 53.990001678466796875 53.8899993896484375 53.869998931884765625 53.90000152587890625 53.939998626708984375 53.990001678466796875 54.04000091552734375 54.15000152587890625 54.3600006103515625 54.90000152587890625 54.8300018310546875
54.299999237060546875 54.240001678466796875 54.34999847412109375 54.240001678466796875 54.689998626708984375 54.270000457763671875 54.25 54.270000457763671875 54.270000457763671875 54.259998321533203125 54.259998321533203125 54.240001678466796875 54.200000762939453125 54.189998626708984375 54.159999847412109375 54.18000030517578125 54.15000152587890625 54.220001220703125 54.34999847412109375 54.450000762939453125 54.3300018310546875 54.270000457763671875 54.3899993896484375 54.229999542236328125 54.159999847412109375 54.0800018310546875 54.18000030517578125 53.9199981689453125 53.840000152587890625 53.840000152587890625 53.869998931884765625 53.8600006103515625 54.1699981689453125 53.979999542236328125 54 54.029998779296875 54.1399993896484375 54.229999542236328125 54.3600006103515625 54.8300018310546875 54.75
54.220001220703125 54.270000457763671875 54.279998779296875 54.240001678466796875 54.240001678466796875 54.240001678466796875 54.25 54.15000152587890625 54.20999908447265625 54.270000457763671875 54.299999237060546875 54.270000457763671875 54.340000152587890625 54.159999847412109375 54.279998779296875 54.45999908447265625 54.31999969482421875 54.1399993896484375 54.1399993896484375 54.15000152587890625 54.200000762939453125 54.270000457763671875 54.34999847412109375 54.34999847412109375 54.65000152587890625 54.009998321533203125 54.200000762939453125 53.939998626708984375 53.84999847412109375 53.81999969482421875 53.840000152587890625 54.009998321533203125 54.09999847412109375 53.970001220703125 54.15000152587890625 54.029998779296875 54.15000152587890625 54.3300018310546875 54.470001220703125 54.619998931884765625 54.75
54.20999908447265625 54.200000762939453125 54.200000762939453125 54.229999542236328125 54.240001678466796875 54.220001220703125 54.380001068115234375 54.29000091552734375 54.25 54.270000457763671875 54.270000457763671875 54.240001678466796875 54.259998321533203125 54.220001220703125 54.159999847412109375 54.18000030517578125 54.299999237060546875 54.09999847412109375 54.09999847412109375 54.18000030517578125 54.18000030517578125 54.25 54.450000762939453125 54.3899993896484375 54.25 54.1399993896484375 53.70999908447265625 53.759998321533203125 53.759998321533203125 53.779998779296875 53.81999969482421875 54.049999237060546875 54.759998321533203125 53.990001678466796875 54.1100006103515625 54.09999847412109375 54.189998626708984375 54.310001373291015625 54.470001220703125 54.6100006103515625 54.720001220703125
54.45999908447265625 54.31999969482421875 54.240001678466796875 54.31999969482421875 54.29000091552734375 54.270000457763671875 54.3899993896484375 54.270000457763671875 54.259998321533203125 54.220001220703125 54.270000457763671875 54.25 54.25 54.200000762939453125 54.18000030517578125 54.220001220703125 54.29000091552734375 54.119998931884765625 54.049999237060546875 54 54.06999969482421875 54.270000457763671875 54.40000152587890625 54.25 54.380001068115234375 54.020000457763671875 53.770000457763671875 53.799999237060546875 53.70999908447265625 53.759998321533203125 53.810001373291015625 53.939998626708984375 54.09999847412109375 54.049999237060546875 54.09999847412109375 54.1399993896484375 54.229999542236328125 54.31999969482421875 54.439998626708984375 54.529998779296875 54.5800018310546875
54.409999847412109375 54.220001220703125 54.229999542236328125 54.25 54.229999542236328125 54.200000762939453125 54.220001220703125 54.189998626708984375 54.229999542236328125 54.20999908447265625 54.220001220703125 54.229999542236328125 54.240001678466796875 54.200000762939453125 54.18000030517578125 54.200000762939453125 54.25 54.270000457763671875 53.9199981689453125 53.8300018310546875 54.009998321533203125 54.020000457763671875 54.029998779296875 54 53.970001220703125 53.990001678466796875 53.84999847412109375 53.8300018310546875 53.70999908447265625 53.779998779296875 53.8300018310546875 53.9199981689453125 54 54.06999969482421875 54.1100006103515625 54.159999847412109375 54.520000457763671875 54.369998931884765625 54.509998321533203125 54.6699981689453125 54.6399993896484375
54.18000030517578125 54.1699981689453125 54.15000152587890625 54.20999908447265625 54.240001678466796875 54.220001220703125 54.200000762939453125 54.220001220703125 54.259998321533203125 54.240001678466796875 54.25 54.29000091552734375 54.189998626708984375 54.189998626708984375 54.1399993896484375 54.1699981689453125 54.20999908447265625 54.200000762939453125 53.880001068115234375 53.840000152587890625 53.81999969482421875 53.810001373291015625 53.8600006103515625 53.840000152587890625 53.869998931884765625 53.8600006103515625 53.5800018310546875 53.990001678466796875 53.6699981689453125 53.729999542236328125 53.84999847412109375 54.020000457763671875 54.090000152587890625 54.220001220703125 54.299999237060546875 54.229999542236328125 54.29000091552734375 54.439998626708984375 54.45999908447265625 54.56999969482421875 54.56999969482421875
54.119998931884765625 54.159999847412109375 54.159999847412109375 54.20999908447265625 54.220001220703125 54.229999542236328125 54.20999908447265625 54.20999908447265625 54.229999542236328125 54.229999542236328125 54.229999542236328125 54.270000457763671875 54.20999908447265625 54.130001068115234375 54.09999847412109375 54.119998931884765625 54.130001068115234375 54 54.009998321533203125 53.75 53.759998321533203125 53.799999237060546875 53.810001373291015625 53.90000152587890625 53.8600006103515625 53.68000030517578125 53.549999237060546875 53.740001678466796875 53.68000030517578125 53.740001678466796875 53.799999237060546875 53.939998626708984375 54 54.130001068115234375 54.20999908447265625 54.229999542236328125 54.279998779296875 54.409999847412109375 54.380001068115234375 54.5 54.529998779296875
54.159999847412109375 54.15000152587890625 54.1399993896484375 54.189998626708984375 54.229999542236328125 54.189998626708984375 54.20999908447265625 54.220001220703125 54.220001220703125 54.18000030517578125 54.220001220703125 54.229999542236328125 54.1699981689453125 54.130001068115234375 54.009998321533203125 54.049999237060546875 54.049999237060546875 54.009998321533203125 53.909999847412109375 53.720001220703125 53.6699981689453125 53.779998779296875 53.779998779296875 53.59999847412109375 53.689998626708984375 53.59999847412109375 53.549999237060546875 53.70999908447265625 53.729999542236328125 53.799999237060546875 53.8600006103515625 53.979999542236328125 54 54.130001068115234375 54.189998626708984375 54.25 54.34999847412109375 54.409999847412109375 54.43000030517578125 54.479999542236328125 54.509998321533203125
54.119998931884765625 54.09999847412109375 54.1100006103515625 54.18000030517578125 54.159999847412109375 54.189998626708984375 54.189998626708984375 54.220001220703125 54.20999908447265625 54.20999908447265625 54.240001678466796875 54.259998321533203125 54.220001220703125 54.090000152587890625 53.990001678466796875 54 54 53.979999542236328125 53.9199981689453125 53.6399993896484375 53.59999847412109375 53.630001068115234375 53.520000457763671875 53.470001220703125 53.4199981689453125 53.630001068115234375 53.619998931884765625 53.549999237060546875 53.70999908447265625 53.799999237060546875 53.880001068115234375 53.93000030517578125 53.979999542236328125 54.1100006103515625 54.159999847412109375 54.25 54.310001373291015625 54.3600006103515625 54.4199981689453125 54.439998626708984375 54.470001220703125
54.090000152587890625 54.0800018310546875 54.119998931884765625 54.1399993896484375 54.130001068115234375 54.15000152587890625 54.18000030517578125 54.200000762939453125 54.189998626708984375 54.189998626708984375 54.189998626708984375 54.25 54.200000762939453125 54.1100006103515625 54 53.90000152587890625 53.9199981689453125 53.840000152587890625 53.8300018310546875 53.619998931884765625 53.529998779296875 53.479999542236328125 53.29000091552734375 53.25 53.299999237060546875 53.759998321533203125 53.5 53.590000152587890625 53.70999908447265625 53.799999237060546875 53.799999237060546875 53.880001068115234375 53.9199981689453125 54.029998779296875 54.18000030517578125 54.229999542236328125 54.310001373291015625 54.34999847412109375 54.3899993896484375 54.409999847412109375 54.439998626708984375
54.06999969482421875 54.0800018310546875 54.119998931884765625 54.189998626708984375 54.229999542236328125 54.18000030517578125 54.15000152587890625 54.189998626708984375 54.18000030517578125 54.18000030517578125 54.20999908447265625 54.259998321533203125 54.220001220703125 54.1100006103515625 54.060001373291015625 53.939998626708984375 53.880001068115234375 53.84999847412109375 53.79000091552734375 53.590000152587890625 53.450000762939453125 53.34999847412109375 53.369998931884765625 53.34999847412109375 53.200000762939453125 53.25 53.93000030517578125 53.560001373291015625 53.70999908447265625 53.75 53.810001373291015625 53.869998931884765625 53.970001220703125 54.029998779296875 54.159999847412109375 54.229999542236328125 54.29000091552734375 54.31999969482421875 54.369998931884765625 54.3899993896484375 54.4199981689453125
54.049999237060546875 54.060001373291015625 54.09999847412109375 54.130001068115234375 54.20999908447265625 54.130001068115234375 54.1699981689453125 54.1699981689453125 54.20999908447265625 54.189998626708984375 54.200000762939453125 54.20999908447265625 54.189998626708984375 54.1100006103515625 54.090000152587890625 53.909999847412109375 53.880001068115234375 53.79000091552734375 53.8600006103515625 53.40000152587890625 53.40000152587890625 53.3300018310546875 53.159999847412109375 53.18000030517578125 53.1699981689453125 53.1100006103515625 53.189998626708984375 53.40000152587890625 53.630001068115234375 53.700000762939453125 53.779998779296875 53.869998931884765625 53.990001678466796875 54.0800018310546875 54.15000152587890625 54.25 54.259998321533203125 54.340000152587890625 54.3600006103515625 54.3899993896484375 54.4199981689453125
54.029998779296875 54.049999237060546875 54.060001373291015625 54.0800018310546875 54.1399993896484375 54.1100006103515625 54.1399993896484375 54.119998931884765625 54.15000152587890625 54.1699981689453125 54.18000030517578125 54.1699981689453125 54.119998931884765625 54.09999847412109375 53.979999542236328125 53.8899993896484375 53.810001373291015625 53.740001678466796875 53.59999847412109375 53.439998626708984375 53.31999969482421875 53.310001373291015625 53.1699981689453125 53.06999969482421875 53.270000457763671875 53.380001068115234375 53.1699981689453125 53.3899993896484375 53.619998931884765625 53.689998626708984375 53.759998321533203125 53.869998931884765625 53.95999908447265625 54.0800018310546875 54.189998626708984375 54.220001220703125 54.279998779296875 54.34999847412109375 54.3600006103515625 54.380001068115234375 54.40000152587890625
53.970001220703125 53.990001678466796875 54.020000457763671875 54.1100006103515625 54.090000152587890625 54.09999847412109375 54.130001068115234375 54.119998931884765625 54.1100006103515625 54.1399993896484375 54.119998931884765625 54.1100006103515625 54.090000152587890625 54.0800018310546875 54 53.909999847412109375 53.740001678466796875 53.65000152587890625 53.490001678466796875 53.4199981689453125 53.29000091552734375 53.159999847412109375 53.06999969482421875 52.939998626708984375 53.549999237060546875 53.229999542236328125 53.1699981689453125 53.729999542236328125 53.56999969482421875 53.68000030517578125 53.759998321533203125 53.869998931884765625 53.95999908447265625 54.06999969482421875 54.15000152587890625 54.15000152587890625 54.220001220703125 54.229999542236328125 54.34999847412109375 54.3899993896484375 54.3899993896484375
