wildfire/work/fuelmodels/1990/ahn1.asc
ncols        225
nrows        237
xllcorner    189355.000000000000
yllcorner    458900.000000000000
cellsize     5.000000000000
NODATA_value   -999
[rows 57 to 75 of 237, columns 0 to 40 of 225]
63.439998626708984375 62.990001678466796875 62.6699981689453125 62.45999908447265625 62.189998626708984375 62.049999237060546875 62.009998321533203125 61.84999847412109375 61.59999847412109375 61.1399993896484375 61.029998779296875 61.20999908447265625 60.84999847412109375 60.779998779296875 60.630001068115234375 60.529998779296875 61.279998779296875 60.189998626708984375 60.159999847412109375 59.979999542236328125 59.9199981689453125 59.979999542236328125 59.950000762939453125 59.990001678466796875 59.990001678466796875 59.979999542236328125 60.009998321533203125 59.939998626708984375 59.759998321533203125 59.590000152587890625 59.369998931884765625 58.229999542236328125 57.9199981689453125 58.04000091552734375 58 57.95999908447265625 57.869998931884765625 58.090000152587890625 58.06999969482421875 58.1100006103515625 58.06999969482421875
63.270000457763671875 62.8600006103515625 62.5 62.240001678466796875 62.15000152587890625 61.979999542236328125 61.79000091552734375 61.6399993896484375 61.450000762939453125 61.25 60.93000030517578125 60.779998779296875 60.75 60.700000762939453125 60.59999847412109375 60.450000762939453125 60.369998931884765625 60.229999542236328125 59.93000030517578125 59.840000152587890625 59.689998626708984375 59.689998626708984375 59.909999847412109375 59.95999908447265625 60 59.979999542236328125 59.869998931884765625 59.950000762939453125 59.700000762939453125 59.490001678466796875 59.369998931884765625 57.68000030517578125 57.659999847412109375 57.840000152587890625 57.909999847412109375 57.840000152587890625 57.8300018310546875 57.909999847412109375 58.049999237060546875 57.8899993896484375 57.990001678466796875
62.939998626708984375 62.529998779296875 62.200000762939453125 62.049999237060546875 61.95999908447265625 61.79000091552734375 61.590000152587890625 61.3600006103515625 61.20999908447265625 61.009998321533203125 60.840000152587890625 60.65000152587890625 60.5800018310546875 60.549999237060546875 60.43000030517578125 60.369998931884765625 60.25 60.159999847412109375 59.759998321533203125 59.619998931884765625 59.700000762939453125 59.770000457763671875 59.880001068115234375 59.9199981689453125 59.90000152587890625 59.880001068115234375 59.659999847412109375 59.380001068115234375 58.689998626708984375 58.09999847412109375 57.939998626708984375 57.630001068115234375 57.659999847412109375 57.5800018310546875 57.619998931884765625 57.720001220703125 57.759998321533203125 57.81999969482421875 57.75 57.740001678466796875 57.779998779296875
62.659999847412109375 62.259998321533203125 62 61.869998931884765625 61.740001678466796875 61.6100006103515625 61.4199981689453125 61.220001220703125 61.049999237060546875 60.8899993896484375 60.779998779296875 60.490001678466796875 60.409999847412109375 60.34999847412109375 60.340000152587890625 60.240001678466796875 60.159999847412109375 59.9199981689453125 59.5800018310546875 59.59999847412109375 59.5 59.659999847412109375 59.869998931884765625 59.8600006103515625 59.8899993896484375 59.8899993896484375 59.6100006103515625 59.18000030517578125 58.470001220703125 57.740001678466796875 57.5 57.43000030517578125 57.560001373291015625 57.490001678466796875 57.490001678466796875 57.529998779296875 57.619998931884765625 57.840000152587890625 57.529998779296875 57.560001373291015625 57.5800018310546875
62.4199981689453125 62.1399993896484375 61.84999847412109375 61.75 61.630001068115234375 61.520000457763671875 61.259998321533203125 61.1399993896484375 60.869998931884765625 60.799999237060546875 60.68000030517578125 60.590000152587890625 60.299999237060546875 60.18000030517578125 60.1399993896484375 60.090000152587890625 60.090000152587890625 59.439998626708984375 59.5 59.560001373291015625 59.6100006103515625 59.75 59.869998931884765625 59.869998931884765625 59.909999847412109375 59.75 59.240001678466796875 58.79000091552734375 58.56999969482421875 57.799999237060546875 57.3600006103515625 57.34999847412109375 57.29000091552734375 57.3600006103515625 57.279998779296875 57.340000152587890625 57.3899993896484375 57.54000091552734375 57.470001220703125 57.439998626708984375 57.450000762939453125
62.200000762939453125 61.95999908447265625 61.8300018310546875 61.590000152587890625 61.56999969482421875 61.310001373291015625 61.1100006103515625 60.970001220703125 60.79000091552734375 60.65000152587890625 60.6100006103515625 60.5 60.1699981689453125 60.0800018310546875 59.950000762939453125 60.04000091552734375 59.630001068115234375 59.5 59.520000457763671875 59.720001220703125 59.79000091552734375 59.909999847412109375 59.880001068115234375 59.81999969482421875 59.75 59.5 58.979999542236328125 58.65000152587890625 58.369998931884765625 57.6100006103515625 57.229999542236328125 57.119998931884765625 57.220001220703125 57.0800018310546875 57.220001220703125 57.34999847412109375 57.279998779296875 57.29000091552734375 57.25 57.34999847412109375 57.4199981689453125
62.119998931884765625 61.939998626708984375 61.770000457763671875 61.45999908447265625 61.439998626708984375 61.220001220703125 60.979999542236328125 60.909999847412109375 60.700000762939453125 60.56999969482421875 60.43000030517578125 60.3899993896484375 60.1399993896484375 59.909999847412109375 59.8300018310546875 59.6399993896484375 59.619998931884765625 59.5800018310546875 59.560001373291015625 59.720001220703125 59.810001373291015625 59.8600006103515625 59.950000762939453125 59.759998321533203125 59.40000152587890625 59.060001373291015625 58.810001373291015625 58.409999847412109375 58.29000091552734375 57.380001068115234375 57.18000030517578125 57.200000762939453125 57.3899993896484375 57.06999969482421875 57.1399993896484375 57.1699981689453125 57.119998931884765625 57.06999969482421875 57.1699981689453125 57.259998321533203125 57.279998779296875
61.970001220703125 61.869998931884765625 61.619998931884765625 61.369998931884765625 61.279998779296875 61.1100006103515625 60.9199981689453125 60.79000091552734375 60.619998931884765625 60.5 60.31999969482421875 60.159999847412109375 60.04000091552734375 59.81999969482421875 59.630001068115234375 59.549999237060546875 59.6699981689453125 59.6100006103515625 59.560001373291015625 59.549999237060546875 59.759998321533203125 59.59999847412109375 59.5800018310546875 59.479999542236328125 59.159999847412109375 58.740001678466796875 58.34999847412109375 57.700000762939453125 57.54000091552734375 56.84999847412109375 56.939998626708984375 56.990001678466796875 56.869998931884765625 56.909999847412109375 57 57.1399993896484375 56.990001678466796875 57.009998321533203125 57.09999847412109375 57.119998931884765625 57.259998321533203125
61.779998779296875 61.65000152587890625 61.479999542236328125 61.3300018310546875 61.15000152587890625 61.029998779296875 60.869998931884765625 60.700000762939453125 60.56999969482421875 60.520000457763671875 60.31999969482421875 60.1100006103515625 59.979999542236328125 59.770000457763671875 59.490001678466796875 59.369998931884765625 59.520000457763671875 59.450000762939453125 59.369998931884765625 59.340000152587890625 59.299999237060546875 59.1100006103515625 58.970001220703125 58.759998321533203125 58.490001678466796875 58.09999847412109375 57.259998321533203125 57.1699981689453125 56.8899993896484375 56.8600006103515625 56.880001068115234375 56.84999847412109375 56.93000030517578125 56.95999908447265625 56.909999847412109375 56.9199981689453125 56.909999847412109375 56.8899993896484375 57.020000457763671875 57.15000152587890625 57.4199981689453125
61.689998626708984375 61.5 61.40000152587890625 61.159999847412109375 61.130001068115234375 60.90000152587890625 60.9199981689453125 60.720001220703125 60.590000152587890625 60.45999908447265625 60.4199981689453125 60.200000762939453125 59.970001220703125 59.950000762939453125 59.6100006103515625 59.20999908447265625 59.09999847412109375 59.31999969482421875 59.189998626708984375 59.049999237060546875 58.970001220703125 58.720001220703125 58.54000091552734375 58.240001678466796875 57.950000762939453125 57.840000152587890625 57.259998321533203125 57.04000091552734375 56.81999969482421875 56.740001678466796875 56.740001678466796875 56.729999542236328125 56.869998931884765625 56.799999237060546875 56.799999237060546875 56.84999847412109375 56.8300018310546875 56.8600006103515625 57.020000457763671875 57.3300018310546875 57.40000152587890625
61.529998779296875 61.45999908447265625 61.25 61.119998931884765625 61.049999237060546875 60.909999847412109375 60.75 60.619998931884765625 60.509998321533203125 60.470001220703125 60.29000091552734375 60.220001220703125 60.270000457763671875 60.130001068115234375 59.9199981689453125 59.159999847412109375 58.939998626708984375 58.90000152587890625 58.8600006103515625 58.590000152587890625 58.409999847412109375 58.200000762939453125 58.06999969482421875 57.810001373291015625 57.590000152587890625 57.3300018310546875 57.1399993896484375 56.95999908447265625 56.759998321533203125 56.630001068115234375 56.59999847412109375 56.689998626708984375 57.130001068115234375 56.95999908447265625 56.6399993896484375 56.720001220703125 56.799999237060546875 56.95999908447265625 57.31999969482421875 57.4199981689453125 57.520000457763671875
61.590000152587890625 61.20999908447265625 61.090000152587890625 61.009998321533203125 60.84999847412109375 60.909999847412109375 60.689998626708984375 60.619998931884765625 60.470001220703125 60.279998779296875 60.25 60.259998321533203125 60.29000091552734375 60.1100006103515625 59.90000152587890625 59.4199981689453125 58.759998321533203125 58.6699981689453125 58.75 58.310001373291015625 58.04000091552734375 57.880001068115234375 57.729999542236328125 57.560001373291015625 57.43000030517578125 57.09999847412109375 57.009998321533203125 56.79000091552734375 56.56999969482421875 56.439998626708984375 56.529998779296875 56.5800018310546875 56.68000030517578125 56.59999847412109375 56.6699981689453125 56.799999237060546875 57.159999847412109375 57.15000152587890625 57.4199981689453125 57.700000762939453125 57.34999847412109375
61.3600006103515625 61.200000762939453125 61.0800018310546875 60.970001220703125 60.8300018310546875 60.700000762939453125 60.590000152587890625 60.520000457763671875 60.95999908447265625 60.200000762939453125 60.31999969482421875 60.310001373291015625 60.200000762939453125 60.130001068115234375 59.6399993896484375 59.34999847412109375 58.70999908447265625 58.5 58.40000152587890625 58.1100006103515625 57.909999847412109375 57.720001220703125 57.490001678466796875 57.439998626708984375 57.380001068115234375 57.049999237060546875 56.840000152587890625 56.560001373291015625 56.520000457763671875 56.380001068115234375 56.5 56.549999237060546875 56.630001068115234375 56.700000762939453125 56.8899993896484375 57.1399993896484375 57.25 57.189998626708984375 57.229999542236328125 57.240001678466796875 57.229999542236328125
61.299999237060546875 61.200000762939453125 61.0800018310546875 60.990001678466796875 60.770000457763671875 60.549999237060546875 60.54000091552734375 60.470001220703125 60.369998931884765625 60.310001373291015625 60.34999847412109375 60.299999237060546875 59.970001220703125 59.880001068115234375 59.65000152587890625 59.299999237060546875 59.049999237060546875 58.310001373291015625 58.220001220703125 58.04000091552734375 57.810001373291015625 57.54000091552734375 57.34999847412109375 57.229999542236328125 57.15000152587890625 56.8300018310546875 56.6399993896484375 56.479999542236328125 56.380001068115234375 56.5800018310546875 56.720001220703125 56.81999969482421875 56.93000030517578125 57.049999237060546875 57.200000762939453125 57.229999542236328125 57.200000762939453125 57.159999847412109375 57.159999847412109375 57.119998931884765625 56.990001678466796875
61.130001068115234375 61.119998931884765625 61.119998931884765625 61.049999237060546875 60.9199981689453125 61.029998779296875 60.6100006103515625 60.740001678466796875 60.560001373291015625 60.3300018310546875 60.3300018310546875 60.3600006103515625 59.700000762939453125 59.409999847412109375 59.34999847412109375 58.970001220703125 58.259998321533203125 58.20999908447265625 58.09999847412109375 58.009998321533203125 57.84999847412109375 57.450000762939453125 57.279998779296875 57.130001068115234375 56.95999908447265625 56.81999969482421875 56.6100006103515625 56.40000152587890625 56.229999542236328125 56.490001678466796875 56.8600006103515625 57.009998321533203125 57.0800018310546875 57.1399993896484375 57.09999847412109375 57.15000152587890625 57.189998626708984375 57.1100006103515625 56.8899993896484375 56.970001220703125 56.75
61.220001220703125 61.189998626708984375 61.1699981689453125 61.060001373291015625 61.15000152587890625 61.029998779296875 60.81999969482421875 60.6699981689453125 60.369998931884765625 60.270000457763671875 60.119998931884765625 59.619998931884765625 59.470001220703125 59.3300018310546875 58.549999237060546875 58.4199981689453125 58.3600006103515625 58.310001373291015625 58.200000762939453125 57.880001068115234375 57.740001678466796875 57.3899993896484375 57.270000457763671875 56.95999908447265625 56.8300018310546875 56.659999847412109375 56.479999542236328125 56.29000091552734375 56.159999847412109375 56.34999847412109375 56.59999847412109375 56.8600006103515625 56.8899993896484375 56.8300018310546875 57.060001373291015625 57.060001373291015625 56.950000762939453125 56.909999847412109375 56.740001678466796875 56.56999969482421875 56.479999542236328125
61.689998626708984375 61.520000457763671875 61.270000457763671875 61.130001068115234375 61 61.04000091552734375 60.799999237060546875 60.479999542236328125 59.70999908447265625 59.6399993896484375 59.5800018310546875 59.439998626708984375 59.060001373291015625 58.779998779296875 58.59999847412109375 58.369998931884765625 58.31999969482421875 58.3600006103515625 58.159999847412109375 57.68000030517578125 57.65000152587890625 57.369998931884765625 57.18000030517578125 56.9199981689453125 56.75 56.590000152587890625 56.3600006103515625 56.29000091552734375 56.229999542236328125 56.31999969482421875 56.5800018310546875 56.619998931884765625 56.529998779296875 56.560001373291015625 56.630001068115234375 56.840000152587890625 56.79000091552734375 56.6100006103515625 56.4199981689453125 56.5 56.279998779296875
61.93000030517578125 61.4199981689453125 61.119998931884765625 60.939998626708984375 60.549999237060546875 60.509998321533203125 60.509998321533203125 59.979999542236328125 59.659999847412109375 59.34999847412109375 59.200000762939453125 59.06999969482421875 58.93000030517578125 58.729999542236328125 58.549999237060546875 58.369998931884765625 58.18000030517578125 58.20999908447265625 58.20999908447265625 57.9199981689453125 57.56999969482421875 57.40000152587890625 57.1100006103515625 56.8899993896484375 56.840000152587890625 56.439998626708984375 56.40000152587890625 56.310001373291015625 56.25 56.310001373291015625 56.31999969482421875 56.279998779296875 56.240001678466796875 56.3300018310546875 56.299999237060546875 56.56999969482421875 56.520000457763671875 56.3300018310546875 56.159999847412109375 56.09999847412109375 56.1699981689453125
61.759998321533203125 61.09999847412109375 60.880001068115234375 60.59999847412109375 60.40000152587890625 60.340000152587890625 60.31999969482421875 60.020000457763671875 59.59999847412109375 59.29000091552734375 59.220001220703125 59.189998626708984375 59.220001220703125 58.8899993896484375 58.490001678466796875 58.25 58.0800018310546875 58.029998779296875 57.909999847412109375 57.759998321533203125 57.4199981689453125 57.25 57.15000152587890625 56.8600006103515625 56.659999847412109375 56.409999847412109375 56.259998321533203125 56.1699981689453125 55.95999908447265625 56.1100006103515625 56.18000030517578125 56.1100006103515625 56.0800018310546875 56.279998779296875 56.1100006103515625 56.18000030517578125 56.270000457763671875 55.990001678466796875 55.90000152587890625 55.990001678466796875 56.04000091552734375
