wildfire/work/fuelmodels/1990/ahn1.asc
ncols        225
nrows        237
xllcorner    189355.000000000000
yllcorner    458900.000000000000
cellsize     5.000000000000
NODATA_value   -999
[rows 171 to 189 of 237, columns 164 to 204 of 225]
55.220001220703125 55.15000152587890625 55.090000152587890625 54.95999908447265625 54.740001678466796875 54.65000152587890625 54.689998626708984375 54.779998779296875 54.81999969482421875 54.93000030517578125 55.029998779296875 55.15000152587890625 55.259998321533203125 55.299999237060546875 55.270000457763671875 55.29000091552734375 55.3899993896484375 55.369998931884765625 55.31999969482421875 55.25 55.200000762939453125 55.200000762939453125 55.470001220703125 55.310001373291015625 55.119998931884765625 55.1100006103515625 55.04000091552734375 55.060001373291015625 55.1100006103515625 55.060001373291015625 54.8899993896484375 54.93000030517578125 54.8899993896484375 54.84999847412109375 54.840000152587890625 54.8600006103515625 54.8600006103515625 54.8600006103515625 54.799999237060546875 54.720001220703125 54.70999908447265625
55.189998626708984375 55.06999969482421875 55.009998321533203125 54.84999847412109375 54.619998931884765625 54.590000152587890625 54.659999847412109375 54.770000457763671875 54.79000091552734375 54.9199981689453125 55.04000091552734375 55.1100006103515625 55.29000091552734375 55.310001373291015625 55.3300018310546875 55.369998931884765625 55.380001068115234375 55.340000152587890625 55.29000091552734375 55.200000762939453125 55.1399993896484375 55.159999847412109375 55.25 55.200000762939453125 55.09999847412109375 55.060001373291015625 55.009998321533203125 55 54.970001220703125 54.9199981689453125 54.8899993896484375 54.93000030517578125 54.84999847412109375 54.840000152587890625 54.8300018310546875 54.770000457763671875 54.740001678466796875 54.81999969482421875 54.840000152587890625 54.720001220703125 54.729999542236328125
55.15000152587890625 55.060001373291015625 54.95999908447265625 54.8300018310546875 54.65000152587890625 54.56999969482421875 54.659999847412109375 54.759998321533203125 54.8300018310546875 54.9199981689453125 55.060001373291015625 55.1399993896484375 55.299999237060546875 55.34999847412109375 55.3300018310546875 55.3600006103515625 55.3899993896484375 55.3600006103515625 55.279998779296875 55.189998626708984375 55.090000152587890625 55.029998779296875 55.590000152587890625 55.15000152587890625 55.0800018310546875 55.009998321533203125 54.95999908447265625 54.9199981689453125 54.90000152587890625 54.880001068115234375 54.840000152587890625 54.869998931884765625 54.869998931884765625 54.720001220703125 54.619998931884765625 54.56999969482421875 54.68000030517578125 54.729999542236328125 54.75 54.6399993896484375 54.59999847412109375
55.060001373291015625 54.95999908447265625 54.84999847412109375 54.779998779296875 54.59999847412109375 54.560001373291015625 54.590000152587890625 54.740001678466796875 54.840000152587890625 54.939998626708984375 55.04000091552734375 55.130001068115234375 55.3300018310546875 55.31999969482421875 55.340000152587890625 55.299999237060546875 55.279998779296875 55.310001373291015625 55.240001678466796875 55.090000152587890625 54.970001220703125 54.939998626708984375 55.270000457763671875 55.119998931884765625 54.990001678466796875 54.909999847412109375 54.84999847412109375 54.8899993896484375 54.8600006103515625 54.810001373291015625 54.740001678466796875 54.759998321533203125 54.770000457763671875 54.65000152587890625 54.770000457763671875 54.65000152587890625 54.70999908447265625 54.700000762939453125 54.6399993896484375 54.5800018310546875 54.549999237060546875
54.950000762939453125 54.8600006103515625 54.770000457763671875 54.70999908447265625 54.59999847412109375 54.5800018310546875 54.59999847412109375 54.779998779296875 54.81999969482421875 54.869998931884765625 54.970001220703125 55.09999847412109375 55.240001678466796875 55.229999542236328125 55.240001678466796875 55.1699981689453125 55.189998626708984375 55.189998626708984375 55.130001068115234375 54.95999908447265625 54.880001068115234375 54.880001068115234375 55 54.95999908447265625 55.009998321533203125 54.869998931884765625 54.840000152587890625 54.770000457763671875 54.619998931884765625 54.56999969482421875 54.59999847412109375 54.6100006103515625 54.659999847412109375 54.799999237060546875 54.770000457763671875 54.6100006103515625 54.6100006103515625 54.5800018310546875 54.549999237060546875 54.549999237060546875 54.560001373291015625
54.840000152587890625 54.759998321533203125 54.700000762939453125 54.65000152587890625 54.5800018310546875 54.509998321533203125 54.56999969482421875 54.729999542236328125 54.79000091552734375 54.8300018310546875 54.939998626708984375 54.990001678466796875 55.06999969482421875 55.1399993896484375 55.0800018310546875 55.009998321533203125 55.009998321533203125 55.020000457763671875 54.95999908447265625 54.90000152587890625 54.81999969482421875 54.770000457763671875 54.770000457763671875 54.84999847412109375 54.8600006103515625 54.779998779296875 54.75 54.659999847412109375 54.549999237060546875 54.54000091552734375 54.659999847412109375 54.729999542236328125 54.70999908447265625 54.689998626708984375 54.619998931884765625 54.659999847412109375 54.630001068115234375 54.549999237060546875 54.439998626708984375 54.45999908447265625 54.490001678466796875
54.779998779296875 54.700000762939453125 54.65000152587890625 54.59999847412109375 54.520000457763671875 54.43000030517578125 54.560001373291015625 54.70999908447265625 54.779998779296875 54.740001678466796875 54.9199981689453125 54.90000152587890625 54.9199981689453125 54.950000762939453125 54.880001068115234375 54.8300018310546875 54.81999969482421875 54.909999847412109375 54.90000152587890625 54.79000091552734375 54.720001220703125 54.6699981689453125 54.729999542236328125 54.740001678466796875 54.720001220703125 54.659999847412109375 54.689998626708984375 54.700000762939453125 54.6699981689453125 54.81999969482421875 54.700000762939453125 54.720001220703125 54.630001068115234375 54.56999969482421875 54.560001373291015625 54.529998779296875 54.5800018310546875 54.5800018310546875 54.490001678466796875 54.45999908447265625 54.490001678466796875
54.720001220703125 54.56999969482421875 54.5800018310546875 54.560001373291015625 54.490001678466796875 54.450000762939453125 54.56999969482421875 54.65000152587890625 54.700000762939453125 54.68000030517578125 54.8899993896484375 54.770000457763671875 54.779998779296875 54.759998321533203125 54.70999908447265625 54.659999847412109375 54.68000030517578125 54.70999908447265625 54.740001678466796875 54.65000152587890625 54.6100006103515625 54.65000152587890625 54.68000030517578125 54.59999847412109375 54.54000091552734375 54.549999237060546875 54.560001373291015625 54.659999847412109375 54.68000030517578125 54.68000030517578125 54.59999847412109375 54.549999237060546875 54.529998779296875 54.54000091552734375 54.549999237060546875 54.520000457763671875 54.450000762939453125 54.590000152587890625 54.56999969482421875 54.490001678466796875 54.450000762939453125
54.659999847412109375 54.520000457763671875 54.509998321533203125 54.479999542236328125 54.45999908447265625 54.450000762939453125 54.5 54.619998931884765625 54.659999847412109375 54.6699981689453125 54.779998779296875 54.65000152587890625 54.6699981689453125 54.59999847412109375 54.56999969482421875 54.520000457763671875 54.509998321533203125 54.56999969482421875 54.560001373291015625 54.549999237060546875 54.479999542236328125 54.54000091552734375 54.700000762939453125 54.529998779296875 54.479999542236328125 54.5 54.590000152587890625 54.6399993896484375 54.700000762939453125 54.659999847412109375 54.590000152587890625 54.560001373291015625 54.6399993896484375 54.590000152587890625 54.590000152587890625 54.54000091552734375 54.529998779296875 54.520000457763671875 54.34999847412109375 54.470001220703125 54.299999237060546875
54.5800018310546875 54.54000091552734375 54.529998779296875 54.450000762939453125 54.439998626708984375 54.4199981689453125 54.45999908447265625 54.54000091552734375 54.630001068115234375 54.6399993896484375 54.6699981689453125 54.619998931884765625 54.56999969482421875 54.479999542236328125 54.3899993896484375 54.43000030517578125 54.43000030517578125 54.45999908447265625 54.479999542236328125 54.43000030517578125 54.369998931884765625 54.470001220703125 54.470001220703125 54.54000091552734375 54.470001220703125 54.54000091552734375 54.6100006103515625 54.6399993896484375 54.65000152587890625 54.5800018310546875 54.509998321533203125 54.56999969482421875 54.490001678466796875 54.59999847412109375 54.590000152587890625 54.54000091552734375 54.43000030517578125 54.40000152587890625 54.43000030517578125 54.450000762939453125 54.229999542236328125
54.549999237060546875 54.450000762939453125 54.439998626708984375 54.3899993896484375 54.450000762939453125 54.54000091552734375 54.3899993896484375 54.490001678466796875 54.5800018310546875 54.590000152587890625 54.59999847412109375 54.56999969482421875 54.520000457763671875 54.479999542236328125 54.3600006103515625 54.34999847412109375 54.3899993896484375 54.4199981689453125 54.4199981689453125 54.409999847412109375 54.40000152587890625 54.409999847412109375 54.369998931884765625 54.470001220703125 54.409999847412109375 54.490001678466796875 54.54000091552734375 54.549999237060546875 54.56999969482421875 54.659999847412109375 54.549999237060546875 54.470001220703125 54.450000762939453125 54.409999847412109375 54.470001220703125 54.40000152587890625 54.3600006103515625 54.229999542236328125 54.25 54.159999847412109375 54.1699981689453125
54.56999969482421875 54.45999908447265625 54.840000152587890625 54.29000091552734375 54.229999542236328125 54.799999237060546875 54.380001068115234375 54.43000030517578125 54.5 54.56999969482421875 54.5800018310546875 54.6399993896484375 54.529998779296875 54.509998321533203125 54.43000030517578125 54.310001373291015625 54.3899993896484375 54.4199981689453125 54.40000152587890625 54.380001068115234375 54.369998931884765625 54.340000152587890625 54.279998779296875 54.409999847412109375 54.340000152587890625 54.45999908447265625 54.470001220703125 54.490001678466796875 54.529998779296875 54.479999542236328125 54.509998321533203125 54.340000152587890625 54.279998779296875 54.3600006103515625 54.490001678466796875 54.3300018310546875 54.20999908447265625 54.15000152587890625 54.09999847412109375 54.119998931884765625 54.20999908447265625
54.470001220703125 54.18000030517578125 54.130001068115234375 54.029998779296875 53.720001220703125 54.229999542236328125 54.380001068115234375 54.380001068115234375 54.479999542236328125 54.520000457763671875 54.549999237060546875 54.59999847412109375 54.54000091552734375 54.5 54.4199981689453125 54.310001373291015625 54.310001373291015625 54.3300018310546875 54.3300018310546875 54.29000091552734375 54.279998779296875 54.25 54.200000762939453125 54.40000152587890625 54.31999969482421875 54.3899993896484375 54.450000762939453125 54.470001220703125 54.479999542236328125 54.409999847412109375 54.270000457763671875 54.220001220703125 54.279998779296875 54.25 54.25 54.25 54.1699981689453125 54.1699981689453125 54.159999847412109375 54.15000152587890625 54.3300018310546875
54.34999847412109375 54.18000030517578125 54.029998779296875 53.869998931884765625 53.770000457763671875 53.75 54.220001220703125 54.34999847412109375 54.439998626708984375 54.470001220703125 54.470001220703125 54.479999542236328125 54.369998931884765625 54.3600006103515625 54.279998779296875 54.189998626708984375 54.220001220703125 54.240001678466796875 54.20999908447265625 54.189998626708984375 54.18000030517578125 54.20999908447265625 54.25 54.3600006103515625 54.310001373291015625 54.270000457763671875 54.25 54.29000091552734375 54.229999542236328125 54.229999542236328125 54.229999542236328125 54.279998779296875 54.189998626708984375 54.130001068115234375 54.259998321533203125 54.1100006103515625 54.130001068115234375 54.189998626708984375 54.130001068115234375 54.18000030517578125 54.29000091552734375
54.31999969482421875 54.15000152587890625 54.029998779296875 53.8600006103515625 53.840000152587890625 53.75 53.75 54.220001220703125 54.310001373291015625 54.310001373291015625 54.310001373291015625 54.270000457763671875 54.229999542236328125 54.200000762939453125 54.1699981689453125 54.130001068115234375 54.09999847412109375 54.119998931884765625 54.130001068115234375 54.049999237060546875 54.060001373291015625 54.090000152587890625 54.119998931884765625 54.1399993896484375 54.18000030517578125 54.1100006103515625 54.0800018310546875 54.049999237060546875 54.1100006103515625 54.06999969482421875 54.119998931884765625 54.1399993896484375 54.159999847412109375 54.34999847412109375 54.060001373291015625 54.049999237060546875 54.130001068115234375 54.1399993896484375 54.1699981689453125 54.119998931884765625 54.1399993896484375
54.270000457763671875 54.04000091552734375 53.979999542236328125 53.939998626708984375 53.70999908447265625 53.75 53.84999847412109375 54.15000152587890625 54.189998626708984375 54.1699981689453125 54.1399993896484375 54.1100006103515625 54.0800018310546875 54.060001373291015625 54.04000091552734375 53.970001220703125 54.009998321533203125 53.979999542236328125 53.950000762939453125 53.93000030517578125 53.939998626708984375 53.979999542236328125 54.020000457763671875 54 54 53.979999542236328125 53.950000762939453125 54 53.990001678466796875 54 54.029998779296875 54.119998931884765625 54.1100006103515625 54.0800018310546875 53.970001220703125 53.990001678466796875 53.970001220703125 54.090000152587890625 54.009998321533203125 53.939998626708984375 53.95999908447265625
54.1399993896484375 54.020000457763671875 53.970001220703125 53.759998321533203125 53.6100006103515625 53.3600006103515625 54.1100006103515625 54.0800018310546875 54.090000152587890625 54.04000091552734375 54.04000091552734375 54 53.95999908447265625 53.950000762939453125 53.939998626708984375 53.8899993896484375 53.8899993896484375 53.909999847412109375 53.869998931884765625 53.84999847412109375 53.8300018310546875 53.840000152587890625 53.93000030517578125 53.970001220703125 53.970001220703125 53.90000152587890625 53.9199981689453125 53.880001068115234375 53.8899993896484375 53.939998626708984375 53.93000030517578125 53.950000762939453125 54 54.020000457763671875 53.979999542236328125 54.04000091552734375 53.90000152587890625 53.950000762939453125 54 53.9199981689453125 53.840000152587890625
54.20999908447265625 54.020000457763671875 53.93000030517578125 53.700000762939453125 53.5 53.40000152587890625 53.6399993896484375 53.93000030517578125 53.979999542236328125 53.950000762939453125 53.9199981689453125 53.909999847412109375 53.8600006103515625 53.8600006103515625 53.8899993896484375 53.869998931884765625 53.8300018310546875 53.840000152587890625 53.770000457763671875 53.729999542236328125 53.770000457763671875 53.799999237060546875 53.840000152587890625 53.990001678466796875 54 53.880001068115234375 53.81999969482421875 53.8600006103515625 53.8300018310546875 53.840000152587890625 53.81999969482421875 53.8899993896484375 53.990001678466796875 53.939998626708984375 53.979999542236328125 53.970001220703125 53.9199981689453125 53.869998931884765625 53.880001068115234375 53.759998321533203125 53.54000091552734375
53.939998626708984375 53.95999908447265625 53.970001220703125 53.700000762939453125 53.630001068115234375 53.439998626708984375 53.29000091552734375 53.6399993896484375 53.810001373291015625 53.8600006103515625 53.81999969482421875 53.779998779296875 53.75 53.75 53.75 53.770000457763671875 53.770000457763671875 53.779998779296875 53.729999542236328125 53.689998626708984375 53.68000030517578125 53.75 53.759998321533203125 53.840000152587890625 53.880001068115234375 53.779998779296875 53.770000457763671875 53.729999542236328125 53.799999237060546875 53.909999847412109375 53.8899993896484375 53.939998626708984375 54 53.979999542236328125 53.93000030517578125 53.869998931884765625 53.759998321533203125 53.799999237060546875 53.68000030517578125 53.6399993896484375 53.340000152587890625
