wildfire/work/fuelmodels/1990/ahn1.asc
ncols        225
nrows        237
xllcorner    189355.000000000000
yllcorner    458900.000000000000
cellsize     5.000000000000
NODATA_value   -999
[rows 19 to 37 of 237, columns 164 to 204 of 225]
62.5 61.990001678466796875 62.200000762939453125 62.4199981689453125 62.630001068115234375 62.90000152587890625 63.1399993896484375 64.20999908447265625 64.09999847412109375 64.3000030517578125 64.23999786376953125 64.529998779296875 64.98999786376953125 65.37999725341796875 65.59999847412109375 65.79000091552734375 65.9499969482421875 66.04000091552734375 66.220001220703125 66.470001220703125 66.839996337890625 66.6999969482421875 66.48000335693359375 66.529998779296875 66.79000091552734375 66.589996337890625 66.23000335693359375 66.26000213623046875 66.23999786376953125 66.05999755859375 65.8000030517578125 65.54000091552734375 65.4499969482421875 65.23000335693359375 65.1399993896484375 65.0800018310546875 65.04000091552734375 65.1399993896484375 65.09999847412109375 64.80999755859375 64.80999755859375
61.5800018310546875 61.770000457763671875 61.950000762939453125 62.25 62.520000457763671875 62.810001373291015625 63.299999237060546875 64.12000274658203125 63.909999847412109375 64.12999725341796875 64.3899993896484375 64.51999664306640625 64.660003662109375 65.339996337890625 65.470001220703125 65.65000152587890625 65.68000030517578125 65.94000244140625 66.23000335693359375 66.5800018310546875 66.8600006103515625 66.3000030517578125 66.0800018310546875 66.18000030517578125 66.3000030517578125 66.470001220703125 66.1100006103515625 66.04000091552734375 66.04000091552734375 65.98999786376953125 65.76999664306640625 65.4199981689453125 65.45999908447265625 65.05999755859375 64.970001220703125 64.93000030517578125 64.9199981689453125 65.09999847412109375 64.8600006103515625 64.65000152587890625 65.12999725341796875
61.720001220703125 61.700000762939453125 61.840000152587890625 62.090000152587890625 62.380001068115234375 62.54000091552734375 62.880001068115234375 63.5800018310546875 63.770000457763671875 63.93000030517578125 64.160003662109375 64.3300018310546875 64.87999725341796875 64.970001220703125 65.37000274658203125 65.51000213623046875 65.65000152587890625 66.279998779296875 66.76999664306640625 66.8899993896484375 66.40000152587890625 65.9499969482421875 65.76999664306640625 65.98000335693359375 65.970001220703125 66.26000213623046875 65.9499969482421875 65.95999908447265625 65.8000030517578125 65.779998779296875 65.62000274658203125 65.37999725341796875 65.23999786376953125 64.970001220703125 64.8600006103515625 64.79000091552734375 64.75 64.73000335693359375 64.6100006103515625 64.5800018310546875 64.5
62.619998931884765625 61.880001068115234375 61.720001220703125 62.020000457763671875 62.1100006103515625 62.3300018310546875 62.6100006103515625 62.95999908447265625 63.3600006103515625 63.729999542236328125 64.1999969482421875 64.25 64.51999664306640625 65.0800018310546875 65.31999969482421875 65.40000152587890625 65.8300018310546875 66.68000030517578125 66.69000244140625 66.45999908447265625 65.839996337890625 65.76999664306640625 65.56999969482421875 65.54000091552734375 65.720001220703125 65.76000213623046875 65.839996337890625 65.9499969482421875 65.75 65.6699981689453125 65.529998779296875 65.30999755859375 65.089996337890625 64.84999847412109375 64.73999786376953125 64.65000152587890625 64.59999847412109375 64.55999755859375 64.51999664306640625 64.44000244140625 64.43000030517578125
62.409999847412109375 61.95999908447265625 61.689998626708984375 62.1399993896484375 62.060001373291015625 62.20999908447265625 62.470001220703125 62.81999969482421875 63.1699981689453125 63.549999237060546875 64.40000152587890625 64.4199981689453125 64.660003662109375 65.029998779296875 65.15000152587890625 65.410003662109375 66.6699981689453125 66.4499969482421875 66.029998779296875 65.5500030517578125 65.45999908447265625 65.470001220703125 65.09999847412109375 65.25 65.55999755859375 65.59999847412109375 65.62999725341796875 65.779998779296875 65.75 65.51000213623046875 65.37999725341796875 65.23999786376953125 65.01000213623046875 64.779998779296875 64.62000274658203125 64.5500030517578125 64.5 64.470001220703125 64.4199981689453125 64.31999969482421875 64.339996337890625
62.560001373291015625 62.75 62.049999237060546875 61.81999969482421875 61.95999908447265625 62.1100006103515625 62.34999847412109375 62.779998779296875 63.20999908447265625 63.6399993896484375 64.20999908447265625 64.48000335693359375 64.80999755859375 64.8899993896484375 65.410003662109375 65.70999908447265625 66.18000030517578125 65.45999908447265625 65.15000152587890625 64.779998779296875 65.0800018310546875 65.089996337890625 64.8899993896484375 65.089996337890625 65.18000030517578125 65.45999908447265625 65.4199981689453125 65.48999786376953125 65.410003662109375 65.3300018310546875 65.19000244140625 65.09999847412109375 64.8899993896484375 64.660003662109375 64.48999786376953125 64.470001220703125 64.34999847412109375 64.31999969482421875 64.31999969482421875 64.20999908447265625 64.15000152587890625
61.619998931884765625 62.630001068115234375 62.560001373291015625 61.659999847412109375 61.90000152587890625 62.060001373291015625 62.34999847412109375 62.799999237060546875 63.15000152587890625 63.59999847412109375 63.8600006103515625 64.5800018310546875 64.65000152587890625 64.80999755859375 65.73000335693359375 65.62999725341796875 65.68000030517578125 65.05999755859375 64.73999786376953125 63.990001678466796875 64.970001220703125 64.160003662109375 64.3899993896484375 64.5800018310546875 64.910003662109375 65.23000335693359375 65.23999786376953125 65.26999664306640625 65.160003662109375 65.31999969482421875 65.029998779296875 64.9499969482421875 64.75 64.54000091552734375 64.470001220703125 64.40000152587890625 64.26000213623046875 64.23000335693359375 64.1999969482421875 64.1399993896484375 64.04000091552734375
61.04000091552734375 62.5 62.060001373291015625 61.65000152587890625 62.59999847412109375 62.34999847412109375 62.720001220703125 62.8899993896484375 63.1100006103515625 64.09999847412109375 64.34999847412109375 64.51000213623046875 64.98000335693359375 65.4499969482421875 65.6100006103515625 65.62999725341796875 65.529998779296875 64.470001220703125 63.90000152587890625 63.65000152587890625 63.56999969482421875 63.6100006103515625 64 64.25 64.73999786376953125 64.75 64.84999847412109375 64.98000335693359375 65.089996337890625 65.12000274658203125 64.90000152587890625 64.970001220703125 64.31999969482421875 64.31999969482421875 64.3300018310546875 64.26000213623046875 64.15000152587890625 64.12000274658203125 64.1100006103515625 64.0500030517578125 64.01000213623046875
61.029998779296875 62.520000457763671875 62.590000152587890625 62.590000152587890625 62.3600006103515625 62.4199981689453125 62.619998931884765625 62.939998626708984375 63.65000152587890625 64.279998779296875 64.220001220703125 64.73000335693359375 65.3899993896484375 65.339996337890625 65.3899993896484375 65.06999969482421875 64.8899993896484375 63.8300018310546875 63.3300018310546875 63.29000091552734375 63.229999542236328125 63.560001373291015625 63.68000030517578125 63.93000030517578125 64.37000274658203125 64.3300018310546875 64.6100006103515625 64.93000030517578125 64.95999908447265625 65 64.94000244140625 64.54000091552734375 64.5500030517578125 64.3899993896484375 64.279998779296875 64.26000213623046875 64.23999786376953125 64.23000335693359375 64.19000244140625 64.01000213623046875 64.01000213623046875
61.18000030517578125 61.29000091552734375 62.6699981689453125 62.689998626708984375 62.630001068115234375 62.5800018310546875 63.029998779296875 63 63.799999237060546875 63.950000762939453125 64.779998779296875 64.98000335693359375 65.0800018310546875 65.089996337890625 65.01000213623046875 64.76000213623046875 64.23999786376953125 63.79000091552734375 63.220001220703125 62.93000030517578125 62.9199981689453125 63.06999969482421875 63.54000091552734375 63.720001220703125 63.84999847412109375 64.029998779296875 64.3000030517578125 64.3600006103515625 64.5800018310546875 64.839996337890625 64.34999847412109375 64.29000091552734375 64.37000274658203125 64.4499969482421875 64.26999664306640625 64.3000030517578125 63.950000762939453125 63.840000152587890625 63.779998779296875 63.590000152587890625 63.81999969482421875
61.20999908447265625 61.4199981689453125 61.81999969482421875 62.689998626708984375 62.810001373291015625 63.18000030517578125 63.6100006103515625 63.59999847412109375 63.70999908447265625 63.979999542236328125 65.37000274658203125 65.19000244140625 65.12000274658203125 65.089996337890625 64.910003662109375 64.839996337890625 64.3000030517578125 63.81999969482421875 63.310001373291015625 62.8600006103515625 62.84999847412109375 63.029998779296875 63.40000152587890625 63.5 63.779998779296875 63.779998779296875 64.1100006103515625 64.089996337890625 64.18000030517578125 64.18000030517578125 64.23000335693359375 64.1100006103515625 64.12000274658203125 64.1999969482421875 64.0800018310546875 63.95999908447265625 63.799999237060546875 63.659999847412109375 63.56999969482421875 63.560001373291015625 63.59999847412109375
61.229999542236328125 61.3899993896484375 61.720001220703125 62.770000457763671875 62.880001068115234375 63.70999908447265625 63.409999847412109375 63.45999908447265625 63.59999847412109375 64.19000244140625 64.98000335693359375 64.98000335693359375 65.029998779296875 64.8600006103515625 64.73000335693359375 64.5800018310546875 64 63.779998779296875 63.40000152587890625 63.220001220703125 63.0800018310546875 63.119998931884765625 63.1100006103515625 63.220001220703125 63.3899993896484375 63.5 64.3000030517578125 63.740001678466796875 64.01000213623046875 64.029998779296875 64.04000091552734375 64.029998779296875 63.95999908447265625 63.90000152587890625 63.8899993896484375 63.81999969482421875 63.630001068115234375 63.529998779296875 63.380001068115234375 63.40000152587890625 63.45999908447265625
61.15000152587890625 61.45999908447265625 61.659999847412109375 62.840000152587890625 62.84999847412109375 63.060001373291015625 63.25 63.340000152587890625 63.470001220703125 63.799999237060546875 64.25 64.43000030517578125 64.5500030517578125 64.48000335693359375 64.51000213623046875 64.15000152587890625 63.8899993896484375 63.909999847412109375 63.529998779296875 63.3300018310546875 62.770000457763671875 62.56999969482421875 62.799999237060546875 62.9199981689453125 62.950000762939453125 63.159999847412109375 63.3600006103515625 63.5 63.8899993896484375 63.90000152587890625 63.90000152587890625 63.8300018310546875 63.8300018310546875 63.75 63.65000152587890625 63.6399993896484375 63.380001068115234375 63.3899993896484375 63.259998321533203125 63.259998321533203125 63.220001220703125
61.1399993896484375 61.3300018310546875 61.689998626708984375 62.560001373291015625 62.79000091552734375 62.979999542236328125 63.09999847412109375 63.18000030517578125 63.270000457763671875 63.479999542236328125 63.950000762939453125 64.34999847412109375 64.12000274658203125 64.19000244140625 64.279998779296875 64.160003662109375 64.12000274658203125 64.15000152587890625 64.0500030517578125 63.9199981689453125 63.130001068115234375 62.5 62.279998779296875 62.3600006103515625 62.759998321533203125 62.779998779296875 62.979999542236328125 63.200000762939453125 63.740001678466796875 63.8899993896484375 63.75 63.770000457763671875 63.689998626708984375 63.6699981689453125 63.619998931884765625 63.40000152587890625 63.310001373291015625 63.299999237060546875 63.1699981689453125 63.1100006103515625 63.159999847412109375
61.029998779296875 61.229999542236328125 61.549999237060546875 62.470001220703125 62.659999847412109375 62.8600006103515625 63.020000457763671875 63.060001373291015625 63.15000152587890625 63.119998931884765625 63.3300018310546875 63.4199981689453125 63.939998626708984375 64.05999755859375 63.909999847412109375 64 63.869998931884765625 64.04000091552734375 64.3000030517578125 64.20999908447265625 63.65000152587890625 62.8600006103515625 62.34999847412109375 62.299999237060546875 62.31999969482421875 62.590000152587890625 62.8899993896484375 62.950000762939453125 63.1100006103515625 63.029998779296875 63.479999542236328125 63.509998321533203125 63.560001373291015625 63.4199981689453125 63.490001678466796875 63.450000762939453125 63.189998626708984375 63.1399993896484375 63.1399993896484375 63.1100006103515625 63.119998931884765625
61.189998626708984375 61.979999542236328125 62.369998931884765625 62.490001678466796875 62.479999542236328125 62.6399993896484375 63.119998931884765625 63 63.1100006103515625 63.0800018310546875 63.29000091552734375 63.439998626708984375 63.79000091552734375 63.880001068115234375 63.759998321533203125 63.6100006103515625 63.590000152587890625 64.0800018310546875 64.45999908447265625 64.44000244140625 64.19000244140625 63.6100006103515625 62.65000152587890625 62.159999847412109375 62.31999969482421875 62.229999542236328125 62.369998931884765625 62.520000457763671875 62.700000762939453125 62.8600006103515625 63.25 63.279998779296875 63.25 63.3899993896484375 63.3300018310546875 63.43000030517578125 63.119998931884765625 62.8899993896484375 62.729999542236328125 62.43000030517578125 63.060001373291015625
61.189998626708984375 62.060001373291015625 62.240001678466796875 62.009998321533203125 61.979999542236328125 62.259998321533203125 62.810001373291015625 62.90000152587890625 62.939998626708984375 63.240001678466796875 63.43000030517578125 63.5800018310546875 63.810001373291015625 63.729999542236328125 63.81999969482421875 63.56999969482421875 63.840000152587890625 64.29000091552734375 64.48999786376953125 64.48000335693359375 64.31999969482421875 64.06999969482421875 63.18000030517578125 62.299999237060546875 62.049999237060546875 62.06999969482421875 62.1399993896484375 62.279998779296875 62.700000762939453125 62.770000457763671875 62.93000030517578125 63.04000091552734375 63.060001373291015625 62.939998626708984375 62.729999542236328125 62.950000762939453125 62.909999847412109375 62.490001678466796875 62.29000091552734375 62.34999847412109375 62.259998321533203125
61.6100006103515625 62.060001373291015625 61.95999908447265625 61.18000030517578125 61.590000152587890625 62.1699981689453125 62.630001068115234375 62.689998626708984375 62.779998779296875 63.060001373291015625 63.40000152587890625 63.529998779296875 64.01000213623046875 63.939998626708984375 64.01000213623046875 64.01000213623046875 64.44000244140625 64.40000152587890625 64.470001220703125 64.45999908447265625 64.4199981689453125 64.26000213623046875 63.659999847412109375 62.65000152587890625 62.1100006103515625 61.79000091552734375 62.04000091552734375 62.060001373291015625 62.029998779296875 62.450000762939453125 62.700000762939453125 63 62.880001068115234375 62.6399993896484375 62.560001373291015625 62.369998931884765625 62.439998626708984375 62.200000762939453125 62.0800018310546875 61.93000030517578125 61.869998931884765625
61.740001678466796875 61.56999969482421875 60.799999237060546875 61.34999847412109375 61.34999847412109375 62.1399993896484375 62.619998931884765625 62.6399993896484375 62.93000030517578125 63.06999969482421875 63.34999847412109375 63.6100006103515625 64.23999786376953125 64 64.43000030517578125 64.4499969482421875 64.5500030517578125 64.48000335693359375 64.45999908447265625 64.529998779296875 64.470001220703125 64.40000152587890625 64.06999969482421875 63.119998931884765625 62.409999847412109375 62 61.869998931884765625 61.8300018310546875 62.029998779296875 62.18000030517578125 62.240001678466796875 62.34999847412109375 62.5800018310546875 62.5800018310546875 62.310001373291015625 62.220001220703125 61.990001678466796875 61.79000091552734375 61.689998626708984375 61.65000152587890625 61.54000091552734375
