wildfire/work/fuelmodels/1990/aspect.asc
ncols        225
nrows        237
xllcorner    189355.000000000000
yllcorner    458900.000000000000
cellsize     5.000000000000
NODATA_value   -999
[rows 209 to 227 of 237, columns 84 to 125 of 225]
182.8620452880859375 175.0555877685546875 177.6245269775390625 191.164520263671875 170.6103363037109375 155.3610382080078125 158.1984710693359375 150.523895263671875 179.9994354248046875 166.0590057373046875 132.3160247802734375 135.753692626953125 147.6801300048828125 198.4339752197265625 196.38824462890625 200.5560302734375 276.34088134765625 44.99868011474609375 40.099803924560546875 9.344356536865234375 7.5237336158752441406 2.2026414871215820312 323.971893310546875 271.080108642578125 259.158111572265625 69.6775054931640625 49.398464202880859375 25.7092132568359375 22.520624160766601562 5.8264632225036621094 345.5784912109375 332.65008544921875 292.619842529296875 312.39715576171875 48.57698822021484375 3.8134853839874267578 294.443359375 275.52734375 151.70050048828125 179.9987335205078125 224.998779296875 218.480194091796875
195.153656005859375 186.493133544921875 190.1881866455078125 197.74432373046875 170.99774169921875 158.238861083984375 169.39227294921875 170.8524169921875 177.5885009765625 170.9417572021484375 153.6925811767578125 163.7395172119140625 165.9635467529296875 190.66925048828125 197.8498382568359375 186.709381103515625 188.972198486328125 177.5527496337890625 185.4400482177734375 213.9954376220703125 157.3800811767578125 158.6300811767578125 216.02716064453125 237.9066009521484375 223.09027099609375 153.8854827880859375 127.87435150146484375 32.47034454345703125 26.5653533935546875 359.998626708984375 11.3097381591796875 8.1302289962768554688 287.103302001953125 197.24072265625 167.003631591796875 273.814208984375 281.308441162109375 205.345001220703125 161.5651702880859375 192.9931793212890625 258.690032958984375 207.645721435546875
220.8147125244140625 214.3800048828125 207.38720703125 198.4345855712890625 160.17694091796875 144.8131866455078125 163.7568511962890625 190.3883209228515625 176.185516357421875 167.7573394775390625 172.5423126220703125 168.9856109619140625 179.9998016357421875 202.3801116943359375 198.43463134765625 187.5607147216796875 191.767669677734375 182.7925872802734375 188.6150054931640625 196.4879913330078125 180.92364501953125 181.7012939453125 196.313446044921875 207.1488800048828125 206.300689697265625 185.7103118896484375 191.309173583984375 194.420257568359375 183.0141754150390625 257.47174072265625 345.2557373046875 40.237018585205078125 63.43698883056640625 300.96240234375 0.002185605466365814209 259.695159912109375 269.999359130859375 4.3997235298156738281 0 338.196502685546875 294.443267822265625 351.873443603515625
263.0469970703125 263.516387939453125 235.7838287353515625 151.059844970703125 147.76507568359375 134.1044921875 131.3669891357421875 193.2758941650390625 179.555511474609375 159.9735565185546875 175.099884033203125 185.5268707275390625 215.1805877685546875 206.5650787353515625 179.9995880126953125 192.8741607666015625 208.2011260986328125 170.5370635986328125 176.2564239501953125 204.62322998046875 193.6709136962890625 190.3754425048828125 193.3922882080078125 205.7868804931640625 200.772003173828125 193.735687255859375 196.8206024169921875 191.57489013671875 195.524322509765625 206.9653167724609375 199.0566558837890625 155.924072265625 150.0687408447265625 229.5725555419921875 154.654144287109375 185.193756103515625 207.473968505859375 192.2643585205078125 227.727447509765625 288.437164306640625 293.1971435546875 314.999267578125
324.818206787109375 304.694580078125 131.531402587890625 129.80548095703125 144.8838958740234375 161.5648040771484375 136.9092559814453125 105.25605010986328125 305.907806396484375 9.7823333740234375 27.299940109252929688 334.093353271484375 274.898834228515625 222.1375732421875 161.564239501953125 199.4394073486328125 220.4857025146484375 146.6326141357421875 194.743560791015625 270.000091552734375 278.74591064453125 168.6913604736328125 220.60321044921875 265.914093017578125 229.399078369140625 199.3576812744140625 214.5619964599609375 191.309814453125 207.34954833984375 208.0717315673828125 207.896392822265625 171.8694915771484375 147.3381805419921875 195.7079925537109375 175.3640289306640625 173.2899627685546875 190.712890625 190.007659912109375 210.12396240234375 203.87493896484375 201.570343017578125 202.0671844482421875
265.23614501953125 182.4892120361328125 134.52978515625 130.961883544921875 148.06890869140625 187.471282958984375 185.599029541015625 180.8804931640625 209.0542449951171875 190.37579345703125 153.4343719482421875 201.0356903076171875 257.734771728515625 295.55908203125 19.799634933471679688 331.69854736328125 326.092742919921875 10.751036643981933594 347.105316162109375 322.351776123046875 338.385467529296875 9.0899658203125 341.002227783203125 317.201507568359375 4.3980097770690917969 5.528743743896484375 304.2147216796875 330.253692626953125 292.37957763671875 264.80517578125 261.384552001953125 159.443878173828125 121.50368499755859375 231.338836669921875 134.9887542724609375 120.96282958984375 266.18609619140625 309.28857421875 293.497589111328125 269.998565673828125 208.61004638671875 217.8745880126953125
227.8635711669921875 137.06964111328125 129.7735748291015625 131.8196868896484375 137.6017913818359375 202.6197052001953125 223.090667724609375 201.2495880126953125 187.5238189697265625 197.904266357421875 201.1933746337890625 199.53558349609375 242.81842041015625 276.841827392578125 348.689727783203125 327.199432373046875 306.86865234375 57.997425079345703125 269.99468994140625 264.557952880859375 241.698272705078125 179.9941253662109375 257.73370361328125 263.046051025390625 330.941314697265625 21.802677154541015625 321.008453369140625 330.943572998046875 339.442718505859375 289.65338134765625 256.606048583984375 135.001495361328125 86.1878509521484375 309.2884521484375 7.4320402145385742188 48.179180145263671875 299.744171142578125 305.27215576171875 315.000030517578125 325.30426025390625 341.55987548828125 288.434722900390625
146.3102569580078125 129.5792388916015625 124.99184417724609375 129.6104888916015625 150.941741943359375 269.999359130859375 248.1993408203125 220.6014251708984375 288.43572998046875 311.986419677734375 330.5238037109375 345.963104248046875 298.14044189453125 273.50274658203125 250.2012939453125 243.4356842041015625 214.6942901611328125 158.1974639892578125 286.92828369140625 296.5645751953125 327.338287353515625 354.610321044921875 1.6368941068649291992 285.945465087890625 304.9903564453125 13.393779754638671875 331.69805908203125 156.8018035888671875 215.5371856689453125 242.351593017578125 229.7603912353515625 135.0016632080078125 158.9625701904296875 254.744171142578125 0 60.94422149658203125 292.16546630859375 262.693145751953125 224.998260498046875 209.7432098388671875 255.9605712890625 276.7080078125
130.985809326171875 129.6947174072265625 127.67363739013671875 44.999897003173828125 350.217681884765625 343.442138671875 343.07086181640625 344.53778076171875 332.446563720703125 304.9910888671875 251.5622711181640625 232.12078857421875 265.36297607421875 224.9994659423828125 225.00018310546875 232.7653656005859375 276.341156005859375 319.235687255859375 322.942840576171875 317.38525390625 323.3651123046875 59.037395477294921875 123.69040679931640625 223.0248565673828125 218.0879974365234375 178.15155029296875 162.474609375 173.9909210205078125 230.4400482177734375 243.4343719482421875 229.76416015625 134.9996795654296875 224.9994659423828125 284.3487548828125 336.800872802734375 8.6155500411987304688 335.554656982421875 312.61279296875 321.339691162109375 323.129058837890625 349.991485595703125 237.0934600830078125
131.9869842529296875 137.361114501953125 172.874420166015625 288.43328857421875 332.74346923828125 335.37567138671875 350.75311279296875 338.74810791015625 329.035491943359375 0 144.4615936279296875 205.819488525390625 231.911529541015625 204.4442291259765625 248.7487030029296875 252.551666259765625 230.7091827392578125 243.4343719482421875 243.4332733154296875 235.617919921875 190.3045806884765625 146.534149169921875 159.102264404296875 190.1244354248046875 192.1434783935546875 183.813507080078125 175.1009521484375 203.1988677978515625 235.9539642333984375 233.53125 225.0011444091796875 110.55458831787109375 286.1884765625 284.03570556640625 274.39910888671875 310.601226806640625 351.025726318359375 291.036376953125 224.9994659423828125 204.775634765625 164.248046875 193.2400360107421875
122.64417266845703125 134.9996795654296875 297.255035400390625 298.071807861328125 249.4438323974609375 212.19549560546875 170.3103485107421875 202.24908447265625 219.28912353515625 161.560302734375 17.353750228881835938 349.8243408203125 305.537689208984375 298.30047607421875 250.199737548828125 202.520599365234375 199.05712890625 210.140716552734375 205.345550537109375 204.443817138671875 184.398590087890625 153.434600830078125 74.7453765869140625 122.47296905517578125 173.156341552734375 230.709075927734375 269.998016357421875 261.86871337890625 260.13336181640625 258.689453125 186.34002685546875 162.756591796875 247.3794403076171875 247.2480010986328125 182.289764404296875 219.4721221923828125 194.03643798828125 213.68914794921875 274.39727783203125 359.99371337890625 50.709392547607421875 310.23638916015625
99.32270050048828125 348.6898193359375 261.869049072265625 183.178863525390625 169.6245574951171875 180.6027984619140625 174.8049163818359375 193.1721343994140625 206.833404541015625 216.8690032958984375 259.37884521484375 339.622344970703125 338.384674072265625 346.865447998046875 1.1231153011322021484 357.271759033203125 336.4471435546875 329.931182861328125 267.879486083984375 268.66790771484375 300.255859375 326.7674560546875 357.397003173828125 21.447673797607421875 8.9726839065551757812 331.556427001953125 339.2255859375 329.0350341796875 287.174713134765625 311.818756103515625 69.4433441162109375 59.042530059814453125 267.6129150390625 249.226715087890625 140.7115631103515625 230.7101593017578125 222.136474609375 271.9739990234375 310.029388427734375 355.911834716796875 350.53692626953125 334.289459228515625
167.5489501953125 176.185089111328125 176.46734619140625 167.470703125 164.8270721435546875 176.6888427734375 182.5784759521484375 200.6947479248046875 207.896759033203125 219.8047943115234375 231.61273193359375 234.7271728515625 271.3968505859375 315.0001220703125 349.8740234375 349.918182373046875 4.8212461471557617188 10.92284393310546875 337.37847900390625 313.667266845703125 318.17919921875 335.22412109375 317.3857421875 1.0414509773254394531 15.254802703857421875 3.0122370719909667969 15.943915367126464844 325.30462646484375 280.49066162109375 290.554901123046875 41.186504364013671875 349.381256103515625 315.000213623046875 270.0003662109375 120.96475982666015625 284.7427978515625 297.34906005859375 281.975372314453125 238.2404022216796875 187.4316253662109375 224.9994659423828125 222.1364288330078125
181.3629913330078125 169.3797454833984375 168.68975830078125 164.445098876953125 165.113555908203125 181.0052490234375 206.028594970703125 229.1842193603515625 217.6938323974609375 218.6589508056640625 220.029876708984375 212.7636566162109375 214.2863922119140625 210.734771728515625 227.3854522705078125 239.0353240966796875 108.4346923828125 50.709392547607421875 310.59967041015625 264.0926513671875 243.4340972900390625 237.52850341796875 284.035980224609375 310.601348876953125 72.896392822265625 14.0357818603515625 22.38098907470703125 24.4441986083984375 227.1210174560546875 183.8140869140625 174.667205810546875 182.6621246337890625 189.7821197509765625 205.11444091796875 173.65966796875 209.9810638427734375 229.288482666015625 192.9947357177734375 187.00079345703125 183.813751220703125 195.708221435546875 192.449127197265625
171.326416015625 156.4123687744140625 177.9541168212890625 156.3695068359375 217.8754730224609375 306.86920166015625 303.110260009765625 281.308441162109375 279.78082275390625 232.594390869140625 200.6372222900390625 202.7960357666015625 210.100830078125 209.744232177734375 220.961669921875 217.5281829833984375 188.1303863525390625 192.5277252197265625 168.688995361328125 207.7580718994140625 238.6262054443359375 268.363067626953125 279.688629150390625 153.433502197265625 143.129974365234375 194.035308837890625 145.4370574951171875 150.333221435546875 170.1883544921875 171.25347900390625 176.1116790771484375 177.348724365234375 187.092193603515625 194.1665191650390625 183.5557861328125 197.9590911865234375 208.2437744140625 182.2453765869140625 178.830413818359375 189.1619873046875 186.6319732666015625 187.9429931640625
169.6947021484375 168.0234527587890625 225.00018310546875 239.0408172607421875 260.542388916015625 238.241912841796875 255.46539306640625 275.710052490234375 294.86309814453125 355.099700927734375 66.447509765625 222.613006591796875 237.874664306640625 220.85491943359375 222.366973876953125 211.7987823486328125 198.4347686767578125 197.487152099609375 167.470550537109375 218.2895050048828125 233.3247833251953125 232.7647552490234375 232.9064788818359375 134.9996795654296875 148.190093994140625 169.006927490234375 165.1287384033203125 159.86346435546875 163.9673309326171875 170.788665771484375 179.464202880859375 178.4918212890625 194.215576171875 201.9905548095703125 197.5484771728515625 207.3772430419921875 214.853851318359375 189.8188629150390625 176.4959716796875 189.1960906982421875 187.5235443115234375 195.6898345947265625
181.3310546875 194.533721923828125 212.4705657958984375 192.993865966796875 183.5763092041015625 206.14642333984375 230.571380615234375 246.8013763427734375 254.1971893310546875 264.2886962890625 51.339603424072265625 355.7635498046875 300.323028564453125 250.5595550537109375 220.762969970703125 208.0089111328125 199.07452392578125 197.1754150390625 194.67608642578125 222.61346435546875 194.2367095947265625 198.434722900390625 197.1021881103515625 157.5793304443359375 151.6139984130859375 160.387359619140625 169.267059326171875 162.276397705078125 154.0937652587890625 306.867431640625 327.5277099609375 339.14453125 350.53656005859375 348.68951416015625 265.912872314453125 232.695343017578125 220.4614410400390625 198.0338897705078125 179.255645751953125 193.6262969970703125 209.6237335205078125 236.59124755859375
300.963043212890625 314.999267578125 140.1951751708984375 207.3486480712890625 221.632415771484375 233.12896728515625 239.67498779296875 232.7642669677734375 219.0527496337890625 214.3802642822265625 192.995513916015625 294.445953369140625 294.443359375 322.593994140625 285.256134033203125 236.3092193603515625 214.379608154296875 205.7096099853515625 214.694854736328125 212.96875 172.449859619140625 179.46441650390625 181.4496917724609375 162.5357513427734375 154.28961181640625 155.805908203125 243.4356842041015625 330.06829833984375 344.19671630859375 331.143585205078125 332.24066162109375 329.03570556640625 337.2481689453125 16.557004928588867188 5.1944165229797363281 208.30267333984375 210.5790863037109375 219.6852874755859375 232.7652587890625 284.53448486328125 289.289886474609375 279.0894775390625
334.79840087890625 352.873992919921875 14.620627403259277344 346.865631103515625 339.56622314453125 4.084941864013671875 242.523406982421875 215.537261962890625 206.9398345947265625 223.93914794921875 230.855621337890625 227.8603363037109375 240.0677490234375 208.610382080078125 183.0106658935546875 240.523284912109375 254.744964599609375 269.999359130859375 216.4681854248046875 187.1246795654296875 175.1914215087890625 170.059326171875 165.06805419921875 159.5373077392578125 157.3798980712890625 309.805755615234375 312.662353515625 326.591583251953125 336.16082763671875 333.434722900390625 338.197296142578125 344.35699462890625 345.6497802734375 8.4983358383178710938 22.619617462158203125 33.99585723876953125 351.870391845703125 280.921905517578125 298.29962158203125 318.5736083984375 222.2725830078125 227.6625518798828125
