wildfire/work/fuelmodels/1990/aspect.asc
ncols        225
nrows        237
xllcorner    189355.000000000000
yllcorner    458900.000000000000
cellsize     5.000000000000
NODATA_value   -999
[rows 57 to 75 of 237, columns 0 to 41 of 225]
0 100.8094940185546875 106.8651885986328125 110.55558013916015625 105.38465118408203125 118.37886810302734375 141.482635498046875 121.64429473876953125 101.396759033203125 109.6119384765625 147.136474609375 129.0529327392578125 117.68822479248046875 119.2913665771484375 109.43999481201171875 244.91558837890625 124.088623046875 109.85498809814453125 140.0691375732421875 150.498809814453125 171.09783935546875 184.799591064453125 200.2249908447265625 236.3093719482421875 34.21652984619140625 33.056179046630859375 37.977108001708984375 18.635400772094726562 1.336066126823425293 9.7342081069946289062 59.25591278076171875 80.9786529541015625 198.733062744140625 197.6841583251953125 166.8485107421875 169.43853759765625 194.4436187744140625 213.8956756591796875 188.2352447509765625 169.9504241943359375 186.3397064208984375 211.93048095703125
0 121.78510284423828125 128.8144073486328125 136.9477386474609375 133.518096923828125 132.652679443359375 140.5144195556640625 140.605712890625 127.26605987548828125 112.98846435546875 131.02020263671875 153.145111083984375 152.579376220703125 144.2293701171875 130.34637451171875 180.369171142578125 156.2500762939453125 120.89572906494140625 127.87476348876953125 149.79632568359375 171.55194091796875 222.473785400390625 239.0355987548828125 218.6588592529296875 178.3632965087890625 143.1291656494140625 156.193634033203125 148.4424896240234375 148.6753082275390625 161.815948486328125 132.2472076416015625 119.29931640625 182.898223876953125 199.0930938720703125 182.3527679443359375 171.20916748046875 206.877593994140625 213.0024566650390625 175.532501220703125 176.1856689453125 205.22344970703125 206.7825469970703125
0 128.4428558349609375 134.999786376953125 146.550750732421875 146.3096923828125 136.9477386474609375 133.8980255126953125 137.60223388671875 138.0524749755859375 129.6947021484375 120.857513427734375 134.9996795654296875 162.349273681640625 158.1981048583984375 146.30963134765625 139.134185791015625 134.3964691162109375 120.5403289794921875 124.927215576171875 156.6656646728515625 197.904266357421875 253.0240936279296875 254.744293212890625 203.1984100341796875 175.81536865234375 121.7147216796875 128.4177398681640625 132.993316650390625 138.152587890625 157.010894775390625 151.937530517578125 138.179534912109375 188.5305633544921875 184.6854248046875 192.0419921875 194.7881011962890625 215.9412841796875 187.2056427001953125 162.2839813232421875 181.8008575439453125 201.928955078125 210.592742919921875
0 122.1029510498046875 130.1114044189453125 142.561187744140625 140.6090087890625 131.0086212158203125 125.8769378662109375 126.31941986083984375 129.4273834228515625 129.907562255859375 113.29933929443359375 112.087127685546875 141.410369873046875 161.0414276123046875 158.27880859375 149.7079010009765625 131.347320556640625 129.70452880859375 140.806365966796875 166.826812744140625 240.52386474609375 263.2330322265625 262.348358154296875 224.9994659423828125 147.9952545166015625 114.50249481201171875 118.44263458251953125 113.6903839111328125 102.37530517578125 108.43463134765625 138.48895263671875 171.33917236328125 183.6912078857421875 170.61798095703125 188.8798980712890625 199.1329803466796875 213.3102264404296875 174.8052978515625 147.011199951171875 185.194183349609375 202.3348236083984375 218.71270751953125
0 119.54510498046875 120.8538055419921875 133.1521453857421875 132.613922119140625 125.3943023681640625 128.1397705078125 126.05019378662109375 127.212493896484375 137.6319427490234375 120.43932342529296875 103.9501800537109375 118.20139312744140625 152.4635772705078125 165.210968017578125 155.5557403564453125 127.8745269775390625 127.40500640869140625 198.4354248046875 318.90008544921875 326.448822021484375 309.225189208984375 303.3104248046875 171.8697967529296875 143.259124755859375 122.96459197998046875 122.06429290771484375 120.0829010009765625 100.9139251708984375 97.91733551025390625 119.96192169189453125 175.8148651123046875 181.636505126953125 176.398162841796875 193.4373779296875 202.9121246337890625 204.7490692138671875 181.3319549560546875 162.349273681640625 191.820953369140625 234.16156005859375 252.2344512939453125
0 115.1676177978515625 111.984954833984375 128.463043212890625 133.2816162109375 121.44251251220703125 128.5060272216796875 124.78566741943359375 121.21797943115234375 137.020965576171875 143.426544189453125 117.59035491943359375 114.5435028076171875 137.9813232421875 161.8214569091796875 151.821014404296875 124.927215576171875 98.49791717529296875 300.9632568359375 302.798858642578125 313.339263916015625 310.76318359375 44.999897003173828125 130.169158935546875 141.26318359375 129.643829345703125 120.24541473388671875 121.3811492919921875 108.35076141357421875 105.78045654296875 120.011993408203125 197.525604248046875 140.1952667236328125 157.2485809326171875 219.956573486328125 195.6413726806640625 179.028900146484375 182.6538848876953125 189.5357513427734375 207.3865814208984375 261.192474365234375 292.194549560546875
0 113.586883544921875 111.7473602294921875 126.7238616943359375 134.4327239990234375 116.82776641845703125 120.6995849609375 121.39023590087890625 117.44637298583984375 126.68962860107421875 141.5363311767578125 130.2359466552734375 116.56473541259765625 127.81136322021484375 148.55340576171875 150.944854736328125 116.56551361083984375 48.5756683349609375 272.60198974609375 251.2104339599609375 223.91790771484375 191.3095703125 161.8399810791015625 133.576446533203125 132.8250274658203125 134.791290283203125 132.9542694091796875 143.79022216796875 130.4693145751953125 123.689788818359375 154.2194671630859375 200.695037841796875 159.1928558349609375 157.873504638671875 220.4850921630859375 180.61553955078125 159.9736785888671875 190.20330810546875 214.17608642578125 215.5371246337890625 253.9087066650390625 261.869354248046875
0 131.869293212890625 119.05425262451171875 122.0816650390625 130.33270263671875 118.11296844482421875 115.84423065185546875 119.21903228759765625 115.30108642578125 106.88655853271484375 113.4157257080078125 124.8946380615234375 116.2583160400390625 115.709716796875 132.0129852294921875 174.17266845703125 193.134246826171875 141.981353759765625 174.2250518798828125 201.665191650390625 180.266021728515625 169.5769195556640625 169.4638519287109375 154.3250885009765625 143.081390380859375 141.85400390625 145.372039794921875 155.191131591796875 146.3096160888671875 139.7445526123046875 183.503265380859375 184.6981964111328125 172.568023681640625 179.370086669921875 212.380035400390625 177.5631103515625 155.3528594970703125 207.8232879638671875 228.6328582763671875 254.511383056640625 264.907257080078125 244.334259033203125
0 134.9996795654296875 124.57372283935546875 121.8831329345703125 122.734649658203125 116.7668914794921875 103.5701751708984375 97.8687896728515625 100.58124542236328125 90.59056854248046875 81.98282623291015625 85.53891754150390625 88.646484375 84.451263427734375 97.86377716064453125 162.1074371337890625 190.5607452392578125 168.110992431640625 160.2272491455078125 175.7631988525390625 165.96337890625 160.5179290771484375 162.801025390625 157.388336181640625 151.6539459228515625 135.9947357177734375 135.3077239990234375 147.55224609375 141.3083038330078125 148.4481964111328125 188.1295013427734375 192.5280303955078125 209.577056884765625 182.7259368896484375 194.0355377197265625 181.218719482421875 166.67529296875 223.9187164306640625 264.805450439453125 289.707794189453125 291.467254638671875 293.197906494140625
0 126.55249786376953125 122.6918182373046875 125.02793121337890625 117.22870635986328125 114.7019500732421875 114.17877960205078125 105.81916046142578125 106.38948822021484375 103.20073699951171875 89.99961090087890625 69.14516448974609375 41.531597137451171875 47.29055023193359375 70.48636627197265625 106.13707733154296875 181.193206787109375 178.6916961669921875 157.520111083984375 161.6833648681640625 159.589813232421875 157.0313262939453125 155.0856475830078125 149.9554901123046875 151.1388397216796875 129.915435791015625 112.81560516357421875 112.344482421875 119.44528961181640625 159.2277679443359375 181.807769775390625 244.5359039306640625 294.77459716796875 96.1463623046875 166.3282470703125 195.7511444091796875 213.3106231689453125 288.0931396484375 299.520477294921875 304.65045166015625 282.93206787109375 209.47564697265625
0 126.25370025634765625 130.985626220703125 134.3632049560546875 131.906158447265625 116.8007965087890625 117.64575958251953125 118.10123443603515625 120.01818084716796875 128.0653228759765625 120.5294189453125 59.03624725341796875 33.996387481689453125 57.324665069580078125 74.25675201416015625 84.1478424072265625 133.994781494140625 177.797149658203125 151.1597442626953125 147.294891357421875 155.8828277587890625 157.4511566162109375 153.288848876953125 145.482147216796875 143.5042266845703125 138.2241668701171875 128.8478546142578125 121.3727264404296875 128.7129364013671875 157.4568023681640625 196.031524658203125 242.417572021484375 220.7941741943359375 124.1857452392578125 155.725677490234375 276.7882080078125 316.974090576171875 311.321014404296875 306.9635009765625 326.919677734375 179.9995880126953125 166.32830810546875
0 118.86672210693359375 127.71042633056640625 126.57225799560546875 139.634979248046875 132.929473876953125 120.96329498291015625 73.80982208251953125 65.25615692138671875 92.64239501953125 123.690338134765625 23.197782516479492188 95.01285552978515625 101.7002716064453125 96.74143218994140625 91.7769012451171875 104.3970489501953125 164.614715576171875 141.7302398681640625 129.13006591796875 140.0792694091796875 145.9224090576171875 146.9056549072265625 142.124755859375 120.86925506591796875 120.31452178955078125 130.8551177978515625 130.3008880615234375 133.0413970947265625 162.800872802734375 220.8401336669921875 227.48931884765625 198.1884307861328125 162.011688232421875 317.7254638671875 315.75299072265625 327.432403564453125 308.7958984375 265.38311767578125 184.635162353515625 135.5668487548828125 149.035888671875
0 104.03588104248046875 93.288482666015625 97.05704498291015625 116.56446075439453125 137.5163726806640625 137.97320556640625 212.470794677734375 105.67926788330078125 87.7392425537109375 324.865264892578125 103.5702667236328125 131.7477874755859375 119.37229156494140625 106.71749114990234375 93.17955780029296875 88.3345794677734375 123.32592010498046875 140.1607666015625 121.75914764404296875 122.03520965576171875 128.7028961181640625 140.2334747314453125 151.38934326171875 125.27204132080078125 120.626678466796875 128.8295135498046875 131.3668212890625 132.0384979248046875 317.12158203125 316.5477294921875 326.02252197265625 335.193572998046875 335.094635009765625 326.99627685546875 319.762908935546875 323.84100341796875 221.98602294921875 209.232513427734375 172.3206939697265625 152.7442169189453125 152.32373046875
0 115.6157379150390625 83.66034698486328125 74.8359375 63.23980712890625 52.67905426025390625 46.87746429443359375 18.437091827392578125 113.19802093505859375 98.1294708251953125 329.037078857421875 104.4815521240234375 130.288238525390625 145.19775390625 125.217254638671875 114.9775543212890625 113.620758056640625 121.98110198974609375 131.22174072265625 109.746856689453125 104.10528564453125 112.9808349609375 129.3402099609375 146.415679931640625 132.61383056640625 120.16277313232421875 117.8314971923828125 124.5481414794921875 189.90411376953125 282.669189453125 317.792236328125 336.0059814453125 337.65106201171875 331.9654541015625 317.044586181640625 290.6949462890625 145.618896484375 144.4617767333984375 170.6276092529296875 160.5597686767578125 153.9699554443359375 160.266876220703125
0 91.975860595703125 63.435527801513671875 50.117328643798828125 21.271764755249023438 36.069263458251953125 39.439899444580078125 46.6368255615234375 83.38649749755859375 113.0087127685546875 153.0472259521484375 132.3852996826171875 130.510498046875 144.3016357421875 146.8594512939453125 140.083160400390625 130.7805938720703125 118.456756591796875 100.30463409423828125 106.6606292724609375 102.038909912109375 102.26453399658203125 112.796173095703125 126.2924041748046875 129.289154052734375 117.72806549072265625 113.55204010009765625 119.56002044677734375 201.57073974609375 248.5861968994140625 256.49127197265625 265.134765625 240.52386474609375 217.7462615966796875 212.69195556640625 185.4769439697265625 161.938934326171875 144.001434326171875 158.0778045654296875 160.7221527099609375 154.7024078369140625 168.0428924560546875
0 19.34088134765625 42.70880126953125 52.593723297119140625 34.215717315673828125 76.0786590576171875 85.2664642333984375 120.04630279541015625 142.2748260498046875 163.902069091796875 154.7009429931640625 142.81890869140625 142.26519775390625 134.999603271484375 135.6362457275390625 137.202392578125 108.4346923828125 56.724590301513671875 91.97451019287109375 115.462890625 113.645172119140625 103.07883453369140625 106.7312774658203125 114.12522125244140625 124.742950439453125 122.57367706298828125 119.91344451904296875 112.2293853759765625 220.5998077392578125 251.5644073486328125 238.6707916259765625 204.9774322509765625 180.2765350341796875 191.914794921875 202.285186767578125 181.152984619140625 160.5036163330078125 149.762237548828125 154.0377197265625 156.94830322265625 159.33087158203125 183.2567901611328125
0 56.6220703125 89.58766937255859375 128.224334716796875 160.8206024169921875 158.451904296875 132.31591796875 124.59197235107421875 138.1905670166015625 164.3819732666015625 158.10870361328125 142.5610809326171875 138.83203125 128.0884552001953125 107.27569580078125 104.03600311279296875 150.3765716552734375 129.427947998046875 91.10172271728515625 92.16112518310546875 100.0880889892578125 99.4123077392578125 101.66843414306640625 100.46514129638671875 100.84027099609375 107.9957275390625 108.1215362548828125 86.081329345703125 323.131103515625 257.420806884765625 222.4659576416015625 183.0122833251953125 177.5938262939453125 190.1160888671875 202.3105926513671875 191.2078704833984375 156.23028564453125 148.880706787109375 160.3292999267578125 163.8476409912109375 171.8695831298828125 195.8756866455078125
0 111.665771484375 133.0799560546875 137.3251800537109375 153.5290069580078125 171.7400665283203125 137.5382232666015625 113.277069091796875 109.9990692138671875 129.289215087890625 146.9147796630859375 123.4395751953125 83.736297607421875 82.1165618896484375 97.4032440185546875 112.41996002197265625 149.3996124267578125 166.78668212890625 116.1137237548828125 97.989288330078125 105.046417236328125 106.7623443603515625 97.35195159912109375 99.3345184326171875 104.03594207763671875 108.2287139892578125 122.00563812255859375 129.88262939453125 178.0247344970703125 213.078857421875 188.971954345703125 170.5870208740234375 187.0830841064453125 189.279449462890625 198.434356689453125 197.8498992919921875 158.79693603515625 147.3660430908203125 165.28179931640625 180.643218994140625 193.061004638671875 197.7443389892578125
0 122.67324066162109375 135.9235687255859375 129.8598785400390625 140.4920654296875 163.8749237060546875 145.7711181640625 125.9382476806640625 114.01035308837890625 96.24791717529296875 53.652324676513671875 13.172559738159179688 39.602207183837890625 66.32424163818359375 84.3117218017578125 103.482696533203125 127.87451934814453125 152.463287353515625 142.895233154296875 123.82573699951171875 115.55973052978515625 123.6899566650390625 109.58052825927734375 102.74504852294921875 104.03594207763671875 99.57393646240234375 119.5777435302734375 137.9813079833984375 179.99981689453125 224.1567840576171875 162.8968353271484375 180.9711761474609375 284.930419921875 88.87711334228515625 160.64068603515625 194.3695526123046875 163.278839111328125 149.03594970703125 172.4499969482421875 222.3364105224609375 226.2446441650390625 178.667327880859375
