wildfire/work/fuelmodels/1990/aspect.asc
ncols        225
nrows        237
xllcorner    189355.000000000000
yllcorner    458900.000000000000
cellsize     5.000000000000
NODATA_value   -999
[rows 19 to 37 of 237, columns 126 to 167 of 225]
95.406982421875 87.90274810791015625 87.27497100830078125 251.564453125 290.7716064453125 61.904880523681640625 67.93890380859375 67.94443511962890625 72.14968109130859375 88.34755706787109375 94.7867431640625 95.52722930908203125 99.8188323974609375 86.9867706298828125 15.523824691772460938 351.86834716796875 45.001880645751953125 112.89034271240234375 102.804168701171875 104.93131256103515625 137.9608612060546875 157.619415283203125 167.7346343994140625 182.5788726806640625 177.4206695556640625 176.0541229248046875 203.3245086669921875 231.8419189453125 245.4320220947265625 248.06976318359375 229.9932098388671875 182.3857269287109375 165.3427886962890625 183.7512054443359375 224.287750244140625 235.224029541015625 234.039031982421875 103.587860107421875 121.02234649658203125 176.29901123046875 226.355224609375 232.780548095703125
149.9583587646484375 89.4210205078125 73.00821685791015625 239.6208953857421875 228.5758819580078125 109.79874420166015625 77.62895965576171875 66.18340301513671875 64.67897796630859375 71.6834869384765625 82.17401123046875 83.8199462890625 70.4270477294921875 18.996944427490234375 1.5908669233322143555 22.619909286499023438 75.69989776611328125 102.72400665283203125 104.886077880859375 103.9122772216796875 117.0504302978515625 136.7899627685546875 156.8007965087890625 188.129730224609375 184.76361083984375 174.6095733642578125 229.3978729248046875 247.7141571044921875 252.456512451171875 239.743255615234375 202.027008056640625 171.1291351318359375 157.425323486328125 172.87451171875 214.8241119384765625 234.9771881103515625 236.412017822265625 119.054412841796875 117.99845123291015625 198.0337371826171875 233.0265960693359375 238.955963134765625
215.4592437744140625 101.3095855712890625 102.46468353271484375 271.63629150390625 301.429656982421875 54.46197509765625 77.8067626953125 84.4620819091796875 82.70111846923828125 71.56475830078125 65.97320556640625 67.045623779296875 43.29006195068359375 2.0701904296875 13.670989036560058594 34.99237823486328125 47.77034759521484375 60.03774261474609375 86.18572235107421875 106.6606292724609375 119.51103973388671875 131.583343505859375 143.9723052978515625 194.2371063232421875 202.7508392333984375 227.0445709228515625 265.42620849609375 239.656707763671875 232.008941650390625 207.645538330078125 177.5886077880859375 172.4048919677734375 165.28753662109375 168.2314605712890625 205.7689208984375 235.21905517578125 239.996734619140625 118.810791015625 60.376140594482421875 15.724773406982421875 247.49591064453125 241.6652374267578125
251.9515380859375 88.512176513671875 35.909671783447265625 356.53082275390625 267.2724609375 103.570098876953125 95.4967498779296875 103.22434234619140625 103.39217376708984375 83.09613037109375 63.53076171875 52.749904632568359375 28.191240310668945312 6.8431024551391601562 14.322802543640136719 21.705585479736328125 36.96429443359375 65.8283538818359375 90.35137176513671875 106.493316650390625 127.30358123779296875 149.03582763671875 161.0754241943359375 217.647674560546875 253.1777496337890625 270.93841552734375 246.80120849609375 199.721588134765625 219.698333740234375 195.1905517578125 167.6801300048828125 172.1354522705078125 182.9733734130859375 180.5561676025390625 193.9022064208984375 229.4550018310546875 238.528656005859375 237.69024658203125 69.4438629150390625 66.170501708984375 270.67303466796875 257.650115966796875
235.3040008544921875 156.6147308349609375 57.09270477294921875 69.676788330078125 123.11203765869140625 154.983062744140625 100.3990325927734375 90.2891693115234375 78.689849853515625 66.71753692626953125 58.8405914306640625 46.70459747314453125 34.0987091064453125 19.026025772094726562 9.5543918609619140625 20.432567596435546875 56.069793701171875 87.0487213134765625 104.64148712158203125 114.44370269775390625 124.16973114013671875 149.24932861328125 183.27044677734375 221.697784423828125 250.143890380859375 254.0540618896484375 203.7491302490234375 236.307708740234375 262.234588623046875 174.40069580078125 148.850830078125 164.1969146728515625 197.5003204345703125 203.3436279296875 185.3316497802734375 219.535430908203125 232.626190185546875 236.7825164794921875 238.0382080078125 54.806011199951171875 17.916492462158203125 258.055023193359375
216.544403076171875 186.73028564453125 183.4060821533203125 162.5523529052734375 171.8694915771484375 214.696044921875 71.56488037109375 73.09751129150390625 65.80108642578125 50.2676239013671875 47.059970855712890625 51.613346099853515625 50.890560150146484375 36.87017822265625 28.739780426025390625 74.29137420654296875 100.8986663818359375 107.9042816162109375 114.376190185546875 116.68328857421875 117.18097686767578125 133.6974639892578125 183.365875244140625 222.0386962890625 236.5916290283203125 229.31561279296875 229.5726165771484375 283.171600341796875 314.988311767578125 129.8057708740234375 139.39862060546875 152.7000579833984375 198.9239044189453125 213.5300445556640625 193.8604583740234375 208.0333404541015625 230.0790557861328125 242.9555511474609375 250.2958831787109375 29.395975112915039062 53.9338531494140625 118.00867462158203125
217.7508544921875 194.27490234375 185.96405029296875 174.155120849609375 187.8687286376953125 221.05419921875 92.009185791015625 75.036224365234375 62.961299896240234375 41.987125396728515625 40.143402099609375 48.406414031982421875 50.670230865478515625 59.0360565185546875 98.58296966552734375 129.559234619140625 122.1247406005859375 108.196502685546875 110.387176513671875 115.559478759765625 106.82128143310546875 112.38043212890625 158.7489166259765625 210.141357421875 226.31640625 217.8740386962890625 216.2531585693359375 216.11895751953125 161.9517364501953125 138.052642822265625 141.339752197265625 139.634918212890625 183.1215667724609375 212.5738983154296875 203.3847808837890625 211.7586517333984375 241.0317230224609375 241.965606689453125 242.340576171875 229.935546875 96.136932373046875 70.3874969482421875
231.798736572265625 216.9291534423828125 204.734039306640625 178.994659423828125 213.023345947265625 229.027679443359375 156.29693603515625 82.33292388916015625 57.831615447998046875 37.769748687744140625 42.074932098388671875 59.19448089599609375 72.38326263427734375 93.163787841796875 113.33866119384765625 131.8584136962890625 139.9692535400390625 115.3047332763671875 99.65484619140625 104.15332794189453125 111.50140380859375 102.1717376708984375 119.7444915771484375 186.1156158447265625 221.98663330078125 219.358795166015625 210.618560791015625 194.0358428955078125 171.7321319580078125 153.97027587890625 158.06976318359375 158.748504638671875 181.0803375244140625 226.3642120361328125 224.9994659423828125 243.852203369140625 266.0543212890625 252.4886322021484375 258.65545654296875 260.250762939453125 71.30089569091796875 355.376922607421875
264.48211669921875 268.19793701171875 241.857940673828125 222.797271728515625 278.745758056640625 306.253265380859375 36.46944427490234375 71.8780364990234375 63.152606964111328125 45.93146514892578125 39.516193389892578125 56.768100738525390625 75.921905517578125 92.66292572021484375 101.65926361083984375 113.19847869873046875 134.9996795654296875 136.11578369140625 112.03619384765625 101.6336517333984375 126.15746307373046875 126.02681732177734375 116.17508697509765625 151.8578948974609375 216.46868896484375 219.0680999755859375 200.1195220947265625 189.7125396728515625 180.5345306396484375 162.165069580078125 165.3984832763671875 185.1936492919921875 228.1793975830078125 267.708709716796875 256.42816162109375 265.363800048828125 277.673736572265625 286.577911376953125 260.518798828125 253.4777069091796875 326.688446044921875 359.1566162109375
265.235748291015625 244.9034271240234375 217.0307769775390625 233.745819091796875 253.3678131103515625 263.2099609375 98.42658233642578125 89.99979400634765625 79.47226715087890625 79.6950531005859375 64.3347320556640625 60.422107696533203125 65.1177215576171875 66.63436126708984375 80.89519500732421875 89.7929840087890625 93.3994598388671875 108.1886444091796875 122.47060394287109375 116.02913665771484375 131.185272216796875 134.99908447265625 116.56525421142578125 125.27257537841796875 213.9954376220703125 224.0282440185546875 191.023284912109375 199.2894287109375 187.649658203125 141.8814239501953125 172.1847381591796875 252.254638671875 269.999359130859375 255.649993896484375 206.5645751953125 262.94189453125 279.56622314453125 293.008270263671875 257.470550537109375 241.5528717041015625 238.4691619873046875 259.991302490234375
242.4022216796875 225.711334228515625 230.8690643310546875 236.3089141845703125 242.524810791015625 229.969635009765625 144.30950927734375 125.90929412841796875 100.88552093505859375 102.6085357666015625 131.0272369384765625 118.42540740966796875 86.21075439453125 79.78707122802734375 78.18558502197265625 71.69124603271484375 69.61060333251953125 79.36261749267578125 98.129913330078125 112.65912628173828125 128.2108001708984375 139.76251220703125 125.53719329833984375 112.2492828369140625 201.036590576171875 219.6848297119140625 183.8140869140625 209.8454132080078125 208.855133056640625 122.00493621826171875 280.783935546875 304.142852783203125 322.252410888671875 327.994049072265625 343.6092529296875 274.685546875 271.7177734375 273.90777587890625 279.957244873046875 257.660308837890625 252.083038330078125 260.118133544921875
235.7432098388671875 232.5489349365234375 240.286865234375 235.5729217529296875 248.197998046875 230.43988037109375 140.3142852783203125 139.398162841796875 107.28099822998046875 94.5044708251953125 105.42182159423828125 125.93309783935546875 111.92395782470703125 95.0676727294921875 77.17093658447265625 68.90484619140625 74.19731903076171875 78.023651123046875 77.27552032470703125 82.81563568115234375 111.5014495849609375 140.946441650390625 153.0593109130859375 148.6710205078125 173.6598052978515625 195.801971435546875 182.6423492431640625 209.357330322265625 218.289947509765625 144.782745361328125 262.072357177734375 271.49365234375 290.55499267578125 324.461181640625 13.392560005187988281 267.708282470703125 259.398040771484375 253.871856689453125 260.769683837890625 266.1854248046875 268.62286376953125 272.28997802734375
250.6403961181640625 251.088287353515625 254.19683837890625 246.124114990234375 232.3516693115234375 204.3038787841796875 152.1023406982421875 154.88470458984375 121.67507171630859375 85.887542724609375 92.75896453857421875 109.98300933837890625 100.278656005859375 79.93532562255859375 74.56395721435546875 77.0352630615234375 78.84238433837890625 78.50701141357421875 77.53472900390625 78.5457305908203125 92.12073516845703125 121.75926971435546875 147.803192138671875 169.507843017578125 181.3975830078125 176.8196563720703125 175.2357940673828125 205.8209228515625 220.23626708984375 224.9994659423828125 279.161376953125 268.22772216796875 214.0459136962890625 231.709442138671875 306.870513916015625 267.878631591796875 249.2740631103515625 248.919189453125 257.564056396484375 263.354156494140625 266.482818603515625 263.361175537109375
260.334442138671875 259.00311279296875 257.904541015625 263.402587890625 253.73968505859375 198.434173583984375 142.00091552734375 154.3587493896484375 187.9568634033203125 102.994903564453125 91.07083892822265625 91.48796844482421875 72.64603424072265625 65.26558685302734375 71.93531036376953125 78.329010009765625 81.31339263916015625 83.7545318603515625 89.99979400634765625 92.17458343505859375 90.43050384521484375 93.7150115966796875 105.94493865966796875 144.461151123046875 190.4913177490234375 178.8306427001953125 166.6068878173828125 204.44384765625 232.523223876953125 265.3323974609375 289.057159423828125 297.8968505859375 263.660247802734375 259.113616943359375 265.3641357421875 259.9931640625 251.90557861328125 254.2906036376953125 252.7758331298828125 252.0499267578125 260.8299560546875 256.986236572265625
239.58465576171875 235.4542388916015625 239.9892578125 232.8656005859375 208.5702972412109375 199.591400146484375 126.51059722900390625 134.9996795654296875 212.734588623046875 139.159423828125 97.8353729248046875 86.98712921142578125 76.60726165771484375 85.6522979736328125 80.90956878662109375 74.7755279541015625 75.38675689697265625 80.12577056884765625 84.58277130126953125 92.1209259033203125 95.27381134033203125 100.30458831787109375 118.85533905029296875 122.6608123779296875 179.9995880126953125 185.71026611328125 172.3031463623046875 190.7839508056640625 232.124359130859375 284.420135498046875 326.228271484375 51.545742034912109375 232.4307098388671875 244.17803955078125 236.3089599609375 271.466796875 278.12890625 263.591827392578125 281.70928955078125 306.235107421875 294.688262939453125 273.835601806640625
238.495025634765625 242.952728271484375 244.080535888671875 226.15301513671875 218.21044921875 222.677764892578125 101.3095550537109375 43.994602203369140625 337.305694580078125 108.88541412353515625 104.682891845703125 115.55971527099609375 127.4383697509765625 124.10107421875 120.068450927734375 87.8612060546875 74.61927032470703125 72.24831390380859375 73.12364959716796875 79.1357269287109375 88.72664642333984375 101.50453948974609375 129.4720458984375 157.4421234130859375 173.65966796875 185.8262786865234375 174.39947509765625 169.018890380859375 206.564849853515625 249.5723419189453125 216.46856689453125 127.87490081787109375 212.9043426513671875 185.43975830078125 227.4892425537109375 263.903717041015625 306.8692626953125 282.72369384765625 285.7003173828125 302.56475830078125 308.373443603515625 229.6192779541015625
246.0768585205078125 251.56451416015625 244.037689208984375 233.5551300048828125 244.311309814453125 249.8631744384765625 0 21.501661300659179688 88.958343505859375 109.26900482177734375 101.30963897705078125 102.63880157470703125 114.274200439453125 103.24019622802734375 78.2542572021484375 66.447540283203125 68.76909637451171875 65.409698486328125 68.133544921875 71.42418670654296875 76.45204925537109375 85.4095611572265625 99.63750457763671875 146.767791748046875 185.9644012451171875 183.813751220703125 168.3654022216796875 160.6406097412109375 193.877349853515625 220.9331207275390625 195.254608154296875 178.209716796875 192.638580322265625 179.7027587890625 216.8146209716796875 250.5445709228515625 298.643646240234375 306.4686279296875 285.865081787109375 272.680755615234375 167.0865325927734375 168.7458648681640625
251.56451416015625 255.055419921875 243.3020782470703125 227.4673614501953125 238.9451141357421875 243.288726806640625 191.003143310546875 162.473785400390625 148.150604248046875 132.6859283447265625 114.05702972412109375 98.72308349609375 97.4954071044921875 104.84500885009765625 134.99951171875 143.53057861328125 96.6322021484375 58.43096923828125 71.3869781494140625 76.8187408447265625 80.88864898681640625 90.36965179443359375 95.3557281494140625 109.91646575927734375 195.9456939697265625 179.999114990234375 151.0902252197265625 165.113616943359375 199.5360107421875 215.217193603515625 208.1233673095703125 206.5647735595703125 182.6421356201171875 181.205657958984375 222.6135406494140625 255.41888427734375 289.42962646484375 315.468902587890625 293.724365234375 203.419525146484375 153.264190673828125 172.4381561279296875
252.7178497314453125 252.3981781005859375 244.4147491455078125 226.8670654296875 235.57305908203125 230.000213623046875 185.4202117919921875 152.8780670166015625 150.5235748291015625 148.828033447265625 115.01618194580078125 98.53052520751953125 111.62574005126953125 118.76364898681640625 133.7702789306640625 162.7182769775390625 206.97467041015625 31.809495925903320312 60.59264373779296875 70.60565185546875 88.38941192626953125 96.61774444580078125 107.13275909423828125 121.675140380859375 177.87884521484375 187.9262237548828125 140.9059295654296875 166.1848907470703125 199.9158782958984375 182.2024383544921875 191.3093719482421875 198.6617279052734375 183.66741943359375 191.6332550048828125 230.5524139404296875 262.8321533203125 280.706634521484375 301.13372802734375 196.3891754150390625 147.6240692138671875 164.74444580078125 247.448486328125
