wildfire/work/fuelmodels/1990/aspect.asc
ncols        225
nrows        237
xllcorner    189355.000000000000
yllcorner    458900.000000000000
cellsize     5.000000000000
NODATA_value   -999
[rows 171 to 189 of 237, columns 84 to 125 of 225]
236.6336517333984375 261.068756103515625 269.58709716796875 35.1329498291015625 79.0766448974609375 98.90149688720703125 113.87532806396484375 205.9061431884765625 155.8549652099609375 131.81976318359375 198.434478759765625 214.69439697265625 173.0111846923828125 125.83773040771484375 95.6670684814453125 88.090606689453125 284.035797119140625 128.990509033203125 191.308929443359375 269.997528076171875 71.56488037109375 309.28759765625 320.7099609375 347.734588623046875 6.8417229652404785156 302.470245361328125 239.0358123779296875 175.029205322265625 129.2884063720703125 169.2863922119140625 204.443634033203125 182.7259368896484375 236.975311279296875 224.9981842041015625 157.24822998046875 207.4736175537109375 213.0227203369140625 268.151397705078125 305.07257080078125 320.946533203125 289.627655029296875 44.999897003173828125
227.8625030517578125 249.2534332275390625 253.0173797607421875 190.4924163818359375 90.80687713623046875 84.55965423583984375 76.37284088134765625 320.708770751953125 99.46297454833984375 105.4219512939453125 189.46148681640625 192.8026123046875 176.9867401123046875 126.870208740234375 97.9971160888671875 56.888641357421875 359.99822998046875 52.764690399169921875 324.782196044921875 343.30029296875 1.3969438076019287109 338.960784912109375 331.697784423828125 353.660064697265625 346.605865478515625 32.47034454345703125 179.9985809326171875 192.5279083251953125 122.73509979248046875 130.7101898193359375 178.0688323974609375 185.388763427734375 189.957733154296875 180.3307037353515625 178.9578704833984375 193.3132171630859375 234.8055419921875 289.09295654296875 324.573394775390625 335.224395751953125 290.431793212890625 142.2886810302734375
224.9994659423828125 255.1236572265625 249.7388153076171875 200.7253875732421875 139.7630615234375 93.62119293212890625 85.76288604736328125 18.43344879150390625 69.44244384765625 97.37359619140625 167.274688720703125 190.174591064453125 162.5967559814453125 163.368896484375 107.9492340087890625 356.98687744140625 19.798086166381835938 21.501661300659179688 326.30859375 206.5667572021484375 179.996856689453125 237.0934600830078125 307.091064453125 343.07171630859375 25.942338943481445312 102.99486541748046875 166.2179718017578125 171.1927490234375 163.392791748046875 151.3263092041015625 168.3400421142578125 187.744384765625 175.4618682861328125 175.9458465576171875 193.7992095947265625 216.544677734375 270.534942626953125 296.29412841796875 326.767822265625 299.0543212890625 26.56452178955078125 68.77222442626953125
224.9994659423828125 270.724456787109375 285.254364013671875 110.55712890625 161.56451416015625 143.0424041748046875 156.80108642578125 204.8287506103515625 151.9279937744140625 109.94244384765625 172.8745269775390625 173.41796875 143.2757568359375 184.39794921875 149.929534912109375 307.8729248046875 332.240447998046875 28.009218215942382812 105.80218505859375 197.65008544921875 184.760650634765625 227.60162353515625 274.31524658203125 306.415435791015625 92.09006500244140625 124.29845428466796875 186.95257568359375 163.81060791015625 146.8883209228515625 149.6561279296875 163.6099853515625 207.758758544921875 185.194183349609375 315.001434326171875 306.027130126953125 298.008697509765625 285.190277099609375 298.22283935546875 13.109551429748535156 306.31317138671875 22.750827789306640625 69.8873443603515625
153.4302215576171875 267.214202880859375 250.9418182373046875 135.5113525390625 162.64556884765625 156.7001495361328125 163.97930908203125 212.549102783203125 171.55224609375 127.7247467041015625 175.7314300537109375 167.4709014892578125 151.3143463134765625 195.750823974609375 197.5914459228515625 244.09381103515625 291.36981201171875 41.268207550048828125 70.61487579345703125 313.40838623046875 353.04736328125 78.68932342529296875 222.9784698486328125 196.9271392822265625 132.478729248046875 121.625274658203125 193.3920135498046875 180.5905914306640625 140.3892822265625 210.954254150390625 344.05340576171875 359.99853515625 312.3961181640625 314.998687744140625 314.044219970703125 303.565582275390625 278.832794189453125 277.000701904296875 21.038663864135742188 299.475341796875 51.84151458740234375 78.07024383544921875
149.035888671875 239.4521331787109375 194.3489227294921875 144.9634246826171875 164.427032470703125 167.4707183837890625 183.121185302734375 212.4703369140625 171.6341094970703125 115.01647186279296875 66.80100250244140625 102.52741241455078125 319.397186279296875 354.471099853515625 37.56878662109375 219.8045806884765625 219.80511474609375 167.3197784423828125 90.881378173828125 319.86395263671875 353.4178466796875 12.319345474243164062 31.550762176513671875 156.370330810546875 129.55926513671875 96.842681884765625 158.49871826171875 190.00775146484375 189.6882171630859375 293.384429931640625 342.094482421875 20.771593093872070312 334.746490478515625 316.46783447265625 297.09466552734375 298.236785888671875 273.065826416015625 250.8928375244140625 202.93084716796875 251.5648651123046875 100.3032073974609375 82.40502166748046875
175.1006622314453125 205.8210601806640625 181.1930999755859375 146.308990478515625 25.559703826904296875 51.709789276123046875 267.2734375 273.01397705078125 59.028392791748046875 351.867340087890625 62.650714874267578125 65.2243804931640625 273.12176513671875 305.53619384765625 75.17392730712890625 133.3634033203125 200.3438873291015625 190.840301513671875 192.4251556396484375 258.339874267578125 315.000091552734375 340.11346435546875 69.6767730712890625 100.37583160400390625 146.82110595703125 131.3082427978515625 141.7102813720703125 195.642303466796875 272.563018798828125 297.59661865234375 0.8300151824951171875 44.999286651611328125 316.97540283203125 323.745635986328125 283.901885986328125 285.678985595703125 273.093505859375 253.3000946044921875 223.7543182373046875 245.4490814208984375 288.432403564453125 59.931674957275390625
329.038055419921875 332.10064697265625 18.4342803955078125 302.66009521484375 353.366729736328125 45.000400543212890625 349.991485595703125 240.2557373046875 167.0052337646484375 179.9982147216796875 128.6593780517578125 108.43430328369140625 210.9634246826171875 215.1805267333984375 118.88576507568359375 101.0406494140625 188.130706787109375 204.7749786376953125 232.274139404296875 265.514892578125 270.000640869140625 164.0541534423828125 120.488555908203125 107.627655029296875 133.3148651123046875 159.962066650390625 165.963470458984375 215.910003662109375 258.206024169921875 265.99755859375 78.68988800048828125 84.97101593017578125 283.66986083984375 310.762725830078125 286.112274169921875 271.575439453125 261.72308349609375 247.5566558837890625 214.795928955078125 235.3043060302734375 251.17462158203125 76.759246826171875
329.036102294921875 293.1971435546875 97.12647247314453125 237.527740478515625 187.764373779296875 134.9996795654296875 153.4354705810546875 188.9739532470703125 196.388671875 161.5632171630859375 115.01566314697265625 97.59389495849609375 0 271.331878662109375 66.80100250244140625 83.78395843505859375 131.98699951171875 191.3096466064453125 221.00848388671875 222.1371307373046875 183.1358489990234375 168.5408782958984375 146.793060302734375 103.17212677001953125 78.46497344970703125 42.39684295654296875 105.2518463134765625 263.990936279296875 261.869537353515625 239.135406494140625 191.1692352294921875 138.012725830078125 290.224212646484375 300.96331787109375 314.999267578125 305.3792724609375 281.092529296875 276.90966796875 224.9994659423828125 233.8799896240234375 220.82904052734375 163.0720977783203125
192.803558349609375 201.2499237060546875 151.6994781494140625 186.709625244140625 177.6131134033203125 170.215789794921875 198.4388580322265625 44.988964080810546875 279.46197509765625 89.99979400634765625 113.1993255615234375 116.56586456298828125 179.9995880126953125 235.489837646484375 208.2992706298828125 94.18451690673828125 107.16149139404296875 190.7126617431640625 208.9671478271484375 193.48272705078125 179.11810302734375 176.02294921875 171.7687835693359375 131.819793701171875 130.4852752685546875 59.03559112548828125 78.68988800048828125 263.41741943359375 279.83270263671875 282.319000244140625 290.658660888671875 320.9464111328125 337.01068115234375 295.08294677734375 292.16583251953125 311.633331298828125 282.010894775390625 280.007232666015625 125.54210662841796875 221.72894287109375 207.14898681640625 175.3995361328125
213.689361572265625 236.309600830078125 161.5734100341796875 68.2003173828125 45.00717926025390625 281.30926513671875 296.5643310546875 30.959825515747070312 296.563812255859375 63.43625640869140625 103.67154693603515625 132.7974700927734375 170.83685302734375 213.689422607421875 180.9711761474609375 117.180816650390625 96.87467193603515625 138.8137969970703125 192.6799163818359375 189.360076904296875 190.4370574951171875 181.0803375244140625 163.2171173095703125 135.5615081787109375 189.0900421142578125 198.4339752197265625 108.4340057373046875 256.865814208984375 265.029510498046875 270.67327880859375 276.16961669921875 286.5565185546875 327.528472900390625 269.9989013671875 245.4487457275390625 236.0030364990234375 239.036285400390625 220.76336669921875 174.560150146484375 208.30096435546875 222.396331787109375 216.253204345703125
251.563720703125 258.688629150390625 215.5359954833984375 126.871795654296875 135.02154541015625 254.744964599609375 188.130096435546875 176.9872894287109375 224.9994659423828125 138.5753326416015625 108.4346923828125 122.1243743896484375 164.74365234375 197.784027099609375 158.35552978515625 125.68996429443359375 102.264739990234375 114.2274322509765625 196.11248779296875 220.76312255859375 186.632354736328125 181.5474700927734375 153.9700469970703125 124.80849456787109375 210.9631500244140625 224.999053955078125 117.89675140380859375 290.897369384765625 273.288848876953125 258.40728759765625 246.9906768798828125 245.1355743408203125 228.6902618408203125 268.024017333984375 278.568267822265625 266.18548583984375 244.65374755859375 241.1434478759765625 200.772247314453125 205.01641845703125 220.7621917724609375 222.397369384765625
227.8614349365234375 239.62066650390625 188.971710205078125 172.8732452392578125 225.002593994140625 251.5688323974609375 125.53560638427734375 210.9658355712890625 266.987060546875 89.99979400634765625 93.36614227294921875 105.2545928955078125 145.6182403564453125 194.036224365234375 151.188812255859375 118.4426727294921875 104.8398284912109375 114.113922119140625 194.9306488037109375 193.523193359375 160.4074249267578125 171.768524169921875 177.473419189453125 140.3143310546875 243.433929443359375 244.22967529296875 260.7523193359375 292.692626953125 286.927093505859375 273.945037841796875 264.03497314453125 261.86920166015625 258.231170654296875 272.12091064453125 272.81549072265625 265.3641357421875 264.470611572265625 248.748291015625 209.476776123046875 208.61004638671875 222.7083892822265625 218.66046142578125
238.39178466796875 222.27362060546875 185.905609130859375 203.1981201171875 229.4007415771484375 210.9632568359375 134.9996795654296875 236.3060150146484375 261.867523193359375 63.434803009033203125 84.09310150146484375 91.39673614501953125 112.01042938232421875 177.3964385986328125 166.4288330078125 144.65936279296875 109.86666107177734375 109.59204864501953125 171.6338348388671875 166.7333831787109375 155.87420654296875 169.9499969482421875 220.5521087646484375 255.378753662109375 105.2541961669921875 241.459625244140625 258.689453125 261.869171142578125 247.0673675537109375 233.529937744140625 241.388671875 250.3005218505859375 256.86541748046875 261.32659912109375 252.255157470703125 242.2404022216796875 234.089080810546875 222.61395263671875 209.054931640625 207.47344970703125 209.74481201171875 222.9552154541015625
271.846710205078125 299.05206298828125 351.867340087890625 281.316009521484375 229.399200439453125 208.2986602783203125 161.5624847412109375 206.5652923583984375 250.199737548828125 198.4432220458984375 88.09058380126953125 82.07285308837890625 81.63405609130859375 117.25492095947265625 151.8577117919921875 145.539154052734375 112.93157196044921875 106.78204345703125 139.926727294921875 143.3438873291015625 138.468292236328125 157.7138824462890625 228.964111328125 243.2624053955078125 23.748502731323242188 318.69140625 267.3365478515625 249.304351806640625 238.6266632080078125 248.197784423828125 255.9630889892578125 259.1854248046875 262.303192138671875 263.65911865234375 257.19482421875 246.800079345703125 234.865509033203125 224.9994659423828125 224.998260498046875 213.6890106201171875 210.96453857421875 234.0899200439453125
258.689239501953125 276.70928955078125 4.3963809013366699219 78.69156646728515625 237.523895263671875 245.5518798828125 44.999897003173828125 300.96563720703125 265.23651123046875 194.038360595703125 96.3405914306640625 82.6475982666015625 75.78414154052734375 83.85321807861328125 108.43396759033203125 110.77162933349609375 100.52753448486328125 110.55551910400390625 132.3965606689453125 131.185150146484375 141.632080078125 141.339996337890625 193.76043701171875 223.9944305419921875 206.877838134765625 195.254669189453125 243.1776885986328125 235.713134765625 252.9786529541015625 272.64178466796875 284.826446533203125 279.92633056640625 270.743865966796875 265.42535400390625 257.00421142578125 253.60992431640625 250.2012939453125 246.800323486328125 257.734771728515625 264.8060302734375 198.437408447265625 208.0714263916015625
227.1210479736328125 227.9358062744140625 183.17950439453125 146.3097991943359375 212.0019378662109375 213.69012451171875 209.74505615234375 206.5645751953125 216.869171142578125 167.274688720703125 125.53836822509765625 111.80213165283203125 105.75121307373046875 107.987152099609375 122.00493621826171875 144.687896728515625 115.529541015625 111.92957305908203125 131.4235076904296875 120.0041656494140625 143.129425048828125 175.8550262451171875 261.87103271484375 237.307373046875 209.981109619140625 223.007354736328125 249.3855438232421875 244.288848876953125 255.962432861328125 265.600341796875 272.173980712890625 279.210601806640625 278.365447998046875 269.999359130859375 269.998809814453125 276.3389892578125 270.000457763671875 256.608795166015625 242.3560943603515625 205.3467864990234375 145.5385894775390625 166.328338623046875
225.0003509521484375 234.78179931640625 189.78106689453125 179.9995880126953125 206.5634765625 189.4632110595703125 205.0166473388671875 192.0938873291015625 178.1522979736328125 157.1653594970703125 140.710113525390625 118.00867462158203125 104.8859405517578125 105.85176849365234375 121.7013092041015625 138.864776611328125 125.18022918701171875 109.8321685791015625 122.09308624267578125 125.39452362060546875 124.76488494873046875 254.603729248046875 307.303070068359375 43.025302886962890625 296.846466064453125 288.434051513671875 282.59918212890625 259.045013427734375 265.235626220703125 266.466888427734375 265.17816162109375 266.46661376953125 258.274200439453125 236.309814453125 236.003143310546875 235.304473876953125 244.2889862060546875 257.4703369140625 209.74505615234375 172.874420166015625 123.48545074462890625 129.2888336181640625
248.19775390625 243.4343719482421875 186.3376312255859375 209.0537109375 209.7432098388671875 167.0059661865234375 220.9130859375 194.74163818359375 160.2014923095703125 148.392242431640625 140.193389892578125 116.02838897705078125 104.3806304931640625 108.78830718994140625 122.1063385009765625 132.63848876953125 133.7933807373046875 130.8146820068359375 130.9144287109375 130.6563568115234375 131.6815338134765625 247.769775390625 216.8695068359375 149.774017333984375 256.2313232421875 269.26495361328125 240.255279541015625 256.476806640625 266.987060546875 269.29217529296875 269.291900634765625 259.90155029296875 242.92724609375 241.5041351318359375 226.97412109375 226.3964385986328125 230.855560302734375 199.4397735595703125 174.5592193603515625 160.2012481689453125 126.67386627197265625 93.9904937744140625
