wildfire/work/fuelmodels/1990/slope.asc
ncols        225
nrows        237
xllcorner    189355.000000000000
yllcorner    458900.000000000000
cellsize     5.000000000000
NODATA_value   -999
[rows 54 to 71 of 237, columns 160 to 199 of 225]
1.4953970909118652344 1.5482753515243530273 2.6208717823028564453 3.2665729522705078125 2.7579479217529296875 2.8953139781951904297 3.5501720905303955078 4.4918808937072753906 4.4521646499633789062 5.3503980636596679688 4.6628351211547851562 4.7880468368530273438 9.321781158447265625 12.624181747436523438 9.2112789154052734375 6.2430253028869628906 4.5494775772094726562 3.1302015781402587891 3.7827229499816894531 4.7750616073608398438 5.8111124038696289062 7.1489152908325195312 7.6225290298461914062 6.7803616523742675781 6.325626373291015625 5.9762091636657714844 6.1540899276733398438 6.496929168701171875 4.2957148551940917969 3.0382542610168457031 2.9022688865661621094 3.813568115234375 4.3563809394836425781 6.1599612236022949219 8.9257335662841796875 9.753131866455078125 9.0747470855712890625 6.7478222846984863281 3.6027197837829589844 2.7740266323089599609
1.2073973417282104492 0.86848652362823486328 1.5946359634399414062 2.9914658069610595703 3.2491977214813232422 1.8008880615234375 1.4800876379013061523 3.5444715023040771484 4.8811750411987304688 4.9639558792114257812 5.6272740364074707031 4.4115009307861328125 5.6255774497985839844 11.663011550903320312 12.316779136657714844 8.6904687881469726562 5.7854061126708984375 3.0242581367492675781 3.4036843776702880859 4.8640990257263183594 5.2826175689697265625 5.2745041847229003906 6.0109658241271972656 5.8017454147338867188 4.6616301536560058594 4.4982752799987792969 5.0799074172973632812 3.8719298839569091797 3.6406500339508056641 6.1829438209533691406 6.2741208076477050781 3.6671969890594482422 1.3080198764801025391 4.7120032310485839844 9.6828737258911132812 10.472311973571777344 10.712168693542480469 9.0058679580688476562 3.7928605079650878906 2.9609029293060302734
1.0226411819458007812 0.97605091333389282227 0.84063470363616943359 2.0776751041412353516 4.1049790382385253906 2.5149128437042236328 1.1707911491394042969 1.894257664680480957 4.198238372802734375 4.495586395263671875 4.6264357566833496094 4.9613986015319824219 4.5070118904113769531 7.5702271461486816406 11.082967758178710938 8.6073369979858398438 6.2102203369140625 4.6171755790710449219 4.8341736793518066406 5.476043701171875 5.9443659782409667969 5.9768776893615722656 6.4120755195617675781 7.0756893157958984375 8.099273681640625 8.055938720703125 6.7411046028137207031 5.6768884658813476562 5.9965367317199707031 5.1695184707641601562 4.3302459716796875 3.7919211387634277344 2.0423133373260498047 3.9108552932739257812 11.443368911743164062 13.431919097900390625 11.0578765869140625 8.0631580352783203125 4.0951476097106933594 4.1916327476501464844
1.5088709592819213867 1.5885820388793945312 1.6498473882675170898 2.1191627979278564453 3.7531003952026367188 4.027252197265625 3.14823150634765625 2.5591681003570556641 3.4401564598083496094 4.3088626861572265625 4.5201015472412109375 4.6728849411010742188 4.3281450271606445312 5.7370767593383789062 10.969198226928710938 10.387612342834472656 6.4393138885498046875 5.6330008506774902344 5.0584163665771484375 4.7936139106750488281 5.3194966316223144531 5.2596673965454101562 6.1690077781677246094 7.4595003128051757812 8.1827487945556640625 7.9123182296752929688 8.0337152481079101562 8.7641916275024414062 8.8709316253662109375 6.6696224212646484375 3.6027216911315917969 3.7873945236206054688 4.2461876869201660156 3.8604259490966796875 12.400297164916992188 16.134080886840820312 12.512084007263183594 8.8723402023315429688 3.8151750564575195312 1.7828090190887451172
1.1582033634185791016 0.75633871555328369141 1.4207780361175537109 1.9842898845672607422 2.6873764991760253906 3.7207911014556884766 4.1132187843322753906 3.4691164493560791016 3.0728244781494140625 3.7611649036407470703 4.2625513076782226562 3.8813002109527587891 4.2332310676574707031 4.9136228561401367188 9.5481653213500976562 12.722812652587890625 8.4563627243041992188 3.3614029884338378906 4.5597505569458007812 5.8988032341003417969 5.8834247589111328125 4.8641104698181152344 4.4098052978515625 5.5484247207641601562 6.0274372100830078125 5.9804096221923828125 6.8992724418640136719 7.1886820793151855469 6.52832794189453125 8.1883764266967773438 7.3755846023559570312 7.1185741424560546875 6.577716827392578125 5.064380645751953125 11.274916648864746094 16.38231658935546875 15.646265029907226562 12.123086929321289062 5.5166425704956054688 1.1285444498062133789
2.7461748123168945312 2.4114530086517333984 1.8455677032470703125 2.2155439853668212891 2.7716627120971679688 2.9451758861541748047 3.3910605907440185547 3.5257482528686523438 3.0682218074798583984 3.4361994266510009766 3.9829981327056884766 4.1259484291076660156 4.6547131538391113281 3.8953456878662109375 5.5687069892883300781 10.428177833557128906 12.045237541198730469 7.5135259628295898438 6.454532623291015625 6.1820611953735351562 6.8889970779418945312 6.6594510078430175781 4.7215342521667480469 6.172534942626953125 6.1317300796508789062 5.0293412208557128906 3.6428713798522949219 1.5433638095855712891 3.2889149188995361328 7.9360866546630859375 9.5391330718994140625 9.6019163131713867188 6.4726443290710449219 4.3318624496459960938 9.6186733245849609375 15.103077888488769531 16.467525482177734375 13.666361808776855469 6.6578516960144042969 2.5960624217987060547
3.9628045558929443359 3.7666623592376708984 2.9506337642669677734 2.6542222499847412109 2.66773223876953125 2.5401520729064941406 2.3984127044677734375 2.809513092041015625 3.1443767547607421875 3.2456295490264892578 3.301967620849609375 3.461963653564453125 4.29815673828125 4.0702905654907226562 4.19728851318359375 7.1110944747924804688 9.1224002838134765625 8.11763763427734375 5.8384380340576171875 4.4841337203979492188 4.58515167236328125 6.7188687324523925781 7.2079324722290039062 5.0691752433776855469 3.5123980045318603516 2.6758565902709960938 4.4539661407470703125 8.109905242919921875 9.3642606735229492188 10.101147651672363281 10.704393386840820312 8.9170045852661132812 6.1722812652587890625 2.9326093196868896484 8.968685150146484375 15.223445892333984375 17.157133102416992188 14.88823699951171875 8.1553506851196289062 3.4632914066314697266
2.0980393886566162109 2.3759341239929199219 2.2696781158447265625 1.8835561275482177734 1.8090083599090576172 2.227161407470703125 2.5607633590698242188 2.7178595066070556641 3.0561735630035400391 2.9057600498199462891 2.5798425674438476562 2.7691028118133544922 3.7274236679077148438 4.0403919219970703125 4.1775116920471191406 6.19692230224609375 6.1501417160034179688 5.0484147071838378906 4.3525357246398925781 3.98909759521484375 3.5965485572814941406 5.0344405174255371094 5.3263144493103027344 3.8858509063720703125 5.7304911613464355469 8.4229307174682617188 11.786264419555664062 12.896685600280761719 10.770632743835449219 9.9997005462646484375 10.186490058898925781 7.4343137741088867188 5.5930690765380859375 2.3620641231536865234 8.3426446914672851562 14.197699546813964844 17.107038497924804688 15.9270782470703125 10.173029899597167969 4.9034361839294433594
0.34270471334457397461 0.95350527763366699219 1.5668053627014160156 1.6838604211807250977 1.5007963180541992188 1.58252716064453125 1.7671340703964233398 1.9719991683959960938 2.4464313983917236328 2.7936432361602783203 2.3878331184387207031 2.386150360107421875 3.0217478275299072266 3.6050863265991210938 4.65470123291015625 5.4666476249694824219 6.4196896553039550781 6.0507578849792480469 4.5147156715393066406 3.7196962833404541016 2.1775529384613037109 0.57628512382507324219 3.7013330459594726562 7.2896847724914550781 9.3954000473022460938 11.657082557678222656 11.2123260498046875 9.343006134033203125 9.7262868881225585938 10.4730377197265625 8.2839412689208984375 4.7470912933349609375 2.4114398956298828125 2.0502159595489501953 7.7080712318420410156 12.435472488403320312 15.640474319458007812 16.1624755859375 12.483353614807128906 7.4541192054748535156
0.35146090388298034668 0.34272047877311706543 0.79547923803329467773 1.6790353059768676758 1.9260405302047729492 1.5085189342498779297 1.6547387838363647461 2.0450305938720703125 2.3334171772003173828 3.2124543190002441406 2.8672327995300292969 2.2228474617004394531 2.8015997409820556641 3.4056189060211181641 4.637767791748046875 4.2278542518615722656 4.3154187202453613281 5.5501503944396972656 5.5863204002380371094 4.4877066612243652344 2.6479330062866210938 4.38765716552734375 7.3396291732788085938 9.8158807754516601562 10.446673393249511719 9.43674468994140625 8.014492034912109375 7.0540943145751953125 7.5034151077270507812 7.4578948020935058594 5.0479454994201660156 2.157009124755859375 0.70002549886703491211 3.3433241844177246094 6.8398871421813964844 10.790140151977539062 14.373021125793457031 15.858438491821289062 13.830832481384277344 9.4222803115844726562
0.38841319084167480469 0.32760864496231079102 0.99913543462753295898 0.60790437459945678711 1.4489965438842773438 1.6608593463897705078 2.023410797119140625 2.5450880527496337891 2.5357263088226318359 3.1528911590576171875 3.2389206886291503906 2.146427154541015625 2.1067097187042236328 2.6154613494873046875 3.7176647186279296875 4.5330176353454589844 3.8142297267913818359 4.3901882171630859375 6.0530233383178710938 5.0702700614929199219 4.8516330718994140625 5.5919909477233886719 6.7649292945861816406 8.432010650634765625 6.8616800308227539062 6.3588585853576660156 7.8844728469848632812 8.3790760040283203125 6.9800286293029785156 4.4101419448852539062 3.3298480510711669922 2.6909229755401611328 1.7671139240264892578 4.6863603591918945312 6.5424866676330566406 9.74961090087890625 14.312109947204589844 16.173345565795898438 14.096330642700195312 9.6763448715209960938
0.85616004467010498047 0.63639032840728759766 0.79737806320190429688 2.1605243682861328125 1.0111945867538452148 1.3118742704391479492 1.6790353059768676758 2.0121219158172607422 2.2280526161193847656 3.0242493152618408203 3.10149383544921875 1.4542194604873657227 1.306071162223815918 2.2641000747680664062 2.6462152004241943359 4.1101465225219726562 4.3569359779357910156 4.8179402351379394531 7.0995106697082519531 5.8331661224365234375 5.9510359764099121094 6.3162989616394042969 7.0959067344665527344 8.8555955886840820312 5.9615373611450195312 5.3199772834777832031 7.9736962318420410156 8.4694232940673828125 7.6207423210144042969 4.2739195823669433594 1.4842008352279663086 3.4316320419311523438 3.7912447452545166016 5.5887517929077148438 7.4622097015380859375 9.4854373931884765625 12.311430931091308594 15.326766014099121094 14.373048782348632812 9.9517765045166015625
1.0766566991806030273 1.2951705455780029297 1.8179413080215454102 1.7180515527725219727 2.4246089458465576172 0.89602386951446533203 0.7689431309700012207 1.2115886211395263672 1.8234982490539550781 3.1916041374206542969 3.2832293510437011719 1.2667326927185058594 0.95667481422424316406 1.9407027959823608398 2.2962634563446044922 2.7894661426544189453 3.6323144435882568359 4.5468058586120605469 7.7650961875915527344 7.4722843170166015625 5.7571358680725097656 6.0896363258361816406 8.2024984359741210938 11.3519134521484375 7.4777197837829589844 4.5851435661315917969 6.2463965415954589844 7.5631442070007324219 8.5964689254760742188 4.5343656539916992188 3.6611301898956298828 6.2158036231994628906 6.1842451095581054688 5.7902784347534179688 7.487369537353515625 7.5620188713073730469 8.9108190536499023438 13.412015914916992188 14.743185997009277344 11.771135330200195312
1.2873368263244628906 0.85673153400421142578 1.9228862524032592773 2.9446389675140380859 1.2587157487869262695 0.35575437545776367188 0.25654390454292297363 0.32759684324264526367 1.5018169879913330078 2.9738652706146240234 3.3746101856231689453 1.9417461156845092773 0.68318092823028564453 1.2094970941543579102 1.8824840784072875977 1.8090145587921142578 2.3842248916625976562 2.8251302242279052734 6.649257659912109375 8.9363183975219726562 8.1302061080932617188 6.1208806037902832031 8.6277666091918945312 12.045351028442382812 6.2734112739562988281 4.7167139053344726562 5.5968370437622070312 6.4492959976196289062 8.2887172698974609375 5.2577748298645019531 7.3013820648193359375 8.6734180450439453125 6.9576320648193359375 5.2216053009033203125 5.5075883865356445312 5.2872042655944824219 6.8669271469116210938 10.377561569213867188 12.046833038330078125 11.070468902587890625
2.9828400611877441406 0.18554581701755523682 1.511876225471496582 0.95718735456466674805 1.2873260974884033203 0.17136424779891967773 0.31500592827796936035 0.6442978978157043457 1.4790728092193603516 2.4546749591827392578 3.428096771240234375 2.5058588981628417969 0.95508629083633422852 1.3603512048721313477 1.9375717639923095703 1.5377792119979858398 1.8364869356155395508 2.8672113418579101562 3.9088037014007568359 6.9493856430053710938 12.49895477294921875 7.673915863037109375 7.1771554946899414062 10.16217041015625 7.5020895004272460938 7.6313977241516113281 7.3179183006286621094 6.6618480682373046875 8.0931606292724609375 7.8188576698303222656 8.7198133468627929688 6.2750144004821777344 3.1806600093841552734 2.1654348373413085938 3.2510483264923095703 4.4787225723266601562 5.9558653831481933594 7.6785421371459960938 9.5469255447387695312 10.174489021301269531
3.4573006629943847656 1.5796473026275634766 2.0450305938720703125 1.0860269069671630859 2.5658729076385498047 1.1476548910140991211 1.3696408271789550781 0.76895421743392944336 1.5249040126800537109 1.8078894615173339844 3.2722818851470947266 2.9120278358459472656 2.1886658668518066406 2.3912069797515869141 2.5389146804809570312 1.6739060878753662109 1.6907478570938110352 3.9737324714660644531 3.1751065254211425781 3.4679551124572753906 10.849124908447265625 11.082751274108886719 9.190448760986328125 10.300138473510742188 7.6840281486511230469 7.6827349662780761719 9.3335809707641601562 8.6475515365600585938 8.8174695968627929688 8.4835901260375976562 5.3020410537719726562 1.059605717658996582 0.71149766445159912109 1.6608670949935913086 2.8258385658264160156 4.3577675819396972656 5.4457745552062988281 6.1741380691528320312 7.7754807472229003906 9.000469207763671875
4.2408323287963867188 2.4864020347595214844 0.90557467937469482422 0.95930522680282592773 2.7474575042724609375 1.0538682937622070312 2.5229556560516357422 1.0818132162094116211 1.8924102783203125 1.7748497724533081055 2.5688235759735107422 2.9348361492156982422 2.0063450336456298828 2.3039710521697998047 2.60401153564453125 1.6519825458526611328 1.8157186508178710938 3.8875384330749511719 4.5186495780944824219 3.9513237476348876953 7.0884613990783691406 8.9793634414672851562 7.9178953170776367188 8.8364248275756835938 7.6511311531066894531 7.6162023544311523438 8.8968677520751953125 8.1946821212768554688 6.6054854393005371094 5.026935577392578125 3.4328155517578125 1.6993961334228515625 0.2249978184700012207 1.4317729473114013672 2.6204929351806640625 3.8024349212646484375 5.0232105255126953125 5.6792035102844238281 6.3579053878784179688 7.2983570098876953125
3.9139676094055175781 1.0062040090560913086 1.8532086610794067383 1.9860490560531616211 0.86556845903396606445 0.91833603382110595703 1.3977780342102050781 0.6340185999870300293 1.4510819911956787109 1.4261052608489990234 1.4207679033279418945 1.7679888010025024414 1.5325074195861816406 2.5293736457824707031 3.5972435474395751953 3.1282668113708496094 3.2588205337524414062 4.1493787765502929688 5.02451324462890625 5.7515468597412109375 6.7131719589233398438 8.3821430206298828125 9.9355106353759765625 9.9933290481567382812 9.2828044891357421875 8.4057788848876953125 7.9391865730285644531 7.0752139091491699219 5.8730611801147460938 5.5938892364501953125 4.5106039047241210938 1.3566281795501708984 0.88751113414764404297 1.5433417558670043945 2.8411905765533447266 3.9269604682922363281 5.0063128471374511719 5.488437652587890625 5.5938963890075683594 6.3188624382019042969
