wildfire/work/fuelmodels/1990/slope.asc
ncols        225
nrows        237
xllcorner    189355.000000000000
yllcorner    458900.000000000000
cellsize     5.000000000000
NODATA_value   -999
[rows 144 to 161 of 237, columns 40 to 79 of 225]
0.67497360706329345703 0.85674631595611572266 1.5285270214080810547 1.6050648689270019531 1.6766067743301391602 1.2982919216156005859 1.6101180315017700195 1.881403803825378418 2.1353113651275634766 1.5208899974822998047 0.36279940605163574219 0.94013690948486328125 1.3118671178817749023 0.4136504828929901123 0.20374763011932373047 0.65287798643112182617 1.1888175010681152344 1.3592412471771240234 1.8234944343566894531 0.95508629083633422852 1.0519139766693115234 1.5285280942916870117 1.0186812877655029297 1.4721992015838623047 2.0725522041320800781 1.1564483642578125 0.517993927001953125 0.49804607033729553223 0.30185577273368835449 1.307994842529296875 1.0808751583099365234 0.42689779400825500488 0.42808517813682556152 1.4817962646484375 2.2856771945953369141 2.9305517673492431641 2.5042657852172851562 1.4129176139831542969 2.5449106693267822266 5.6802754402160644531
0.72697418928146362305 0.67122429609298706055 1.4800876379013061523 2.0519635677337646484 1.7808266878128051758 1.0874119997024536133 2.6032490730285644531 1.4739273786544799805 1.2006789445877075195 1.7785514593124389648 1.4666996002197265625 0.54093718528747558594 1.1776968240737915039 0.89602386951446533203 0.71149766445159912109 0.65519088506698608398 0.74282515048980712891 1.829043269157409668 1.7053397893905639648 0.83520609140396118164 1.4003157615661621094 1.1926517486572265625 0.37107548117637634277 0.99098730087280273438 2.0759739875793457031 1.6608437299728393555 0.65520268678665161133 0.65596461296081542969 0.33824330568313598633 1.5796399116516113281 0.69783520698547363281 0.96615320444107055664 1.0201880931854248047 2.1124565601348876953 2.1712727546691894531 0.70650255680084228516 1.2715190649032592773 1.6681495904922485352 1.1045067310333251953 5.7136940956115722656
0.86438554525375366211 1.2734888792037963867 0.46980136632919311523 0.58500182628631591797 0.68022865056991577148 0.92329394817352294922 2.8267369270324707031 2.0803670883178710938 2.8369181156158447266 2.6115992069244384766 1.4189962148666381836 0.62515681982040405273 1.7006014585494995117 1.6865485906600952148 1.1707911491394042969 0.64427512884140014648 1.1392586231231689453 1.6865485906600952148 1.0543287992477416992 1.6297848224639892578 1.666933894157409668 0.91115421056747436523 0.48466008901596069336 0.61206376552581787109 1.6338297128677368164 2.3609859943389892578 1.4666885137557983398 0.49396497011184692383 0.16225573420524597168 1.2380285263061523438 0.61204171180725097656 0.93581289052963256836 0.81123703718185424805 2.1513741016387939453 2.2763631343841552734 1.0147145986557006836 2.5816187858581542969 2.5107088088989257812 1.2115856409072875977 3.0879280567169189453
0.29335728287696838379 0.99657911062240600586 1.3861560821533203125 0.39360901713371276855 0.80119413137435913086 0.87371593713760375977 2.7278864383697509766 0.73252904415130615234 1.2806327342987060547 1.0151975154876708984 1.0246425867080688477 0.80997097492218017578 1.8982785940170288086 1.2281786203384399414 0.49500632286071777344 1.0246289968490600586 1.6946414709091186523 0.92929339408874511719 1.1383689641952514648 1.4207748174667358398 0.90108913183212280273 0.51306402683258056641 0.44547170400619506836 0.35003015398979187012 0.85675805807113647461 2.7485685348510742188 2.3671970367431640625 0.18553541600704193115 0.20372867584228515625 0.69785124063491821289 0.73251748085021972656 0.14230564236640930176 0.98637884855270385742 1.3291189670562744141 1.8433758020401000977 0.76893711090087890625 2.5774965286254882812 0.57627308368682861328 1.6886601448059082031 1.0576865673065185547
3.0242688655853271484 3.5122618675231933594 4.0459141731262207031 0.764324188232421875 0.76630830764770507812 0.42689779400825500488 2.8231570720672607422 1.3861421346664428711 0.85379803180694580078 1.2408974170684814453 1.113643646240234375 0.94012087583541870117 1.4510968923568725586 0.57362318038940429688 1.35288238525390625 1.4031915664672851562 1.6811499595642089844 0.27000537514686584473 0.99098730087280273438 0.40749129652976989746 0.46330985426902770996 0.54465365409851074219 0.41363930702209472656 0.64034062623977661133 1.1568801403045654297 2.9389734268188476562 3.6362047195434570312 1.2425276041030883789 0.32449135184288024902 0.24852956831455230713 0.70073091983795166016 0.48570311069488525391 1.3592412471771240234 1.7648410797119140625 1.1960276365280151367 0.39870801568031311035 1.4132791757583618164 2.0053248405456542969 1.6745009422302246094 0.39357072114944458008
4.9496083259582519531 1.3118823766708374023 5.2986283302307128906 0.80309426784515380859 0.64899092912673950195 0.45559555292129516602 1.9850450754165649414 1.9059793949127197266 0.68022185564041137695 1.2445801496505737305 0.54186117649078369141 1.4739208221435546875 1.1026784181594848633 1.3547699451446533203 1.3740622997283935547 1.3662945032119750977 1.6937469244003295898 1.1172634363174438477 1.1841334104537963867 0.65288686752319335938 0.300189971923828125 0.47302922606468200684 0.40248724818229675293 1.0201760530471801758 0.85675126314163208008 1.9352332353591918945 3.9442884922027587891 3.3767049312591552734 1.5048248767852783203 0.99860918521881103516 1.5641928911209106445 1.5822205543518066406 1.5377631187438964844 2.5058546066284179688 0.68686664104461669922 0.28637775778770446777 0.47729015350341796875 0.668212890625 0.44205835461616516113 0.40748941898345947266
3.5790753364562988281 4.4092402458190917969 2.5451071262359619141 1.7160096168518066406 0.31819188594818115234 0.46981203556060791016 1.0167076587677001953 2.3301639556884765625 1.7774133682250976562 0.20375522971153259277 0.75431764125823974609 1.6693780422210693359 0.57627576589584350586 1.3260854482650756836 0.74554085731506347656 0.7954559326171875 1.6811591386795043945 1.1031399965286254883 1.5741941928863525391 1.2826075553894042969 1.1131843328475952148 0.51307159662246704102 0.62515985965728759766 0.70074796676635742188 0.27372127771377563477 0.2249978184700012207 1.8619582653045654297 3.36968231201171875 2.0346086025238037109 2.4227352142333984375 2.4626977443695068359 2.4602346420288085938 2.8374402523040771484 1.5305100679397583008 0.10062147676944732666 0.25653785467147827148 0.49806776642799377441 0.50311386585235595703 0.65596872568130493164 0.72699010372161865234
0.18552500009536743164 1.7385661602020263672 1.2826135158538818359 2.44643402099609375 0.86557024717330932617 0.51405847072601318359 0.88006407022476196289 1.8899859189987182617 2.1532611846923828125 1.1651817560195922852 0.99456626176834106445 0.68320298194885253906 0.3441950678825378418 0.45559808611869812012 0.92930829524993896484 1.5741941928863525391 2.4993996620178222656 0.80495840311050415039 1.306071162223815918 0.92493033409118652344 1.1298792362213134766 1.5358022451400756836 1.0359214544296264648 0.30017969012260437012 0.28637775778770446777 0.20374575257301330566 0.89093369245529174805 2.8706037998199462891 2.3160116672515869141 2.4214963912963867188 1.664813995361328125 0.99404931068420410156 0.62676441669464111328 0.88005739450454711914 0.8130976557731628418 0.73803794384002685547 0.50310623645782470703 0.25653937458992004395 0.52187746763229370117 0.38316714763641357422
0.64428651332855224609 0.94924628734588623047 2.0561556816101074219 2.0465331077575683594 1.1472165584564208984 1.1276519298553466797 1.7828159332275390625 1.1494246721267700195 0.9161281585693359375 1.1994148492813110352 1.128537297248840332 0.72557741403579711914 0.44318163394927978516 0.67122316360473632812 0.82545667886734008789 1.7008992433547973633 3.2368974685668945312 1.4293041229248046875 0.85674631595611572266 0.48465529084205627441 0.16225096583366394043 1.5975060462951660156 1.5298446416854858398 0.071155570447444915771 0.15909886360168457031 0.063628919422626495361 0.29334807395935058594 1.7254096269607543945 2.3646309375762939453 0.87545341253280639648 0.11471872031688690186 0.44661924242973327637 0.44320604205131530762 0.49397984147071838379 0.58670961856842041016 0.39357072114944458008 0.12726990878582000732 0.27372127771377563477 0.41852477192878723145 0.23165063560009002686
0.75901681184768676758 1.1738159656524658203 1.6226410865783691406 0.7961108088493347168 0.74554866552352905273 1.5978157520294189453 1.5278725624084472656 0.54928386211395263672 0.74009364843368530273 0.54093146324157714844 0.45559132099151611328 0.1622485816478729248 0.60791707038879394531 1.2826149463653564453 1.5834870338439941406 2.14571380615234375 3.5158414840698242188 3.0576729774475097656 1.5754747390747070312 1.1669036149978637695 0.78780627250671386719 1.1960439682006835938 1.4573526382446289062 0.26239809393882751465 0.13119490444660186768 0.25651830434799194336 0.16223192214965820312 0.22272506356239318848 1.3483906984329223633 1.0543287992477416992 0.38314595818519592285 0.36278876662254333496 0.20375522971153259277 0.20126190781593322754 0.41488048434257507324 0.17134846746921539307 0.071150146424770355225 0.28637775778770446777 0.27186042070388793945 0.49805691838264465332
0.56294196844100952148 1.5603177547454833984 1.5125613212585449219 1.0591328144073486328 1.3814054727554321289 1.1113632917404174805 2.0153985023498535156 1.763979792594909668 0.88235521316528320312 0.31498876214027404785 0.55570113658905029297 0.26239514350891113281 0.44547170400619506836 1.4817962646484375 1.6910431385040283203 1.7533241510391235352 2.8138186931610107422 2.8312051296234130859 2.1768484115600585938 1.3049041032791137695 0.64035147428512573242 0.23164731264114379883 1.5288627147674560547 0.96195340156555175781 0.35998058319091796875 0.27186042070388793945 0.16223430633544921875 0.22943370044231414795 0.48151984810829162598 1.306071162223815918 0.7489299774169921875 0.38446754217147827148 0.38445648550987243652 0.27371421456336975098 0.38711309432983398438 0.28813949227333068848 0.25654390454292297363 0.3600063025951385498 0.36280900239944458008 0.40249878168106079102
0.59186929464340209961 1.2983070611953735352 0.16226048767566680908 1.4377644062042236328 1.3427577018737792969 0.52669847011566162109 1.2951812744140625 1.5974799394607543945 1.0261007547378540039 1.4804188013076782227 1.5420345067977905273 1.3056707382202148438 1.1099816560745239258 1.8056544065475463867 1.1276252269744873047 0.92766797542572021484 1.9448742866516113281 2.2278425693511962891 1.7887672185897827148 1.1789928674697875977 0.72558069229125976562 0.83277583122253417969 1.140568852424621582 1.5357875823974609375 0.20374575257301330566 0.16224621236324310303 0.25651979446411132812 0.13498581945896148682 0.35575437545776367188 0.88752281665802001953 0.99861574172973632812 0.29336518049240112305 0.50310313701629638672 0.50310236215591430664 0.45000657439231872559 0.28638991713523864746 0.20126190781593322754 0.32449373602867126465 0.4148711860179901123 0.40248340368270874023
3.2798552513122558594 1.4398844242095947266 3.0224168300628662109 3.0854868888854980469 2.4196047782897949219 0.84063935279846191406 3.2956748008728027344 2.0385925769805908203 1.5354706048965454102 1.5603177547454833984 1.153378605842590332 0.78587007522583007812 0.77485179901123046875 1.2534754276275634766 0.42689779400825500488 0.36279940605163574219 1.0860240459442138672 2.0400898456573486328 2.1960480213165283203 1.6593427658081054688 1.2244656085968017578 1.2522529363632202148 1.0167005062103271484 0.90108007192611694336 0.54465508460998535156 0.39358249306678771973 0.35144770145416259766 0.24234056472778320312 0.51010400056838989258 0.64352041482925415039 0.854976654052734375 0.36280050873756408691 0.40749886631965637207 0.5944378972053527832 0.70650476217269897461 0.55570876598358154297 0.44204786419868469238 0.5247681736946105957 0.49498918652534484863 0.49703046679496765137
3.4328198432922363281 4.384540557861328125 3.7714910507202148438 1.9594019651412963867 1.9766325950622558594 1.6802495718002319336 3.7314968109130859375 2.0371260643005371094 2.870937347412109375 0.82729935646057128906 0.25655895471572875977 0.17135298252105712891 0.41853860020637512207 0.59186929464340209961 0.35144883394241333008 0.28460514545440673828 0.74214881658554077148 1.5920969247817993164 2.2298822402954101562 1.5275458097457885742 1.2195104360580444336 0.88005739450454711914 0.51798200607299804688 0.46330153942108154297 0.3276074528694152832 0.40247958898544311523 0.51306104660034179688 0.49704757332801818848 0.6883767247200012207 0.86558538675308227539 0.52477997541427612305 0.33825930953025817871 0.095455490052700042725 0.19091077148914337158 0.48673915863037109375 0.72698533535003662109 0.62997841835021972656 0.38446754217147827148 0.22946062684059143066 0.22501325607299804688
1.2982919216156005859 1.6681396961212158203 1.0836803913116455078 0.92765802145004272461 1.2619316577911376953 1.9931870698928833008 2.6092677116394042969 2.6881036758422851562 1.1383527517318725586 0.52670949697494506836 0.31821614503860473633 0.54745441675186157227 0.45559725165367126465 0.35001802444458007812 0.13500298559665679932 0.61780983209609985352 0.75900000333786010742 0.96771949529647827148 2.0539402961730957031 1.6050794124603271484 0.92493581771850585938 0.59443461894989013672 0.60036301612854003906 0.69857102632522583008 0.56920456886291503906 0.49397355318069458008 0.54374289512634277344 0.24851402640342712402 0.32760274410247802734 0.72140544652938842773 1.0127260684967041016 0.47303739190101623535 0.044992443174123764038 0.04500102996826171875 0.25654390454292297363 0.54187047481536865234 0.60373926162719726562 0.28637775778770446777 0.031826604157686233521 0.031814463436603546143
0.64898145198822021484 0.85675126314163208008 1.0543287992477416992 1.3378401994705200195 1.0538469552993774414 1.6154471635818481445 1.0766735076904296875 0.14230564236640930176 0.67121857404708862305 0.64897900819778442383 0.54187685251235961914 0.32761925458908081055 0.071155570447444915771 0.25653937458992004395 0.14229476451873779297 0.56293374300003051758 0.99097907543182373047 0.41851273179054260254 1.4977616071701049805 3.2091271877288818359 3.9757850170135498047 3.4202785491943359375 1.5667774677276611328 0.93581289052963256836 1.5651729106903076172 0.34268894791603088379 0.91169792413711547852 1.2671293020248413086 1.4261070489883422852 1.6937462091445922852 1.5886023044586181641 1.2743020057678222656 0.27187180519104003906 0.25653186440467834473 0.48466646671295166016 0.44319036602973937988 0.51307463645935058594 0.54464441537857055664 0.33823418617248535156 0.35999774932861328125
0.49703046679496765137 0.35000589489936828613 0.84063470363616943359 1.2376250028610229492 1.3080028295516967773 1.3172562122344970703 1.1208984851837158203 0.47729989886283874512 0.67122894525527954102 0.83519822359085083008 0.48673677444458007812 0.36279940605163574219 0.071155570447444915771 0.3149973452091217041 0.35146090388298034668 0.48150941729545593262 0.60373157262802124023 0.77024918794631958008 0.58672410249710083008 4.5043282508850097656 3.9875643253326416016 2.514926910400390625 2.0146389007568359375 2.6092684268951416016 2.1654293537139892578 1.267121434211730957 1.5357875823974609375 1.4639310836791992188 1.1494257450103759766 1.0186870098114013672 0.92492455244064331055 1.5235595703125 0.47303983569145202637 0.43279063701629638672 0.031826604157686233521 0.32760864496231079102 0.60790312290191650391 0.31819188594818115234 0.19354349374771118164 0.19092290103435516357
0.81123703718185424805 1.3275946378707885742 1.3666534423828125 1.0186865329742431641 1.1494257450103759766 1.1612401008605957031 1.2510451078414916992 0.84544444084167480469 0.32449373602867126465 0.38315507769584655762 0.66820073127746582031 0.70073586702346801758 0.45890143513679504395 0.29337570071220397949 0.47729259729385375977 0.11471872031688690186 0.28814083337783813477 0.56920456886291503906 0.52186787128448486328 2.9014236927032470703 5.4190616607666015625 5.2311372756958007812 3.7741568088531494141 3.0384156703948974609 2.4528217315673828125 1.6421744823455810547 1.2224127054214477539 0.98277938365936279297 0.73253226280212402344 0.69493627548217773438 0.98840516805648803711 1.7671250104904174805 1.083691716194152832 0.81558841466903686523 0.81495642662048339844 0.74213212728500366211 0.70001333951950073242 0.28458884358406066895 0.26237750053405761719 0.22272506356239318848
