wildfire/work/fuelmodels/1990/slope.asc
ncols        225
nrows        237
xllcorner    189355.000000000000
yllcorner    458900.000000000000
cellsize     5.000000000000
NODATA_value   -999
[rows 72 to 89 of 237, columns 160 to 199 of 225]
1.6865458488464355469 2.4310698509216308594 2.3485376834869384766 1.2392598390579223633 2.2461526393890380859 3.2199785709381103516 3.6441121101379394531 3.3287756443023681641 2.5593721866607666016 1.3897963762283325195 0.9044526219367980957 1.3861541748046875 1.6696627140045166016 2.391643524169921875 3.6260538101196289062 3.9392986297607421875 3.7262260913848876953 3.7716183662414550781 3.9851653575897216797 5.3047151565551757812 5.627994537353515625 5.9660944938659667969 8.4248905181884765625 8.9157123565673828125 7.8819432258605957031 8.5183563232421875 7.9787120819091796875 6.1497507095336914062 7.3343677520751953125 7.367954254150390625 4.4358057975769042969 2.6081030368804931641 2.7351012229919433594 2.7291717529296875 3.8609621524810791016 4.9699506759643554688 5.4474406242370605469 5.4743776321411132812 5.7798352241516113281 6.6563444137573242188
1.6745021343231201172 2.8116750717163085938 2.5427124500274658203 1.8045356273651123047 2.7970705032348632812 2.5741379261016845703 2.6557457447052001953 2.7807400226593017578 2.0093412399291992188 0.8272984623908996582 0.37107548117637634277 1.0822921991348266602 1.2631311416625976562 1.1994080543518066406 1.6222999095916748047 2.1831173896789550781 2.6048233509063720703 2.8021311759948730469 3.2630088329315185547 4.6889319419860839844 5.4519739151000976562 5.350860595703125 6.8669300079345703125 7.7347435951232910156 6.783847808837890625 7.9789099693298339844 8.0191030502319335938 5.8708367347717285156 7.3412179946899414062 8.48047637939453125 6.3140802383422851562 4.9017977714538574219 4.390979766845703125 4.2265248298645019531 4.8868708610534667969 5.511165618896484375 5.4163661003112792969 5.77259063720703125 6.4666609764099121094 7.1007170677185058594
2.826023101806640625 2.9446454048156738281 3.1327838897705078125 3.0503747463226318359 1.9727652072906494141 1.8496817350387573242 2.4760248661041259766 2.2768094539642333984 1.9635049104690551758 1.1837069988250732422 0.32450562715530395508 0.071150146424770355225 0.37107548117637634277 0.87545740604400634766 1.2550853490829467773 1.7521799802780151367 2.5546329021453857422 2.9291472434997558594 3.0219030380249023438 4.0746059417724609375 5.1491670608520507812 5.0683727264404296875 6.5181636810302734375 8.2578420639038085938 8.0896959304809570312 8.6086111068725585938 8.2499532699584960938 6.8951015472412109375 7.08123779296875 8.7299604415893554688 7.7506098747253417969 5.5548448562622070312 4.9687166213989257812 4.9460549354553222656 5.4524507522583007812 5.7080450057983398438 5.6885042190551757812 6.7062821388244628906 7.1438660621643066406 7.1176743507385253906
3.4385521411895751953 2.9901380538940429688 3.2630155086517333984 2.6775438785552978516 1.7183461189270019531 2.1336686611175537109 1.6297848224639892578 2.6156530380249023438 2.6393270492553710938 1.8056544065475463867 0.61453354358673095703 0.49396497011184692383 0.64350658655166625977 0.8597087860107421875 1.3080210685729980469 1.4831638336181640625 2.1642780303955078125 2.7423076629638671875 2.7703809738159179688 3.3517897129058837891 4.3725557327270507812 4.4429721832275390625 5.3982076644897460938 7.6784238815307617188 7.9795436859130859375 8.9637699127197265625 9.6395416259765625 9.0661649703979492188 8.7566537857055664062 9.7053461074829101562 9.4822816848754882812 6.5984096527099609375 5.1645383834838867188 5.1661000251770019531 5.617969512939453125 5.7955846786499023438 6.1817231178283691406 7.2301759719848632812 7.2957653999328613281 7.1581702232360839844
3.8817095756530761719 3.2326827049255371094 3.309146881103515625 2.7703573703765869141 1.9911398887634277344 1.4405834674835205078 0.56918823719024658203 1.6476957798004150391 3.5353357791900634766 3.3802957534790039062 1.0634099245071411133 0.85378718376159667969 0.89093369245529174805 1.1582001447677612305 1.3536382913589477539 1.4207611083984375 1.9472144842147827148 2.5229430198669433594 2.3859262466430664062 2.4821393489837646484 3.9104616641998291016 4.1297526359558105469 4.8036904335021972656 6.7892422676086425781 6.3856911659240722656 7.1777858734130859375 8.8635463714599609375 8.6989202499389648438 7.1808524131774902344 7.7464718818664550781 8.3081293106079101562 6.2488236427307128906 5.2443194389343261719 5.2658929824829101562 5.7312769889831542969 6.2257504463195800781 6.6167426109313964844 7.1785540580749511719 7.3012547492980957031 7.2548289299011230469
3.6977818012237548828 2.8159737586975097656 3.50200653076171875 2.1635575294494628906 0.74487537145614624023 0.52958327531814575195 0.9884173274040222168 0.61206376552581787109 2.2748117446899414062 4.2947664260864257812 1.2982963323593139648 1.3245307207107543945 1.5920965671539306641 1.6608519554138183594 1.4132521152496337891 1.2885016202926635742 1.7417563199996948242 2.4513788223266601562 2.4229419231414794922 2.1635646820068359375 3.5158414840698242188 4.1356167793273925781 5.3534893989562988281 6.7656598091125488281 6.0683689117431640625 6.1161956787109375 7.1679291725158691406 7.3391013145446777344 5.54323577880859375 6.3210840225219726562 6.5695405006408691406 4.8508114814758300781 4.6176028251647949219 5.3621540069580078125 6.0911383628845214844 6.5107479095458984375 6.8204712867736816406 7.2885146141052246094 7.2417535781860351562 7.0808763504028320312
2.2378094196319580078 1.0364116430282592773 2.4360668659210205078 0.34271597862243652344 0.72559237480163574219 1.0261158943176269531 2.2589647769927978516 2.7981586456298828125 3.5307500362396240234 3.7115409374237060547 1.5008007287979125977 1.8714202642440795898 2.1914303302764892578 1.8223839998245239258 1.5564203262329101562 1.366305232048034668 1.4489907026290893555 2.0361301898956298828 2.6086862087249755859 2.3575692176818847656 2.6471772193908691406 3.2162077426910400391 4.445804595947265625 5.9403810501098632812 5.7546854019165039062 5.4612941741943359375 6.6043529510498046875 7.5084452629089355469 6.6618704795837402344 6.8358616828918457031 7.0692501068115234375 4.2953610420227050781 3.2640931606292724609 5.49797821044921875 6.5690927505493164062 6.7902708053588867188 7.1057825088500976562 7.3327183723449707031 7.2592778205871582031 7.8711805343627929688
1.3714729547500610352 0.97137397527694702148 2.771636962890625 2.6115825176239013672 1.8198871612548828125 1.8835511207580566406 2.9926481246948242188 2.4053223133087158203 2.1831057071685791016 2.4476673603057861328 2.0482807159423828125 2.1506705284118652344 2.1239137649536132812 1.4649738073348999023 1.2182565927505493164 1.4377696514129638672 1.5936853885650634766 1.5325074195861816406 1.9448760747909545898 2.3594868183135986328 2.4464197158813476562 2.8596391677856445312 2.9239685535430908203 4.4833312034606933594 6.0151462554931640625 6.6444048881530761719 6.6304707527160644531 7.1313924789428710938 7.1954512596130371094 6.7338767051696777344 8.1508655548095703125 6.4658784866333007812 4.7208738327026367188 6.11997222900390625 6.4642438888549804688 6.7231097221374511719 7.0881757736206054688 7.6987156867980957031 8.200611114501953125 8.7559652328491210938
5.18643951416015625 2.7230670452117919922 2.0825502872467041016 2.8209986686706542969 2.3618395328521728516 1.2445625066757202148 2.0093474388122558594 1.0271004438400268555 1.2667489051818847656 2.5267767906188964844 2.4185667037963867188 1.7510226964950561523 1.7507338523864746094 1.3988654613494873047 0.78263205289840698242 1.0106941461563110352 1.6937336921691894531 1.6213941574096679688 1.2587157487869262695 1.7682747840881347656 2.6830239295959472656 3.2124412059783935547 2.7878346443176269531 3.7381181716918945312 4.73772430419921875 6.4051823616027832031 7.064144134521484375 6.6889624595642089844 6.8889927864074707031 6.4545087814331054688 8.1144685745239257812 8.46552276611328125 6.9042882919311523438 7.1808543205261230469 7.0881853103637695312 7.4704637527465820312 7.7739253044128417969 8.48590087890625 8.5221204757690429688 8.2179098129272460938
7.5616850852966308594 5.0994181632995605469 2.6637482643127441406 2.7474753856658935547 3.6727032661437988281 3.6207592487335205078 2.7066748142242431641 1.9142010211944580078 2.6525323390960693359 3.6585106849670410156 2.8707387447357177734 2.1388614177703857422 1.957309722900390625 1.6865364313125610352 1.1131905317306518555 0.97138035297393798828 1.574833989143371582 1.9302481412887573242 1.6304075717926025391 1.6424793004989624023 2.6699893474578857422 2.5751368999481201172 1.5155595541000366211 3.1501519680023193359 4.5048766136169433594 5.6988520622253417969 7.2110600471496582031 6.6826500892639160156 6.9077954292297363281 7.5317950248718261719 8.1404876708984375 7.8870186805725097656 6.6661510467529296875 7.36223602294921875 7.5784540176391601562 8.085491180419921875 8.4116840362548828125 8.827838897705078125 8.4622144699096679688 7.9606175422668457031
6.8089799880981445312 5.9291200637817382812 4.0712771415710449219 5.0436525344848632812 5.5221133232116699219 5.91115570068359375 5.9548425674438476562 5.4263901710510253906 4.7343144416809082031 4.4335293769836425781 3.4280965328216552734 2.8793745040893554688 2.3952307701110839844 1.9218451976776123047 1.4261070489883422852 1.2587081193923950195 1.5038334131240844727 1.6889581680297851562 1.7218914031982421875 1.8982757329940795898 3.1190369129180908203 3.0384309291839599609 1.6298018693923950195 2.1165375709533691406 4.0567340850830078125 5.475475311279296875 6.8826427459716796875 6.0783939361572265625 5.537792205810546875 6.549564361572265625 7.4664392471313476562 7.63953399658203125 7.2528414726257324219 7.9750242233276367188 8.1077527999877929688 8.2084169387817382812 8.2397699356079101562 8.4208002090454101562 8.06832122802734375 7.2395462989807128906
5.5963106155395507812 7.4109253883361816406 7.5702333450317382812 6.4036111831665039062 5.2065281867980957031 4.7047271728515625 5.1578974723815917969 5.6178889274597167969 5.4300417900085449219 4.3521962165832519531 2.9470338821411132812 2.6546034812927246094 2.5419259071350097656 2.0747706890106201172 1.5603100061416625977 1.4349380731582641602 1.4374041557312011719 1.4639250040054321289 1.3080030679702758789 1.6424654722213745117 2.7474651336669921875 3.7115490436553955078 2.9840283393859863281 2.0647439956665039062 2.6525213718414306641 4.2639813423156738281 5.8442707061767578125 5.5024509429931640625 4.4928789138793945312 5.3812856674194335938 6.6280531883239746094 7.1348409652709960938 7.2989735603332519531 8.551242828369140625 9.0279083251953125 8.747814178466796875 8.6055355072021484375 8.0663909912109375 7.0324978828430175781 5.9497752189636230469
3.8266417980194091797 5.1621732711791992188 5.0604143142700195312 3.8776607513427734375 3.7563323974609375 3.6809537410736083984 3.8503499031066894531 4.6750397682189941406 5.3160004615783691406 4.3318486213684082031 2.6880958080291748047 2.3054831027984619141 2.3039565086364746094 1.8945440053939819336 1.5959266424179077148 1.7501678466796875 1.6022372245788574219 1.6608519554138183594 1.8008754253387451172 2.1626236438751220703 2.4546864032745361328 2.7373373508453369141 2.2549149990081787109 2.2567064762115478516 3.1172544956207275391 4.1943960189819335938 4.3646993637084960938 4.7770509719848632812 4.2942895889282226562 4.6129021644592285156 6.2319035530090332031 6.7779154777526855469 7.4492235183715820312 9.1067895889282226562 9.178493499755859375 8.63088226318359375 7.9255414009094238281 6.5253162384033203125 5.4659867286682128906 4.7076048851013183594
0.9868920445442199707 1.117267608642578125 2.0091023445129394531 1.8551276922225952148 1.7844976186752319336 1.3890568017959594727 2.2269220352172851562 2.5419139862060546875 2.2325885295867919922 3.0175604820251464844 3.0457489490509033203 2.2730324268341064453 2.0211606025695800781 1.7133427858352661133 1.4666920900344848633 1.7785484790802001953 2.0033082962036132812 2.0642566680908203125 2.1428921222686767578 2.4185519218444824219 2.7776587009429931641 3.3409168720245361328 2.0603299140930175781 1.8115144968032836914 2.9926602840423583984 4.7350592613220214844 4.2636289596557617188 4.1063313484191894531 3.7433850765228271484 3.7100472450256347656 5.0544333457946777344 6.6373047828674316406 8.4300603866577148438 9.5349454879760742188 8.700115203857421875 7.3973622322082519531 6.1536564826965332031 4.8955259323120117188 3.9412162303924560547 3.1089806556701660156
0.45225012302398681641 1.0261158943176269531 1.9409699440002441406 1.7639766931533813477 1.8109660148620605469 0.71785193681716918945 2.3901681900024414062 1.9778897762298583984 1.1405783891677856445 1.3506484031677246094 1.9985082149505615234 1.8886672258377075195 1.7547762393951416016 1.8752057552337646484 1.8223873376846313477 1.7799659967422485352 2.036357879638671875 2.1824178695678710938 2.1595919132232666016 2.2607462406158447266 2.5898101329803466797 3.9108531475067138672 3.8875489234924316406 2.9719932079315185547 3.0707049369812011719 4.4529461860656738281 4.7144613265991210938 4.9217066764831542969 4.3046278953552246094 4.4085345268249511719 5.0795955657958984375 6.5393958091735839844 7.4910998344421386719 7.6469964981079101562 6.5510010719299316406 5.33077239990234375 4.4130067825317382812 3.5701878070831298828 2.7476439476013183594 1.95343017578125
1.3740622997283935547 0.17135298252105712891 1.1708083152770996094 0.94228690862655639648 2.1431331634521484375 2.8372850418090820312 3.2162077426910400391 1.8521136045455932617 0.44319295883178710938 1.2355701923370361328 0.79737806320190429688 0.29335728287696838379 1.1298736333847045898 1.3666601181030273438 1.6519975662231445312 1.6507741212844848633 1.6101016998291015625 1.7300763130187988281 1.9393963813781738281 2.1600604057312011719 2.4888455867767333984 3.2543118000030517578 3.8424558639526367188 3.3582570552825927734 2.9057722091674804688 3.1171047687530517578 3.652713775634765625 4.593936920166015625 4.4462566375732421875 5.586765289306640625 6.6133947372436523438 7.0743551254272460938 5.8580417633056640625 4.9601845741271972656 4.2522664070129394531 3.3961262702941894531 2.7373301982879638672 2.0571229457855224609 1.7510023117065429688 1.4940325021743774414
1.0504938364028930664 0.6340033411979675293 0.72628790140151977539 0.60791707038879394531 1.7359434366226196289 2.621829986572265625 2.0679030418395996094 0.43278175592422485352 1.9448639154434204102 2.5331327915191650391 1.5748323202133178711 1.0595976114273071289 0.7489299774169921875 1.0112015008926391602 1.1581918001174926758 1.2290166616439819336 1.2380393743515014648 1.235581517219543457 1.3153405189514160156 1.6060137748718261719 1.8198800086975097656 2.0224027633666992188 2.1150879859924316406 2.2461473941802978516 2.2033984661102294922 2.2843446731567382812 3.2863249778747558594 4.2933645248413085938 5.4300303459167480469 6.7601046562194824219 7.0197176933288574219 6.3811917304992675781 5.19411468505859375 4.2460818290710449219 3.3492372035980224609 1.9099680185317993164 1.8496720790863037109 1.7808084487915039062 1.6811274290084838867 1.5885957479476928711
0.53337812423706054688 0.58499658107757568359 0.54186904430389404297 0.74486702680587768555 0.78715288639068603516 0.61452221870422363281 0.33221286535263061523 1.1841151714324951172 2.7820177078247070312 1.7524752616882324219 2.0363686084747314453 1.7121560573577880859 0.19355744123458862305 0.55569416284561157227 0.54092437028884887695 0.70435547828674316406 0.97140097618103027344 1.0696097612380981445 1.0533879995346069336 1.2502329349517822266 1.2178364992141723633 1.5208965539932250977 2.1028718948364257812 2.4546864032745361328 2.1428792476654052734 2.8763730525970458984 3.8102602958679199219 5.1817808151245117188 6.01172637939453125 5.6006369590759277344 4.7380390167236328125 4.1770224571228027344 3.9269561767578125 2.8821744918823242188 2.0531928539276123047 1.4957195520401000977 1.6436932086944580078 1.6297868490219116211 1.332546234130859375 1.0504964590072631836
