wildfire/work/fuelmodels/1990/slope.asc
ncols        225
nrows        237
xllcorner    189355.000000000000
yllcorner    458900.000000000000
cellsize     5.000000000000
NODATA_value   -999
[rows 90 to 107 of 237, columns 120 to 159 of 225]
2.2774684429168701172 2.5353424549102783203 2.5780558586120605469 2.2414124011993408203 1.8090163469314575195 1.1841380596160888672 0.98020917177200317383 1.02710723876953125 0.89150887727737426758 0.84065592288970947266 0.67648398876190185547 0.73460429906845092773 1.1581960916519165039 1.6251206398010253906 2.1126983165740966797 2.1642713546752929688 1.6790353059768676758 0.85674631595611572266 0.16225810348987579346 0.55569487810134887695 0.38448360562324523926 0.15908914804458618164 0.12728205323219299316 0.14230020344257354736 1.0061879158020019531 3.6655263900756835938 5.9754266738891601562 4.1332921981811523438 1.7089126110076904297 0.521884918212890625 1.7599570751190185547 1.1285339593887329102 0.76632136106491088867 2.3946144580841064453 4.1755976676940917969 4.2639932632446289062 3.0103437900543212891 4.0218667984008789062 4.1974191665649414062 1.3056961297988891602
0.70001333951950073242 1.2510586977005004883 1.9624841213226318359 1.9919009208679199219 1.8212686777114868164 1.511876225471496582 1.066741943359375 1.0957573652267456055 1.0818024873733520508 0.83701759576797485352 0.44319730997085571289 0.25653937458992004395 0.26239809393882751465 0.37107962369918823242 0.51305949687957763672 1.237618565559387207 1.6359882354736328125 1.4374184608459472656 0.71149766445159912109 0.39357072114944458008 0.90052902698516845703 1.1081801652908325195 1.1258577108383178711 0.95456326007843017578 2.0043075084686279297 5.2546782493591308594 4.4583945274353027344 1.2806435823440551758 1.1994193792343139648 0.98019778728485107422 1.106800079345703125 0.96771150827407836914 0.74281936883926391602 0.76630425453186035156 1.6979039907455444336 3.1274514198303222656 2.4559075832366943359 1.4321385622024536133 1.3988690376281738281 1.7671396732330322266
0.50309854745864868164 0.45891830325126647949 1.0112168788909912109 1.479053497314453125 1.6790244579315185547 1.8045254945755004883 1.665719151496887207 1.4940432310104370117 1.2074049711227416992 1.2094898223876953125 1.0201760530471801758 0.57363259792327880859 0.44319730997085571289 0.52671462297439575195 0.51798200607299804688 0.48569276928901672363 0.88235479593276977539 1.3813897371292114258 1.1370218992233276367 0.78588140010833740234 1.0691192150115966797 1.2983062267303466797 1.5209070444107055664 2.1267831325531005859 3.8609499931335449219 4.6377711296081542969 1.7498880624771118164 0.57627576589584350586 2.2298872470855712891 2.7474582195281982422 1.7254003286361694336 0.20374763011932373047 0.59781730175018310547 0.40749886631965637207 0.20374575257301330566 1.3080184459686279297 1.3080068826675415039 1.3107107877731323242 2.3541338443756103516 1.260730743408203125
0.40247192978858947754 0.16224621236324310303 0.22271293401718139648 0.68021446466445922852 1.1249318122863769531 0.88636177778244018555 0.9227415919303894043 1.6378401517868041992 1.8223873376846313477 1.6535218954086303711 1.5987558364868164062 1.1564346551895141602 0.90501570701599121094 1.0804355144500732422 0.54185980558395385742 0.8112156987190246582 1.9184142351150512695 2.6278061866760253906 2.595668792724609375 2.3742406368255615234 1.957318425178527832 1.5603100061416625977 1.7074261903762817383 2.6086943149566650391 3.6594765186309814453 2.7456288337707519531 1.2409039735794067383 1.8179404735565185547 2.5466852188110351562 2.5058588981628417969 2.5768764019012451172 1.7785344123840332031 1.4175449609756469727 1.7613856792449951172 2.3301477432250976562 2.3242845535278320312 2.6318554878234863281 2.8317410945892333984 2.1600623130798339844 1.5018266439437866211
0.3018519282341003418 0.20123504102230072021 0.37105885148048400879 0.37107962369918823242 1.066741943359375 0.99097406864166259766 0.45557183027267456055 0.42806893587112426758 1.2240369319915771484 1.6913423538208007812 1.9409818649291992188 1.4649622440338134766 1.1533735990524291992 1.9678995609283447266 2.1600484848022460938 1.9059875011444091797 2.1953694820404052734 2.5863029956817626953 2.6775660514831542969 2.9569849967956542969 3.2498140335083007812 2.7994091510772705078 1.8643848896026611328 2.4626991748809814453 2.0679116249084472656 0.9884173274040222168 1.3696346282958984375 1.6672433614730834961 1.4625391960144042969 0.73804998397827148438 2.0922360420227050781 2.0146272182464599609 1.8789708614349365234 1.0733720064163208008 0.19356742501258850098 0.96773546934127807617 1.8137762546539306641 2.1038141250610351562 1.3397437334060668945 0.90053933858871459961
0.62513643503189086914 0.39869156479835510254 0.41486746072769165039 0.40498939156532287598 0.94227504730224609375 1.3184152841567993164 0.79803472757339477539 0.12729418277740478516 0.15907458961009979248 0.63956320285797119141 1.6572078466415405273 1.8045254945755004883 1.4229010343551635742 3.0879349708557128906 2.9733519554138183594 1.0187016725540161133 2.2643315792083740234 2.1821877956390380859 1.8551390171051025391 1.6910486221313476562 1.487589716911315918 1.8137494325637817383 0.73250532150268554688 1.508876800537109375 1.6276122331619262695 1.1926379203796386719 1.9817349910736083984 1.3956114053726196289 1.2408927679061889648 0.45558369159698486328 1.1472193002700805664 1.6359882354736328125 0.82115060091018676758 0.32449135184288024902 1.1524908542633056641 1.8843648433685302734 0.51308661699295043945 1.9430539608001708984 1.9931879043579101562 1.3103301525115966797
0.54744738340377807617 0.92492580413818359375 0.76958483457565307617 0.59186929464340209961 0.59442621469497680664 0.89147770404815673828 1.0186986923217773438 0.70292317867279052734 0.35573810338973999023 0.7448711395263671875 0.44661924242973327637 0.92493665218353271484 1.1370141506195068359 2.4618706703186035156 3.4495551586151123047 3.1171047687530517578 2.8167047500610351562 1.8011591434478759766 1.2380393743515014648 1.4405835866928100586 0.99911111593246459961 2.0659658908843994141 1.3814004659652709961 1.7553688287734985352 2.4790737628936767578 2.8095066547393798828 2.0482578277587890625 0.82728815078735351562 0.71504551172256469727 1.4175639152526855469 1.2244707345962524414 2.0776846408843994141 2.2337298393249511719 2.6637313365936279297 3.0780947208404541016 1.1249499320983886719 2.1953573226928710938 2.7550108432769775391 3.2487435340881347656 2.87691497802734375
0.98225843906402587891 0.83276981115341186523 0.8327776789665222168 0.51406520605087280273 0.4136504828929901123 0.41363930702209472656 0.82728344202041625977 1.1026693582534790039 0.85675805807113647461 0.47836866974830627441 0.38317215442657470703 0.38447859883308410645 1.1977298259735107422 1.5225465297698974609 1.981976628303527832 2.8296134471893310547 4.0204958915710449219 3.4788689613342285156 1.323393702507019043 1.1405848264694213867 1.9352257251739501953 2.2452559471130371094 1.5195616483688354492 0.81309145689010620117 3.7054314613342285156 3.8938860893249511719 0.8999665379524230957 0.45559808611869812012 1.374065399169921875 2.9436204433441162109 2.7364044189453125 3.0820486545562744141 3.8887152671813964844 3.3516242504119873047 1.3118582963943481445 3.4457383155822753906 2.832645416259765625 1.804819941520690918 2.7749431133270263672 3.2889354228973388672
0.70434397459030151367 0.31817972660064697266 0.071166433393955230713 0.52670949697494506836 0.86146378517150878906 0.73252218961715698242 0.90556311607360839844 1.3423768281936645508 0.60793358087539672852 0.4522330164909362793 0.65596342086791992188 0.25653937458992004395 0.73804998397827148438 1.5075178146362304688 1.8270889520645141602 2.0681729316711425781 3.3965630531311035156 4.4485311508178710938 3.3371183872222900391 3.2463996410369873047 2.9265646934509277344 2.0086073875427246094 0.92494291067123413086 0.69786065816879272461 4.0482740402221679688 3.3977322578430175781 1.0860102176666259766 1.3766257762908935547 2.2594172954559326172 3.3395581245422363281 2.4692614078521728516 1.9260625839233398438 1.8334743976593017578 1.8463919162750244141 3.4053068161010742188 2.9170558452606201172 2.4495337009429931641 1.2392700910568237305 1.1026780605316162109 1.5534982681274414062
0.68687844276428222656 0.2012503892183303833 0.21345008909702301025 0.30187112092971801758 1.2810280323028564453 2.8947777748107910156 2.4629151821136474609 0.70651948451995849609 0.81308960914611816406 0.56920456886291503906 1.1172479391098022461 0.9884173274040222168 0.55569487810134887695 0.81308531761169433594 1.3141696453094482422 1.7008992433547973633 2.7573943138122558594 3.3937282562255859375 3.1429224014282226562 3.5307586193084716797 2.7278969287872314453 1.697025299072265625 1.1564329862594604492 1.7032811641693115234 4.0033764839172363281 2.4987773895263671875 1.1472193002700805664 1.7151174545288085938 2.659374237060546875 4.1982722282409667969 3.6410813331604003906 1.3740521669387817383 0.10062915831804275513 1.712454676628112793 2.9003434181213378906 2.7949037551879882812 3.3690817356109619141 2.8748116493225097656 0.63640004396438598633 0.21343380212783813477
1.5978130102157592773 0.9884173274040222168 0.62677556276321411133 1.1068040132522583008 3.0550160408020019531 3.5972304344177246094 1.6608437299728393555 1.7645456790924072266 0.24231824278831481934 0.86905699968338012695 1.8510328531265258789 1.0388751029968261719 1.2554917335510253906 0.42809331417083740234 0.54464298486709594727 1.1472185850143432617 2.3535008430480957031 2.7856698036193847656 2.6326274871826171875 2.2373611927032470703 2.2024946212768554688 1.9221097230911254883 2.0383408069610595703 2.5615403652191162109 4.1263446807861328125 2.4643461704254150391 1.4046499729156494141 0.94604212045669555664 3.0163905620574951172 2.4937176704406738281 2.9787950515747070312 3.2687420845031738281 1.8942712545394897461 0.73459643125534057617 2.2271370887756347656 2.1006770133972167969 3.4195427894592285156 3.5135488510131835938 2.1239171028137207031 1.4405699968338012695
1.5325074195861816406 0.95721888542175292969 1.6079115867614746094 2.1083695888519287109 2.2767848968505859375 1.6946259737014770508 1.2281936407089233398 1.8583961725234985352 0.22500982880592346191 1.0766581296920776367 1.4625478982925415039 0.63718378543853759766 0.57362991571426391602 0.54745441675186157227 0.16226048767566680908 0.71149766445159912109 1.3685293197631835938 2.1095852851867675781 2.0563950538635253906 1.9924129247665405273 2.22805023193359375 2.1400485038757324219 2.1717200279235839844 2.9076540470123291016 4.7715663909912109375 5.2129878997802734375 2.6287543773651123047 2.7526142597198486328 2.8672227859497070312 0.34417822957038879395 1.8867744207382202148 2.6310739517211914062 2.4462070465087890625 1.2182577848434448242 1.6593298912048339844 2.0842471122741699219 2.7825727462768554688 4.4279541969299316406 3.8293015956878662109 2.5163199901580810547
1.6838604211807250977 1.7324502468109130859 2.2649881839752197266 2.0353534221649169922 0.96195709705352783203 1.113638758659362793 0.54930567741394042969 1.7748466730117797852 1.1244984865188598633 1.241299748420715332 0.90502554178237915039 0.56384980678558349609 0.44205397367477416992 0.63160979747772216797 0.28462141752243041992 0.54187119007110595703 0.7448628544807434082 0.91169321537017822266 1.3245307207107543945 1.5978103876113891602 1.8477489948272705078 1.9155237674713134766 1.7955422401428222656 2.1057348251342773438 3.3433246612548828125 4.7880344390869140625 4.7686090469360351562 4.7088961601257324219 4.4389967918395996094 4.6741762161254882812 4.8153414726257324219 5.4163661003112792969 4.5192012786865234375 2.6888730525970458984 1.4721992015838623047 1.7725672721862792969 0.28459426760673522949 2.0482566356658935547 3.9723563194274902344 2.7474651336669921875
2.1638042926788330078 2.4352405071258544922 2.4348156452178955078 1.7648267745971679688 0.92768043279647827148 1.3666720390319824219 1.0695930719375610352 2.0443093776702880859 2.4888384342193603516 2.4279522895812988281 1.8982703685760498047 1.4569820165634155273 1.3592228889465332031 1.2425216436386108398 0.73804843425750732422 0.23162730038166046143 0.58411961793899536133 0.68095803260803222656 0.67122429609298706055 0.94924342632293701172 1.4666774272918701172 1.6874605417251586914 1.8137731552124023438 1.84474945068359375 2.024410247802734375 3.4644548892974853516 3.9355640411376953125 4.4284067153930664062 5.5996375083923339844 5.2211127281188964844 5.4002585411071777344 7.2495169639587402344 8.2594861984252929688 6.0110521316528320312 3.8227014541625976562 2.6462121009826660156 2.2344040870666503906 2.0211598873138427734 2.305500030517578125 2.3554136753082275391
2.7703614234924316406 2.7225067615509033203 2.3765892982482910156 1.5377681255340576172 1.3506484031677246094 1.6593316793441772461 2.0842471122741699219 3.4588980674743652344 4.6289420127868652344 4.3618106842041015625 3.7152259349822998047 2.9363923072814941406 2.4645402431488037109 2.2305536270141601562 1.4691003561019897461 0.82789820432662963867 0.38315507769584655762 0.17134170234203338623 0.52187526226043701172 0.55661660432815551758 0.96298962831497192383 1.2810280323028564453 1.5822089910507202148 1.1707911491394042969 1.1824269294738769531 3.1490390300750732422 2.1341319084167480469 1.3506484031677246094 1.2095016241073608398 1.8643848896026611328 2.0363638401031494141 3.0616276264190673828 6.2635402679443359375 7.1697359085083007812 5.5316743850708007812 3.7848641872406005859 3.3121991157531738281 3.2413973808288574219 2.1222410202026367188 1.6399986743927001953
3.2468535900115966797 2.5617456436157226562 1.7121741771697998047 1.754774928092956543 2.4863955974578857422 3.3612601757049560547 3.9021880626678466797 5.018894195556640625 5.377166748046875 5.0079207420349121094 4.2774419784545898438 3.700511932373046875 2.80213165283203125 2.3301491737365722656 1.7918744087219238281 1.2667250633239746094 1.0576832294464111328 0.49498918652534484863 0.31338909268379211426 0.32450562715530395508 0.58498603105545043945 0.45558029413223266602 0.69785124063491821289 0.46329820156097412109 1.4977588653564453125 3.2426617145538330078 2.0539286136627197266 1.0576821565628051758 1.9601559638977050781 2.0563879013061523438 1.2920378446578979492 1.6303918361663818359 2.4445562362670898438 3.7788736820220947266 5.0259375572204589844 4.52579498291015625 3.2206068038940429688 2.75737762451171875 2.8024852275848388672 1.8532266616821289062
3.2147920131683349609 2.6648700237274169922 1.9368033409118652344 3.0779323577880859375 4.0358982086181640625 4.6102762222290039062 3.9319775104522705078 3.8162348270416259766 2.6156585216522216797 2.8401217460632324219 2.6047992706298828125 2.7749378681182861328 2.9533731937408447266 1.4510627985000610352 1.5619390010833740234 1.433185577392578125 1.178980708122253418 0.6395619511604309082 0.13119785487651824951 0.23164731264114379883 0.61781799793243408203 0.60538721084594726562 0.68688124418258666992 0.75432324409484863281 1.1298736333847045898 2.8374485969543457031 3.4068050384521484375 2.8317432403564453125 3.2901551723480224609 2.6479310989379882812 1.7725629806518554688 2.1353037357330322266 2.2063772678375244141 2.3618447780609130859 3.5329091548919677734 5.0977373123168945312 5.8145737648010253906 5.8291015625 6.48072052001953125 5.2251691818237304688
2.4550840854644775391 2.9446444511413574219 3.7110209465026855469 4.150970458984375 4.3339524269104003906 4.2499909400939941406 2.5962550640106201172 2.2907435894012451172 3.2201051712036132812 3.5507256984710693359 4.295345306396484375 3.7013404369354248047 3.2611339092254638672 1.1668906211853027344 0.84905248880386352539 1.0147156715393066406 0.78585875034332275391 0.83701944351196289062 0.82606673240661621094 0.31977957487106323242 0.68022638559341430664 1.5115668773651123047 2.7573869228363037109 2.7601525783538818359 2.7269587516784667969 1.3506453037261962891 2.4445714950561523438 3.2506048679351806641 2.6820931434631347656 2.6540415287017822266 2.3646309375762939453 2.2774565219879150391 2.7821941375732421875 3.2584941387176513672 3.467205047607421875 4.3753113746643066406 5.9172930717468261719 6.6273655891418457031 6.6578421592712402344 7.6804342269897460938
