wildfire/work/fuelmodels/2014/ahn1.asc
ncols        200
nrows        148
xllcorner    182935.000000000000
yllcorner    465920.000000000000
cellsize     5.000000000000
NODATA_value   -999
[rows 57 to 75 of 148, columns 41 to 81 of 200]
35.65000152587890625 35.470001220703125 35.3600006103515625 35.79000091552734375 35.799999237060546875 35.81999969482421875 35.979999542236328125 36.299999237060546875 36.509998321533203125 36.84999847412109375 37.520000457763671875 38.090000152587890625 38.68000030517578125 38.700000762939453125 38.6699981689453125 38.43000030517578125 38.490001678466796875 38.700000762939453125 38.729999542236328125 38.409999847412109375 38.3300018310546875 38.299999237060546875 38.479999542236328125 38.479999542236328125 38.40000152587890625 38.68000030517578125 39.18000030517578125 39.479999542236328125 39.5 39.279998779296875 39.490001678466796875 39.5800018310546875 39.54000091552734375 39.529998779296875 39.560001373291015625 39.270000457763671875 39.3899993896484375 39.229999542236328125 39.240001678466796875 39.200000762939453125 39.15000152587890625
35.369998931884765625 35.450000762939453125 35.490001678466796875 35.79000091552734375 35.84999847412109375 35.970001220703125 36.1399993896484375 36.25 36.3899993896484375 36.93000030517578125 37.549999237060546875 38.029998779296875 38.299999237060546875 38.310001373291015625 38.15000152587890625 38.34999847412109375 38.5 38.810001373291015625 38.65000152587890625 38.479999542236328125 38.240001678466796875 38.299999237060546875 38.470001220703125 38.34999847412109375 38.520000457763671875 38.439998626708984375 38.8600006103515625 39.090000152587890625 39.119998931884765625 39.3300018310546875 39.409999847412109375 39.5 39.68000030517578125 39.81999969482421875 39.5800018310546875 39.630001068115234375 39.45999908447265625 39.3300018310546875 39.009998321533203125 39.06999969482421875 38.909999847412109375
35.3300018310546875 35.40000152587890625 35.45999908447265625 35.490001678466796875 36 35.880001068115234375 36.029998779296875 36.18000030517578125 36.380001068115234375 36.770000457763671875 37.130001068115234375 37.6699981689453125 37.970001220703125 38.090000152587890625 37.979999542236328125 38.029998779296875 38.259998321533203125 38.619998931884765625 38.529998779296875 38.479999542236328125 38.310001373291015625 38.270000457763671875 38.270000457763671875 38.40000152587890625 38.259998321533203125 38.479999542236328125 38.439998626708984375 38.75 39.029998779296875 39.1399993896484375 39.450000762939453125 39.5800018310546875 39.59999847412109375 39.68000030517578125 39.56999969482421875 39.549999237060546875 39.65000152587890625 39.259998321533203125 39.220001220703125 39.09999847412109375 39.1699981689453125
35.34999847412109375 35.3600006103515625 35.43000030517578125 35.43000030517578125 35.6100006103515625 35.8300018310546875 36 36.130001068115234375 36.31999969482421875 36.509998321533203125 36.950000762939453125 37.450000762939453125 37.75 37.880001068115234375 37.81999969482421875 38.060001373291015625 38.340000152587890625 38.4199981689453125 38.439998626708984375 38.369998931884765625 38.270000457763671875 38.25 38.189998626708984375 38.130001068115234375 38.29000091552734375 38.380001068115234375 38.40000152587890625 38.619998931884765625 38.909999847412109375 39.20999908447265625 39.409999847412109375 39.560001373291015625 39.59999847412109375 39.810001373291015625 39.700000762939453125 39.59999847412109375 39.549999237060546875 39.439998626708984375 39.279998779296875 39.09999847412109375 38.990001678466796875
35.29000091552734375 35.310001373291015625 35.31999969482421875 35.479999542236328125 35.630001068115234375 35.9199981689453125 36.119998931884765625 36.189998626708984375 36.31999969482421875 36.340000152587890625 36.720001220703125 37.130001068115234375 37.45999908447265625 37.8600006103515625 38.06999969482421875 38.270000457763671875 38.240001678466796875 38.34999847412109375 38.4199981689453125 38.270000457763671875 38.31999969482421875 38.310001373291015625 38.29000091552734375 38.43000030517578125 38.3600006103515625 38.54000091552734375 38.590000152587890625 38.75 38.95999908447265625 39.009998321533203125 39.1100006103515625 39.470001220703125 39.720001220703125 39.720001220703125 39.619998931884765625 39.3600006103515625 39.490001678466796875 39.200000762939453125 39.1399993896484375 38.970001220703125 38.880001068115234375
35.20999908447265625 35.259998321533203125 35.279998779296875 35.4199981689453125 35.619998931884765625 35.93000030517578125 36.09999847412109375 36.29000091552734375 36.220001220703125 36.20999908447265625 36.799999237060546875 37.279998779296875 37.590000152587890625 37.939998626708984375 38.09999847412109375 38.200000762939453125 38.3600006103515625 38.229999542236328125 38.1399993896484375 38.229999542236328125 38.340000152587890625 38.299999237060546875 38.470001220703125 38.490001678466796875 38.619998931884765625 38.509998321533203125 38.65000152587890625 38.729999542236328125 38.770000457763671875 39.060001373291015625 39.200000762939453125 39.43000030517578125 39.619998931884765625 39.619998931884765625 39.490001678466796875 39.4199981689453125 39.130001068115234375 38.90000152587890625 38.810001373291015625 38.8899993896484375 38.990001678466796875
35.090000152587890625 35.240001678466796875 35.279998779296875 35.409999847412109375 35.65000152587890625 35.880001068115234375 36.220001220703125 36.34999847412109375 36.119998931884765625 36.3899993896484375 36.970001220703125 37.200000762939453125 37.880001068115234375 38.1399993896484375 38.43000030517578125 38.310001373291015625 38.200000762939453125 38.0800018310546875 38.1100006103515625 38.1699981689453125 38.1399993896484375 38.3300018310546875 38.3899993896484375 38.93000030517578125 38.630001068115234375 38.56999969482421875 38.619998931884765625 38.59999847412109375 38.759998321533203125 39.04000091552734375 39.25 39.340000152587890625 39.54000091552734375 39.3300018310546875 39.18000030517578125 38.840000152587890625 39.020000457763671875 39.06999969482421875 39.15000152587890625 39.1100006103515625 39.1100006103515625
35.189998626708984375 35.049999237060546875 35.279998779296875 35.409999847412109375 35.700000762939453125 35.90000152587890625 36.200000762939453125 36.29000091552734375 36.4199981689453125 36.59999847412109375 36.950000762939453125 37.45999908447265625 38.060001373291015625 38.490001678466796875 38.31999969482421875 38.119998931884765625 38.009998321533203125 38.020000457763671875 38.1100006103515625 38.1399993896484375 38.119998931884765625 38.270000457763671875 38.450000762939453125 38.43000030517578125 38.59999847412109375 38.5800018310546875 38.3899993896484375 38.3899993896484375 38.700000762939453125 39.119998931884765625 39.259998321533203125 39.0800018310546875 39.15000152587890625 39.06999969482421875 39.029998779296875 39.3300018310546875 39.479999542236328125 39.450000762939453125 39.3600006103515625 39.200000762939453125 39.25
35.049999237060546875 35.18000030517578125 35.299999237060546875 35.200000762939453125 35.689998626708984375 36.119998931884765625 36.159999847412109375 36.3600006103515625 36.6399993896484375 36.700000762939453125 36.90000152587890625 37.470001220703125 37.799999237060546875 37.95999908447265625 38.060001373291015625 37.9199981689453125 37.95999908447265625 38 38.060001373291015625 38.130001068115234375 38.200000762939453125 38.1699981689453125 38.439998626708984375 38.450000762939453125 38.509998321533203125 38.5 38.380001068115234375 38.369998931884765625 38.56999969482421875 39.009998321533203125 39.130001068115234375 38.95999908447265625 38.90000152587890625 39.049999237060546875 39.3600006103515625 39.529998779296875 39.520000457763671875 39.509998321533203125 39.56999969482421875 39.65000152587890625 39.520000457763671875
35.189998626708984375 35.220001220703125 35.270000457763671875 35.409999847412109375 35.560001373291015625 36.119998931884765625 36.220001220703125 36.439998626708984375 36.8600006103515625 36.79000091552734375 37.240001678466796875 37.479999542236328125 37.68000030517578125 37.8300018310546875 37.869998931884765625 37.979999542236328125 37.81999969482421875 37.799999237060546875 37.81999969482421875 38.009998321533203125 38.090000152587890625 38.1100006103515625 38.229999542236328125 38.409999847412109375 38.479999542236328125 38.529998779296875 38.509998321533203125 38.470001220703125 38.529998779296875 38.90000152587890625 38.84999847412109375 38.8899993896484375 39.1100006103515625 39.29000091552734375 39.56999969482421875 39.70999908447265625 39.720001220703125 39.590000152587890625 39.6399993896484375 39.6100006103515625 39.729999542236328125
35.229999542236328125 35.200000762939453125 35.229999542236328125 35.369998931884765625 35.59999847412109375 35.979999542236328125 36.25 36.509998321533203125 36.659999847412109375 36.869998931884765625 37.25 37.490001678466796875 37.740001678466796875 37.880001068115234375 37.90000152587890625 37.9199981689453125 37.840000152587890625 37.70999908447265625 37.810001373291015625 37.990001678466796875 38.049999237060546875 38.090000152587890625 38.189998626708984375 38.450000762939453125 38.31999969482421875 38.509998321533203125 38.619998931884765625 38.490001678466796875 38.45999908447265625 38.560001373291015625 38.8899993896484375 39.220001220703125 39.3600006103515625 39.29000091552734375 39.380001068115234375 39.450000762939453125 39.279998779296875 39.340000152587890625 39.470001220703125 39.65000152587890625 39.720001220703125
35.299999237060546875 35.240001678466796875 35.31999969482421875 35.479999542236328125 35.56999969482421875 35.8600006103515625 36.29000091552734375 36.6699981689453125 36.700000762939453125 37.04000091552734375 37.34999847412109375 37.520000457763671875 37.65000152587890625 37.729999542236328125 37.909999847412109375 37.9199981689453125 37.81999969482421875 37.720001220703125 37.9199981689453125 38 38 38.130001068115234375 38.18000030517578125 38.40000152587890625 38.340000152587890625 38.450000762939453125 38.369998931884765625 38.40000152587890625 38.65000152587890625 38.990001678466796875 39.270000457763671875 39.3899993896484375 39.439998626708984375 39.259998321533203125 39.240001678466796875 39.229999542236328125 39.189998626708984375 39.200000762939453125 39.380001068115234375 39.40000152587890625 39.659999847412109375
35.520000457763671875 35.189998626708984375 35.299999237060546875 35.40000152587890625 35.5800018310546875 35.970001220703125 36.590000152587890625 36.84999847412109375 36.799999237060546875 37.009998321533203125 37.159999847412109375 37.3899993896484375 37.470001220703125 37.5 37.560001373291015625 37.619998931884765625 37.810001373291015625 37.81999969482421875 37.950000762939453125 38.090000152587890625 38.09999847412109375 38.009998321533203125 38.200000762939453125 38.259998321533203125 38.189998626708984375 38.270000457763671875 38.509998321533203125 38.909999847412109375 39.090000152587890625 39.259998321533203125 39.299999237060546875 39.270000457763671875 39.200000762939453125 39.20999908447265625 39.240001678466796875 39.200000762939453125 39.130001068115234375 39.060001373291015625 39.200000762939453125 39.090000152587890625 39.43000030517578125
35.310001373291015625 35.31999969482421875 35.25 35.45999908447265625 35.6399993896484375 36.29000091552734375 36.70999908447265625 36.68000030517578125 36.93000030517578125 37.18000030517578125 37.240001678466796875 37.43000030517578125 37.479999542236328125 37.45999908447265625 37.560001373291015625 37.450000762939453125 37.689998626708984375 37.75 37.909999847412109375 38.119998931884765625 38.200000762939453125 38.229999542236328125 38.009998321533203125 38.06999969482421875 38.229999542236328125 38.409999847412109375 38.840000152587890625 39.119998931884765625 39.1699981689453125 39.270000457763671875 39.31999969482421875 39.340000152587890625 39.29000091552734375 39.240001678466796875 39.43000030517578125 39.3600006103515625 39.240001678466796875 39.09999847412109375 39.090000152587890625 39.1100006103515625 39.31999969482421875
35.270000457763671875 35.25 35.369998931884765625 35.54000091552734375 35.90000152587890625 36.3600006103515625 36.54000091552734375 36.79000091552734375 37 37.0800018310546875 37.130001068115234375 37.29000091552734375 37.43000030517578125 37.6100006103515625 37.6100006103515625 37.700000762939453125 37.9199981689453125 38.049999237060546875 38.15000152587890625 38.220001220703125 38.09999847412109375 38.20999908447265625 38.450000762939453125 38.45999908447265625 38.43000030517578125 38.45999908447265625 38.6399993896484375 38.8899993896484375 39.020000457763671875 39.159999847412109375 39.369998931884765625 39.520000457763671875 39.490001678466796875 39.590000152587890625 39.75 39.68000030517578125 39.409999847412109375 39.029998779296875 38.8899993896484375 38.990001678466796875 39.3300018310546875
35.189998626708984375 35.29000091552734375 35.470001220703125 35.759998321533203125 36.020000457763671875 36.20999908447265625 36.450000762939453125 36.70999908447265625 37.060001373291015625 37.270000457763671875 37.450000762939453125 37.409999847412109375 37.630001068115234375 37.729999542236328125 37.90000152587890625 38.119998931884765625 38.0800018310546875 38.189998626708984375 38.020000457763671875 38.0800018310546875 38.25 38.31999969482421875 38.470001220703125 38.700000762939453125 38.6399993896484375 38.65000152587890625 38.770000457763671875 38.810001373291015625 38.880001068115234375 39.119998931884765625 39.3600006103515625 39.56999969482421875 39.79000091552734375 39.79000091552734375 39.779998779296875 39.720001220703125 39.31999969482421875 38.93000030517578125 38.770000457763671875 38.950000762939453125 39.270000457763671875
35.200000762939453125 35.409999847412109375 35.659999847412109375 35.840000152587890625 35.9199981689453125 36.189998626708984375 36.5800018310546875 37.029998779296875 37.31999969482421875 37.560001373291015625 37.770000457763671875 37.9199981689453125 38.020000457763671875 38.009998321533203125 37.990001678466796875 37.909999847412109375 37.840000152587890625 38 38.049999237060546875 38.220001220703125 38.09999847412109375 38.25 38.470001220703125 38.590000152587890625 38.65000152587890625 38.840000152587890625 38.729999542236328125 38.810001373291015625 38.90000152587890625 39.25 39.8600006103515625 39.799999237060546875 39.659999847412109375 39.65000152587890625 39.549999237060546875 39.490001678466796875 39.1699981689453125 39 38.909999847412109375 39.029998779296875 39.229999542236328125
35.3899993896484375 35.590000152587890625 35.56999969482421875 35.5800018310546875 35.799999237060546875 36.09999847412109375 36.56999969482421875 36.979999542236328125 37.299999237060546875 37.6399993896484375 37.8899993896484375 38.200000762939453125 38.119998931884765625 37.950000762939453125 37.81999969482421875 37.79000091552734375 38.189998626708984375 38.009998321533203125 38.04000091552734375 37.979999542236328125 38.04000091552734375 38.1100006103515625 38.25 38.549999237060546875 38.630001068115234375 38.659999847412109375 38.6699981689453125 38.79000091552734375 38.990001678466796875 39.240001678466796875 39.59999847412109375 39.779998779296875 39.840000152587890625 39.54000091552734375 39.54000091552734375 39.4199981689453125 39.25 38.909999847412109375 38.84999847412109375 39.029998779296875 39.20999908447265625
35.490001678466796875 35.520000457763671875 35.520000457763671875 35.659999847412109375 35.90000152587890625 36.1100006103515625 36.5 36.8899993896484375 37.1699981689453125 37.3899993896484375 37.5800018310546875 37.810001373291015625 37.6699981689453125 37.759998321533203125 37.939998626708984375 37.840000152587890625 37.720001220703125 37.79000091552734375 37.880001068115234375 37.990001678466796875 38.15000152587890625 38.18000030517578125 38.29000091552734375 38.479999542236328125 38.630001068115234375 38.6100006103515625 38.5 38.5800018310546875 38.68000030517578125 38.93000030517578125 39.200000762939453125 39.189998626708984375 39.369998931884765625 39.25 39.20999908447265625 39.189998626708984375 38.93000030517578125 38.8300018310546875 38.869998931884765625 38.880001068115234375 38.840000152587890625
