wildfire/work/fuelmodels/2014/ahn1.asc
ncols        200
nrows        148
xllcorner    182935.000000000000
yllcorner    465920.000000000000
cellsize     5.000000000000
NODATA_value   -999
[rows 19 to 37 of 148, columns 0 to 40 of 200]
37.9199981689453125 37.950000762939453125 37.909999847412109375 37.95999908447265625 37.79000091552734375 37.759998321533203125 37.700000762939453125 37.779998779296875 37.700000762939453125 37.779998779296875 37.5800018310546875 37.840000152587890625 37.8899993896484375 37.59999847412109375 37.549999237060546875 37.560001373291015625 37.700000762939453125 37.659999847412109375 37.770000457763671875 37.770000457763671875 37.630001068115234375 37.549999237060546875 37.380001068115234375 37.4199981689453125 37.279998779296875 37.31999969482421875 37.229999542236328125 37.20999908447265625 37.18000030517578125 37.1399993896484375 37.29000091552734375 37.270000457763671875 37.3300018310546875 37.259998321533203125 37.1699981689453125 37.220001220703125 37.25 37.20999908447265625 37.279998779296875 37.270000457763671875 37.270000457763671875
38.009998321533203125 37.840000152587890625 37.700000762939453125 37.560001373291015625 37.520000457763671875 37.470001220703125 37.4199981689453125 37.439998626708984375 37.380001068115234375 37.409999847412109375 37.45999908447265625 37.54000091552734375 37.43000030517578125 37.439998626708984375 37.479999542236328125 37.43000030517578125 37.5800018310546875 37.560001373291015625 37.549999237060546875 37.70999908447265625 37.529998779296875 37.450000762939453125 37.270000457763671875 37.59999847412109375 37.799999237060546875 37.4199981689453125 37.34999847412109375 37.189998626708984375 36.799999237060546875 36.84999847412109375 37.159999847412109375 37.43000030517578125 37.43000030517578125 37.119998931884765625 37.369998931884765625 37.20999908447265625 37.1100006103515625 37.15000152587890625 37.130001068115234375 37.3300018310546875 37.229999542236328125
37.729999542236328125 37.59999847412109375 37.549999237060546875 37.450000762939453125 37.59999847412109375 37.45999908447265625 37.340000152587890625 37.130001068115234375 37.09999847412109375 36.95999908447265625 37.060001373291015625 37.060001373291015625 37.130001068115234375 37.189998626708984375 37.409999847412109375 37.3899993896484375 37.409999847412109375 37.560001373291015625 37.340000152587890625 37.380001068115234375 37.259998321533203125 37.25 37.270000457763671875 37.3300018310546875 37.29000091552734375 37.279998779296875 37.5800018310546875 37.970001220703125 36.6399993896484375 36.810001373291015625 37.18000030517578125 37.229999542236328125 37.220001220703125 37.189998626708984375 37.18000030517578125 37.09999847412109375 37.0800018310546875 37.200000762939453125 37.1699981689453125 37.340000152587890625 37.229999542236328125
37.6399993896484375 37.590000152587890625 37.68000030517578125 37.840000152587890625 37.8600006103515625 37.8899993896484375 37.810001373291015625 37.6100006103515625 37.59999847412109375 37.31999969482421875 37.310001373291015625 37.159999847412109375 37.3600006103515625 37.04000091552734375 37.1100006103515625 37.020000457763671875 37.189998626708984375 37.3300018310546875 37.56999969482421875 37 36.93000030517578125 37.009998321533203125 37.0800018310546875 37.220001220703125 37.20999908447265625 37.240001678466796875 37.259998321533203125 37.6399993896484375 36.4199981689453125 36.740001678466796875 36.700000762939453125 37.020000457763671875 37.3600006103515625 37.31999969482421875 37.189998626708984375 37.090000152587890625 37.1100006103515625 37.20999908447265625 37.380001068115234375 37.3300018310546875 37.1399993896484375
37.799999237060546875 37.840000152587890625 37.8600006103515625 37.95999908447265625 37.90000152587890625 37.770000457763671875 37.6699981689453125 37.6100006103515625 37.560001373291015625 37.520000457763671875 37.490001678466796875 37.4199981689453125 37.93000030517578125 37.15000152587890625 37.40000152587890625 37.1699981689453125 36.8899993896484375 36.840000152587890625 36.8600006103515625 36.770000457763671875 36.689998626708984375 36.689998626708984375 36.799999237060546875 36.770000457763671875 36.950000762939453125 36.810001373291015625 36.779998779296875 37.220001220703125 36.56999969482421875 36.630001068115234375 36.65000152587890625 36.6100006103515625 37.3600006103515625 37.220001220703125 37.130001068115234375 37.119998931884765625 37.229999542236328125 37.4199981689453125 37.1100006103515625 37.25 37.380001068115234375
37.8899993896484375 37.840000152587890625 37.729999542236328125 37.729999542236328125 37.6399993896484375 37.549999237060546875 37.529998779296875 37.450000762939453125 37.409999847412109375 37.34999847412109375 37.369998931884765625 37.279998779296875 37.340000152587890625 37.45999908447265625 37.34999847412109375 37.369998931884765625 36.93000030517578125 36.90000152587890625 36.6399993896484375 36.590000152587890625 36.56999969482421875 36.490001678466796875 36.6399993896484375 36.6399993896484375 36.759998321533203125 36.700000762939453125 37.20999908447265625 37.04000091552734375 36.59999847412109375 36.520000457763671875 36.529998779296875 36.6100006103515625 36.90000152587890625 37.119998931884765625 37.130001068115234375 37.1699981689453125 37.130001068115234375 37.340000152587890625 37.220001220703125 37.3899993896484375 37.40000152587890625
37.810001373291015625 37.81999969482421875 37.590000152587890625 37.590000152587890625 37.439998626708984375 37.43000030517578125 37.270000457763671875 37.220001220703125 37.1699981689453125 37.18000030517578125 37.159999847412109375 37.15000152587890625 37.220001220703125 37.220001220703125 37.060001373291015625 36.95999908447265625 36.95999908447265625 36.90000152587890625 36.770000457763671875 36.84999847412109375 36.95999908447265625 36.56999969482421875 36.779998779296875 36.75 36.68000030517578125 36.770000457763671875 36.59999847412109375 36.549999237060546875 36.630001068115234375 36.479999542236328125 36.439998626708984375 36.299999237060546875 36.45999908447265625 36.68000030517578125 36.779998779296875 37.189998626708984375 36.950000762939453125 37.049999237060546875 37.240001678466796875 37.3899993896484375 37.15000152587890625
37.720001220703125 37.470001220703125 37.470001220703125 37.6100006103515625 37.529998779296875 37.509998321533203125 37.490001678466796875 37.3899993896484375 37.34999847412109375 37.31999969482421875 37.29000091552734375 37.240001678466796875 37.1699981689453125 37.43000030517578125 37.310001373291015625 37.060001373291015625 37.270000457763671875 37.270000457763671875 37.529998779296875 37.6399993896484375 37.31999969482421875 37.09999847412109375 37.25 37.15000152587890625 37.09999847412109375 37.020000457763671875 37.060001373291015625 36.840000152587890625 36.79000091552734375 36.68000030517578125 36.409999847412109375 36.34999847412109375 36.340000152587890625 36.450000762939453125 36.529998779296875 36.720001220703125 36.75 36.880001068115234375 36.9199981689453125 37.020000457763671875 36.950000762939453125
37.5800018310546875 37.3300018310546875 37.529998779296875 37.450000762939453125 37.54000091552734375 37.720001220703125 37.56999969482421875 37.5800018310546875 37.470001220703125 37.490001678466796875 37.54000091552734375 37.450000762939453125 37.479999542236328125 37.6100006103515625 37.43000030517578125 37.1399993896484375 37.439998626708984375 37.59999847412109375 37.840000152587890625 37.729999542236328125 37.29000091552734375 37.279998779296875 37.340000152587890625 37.56999969482421875 37.520000457763671875 37.509998321533203125 37.8300018310546875 37.380001068115234375 37.130001068115234375 37.060001373291015625 36.840000152587890625 36.439998626708984375 36.659999847412109375 36.75 37.020000457763671875 36.93000030517578125 37 37.049999237060546875 36.8600006103515625 36.659999847412109375 36.6399993896484375
37.45999908447265625 37.29000091552734375 37.490001678466796875 37.560001373291015625 37.619998931884765625 37.840000152587890625 37.65000152587890625 37.68000030517578125 37.619998931884765625 37.770000457763671875 37.5800018310546875 37.54000091552734375 37.59999847412109375 37.619998931884765625 37.340000152587890625 37.200000762939453125 37.79000091552734375 37.79000091552734375 37.75 37.549999237060546875 37.520000457763671875 37.409999847412109375 37.5 37.68000030517578125 37.490001678466796875 37.509998321533203125 37.520000457763671875 37.54000091552734375 37.189998626708984375 36.950000762939453125 36.770000457763671875 37.220001220703125 37.310001373291015625 37.549999237060546875 37.189998626708984375 37.369998931884765625 37.3600006103515625 37.20999908447265625 37.06999969482421875 36.970001220703125 36.970001220703125
37.439998626708984375 37.18000030517578125 37.8600006103515625 37.549999237060546875 37.630001068115234375 37.9199981689453125 37.970001220703125 37.689998626708984375 37.700000762939453125 37.8300018310546875 37.869998931884765625 37.6399993896484375 37.68000030517578125 37.740001678466796875 37.509998321533203125 37.59999847412109375 37.549999237060546875 37.79000091552734375 37.79000091552734375 37.619998931884765625 37.90000152587890625 37.970001220703125 37.810001373291015625 37.45999908447265625 37.529998779296875 37.229999542236328125 37.630001068115234375 37.45999908447265625 37.119998931884765625 36.880001068115234375 36.5800018310546875 37.060001373291015625 37.159999847412109375 37.200000762939453125 37.81999969482421875 37.68000030517578125 37.56999969482421875 37.34999847412109375 37.31999969482421875 37.18000030517578125 37.009998321533203125
37.3899993896484375 37.310001373291015625 37.25 37.29000091552734375 37.4199981689453125 37.630001068115234375 37.79000091552734375 37.729999542236328125 37.65000152587890625 37.689998626708984375 37.939998626708984375 37.970001220703125 37.810001373291015625 37.5800018310546875 37.6699981689453125 37.869998931884765625 37.9199981689453125 37.9199981689453125 37.93000030517578125 37.970001220703125 38.09999847412109375 38.200000762939453125 38.020000457763671875 37.689998626708984375 37.479999542236328125 37.630001068115234375 37.740001678466796875 37.5800018310546875 37.31999969482421875 36.880001068115234375 36.68000030517578125 36.68000030517578125 36.720001220703125 36.880001068115234375 37.369998931884765625 37.340000152587890625 37.31999969482421875 37.090000152587890625 37.220001220703125 37.090000152587890625 36.95999908447265625
37.439998626708984375 37.34999847412109375 37.31999969482421875 37.299999237060546875 37.270000457763671875 37.549999237060546875 38.029998779296875 37.79000091552734375 37.590000152587890625 37.4199981689453125 37.950000762939453125 37.93000030517578125 37.880001068115234375 37.880001068115234375 37.90000152587890625 37.8600006103515625 37.770000457763671875 37.799999237060546875 38.090000152587890625 38.18000030517578125 38.31999969482421875 38.1699981689453125 37.84999847412109375 37.5800018310546875 37.759998321533203125 38.25 38.18000030517578125 37.770000457763671875 37.3899993896484375 37 36.6100006103515625 36.75 36.5 36.529998779296875 36.759998321533203125 37.1100006103515625 37.240001678466796875 37.4199981689453125 37.340000152587890625 37.159999847412109375 37.060001373291015625
37.31999969482421875 37.380001068115234375 37.40000152587890625 37.279998779296875 37.3300018310546875 37.240001678466796875 37.520000457763671875 37.45999908447265625 37.3300018310546875 37.4199981689453125 37.31999969482421875 37.689998626708984375 37.659999847412109375 37.490001678466796875 37.470001220703125 37.45999908447265625 37.470001220703125 37.6100006103515625 37.979999542236328125 38.130001068115234375 38.409999847412109375 38.259998321533203125 38.15000152587890625 37.8899993896484375 38.20999908447265625 38.409999847412109375 38.310001373291015625 38.009998321533203125 37.700000762939453125 37.060001373291015625 36.549999237060546875 36.81999969482421875 36.529998779296875 36.270000457763671875 36.529998779296875 36.95999908447265625 37.090000152587890625 37.31999969482421875 37.450000762939453125 37.340000152587890625 37.1699981689453125
37.54000091552734375 37.450000762939453125 37.43000030517578125 37.310001373291015625 37.259998321533203125 37.200000762939453125 37.259998321533203125 37.31999969482421875 37.31999969482421875 37.299999237060546875 37.31999969482421875 37.31999969482421875 37.340000152587890625 37.630001068115234375 37.43000030517578125 37.31999969482421875 37.3899993896484375 37.619998931884765625 37.869998931884765625 37.8600006103515625 38.3600006103515625 38.0800018310546875 38.0800018310546875 38.240001678466796875 38.20999908447265625 38.159999847412109375 38.15000152587890625 37.95999908447265625 37.31999969482421875 36.8600006103515625 36.770000457763671875 36.619998931884765625 36.520000457763671875 36.3899993896484375 36.40000152587890625 36.520000457763671875 36.70999908447265625 36.810001373291015625 36.8899993896484375 36.720001220703125 36.560001373291015625
37.299999237060546875 37.299999237060546875 37.29000091552734375 37.380001068115234375 37.310001373291015625 37.200000762939453125 37.1100006103515625 37.20999908447265625 37.220001220703125 37.220001220703125 37.31999969482421875 37.409999847412109375 37.31999969482421875 37.310001373291015625 37.270000457763671875 37.25 37.3899993896484375 37.619998931884765625 38.06999969482421875 38.310001373291015625 38.20999908447265625 37.759998321533203125 37.70999908447265625 37.79000091552734375 37.720001220703125 37.6699981689453125 37.6100006103515625 37.189998626708984375 36.8899993896484375 36.79000091552734375 36.659999847412109375 36.68000030517578125 36.5800018310546875 36.43000030517578125 36.270000457763671875 36.229999542236328125 36.409999847412109375 36.509998321533203125 36.43000030517578125 36.380001068115234375 36.279998779296875
37.490001678466796875 37.310001373291015625 37.340000152587890625 37.5 37.439998626708984375 37.45999908447265625 37.380001068115234375 37.029998779296875 36.75 36.9199981689453125 36.970001220703125 37.220001220703125 37.279998779296875 37.299999237060546875 37.31999969482421875 37.529998779296875 37.619998931884765625 37.840000152587890625 38.18000030517578125 38.15000152587890625 37.8600006103515625 37.54000091552734375 37.5800018310546875 37.549999237060546875 37.5800018310546875 37.520000457763671875 37.270000457763671875 36.979999542236328125 36.840000152587890625 36.720001220703125 36.689998626708984375 36.619998931884765625 36.59999847412109375 36.31999969482421875 36.409999847412109375 36.25 36.299999237060546875 36.369998931884765625 36.279998779296875 36.270000457763671875 36.090000152587890625
37.3300018310546875 37.310001373291015625 37.31999969482421875 37.479999542236328125 37.43000030517578125 37.45999908447265625 37.479999542236328125 37.060001373291015625 36.6699981689453125 36.630001068115234375 36.470001220703125 36.6699981689453125 36.90000152587890625 36.950000762939453125 37.3300018310546875 37.6399993896484375 37.689998626708984375 37.799999237060546875 38 37.93000030517578125 37.79000091552734375 37.659999847412109375 37.68000030517578125 37.6399993896484375 37.45999908447265625 37.009998321533203125 37 36.9199981689453125 36.79000091552734375 36.729999542236328125 36.65000152587890625 36.470001220703125 36.549999237060546875 36.29000091552734375 36.490001678466796875 36.229999542236328125 36.20999908447265625 36.15000152587890625 36.15000152587890625 36.229999542236328125 35.950000762939453125
37.5 37.34999847412109375 37.40000152587890625 37.3899993896484375 37.3600006103515625 37.20999908447265625 37.220001220703125 36.990001678466796875 36.84999847412109375 36.509998321533203125 36.259998321533203125 36.29000091552734375 36.4199981689453125 36.619998931884765625 36.770000457763671875 37.25 37.4199981689453125 37.619998931884765625 37.54000091552734375 37.590000152587890625 37.560001373291015625 37.450000762939453125 37.18000030517578125 37.31999969482421875 36.979999542236328125 36.909999847412109375 36.84999847412109375 36.880001068115234375 36.68000030517578125 36.54000091552734375 36.490001678466796875 36.520000457763671875 36.3300018310546875 36.439998626708984375 36.279998779296875 36.159999847412109375 36.060001373291015625 36.1100006103515625 36.1100006103515625 36.229999542236328125 36.229999542236328125
