wildfire/work/fuelmodels/2014/ahn1.asc
ncols        200
nrows        148
xllcorner    182935.000000000000
yllcorner    465920.000000000000
cellsize     5.000000000000
NODATA_value   -999
[rows 114 to 132 of 148, columns 123 to 163 of 200]
40.549999237060546875 40.630001068115234375 40.810001373291015625 40.84999847412109375 40.95999908447265625 41.020000457763671875 41.020000457763671875 40.950000762939453125 40.84999847412109375 41.020000457763671875 41.15000152587890625 41.09999847412109375 41.049999237060546875 41.270000457763671875 41.270000457763671875 41.240001678466796875 41.18000030517578125 41.279998779296875 41.560001373291015625 41.3300018310546875 41.380001068115234375 41.65000152587890625 41.75 41.720001220703125 41.490001678466796875 41.340000152587890625 41.25 41.3899993896484375 42.029998779296875 41.75 41.6699981689453125 41.729999542236328125 41.729999542236328125 41.59999847412109375 41.369998931884765625 40.729999542236328125 40.25 39.880001068115234375 39.659999847412109375 39.380001068115234375 39.119998931884765625
40.220001220703125 40.159999847412109375 40.470001220703125 40.689998626708984375 40.56999969482421875 40.6699981689453125 40.5 40.43000030517578125 40.45999908447265625 40.520000457763671875 40.630001068115234375 40.689998626708984375 40.59999847412109375 40.560001373291015625 40.509998321533203125 40.590000152587890625 40.59999847412109375 40.799999237060546875 41.0800018310546875 41.259998321533203125 41.3600006103515625 41.6399993896484375 41.68000030517578125 41.630001068115234375 41.509998321533203125 41.40000152587890625 41.3300018310546875 41.439998626708984375 41.560001373291015625 41.619998931884765625 41.6100006103515625 41.34999847412109375 41.189998626708984375 41.270000457763671875 40.93000030517578125 40.3899993896484375 40.200000762939453125 39.939998626708984375 39.59999847412109375 39.1100006103515625 38.470001220703125
39.93000030517578125 40.18000030517578125 40.380001068115234375 40.439998626708984375 40.529998779296875 40.4199981689453125 40.240001678466796875 40.009998321533203125 40.060001373291015625 40.029998779296875 40.029998779296875 40.29000091552734375 40.09999847412109375 40.1399993896484375 40.31999969482421875 40.279998779296875 40.369998931884765625 40.6100006103515625 40.9199981689453125 41.06999969482421875 41.259998321533203125 41.56999969482421875 41.54000091552734375 41.43000030517578125 41.40000152587890625 41.450000762939453125 41.45999908447265625 41.45999908447265625 41.40000152587890625 41.340000152587890625 41.1399993896484375 41 41.310001373291015625 40.939998626708984375 40.93000030517578125 40.700000762939453125 40.259998321533203125 39.6699981689453125 39.1399993896484375 38.549999237060546875 37.979999542236328125
39.95999908447265625 40.200000762939453125 40.450000762939453125 40.590000152587890625 40.5 40.4199981689453125 40.240001678466796875 40.189998626708984375 39.84999847412109375 39.93000030517578125 39.950000762939453125 39.779998779296875 39.93000030517578125 40.369998931884765625 40.54000091552734375 40.15000152587890625 40.240001678466796875 40.509998321533203125 40.779998779296875 40.869998931884765625 41.229999542236328125 41.31999969482421875 41.1399993896484375 41.1100006103515625 41.1100006103515625 41.1100006103515625 41.1699981689453125 40.970001220703125 40.970001220703125 40.75 40.909999847412109375 41.6100006103515625 41.279998779296875 41.1100006103515625 40.979999542236328125 40.45999908447265625 40.18000030517578125 39.29000091552734375 38.869998931884765625 38.529998779296875 38.560001373291015625
39.840000152587890625 40.229999542236328125 40.220001220703125 40.25 40.3300018310546875 40.299999237060546875 40.229999542236328125 40.54000091552734375 40.450000762939453125 39.90000152587890625 39.93000030517578125 39.880001068115234375 39.84999847412109375 39.90000152587890625 39.970001220703125 39.90000152587890625 40.020000457763671875 40.340000152587890625 40.70999908447265625 41.04000091552734375 41.229999542236328125 41.200000762939453125 41.1100006103515625 40.970001220703125 40.880001068115234375 40.59999847412109375 40.299999237060546875 40.3899993896484375 40.689998626708984375 41.479999542236328125 41.8300018310546875 41.840000152587890625 41.520000457763671875 41.130001068115234375 40.439998626708984375 40.060001373291015625 39.79000091552734375 39.380001068115234375 39.159999847412109375 39.06999969482421875 39
39.909999847412109375 39.990001678466796875 39.950000762939453125 40.090000152587890625 40.119998931884765625 40.189998626708984375 40.279998779296875 41.020000457763671875 39.770000457763671875 39.75 39.720001220703125 39.700000762939453125 39.6399993896484375 39.56999969482421875 39.560001373291015625 39.720001220703125 39.65000152587890625 39.8600006103515625 39.880001068115234375 40.0800018310546875 40.560001373291015625 40.979999542236328125 40.3600006103515625 40.3600006103515625 40.189998626708984375 39.799999237060546875 39.909999847412109375 40.229999542236328125 40.619998931884765625 40.65000152587890625 41.029998779296875 41.29000091552734375 41.189998626708984375 40.90000152587890625 39.84999847412109375 39.520000457763671875 39.29000091552734375 39.3600006103515625 39.4199981689453125 38.8899993896484375 38.6699981689453125
39.720001220703125 39.6699981689453125 39.560001373291015625 39.689998626708984375 39.65000152587890625 39.6399993896484375 39.56999969482421875 39.439998626708984375 39.450000762939453125 39.479999542236328125 39.560001373291015625 39.619998931884765625 39.490001678466796875 39.31999969482421875 39.279998779296875 39.1699981689453125 39.240001678466796875 39.1699981689453125 39.220001220703125 39.1699981689453125 39.29000091552734375 39.43000030517578125 39.509998321533203125 39.590000152587890625 39.810001373291015625 39.659999847412109375 39.700000762939453125 40.200000762939453125 40.299999237060546875 40.15000152587890625 40.029998779296875 40.340000152587890625 40.4199981689453125 40.020000457763671875 39.450000762939453125 39.470001220703125 39.0800018310546875 39.049999237060546875 38.770000457763671875 38.56999969482421875 38.56999969482421875
39.34999847412109375 39.380001068115234375 39.310001373291015625 39.29000091552734375 39.29000091552734375 39.279998779296875 39.310001373291015625 39.259998321533203125 39.25 39.220001220703125 39.240001678466796875 39.130001068115234375 39.220001220703125 39.220001220703125 39.200000762939453125 39.18000030517578125 39.09999847412109375 39.189998626708984375 39.1699981689453125 39.15000152587890625 39.04000091552734375 39.259998321533203125 39.259998321533203125 39.299999237060546875 39.340000152587890625 39.310001373291015625 39.450000762939453125 39.520000457763671875 39.54000091552734375 39.590000152587890625 39.560001373291015625 39.75 39.720001220703125 39.560001373291015625 39.200000762939453125 38.939998626708984375 39 38.979999542236328125 39 39.119998931884765625 38.70999908447265625
39.220001220703125 39.189998626708984375 39.20999908447265625 39.270000457763671875 39.25 39.240001678466796875 39.220001220703125 39.1100006103515625 39.09999847412109375 39.119998931884765625 38.909999847412109375 38.970001220703125 38.979999542236328125 39.1100006103515625 39.1399993896484375 39.259998321533203125 39.229999542236328125 39.18000030517578125 39.200000762939453125 39.229999542236328125 39.25 39.119998931884765625 39.15000152587890625 39.1699981689453125 39.369998931884765625 39.40000152587890625 39.369998931884765625 39.259998321533203125 39.1399993896484375 39.29000091552734375 39.310001373291015625 39.31999969482421875 39.229999542236328125 39.090000152587890625 39.5800018310546875 39.509998321533203125 39.40000152587890625 39.43000030517578125 39.45999908447265625 39.340000152587890625 38.970001220703125
39.259998321533203125 39.20999908447265625 39.1699981689453125 39.229999542236328125 39.119998931884765625 39.200000762939453125 39.189998626708984375 39.130001068115234375 39.15000152587890625 39.090000152587890625 39.18000030517578125 39.15000152587890625 39.159999847412109375 39.1699981689453125 39.119998931884765625 39.18000030517578125 39.220001220703125 39.1100006103515625 39.1699981689453125 39.20999908447265625 39.18000030517578125 39.1399993896484375 39.09999847412109375 39.189998626708984375 39.3899993896484375 39.1399993896484375 39.549999237060546875 39.470001220703125 39.270000457763671875 39.049999237060546875 39.119998931884765625 39.1699981689453125 39.1399993896484375 39.549999237060546875 39.799999237060546875 39.8300018310546875 39.689998626708984375 39.729999542236328125 39.759998321533203125 39.490001678466796875 39.229999542236328125
39.31999969482421875 39.25 39.18000030517578125 39.220001220703125 39.18000030517578125 39.159999847412109375 39.20999908447265625 39.020000457763671875 39.119998931884765625 39.25 39.130001068115234375 39.270000457763671875 39.310001373291015625 39.43000030517578125 39.3300018310546875 39.18000030517578125 39.1399993896484375 39.15000152587890625 39.18000030517578125 39.18000030517578125 39.15000152587890625 39.1699981689453125 39.279998779296875 39.43000030517578125 39.5 39.8300018310546875 39.270000457763671875 39.130001068115234375 38.9199981689453125 39.04000091552734375 39.259998321533203125 39.380001068115234375 39.619998931884765625 39.8899993896484375 40.090000152587890625 40.119998931884765625 40.060001373291015625 39.939998626708984375 39.65000152587890625 39.3300018310546875 39.090000152587890625
39.3300018310546875 39.369998931884765625 39.4199981689453125 39.299999237060546875 39.3300018310546875 39.200000762939453125 39.06999969482421875 39.130001068115234375 39.29000091552734375 39.3300018310546875 39.4199981689453125 39.3899993896484375 39.549999237060546875 39.45999908447265625 39.439998626708984375 39.189998626708984375 39.259998321533203125 39.229999542236328125 39.18000030517578125 39.119998931884765625 39.060001373291015625 39.220001220703125 39.25 39.299999237060546875 39.25 39.090000152587890625 39.029998779296875 39.09999847412109375 39.189998626708984375 39.31999969482421875 39.740001678466796875 40.009998321533203125 40.130001068115234375 40.25 40.159999847412109375 40.18000030517578125 40.130001068115234375 40.159999847412109375 39.729999542236328125 39.20999908447265625 39.119998931884765625
39.6699981689453125 39.450000762939453125 39.439998626708984375 39.299999237060546875 39.259998321533203125 39.279998779296875 39.119998931884765625 39.590000152587890625 39.950000762939453125 39.979999542236328125 40.369998931884765625 40.009998321533203125 39.880001068115234375 39.729999542236328125 39.520000457763671875 39.4199981689453125 39.4199981689453125 39.3899993896484375 39.1699981689453125 39.259998321533203125 39.119998931884765625 39.1699981689453125 39.20999908447265625 39.15000152587890625 39.0800018310546875 39.1399993896484375 39.1399993896484375 39.450000762939453125 39.729999542236328125 39.950000762939453125 40.299999237060546875 40.479999542236328125 40.509998321533203125 40.45999908447265625 40.3300018310546875 40.06999969482421875 40.029998779296875 40.0800018310546875 40.029998779296875 39.4199981689453125 39.15000152587890625
40.1399993896484375 39.29000091552734375 39.270000457763671875 39.29000091552734375 39.4199981689453125 39.729999542236328125 40.1699981689453125 40.479999542236328125 40.729999542236328125 40.8600006103515625 40.939998626708984375 40.509998321533203125 40.229999542236328125 39.909999847412109375 39.560001373291015625 39.619998931884765625 39.5 39.3899993896484375 39.340000152587890625 39.240001678466796875 39.090000152587890625 39.18000030517578125 39.299999237060546875 39.3300018310546875 39.6100006103515625 40.1699981689453125 40.720001220703125 40.3600006103515625 40.4199981689453125 40.65000152587890625 40.68000030517578125 40.770000457763671875 40.6699981689453125 40.65000152587890625 40.270000457763671875 39.970001220703125 39.840000152587890625 39.810001373291015625 39.520000457763671875 39.340000152587890625 38.990001678466796875
39.270000457763671875 39.299999237060546875 39.3600006103515625 39.529998779296875 39.770000457763671875 40.5 40.470001220703125 40.5 40.729999542236328125 40.79000091552734375 40.840000152587890625 40.520000457763671875 40.3300018310546875 40.119998931884765625 39.779998779296875 39.590000152587890625 39.470001220703125 39.34999847412109375 39.259998321533203125 39.1100006103515625 39.270000457763671875 39.470001220703125 39.75 40.090000152587890625 40.09999847412109375 40.470001220703125 40.689998626708984375 40.8600006103515625 41 41.020000457763671875 40.909999847412109375 40.880001068115234375 40.909999847412109375 40.65000152587890625 40.6100006103515625 40.200000762939453125 40.06999969482421875 39.909999847412109375 39.65000152587890625 39.40000152587890625 38.70999908447265625
39.25 39.6100006103515625 39.81999969482421875 40.049999237060546875 40.310001373291015625 40.20999908447265625 40.189998626708984375 40.279998779296875 40.43000030517578125 40.759998321533203125 40.759998321533203125 40.5 40.409999847412109375 40.34999847412109375 39.880001068115234375 39.779998779296875 39.779998779296875 39.720001220703125 39.470001220703125 39.43000030517578125 39.9199981689453125 40.279998779296875 40.5 39.939998626708984375 40.09999847412109375 40.439998626708984375 40.729999542236328125 41.310001373291015625 41.43000030517578125 41.3600006103515625 41.1699981689453125 41.049999237060546875 40.95999908447265625 40.81999969482421875 40.700000762939453125 40.479999542236328125 40.31999969482421875 40.119998931884765625 39.9199981689453125 39.259998321533203125 38.490001678466796875
39.529998779296875 39.6699981689453125 39.840000152587890625 40.090000152587890625 40.200000762939453125 40.1399993896484375 40.1100006103515625 40.20999908447265625 40.299999237060546875 40.6399993896484375 40.759998321533203125 40.590000152587890625 40.520000457763671875 40.34999847412109375 40.060001373291015625 40.090000152587890625 39.950000762939453125 39.869998931884765625 39.70999908447265625 39.8600006103515625 39.869998931884765625 39.93000030517578125 39.990001678466796875 39.950000762939453125 40.5 40.770000457763671875 41.18000030517578125 41.509998321533203125 41.380001068115234375 41.3600006103515625 41.310001373291015625 41.3899993896484375 41.020000457763671875 40.84999847412109375 40.8300018310546875 40.840000152587890625 40.56999969482421875 40.18000030517578125 39.729999542236328125 39.06999969482421875 38.200000762939453125
39.759998321533203125 39.84999847412109375 39.970001220703125 40.1399993896484375 39.810001373291015625 39.970001220703125 40.20999908447265625 40.380001068115234375 40.619998931884765625 40.6699981689453125 40.700000762939453125 40.8300018310546875 40.630001068115234375 40.479999542236328125 40.119998931884765625 40.04000091552734375 40.020000457763671875 39.90000152587890625 39.630001068115234375 39.770000457763671875 39.840000152587890625 39.81999969482421875 39.90000152587890625 40.200000762939453125 40.84999847412109375 41.06999969482421875 41.4199981689453125 41.529998779296875 41.259998321533203125 41.299999237060546875 41.25 41.279998779296875 41.270000457763671875 40.979999542236328125 41 41.029998779296875 40.740001678466796875 40.340000152587890625 39.68000030517578125 39.060001373291015625 38.029998779296875
39.909999847412109375 40.020000457763671875 40.20999908447265625 40.279998779296875 40.95999908447265625 40.950000762939453125 40.90000152587890625 40.8600006103515625 40.84999847412109375 40.909999847412109375 40.970001220703125 40.75 40.659999847412109375 40.54000091552734375 40.15000152587890625 40.18000030517578125 40.090000152587890625 39.950000762939453125 39.810001373291015625 39.84999847412109375 39.880001068115234375 39.8899993896484375 39.9199981689453125 40.25 40.95999908447265625 41.1699981689453125 41.529998779296875 41.700000762939453125 41.659999847412109375 41.56999969482421875 41.520000457763671875 41.409999847412109375 41.45999908447265625 41.279998779296875 41.200000762939453125 40.990001678466796875 40.630001068115234375 40.159999847412109375 39.560001373291015625 38.880001068115234375 37.6399993896484375
