wildfire/work/fuelmodels/2014/aspect.asc
ncols        200
nrows        148
xllcorner    182935.000000000000
yllcorner    465920.000000000000
cellsize     5.000000000000
NODATA_value   -999
[rows 38 to 56 of 148, columns 84 to 125 of 200]
304.9918212890625 275.1014404296875 266.120758056640625 285.6893310546875 318.214691162109375 309.8050537109375 310.235748291015625 332.627197265625 359.291839599609375 358.451080322265625 300.83734130859375 316.27239990234375 331.593994140625 341.84307861328125 357.387542724609375 337.853912353515625 278.129364013671875 280.450958251953125 309.0933837890625 44.9944305419921875 63.75844573974609375 45.674076080322265625 12.380620002746582031 334.90289306640625 333.832977294921875 336.104095458984375 331.126708984375 324.658935546875 318.301025390625 300.123443603515625 258.353302001953125 224.4735260009765625 217.0463409423828125 214.3797760009765625 214.8315582275390625 222.1931610107421875 224.2979583740234375 224.828399658203125 223.5709075927734375 224.875213623046875 228.3154754638671875 227.4257659912109375
343.495269775390625 284.885498046875 271.974151611328125 295.23681640625 327.241424560546875 347.251861572265625 335.105438232421875 342.76910400390625 14.945537567138671875 25.377716064453125 309.956878662109375 306.253204345703125 326.103240966796875 309.288543701171875 340.15240478515625 32.84502410888671875 302.3905029296875 285.067779541015625 9.4620790481567382812 84.472442626953125 120.52916717529296875 84.55942535400390625 355.60003662109375 295.973236083984375 282.770233154296875 269.9989013671875 246.8011016845703125 280.783935546875 289.59185791015625 258.690185546875 222.9168701171875 208.959320068359375 201.1312255859375 202.3797454833984375 207.3740997314453125 206.8576202392578125 205.397918701171875 217.3610992431640625 221.6058502197265625 222.692626953125 231.32720947265625 230.9101715087890625
358.70703125 354.427154541015625 288.945831298828125 283.495025634765625 300.389373779296875 337.987884521484375 330.34442138671875 352.5677490234375 65.08599853515625 62.6843719482421875 286.13214111328125 261.05975341796875 228.944366455078125 237.4643096923828125 232.52325439453125 99.94022369384765625 312.08856201171875 281.463226318359375 120.17398834228515625 121.7602691650390625 44.999897003173828125 22.833806991577148438 355.914306640625 244.7983245849609375 214.076629638671875 208.4647674560546875 220.3325347900390625 241.4590301513671875 222.3968658447265625 212.1248931884765625 216.5722198486328125 237.5286407470703125 240.2559814453125 227.72637939453125 207.1208648681640625 190.675811767578125 201.331878662109375 219.03509521484375 219.2251434326171875 222.503570556640625 233.84130859375 228.7572021484375
338.87451171875 7.5686440467834472656 319.288421630859375 275.160491943359375 256.4422607421875 242.670501708984375 232.8350372314453125 158.690338134765625 119.8088226318359375 126.63394927978515625 265.71014404296875 250.70928955078125 219.9569244384765625 218.28973388671875 232.1839752197265625 199.7987060546875 272.353179931640625 255.46514892578125 122.27465057373046875 325.61907958984375 349.43798828125 24.676700592041015625 42.797271728515625 78.688201904296875 234.462554931640625 260.53759765625 275.194091796875 266.98651123046875 239.0359039306640625 271.846649169921875 316.59014892578125 316.244415283203125 319.4835205078125 345.410369873046875 17.102659225463867188 80.31053924560546875 216.3263092041015625 225.5476531982421875 219.04058837890625 220.2101898193359375 226.0348663330078125 217.397613525390625
259.91876220703125 317.290374755859375 321.817474365234375 283.961181640625 255.3350677490234375 218.9452972412109375 194.095245361328125 177.709136962890625 130.8399505615234375 345.465118408203125 316.7613525390625 300.761810302734375 299.576629638671875 253.8855743408203125 255.2558135986328125 267.7965087890625 280.490325927734375 262.146240234375 319.466644287109375 317.636138916015625 345.539794921875 54.884006500244140625 67.864532470703125 60.9453887939453125 306.027130126953125 281.309112548828125 262.092254638671875 268.668426513671875 308.047027587890625 303.540679931640625 319.5279541015625 344.2479248046875 347.6597900390625 342.552093505859375 5.1943063735961914062 11.082581520080566406 5.9646787643432617188 334.045745849609375 253.008331298828125 230.2895660400390625 229.61785888671875 221.1378631591796875
273.899688720703125 268.95770263671875 289.653167724609375 299.0538330078125 282.231048583984375 273.179901123046875 231.34124755859375 254.5774078369140625 279.461456298828125 312.397125244140625 314.144317626953125 316.54742431640625 340.387298583984375 345.676361083984375 303.330108642578125 288.70428466796875 313.208984375 301.398681640625 297.197509765625 292.556671142578125 146.3079071044921875 91.8009185791015625 63.23253631591796875 17.318798065185546875 349.21490478515625 326.724456787109375 312.562591552734375 299.196807861328125 308.210662841796875 317.533172607421875 313.378173828125 328.798583984375 357.645660400390625 335.805999755859375 331.047882080078125 347.632659912109375 2.1212172508239746094 10.228946685791015625 2.3718121051788330078 293.5518798828125 254.7443389892578125 239.7076568603515625
292.750030517578125 278.923095703125 283.7061767578125 301.60662841796875 310.557952880859375 321.75311279296875 359.30926513671875 323.745361328125 323.49761962890625 333.6865234375 314.144317626953125 307.01019287109375 314.999847412109375 324.46234130859375 302.660247802734375 310.87689208984375 342.858642578125 320.06280517578125 285.944915771484375 239.6203460693359375 149.03582763671875 137.0948486328125 52.43181610107421875 17.525501251220703125 0.78439629077911376953 330.571929931640625 331.031524658203125 330.05023193359375 322.90643310546875 325.175079345703125 337.833282470703125 222.397369384765625 259.214813232421875 71.56050872802734375 250.3013458251953125 266.8447265625 320.710357666015625 63.99640655517578125 75.96346282958984375 250.7691802978515625 252.5874786376953125 262.850433349609375
324.76104736328125 317.2537841796875 301.341583251953125 269.517974853515625 259.823760986328125 273.011932373046875 329.036224365234375 309.6436767578125 325.807403564453125 355.673919677734375 329.930694580078125 329.23638916015625 344.4263916015625 318.12164306640625 298.34521484375 306.46844482421875 335.1351318359375 332.24066162109375 281.30908203125 160.55938720703125 148.716888427734375 174.876373291015625 200.5006103515625 188.3653106689453125 221.186187744140625 289.322021484375 305.36151123046875 319.45465087890625 331.47601318359375 358.151885986328125 82.746337890625 176.1847381591796875 214.159210205078125 157.931976318359375 195.80224609375 207.8732757568359375 183.6517181396484375 170.5731658935546875 175.8148651123046875 271.122467041015625 280.870880126953125 275.349853515625
323.6517333984375 329.161376953125 323.879669189453125 227.1605987548828125 242.2917633056640625 245.885223388671875 245.3760986328125 250.345550537109375 218.810882568359375 198.4348297119140625 271.218048095703125 315.8416748046875 354.90679931640625 329.035369873046875 301.341705322265625 288.019012451171875 278.47027587890625 288.43377685546875 110.2252960205078125 117.3776702880859375 128.5808868408203125 182.814666748046875 207.1488800048828125 221.681610107421875 269.3089599609375 300.42498779296875 302.5137939453125 300.301849365234375 286.9254150390625 128.7362213134765625 145.0968475341796875 165.378662109375 166.0540313720703125 161.1998748779296875 179.44342041015625 193.980682373046875 187.3052215576171875 204.879913330078125 264.8763427734375 304.8536376953125 304.507720947265625 271.65960693359375
306.468658447265625 180.00140380859375 147.170806884765625 183.1444854736328125 224.1112213134765625 221.240936279296875 218.0182952880859375 214.0878448486328125 200.9729156494140625 231.07177734375 265.54803466796875 292.873138427734375 344.649169921875 333.6866455078125 302.22784423828125 308.6585693359375 313.666259765625 322.304962158203125 57.0948638916015625 74.453521728515625 45.97075653076171875 3.270862579345703125 357.273834228515625 286.97491455078125 289.35833740234375 291.369903564453125 274.85601806640625 229.8983612060546875 159.0202178955078125 143.8202056884765625 157.0355377197265625 160.9889373779296875 147.9942626953125 151.4763946533203125 177.18450927734375 226.3636932373046875 256.798309326171875 275.2669677734375 273.295257568359375 269.999053955078125 274.552978515625 262.677520751953125
185.196868896484375 148.448699951171875 136.3321685791015625 151.5566864013671875 219.493896484375 228.575714111328125 240.29595947265625 256.798309326171875 302.004913330078125 303.023223876953125 299.641845703125 296.265838623046875 325.375244140625 346.606903076171875 323.40264892578125 328.8397216796875 343.391693115234375 302.90496826171875 92.6422119140625 60.185573577880859375 14.161970138549804688 16.389711380004882812 19.7991180419921875 302.904815673828125 292.787811279296875 297.6878662109375 232.1246337890625 172.5680694580078125 165.529296875 157.1837615966796875 152.1358642578125 174.4275360107421875 175.178863525390625 120.96295166015625 273.011566162109375 278.46990966796875 246.369293212890625 229.1968231201171875 231.8997344970703125 237.906768798828125 249.0145111083984375 261.5443115234375
117.25547027587890625 143.48883056640625 175.4854888916015625 167.003997802734375 294.86285400390625 262.613372802734375 249.2904510498046875 264.513275146484375 303.875244140625 323.9420166015625 326.55938720703125 300.9630126953125 295.46282958984375 327.5283203125 310.364013671875 239.7439727783203125 174.805999755859375 198.4337615966796875 40.42675018310546875 354.092864990234375 2.5447363853454589844 32.47121429443359375 26.31262969970703125 308.990142822265625 296.9560546875 320.806427001953125 110.622772216796875 144.8452911376953125 172.916168212890625 170.0356903076171875 140.647918701171875 189.6047821044921875 226.0223236083984375 166.2628326416015625 197.744598388671875 238.7810821533203125 260.753173828125 267.510223388671875 256.84228515625 249.968658447265625 239.4562835693359375 229.7991485595703125
125.29290008544921875 130.695220947265625 198.434478759765625 217.1462860107421875 241.82110595703125 272.43603515625 276.778839111328125 285.28558349609375 298.91229248046875 327.118072509765625 350.4744873046875 334.85430908203125 304.53948974609375 307.87542724609375 167.9052734375 211.504302978515625 289.98272705078125 321.458221435546875 354.093505859375 321.0430908203125 351.468231201171875 58.9377899169921875 55.389163970947265625 286.15606689453125 248.6694793701171875 180.82989501953125 134.26995849609375 137.8622283935546875 182.72576904296875 193.323516845703125 126.87091827392578125 347.904266357421875 190.71209716796875 174.5875091552734375 215.180267333984375 268.938446044921875 298.81036376953125 318.13568115234375 301.550689697265625 272.1524658203125 232.7913970947265625 211.6068572998046875
126.98267364501953125 98.3253936767578125 248.9603271484375 210.4251708984375 234.4617919921875 264.36871337890625 289.1663818359375 287.10205078125 283.501678466796875 274.39794921875 282.99334716796875 327.52752685546875 297.473419189453125 61.698093414306640625 11.309906005859375 318.65130615234375 326.97540283203125 268.918212890625 178.2628326416015625 200.2823486328125 188.0269775390625 127.923187255859375 133.15191650390625 198.88580322265625 177.7089996337890625 176.0544586181640625 158.6871185302734375 141.505523681640625 192.406951904296875 220.4850921630859375 223.75433349609375 172.694488525390625 126.252593994140625 341.567535400390625 291.570526123046875 285.64141845703125 287.1397705078125 299.5531005859375 305.6640625 295.905548095703125 280.95306396484375 266.759796142578125
109.6988067626953125 130.426544189453125 26.568267822265625 327.5277099609375 294.506561279296875 295.4508056640625 293.317047119140625 273.742340087890625 249.9041595458984375 232.0450592041015625 246.3177947998046875 250.463348388671875 240.2548065185546875 171.873870849609375 312.662353515625 326.63311767578125 16.074151992797851562 126.8711395263671875 156.1610565185546875 162.2837982177734375 172.4049835205078125 156.738372802734375 153.5572052001953125 176.3082275390625 170.9225311279296875 181.8776702880859375 167.59185791015625 145.0074615478515625 188.9146575927734375 243.082855224609375 280.256256103515625 336.391937255859375 357.667236328125 358.2484130859375 336.67388916015625 334.2713623046875 326.550201416015625 324.864990234375 337.735137939453125 338.7901611328125 338.59423828125 350.959564208984375
74.8457794189453125 352.30206298828125 331.476348876953125 340.252593994140625 318.954833984375 317.8616943359375 325.32452392578125 318.9716796875 280.669097900390625 295.709381103515625 343.100616455078125 19.3235015869140625 281.2991943359375 280.71099853515625 285.017486572265625 293.628875732421875 52.306018829345703125 94.99332427978515625 127.983306884765625 130.3641204833984375 137.572845458984375 148.30889892578125 148.430694580078125 179.99884033203125 153.434600830078125 220.2358551025390625 143.1298675537109375 121.3281402587890625 208.0724639892578125 270.806488037109375 298.450469970703125 324.07928466796875 354.216766357421875 359.12847900390625 342.535186767578125 350.185699462890625 347.37994384765625 345.081573486328125 353.324676513671875 345.25555419921875 348.339813232421875 21.801065444946289062
23.8182525634765625 347.140960693359375 338.24908447265625 333.549591064453125 317.332244873046875 319.29779052734375 337.713653564453125 3.3176887035369873047 291.036834716796875 263.45306396484375 222.7536773681640625 84.40023040771484375 2.2906396389007568359 314.99835205078125 197.904083251953125 192.2641143798828125 170.1337738037109375 141.3397369384765625 138.865386962890625 119.577972412109375 16.389848709106445312 3.1395831108093261719 352.445953369140625 2.4896295070648193359 28.644123077392578125 43.89795684814453125 129.0529327392578125 109.9159088134765625 302.7347412109375 290.67022705078125 294.262603759765625 307.6802978515625 341.56427001953125 349.709869384765625 339.690673828125 350.0074462890625 355.31793212890625 2.9441034793853759766 11.564984321594238281 356.986297607421875 4.22211456298828125 29.797655105590820312
336.29620361328125 327.32373046875 338.09051513671875 325.86334228515625 310.97869873046875 320.87188720703125 95.0124359130859375 156.4763641357421875 204.443359375 204.4435577392578125 194.1586761474609375 193.096435546875 187.9265594482421875 176.7291717529296875 179.9995880126953125 192.994537353515625 161.564666748046875 100.00765228271484375 339.192291259765625 334.680877685546875 348.164703369140625 355.797576904296875 354.023773193359375 19.3947296142578125 50.3320159912109375 59.123004913330078125 85.98552703857421875 310.912872314453125 304.379669189453125 309.698333740234375 308.299957275390625 316.1009521484375 335.02764892578125 340.941497802734375 330.394775390625 340.3453369140625 356.49560546875 14.520237922668457031 19.948961257934570312 358.429779052734375 7.9696183204650878906 21.239988327026367188
262.625579833984375 275.273040771484375 295.624969482421875 295.76068115234375 274.0098876953125 169.7344970703125 143.7458953857421875 171.702484130859375 186.1263427734375 196.0394744873046875 220.4617919921875 241.43988037109375 214.1591033935546875 218.1561279296875 303.28668212890625 349.407440185546875 6.2257895469665527344 10.739113807678222656 314.694549560546875 308.857177734375 334.9964599609375 355.181549072265625 13.706936836242675781 72.64586639404296875 93.47196197509765625 101.39516448974609375 96.23431396484375 307.683685302734375 310.553619384765625 322.088531494140625 323.54620361328125 325.553070068359375 335.811798095703125 339.607696533203125 320.47662353515625 320.8897705078125 1.9749813079833984375 33.206573486328125 12.050680160522460938 349.555938720703125 11.633645057678222656 26.30489349365234375
