wildfire/work/fuelmodels/2014/aspect.asc
ncols        200
nrows        148
xllcorner    182935.000000000000
yllcorner    465920.000000000000
cellsize     5.000000000000
NODATA_value   -999
[rows 57 to 75 of 148, columns 84 to 125 of 200]
261.689483642578125 254.054107666015625 246.800872802734375 224.9996337890625 208.326934814453125 179.483306884765625 129.053375244140625 4.2678542137145996094 343.29998779296875 326.51312255859375 297.800811767578125 304.379608154296875 350.932830810546875 353.745330810546875 298.886016845703125 134.9996795654296875 161.26654052734375 198.0719146728515625 249.2429656982421875 250.68194580078125 229.478790283203125 194.9529571533203125 128.417877197265625 106.67850494384765625 107.90419769287109375 95.3430328369140625 349.56158447265625 321.1201171875 312.61334228515625 320.814910888671875 321.553436279296875 323.129302978515625 337.32769775390625 338.859405517578125 322.22357177734375 329.867462158203125 25.346136093139648438 32.195529937744140625 0.8071009516716003418 245.55426025390625 135.9547271728515625 102.01129913330078125
321.910614013671875 281.309722900390625 252.14923095703125 235.4595184326171875 252.2344512939453125 297.439117431640625 335.55523681640625 0.37614765763282775879 15.372216224670410156 9.117679595947265625 290.04449462890625 257.2418212890625 192.587188720703125 159.5372161865234375 183.6407470703125 160.820465087890625 170.8234405517578125 204.403656005859375 228.91363525390625 236.9180755615234375 217.8221588134765625 187.373321533203125 152.786956787109375 126.418731689453125 112.18994140625 321.128326416015625 327.03973388671875 327.093963623046875 307.508514404296875 297.376953125 301.5682373046875 311.66082763671875 339.2603759765625 323.4027099609375 311.45050048828125 0.85461837053298950195 101.30916595458984375 136.5905609130859375 153.2956695556640625 167.470794677734375 190.73236083984375 147.9944610595703125
303.274078369140625 325.079864501953125 325.49078369140625 327.235107421875 305.058624267578125 282.436553955078125 291.914215087890625 358.51776123046875 51.724239349365234375 58.102718353271484375 231.7093658447265625 208.51080322265625 182.8383331298828125 163.1089935302734375 167.8282012939453125 165.3286285400390625 182.4288330078125 218.8058013916015625 233.651947021484375 243.818878173828125 242.9528961181640625 179.1181488037109375 125.71128082275390625 114.75135040283203125 71.56488037109375 298.92266845703125 304.645965576171875 319.05865478515625 295.172698974609375 294.5965576171875 307.607666015625 327.90667724609375 6.7660846710205078125 312.20703125 287.3863525390625 119.05463409423828125 132.291778564453125 147.7448577880859375 150.140472412109375 186.03271484375 285.750518798828125 359.0057373046875
294.192657470703125 314.592987060546875 341.800079345703125 354.666778564453125 245.224151611328125 242.3374176025390625 238.4670257568359375 199.5213165283203125 115.32703399658203125 112.88033294677734375 160.7872772216796875 177.4547271728515625 174.313568115234375 173.2423858642578125 177.220245361328125 154.2895355224609375 237.52850341796875 240.2548065185546875 250.734100341796875 262.481719970703125 263.0230712890625 145.8399505615234375 101.89954376220703125 95.78542327880859375 303.042694091796875 286.1181640625 285.80181884765625 311.423004150390625 312.785980224609375 312.796630859375 318.04632568359375 350.536834716796875 29.320413589477539062 330.421783447265625 196.3878326416015625 116.30088043212890625 121.12224578857421875 132.878631591796875 140.710052490234375 303.139801025390625 281.00836181640625 125.5354156494140625
310.77716064453125 298.908721923828125 35.53936767578125 123.9300079345703125 166.15887451171875 221.4475860595703125 217.6786346435546875 192.6769561767578125 160.6268463134765625 147.1662139892578125 161.0532684326171875 168.274444580078125 168.9962005615234375 190.5121002197265625 212.11126708984375 210.0045928955078125 248.1979217529296875 267.272491455078125 273.640411376953125 273.0289306640625 242.47442626953125 158.0846710205078125 127.2344207763671875 121.70891571044921875 276.032562255859375 280.3673095703125 280.3543701171875 295.3251953125 305.226043701171875 300.730743408203125 301.36236572265625 23.1988372802734375 61.76268768310546875 57.72493743896484375 122.73486328125 116.44956207275390625 111.14580535888671875 101.88864898681640625 305.941070556640625 300.963043212890625 285.25439453125 117.64507293701171875
295.865631103515625 302.704071044921875 30.677801132202148438 82.998565673828125 133.090484619140625 192.0017242431640625 199.606689453125 185.4635162353515625 175.399383544921875 175.0411834716796875 156.4250946044921875 145.250762939453125 169.2372589111328125 196.1885833740234375 215.5371246337890625 234.536041259765625 266.0987548828125 302.06103515625 288.87939453125 264.763702392578125 178.754302978515625 159.3214874267578125 144.363037109375 163.3546905517578125 268.787872314453125 271.366851806640625 276.18792724609375 279.592498779296875 277.805755615234375 275.304443359375 278.1292724609375 7.4314179420471191406 36.86995697021484375 52.594493865966796875 88.635833740234375 98.54511260986328125 78.5360107421875 1.6369297504425048828 319.7298583984375 314.389617919921875 333.434295654296875 8.2191410064697265625
290.97259521484375 277.650054931640625 95.70928192138671875 72.6207275390625 66.42496490478515625 36.87024688720703125 317.384796142578125 71.564483642578125 177.70758056640625 255.6501922607421875 77.47165679931640625 98.61560821533203125 159.5375213623046875 224.999053955078125 278.713897705078125 287.13958740234375 298.360565185546875 293.87481689453125 280.230438232421875 224.9994659423828125 150.042572021484375 158.865478515625 164.19708251953125 243.1887054443359375 259.522003173828125 257.3636474609375 265.53448486328125 272.5072021484375 269.5013427734375 266.240966796875 269.118011474609375 295.904937744140625 88.22840118408203125 102.26438140869140625 100.22174835205078125 68.120758056640625 18.662405014038085938 343.278411865234375 330.413787841796875 330.29388427734375 351.026641845703125 40.0537261962890625
313.180572509765625 177.7084808349609375 178.20928955078125 113.0087127685546875 93.3176422119140625 126.868865966796875 288.9041748046875 2.9608190059661865234 7.9269804954528808594 329.9307861328125 21.161378860473632812 81.696441650390625 98.42691802978515625 275.90545654296875 289.600006103515625 291.850860595703125 295.232269287109375 263.659515380859375 233.895538330078125 167.3993682861328125 139.6159210205078125 167.17108154296875 274.762786865234375 289.766265869140625 268.263519287109375 258.689453125 254.0362091064453125 240.2076263427734375 232.2364349365234375 231.9962615966796875 213.689544677734375 186.0085601806640625 159.20562744140625 148.5140533447265625 161.782318115234375 340.202117919921875 346.60675048828125 325.58087158203125 321.42803955078125 327.489715576171875 28.810705184936523438 69.9340972900390625
16.1884765625 79.87493896484375 139.968597412109375 138.269622802734375 90.95447540283203125 23.198083877563476562 290.224334716796875 314.044586181640625 20.637298583984375 16.557004928588867188 116.24076080322265625 102.66487884521484375 83.15731048583984375 280.00732421875 276.505096435546875 283.7711181640625 317.826416015625 32.4711151123046875 186.4491729736328125 158.886077880859375 159.88677978515625 271.7349853515625 296.13031005859375 278.789764404296875 272.693572998046875 268.773101806640625 254.1854095458984375 222.7537841796875 210.1728973388671875 208.810211181640625 196.513702392578125 185.271270751953125 168.29327392578125 162.2766571044921875 245.157073974609375 290.50787353515625 320.262176513671875 288.661712646484375 274.707183837890625 260.537109375 99.86553955078125 86.00891876220703125
80.9096832275390625 87.13759613037109375 107.78374481201171875 140.4400482177734375 78.3407135009765625 22.38021087646484375 266.46685791015625 234.7821197509765625 149.74310302734375 144.5538330078125 144.3977813720703125 143.820068359375 175.7631072998046875 254.2674102783203125 262.3282470703125 274.331787109375 300.302001953125 93.93011474609375 135.63641357421875 146.6332244873046875 285.780517578125 297.863128662109375 306.869232177734375 269.99969482421875 271.453338623046875 271.974334716796875 260.881622314453125 211.4456939697265625 201.22698974609375 206.564544677734375 195.9449920654296875 196.3686065673828125 195.4029998779296875 239.21539306640625 279.359344482421875 286.072845458984375 313.22808837890625 316.651702880859375 290.399505615234375 218.1561279296875 128.8110504150390625 118.61006927490234375
149.796661376953125 124.82450103759765625 135.8546295166015625 168.069915771484375 154.983062744140625 161.146697998046875 200.806304931640625 217.538909912109375 145.95391845703125 119.23247528076171875 110.18534088134765625 135.63616943359375 192.669464111328125 235.78399658203125 251.165679931640625 242.55291748046875 197.4952392578125 138.25970458984375 139.085296630859375 274.267822265625 298.876922607421875 299.475433349609375 323.12945556640625 299.218963623046875 275.508392333984375 266.47784423828125 239.9309539794921875 172.987518310546875 201.22296142578125 228.71484375 219.907562255859375 225.4851226806640625 229.6103973388671875 250.8763885498046875 263.41729736328125 271.974090576171875 292.067169189453125 328.472381591796875 338.96185302734375 133.567840576171875 124.796142578125 122.75347137451171875
156.18109130859375 144.3664093017578125 151.7979278564453125 196.3878326416015625 19.536407470703125 14.035853385925292969 356.5308837890625 272.3853759765625 131.2684478759765625 100.98021697998046875 82.9260406494140625 101.1883544921875 202.379913330078125 256.02899169921875 260.89935302734375 238.05462646484375 183.2957000732421875 154.459564208984375 210.30230712890625 289.190399169921875 293.921600341796875 260.361419677734375 200.6951751708984375 238.0688323974609375 262.54241943359375 257.960357666015625 204.805572509765625 161.3226776123046875 256.550628662109375 287.285491943359375 322.124114990234375 316.487152099609375 284.33013916015625 278.656890869140625 283.43756103515625 284.94677734375 277.08917236328125 265.099853515625 342.823333740234375 40.648853302001953125 79.41815185546875 93.6676483154296875
130.68353271484375 101.97577667236328125 333.777191162109375 339.443023681640625 354.945343017578125 10.953894615173339844 37.405124664306640625 117.71775054931640625 146.4105377197265625 163.810394287109375 146.376800537109375 126.06923675537109375 272.601715087890625 281.597625732421875 270.65045166015625 230.9311065673828125 159.443634033203125 178.5671844482421875 284.035491943359375 293.123016357421875 283.133331298828125 192.5286102294921875 181.9087677001953125 241.7704010009765625 263.178131103515625 261.40350341796875 279.292236328125 332.1019287109375 317.34033203125 323.38623046875 347.6600341796875 351.816741943359375 336.844024658203125 322.621734619140625 322.19287109375 306.693572998046875 277.01568603515625 279.950042724609375 312.599090576171875 43.399776458740234375 93.6053619384765625 136.176788330078125
54.038784027099609375 356.820526123046875 302.1639404296875 321.9102783203125 10.30460357666015625 78.31095123291015625 108.43500518798828125 128.0995635986328125 146.245147705078125 160.6526947021484375 156.6555938720703125 167.7995147705078125 277.213623046875 269.039337158203125 226.244873046875 196.2596588134765625 177.273223876953125 295.730010986328125 301.983673095703125 307.5386962890625 234.464141845703125 147.8743896484375 200.094482421875 265.814453125 268.362762451171875 271.887481689453125 304.146820068359375 321.16937255859375 327.048614501953125 336.389129638671875 352.38720703125 352.009857177734375 342.72747802734375 338.717132568359375 348.886199951171875 352.099700927734375 336.500518798828125 280.691436767578125 263.60491943359375 110.85431671142578125 106.796173095703125 134.9999237060546875
138.0526123046875 177.2731170654296875 231.822906494140625 216.0688629150390625 157.3799591064453125 136.1808929443359375 127.056304931640625 126.5728607177734375 134.5450439453125 141.1693572998046875 154.5356903076171875 266.98681640625 267.8245849609375 252.4068450927734375 222.7536773681640625 219.6847686767578125 279.38848876953125 289.1864013671875 286.7618408203125 242.649383544921875 295.34429931640625 42.336841583251953125 330.6422119140625 283.7811279296875 287.579376220703125 286.85772705078125 279.487091064453125 279.301422119140625 285.85516357421875 305.59210205078125 336.171875 337.49859619140625 327.109893798828125 340.22479248046875 12.15486907958984375 25.407800674438476562 356.34710693359375 321.5655517578125 287.353118896484375 110.1084442138671875 97.51184844970703125 341.5643310546875
153.8332672119140625 176.231048583984375 214.99151611328125 202.9015655517578125 167.633026123046875 146.92041015625 137.862152099609375 129.155242919921875 104.589141845703125 56.690185546875 352.693572998046875 285.39501953125 265.73138427734375 266.575347900390625 285.254180908203125 311.185272216796875 296.1463623046875 267.37310791015625 223.1521759033203125 193.2978668212890625 232.30535888671875 330.253692626953125 350.9415283203125 292.732574462890625 286.5865478515625 270.743316650390625 252.4561767578125 246.424774169921875 251.3244171142578125 271.5067138671875 299.648773193359375 226.81781005859375 249.5665283203125 259.82379150390625 79.651336669921875 89.15740966796875 294.14508056640625 310.79412841796875 64.52133941650390625 96.07213592529296875 93.93448638916015625 299.271636962890625
159.7746124267578125 184.7274322509765625 203.9965057373046875 193.7990875244140625 171.0977020263671875 147.419952392578125 137.6835174560546875 145.56072998046875 134.9996795654296875 63.4358978271484375 326.308807373046875 312.9542236328125 295.177001953125 283.911865234375 282.263946533203125 291.521759033203125 295.522918701171875 258.895843505859375 231.709442138671875 232.9426727294921875 259.777374267578125 248.551483154296875 276.3389892578125 269.2034912109375 236.52294921875 224.067901611328125 253.522613525390625 268.45123291015625 280.107147216796875 299.577117919921875 6.1529603004455566406 61.597881317138671875 216.1790618896484375 215.6070709228515625 168.5908660888671875 134.5556182861328125 223.136993408203125 215.650482177734375 134.5261688232421875 116.895965576171875 147.171142578125 253.2455596923828125
181.6360321044921875 211.18426513671875 172.6655731201171875 176.443634033203125 173.9035797119140625 156.1241607666015625 158.12615966796875 203.428009033203125 312.137298583984375 354.172454833984375 325.303314208984375 310.451263427734375 314.999481201171875 316.659576416015625 287.151947021484375 262.092529296875 260.5372314453125 285.641510009765625 285.254180908203125 271.735107421875 257.0921630859375 218.4173583984375 222.5455322265625 228.6517791748046875 237.1830596923828125 280.42962646484375 293.121673583984375 290.116729736328125 274.4725341796875 262.036712646484375 152.879486083984375 93.93277740478515625 154.1786956787109375 215.7268524169921875 185.0630950927734375 162.241455078125 184.7111358642578125 185.4736785888671875 156.1117401123046875 142.50823974609375 175.2960052490234375 212.161651611328125
221.1849517822265625 207.6984710693359375 152.71600341796875 151.771331787109375 177.3967132568359375 154.438323974609375 356.185333251953125 321.00811767578125 328.535186767578125 350.095001220703125 328.599517822265625 304.6942138671875 309.160003662109375 337.889984130859375 305.536865234375 264.804931640625 259.80322265625 264.17266845703125 242.7434234619140625 232.9689788818359375 218.557586669921875 231.653472900390625 262.303192138671875 248.3549041748046875 269.38330078125 287.927215576171875 291.9024658203125 281.438446044921875 250.1896514892578125 216.2653656005859375 183.25848388671875 150.50018310546875 158.5229034423828125 194.2012481689453125 181.2725677490234375 169.4529876708984375 171.454345703125 178.48516845703125 167.623291015625 160.910186767578125 178.830535888671875 194.157257080078125
