wildfire/work/fuelmodels/2014/aspect.asc
ncols        200
nrows        148
xllcorner    182935.000000000000
yllcorner    465920.000000000000
cellsize     5.000000000000
NODATA_value   -999
[rows 57 to 75 of 148, columns 0 to 41 of 200]
0 110.05628204345703125 87.13785552978515625 355.425567626953125 64.36563873291015625 78.2026214599609375 70.8668365478515625 74.05463409423828125 145.304168701171875 174.2451171875 164.744537353515625 150.017913818359375 115.34333038330078125 314.99993896484375 306.527740478515625 314.999267578125 303.3104248046875 227.2896881103515625 239.7427978515625 280.007537841796875 305.0233154296875 314.759033203125 331.43231201171875 326.75714111328125 296.564056396484375 133.289825439453125 130.4189453125 113.08318328857421875 101.954193115234375 115.20082855224609375 141.5196380615234375 169.4718475341796875 163.7667388916015625 220.332489013671875 244.74652099609375 154.65325927734375 129.6675567626953125 146.8640289306640625 156.5950164794921875 157.9889373779296875 267.396240234375 224.9994659423828125
0 171.9948577880859375 323.879119873046875 10.007662773132324219 94.05645751953125 87.627899169921875 85.914093017578125 123.68978118896484375 118.30072021484375 112.38021087646484375 108.43548583984375 314.99615478515625 313.314849853515625 322.00091552734375 322.695159912109375 334.884124755859375 38.660785675048828125 224.9951019287109375 276.89178466796875 287.3272705078125 282.71685791015625 268.222259521484375 206.7866973876953125 182.3187103271484375 165.2028961181640625 145.7779388427734375 147.4277801513671875 144.7063751220703125 127.8304595947265625 101.02321624755859375 106.164337158203125 180.854522705078125 188.1295318603515625 241.11309814453125 238.4954681396484375 152.5922088623046875 118.8275146484375 114.88697052001953125 134.9996795654296875 250.344390869140625 205.9053955078125 175.10101318359375
0 219.5912628173828125 248.131072998046875 97.12471771240234375 96.07222747802734375 94.4279022216796875 96.441162109375 110.92400360107421875 116.56496429443359375 102.9949493408203125 85.23691558837890625 301.428253173828125 311.888458251953125 329.443328857421875 337.618927001953125 355.36370849609375 28.470464706420898438 27.645929336547851562 289.653167724609375 268.1517333984375 242.943572998046875 207.00787353515625 185.921966552734375 172.87457275390625 159.421539306640625 149.9310455322265625 148.175506591796875 165.1945037841796875 180.46173095703125 144.605010986328125 75.66872406005859375 75.14167022705078125 183.945587158203125 189.7819976806640625 196.92681884765625 173.7457427978515625 128.2901153564453125 35.727138519287109375 55.61946868896484375 231.33990478515625 171.0270843505859375 131.8203277587890625
0 224.6683502197265625 217.8085479736328125 167.5820770263671875 118.0243988037109375 103.39240264892578125 95.19412994384765625 86.377838134765625 95.1933135986328125 26.564989089965820312 341.5640869140625 328.518585205078125 331.04833984375 343.88037109375 338.828582763671875 356.77734375 39.607879638671875 49.653209686279296875 292.5736083984375 257.390777587890625 227.8618011474609375 195.3265838623046875 183.45831298828125 164.61114501953125 156.022857666015625 142.75140380859375 121.9146270751953125 155.281951904296875 206.8959503173828125 198.924285888671875 138.856292724609375 123.2313232421875 153.853363037109375 160.640625 194.8578033447265625 183.5447235107421875 218.1906280517578125 203.19622802734375 88.36348724365234375 225.00384521484375 165.2548065185546875 139.573699951171875
0 209.2909393310546875 206.7634429931640625 184.2276458740234375 139.908721923828125 112.9635467529296875 110.87914276123046875 115.34635162353515625 108.4351348876953125 311.582916259765625 319.602081298828125 326.721710205078125 334.467193603515625 347.48046875 336.110321044921875 9.5467700958251953125 70.11126708984375 76.90410614013671875 281.30889892578125 247.4786224365234375 218.33282470703125 181.236083984375 163.32708740234375 150.1327362060546875 165.2562408447265625 132.6623382568359375 111.152923583984375 138.365997314453125 203.5865631103515625 209.9308624267578125 158.4281005859375 129.8822479248046875 148.7359619140625 149.82598876953125 261.0272216796875 60.939891815185546875 233.4262542724609375 206.8772430419921875 113.70261383056640625 156.038726806640625 144.4615020751953125 162.2156219482421875
0 298.61016845703125 304.874847412109375 169.3799591064453125 144.117401123046875 111.70475006103515625 99.71291351318359375 106.0735015869140625 348.682525634765625 295.321533203125 301.817626953125 314.86505126953125 330.221405029296875 342.2987060546875 290.281829833984375 125.06159210205078125 107.91620635986328125 103.55823516845703125 274.897705078125 266.0081787109375 234.7816925048828125 141.339935302734375 121.865997314453125 134.9999237060546875 168.1973876953125 149.1419830322265625 127.30358123779296875 133.8059539794921875 167.3189239501953125 209.43792724609375 197.300262451171875 115.97411346435546875 141.7657623291015625 175.600799560546875 224.9998016357421875 172.569000244140625 176.0535736083984375 192.3074798583984375 161.8619537353515625 164.320098876953125 161.839874267578125 193.56988525390625
0 304.9910888671875 66.8017578125 120.1137847900390625 152.969207763671875 145.619171142578125 125.9090118408203125 151.50360107421875 229.762847900390625 270.38897705078125 267.052886962890625 250.8494720458984375 196.8396148681640625 172.2877044677734375 171.563873291015625 145.502655029296875 113.96224212646484375 84.6232452392578125 334.5360107421875 352.404052734375 348.6898193359375 118.49503326416015625 118.050445556640625 128.92730712890625 144.462066650390625 138.0125274658203125 132.5457611083984375 140.3318023681640625 153.6662445068359375 198.7112274169921875 204.5070037841796875 147.4578094482421875 140.3315277099609375 240.3758392333984375 282.338226318359375 137.7265777587890625 158.2939910888671875 188.129669189453125 171.656219482421875 144.292938232421875 160.7087554931640625 231.3397979736328125
0 185.52679443359375 141.54608154296875 141.1828155517578125 153.43511962890625 150.61102294921875 123.00302886962890625 162.75701904296875 257.27471923828125 248.928619384765625 239.157073974609375 212.0817718505859375 183.1171417236328125 172.5303802490234375 168.61322021484375 143.19390869140625 69.47601318359375 22.640241622924804688 7.2142467498779296875 54.949981689453125 128.11761474609375 133.9764404296875 130.36419677734375 126.20904541015625 141.04376220703125 151.3479156494140625 140.7102813720703125 142.35198974609375 154.8546905517578125 181.5760650634765625 204.0009002685546875 168.8632659912109375 157.202728271484375 251.90557861328125 214.9196319580078125 128.8841552734375 146.975738525390625 214.694793701171875 205.8209228515625 70.01641082763671875 347.90576171875 314.999267578125
0 132.7968292236328125 134.5375213623046875 147.8353271484375 159.10205078125 83.66547393798828125 42.99066925048828125 48.012737274169921875 215.5374603271484375 232.920379638671875 233.2351226806640625 211.744842529296875 194.242889404296875 205.5594329833984375 218.9903717041015625 328.495452880859375 46.68462371826171875 69.6767730712890625 115.10424041748046875 137.275177001953125 149.035888671875 144.162017822265625 153.165740966796875 144.6777801513671875 149.7688751220703125 161.0532989501953125 148.0383758544921875 143.568817138671875 148.5355987548828125 167.1248626708984375 199.5724639892578125 184.7628326416015625 221.2673187255859375 224.9994659423828125 182.009552001953125 148.8282623291015625 119.47601318359375 254.8979339599609375 272.289581298828125 354.8045654296875 33.692089080810546875 10.00868988037109375
0 118.1907501220703125 112.1658172607421875 127.8744354248046875 163.609375 189.4618682861328125 155.7718505859375 134.4925384521484375 178.7807464599609375 213.1574859619140625 215.537139892578125 206.8177642822265625 206.5644989013671875 213.1574554443359375 196.103179931640625 184.8152313232421875 165.4525604248046875 155.6043701171875 150.809356689453125 156.2860260009765625 164.259002685546875 152.61798095703125 154.369598388671875 153.4343719482421875 156.6885833740234375 156.948577880859375 147.2003631591796875 155.97314453125 155.2820281982421875 163.886993408203125 191.3085479736328125 209.052947998046875 251.1747589111328125 264.472137451171875 353.657562255859375 9.4625949859619140625 68.19850921630859375 272.910064697265625 270.80584716796875 314.99615478515625 6.3408875465393066406 344.05340576171875
0 105.8319854736328125 49.610443115234375 40.155612945556640625 95.79253387451171875 151.573638916015625 163.57427978515625 144.9258575439453125 177.108367919921875 207.473785400390625 207.6714630126953125 206.094970703125 206.8377532958984375 201.8961639404296875 183.93939208984375 175.8472137451171875 167.724395751953125 161.8196868896484375 157.21710205078125 156.9969024658203125 168.80767822265625 165.96343994140625 144.462188720703125 140.44012451171875 167.618194580078125 119.93042755126953125 113.3849945068359375 147.6806488037109375 185.5269317626953125 281.310943603515625 339.445098876953125 299.055145263671875 276.469390869140625 290.135986328125 334.798126220703125 22.750652313232421875 57.52846527099609375 306.869537353515625 278.745758056640625 239.035247802734375 295.200408935546875 350.83563232421875
0 247.618499755859375 55.0080718994140625 83.10758209228515625 100.8402099609375 117.44637298583984375 144.9042205810546875 138.7514801025390625 170.537078857421875 198.0471343994140625 204.0065765380859375 199.7217559814453125 192.5008087158203125 197.93304443359375 183.191314697265625 166.5217437744140625 165.1977691650390625 151.597869873046875 158.87432861328125 129.80413818359375 82.87386322021484375 351.86907958984375 33.6901092529296875 42.954437255859375 34.215335845947265625 97.12419891357421875 79.62392425537109375 32.660732269287109375 323.745086669921875 339.544952392578125 9.60533905029296875 26.301303863525390625 263.289764404296875 254.858489990234375 279.162322998046875 349.69415283203125 15.361359596252441406 350.2169189453125 337.0673828125 334.439453125 312.1842041015625 5.5272793769836425781
0 200.03692626953125 153.9700927734375 148.0383758544921875 111.037200927734375 96.93412017822265625 120.96382904052734375 127.234832763671875 145.304168701171875 197.744049072265625 191.0027923583984375 186.4489593505859375 192.7830352783203125 211.577972412109375 194.9313201904296875 173.04644775390625 179.9995880126953125 100.78495025634765625 6.3417758941650390625 10.010156631469726562 42.6143341064453125 16.388248443603515625 14.038781166076660156 54.462390899658203125 70.56015777587890625 101.821746826171875 94.63501739501953125 44.999897003173828125 284.46954345703125 294.6947021484375 50.194568634033203125 77.9051361083984375 246.8002777099609375 265.4454345703125 292.3795166015625 324.129730224609375 0.70746427774429321289 25.115020751953125 3.8133890628814697266 292.380859375 269.999969482421875 18.4378204345703125
0 179.3836212158203125 160.9637908935546875 168.1971893310546875 144.1173248291015625 107.59210205078125 91.97476959228515625 66.8012542724609375 54.781497955322265625 343.611602783203125 68.19805908203125 116.56389617919921875 246.50146484375 259.69500732421875 276.007904052734375 291.799346923828125 318.365264892578125 23.962320327758789062 5.4400000572204589844 58.241748809814453125 110.55623626708984375 111.3710784912109375 171.0261383056640625 134.99786376953125 87.3971710205078125 82.4755401611328125 100.007232666015625 140.9055633544921875 239.6203765869140625 223.590728759765625 155.5556793212890625 101.3099212646484375 342.645416259765625 280.06005859375 282.2640380859375 280.40704345703125 150.941741943359375 99.68799591064453125 104.0349273681640625 205.017852783203125 239.620208740234375 195.253662109375
0 121.50368499755859375 138.01312255859375 168.023590087890625 123.6895751953125 109.230133056640625 77.7344970703125 29.5772857666015625 49.513195037841796875 45.00135040283203125 38.663448333740234375 10.175904273986816406 325.5380859375 299.426605224609375 316.1011962890625 331.259490966796875 342.09466552734375 7.5941009521484375 16.388805389404296875 44.999897003173828125 18.43459320068359375 40.099750518798828125 74.74414825439453125 154.9813079833984375 110.05558013916015625 83.92740631103515625 85.7637481689453125 78.689605712890625 269.25543212890625 231.7090301513671875 178.9942779541015625 123.1107025146484375 328.239898681640625 282.26422119140625 273.62103271484375 215.133453369140625 189.78106689453125 83.6593475341796875 26.564441680908203125 4.3985233306884765625 269.9971923828125 211.502655029296875
0 28.495687484741210938 14.743333816528320312 353.57562255859375 38.829792022705078125 83.92743682861328125 174.09295654296875 168.68994140625 143.4717254638671875 176.985107421875 330.9454345703125 4.3979239463806152344 278.61492919921875 281.308868408203125 293.628631591796875 313.75457763671875 335.694854736328125 22.478494644165039062 10.124094009399414062 16.821489334106445312 42.18410491943359375 101.928985595703125 129.4273681640625 329.038665771484375 22.28551483154296875 57.4259033203125 89.99979400634765625 108.4346923828125 265.236083984375 234.86566162109375 206.5649261474609375 203.1986236572265625 276.63226318359375 278.615020751953125 281.30926513671875 341.564971923828125 349.3804931640625 354.803497314453125 342.406005859375 13.78179931640625 60.52484893798828125 289.6529541015625
0 42.954524993896484375 21.271474838256835938 5.4770388603210449219 88.32498931884765625 96.88620758056640625 144.7268829345703125 164.42681884765625 158.7027587890625 223.49114990234375 239.0350494384765625 108.435791015625 279.46197509765625 276.18798828125 256.700408935546875 257.124420166015625 292.109527587890625 13.108633041381835938 1.9305057525634765625 359.383209228515625 56.31009674072265625 76.75974273681640625 17.10286712646484375 318.6207275390625 9.4623661041259765625 56.2007293701171875 61.631031036376953125 94.97015380859375 195.395233154296875 226.040924072265625 259.507171630859375 313.023895263671875 306.3834228515625 308.51605224609375 315.51983642578125 348.689453125 16.389959335327148438 7.4954609870910644531 333.798614501953125 2.9360320568084716797 35.770214080810546875 338.805084228515625
0 137.22369384765625 136.9745330810546875 148.695587158203125 133.6596527099609375 118.4427032470703125 37.403743743896484375 33.690227508544921875 32.005123138427734375 276.84283447265625 238.134124755859375 278.13092041015625 300.37908935546875 300.61834716796875 327.136077880859375 331.219146728515625 323.929840087890625 345.80072021484375 11.899754524230957031 29.64986419677734375 59.322643280029296875 56.4817962646484375 5.0794835090637207031 289.982391357421875 126.86968994140625 98.1298675537109375 75.2563323974609375 71.2217254638671875 10.304209709167480469 282.72344970703125 308.245697021484375 329.36932373046875 332.818023681640625 337.74066162109375 336.884857177734375 346.263031005859375 46.636806488037109375 44.999897003173828125 309.55828857421875 351.86944580078125 35.869686126708984375 334.28912353515625
0 168.2062530517578125 95.5274505615234375 84.66766357421875 95.88227081298828125 99.78255462646484375 303.688507080078125 54.8666839599609375 27.25567626953125 353.659088134765625 325.17462158203125 311.34674072265625 307.874114990234375 307.247650146484375 330.944732666015625 347.795440673828125 339.96624755859375 344.802001953125 9.9341144561767578125 24.831745147705078125 30.8198699951171875 44.39983367919921875 40.502544403076171875 89.9987945556640625 131.6333465576171875 115.20082855224609375 100.49106597900390625 87.33673858642578125 340.905548095703125 309.351043701171875 306.9234619140625 319.80731201171875 335.9603271484375 352.18359375 20.119562149047851562 23.630075454711914062 90.000030517578125 105.39543914794921875 251.564453125 282.99432373046875 10.839821815490722656 337.618743896484375
