wildfire/work/fuelmodels/2014/aspect.asc
ncols        200
nrows        148
xllcorner    182935.000000000000
yllcorner    465920.000000000000
cellsize     5.000000000000
NODATA_value   -999
[rows 38 to 56 of 148, columns 42 to 83 of 200]
43.30454254150390625 43.85986328125 16.042692184448242188 28.17840576171875 171.0977935791015625 195.54107666015625 177.5453338623046875 190.6696929931640625 223.69775390625 177.509490966796875 203.6288299560546875 277.351470947265625 325.618927001953125 299.968994140625 305.632568359375 26.24121856689453125 342.552581787109375 312.95379638671875 322.882232666015625 322.711212158203125 321.95233154296875 328.074798583984375 326.2027587890625 319.520263671875 322.5555419921875 349.202728271484375 349.035797119140625 349.379547119140625 352.920257568359375 350.536773681640625 346.685333251953125 312.878204345703125 306.758758544921875 306.86932373046875 287.19805908203125 101.30970001220703125 97.91722869873046875 113.9618072509765625 200.559326171875 0 349.50836181640625 339.623504638671875
143.99560546875 116.22579193115234375 106.58725738525390625 125.93332672119140625 136.9974822998046875 199.9823760986328125 195.944671630859375 194.839752197265625 177.3673248291015625 186.9107513427734375 213.689483642578125 257.13665771484375 295.8795166015625 302.470794677734375 303.178070068359375 9.566486358642578125 345.734893798828125 309.07867431640625 315.4503173828125 352.873992919921875 312.66192626953125 315.486785888671875 332.17974853515625 324.852264404296875 319.657379150390625 346.907379150390625 355.913787841796875 330.944549560546875 332.903533935546875 351.86907958984375 344.499786376953125 311.127838134765625 308.1243896484375 326.45806884765625 81.86533355712890625 121.372344970703125 85.235595703125 32.774402618408203125 351.2528076171875 334.83123779296875 356.7099609375 15.395648956298828125
166.2687530517578125 155.9652099609375 137.6221466064453125 113.06137847900390625 87.95475006103515625 307.40435791015625 198.4362335205078125 207.25579833984375 121.67507171630859375 228.3660125732421875 260.292938232421875 276.469329833984375 293.4581298828125 302.1947021484375 292.8328857421875 313.0904541015625 324.08978271484375 294.726593017578125 302.379852294921875 344.356903076171875 322.527740478515625 311.2562255859375 319.762908935546875 301.50360107421875 288.434600830078125 332.525299072265625 356.7099609375 337.3397216796875 327.394622802734375 347.968719482421875 342.0712890625 314.999420166015625 314.144134521484375 18.97027587890625 105.16426849365234375 133.3630828857421875 156.801483154296875 15.255587577819824219 336.296630859375 336.673736572265625 4.5738148689270019531 2.9109063148498535156
170.4328155517578125 142.494903564453125 123.68924713134765625 122.59214019775390625 114.44203948974609375 149.033966064453125 164.0566864013671875 269.998382568359375 352.74627685546875 344.930267333984375 298.5506591796875 278.864105224609375 274.615753173828125 267.396759033203125 284.34844970703125 316.34716796875 336.12420654296875 309.212127685546875 307.496185302734375 329.479095458984375 324.461578369140625 303.788604736328125 306.06866455078125 318.94415283203125 305.31048583984375 324.110748291015625 351.869049072265625 351.0263671875 333.434173583984375 339.58935546875 326.055511474609375 309.4718017578125 327.857513427734375 82.002410888671875 94.87387847900390625 25.253652572631835938 357.97760009765625 0 296.258026123046875 316.14483642578125 36.869899749755859375 320.193450927734375
213.6878814697265625 135.0002899169921875 121.42937469482421875 130.1007843017578125 146.3092803955078125 167.3798828125 216.6338348388671875 245.8535003662109375 277.305328369140625 316.362945556640625 322.8680419921875 300.761962890625 289.653289794921875 304.737945556640625 320.0787353515625 331.1883544921875 349.166229248046875 334.42596435546875 315.942352294921875 329.33935546875 331.965484619140625 298.966705322265625 312.6900634765625 344.301300048828125 324.309051513671875 315.9541015625 353.79559326171875 4.3982834815979003906 352.405059814453125 290.555023193359375 299.44451904296875 296.13568115234375 99.16251373291015625 110.733001708984375 116.564910888671875 291.801483154296875 345.962738037109375 359.998779296875 314.999542236328125 326.309173583984375 81.57300567626953125 238.392547607421875
285.253753662109375 72.75862884521484375 90.74401092529296875 122.47100067138671875 136.8176727294921875 199.9824066162109375 278.325408935546875 320.0126953125 310.8770751953125 312.095489501953125 322.072723388671875 321.304595947265625 329.43524169921875 324.13336181640625 326.108642578125 331.48785400390625 344.5106201171875 343.085052490234375 330.077117919921875 356.7032470703125 358.53045654296875 319.524017333984375 311.081085205078125 336.892913818359375 335.49639892578125 320.331390380859375 3.5033965110778808594 18.434391021728515625 38.480617523193359375 298.779083251953125 287.60687255859375 280.0799560546875 116.17486572265625 110.885467529296875 133.363372802734375 187.00079345703125 234.865509033203125 302.77410888671875 323.841278076171875 5.092315673828125 44.24588775634765625 12.803613662719726562
217.1463470458984375 122.1243743896484375 106.69905853271484375 131.9551849365234375 157.3797454833984375 261.6339111328125 284.656005859375 309.659881591796875 315.388824462890625 315.33624267578125 322.158355712890625 323.376434326171875 335.57672119140625 332.074462890625 328.329559326171875 332.032196044921875 330.52313232421875 326.120513916015625 322.868408203125 1.0811498165130615234 359.038909912109375 329.406005859375 302.47076416015625 314.99945068359375 347.136444091796875 358.697418212890625 341.5640869140625 14.161826133728027344 17.14040374755859375 324.74298095703125 300.310516357421875 286.698150634765625 94.52457427978515625 76.660400390625 52.5946807861328125 1.4685674905776977539 301.121551513671875 300.962799072265625 292.55609130859375 85.60186767578125 89.99979400634765625 38.28984832763671875
203.5867767333984375 167.3067169189453125 123.4395751953125 94.39861297607421875 314.99798583984375 287.353240966796875 285.8511962890625 293.275177001953125 305.26226806640625 314.999176025390625 324.325286865234375 327.26409912109375 334.653045654296875 335.8426513671875 334.350006103515625 340.152557373046875 345.96319580078125 293.83709716796875 253.2011260986328125 282.030487060546875 345.96295166015625 337.134521484375 300.131072998046875 302.259765625 350.959991455078125 14.036502838134765625 330.254364013671875 7.6329526901245117188 21.705217361450195312 316.761688232421875 293.008270263671875 113.1978302001953125 107.50040435791015625 59.035919189453125 40.15601348876953125 354.956634521484375 293.476776123046875 265.461334228515625 199.65338134765625 161.1136016845703125 124.87514495849609375 330.592010498046875
150.6420440673828125 143.1291656494140625 166.4283905029296875 20.9421844482421875 12.994305610656738281 286.6988525390625 273.477294921875 279.4617919921875 295.9996337890625 312.49151611328125 326.468719482421875 329.2183837890625 326.23614501953125 328.45782470703125 335.853668212890625 338.628814697265625 17.488306045532226562 35.536808013916015625 275.410980224609375 277.3515625 315.86749267578125 334.13287353515625 318.300994873046875 319.873016357421875 2.891445159912109375 24.567327499389648438 334.178375244140625 140.7096099853515625 119.35742950439453125 192.8745269775390625 223.51129150390625 128.6598968505859375 115.16783905029296875 266.1844482421875 34.287384033203125 353.85223388671875 310.68353271484375 291.038421630859375 180.0011444091796875 54.456878662109375 318.46820068359375 312.193145751953125
204.44384765625 90.7638397216796875 212.9044189453125 220.9140625 106.389892578125 264.6097412109375 270.28448486328125 284.5338134765625 291.249786376953125 300.9630126953125 329.71673583984375 346.666259765625 322.852447509765625 314.999267578125 343.1407470703125 8.9734325408935546875 100.49106597900390625 22.067901611328125 311.632843017578125 298.071685791015625 294.273895263671875 306.717071533203125 324.3763427734375 348.689117431640625 22.932024002075195312 63.43463134765625 132.7970123291015625 160.9059906005859375 150.25469970703125 179.9995880126953125 216.14129638671875 159.904510498046875 115.01747894287109375 271.1220703125 341.56427001953125 334.28814697265625 305.90869140625 351.868865966796875 332.84930419921875 352.1300048828125 340.786651611328125 310.199554443359375
261.097137451171875 73.217742919921875 63.434803009033203125 219.6438751220703125 160.6400909423828125 286.031158447265625 290.44879150390625 291.824462890625 288.16900634765625 289.178314208984375 321.771484375 12.900773048400878906 5.1940135955810546875 276.5460205078125 171.8689117431640625 129.6441497802734375 180.00177001953125 305.837005615234375 292.912200927734375 292.619140625 294.9173583984375 291.60809326171875 307.974700927734375 19.358793258666992188 80.8582000732421875 104.58011627197265625 115.7095947265625 105.25464630126953125 64.98415374755859375 352.87249755859375 232.594390869140625 213.1102752685546875 327.09356689453125 314.999267578125 330.94476318359375 329.035797119140625 312.13677978515625 326.3089599609375 332.50836181640625 352.046142578125 0.00018366872973274439573 335.03631591796875
247.2028961181640625 154.43988037109375 41.30840301513671875 344.4749755859375 344.4754638671875 315.443328857421875 297.170928955078125 287.4404296875 283.557830810546875 280.42315673828125 262.605621337890625 128.5581207275390625 125.53804779052734375 224.9988250732421875 164.980682373046875 146.3093109130859375 307.47552490234375 326.8524169921875 319.3037109375 313.280548095703125 304.094085693359375 271.97418212890625 259.539520263671875 111.89318084716796875 102.01590728759765625 94.87372589111328125 33.486358642578125 5.9470133781433105469 19.536838531494140625 21.160953521728515625 355.600341796875 334.133270263671875 335.4090576171875 324.461517333984375 344.63763427734375 355.10028076171875 326.744964599609375 314.691253662109375 324.301300048828125 5.5430531501770019531 55.25675201416015625 98.12969970703125
224.9994659423828125 180.9087982177734375 235.174835205078125 309.558837890625 338.12591552734375 317.885894775390625 293.24786376953125 285.813446044921875 282.017120361328125 268.40826416015625 195.944793701171875 171.1069793701171875 188.7462005615234375 273.812774658203125 24.445095062255859375 320.04150390625 302.346649169921875 320.544708251953125 332.056396484375 311.2840576171875 284.742950439453125 263.40643310546875 248.5907440185546875 141.270660400390625 97.0574798583984375 39.288970947265625 6.6053314208984375 7.2747344970703125 23.663066864013671875 26.56536865234375 5.7928009033203125 327.5283203125 316.16864013671875 321.095123291015625 341.3536376953125 357.425750732421875 339.200103759765625 285.254547119140625 279.46160888671875 82.7630767822265625 100.930877685546875 150.0676727294921875
278.1259765625 35.537990570068359375 286.38897705078125 283.767486572265625 296.5645751953125 271.16851806640625 277.189453125 279.069061279296875 276.4195556640625 249.178375244140625 175.155303955078125 211.15863037109375 235.9226226806640625 236.3098602294921875 279.46124267578125 300.378082275390625 285.61029052734375 287.500335693359375 308.21044921875 307.762603759765625 313.66754150390625 299.45318603515625 282.578399658203125 130.06048583984375 115.67644500732421875 329.035736083984375 349.82427978515625 20.449274063110351562 19.502225875854492188 11.310326576232910156 15.326814651489257812 1.4685484170913696289 321.940185546875 320.053131103515625 336.720184326171875 357.70843505859375 19.76700592041015625 263.9267578125 225.6579132080078125 150.9954376220703125 112.23787689208984375 131.697967529296875
230.7091217041015625 302.903778076171875 284.18377685546875 256.078369140625 215.7529296875 266.36614990234375 272.544036865234375 267.452056884765625 256.066680908203125 223.918731689453125 188.1293792724609375 221.42303466796875 215.537506103515625 233.0267181396484375 275.439605712890625 306.510162353515625 297.2545166015625 295.46282958984375 275.710052490234375 282.060455322265625 301.1080322265625 291.587066650390625 260.537078857421875 99.19654083251953125 47.490020751953125 304.42547607421875 326.44891357421875 14.506422042846679688 13.954334259033203125 359.639007568359375 5.4690771102905273438 0.25235965847969055176 335.88494873046875 324.461700439453125 318.57568359375 347.9044189453125 59.5603179931640625 58.496089935302734375 217.404296875 156.31744384765625 122.47090911865234375 102.14422607421875
263.29058837890625 279.727325439453125 292.10894775390625 268.20941162109375 260.53717041015625 267.67791748046875 266.710113525390625 261.97698974609375 249.80694580078125 239.23101806640625 228.899810791015625 182.044647216796875 212.5499114990234375 250.3237152099609375 276.729949951171875 305.216796875 299.5106201171875 294.86285400390625 295.25250244140625 287.24072265625 289.67962646484375 285.641510009765625 143.7469024658203125 103.29845428466796875 345.068084716796875 286.188323974609375 292.067291259765625 343.987823486328125 14.118874549865722656 2.4896767139434814453 352.961181640625 353.452911376953125 354.010955810546875 348.30987548828125 293.197906494140625 236.307708740234375 78.0702362060546875 38.773929595947265625 27.897993087768554688 90.8302764892578125 109.2305908203125 79.04582977294921875
286.92767333984375 279.02703857421875 295.0162353515625 289.72161865234375 282.093963623046875 262.375244140625 262.9383544921875 263.53802490234375 254.744232177734375 231.7714385986328125 212.96881103515625 194.8264312744140625 286.798004150390625 293.002044677734375 294.304046630859375 297.2835693359375 285.523193359375 308.852325439453125 322.83465576171875 314.999267578125 298.855194091796875 264.09417724609375 111.03717803955078125 125.5375823974609375 296.56475830078125 314.402557373046875 307.693450927734375 320.709747314453125 10.008176803588867188 5.4039034843444824219 352.21551513671875 352.746002197265625 45.895259857177734375 40.91495513916015625 314.999267578125 16.259992599487304688 64.28943634033203125 91.21846771240234375 111.64342498779296875 94.39771270751953125 36.869701385498046875 34.46051025390625
212.9045867919921875 255.629150390625 269.1177978515625 281.3096923828125 227.1210174560546875 255.06817626953125 266.674072265625 261.69921875 237.5996551513671875 236.5916290283203125 268.26373291015625 314.540802001953125 318.64544677734375 319.27508544921875 322.12445068359375 333.165435791015625 310.461578369140625 296.965118408203125 288.047210693359375 248.050750732421875 197.6218109130859375 191.1033477783203125 167.61883544921875 164.744903564453125 261.868927001953125 292.41192626953125 318.1539306640625 322.852203369140625 9.7280673980712890625 8.5694665908813476562 358.314117431640625 22.010875701904296875 68.96207427978515625 53.36553955078125 269.99993896484375 130.4256744384765625 112.38016510009765625 118.7798919677734375 111.8015289306640625 343.442535400390625 20.323129653930664062 33.48604583740234375
162.7579803466796875 251.0641632080078125 267.1370849609375 315.004730224609375 265.23565673828125 281.600738525390625 274.715972900390625 260.44122314453125 259.37969970703125 288.63934326171875 309.903594970703125 331.807891845703125 333.714324951171875 332.101776123046875 332.01959228515625 319.7633056640625 309.882171630859375 241.2597198486328125 180.724822998046875 182.8151092529296875 184.859161376953125 191.3095245361328125 179.1358184814453125 183.0769805908203125 234.1296539306640625 257.636932373046875 269.10418701171875 170.311981201171875 174.3511199951171875 200.771636962890625 209.746917724609375 81.8694915771484375 69.17899322509765625 57.264385223388671875 110.55458831787109375 143.1295928955078125 114.90460205078125 81.326202392578125 17.242082595825195312 244.0923004150390625 134.2040863037109375 146.8211517333984375
