wildfire/work/fuelmodels/2014/slope.asc
ncols        200
nrows        148
xllcorner    182935.000000000000
yllcorner    465920.000000000000
cellsize     5.000000000000
NODATA_value   -999
[rows 108 to 125 of 148, columns 80 to 119 of 200]
1.8932023048400878906 1.2599122524261474609 1.1733931303024291992 1.3291189670562744141 0.37107548117637634277 0.13500298559665679932 0.79547196626663208008 0.45559808611869812012 0.52671462297439575195 0.10062147676944732666 0.39870220422744750977 0.88005214929580688477 1.6874523162841796875 3.0071568489074707031 3.9287600517272949219 5.0043058395385742188 5.4385609626770019531 4.8777832984924316406 3.0591652393341064453 1.6970233917236328125 0.32449373602867126465 0.73804998397827148438 0.47835654020309448242 0.49397984147071838379 0.85496813058853149414 1.5538086891174316406 1.6544384956359863281 1.1454409360885620117 0.27372831106185913086 0.63398814201354980469 0.73801392316818237305 0.85378175973892211914 1.7207006216049194336 0.86440825462341308594 1.0466382503509521484 3.8801357746124267578 6.1020946502685546875 7.5574884414672851562 8.80975341796875 9.528034210205078125
0.51308512687683105469 0.36279731988906860352 1.8011661767959594727 1.6012912988662719727 0.29336518049240112305 0.17135298252105712891 0.76497989892959594727 1.1836999654769897461 0.85969936847686767578 0.65595519542694091797 0.60372775793075561523 0.19355545938014984131 1.4121974706649780273 1.8551276922225952148 2.3275418281555175781 2.462688446044921875 1.9593814611434936523 1.433185577392578125 3.1941318511962890625 2.7527954578399658203 0.93580585718154907227 0.99455738067626953125 0.99860918521881103516 0.5944378972053527832 0.8327776789665222168 1.3696140050888061523 1.2157526016235351562 0.71149766445159912109 0.70649552345275878906 0.69856053590774536133 0.20374384522438049316 2.0383651256561279297 2.8237028121948242188 2.8116748332977294922 3.9875617027282714844 6.2364797592163085938 6.1477680206298828125 5.7312960624694824219 5.7790722846984863281 5.6248617172241210938
1.9352176189422607422 1.8716999292373657227 2.3963029384613037109 1.1249482631683349609 0.54744452238082885742 0.33220124244689941406 0.35575982928276062012 0.29336649179458618164 0.36278876662254333496 1.3483793735504150391 0.56383812427520751953 0.45000657439231872559 1.9155308008193969727 2.6540474891662597656 3.2168390750885009766 4.0672993659973144531 4.2924041748046875 3.9824969768524169922 3.8953335285186767578 1.4514299631118774414 1.6657133102416992188 0.72699010372161865234 0.99861574172973632812 0.72559237480163574219 1.046619415283203125 1.6288480758666992188 0.48569276928901672363 0.095467634499073028564 0.22499608993530273438 0.86438554525375366211 1.6910543441772460938 3.3767185211181640625 3.1089541912078857422 3.0700209140777587891 4.5905222892761230469 4.8603544235229492188 3.6274445056915283203 3.1946206092834472656 3.314182281494140625 5.0232076644897460938
3.4858324527740478516 2.5257635116577148438 1.8529556989669799805 0.45558622479438781738 0.74213838577270507812 0.15909643471240997314 1.1733931303024291992 1.2607151269912719727 1.3803009986877441406 1.5377681255340576172 2.0740237236022949219 1.1582014560699462891 1.3814171552658081055 2.3918650150299072266 2.4747765064239501953 2.4070124626159667969 2.0022771358489990234 1.6129405498504638672 1.4377754926681518555 0.56652021408081054688 1.1472051143646240234 0.38316714763641357422 0.61781299114227294922 0.7428277134895324707 0.71999257802963256836 1.1476628780364990234 0.59781730175018310547 0.68540626764297485352 1.4489891529083251953 1.8137621879577636719 2.2925214767456054688 3.1384236812591552734 1.6378264427185058594 1.0046834945678710938 2.5868885517120361328 2.9711198806762695312 3.1965105533599853516 3.7795257568359375 4.2098875045776367188 7.0992956161499023438
2.1150999069213867188 0.8180630803108215332 0.68318659067153930664 1.0226422548294067383 1.1776919364929199219 0.72558391094207763672 1.2290097475051879883 0.35146090388298034668 2.3605744838714599609 0.47301697731018066406 2.3669948577880859375 1.3241623640060424805 1.0766620635986328125 0.74215918779373168945 1.4573597908020019531 0.97606992721557617188 1.0804238319396972656 1.3517785072326660156 1.590189814567565918 0.98995697498321533203 0.5736204981803894043 0.24851247668266296387 0.58497077226638793945 0.56918823719024658203 0.72000110149383544922 1.0187077522277832031 0.47303250432014465332 1.4967497587203979492 1.6050677299499511719 1.9407027959823608398 2.3714728355407714844 1.7708578109741210938 0.89317929744720458984 1.4841841459274291992 2.7703809738159179688 3.65670013427734375 4.268238067626953125 4.3002810478210449219 5.3906345367431640625 8.5418386459350585938
1.9643050432205200195 0.84004956483840942383 1.4790689945220947266 1.1405739784240722656 1.6599230766296386719 0.17999529838562011719 0.83277451992034912109 0.94603228569030761719 1.4129251241683959961 1.0325078964233398438 1.6424776315689086914 0.68542200326919555664 1.8381541967391967773 1.957318425178527832 1.7524801492691040039 1.3813967704772949219 0.76430088281631469727 0.41487860679626464844 0.7689431309700012207 0.65287029743194580078 0.37106508016586303711 0.10062532126903533936 1.1651519536972045898 1.2413001060485839844 0.82116049528121948242 0.52672046422958374023 1.4573597908020019531 1.4691013097763061523 0.76431304216384887695 1.7645565271377563477 1.3080184459686279297 0.32759213447570800781 1.4032052755355834961 1.6745114326477050781 2.4569544792175292969 3.5543031692504882812 5.2200598716735839844 5.7497782707214355469 7.0013647079467773438 8.7344970703125
1.56711578369140625 1.7599570751190185547 1.0495330095291137695 0.85969889163970947266 1.0388587713241577148 0.70648562908172607422 0.44660711288452148438 1.1045116186141967773 1.3103406429290771484 1.323394775390625 1.7221833467483520508 1.6223242282867431641 1.7394279241561889648 2.3171031475067138672 2.1635673046112060547 1.2502298355102539062 0.095455490052700042725 0.70291221141815185547 1.0504813194274902344 0.89601999521255493164 0.68318659067153930664 1.5235595703125 2.3275558948516845703 1.1172748804092407227 0.92493581771850585938 1.2473996877670288086 1.1249482631683349609 0.99862504005432128906 1.1190924644470214844 1.2667385339736938477 1.0152013301849365234 2.1428906917572021484 2.2763576507568359375 2.0740153789520263672 2.6362457275390625 3.3401381969451904297 5.1844019889831542969 6.7967824935913085938 8.8278293609619140625 8.8586483001708984375
1.6012870073318481445 1.1099928617477416992 1.063404083251953125 0.56652975082397460938 1.0971698760986328125 1.6298018693923950195 1.8795208930969238281 1.5936888456344604492 0.46981203556060791016 0.85673594474792480469 1.7103651762008666992 2.2495226860046386719 1.9817349910736083984 2.0063505172729492188 2.4310789108276367188 1.9624880552291870117 0.98689162731170654297 0.92493033409118652344 1.4089636802673339844 1.0818216800689697266 0.56295090913772583008 1.3199532032012939453 0.55661660432815551758 1.4405821561813354492 2.3013300895690917969 2.0725600719451904297 1.9678757190704345703 2.7740154266357421875 4.067310333251953125 3.3874771595001220703 2.2260303497314453125 2.2589528560638427734 1.9352257251739501953 1.7315491437911987305 2.1150791645050048828 2.6540181636810302734 3.6939435005187988281 5.0576200485229492188 9.3964557647705078125 7.9271297454833984375
0.92930084466934204102 1.018666386604309082 0.70434010028839111328 1.5908271074295043945 1.0799556970596313477 0.82791084051132202148 2.1821892261505126953 2.1088669300079345703 1.3861541748046875 1.6129232645034790039 1.7932745218276977539 2.7029366493225097656 3.2387650012969970703 2.032649993896484375 0.52958983182907104492 1.3707419633865356445 1.310711979866027832 0.73459643125534057617 0.92657184600830078125 1.6571944952011108398 1.6501516103744506836 1.1669036149978637695 1.4377696514129638672 2.1691808700561523438 2.0363788604736328125 1.8045394420623779297 2.0093636512756347656 2.4955422878265380859 2.5451021194458007812 2.4310698509216308594 4.3919134140014648438 2.5193393230438232422 0.85971146821975708008 1.2290254831314086914 1.4656749963760375977 2.0045719146728515625 2.7667236328125 3.9678964614868164062 9.144481658935546875 9.66773223876953125
1.5671013593673706055 0.47727319598197937012 0.70002549886703491211 0.58064919710159301758 1.3766257762908935547 1.9601831436157226562 2.5293614864349365234 2.6768052577972412109 1.9352257251739501953 1.5125446319580078125 1.0804238319396972656 1.1031501293182373047 1.5007891654968261719 2.8107674121856689453 2.8324596881866455078 1.9583597183227539062 0.69493961334228515625 0.78585386276245117188 0.41487768292427062988 1.2667436599731445312 2.0489954948425292969 0.58064919710159301758 1.0804209709167480469 1.0818296670913696289 1.1977220773696899414 1.3291189670562744141 1.0388669967651367188 0.86438554525375366211 1.9727650880813598633 2.2180624008178710938 4.8859381675720214844 3.0157213211059570312 1.4649738073348999023 1.4848734140396118164 1.6201570034027099609 1.8867757320404052734 1.9383544921875 2.8354876041412353516 6.0331892967224121094 7.8907604217529296875
0.25653937458992004395 0.91170847415924072266 0.48673677444458007812 0.39359724521636962891 1.5885957479476928711 2.0532007217407226562 2.793453216552734375 1.6802420616149902344 0.63718259334564208984 1.6654212474822998047 2.6326098442077636719 4.166507720947265625 5.4723572731018066406 4.7360291481018066406 3.0813837051391601562 2.4536371231079101562 1.6238811016082763672 1.0246286392211914062 0.92766797542572021484 1.750155329704284668 1.821272730827331543 0.63718324899673461914 1.1140978336334228516 1.3696408271789550781 2.2196695804595947266 2.84885406494140625 2.2132809162139892578 2.7178606986999511719 3.8635618686676025391 4.3228640556335449219 5.3103928565979003906 3.1808025836944580078 1.6979011297225952148 0.88005346059799194336 1.083703160285949707 1.4003275632858276367 1.3592299222946166992 2.6179699897766113281 2.5641102790832519531 2.9071586132049560547
1.4977681636810302734 1.2599207162857055664 0.86848652362823486328 1.0766735076904296875 1.7008992433547973633 2.8010373115539550781 3.0789175033569335938 0.33221635222434997559 1.4597703218460083008 1.2294213771820068359 2.006336212158203125 2.8082537651062011719 2.798152923583984375 2.0066025257110595703 1.7207242250442504883 2.2086882591247558594 2.5892252922058105469 2.8021240234375 2.5018260478973388672 2.2342054843902587891 1.4903266429901123047 1.3184374570846557617 1.4804457426071166992 1.3872581720352172852 1.1738159656524658203 2.2984716892242431641 2.4692735671997070312 4.1628789901733398438 5.1081061363220214844 5.5424184799194335938 4.4728550910949707031 2.1374566555023193359 0.88236051797866821289 0.60789102315902709961 0.88007056713104248047 1.0672295093536376953 2.1088573932647705078 2.9914684295654296875 1.8356585502624511719 1.2425301074981689453
1.9094448089599609375 1.6353652477264404297 2.0246498584747314453 1.8079059123992919922 1.8535050153732299805 2.65573883056640625 1.6862485408782958984 1.5696831941604614258 1.2554899454116821289 0.47730717062950134277 1.4903149604797363281 2.1388509273529052734 1.9727652072906494141 1.1879718303680419922 1.5834916830062866211 2.3882601261138916016 3.7317779064178466797 4.3699188232421875 4.24797821044921875 3.2168295383453369141 2.2045493125915527344 1.902783513069152832 1.4680465459823608398 1.209071040153503418 0.51404947042465209961 1.5825165510177612305 3.1206471920013427734 3.2566533088684082031 2.0146505832672119141 1.4246898889541625977 1.3233957290649414062 0.66211849451065063477 0.38315507769584655762 0.90444493293762207031 1.9094232320785522461 1.9635218381881713867 2.7090961933135986328 3.2789049148559570312 2.02040863037109375 1.3916330337524414062
1.0388587713241577148 0.38318026065826416016 1.7808084487915039062 1.7289190292358398438 2.7667386531829833984 2.6310739517211914062 1.980952143669128418 1.7301032543182373047 1.1330276727676391602 1.3945369720458984375 2.5058629512786865234 3.7209136486053466797 3.2281246185302734375 2.5853166580200195312 3.4939179420471191406 4.7711400985717773438 4.5324740409851074219 3.6066448688507080078 3.1908118724822998047 2.6775569915771484375 2.2059252262115478516 1.8179265260696411133 1.7300763130187988281 2.2767817974090576172 2.1018853187561035156 2.1633253097534179688 1.9017316102981567383 1.2240608930587768555 0.54188400506973266602 0.30018356442451477051 0.88750237226486206055 0.74282824993133544922 0.63638311624526977539 1.0538411140441894531 2.5155236721038818359 3.6406548023223876953 4.2116818428039550781 4.4015407562255859375 2.9170618057250976562 1.3956285715103149414
0.62756699323654174805 0.45002371072769165039 1.2408815622329711914 1.2473876476287841797 2.5696353912353515625 2.3618683815002441406 2.3433630466461181641 2.1447739601135253906 2.1353306770324707031 3.1302015781402587891 4.136226654052734375 4.4289708137512207031 4.0447816848754882812 4.60503387451171875 5.0323443412780761719 4.6206521987915039062 3.4606471061706542969 2.3994419574737548828 1.8673715591430664062 2.3901681900024414062 2.9855785369873046875 2.8878076076507568359 2.4692790508270263672 2.8497209548950195312 3.2015652656555175781 2.7740359306335449219 1.6745209693908691406 1.1581960916519165039 0.74281102418899536133 1.2282053232192993164 1.8389770984649658203 2.871448516845703125 3.5467388629913330078 3.5991933345794677734 2.8267328739166259766 3.0457429885864257812 3.3516156673431396484 3.2168378829956054688 0.25456359982490539551 2.0023014545440673828
0.96771395206451416016 0.98278409242630004883 1.3118777275085449219 1.5936725139617919922 2.1083695888519287109 3.0550251007080078125 3.7780563831329345703 4.2217555046081542969 4.61639404296875 4.5075621604919433594 4.4440965652465820312 4.7758922576904296875 5.2741189002990722656 5.6905484199523925781 4.5765547752380371094 3.0813665390014648438 2.7505793571472167969 2.8397514820098876953 2.5229420661926269531 3.2673268318176269531 3.2224712371826171875 3.0964205265045166016 2.9963781833648681641 2.887798309326171875 2.7621572017669677734 2.9702749252319335938 3.546169281005859375 2.9743657112121582031 2.2589528560638427734 2.1353273391723632812 0.92766839265823364258 1.1681959629058837891 0.72628790140151977539 0.92493581771850585938 1.4013922214508056641 2.9326093196868896484 3.8828673362731933594 4.3887042999267578125 3.8114502429962158203 4.5897631645202636719
0.95508021116256713867 0.92766839265823364258 1.0495359897613525391 1.6238880157470703125 1.8781678676605224609 2.5325510501861572266 2.9363908767700195312 3.6957290172576904297 4.2693037986755371094 4.362274169921875 4.6961317062377929688 5.2057366371154785156 5.3981952667236328125 3.8745257854461669922 1.9931759834289550781 1.2667369842529296875 2.1654343605041503906 3.0601365566253662109 3.6763985157012939453 3.3334817886352539062 2.7066705226898193359 2.4706904888153076172 2.8429639339447021484 2.771648406982421875 2.0063333511352539062 0.99860495328903198242 1.5534883737564086914 2.5646986961364746094 3.49118804931640625 3.5655105113983154297 2.6379985809326171875 3.4044373035430908203 3.9607684612274169922 3.3611204624176025391 2.1877472400665283203 2.4385466575622558594 3.7207901477813720703 4.1029200553894042969 4.5147428512573242188 3.85414886474609375
2.0363745689392089844 2.1179518699645996094 1.8257116079330444336 1.7309688329696655273 1.6943333148956298828 1.664812922477722168 1.2951705455780029297 1.3397307395935058594 1.6254322528839111328 2.6277954578399658203 3.61740875244140625 3.9442889690399169922 3.7928640842437744141 1.1888207197189331055 2.5357489585876464844 1.2392598390579223633 0.44319730997085571289 2.0679233074188232422 2.6339652538299560547 2.4045152664184570312 2.1331915855407714844 1.9789288043975830078 1.6501652002334594727 1.6535195112228393555 1.8532367944717407227 0.131212577223777771 1.1208816766738891602 0.5736433863639831543 1.9678727388381958008 2.3240694999694824219 1.6238712072372436523 1.8945268392562866211 2.1731326580047607422 1.3618477582931518555 0.92493581771850585938 1.2294116020202636719 2.5766799449920654297 2.8467061519622802734 1.5748494863510131836 0.37106508016586303711
