wildfire/work/fuelmodels/2014/slope.asc
ncols        200
nrows        148
xllcorner    182935.000000000000
yllcorner    465920.000000000000
cellsize     5.000000000000
NODATA_value   -999
[rows 72 to 89 of 148, columns 0 to 39 of 200]
0 4.4765787124633789062 3.0931582450866699219 3.4173169136047363281 3.5507364273071289062 3.1890654563903808594 1.3118765354156494141 1.4913288354873657227 1.5118798017501831055 0.42810323834419250488 0.46328651905059814453 0.29336518049240112305 0.75095230340957641602 1.9500722885131835938 1.5716202259063720703 1.463924407958984375 1.5305185317993164062 1.4121913909912109375 1.2798463106155395508 2.0211598873138427734 1.9430544376373291016 1.6325715780258178711 1.3107131719589233398 0.26238927245140075684 1.4831614494323730469 1.9221097230911254883 1.7097991704940795898 0.21344466507434844971 1.083689570426940918 0.74281102418899536133 0.60371625423431396484 0.51404947042465209961 0.97398215532302856445 2.2524654865264892578 1.7207269668579101562 0.85378718376159667969 0.73251909017562866211 0.49702271819114685059 0.96771913766860961914 1.2277621030807495117
0 4.4539780616760253906 3.1616914272308349609 1.6498473882675170898 3.8468062877655029297 4.6871013641357421875 1.1298736333847045898 1.424677729606628418 1.4246884584426879883 1.2095022201538085938 0.78716170787811279297 0.28459426760673522949 1.094834446907043457 1.8781697750091552734 1.2715229988098144531 1.6154471635818481445 1.5541449785232543945 1.686265110969543457 2.0033049583435058594 2.0922360420227050781 3.2435820102691650391 3.1422741413116455078 0.61203539371490478516 2.5181157588958740234 2.4628911018371582031 3.2747533321380615234 2.5564098358154296875 1.038849949836730957 1.6101183891296386719 1.750155329704284668 0.61781299114227294922 0.9232813715934753418 2.1236824989318847656 2.8172478675842285156 3.4985671043395996094 3.2110118865966796875 2.7900164127349853516 1.724522709846496582 1.5796514749526977539 1.7570722103118896484
0 3.2784557342529296875 2.7690908908843994141 3.8949370384216308594 5.4360642433166503906 3.6827144622802734375 0.48152303695678710938 1.1357072591781616211 0.84904068708419799805 0.56652021408081054688 0.98019737005233764648 0.47730961441993713379 1.5125588178634643555 2.5615341663360595703 3.0257589817047119141 3.6433012485504150391 4.5056891441345214844 5.7711281776428222656 5.9926028251647949219 3.3641197681427001953 3.0858120918273925781 4.1531543731689453125 2.0326330661773681641 1.5799621343612670898 1.124936223030090332 2.5449035167694091797 2.2098400592803955078 2.3759341239929199219 0.50310313701629638672 2.1447675228118896484 2.4346036911010742188 3.9719645977020263672 5.6078209877014160156 5.7539949417114257812 4.0094208717346191406 2.0842432975769042969 2.2278549671173095703 1.3363277912139892578 1.3423751592636108398 1.1136217117309570312
0 2.0912756919860839844 1.4014016389846801758 3.3880665302276611328 3.7300276756286621094 1.3241385221481323242 0.48675107955932617188 0.74283701181411743164 0.83520609140396118164 1.0186887979507446289 1.260730743408203125 1.4984402656555175781 2.0519590377807617188 6.1241612434387207031 9.0042676925659179688 10.699753761291503906 13.172878265380859375 15.467191696166992188 16.001708984375 14.186412811279296875 9.1902914047241210938 6.0687012672424316406 2.8397767543792724609 0.49500632286071777344 1.6254329681396484375 1.6907478570938110352 1.8532266616821289062 1.936794281005859375 1.2380285263061523438 2.9087159633636474609 4.7520914077758789062 6.82039642333984375 6.8358435630798339844 4.62894439697265625 2.4196009635925292969 0.78586560487747192383 2.0246703624725341797 1.6101183891296386719 1.5651782751083374023 0.60036301612854003906
0 1.0591328144073486328 1.7740002870559692383 3.0931627750396728516 3.2625563144683837891 1.9801845550537109375 1.5075227022171020508 1.1472239494323730469 1.2149196863174438477 1.4317655563354492188 1.5305142402648925781 2.0740227699279785156 5.3398327827453613281 11.497959136962890625 13.259725570678710938 14.987206459045410156 16.656652450561523438 14.303790092468261719 13.311359405517578125 16.064802169799804688 13.818381309509277344 8.4392948150634765625 4.0483922958374023438 1.4763418436050415039 1.3685148954391479492 0.95455592870712280273 1.7394279241561889648 1.5850896835327148438 1.2715229988098144531 2.8167154788970947266 4.9286746978759765625 6.4184169769287109375 2.9690814018249511719 1.7671103477478027344 2.5325548648834228516 2.5546338558197021484 2.5104894638061523438 1.443036198616027832 1.5278725624084472656 1.6437027454376220703
0 2.5389432907104492188 2.7066698074340820312 2.6264531612396240234 1.2445690631866455078 1.0695815086364746094 1.2955552339553833008 1.3666703701019287109 1.3427640199661254883 1.4472522735595703125 1.8022971153259277344 4.3270945549011230469 11.08196258544921875 15.167513847351074219 14.334853172302246094 12.553648948669433594 8.1758298873901367188 2.8608655929565429688 2.1670665740966796875 9.6676788330078125 12.974570274353027344 10.208928108215332031 5.6527247428894042969 1.9112942218780517578 1.8795213699340820312 1.4356507062911987305 1.1807020902633666992 1.2044616937637329102 1.5936975479125976562 2.9470438957214355469 4.6415662765502929688 5.3035578727722167969 3.8257186412811279297 4.7951769828796386719 5.0706539154052734375 2.7485685348510742188 0.38315406441688537598 1.1529422998428344727 1.418980717658996582 2.2353258132934570312
0 4.6841044425964355469 5.1080155372619628906 4.7759113311767578125 2.9779446125030517578 1.473921656608581543 0.80557817220687866211 0.4783573448657989502 0.40248724818229675293 1.0822896957397460938 2.8057253360748291016 7.5444254875183105469 13.150747299194335938 11.452486991882324219 8.0666179656982421875 5.3675131797790527344 2.9874253273010253906 6.4509310722351074219 8.5579729080200195312 10.898024559020996094 10.930773735046386719 10.130292892456054688 6.6618561744689941406 1.3603632450103759766 0.92274999618530273438 1.0836910009384155273 0.74282300472259521484 0.54372018575668334961 0.96615672111511230469 2.4143717288970947266 4.4895281791687011719 4.7597241401672363281 6.4224119186401367188 6.7738127708435058594 4.7343144416809082031 2.5353424549102783203 1.1154608726501464844 2.3223273754119873047 1.2825894355773925781 2.2132618427276611328
0 4.5357041358947753906 5.3160085678100585938 5.5034747123718261719 3.9760446548461914062 2.5751314163208007812 3.3719179630279541016 3.2510585784912109375 2.1450030803680419922 2.3083393573760986328 4.5468001365661621094 7.9639039039611816406 9.3681774139404296875 7.5209689140319824219 9.1387872695922851562 10.213803291320800781 9.5575170516967773438 9.5504064559936523438 8.916820526123046875 7.8487944602966308594 6.5190782546997070312 8.8811883926391601562 6.8599185943603515625 1.2586967945098876953 1.5987615585327148438 2.1635768413543701172 1.7218891382217407227 1.2825909852981567383 1.8137496709823608398 2.1782348155975341797 3.8008501529693603516 4.35626220703125 3.6787550449371337891 2.5894322395324707031 2.1849703788757324219 4.3588004112243652344 3.6260659694671630859 2.1670563220977783203 0.95453894138336181641 2.3133859634399414062
0 1.9112809896469116211 1.1136411428451538086 4.062835693359375 2.8793833255767822266 2.0146384239196777344 3.457309722900390625 4.0158438682556152344 3.5811986923217773438 4.0455307960510253906 5.0735545158386230469 6.2398104667663574219 5.6233425140380859375 4.1659069061279296875 5.7078595161437988281 7.4831333160400390625 6.872203826904296875 4.4899630546569824219 3.8983120918273925781 3.3959665298461914062 4.4101443290710449219 8.3461256027221679688 6.4048671722412109375 0.84722167253494262695 1.5357875823974609375 2.7055592536926269531 2.6208693981170654297 1.4444404840469360352 1.1140863895416259766 1.5908143520355224609 2.2927331924438476562 2.6905586719512939453 1.9809627532958984375 1.0766735076904296875 0.46329486370086669922 1.6620614528656005859 2.8804249763488769531 1.6669400930404663086 1.3890568017959594727 2.7291731834411621094
0 4.0865039825439453125 3.9799640178680419922 3.7976438999176025391 1.2893031835556030273 2.2098443508148193359 1.0505056381225585938 2.1619443893432617188 0.7903900146484375 3.003643035888671875 3.1190462112426757812 4.8129267692565917969 4.00865936279296875 1.3592379093170166016 1.966605067253112793 2.3742239475250244141 2.5892214775085449219 0.79612290859222412109 2.5579814910888671875 4.876018524169921875 6.8404812812805175781 8.4776315689086914062 6.6105794906616210938 3.6021497249603271484 4.0213732719421386719 4.1431908607482910156 2.3927063941955566406 0.33825930953025817871 0.19092290103435516357 1.0324910879135131836 1.394877314567565918 2.0386037826538085938 2.5323486328125 2.5133030414581298828 1.7335922718048095703 1.3536489009857177734 1.8838350772857666016 1.7159953117370605469 1.653509974479675293 2.8530764579772949219
0 4.3946638107299804688 4.0538702011108398438 3.9444055557250976562 2.7180330753326416016 3.1211440563201904297 2.5985910892486572266 3.5666363239288330078 2.5806133747100830078 3.7547140121459960938 2.7234275341033935547 4.6206488609313964844 3.5376193523406982422 1.7599505186080932617 1.5987615585327148438 0.85379266738891601562 1.9430553913116455078 1.7394310235977172852 2.4196112155914306641 8.9290943145751953125 9.8576154708862304688 7.8651232719421386719 6.10680389404296875 3.1935007572174072266 2.5962567329406738281 2.0767047405242919922 1.498427271842956543 1.2742898464202880859 0.57273757457733154297 0.25456359982490539551 0.42691403627395629883 0.63638311624526977539 1.2983036041259765625 2.7562694549560546875 3.398326873779296875 2.5465061664581298828 5.95180511474609375 7.14221954345703125 5.2951869964599609375 2.8236968517303466797
0 6.5142073631286621094 7.0478992462158203125 6.4315018653869628906 5.2764234542846679688 4.5650892257690429688 4.4250040054321289062 3.8855996131896972656 2.766719818115234375 3.9166581630706787109 3.8114502429962158203 4.5785307884216308594 3.2838556766510009766 1.8924002647399902344 2.1513741016387939453 1.3685290813446044922 1.7359405755996704102 1.4398758411407470703 7.0498328208923339844 11.359197616577148438 9.4569950103759765625 5.9001669883728027344 4.1097722053527832031 2.2098278999328613281 1.6889474391937255859 1.1154474020004272461 1.2095022201538085938 1.6163970232009887695 1.0364232063293457031 0.57627308368682861328 0.27186471223831176758 2.4246206283569335938 6.4246220588684082031 7.4915766716003417969 6.2190585136413574219 8.4858989715576171875 12.535830497741699219 12.768978118896484375 11.39473724365234375 5.3433098793029785156
0 6.2923803329467773438 6.1026821136474609375 4.5636458396911621094 4.8423895835876464844 4.0940275192260742188 3.5128302574157714844 2.2763576507568359375 2.280792236328125 3.4819061756134033203 3.3516242504119873047 3.656147003173828125 3.7981746196746826172 3.1618430614471435547 3.4514565467834472656 3.9026014804840087891 4.3522176742553710938 6.9996628761291503906 9.2078342437744140625 9.6612453460693359375 7.1230101585388183594 3.9719645977020263672 2.8853337764739990234 2.1691808700561523438 1.1981550455093383789 0.16225810348987579346 0.54464298486709594727 0.49705687165260314941 0.95509839057922363281 1.0186743736267089844 2.9076778888702392578 8.8244533538818359375 12.922312736511230469 13.111100196838378906 12.723560333251953125 14.762849807739257812 15.704722404479980469 12.072739601135253906 13.292414665222167969 10.632658958435058594
0 1.6310472488403320312 1.1673465967178344727 1.2095016241073608398 3.5085115432739257812 3.0789020061492919922 2.7703614234924316406 2.9239809513092041016 3.7714910507202148438 4.3689713478088378906 2.9243144989013671875 1.9142010211944580078 3.5602443218231201172 5.5354895591735839844 6.7556195259094238281 8.6602001190185546875 11.068274497985839844 11.672293663024902344 10.098537445068359375 8.3895893096923828125 5.518550872802734375 3.2350165843963623047 3.2004618644714355469 1.8988041877746582031 0.55569690465927124023 0.31818702816963195801 0.3382422029972076416 0.15910857915878295898 0.50313001871109008789 2.1028561592102050781 8.3969879150390625 13.684748649597167969 13.023102760314941406 11.920453071594238281 14.00455474853515625 14.553691864013671875 11.471051216125488281 5.4862446784973144531 11.280069351196289062 12.583083152770996094
0 0.40499797463417053223 0.28459426760673522949 0.35575655102729797363 2.0091166496276855469 2.0450425148010253906 1.5482532978057861328 2.1374602317810058594 4.2241520881652832031 5.7136759757995605469 5.3091640472412109375 5.2392301559448242188 5.3734107017517089844 6.4950475692749023438 7.5199637413024902344 7.8073635101318359375 7.7138576507568359375 6.8323211669921875 5.9369134902954101562 4.595050811767578125 3.5937345027923583984 3.5642218589782714844 2.5133030414581298828 0.3871091008186340332 1.6063373088836669922 1.394533991813659668 0.99099624156951904297 0.98226952552795410156 2.5522480010986328125 6.7971520423889160156 14.524611473083496094 14.36578369140625 7.1545224189758300781 4.3040394783020019531 4.2674088478088378906 3.9875791072845458984 3.8676202297210693359 3.4297330379486083984 12.585947036743164062 11.810536384582519531
0 1.1651788949966430664 1.0822893381118774414 0.69784516096115112305 0.69859200716018676758 1.4601322412490844727 1.4967492818832397461 1.304907679557800293 2.7476625442504882812 3.91860198974609375 3.2637736797332763672 3.1245377063751220703 1.6424733400344848633 0.82972753047943115234 0.88465094566345214844 1.2790569067001342773 2.1267824172973632812 1.8115144968032836914 1.712454676628112793 2.14502716064453125 3.7412350177764892578 3.1219453811645507812 0.45559555292129516602 1.7309607267379760742 2.1633188724517822266 2.2499804496765136719 2.5004062652587890625 3.1302123069763183594 3.1707949638366699219 9.3107290267944335938 17.3896331787109375 10.140993118286132812 1.9352352619171142578 4.046749114990234375 7.6401042938232421875 7.7106728553771972656 7.2794446945190429688 6.8634347915649414062 13.955934524536132812 9.7824773788452148438
0 0.37108588218688964844 1.3861767053604125977 0.84902620315551757812 0.57363933324813842773 0.7448628544807434082 1.4913321733474731445 2.1530122756958007812 3.0299336910247802734 3.5762572288513183594 3.4875583648681640625 4.2649092674255371094 4.7405877113342285156 4.3355803489685058594 2.9291472434997558594 2.5169544219970703125 4.0535149574279785156 4.2278447151184082031 3.7005109786987304688 4.5834908485412597656 4.8053741455078125 1.4538630247116088867 1.1977298259735107422 1.3861433267593383789 2.2696781158447265625 1.1330200433731079102 1.6838557720184326172 3.5118377208709716797 5.2967329025268554688 13.378254890441894531 16.787229537963867188 5.220447540283203125 5.0999970436096191406 4.3438320159912109375 0.81122899055480957031 4.8935556411743164062 6.9511275291442871094 7.2287845611572265625 12.232123374938964844 7.5407624244689941406
0 1.1811369657516479492 1.6847562789916992188 0.92764425277709960938 0.98687958717346191406 0.91169792413711547852 2.8932206630706787109 4.7606749534606933594 4.8756127357482910156 4.596698760986328125 4.31878662109375 3.5790653228759765625 0.94442266225814819336 4.0146994590759277344 7.596691131591796875 7.4505076408386230469 6.4002323150634765625 5.0607991218566894531 4.1187338829040527344 4.2116951942443847656 2.6048130989074707031 1.4175636768341064453 1.4003193378448486328 0.78714996576309204102 2.0571384429931640625 1.8714333772659301758 2.2696781158447265625 3.7256925106048583984 9.4079160690307617188 14.923494338989257812 9.904575347900390625 2.8082537651062011719 2.0450546741485595703 4.1568055152893066406 3.2838482856750488281 2.2280628681182861328 4.6206421852111816406 6.5589613914489746094 9.1784820556640625 6.1096096038818359375
