wildfire/work/fuelmodels/2014/slope.asc
ncols        200
nrows        148
xllcorner    182935.000000000000
yllcorner    465920.000000000000
cellsize     5.000000000000
NODATA_value   -999
[rows 54 to 71 of 148, columns 120 to 159 of 200]
9.0670537948608398438 7.8653311729431152344 5.9396243095397949219 4.2776880264282226562 3.3600475788116455078 3.0324122905731201172 2.3074586391448974609 1.4896205663681030273 0.7954743504524230957 1.5390874147415161133 3.0103437900543212891 4.7269730567932128906 5.7150135040283203125 5.1528120040893554688 3.9010286331176757812 2.8324391841888427734 2.4179275035858154297 2.8369114398956298828 1.5525058507919311523 2.2034101486206054688 1.2703177928924560547 2.4519927501678466797 4.9670867919921875 4.6425595283508300781 1.4953970909118652344 1.9676450490951538086 1.9748154878616333008 2.6433446407318115234 6.11074066162109375 8.9916515350341796875 7.83251953125 4.6491794586181640625 4.3844327926635742188 2.3706204891204833984 3.3726747035980224609 3.8440353870391845703 1.8381383419036865234 2.6032564640045166016 3.8741304874420166016 3.7573950290679931641
6.6154346466064453125 6.4503045082092285156 6.4517164230346679688 6.5608320236206054688 6.802852630615234375 6.3863086700439453125 5.36328125 4.4231753349304199219 3.1591360569000244141 1.5075193643569946289 1.8619582653045654297 2.5259606838226318359 1.8773664236068725586 0.69492793083190917969 2.6310708522796630859 2.8652865886688232422 2.9348368644714355469 2.0033032894134521484 0.49498918652534484863 0.68542200326919555664 2.5169241428375244141 4.7205462455749511719 4.9881424903869628906 2.4304485321044921875 1.0359296798706054688 1.8900028467178344727 2.6745331287384033203 7.6629176139831542969 8.407756805419921875 7.3538541793823242188 5.6484599113464355469 1.2951705455780029297 1.0246396064758300781 2.5149216651916503906 3.4730553627014160156 2.4214844703674316406 4.1697754859924316406 4.6289396286010742188 3.793262481689453125 3.9000089168548583984
2.6108098030090332031 2.9569780826568603516 4.0924201011657714844 5.82598114013671875 6.2383446693420410156 6.6391839981079101562 6.2657060623168945312 5.695590972900390625 4.6377558708190917969 3.8103780746459960938 2.9583492279052734375 2.3457283973693847656 3.4632830619812011719 4.1972951889038085938 3.2715256214141845703 1.4666867256164550781 0.9249337315559387207 1.1494226455688476562 0.30186343193054199219 1.4046291112899780273 3.8636956214904785156 3.6622371673583984375 2.0363662242889404297 0.41485068202018737793 1.6943300962448120117 1.1943448781967163086 5.897533416748046875 8.7730245590209960938 7.47100067138671875 5.2539296150207519531 2.5149171352386474609 2.3549981117248535156 3.5983717441558837891 3.6574120521545410156 1.0576934814453125 2.9472229480743408203 3.2585110664367675781 1.6163851022720336914 0.63398814201354980469 1.4299974441528320312
2.3646352291107177734 2.1532523632049560547 1.5974886417388916016 0.27187180519104003906 1.9091624021530151367 2.1619238853454589844 2.0922379493713378906 3.2481081485748291016 3.9821302890777587891 3.9269633293151855469 3.3894152641296386719 4.6150836944580078125 4.4073810577392578125 2.5466794967651367188 0.92929339408874511719 0.93634611368179321289 0.22944380342960357666 1.1208785772323608398 1.9850367307662963867 3.7859091758728027344 3.9794592857360839844 1.7501556873321533203 0.36278876662254333496 0.7543017268180847168 1.6910380125045776367 4.9961290359497070312 7.7464718818664550781 7.0505337715148925781 4.8963422775268554688 3.0700347423553466797 1.5978087186813354492 2.7262094020843505859 2.9906244277954101562 2.4476463794708251953 3.2499747276306152344 3.1490345001220703125 1.5125501155853271484 2.5058503150939941406 2.2070879936218261719 4.9450283050537109375
2.1794023513793945312 2.2914059162139892578 4.1527957916259765625 5.3869915008544921875 3.5020318031311035156 0.84904068708419799805 1.7842307090759277344 2.4227323532104492188 3.9607646465301513672 2.6995668411254882812 0.79547196626663208008 0.56920456886291503906 0.59783411026000976562 1.0186861753463745117 1.2715126276016235352 1.6304068565368652344 1.6424618959426879883 2.6768052577972412109 4.2030558586120605469 4.1097855567932128906 2.7970857620239257812 1.8899930715560913086 1.7121560573577880859 2.3223285675048828125 5.3419103622436523438 8.4681854248046875 7.8367295265197753906 4.0787096023559570312 2.8514869213104248047 2.4863922595977783203 4.3262591361999511719 2.3588497638702392578 0.48674869537353515625 1.0325078964233398438 3.0036144256591796875 1.7103942632675170898 4.4755582809448242188 3.0813837051391601562 3.7115633487701416016 5.3849344253540039062
4.71028900146484375 5.4740095138549804688 5.5966734886169433594 2.7820177078247070312 5.4636940956115722656 3.8906500339508056641 4.8508052825927734375 2.0929632186889648438 3.2251577377319335938 2.3258183002471923828 1.5125501155853271484 1.9817090034484863281 0.98789393901824951172 0.47305452823638916016 0.8297545313835144043 1.0733745098114013672 1.664813995361328125 3.4032437801361083984 3.6807920932769775391 2.4863955974578857422 1.4639250040054321289 1.5390844345092773438 2.0045793056488037109 3.4606883525848388672 7.5633578300476074219 9.1169748306274414062 6.2887830734252929688 3.7591497898101806641 0.96981477737426757812 1.7785496711730957031 3.2281367778778076172 0.41487768292427062988 1.5305185317993164062 1.3897813558578491211 2.4464104175567626953 2.8919699192047119141 4.0389041900634765625 3.7316353321075439453 2.7367701530456542969 5.3884005546569824219
5.5649085044860839844 4.2953619956970214844 0.95931613445281982422 3.2499816417694091797 6.7036619186401367188 0.58065319061279296875 5.2726840972900390625 3.40842437744140625 3.8269228935241699219 2.4550945758819580078 1.9221113920211791992 0.44319730997085571289 1.551204681396484375 0.6749718785285949707 0.66210860013961791992 1.2376334667205810547 2.4747917652130126953 2.9609103202819824219 1.981965184211730957 1.8087319135665893555 1.7074261903762817383 1.4405699968338012695 2.4227414131164550781 4.9004755020141601562 6.9934740066528320312 5.2438220977783203125 0.75900661945343017578 2.2244234085083007812 1.2178531885147094727 1.5075141191482543945 4.9226331710815429688 4.8229827880859375 0.94013196229934692383 2.5468831062316894531 3.1935017108917236328 2.5468881130218505859 4.6965565681457519531 4.4167790412902832031 1.8932074308395385742 5.2875871658325195312
5.1088948249816894531 1.7472707033157348633 2.2228491306304931641 4.4570331573486328125 3.8457345962524414062 0.53340488672256469727 2.4310808181762695312 4.1939110755920410156 5.0655789375305175781 1.8469339609146118164 1.8045374155044555664 1.3725709915161132812 1.6476858854293823242 1.4289213418960571289 2.1824116706848144531 3.2722811698913574219 4.2735495567321777344 3.8703544139862060547 2.9818391799926757812 3.0543725490570068359 3.4210274219512939453 3.3726696968078613281 4.0876188278198242188 4.4648418426513671875 2.7981522083282470703 4.90509033203125 7.2714900970458984375 7.5104360580444335938 5.8422040939331054688 4.4589490890502929688 3.5700299739837646484 4.0247473716735839844 5.1183476448059082031 1.2671272754669189453 3.7489349842071533203 2.0999667644500732422 3.4632914066314697266 3.1776337623596191406 3.4864053726196289062 4.6508989334106445312
3.2815485000610351562 2.362911224365234375 4.6255679130554199219 5.9736657142639160156 4.9255886077880859375 4.0892133712768554688 2.8656463623046875 5.1724257469177246094 4.9696326255798339844 1.8773540258407592773 1.9863073825836181641 2.7225034236907958984 4.102779388427734375 5.7418255805969238281 6.9512691497802734375 7.2654142379760742188 6.8354735374450683594 6.2664289474487304688 6.0658001899719238281 5.9194998741149902344 5.3632655143737792969 4.1336579322814941406 3.0017805099487304688 0.94924467802047729492 2.4371087551116943359 4.067180633544921875 5.9130444526672363281 6.5196285247802734375 6.6643519401550292969 8.51203155517578125 9.0092983245849609375 5.9548540115356445312 3.5565555095672607422 5.0060281753540039062 5.5703477859497070312 1.6889474391937255859 1.0576934814453125 0.98227465152740478516 1.7748379707336425781 0.67123925685882568359
3.5841450691223144531 5.7012438774108886719 7.999614715576171875 8.0604848861694335938 5.18780517578125 3.3201251029968261719 3.7331216335296630859 5.4183259010314941406 4.7513442039489746094 3.3286228179931640625 3.9304230213165283203 5.1307396888732910156 6.6808462142944335938 7.6296901702880859375 7.101642608642578125 5.9761285781860351562 4.8077931404113769531 4.3917918205261230469 5.2073845863342285156 6.0821990966796875 5.2634115219116210938 3.7634522914886474609 2.1317548751831054688 5.3884916305541992188 6.467365264892578125 6.3105797767639160156 6.4411935806274414062 4.8077931404113769531 4.8336338996887207031 6.8451786041259765625 8.2817602157592773438 3.5710206031799316406 4.1963448524475097656 7.5726952552795410156 4.514736175537109375 3.7704329490661621094 4.0742502212524414062 5.5711550712585449219 6.1340222358703613281 5.0397491455078125
3.3983438014984130859 5.8830099105834960938 6.8075103759765625 5.1438031196594238281 3.0802304744720458984 3.9976856708526611328 3.3618717193603515625 4.4955806732177734375 4.6944184303283691406 4.8604826927185058594 6.7470746040344238281 7.8493704795837402344 7.2841753959655761719 4.7249236106872558594 1.696125030517578125 0.78779798746109008789 1.2408862113952636719 2.34401702880859375 3.5676219463348388672 3.2314269542694091797 1.9534535408020019531 1.4913321733474731445 6.8233265876770019531 8.1790285110473632812 6.7855401039123535156 7.0795392990112304688 6.3224406242370605469 4.9906835556030273438 4.9817752838134765625 5.8059740066528320312 8.3190851211547851562 9.1291875839233398438 6.6389446258544921875 2.7225019931793212891 3.1172597408294677734 7.9990472793579101562 5.4101290702819824219 5.8262476921081542969 3.3995289802551269531 2.6603291034698486328
2.4279608726501464844 3.5841610431671142578 3.8356349468231201172 1.642157435417175293 2.1006939411163330078 3.8770012855529785156 2.8095233440399169922 2.8138403892517089844 3.7972512245178222656 5.6764736175537109375 7.2495207786560058594 6.2709226608276367188 3.9850397109985351562 1.4639246463775634766 0.79611122608184814453 1.4374126195907592773 2.6086909770965576172 2.2945210933685302734 1.1913673877716064453 3.5585405826568603516 7.1193518638610839844 8.600643157958984375 10.2404632568359375 8.2389364242553710938 3.8855938911437988281 4.4060149192810058594 4.4130067825317382812 4.1665191650390625 4.3355913162231445312 6.1048269271850585938 10.554230690002441406 12.965214729309082031 5.7403330802917480469 2.0912721157073974609 5.2550749778747558594 8.8991641998291015625 3.4338440895080566406 2.4969532489776611328 4.9638490676879882812 2.0818336009979248047
3.0867772102355957031 3.3091475963592529297 2.9036784172058105469 0.80118203163146972656 2.6557476520538330078 3.9444093704223632812 3.5762553215026855469 2.3996632099151611328 1.2892998456954956055 3.0982253551483154297 5.0949406623840332031 4.7648034095764160156 4.895534515380859375 3.8953385353088378906 1.2587007284164428711 2.8610587120056152344 1.8923951387405395508 4.8069539070129394531 7.7734131813049316406 9.8963184356689453125 10.631544113159179688 10.118189811706542969 10.127936363220214844 8.2040262222290039062 5.1578807830810546875 3.7408342361450195312 1.9593851566314697266 1.4570152759552001953 0.38315507769584655762 3.7017297744750976562 9.7520809173583984375 10.947466850280761719 8.3821315765380859375 5.8988127708435058594 9.2243022918701171875 7.1173119544982910156 0.66211557388305664062 3.0616209506988525391 3.4425246715545654297 4.4359188079833984375
4.4878168106079101562 3.1398706436157226562 1.2534644603729248047 1.2731218338012695312 3.231723785400390625 4.1973028182983398438 4.2632784843444824219 2.9022853374481201172 4.3877625465393066406 5.8968358039855957031 6.236492156982421875 4.5729322433471679688 7.1455340385437011719 7.4605283737182617188 4.1948790550231933594 6.5895590782165527344 8.852939605712890625 10.621862411499023438 9.7581567764282226562 5.9989037513732910156 4.4039607048034667969 3.8046922683715820312 4.5343580245971679688 4.7513203620910644531 3.2567894458770751953 1.7785344123840332031 1.2425365447998046875 0.97398215532302856445 1.4759870767593383789 4.4696831703186035156 9.8605718612670898438 6.213306427001953125 6.1787848472595214844 8.7382001876831054688 9.2467708587646484375 2.7513329982757568359 4.4041752815246582031 3.3492176532745361328 0.67121225595474243164 4.133785247802734375
4.5534529685974121094 1.5806068181991577148 1.295164942741394043 2.9348490238189697266 4.1628627777099609375 3.5154187679290771484 3.6222820281982421875 1.0957734584808349609 8.43296051025390625 7.8840427398681640625 2.5131261348724365234 5.4028606414794921875 13.6650543212890625 12.644240379333496094 8.0450029373168945312 7.4217610359191894531 6.5153775215148925781 4.1352419853210449219 0.25653937458992004395 3.0668933391571044922 3.8427255153656005859 4.1275448799133300781 4.5878767967224121094 4.964756011962890625 0.72558069229125976562 2.5892336368560791016 1.2982963323593139648 2.3714835643768310547 2.8154609203338623047 5.6984286308288574219 10.356980323791503906 5.9633135795593261719 4.0983405113220214844 7.5031476020812988281 5.741363525390625 6.9969129562377929688 4.7360239028930664062 3.3996677398681640625 7.0000772476196289062 6.4002299308776855469
2.9460237026214599609 2.6034386157989501953 5.3124017715454101562 5.6903753280639648438 8.2059755325317382812 4.6425471305847167969 2.0922360420227050781 2.8571634292602539062 7.5314526557922363281 5.6190361976623535156 2.5169353485107421875 9.840137481689453125 13.400095939636230469 8.1404733657836914062 3.3600475788116455078 1.0543287992477416992 1.8773664236068725586 4.0974698066711425781 6.3702063560485839844 4.56064605712890625 4.2112188339233398438 4.2631626129150390625 5.2715210914611816406 4.9501070976257324219 0.60457497835159301758 2.3329885005950927734 2.8820102214813232422 2.960071563720703125 0.95508629083633422852 4.0958895683288574219 8.9973154067993164062 7.538715362548828125 0.58497476577758789062 4.5186381340026855469 3.1643924713134765625 3.6328690052032470703 8.86827850341796875 10.879978179931640625 9.6312704086303710938 6.8686242103576660156
2.2567131519317626953 3.2729048728942871094 5.2467260360717773438 7.0642037391662597656 11.384697914123535156 2.8310387134552001953 2.4462113380432128906 3.8842873573303222656 5.3928875923156738281 6.167301177978515625 4.8405017852783203125 12.376115798950195312 15.192773818969726562 11.396039962768554688 8.5700616836547851562 7.9641385078430175781 6.3777832984924316406 2.1551160812377929688 3.6957268714904785156 4.2241435050964355469 8.1493959426879882812 9.13269805908203125 8.8345661163330078125 5.3145642280578613281 1.4229118824005126953 1.9229031801223754883 2.2854514122009277344 1.2671235799789428711 1.0971428155899047852 3.3031914234161376953 8.14275360107421875 8.599781036376953125 0.84724175930023193359 2.6479310989379882812 5.1917767524719238281 5.4723520278930664062 6.069950103759765625 5.6383748054504394531 1.9534490108489990234 1.6254451274871826172
3.177642822265625 4.4485297203063964844 1.5085303783416748047 8.741977691650390625 8.23781585693359375 3.7688190937042236328 8.50749969482421875 8.1321802139282226562 9.0008707046508789062 10.595769882202148438 8.3613948822021484375 11.395358085632324219 15.684892654418945312 14.386873245239257812 11.163270950317382812 7.22496795654296875 4.6111721992492675781 4.4283986091613769531 6.6926350593566894531 7.1288547515869140625 6.82818603515625 12.287599563598632812 13.312693595886230469 9.2285509109497070312 5.3765001296997070312 1.4444404840469360352 0.54093146324157714844 0.60036301612854003906 1.9354927539825439453 4.6757988929748535156 7.3740000724792480469 6.5210084915161132812 4.0924153327941894531 3.825733184814453125 2.4279592037200927734 8.3692846298217773438 4.677196502685546875 7.4634089469909667969 9.9084501266479492188 10.856587409973144531
