wildfire/work/fuelmodels/2014/slope.asc
ncols        200
nrows        148
xllcorner    182935.000000000000
yllcorner    465920.000000000000
cellsize     5.000000000000
NODATA_value   -999
[rows 126 to 143 of 148, columns 160 to 199 of 200]
3.1474256515502929688 6.3205485343933105469 6.5160584449768066406 3.9824974536895751953 7.5683178901672363281 13.985416412353515625 13.17917633056640625 5.289852142333984375 9.71013641357421875 13.265892982482910156 3.4361994266510009766 1.0167076587677001953 2.5187401771545410156 6.391429901123046875 8.7741756439208984375 11.363263130187988281 7.7471837997436523438 5.65967559814453125 6.2242932319641113281 8.744327545166015625 10.682283401489257812 8.4717569351196289062 5.1032810211181640625 4.0979700088500976562 4.5556683540344238281 2.8267445564270019531 0.4499842226505279541 0.66211152076721191406 2.4906685352325439453 6.1007986068725585938 10.0777740478515625 15.689002037048339844 18.123271942138671875 17.81455230712890625 13.432802200317382812 15.190122604370117188 15.853128433227539062 12.180466651916503906 11.575103759765625 0
2.8326308727264404297 5.2007083892822265625 6.7500424385070800781 7.7088651657104492188 12.454039573669433594 13.713984489440917969 4.3525471687316894531 4.43708038330078125 12.651328086853027344 9.6678361892700195312 0.7689431309700012207 1.9407124519348144531 0.75431811809539794922 3.0326068401336669922 3.9436483383178710938 8.559604644775390625 6.9169201850891113281 2.9906294345855712891 6.5390901565551757812 6.6787381172180175781 3.8241491317749023438 5.0735545158386230469 4.4462618827819824219 5.6632099151611328125 5.3111562728881835938 2.8629975318908691406 0.93146723508834838867 0.89601564407348632812 3.5992102622985839844 5.897533416748046875 8.138324737548828125 13.921130180358886719 17.192523956298828125 19.314220428466796875 19.901378631591796875 18.386304855346679688 16.487352371215820312 12.259229660034179688 11.79566192626953125 0
4.8646073341369628906 5.765171051025390625 8.6332063674926757812 11.314830780029296875 10.803997993469238281 6.8471574783325195312 3.3995356559753417969 4.2070364952087402344 10.4747467041015625 9.197841644287109375 6.7754640579223632812 9.2603559494018554688 12.001526832580566406 12.127374649047851562 10.719962120056152344 10.217837333679199219 6.463623046875 3.2625455856323242188 6.6043410301208496094 10.011255264282226562 10.371580123901367188 7.9872803688049316406 5.640869140625 4.8069524765014648438 3.1302113533020019531 1.438822627067565918 0.82113367319107055664 1.1285191774368286133 3.8740079402923583984 5.2118434906005859375 6.9357776641845703125 12.238066673278808594 16.221231460571289062 16.469501495361328125 13.668811798095703125 13.845902442932128906 16.164102554321289062 13.014113426208496094 11.632917404174804688 0
5.2697291374206542969 7.5009512901306152344 12.166042327880859375 11.870938301086425781 7.0813918113708496094 3.4672315120697021484 1.8586705923080444336 3.5734262466430664062 9.5569362640380859375 11.9648895263671875 12.791052818298339844 13.038652420043945312 11.963557243347167969 11.040662765502929688 10.498490333557128906 8.1230535507202148438 4.1686849594116210938 2.2524483203887939453 2.8672187328338623047 3.6792974472045898438 3.8776607513427734375 3.0382542610168457031 1.7785441875457763672 2.7474651336669921875 2.2155501842498779297 1.5538086891174316406 1.0538575649261474609 1.8290276527404785156 3.5467388629913330078 3.5106756687164306641 5.3369069099426269531 9.8344974517822265625 17.449071884155273438 20.133523941040039062 12.940282821655273438 6.9372391700744628906 10.25698089599609375 12.680410385131835938 13.274191856384277344 0
7.1861062049865722656 9.8252277374267578125 13.922801017761230469 12.038037300109863281 9.3906869888305664062 7.8994665145874023438 5.7078661918640136719 3.9748892784118652344 5.81136322021484375 7.70832061767578125 7.654811859130859375 5.9690408706665039062 4.6242656707763671875 3.6474499702453613281 2.6978774070739746094 2.2425439357757568359 1.9796744585037231445 1.8078954219818115234 1.8312542438507080078 1.6288625001907348633 1.8364986181259155273 2.7720112800598144531 1.9157724380493164062 2.9196441173553466797 1.3412460088729858398 0.73460799455642700195 1.311862945556640625 2.8882927894592285156 2.8331677913665771484 1.9352312088012695312 3.7959191799163818359 8.0137996673583984375 17.611055374145507812 23.437204360961914062 20.676326751708984375 12.808022499084472656 10.884721755981445312 14.713578224182128906 17.047838211059570312 0
9.0432262420654296875 11.148654937744140625 15.244016647338867188 14.953159332275390625 9.640575408935546875 3.4514415264129638672 1.5007917881011962891 1.3321613073348999023 2.0681726932525634766 2.3689007759094238281 2.1150875091552734375 1.5377792119979858398 1.7053663730621337891 2.0871739387512207031 2.1189177036285400391 1.7359343767166137695 1.4426859617233276367 1.5433493852615356445 1.8673633337020874023 2.5696244239807128906 2.6584250926971435547 2.9855701923370361328 2.6341457366943359375 1.9407213926315307617 0.38842317461967468262 1.3056967258453369141 2.6195151805877685547 2.5780642032623291016 1.2873368263244628906 1.3287447690963745117 1.9112809896469116211 5.4994339942932128906 13.556728363037109375 18.5133514404296875 22.761768341064453125 15.288676261901855469 6.9248375892639160156 11.019214630126953125 13.039423942565917969 0
10.964686393737792969 12.540714263916015625 17.196807861328125 15.420306205749511719 5.3213953971862792969 0.41487953066825866699 0.41365793347358703613 0.71504706144332885742 1.5667885541915893555 1.0061779022216796875 1.1525015830993652344 1.4524705410003662109 1.3325361013412475586 1.4064378738403320312 1.724522709846496582 1.4086132049560546875 0.66441667079925537109 0.89148932695388793945 1.0349438190460205078 1.2115751504898071289 1.7227689027786254883 2.2499840259552001953 2.7225067615509033203 1.6501482725143432617 0.94602417945861816406 1.8673715591430664062 3.7741649150848388672 2.6661953926086425781 0.84544122219085693359 1.1776949167251586914 0.74213212728500366211 2.2070760726928710938 7.9992952346801757812 10.641634941101074219 20.362152099609375 16.699712753295898438 8.8966436386108398438 7.6502943038940429688 2.5765087604522705078 0
13.400094985961914062 14.139834403991699219 17.417913436889648438 12.367938995361328125 2.5946953296661376953 0.22501325607299804688 0.74554866552352905273 0.42808428406715393066 1.6608519554138183594 1.0495095252990722656 0.82973778247833251953 1.0422644615173339844 0.73460429906845092773 0.47302430868148803711 0.25653034448623657227 1.0591328144073486328 0.72559660673141479492 0.44204351305961608887 0.33823418617248535156 1.1136314868927001953 0.74283504486083984375 0.38315507769584655762 0.7954743504524230957 1.4489870071411132812 1.3956025838851928711 1.5799782276153564453 3.8383886814117431641 3.6957387924194335938 1.2983036041259765625 1.0106941461563110352 0.70649278163909912109 0.81496399641036987305 4.5147352218627929688 8.9793043136596679688 19.726894378662109375 18.3365631103515625 9.4373044967651367188 3.8718051910400390625 3.9543874263763427734 0
16.936159133911132812 18.095731735229492188 17.322513580322265625 11.396168708801269531 3.1289050579071044922 1.0860372781753540039 0.201254233717918396 0.7980289459228515625 0.84724855422973632812 0.89317846298217773438 0.56919914484024047852 0.70650315284729003906 0.89148974418640136719 0.77679210901260375977 0.8327776789665222168 0.61453354358673095703 0.9177958369255065918 0.52957302331924438477 0.27001395821571350098 0.94604051113128662109 0.21344466507434844971 0.60456281900405883789 0.40748181939125061035 0.25655594468116760254 0.75096923112869262695 1.1330031156539916992 3.8719131946563720703 4.5800809860229492188 3.4103636741638183594 2.4743731021881103516 0.84724855422973632812 0.47303250432014465332 1.9850353002548217773 5.8529558181762695312 14.375589370727539062 17.130006790161132812 10.547623634338378906 8.95015716552734375 14.437699317932128906 0
15.629359245300292969 19.459293365478515625 19.212705612182617188 15.831667900085449219 7.536163330078125 2.2914063930511474609 0.78587448596954345703 0.71150302886962890625 0.3427092134952545166 0.46979066729545593262 1.1045130491256713867 0.61124020814895629883 0.54742056131362915039 0.47835654020309448242 0.54373580217361450195 0.20126190781593322754 0.71504551172256469727 0.84543716907501220703 0.69858157634735107422 0.98019737005233764648 0.32448181509971618652 0.58499723672866821289 0.31819671392440795898 0.36278876662254333496 0.44547170400619506836 2.3646399974822998047 3.7547066211700439453 3.8374564647674560547 3.7348818778991699219 1.9375612735748291016 1.5208781957626342773 1.0695765018463134766 1.566788792610168457 4.0192236900329589844 9.2427072525024414062 15.741420745849609375 18.429368972778320312 20.3507232666015625 20.556856155395507812 0
13.349573135375976562 13.554986000061035156 15.028211593627929688 16.378519058227539062 11.31658172607421875 5.1999344825744628906 2.5107042789459228516 1.2474093437194824219 0.15909886360168457031 0.45558622479438781738 1.1525123119354248047 1.6608617305755615234 1.8923904895782470703 1.33974456787109375 0.20124270021915435791 0.300189971923828125 0.80119413137435913086 0.99912309646606445312 0.86847454309463500977 0.61206251382827758789 0.62676566839218139648 0.89148974418640136719 0.51406067609786987305 0.33220472931861877441 0.58499723672866821289 3.0488948822021484375 3.1761951446533203125 2.1506631374359130859 3.3665223121643066406 4.3204398155212402344 2.9655325412750244141 2.1614649295806884766 2.0796420574188232422 2.4164769649505615234 4.663787841796875 9.2803678512573242188 13.061861991882324219 13.586236000061035156 11.160443305969238281 0
11.832225799560546875 8.8937120437622070312 11.079150199890136719 13.496912002563476562 11.626964569091796875 7.7767024040222167969 4.5142922401428222656 3.0071563720703125 1.4601227045059204102 0.69786065816879272461 0.44318601489067077637 0.83278650045394897461 1.5651619434356689453 1.4472420215606689453 0.39871284365653991699 0.56295156478881835938 1.1392560005187988281 0.94922882318496704102 0.127294197678565979 1.0437198877334594727 0.87775933742523193359 0.31820401549339294434 0.33221635222434997559 0.50312924385070800781 0.98021745681762695312 2.97198486328125 3.2130539417266845703 1.5593323707580566406 1.0280811786651611328 0.8180630803108215332 0.8597011566162109375 1.158211827278137207 1.5886023044586181641 1.8455606698989868164 2.6849064826965332031 3.7908501625061035156 3.8298273086547851562 3.5283310413360595703 4.5679593086242675781 0
8.1036090850830078125 5.8692889213562011719 8.2351932525634765625 10.183155059814453125 9.9940195083618164062 9.3887929916381835938 6.100368499755859375 3.8440454006195068359 1.6519825458526611328 0.54373157024383544922 1.1498655080795288086 1.0672241449356079102 1.9979919195175170898 0.98019456863403320312 0.38709911704063415527 0.81122088432312011719 1.8359550237655639648 1.5911399126052856445 1.6745126247406005859 1.394877314567565918 1.2281703948974609375 0.71149224042892456055 0.63638788461685180664 0.60373157262802124023 1.2735242843627929688 3.6474590301513671875 4.1802988052368164062 2.3362281322479248047 2.6768019199371337891 2.6231846809387207031 1.5619369745254516602 1.2730975151062011719 0.95930403470993041992 0.35573810338973999023 1.5195616483688354492 1.5716428756713867188 2.4047331809997558594 2.2650105953216552734 2.2596371173858642578 0
6.2122335433959960938 5.3650622367858886719 5.9963006973266601562 6.9044256210327148438 6.8821425437927246094 8.2541522979736328125 6.932384490966796875 4.607219696044921875 2.3223183155059814453 0.61781799793243408203 0.66440504789352416992 0.59186214208602905273 1.3103194236755371094 0.7954623103141784668 1.2194838523864746094 0.91778576374053955078 1.489640355110168457 2.5195517539978027344 2.4815108776092529297 1.6079059839248657227 1.3685051202774047852 0.89147770404815673828 0.57364606857299804688 1.3241695165634155273 1.8271025419235229492 5.005535125732421875 5.1972250938415527344 3.5790631771087646484 3.2761425971984863281 3.0192201137542724609 3.4606544971466064453 5.5757737159729003906 5.353229522705078125 3.1719050407409667969 2.6462152004241943359 2.4346141815185546875 0.86557024717330932617 1.0111945867538452148 1.7639782428741455078 0
5.8566641807556152344 4.3785738945007324219 3.7100718021392822266 5.1543564796447753906 6.5073513984680175781 8.6347808837890625 6.899852752685546875 5.07514190673828125 3.4079861640930175781 1.0619702339172363281 0.67497020959854125977 0.76629823446273803711 1.0766620635986328125 0.37244194746017456055 0.88005483150482177734 0.4327933192253112793 1.3080030679702758789 2.1009211540222167969 1.8529522418975830078 2.4387583732604980469 4.0358905792236328125 5.2512416839599609375 6.0971665382385253906 5.8204755783081054688 4.1822476387023925781 6.1873507499694824219 7.7256717681884765625 9.1515016555786132812 11.344213485717773438 13.183632850646972656 13.241600990295410156 11.989922523498535156 11.552639007568359375 10.019553184509277344 7.5631513595581054688 5.1657071113586425781 3.2111639976501464844 1.1081743240356445312 1.366305232048034668 0
5.2099871635437011719 5.5229282379150390625 5.5845251083374023438 5.5119729042053222656 7.3550662994384765625 9.3044176101684570312 6.4925036430358886719 5.5665364265441894531 3.8745369911193847656 1.7207202911376953125 2.2050340175628662109 3.1452014446258544922 2.7424962520599365234 2.1513645648956298828 2.3842134475708007812 1.8627486228942871094 1.5515253543853759766 0.81497347354888916016 3.3397045135498046875 7.4645519256591796875 8.1466913223266601562 7.0374231338500976562 5.6846966743469238281 4.5330209732055664062 3.9748935699462890625 6.8015923500061035156 11.980871200561523438 12.971601486206054688 12.237916946411132812 12.628984451293945312 13.330965042114257812 12.851485252380371094 13.282189369201660156 12.438282012939453125 10.327153205871582031 8.0464429855346679688 5.3111438751220703125 2.6584179401397705078 1.4064645767211914062 0
7.5779795646667480469 7.2870736122131347656 6.3948073387145996094 5.4861512184143066406 7.4933195114135742188 9.3658819198608398438 6.1572728157043457031 4.9926056861877441406 4.1063437461853027344 4.4971613883972167969 5.4235401153564453125 5.9680271148681640625 5.8527984619140625 5.1583809852600097656 4.2421517372131347656 3.7220120429992675781 2.7395267486572265625 1.3118718862533569336 5.5374245643615722656 9.9072322845458984375 6.7411055564880371094 3.7932553291320800781 1.8290276527404785156 2.0146226882934570312 3.4202678203582763672 8.580387115478515625 16.059238433837890625 12.113313674926757812 7.1721935272216796875 6.9217228889465332031 9.7303256988525390625 12.409878730773925781 13.935198783874511719 13.749573707580566406 12.610102653503417969 10.332182884216308594 6.609363555908203125 4.3577604293823242188 2.305500030517578125 0
3.5896441936492919922 6.6328134536743164062 6.8752646446228027344 5.374927520751953125 7.4314174652099609375 8.9741792678833007812 5.7072520256042480469 4.5397043228149414062 5.4777822494506835938 6.1970763206481933594 6.0749011039733886719 4.7067322731018066406 3.9046337604522705078 4.3130536079406738281 4.5147352218627929688 5.2807135581970214844 4.6207690238952636719 1.6097919940948486328 5.9571499824523925781 10.729963302612304688 4.9460391998291015625 3.2568213939666748047 2.6471788883209228516 3.1067013740539550781 4.5233306884765625 9.9517259597778320312 15.089364051818847656 8.65628814697265625 4.8967580795288085938 7.8561344146728515625 8.729034423828125 8.0357007980346679688 10.067676544189453125 13.052404403686523438 14.85620880126953125 13.123826026916503906 7.8089289665222167969 6.1790409088134765625 3.6261849403381347656 0
