wildfire/work/fuelmodels/1939/ahn1.asc
ncols        298
nrows        454
xllcorner    195085.000000000000
yllcorner    456935.000000000000
cellsize     5.000000000000
NODATA_value   -999
[rows 306 to 323 of 454, columns 123 to 163 of 298]
46.490001678466796875 46.439998626708984375 46.590000152587890625 46.79000091552734375 46.9199981689453125 47.18000030517578125 47.470001220703125 47.759998321533203125 48.25 48.369998931884765625 48.549999237060546875 48.310001373291015625 48.409999847412109375 48.65000152587890625 48.84999847412109375 48.770000457763671875 48.8600006103515625 48.75 48.70999908447265625 48.740001678466796875 48.770000457763671875 49.029998779296875 49.220001220703125 49.490001678466796875 49.6699981689453125 49.90000152587890625 49.970001220703125 50.130001068115234375 50.189998626708984375 50.25 50.31999969482421875 50.56999969482421875 50.740001678466796875 50.81999969482421875 50.840000152587890625 50.970001220703125 51.049999237060546875 51.310001373291015625 51.6100006103515625 51.740001678466796875 52.09999847412109375
46.34999847412109375 46.40000152587890625 46.549999237060546875 46.779998779296875 47.06999969482421875 47.3300018310546875 47.450000762939453125 47.79000091552734375 48.06999969482421875 48.049999237060546875 48.0800018310546875 48.43000030517578125 49.009998321533203125 49.090000152587890625 49.049999237060546875 49.1399993896484375 49.15000152587890625 49.09999847412109375 48.970001220703125 48.95999908447265625 48.84999847412109375 49.1100006103515625 49.20999908447265625 49.5 49.770000457763671875 49.90000152587890625 49.950000762939453125 50.090000152587890625 50.090000152587890625 50.259998321533203125 50.40000152587890625 50.5 50.619998931884765625 50.6699981689453125 50.729999542236328125 50.81999969482421875 50.909999847412109375 51.270000457763671875 51.56999969482421875 51.770000457763671875 52.009998321533203125
46.200000762939453125 46.34999847412109375 46.6399993896484375 46.770000457763671875 47.049999237060546875 47.270000457763671875 47.40000152587890625 47.6399993896484375 47.689998626708984375 47.880001068115234375 48.79000091552734375 49.340000152587890625 49.3600006103515625 49.4199981689453125 49.369998931884765625 49.380001068115234375 49.43000030517578125 49.409999847412109375 49.34999847412109375 49.259998321533203125 49.090000152587890625 49.220001220703125 49.3300018310546875 49.43000030517578125 49.700000762939453125 49.8899993896484375 49.90000152587890625 50.06999969482421875 50.09999847412109375 50.229999542236328125 50.380001068115234375 50.470001220703125 50.5800018310546875 50.6399993896484375 50.79000091552734375 50.8300018310546875 50.939998626708984375 51.3600006103515625 51.5800018310546875 51.68000030517578125 51.810001373291015625
46.159999847412109375 46.380001068115234375 46.5800018310546875 46.770000457763671875 46.95999908447265625 47.159999847412109375 47.279998779296875 47.479999542236328125 48.159999847412109375 48.45999908447265625 48.909999847412109375 49.490001678466796875 49.6699981689453125 49.6699981689453125 49.759998321533203125 49.70999908447265625 49.659999847412109375 49.68000030517578125 49.720001220703125 49.5800018310546875 49.34999847412109375 49.590000152587890625 49.369998931884765625 49.45999908447265625 49.590000152587890625 49.740001678466796875 49.90000152587890625 50.029998779296875 50.130001068115234375 50.1699981689453125 50.270000457763671875 50.450000762939453125 50.5800018310546875 50.70999908447265625 50.84999847412109375 50.95999908447265625 51.31999969482421875 51.729999542236328125 51.68000030517578125 51.59999847412109375 51.68000030517578125
46.439998626708984375 46.3300018310546875 46.470001220703125 46.6100006103515625 46.810001373291015625 47.04000091552734375 47.29000091552734375 47.65000152587890625 48.04000091552734375 48.5800018310546875 49.29000091552734375 49.689998626708984375 49.799999237060546875 50.029998779296875 49.950000762939453125 49.8899993896484375 49.869998931884765625 49.9199981689453125 49.9199981689453125 49.880001068115234375 49.549999237060546875 49.729999542236328125 49.619998931884765625 49.549999237060546875 49.509998321533203125 49.700000762939453125 49.869998931884765625 49.869998931884765625 50.060001373291015625 50.1399993896484375 50.299999237060546875 50.45999908447265625 50.68000030517578125 51.3899993896484375 51.279998779296875 51.490001678466796875 52.04000091552734375 52.020000457763671875 51.720001220703125 51.43000030517578125 51.479999542236328125
46.29000091552734375 46.220001220703125 46.369998931884765625 46.65000152587890625 46.6399993896484375 47.049999237060546875 47.220001220703125 47.450000762939453125 47.979999542236328125 48.54000091552734375 49.20999908447265625 49.659999847412109375 49.970001220703125 50.029998779296875 50.229999542236328125 50.220001220703125 50.09999847412109375 50.049999237060546875 50.1399993896484375 50.1100006103515625 49.869998931884765625 49.909999847412109375 49.689998626708984375 49.549999237060546875 49.54000091552734375 49.630001068115234375 49.79000091552734375 49.79000091552734375 49.8899993896484375 50.0800018310546875 50.229999542236328125 50.409999847412109375 50.81999969482421875 51.40000152587890625 51.31999969482421875 52.09999847412109375 52.369998931884765625 52.4199981689453125 51.909999847412109375 51.56999969482421875 51.5800018310546875
46.3300018310546875 46.43000030517578125 46.470001220703125 46.3899993896484375 46.619998931884765625 46.729999542236328125 47.029998779296875 47.189998626708984375 47.6399993896484375 48.270000457763671875 48.95999908447265625 49.700000762939453125 50.029998779296875 50.15000152587890625 50.279998779296875 50.3300018310546875 50.4199981689453125 50.240001678466796875 50.31999969482421875 50.259998321533203125 50.009998321533203125 50.1399993896484375 49.95999908447265625 49.81999969482421875 49.68000030517578125 49.659999847412109375 49.70999908447265625 49.729999542236328125 49.8600006103515625 50.029998779296875 50.20999908447265625 50.54000091552734375 51.090000152587890625 50.979999542236328125 51.439998626708984375 52.25 52.70999908447265625 53.200000762939453125 52.6399993896484375 52.009998321533203125 51.740001678466796875
46.3899993896484375 46.3899993896484375 46.380001068115234375 46.229999542236328125 46.490001678466796875 46.79000091552734375 46.950000762939453125 47.1100006103515625 47.470001220703125 48.049999237060546875 48.59999847412109375 49.310001373291015625 49.840000152587890625 50.159999847412109375 50.3899993896484375 50.590000152587890625 50.5 50.490001678466796875 50.40000152587890625 50.299999237060546875 50.470001220703125 50.3600006103515625 50.119998931884765625 49.990001678466796875 49.90000152587890625 49.810001373291015625 49.79000091552734375 49.79000091552734375 49.770000457763671875 50 50.159999847412109375 50.520000457763671875 50.759998321533203125 51 51.909999847412109375 52.310001373291015625 52.799999237060546875 53.18000030517578125 52.93000030517578125 52.3600006103515625 52.060001373291015625
46.34999847412109375 46.31999969482421875 46.20999908447265625 45.8600006103515625 46.159999847412109375 46.54000091552734375 46.840000152587890625 47.049999237060546875 47.3600006103515625 47.729999542236328125 48.29000091552734375 48.880001068115234375 49.529998779296875 49.990001678466796875 50.279998779296875 50.509998321533203125 50.6100006103515625 50.59999847412109375 50.450000762939453125 50.369998931884765625 50.240001678466796875 50.409999847412109375 50.25 50.20999908447265625 50.0800018310546875 50.029998779296875 49.909999847412109375 49.8600006103515625 49.880001068115234375 49.95999908447265625 50.1399993896484375 50.310001373291015625 50.6699981689453125 51.299999237060546875 51.759998321533203125 52.369998931884765625 52.520000457763671875 52.6100006103515625 52.75 53.029998779296875 52.06999969482421875
46.450000762939453125 46.340000152587890625 46.09999847412109375 45.70999908447265625 45.880001068115234375 46.25 46.6699981689453125 46.95999908447265625 47.20999908447265625 47.560001373291015625 48.009998321533203125 48.439998626708984375 49.04000091552734375 49.54000091552734375 49.8899993896484375 50.200000762939453125 50.45999908447265625 50.54000091552734375 50.45999908447265625 50.369998931884765625 50.279998779296875 50.409999847412109375 50.270000457763671875 50.240001678466796875 50.25 50.090000152587890625 49.990001678466796875 49.979999542236328125 50.09999847412109375 50.130001068115234375 50.189998626708984375 50.270000457763671875 50.479999542236328125 51.279998779296875 51.93000030517578125 52.20999908447265625 52.630001068115234375 52.909999847412109375 53.3899993896484375 53.279998779296875 52.479999542236328125
46.470001220703125 46.369998931884765625 46.3300018310546875 45.9199981689453125 45.779998779296875 45.990001678466796875 46.450000762939453125 46.8899993896484375 47.090000152587890625 47.3300018310546875 47.65000152587890625 48.1699981689453125 48.549999237060546875 48.970001220703125 49.340000152587890625 49.70999908447265625 50.06999969482421875 50.369998931884765625 50.509998321533203125 50.470001220703125 50.380001068115234375 50.4199981689453125 50.40000152587890625 50.3899993896484375 50.3600006103515625 50.270000457763671875 50.200000762939453125 50.159999847412109375 50.130001068115234375 50.130001068115234375 50.15000152587890625 50.20999908447265625 50.240001678466796875 50.909999847412109375 51.520000457763671875 51.90000152587890625 52.240001678466796875 52.840000152587890625 53.200000762939453125 52.939998626708984375 52.56999969482421875
46.54000091552734375 46.490001678466796875 46.490001678466796875 46.310001373291015625 45.8300018310546875 45.81999969482421875 46.1399993896484375 46.5 46.90000152587890625 47.119998931884765625 47.409999847412109375 47.75 48.0800018310546875 48.479999542236328125 48.970001220703125 49.229999542236328125 49.5 49.979999542236328125 50.450000762939453125 50.43000030517578125 50.770000457763671875 50.40000152587890625 50.299999237060546875 50.43000030517578125 50.450000762939453125 50.409999847412109375 50.279998779296875 50.259998321533203125 50.1699981689453125 50.159999847412109375 50.119998931884765625 50.270000457763671875 50.29000091552734375 50.470001220703125 50.979999542236328125 51.29000091552734375 51.729999542236328125 52.369998931884765625 53.04000091552734375 52.590000152587890625 52.479999542236328125
46.700000762939453125 46.549999237060546875 46.520000457763671875 46.18000030517578125 45.8600006103515625 45.759998321533203125 45.81999969482421875 46.1699981689453125 46.630001068115234375 46.93000030517578125 47.220001220703125 47.479999542236328125 47.770000457763671875 48.04000091552734375 48.380001068115234375 48.70999908447265625 49.20999908447265625 49.720001220703125 50.119998931884765625 50.259998321533203125 50.450000762939453125 50.479999542236328125 50.4199981689453125 50.380001068115234375 50.409999847412109375 50.299999237060546875 50.380001068115234375 50.240001678466796875 50.1399993896484375 50.04000091552734375 50.09999847412109375 50.29000091552734375 50.310001373291015625 50.479999542236328125 50.759998321533203125 51.1399993896484375 51.6100006103515625 52.020000457763671875 52.25 52.3600006103515625 52.479999542236328125
46.729999542236328125 46.700000762939453125 46.659999847412109375 46.279998779296875 45.979999542236328125 45.759998321533203125 45.79000091552734375 45.8899993896484375 46.29000091552734375 46.590000152587890625 46.8899993896484375 47.189998626708984375 47.479999542236328125 47.759998321533203125 48.0800018310546875 48.40000152587890625 48.8600006103515625 49.40000152587890625 49.70999908447265625 49.84999847412109375 50.29000091552734375 50.450000762939453125 50.529998779296875 50.509998321533203125 50.509998321533203125 50.470001220703125 50.380001068115234375 50.380001068115234375 50.259998321533203125 50.25 50.270000457763671875 50.380001068115234375 50.369998931884765625 50.490001678466796875 50.75 51.119998931884765625 52.020000457763671875 52.340000152587890625 51.909999847412109375 52.119998931884765625 52.6399993896484375
46.8899993896484375 46.8600006103515625 46.79000091552734375 46.6399993896484375 46.340000152587890625 46.020000457763671875 45.84999847412109375 45.8899993896484375 46.06999969482421875 46.31999969482421875 46.509998321533203125 46.81999969482421875 47.1699981689453125 47.450000762939453125 47.81999969482421875 48.119998931884765625 48.549999237060546875 49.06999969482421875 49.29000091552734375 49.6100006103515625 50.18000030517578125 50.380001068115234375 50.450000762939453125 50.529998779296875 50.54000091552734375 50.439998626708984375 50.43000030517578125 50.479999542236328125 50.43000030517578125 50.45999908447265625 50.369998931884765625 50.470001220703125 50.54000091552734375 50.59999847412109375 50.700000762939453125 51.09999847412109375 51.40000152587890625 52.0800018310546875 52.340000152587890625 52.5 52.810001373291015625
46.950000762939453125 46.990001678466796875 46.95999908447265625 46.869998931884765625 46.659999847412109375 46.54000091552734375 46.1699981689453125 46.04000091552734375 45.970001220703125 46.049999237060546875 46.220001220703125 46.470001220703125 46.779998779296875 47.20999908447265625 47.560001373291015625 47.869998931884765625 48.200000762939453125 48.68000030517578125 48.939998626708984375 49.200000762939453125 49.8899993896484375 50.130001068115234375 50.380001068115234375 50.479999542236328125 50.520000457763671875 50.490001678466796875 50.45999908447265625 50.43000030517578125 50.470001220703125 50.490001678466796875 50.45999908447265625 50.549999237060546875 50.560001373291015625 50.590000152587890625 50.619998931884765625 51.229999542236328125 51.590000152587890625 51.979999542236328125 52.020000457763671875 52.029998779296875 52.5
47.159999847412109375 47.15000152587890625 47.1100006103515625 47 47.049999237060546875 46.869998931884765625 46.630001068115234375 46.3300018310546875 46.130001068115234375 46.0800018310546875 46.15000152587890625 46.200000762939453125 46.369998931884765625 46.75 47.090000152587890625 47.490001678466796875 47.880001068115234375 48.43000030517578125 48.740001678466796875 48.880001068115234375 49.509998321533203125 49.95999908447265625 50.25 50.340000152587890625 50.450000762939453125 50.45999908447265625 50.5 50.490001678466796875 50.590000152587890625 50.59999847412109375 50.590000152587890625 50.630001068115234375 50.560001373291015625 50.689998626708984375 50.810001373291015625 50.970001220703125 51.490001678466796875 51.299999237060546875 51.659999847412109375 51.909999847412109375 52.54000091552734375
47.34999847412109375 47.31999969482421875 47.240001678466796875 47.270000457763671875 47.15000152587890625 47.06999969482421875 47.020000457763671875 46.68000030517578125 46.450000762939453125 46.220001220703125 46.119998931884765625 46.15000152587890625 46.259998321533203125 46.4199981689453125 46.65000152587890625 47.119998931884765625 47.45999908447265625 48.09999847412109375 48.189998626708984375 48.619998931884765625 49.200000762939453125 49.619998931884765625 49.990001678466796875 50.20999908447265625 50.34999847412109375 50.380001068115234375 50.450000762939453125 50.560001373291015625 50.6399993896484375 50.68000030517578125 50.689998626708984375 50.689998626708984375 50.740001678466796875 50.700000762939453125 50.759998321533203125 50.93000030517578125 51.0800018310546875 51.409999847412109375 51.659999847412109375 52.259998321533203125 52.950000762939453125
