wildfire/work/fuelmodels/1939/ahn1.asc
ncols        298
nrows        454
xllcorner    195085.000000000000
yllcorner    456935.000000000000
cellsize     5.000000000000
NODATA_value   -999
[rows 324 to 341 of 454, columns 164 to 204 of 298]
53.43000030517578125 53.54000091552734375 54.299999237060546875 53.840000152587890625 54.259998321533203125 54.5800018310546875 54.5800018310546875 55.369998931884765625 55.5800018310546875 54.380001068115234375 53.270000457763671875 53.060001373291015625 53.220001220703125 53.15000152587890625 53.409999847412109375 53.59999847412109375 53.979999542236328125 54.220001220703125 54.509998321533203125 54.799999237060546875 55.029998779296875 55.409999847412109375 55.560001373291015625 55.509998321533203125 55.6699981689453125 55.84999847412109375 56.020000457763671875 56.1699981689453125 56.119998931884765625 56.229999542236328125 56.450000762939453125 56.8600006103515625 57.6399993896484375 57.689998626708984375 57.1399993896484375 56.5800018310546875 56.31999969482421875 56.4199981689453125 56.3300018310546875 56.31999969482421875 56.369998931884765625
52.59999847412109375 52.909999847412109375 53.310001373291015625 53.09999847412109375 54.1100006103515625 54.240001678466796875 54.8300018310546875 55.06999969482421875 55.65000152587890625 54.1399993896484375 52.8600006103515625 52.9199981689453125 53.009998321533203125 53.20999908447265625 53.43000030517578125 53.799999237060546875 54.04000091552734375 54.25 54.68000030517578125 54.770000457763671875 54.90000152587890625 55.270000457763671875 55.470001220703125 55.40000152587890625 55.5 55.54000091552734375 55.979999542236328125 55.90000152587890625 55.93000030517578125 56.279998779296875 56.70999908447265625 57.520000457763671875 57.95999908447265625 57.81999969482421875 57.470001220703125 56.779998779296875 56.479999542236328125 56.479999542236328125 56.54000091552734375 56.689998626708984375 56.659999847412109375
52.06999969482421875 52.520000457763671875 52.659999847412109375 52.840000152587890625 53.479999542236328125 54.04000091552734375 54.479999542236328125 55.029998779296875 54.529998779296875 53.1100006103515625 52.799999237060546875 52.8300018310546875 52.8600006103515625 53.18000030517578125 53.6699981689453125 53.799999237060546875 53.95999908447265625 54.090000152587890625 54.520000457763671875 54.79000091552734375 54.990001678466796875 55.229999542236328125 55.450000762939453125 55.5 55.4199981689453125 55.630001068115234375 55.909999847412109375 56.020000457763671875 56.279998779296875 56.5800018310546875 57.25 57.8600006103515625 58.159999847412109375 57.990001678466796875 57.779998779296875 57.200000762939453125 56.590000152587890625 56.6699981689453125 56.75 56.729999542236328125 56.740001678466796875
52.06999969482421875 52.1699981689453125 51.990001678466796875 52.479999542236328125 52.979999542236328125 53.6699981689453125 54.8600006103515625 55.18000030517578125 54.759998321533203125 52.93000030517578125 52.689998626708984375 52.810001373291015625 52.939998626708984375 53.18000030517578125 53.950000762939453125 53.95999908447265625 54.04000091552734375 54.1699981689453125 54.630001068115234375 54.880001068115234375 55.119998931884765625 55.049999237060546875 55.229999542236328125 55.490001678466796875 55.5 55.689998626708984375 55.95999908447265625 56.259998321533203125 56.490001678466796875 56.70999908447265625 57.270000457763671875 57.8300018310546875 58.200000762939453125 58.369998931884765625 57.81999969482421875 57.220001220703125 56.95999908447265625 56.950000762939453125 56.909999847412109375 56.970001220703125 57.09999847412109375
51.68000030517578125 51.70999908447265625 52.029998779296875 52.450000762939453125 53.029998779296875 53.909999847412109375 54.6699981689453125 54.6399993896484375 53.759998321533203125 52.810001373291015625 52.65000152587890625 52.779998779296875 52.840000152587890625 53.54000091552734375 54.029998779296875 54.029998779296875 54.3300018310546875 54.439998626708984375 54.68000030517578125 54.869998931884765625 54.8899993896484375 54.950000762939453125 55.049999237060546875 55.65000152587890625 55.619998931884765625 55.720001220703125 56.130001068115234375 56.490001678466796875 56.720001220703125 56.81999969482421875 57.529998779296875 57.90000152587890625 58.1399993896484375 57.979999542236328125 57.630001068115234375 57.3600006103515625 57.3899993896484375 57.200000762939453125 57.25 57.34999847412109375 57.3300018310546875
51.54000091552734375 51.75 52.159999847412109375 52.869998931884765625 53.759998321533203125 54.659999847412109375 55.1699981689453125 53.220001220703125 52.740001678466796875 52.5 52.720001220703125 52.8899993896484375 53.439998626708984375 53.619998931884765625 53.8600006103515625 54.09999847412109375 54.409999847412109375 54.75 55.060001373291015625 55.020000457763671875 55.409999847412109375 55.659999847412109375 55.8899993896484375 55.84999847412109375 55.880001068115234375 56.0800018310546875 56.520000457763671875 56.84999847412109375 57.409999847412109375 57.369998931884765625 57.43000030517578125 57.590000152587890625 57.9199981689453125 57.9199981689453125 58.029998779296875 58 57.8600006103515625 57.8899993896484375 57.729999542236328125 57.56999969482421875 57.79000091552734375
51.689998626708984375 51.990001678466796875 52.759998321533203125 53.590000152587890625 54.220001220703125 55.240001678466796875 54.659999847412109375 52.65000152587890625 52.590000152587890625 52.630001068115234375 52.8899993896484375 53.29000091552734375 53.439998626708984375 53.40000152587890625 53.70999908447265625 54 54.06999969482421875 54.880001068115234375 55.299999237060546875 55.299999237060546875 55.779998779296875 55.8899993896484375 56.090000152587890625 56.18000030517578125 56.15000152587890625 56.4199981689453125 56.909999847412109375 57.43000030517578125 57.659999847412109375 57.619998931884765625 57.65000152587890625 57.880001068115234375 58.1699981689453125 58.259998321533203125 58.259998321533203125 58.29000091552734375 58.43000030517578125 58.3600006103515625 57.970001220703125 57.979999542236328125 58.0800018310546875
51.970001220703125 52.59999847412109375 53.529998779296875 53.93000030517578125 54.8300018310546875 54.970001220703125 53.759998321533203125 52.65000152587890625 53.470001220703125 53.049999237060546875 52.90000152587890625 53.259998321533203125 53.240001678466796875 53.439998626708984375 53.6399993896484375 53.630001068115234375 54.1399993896484375 54.869998931884765625 55.18000030517578125 55.25 55.439998626708984375 55.8899993896484375 55.970001220703125 55.9199981689453125 56.200000762939453125 56.8899993896484375 57.25 57.70999908447265625 57.950000762939453125 58.1399993896484375 58.18000030517578125 58.29000091552734375 58.3300018310546875 58.31999969482421875 58.3899993896484375 58.6399993896484375 58.8600006103515625 58.630001068115234375 58.04000091552734375 58.18000030517578125 58.40000152587890625
52.09999847412109375 53.049999237060546875 53.84999847412109375 54.56999969482421875 55.439998626708984375 54.8899993896484375 54.09999847412109375 54.509998321533203125 54.029998779296875 53.5800018310546875 53.439998626708984375 53.299999237060546875 53.20999908447265625 54.18000030517578125 53.90000152587890625 53.720001220703125 54.15000152587890625 54.630001068115234375 54.6100006103515625 54.81999969482421875 55.529998779296875 55.700000762939453125 55.490001678466796875 55.90000152587890625 56.439998626708984375 57.1100006103515625 57.529998779296875 58.049999237060546875 58.15000152587890625 58.340000152587890625 58.3300018310546875 58.15000152587890625 58.1399993896484375 58.279998779296875 58.59999847412109375 58.720001220703125 59.119998931884765625 58.759998321533203125 58.380001068115234375 58.5 58.810001373291015625
52.340000152587890625 53.439998626708984375 54.3899993896484375 55.04000091552734375 55.18000030517578125 54.689998626708984375 54.490001678466796875 54.509998321533203125 54.09999847412109375 53.68000030517578125 53.470001220703125 53.299999237060546875 53.380001068115234375 53.840000152587890625 53.869998931884765625 53.75 54.119998931884765625 54.509998321533203125 54.759998321533203125 55.31999969482421875 55.79000091552734375 55.68000030517578125 56.4199981689453125 56.520000457763671875 56.470001220703125 57.04000091552734375 57.509998321533203125 57.8600006103515625 58.060001373291015625 58.1399993896484375 58 57.79000091552734375 58 58.159999847412109375 58.470001220703125 58.54000091552734375 58.81999969482421875 58.729999542236328125 58.630001068115234375 58.799999237060546875 58.93000030517578125
52.759998321533203125 53.779998779296875 54.8300018310546875 54.9199981689453125 54.6100006103515625 54.479999542236328125 54.279998779296875 54.189998626708984375 54.090000152587890625 53.54000091552734375 53.380001068115234375 53.509998321533203125 53.70999908447265625 53.700000762939453125 53.65000152587890625 53.8899993896484375 54.240001678466796875 54.68000030517578125 54.869998931884765625 55.130001068115234375 55.909999847412109375 56.119998931884765625 56.09999847412109375 56.189998626708984375 56.43000030517578125 56.799999237060546875 57.0800018310546875 57.479999542236328125 57.700000762939453125 57.590000152587890625 57.529998779296875 57.6399993896484375 57.740001678466796875 57.8899993896484375 58.029998779296875 58.310001373291015625 58.509998321533203125 58.6399993896484375 58.799999237060546875 59 59.020000457763671875
53.20999908447265625 54.380001068115234375 54.90000152587890625 54.3899993896484375 53.84999847412109375 54.04000091552734375 54.45999908447265625 54.049999237060546875 53.840000152587890625 53.3600006103515625 53.299999237060546875 53.5 53.630001068115234375 53.68000030517578125 53.759998321533203125 54.0800018310546875 54.270000457763671875 54.409999847412109375 54.759998321533203125 55.020000457763671875 55.29000091552734375 55.759998321533203125 55.799999237060546875 55.970001220703125 56.31999969482421875 56.590000152587890625 56.75 56.909999847412109375 57.1399993896484375 57.299999237060546875 57.470001220703125 57.75 57.84999847412109375 57.8300018310546875 58.06999969482421875 58.299999237060546875 58.6100006103515625 59.09999847412109375 59.060001373291015625 58.970001220703125 59.029998779296875
53.15000152587890625 53.950000762939453125 54.25 53.6699981689453125 53.68000030517578125 53.9199981689453125 53.689998626708984375 53.59999847412109375 53.740001678466796875 53.729999542236328125 53.659999847412109375 53.619998931884765625 53.689998626708984375 53.779998779296875 53.90000152587890625 54.130001068115234375 54.490001678466796875 54.68000030517578125 55.119998931884765625 54.590000152587890625 54.8300018310546875 55.229999542236328125 55.43000030517578125 55.65000152587890625 55.95999908447265625 56.189998626708984375 56.380001068115234375 56.470001220703125 56.880001068115234375 57.1100006103515625 57.470001220703125 57.8899993896484375 57.990001678466796875 58.009998321533203125 58.3300018310546875 58.770000457763671875 59.1100006103515625 59.479999542236328125 59.240001678466796875 59.18000030517578125 59.189998626708984375
53.020000457763671875 53.340000152587890625 53.689998626708984375 53.770000457763671875 53.950000762939453125 54.31999969482421875 54.43000030517578125 54.229999542236328125 54.1399993896484375 54.060001373291015625 54.049999237060546875 54 53.9199981689453125 53.950000762939453125 54.06999969482421875 54.1699981689453125 54.3600006103515625 54.84999847412109375 54.700000762939453125 54.43000030517578125 54.6399993896484375 55.1399993896484375 55.29000091552734375 55.520000457763671875 55.950000762939453125 56.159999847412109375 55.93000030517578125 56.380001068115234375 56.75 57.1100006103515625 57.54000091552734375 57.93000030517578125 58.159999847412109375 58.409999847412109375 58.759998321533203125 59.06999969482421875 59.40000152587890625 59.590000152587890625 59.700000762939453125 59.4199981689453125 59.279998779296875
53.490001678466796875 53.34999847412109375 53.700000762939453125 54.5 54.5800018310546875 54.409999847412109375 54.340000152587890625 54.619998931884765625 54.560001373291015625 54.259998321533203125 54.259998321533203125 54.18000030517578125 54.130001068115234375 54.09999847412109375 54.229999542236328125 54.220001220703125 54.3899993896484375 54.659999847412109375 54.490001678466796875 54.4199981689453125 54.619998931884765625 54.880001068115234375 55.259998321533203125 55.3899993896484375 55.560001373291015625 55.490001678466796875 55.869998931884765625 56.479999542236328125 57.1399993896484375 57.369998931884765625 57.810001373291015625 58.1399993896484375 58.560001373291015625 59 59.15000152587890625 59.439998626708984375 59.619998931884765625 59.79000091552734375 59.990001678466796875 59.759998321533203125 59.409999847412109375
52.90000152587890625 53.310001373291015625 53.65000152587890625 53.810001373291015625 54.06999969482421875 54.15000152587890625 54.409999847412109375 54.720001220703125 54.520000457763671875 54.450000762939453125 54.720001220703125 54.45999908447265625 54.1699981689453125 54.1399993896484375 54.029998779296875 53.990001678466796875 54.130001068115234375 54.54000091552734375 54.5 54.43000030517578125 54.740001678466796875 54.979999542236328125 55.18000030517578125 55.529998779296875 55.590000152587890625 55.93000030517578125 56.34999847412109375 56.759998321533203125 57.340000152587890625 57.560001373291015625 58.1100006103515625 58.490001678466796875 59.259998321533203125 59.590000152587890625 59.6100006103515625 59.700000762939453125 59.799999237060546875 60.15000152587890625 60.369998931884765625 59.8899993896484375 59.43000030517578125
52.6699981689453125 53.509998321533203125 53.560001373291015625 53.59999847412109375 53.81999969482421875 54.009998321533203125 54.520000457763671875 54.65000152587890625 54.65000152587890625 55.81999969482421875 56.049999237060546875 55.020000457763671875 54.159999847412109375 54.009998321533203125 54.020000457763671875 53.9199981689453125 54 54.340000152587890625 54.54000091552734375 54.560001373291015625 54.450000762939453125 54.6699981689453125 55.1100006103515625 55.560001373291015625 55.759998321533203125 56.06999969482421875 56.470001220703125 56.770000457763671875 57.049999237060546875 57.5800018310546875 57.950000762939453125 58.380001068115234375 59.4199981689453125 59.759998321533203125 59.84999847412109375 59.700000762939453125 60 60.40000152587890625 60.720001220703125 60.509998321533203125 60.560001373291015625
52.59999847412109375 53 53.279998779296875 53.450000762939453125 53.9199981689453125 54.200000762939453125 54.5800018310546875 54.4199981689453125 55.090000152587890625 56.1699981689453125 56.25 55.3600006103515625 53.659999847412109375 53.689998626708984375 53.8899993896484375 53.880001068115234375 53.8300018310546875 54.119998931884765625 54.310001373291015625 54.470001220703125 54.84999847412109375 54.950000762939453125 55.259998321533203125 55.490001678466796875 55.840000152587890625 56.229999542236328125 56.529998779296875 56.70999908447265625 57.279998779296875 58 58.470001220703125 59.029998779296875 59.3300018310546875 59.490001678466796875 59.65000152587890625 60.090000152587890625 60.380001068115234375 60.8300018310546875 61.220001220703125 61.299999237060546875 61.0800018310546875
