wildfire/work/fuelmodels/1939/ahn1.asc
ncols        298
nrows        454
xllcorner    195085.000000000000
yllcorner    456935.000000000000
cellsize     5.000000000000
NODATA_value   -999
[rows 108 to 125 of 454, columns 205 to 245 of 298]
34.130001068115234375 34.119998931884765625 34.130001068115234375 34.0800018310546875 34.0800018310546875 34.1699981689453125 34.340000152587890625 34.439998626708984375 34.56999969482421875 34.770000457763671875 35.009998321533203125 35.06999969482421875 34.84999847412109375 34.6699981689453125 34.619998931884765625 34.6100006103515625 34.3300018310546875 34.20999908447265625 33.93000030517578125 33.90000152587890625 33.6100006103515625 33.560001373291015625 33.470001220703125 33.439998626708984375 33.380001068115234375 33.3600006103515625 33.299999237060546875 33.270000457763671875 33.31999969482421875 33.279998779296875 33.220001220703125 33.18000030517578125 33.1699981689453125 33.15000152587890625 33.119998931884765625 33.06999969482421875 32.939998626708984375 33 33.04000091552734375 32.8899993896484375 32.84999847412109375
34.090000152587890625 34.1399993896484375 34.1100006103515625 34.090000152587890625 34.1100006103515625 34.20999908447265625 34.4199981689453125 34.509998321533203125 34.689998626708984375 34.8300018310546875 35.090000152587890625 35.310001373291015625 34.759998321533203125 34.6399993896484375 34.490001678466796875 34.43000030517578125 34.04000091552734375 33.939998626708984375 33.84999847412109375 33.700000762939453125 33.65000152587890625 33.619998931884765625 33.409999847412109375 33.369998931884765625 33.3300018310546875 33.34999847412109375 33.279998779296875 33.3600006103515625 33.200000762939453125 33.200000762939453125 33.189998626708984375 33.0800018310546875 33.0800018310546875 33.060001373291015625 33.0800018310546875 33.049999237060546875 33.049999237060546875 33.130001068115234375 33.060001373291015625 32.970001220703125 32.759998321533203125
34.15000152587890625 34.1399993896484375 34.200000762939453125 34.159999847412109375 34.1699981689453125 34.220001220703125 34.340000152587890625 34.59999847412109375 34.810001373291015625 34.840000152587890625 34.779998779296875 34.759998321533203125 34.560001373291015625 34.439998626708984375 34.1699981689453125 34.20999908447265625 34.04000091552734375 33.81999969482421875 33.630001068115234375 33.70999908447265625 33.5800018310546875 33.490001678466796875 33.4199981689453125 33.34999847412109375 33.369998931884765625 33.310001373291015625 33.29000091552734375 33.25 33.20999908447265625 33.270000457763671875 33.09999847412109375 33.220001220703125 33.06999969482421875 33.130001068115234375 33.0800018310546875 33.090000152587890625 33.1100006103515625 33.1100006103515625 33.090000152587890625 32.990001678466796875 32.8899993896484375
34.189998626708984375 34.1399993896484375 34.1399993896484375 34.25 34.380001068115234375 34.29000091552734375 34.40000152587890625 34.560001373291015625 34.759998321533203125 34.810001373291015625 34.659999847412109375 34.59999847412109375 34.56999969482421875 34.3600006103515625 34.159999847412109375 34.04000091552734375 33.8899993896484375 33.810001373291015625 33.700000762939453125 33.70999908447265625 33.5800018310546875 33.549999237060546875 33.470001220703125 33.439998626708984375 33.340000152587890625 33.340000152587890625 33.25 33.229999542236328125 33.259998321533203125 33.189998626708984375 33.1699981689453125 33.1399993896484375 33.15000152587890625 33.09999847412109375 33.029998779296875 33.049999237060546875 33.130001068115234375 33.04000091552734375 33.130001068115234375 33.020000457763671875 32.970001220703125
34.15000152587890625 34.130001068115234375 34.130001068115234375 34.229999542236328125 34.299999237060546875 34.3300018310546875 34.439998626708984375 34.65000152587890625 34.779998779296875 34.770000457763671875 34.70999908447265625 34.380001068115234375 34.3300018310546875 34.229999542236328125 34.049999237060546875 33.970001220703125 33.770000457763671875 33.799999237060546875 33.689998626708984375 33.6100006103515625 33.5800018310546875 33.5800018310546875 33.6100006103515625 33.630001068115234375 33.31999969482421875 33.340000152587890625 33.29000091552734375 33.189998626708984375 33.200000762939453125 33.229999542236328125 33.229999542236328125 33.1100006103515625 33.159999847412109375 33.1399993896484375 33.09999847412109375 33.0800018310546875 33.09999847412109375 33.029998779296875 33.020000457763671875 32.990001678466796875 32.8600006103515625
34.1100006103515625 34.0800018310546875 34.18000030517578125 34.220001220703125 34.3300018310546875 34.380001068115234375 34.619998931884765625 34.70999908447265625 34.799999237060546875 34.659999847412109375 34.59999847412109375 34.45999908447265625 34.130001068115234375 34.06999969482421875 34.020000457763671875 34.04000091552734375 33.770000457763671875 33.729999542236328125 33.720001220703125 33.6399993896484375 33.59999847412109375 33.470001220703125 33.490001678466796875 33.470001220703125 33.3899993896484375 33.34999847412109375 33.259998321533203125 33.18000030517578125 33.200000762939453125 33.380001068115234375 33.220001220703125 33.189998626708984375 33.25 33.229999542236328125 33.189998626708984375 33.09999847412109375 33.1100006103515625 33.020000457763671875 32.979999542236328125 32.95999908447265625 32.869998931884765625
34.09999847412109375 34.06999969482421875 34.1699981689453125 34.299999237060546875 34.34999847412109375 34.43000030517578125 34.630001068115234375 34.740001678466796875 34.6699981689453125 34.6699981689453125 34.509998321533203125 34.270000457763671875 34.1399993896484375 33.93000030517578125 33.8300018310546875 33.840000152587890625 33.720001220703125 33.729999542236328125 33.689998626708984375 33.6100006103515625 33.549999237060546875 33.56999969482421875 33.479999542236328125 33.45999908447265625 33.380001068115234375 33.310001373291015625 33.270000457763671875 33.189998626708984375 33.220001220703125 33.270000457763671875 33.240001678466796875 33.229999542236328125 33.270000457763671875 33.220001220703125 33.130001068115234375 33.049999237060546875 33.06999969482421875 32.9199981689453125 32.8600006103515625 32.810001373291015625 32.84999847412109375
34.15000152587890625 34.189998626708984375 34.229999542236328125 34.31999969482421875 34.439998626708984375 34.509998321533203125 34.70999908447265625 34.700000762939453125 34.869998931884765625 34.70999908447265625 34.470001220703125 34.0800018310546875 33.95999908447265625 33.9199981689453125 33.880001068115234375 33.75 33.779998779296875 33.799999237060546875 33.56999969482421875 33.5800018310546875 33.549999237060546875 33.520000457763671875 33.479999542236328125 33.439998626708984375 33.369998931884765625 33.340000152587890625 33.3300018310546875 33.270000457763671875 33.279998779296875 33.229999542236328125 33.259998321533203125 33.270000457763671875 33.229999542236328125 33.29000091552734375 33.159999847412109375 32.990001678466796875 32.990001678466796875 32.939998626708984375 32.909999847412109375 32.93000030517578125 32.909999847412109375
34.229999542236328125 34.29000091552734375 34.34999847412109375 34.549999237060546875 34.590000152587890625 34.619998931884765625 34.70999908447265625 34.84999847412109375 34.740001678466796875 34.619998931884765625 34.25 34.119998931884765625 33.970001220703125 33.90000152587890625 33.779998779296875 33.689998626708984375 33.689998626708984375 33.68000030517578125 33.6100006103515625 33.56999969482421875 33.56999969482421875 33.490001678466796875 33.450000762939453125 33.439998626708984375 33.340000152587890625 33.3600006103515625 33.310001373291015625 33.270000457763671875 33.279998779296875 33.25 33.200000762939453125 33.270000457763671875 33.25 33.18000030517578125 33.090000152587890625 32.95999908447265625 33.049999237060546875 32.95999908447265625 32.95999908447265625 32.970001220703125 32.950000762939453125
34.369998931884765625 34.439998626708984375 34.450000762939453125 34.6100006103515625 34.6699981689453125 34.75 34.720001220703125 34.70999908447265625 34.68000030517578125 34.470001220703125 34.270000457763671875 34.20999908447265625 33.869998931884765625 33.8899993896484375 33.70999908447265625 33.659999847412109375 33.68000030517578125 33.630001068115234375 33.6100006103515625 33.490001678466796875 33.45999908447265625 33.470001220703125 33.470001220703125 33.380001068115234375 33.380001068115234375 33.4199981689453125 33.279998779296875 33.259998321533203125 33.240001678466796875 33.259998321533203125 33.240001678466796875 33.18000030517578125 33.15000152587890625 33.060001373291015625 33.020000457763671875 32.970001220703125 33.009998321533203125 33.020000457763671875 32.939998626708984375 32.990001678466796875 33.060001373291015625
34.5800018310546875 34.560001373291015625 34.59999847412109375 34.70999908447265625 34.75 34.770000457763671875 34.740001678466796875 34.5800018310546875 34.479999542236328125 34.450000762939453125 34.200000762939453125 34.06999969482421875 33.81999969482421875 33.84999847412109375 33.770000457763671875 33.619998931884765625 33.56999969482421875 33.479999542236328125 33.5800018310546875 33.54000091552734375 33.490001678466796875 33.43000030517578125 33.40000152587890625 33.3899993896484375 33.4199981689453125 33.31999969482421875 33.240001678466796875 33.229999542236328125 33.220001220703125 33.189998626708984375 33.1100006103515625 33.090000152587890625 33.06999969482421875 33.009998321533203125 33.06999969482421875 33.029998779296875 33.049999237060546875 32.990001678466796875 33.029998779296875 33.1399993896484375 33.29000091552734375
34.70999908447265625 34.759998321533203125 34.810001373291015625 34.8300018310546875 34.759998321533203125 34.70999908447265625 34.65000152587890625 34.549999237060546875 34.3899993896484375 34.229999542236328125 34.04000091552734375 34.029998779296875 33.840000152587890625 33.75 33.689998626708984375 33.65000152587890625 33.5800018310546875 33.56999969482421875 33.560001373291015625 33.5800018310546875 33.43000030517578125 33.409999847412109375 33.369998931884765625 33.340000152587890625 33.310001373291015625 33.270000457763671875 33.220001220703125 33.259998321533203125 33.130001068115234375 33.15000152587890625 33.06999969482421875 33.09999847412109375 32.970001220703125 33.029998779296875 33.060001373291015625 33.04000091552734375 33.06999969482421875 33.09999847412109375 33.15000152587890625 33.299999237060546875 33.34999847412109375
34.84999847412109375 34.9199981689453125 34.950000762939453125 34.8300018310546875 34.759998321533203125 34.689998626708984375 34.490001678466796875 34.40000152587890625 34.29000091552734375 34.15000152587890625 34.06999969482421875 33.950000762939453125 33.799999237060546875 33.700000762939453125 33.65000152587890625 33.700000762939453125 33.799999237060546875 33.5800018310546875 33.549999237060546875 33.31999969482421875 33.31999969482421875 33.3600006103515625 33.3600006103515625 33.34999847412109375 33.31999969482421875 33.3899993896484375 33.220001220703125 33.240001678466796875 33.1100006103515625 33.159999847412109375 33.1699981689453125 33.09999847412109375 33.09999847412109375 33.1699981689453125 33.09999847412109375 33.09999847412109375 33.18000030517578125 33.240001678466796875 33.34999847412109375 33.3899993896484375 33.310001373291015625
34.95999908447265625 34.990001678466796875 34.970001220703125 34.84999847412109375 34.6699981689453125 34.56999969482421875 34.439998626708984375 34.299999237060546875 34.18000030517578125 34.09999847412109375 33.970001220703125 33.950000762939453125 33.84999847412109375 33.779998779296875 33.729999542236328125 33.659999847412109375 33.689998626708984375 33.5800018310546875 33.520000457763671875 33.380001068115234375 33.270000457763671875 33.34999847412109375 33.3899993896484375 33.40000152587890625 33.549999237060546875 33.3600006103515625 33.200000762939453125 33.159999847412109375 33.18000030517578125 33.1699981689453125 33.159999847412109375 33.189998626708984375 33.1699981689453125 33.189998626708984375 33.25 33.25 33.409999847412109375 33.479999542236328125 33.529998779296875 33.3899993896484375 33.54000091552734375
35.049999237060546875 35.009998321533203125 34.9199981689453125 34.770000457763671875 34.630001068115234375 34.450000762939453125 34.340000152587890625 34.270000457763671875 34.09999847412109375 34.009998321533203125 33.939998626708984375 33.880001068115234375 33.869998931884765625 33.90000152587890625 33.759998321533203125 33.770000457763671875 33.659999847412109375 33.560001373291015625 33.479999542236328125 33.43000030517578125 33.409999847412109375 33.380001068115234375 33.3899993896484375 33.470001220703125 33.439998626708984375 33.43000030517578125 33.31999969482421875 33.240001678466796875 33.20999908447265625 33.31999969482421875 33.29000091552734375 33.220001220703125 33.299999237060546875 33.229999542236328125 33.279998779296875 33.4199981689453125 33.5 33.479999542236328125 33.56999969482421875 33.54000091552734375 33.970001220703125
35.049999237060546875 34.970001220703125 34.880001068115234375 34.729999542236328125 34.549999237060546875 34.4199981689453125 34.20999908447265625 34.1699981689453125 34.0800018310546875 34.009998321533203125 33.950000762939453125 33.90000152587890625 33.880001068115234375 33.970001220703125 33.8600006103515625 33.81999969482421875 33.6399993896484375 33.700000762939453125 33.590000152587890625 33.5 33.45999908447265625 33.380001068115234375 33.4199981689453125 33.5 33.479999542236328125 33.4199981689453125 33.45999908447265625 33.340000152587890625 33.279998779296875 33.279998779296875 33.279998779296875 33.29000091552734375 33.3300018310546875 33.279998779296875 33.439998626708984375 33.590000152587890625 33.6399993896484375 33.590000152587890625 33.65000152587890625 34.060001373291015625 33.880001068115234375
35.020000457763671875 34.8899993896484375 34.779998779296875 34.659999847412109375 34.470001220703125 34.369998931884765625 34.25 34.1399993896484375 34.06999969482421875 34 33.909999847412109375 33.8600006103515625 33.90000152587890625 33.81999969482421875 33.9199981689453125 33.81999969482421875 33.8899993896484375 33.70999908447265625 33.68000030517578125 33.6100006103515625 33.529998779296875 33.479999542236328125 33.470001220703125 33.5 33.509998321533203125 33.409999847412109375 33.3600006103515625 33.29000091552734375 33.279998779296875 33.3300018310546875 33.40000152587890625 33.3600006103515625 33.409999847412109375 33.45999908447265625 33.520000457763671875 33.729999542236328125 33.659999847412109375 33.720001220703125 34.509998321533203125 33.840000152587890625 33.720001220703125
35.04000091552734375 34.8300018310546875 34.70999908447265625 34.56999969482421875 34.5 34.380001068115234375 34.20999908447265625 34.119998931884765625 34.029998779296875 33.970001220703125 33.880001068115234375 33.869998931884765625 33.909999847412109375 33.81999969482421875 33.880001068115234375 33.8600006103515625 33.979999542236328125 33.799999237060546875 33.70999908447265625 33.65000152587890625 33.520000457763671875 33.59999847412109375 33.56999969482421875 33.6100006103515625 33.549999237060546875 33.3899993896484375 33.34999847412109375 33.279998779296875 33.3300018310546875 33.380001068115234375 33.409999847412109375 33.369998931884765625 33.3600006103515625 33.68000030517578125 33.740001678466796875 33.84999847412109375 33.81999969482421875 33.8600006103515625 33.93000030517578125 33.79000091552734375 33.79000091552734375
