wildfire/work/fuelmodels/1939/ahn1.asc
ncols        298
nrows        454
xllcorner    195085.000000000000
yllcorner    456935.000000000000
cellsize     5.000000000000
NODATA_value   -999
[rows 36 to 53 of 454, columns 246 to 286 of 298]
36.119998931884765625 35.75 35.3600006103515625 34.799999237060546875 34.049999237060546875 33.6100006103515625 33.159999847412109375 32.720001220703125 32.81999969482421875 32.779998779296875 32.380001068115234375 32.450000762939453125 32.240001678466796875 32.189998626708984375 32.1100006103515625 32.220001220703125 32.18000030517578125 31.8899993896484375 31.920000076293945312 31.899999618530273438 31.780000686645507812 31.81999969482421875 31.809999465942382812 31.670000076293945312 31.590000152587890625 31.56999969482421875 31.510000228881835938 31.729999542236328125 31.879999160766601562 31.950000762939453125 31.879999160766601562 31.989999771118164062 32.259998321533203125 33.060001373291015625 33.240001678466796875 33.270000457763671875 32.75 31.629999160766601562 30.29000091552734375 30.770000457763671875 31.780000686645507812
36 35.130001068115234375 34.549999237060546875 33.9199981689453125 33.560001373291015625 33.270000457763671875 32.81999969482421875 32.689998626708984375 32.799999237060546875 32.369998931884765625 32.4199981689453125 32.3300018310546875 32.18000030517578125 32.1399993896484375 32.3300018310546875 32.060001373291015625 31.93000030517578125 31.989999771118164062 31.879999160766601562 31.81999969482421875 31.70999908447265625 31.700000762939453125 31.469999313354492188 31.75 31.6100006103515625 31.590000152587890625 31.770000457763671875 31.8600006103515625 32.020000457763671875 32.090000152587890625 32.15000152587890625 32.20999908447265625 33.04000091552734375 33.380001068115234375 33.310001373291015625 32.5800018310546875 31 30.25 31.190000534057617188 31.879999160766601562 31.729999542236328125
35.259998321533203125 34.529998779296875 33.990001678466796875 33.59999847412109375 33.3300018310546875 32.880001068115234375 32.8899993896484375 32.840000152587890625 32.409999847412109375 32.439998626708984375 32.45999908447265625 32.240001678466796875 32.189998626708984375 32.1100006103515625 32.090000152587890625 31.909999847412109375 31.81999969482421875 31.920000076293945312 31.969999313354492188 31.950000762939453125 31.93000030517578125 31.870000839233398438 31.809999465942382812 31.770000457763671875 31.809999465942382812 31.870000839233398438 31.950000762939453125 31.989999771118164062 32.090000152587890625 32.240001678466796875 32.25 33.479999542236328125 33.409999847412109375 33.3600006103515625 32 30.829999923706054688 30.510000228881835938 31.420000076293945312 31.909999847412109375 31.81999969482421875 31.850000381469726562
34.659999847412109375 33.869998931884765625 33.6399993896484375 33.340000152587890625 33.090000152587890625 32.779998779296875 33.20999908447265625 32.450000762939453125 32.509998321533203125 32.40000152587890625 32.240001678466796875 32.159999847412109375 32.1699981689453125 32.06999969482421875 31.969999313354492188 31.780000686645507812 31.879999160766601562 31.95999908447265625 32.0800018310546875 32.119998931884765625 31.989999771118164062 31.969999313354492188 31.829999923706054688 31.879999160766601562 31.979999542236328125 31.95999908447265625 32.0800018310546875 32.220001220703125 32.409999847412109375 32.8600006103515625 33.43000030517578125 33.470001220703125 33.4199981689453125 32.04000091552734375 30.8899993896484375 30.520000457763671875 31.850000381469726562 31.850000381469726562 31.829999923706054688 31.909999847412109375 31.799999237060546875
33.95999908447265625 33.689998626708984375 33.43000030517578125 33.259998321533203125 33.020000457763671875 33.159999847412109375 32.689998626708984375 32.56999969482421875 32.310001373291015625 32.18000030517578125 32.18000030517578125 32.130001068115234375 32.119998931884765625 32.009998321533203125 31.79000091552734375 32.009998321533203125 31.969999313354492188 32.15000152587890625 32.220001220703125 32.20999908447265625 32.1399993896484375 32.009998321533203125 32.020000457763671875 32.029998779296875 32.06999969482421875 32.1399993896484375 32.200000762939453125 32.479999542236328125 33.200000762939453125 33.59999847412109375 33.630001068115234375 33.130001068115234375 31.719999313354492188 30.770000457763671875 31.510000228881835938 31.840000152587890625 31.909999847412109375 31.920000076293945312 31.95999908447265625 31.8899993896484375 31.780000686645507812
33.619998931884765625 33.479999542236328125 33.220001220703125 32.979999542236328125 33.15000152587890625 32.93000030517578125 32.59999847412109375 32.470001220703125 32.270000457763671875 32.1100006103515625 32.06999969482421875 32.049999237060546875 32.029998779296875 31.969999313354492188 32.060001373291015625 32.119998931884765625 32.15000152587890625 32.270000457763671875 32.3600006103515625 32.279998779296875 32.240001678466796875 32.09999847412109375 32.06999969482421875 32.130001068115234375 32.299999237060546875 32.40000152587890625 32.630001068115234375 33.509998321533203125 33.70999908447265625 33.759998321533203125 32.8300018310546875 31.520000457763671875 30.5 30.739999771118164062 31.829999923706054688 31.879999160766601562 31.829999923706054688 31.850000381469726562 31.809999465942382812 31.690000534057617188 31.620000839233398438
33.45999908447265625 33.240001678466796875 33.15000152587890625 33.25 33.15000152587890625 32.68000030517578125 32.619998931884765625 32.3600006103515625 32.31999969482421875 32.119998931884765625 32.15000152587890625 32 31.850000381469726562 31.979999542236328125 32.1399993896484375 32.20999908447265625 32.25 32.310001373291015625 32.5 32.279998779296875 32.369998931884765625 32.369998931884765625 32.279998779296875 32.31999969482421875 32.479999542236328125 32.799999237060546875 33.810001373291015625 33.81999969482421875 33.720001220703125 32.6699981689453125 31.079999923706054688 30.5 31.190000534057617188 31.879999160766601562 31.899999618530273438 31.81999969482421875 31.760000228881835938 31.75 31.670000076293945312 31.600000381469726562 31.649999618530273438
33.409999847412109375 33.1699981689453125 32.8300018310546875 33.240001678466796875 32.68000030517578125 32.59999847412109375 32.490001678466796875 32.340000152587890625 32.189998626708984375 32.0800018310546875 32.119998931884765625 31.879999160766601562 32.18000030517578125 32.20999908447265625 32.259998321533203125 32.310001373291015625 32.409999847412109375 32.43000030517578125 32.509998321533203125 32.380001068115234375 32.310001373291015625 32.40000152587890625 32.45999908447265625 32.520000457763671875 33.0800018310546875 33.84999847412109375 33.720001220703125 33.8300018310546875 32.520000457763671875 31.31999969482421875 30.6399993896484375 31.590000152587890625 31.93000030517578125 31.920000076293945312 31.879999160766601562 31.760000228881835938 31.75 31.659999847412109375 31.549999237060546875 31.549999237060546875 31.729999542236328125
33.31999969482421875 33.119998931884765625 33.20999908447265625 32.79000091552734375 32.759998321533203125 32.45999908447265625 32.369998931884765625 32.279998779296875 32.119998931884765625 32.0800018310546875 32.09999847412109375 32.20999908447265625 32.31999969482421875 32.45999908447265625 32.3300018310546875 32.409999847412109375 32.470001220703125 32.490001678466796875 32.490001678466796875 32.479999542236328125 32.490001678466796875 32.590000152587890625 32.869998931884765625 33.529998779296875 33.779998779296875 33.799999237060546875 33.470001220703125 32.020000457763671875 31.020000457763671875 30.629999160766601562 31.629999160766601562 32.009998321533203125 31.969999313354492188 31.940000534057617188 31.760000228881835938 31.670000076293945312 31.579999923706054688 31.520000457763671875 31.590000152587890625 31.719999313354492188 31.590000152587890625
33.299999237060546875 33.29000091552734375 32.939998626708984375 32.70999908447265625 32.490001678466796875 32.409999847412109375 32.3300018310546875 32.1399993896484375 32.240001678466796875 32.279998779296875 32.25 32.220001220703125 32.369998931884765625 32.470001220703125 32.490001678466796875 32.520000457763671875 32.560001373291015625 32.59999847412109375 32.529998779296875 32.490001678466796875 32.5 32.729999542236328125 33.70999908447265625 33.81999969482421875 33.740001678466796875 33.009998321533203125 31.43000030517578125 30.8600006103515625 30.350000381469726562 31.909999847412109375 31.979999542236328125 31.989999771118164062 31.909999847412109375 31.840000152587890625 31.70999908447265625 31.629999160766601562 31.590000152587890625 31.6399993896484375 31.579999923706054688 31.54000091552734375 31.5
33.31999969482421875 33.240001678466796875 33.009998321533203125 32.68000030517578125 32.439998626708984375 32.3300018310546875 32.31999969482421875 32.029998779296875 32.259998321533203125 32.29000091552734375 32.31999969482421875 32.3600006103515625 32.56999969482421875 32.59999847412109375 32.630001068115234375 32.70999908447265625 32.700000762939453125 32.70999908447265625 32.689998626708984375 32.65000152587890625 32.950000762939453125 33.700000762939453125 33.779998779296875 33.740001678466796875 32.779998779296875 31.129999160766601562 30.909999847412109375 31.620000839233398438 31.8899993896484375 32.009998321533203125 31.989999771118164062 31.979999542236328125 31.950000762939453125 31.840000152587890625 31.700000762939453125 31.690000534057617188 31.649999618530273438 31.56999969482421875 31.510000228881835938 31.549999237060546875 31.6100006103515625
33.279998779296875 33.159999847412109375 32.8600006103515625 32.720001220703125 32.45999908447265625 32.31999969482421875 32.29000091552734375 32.240001678466796875 32.34999847412109375 32.34999847412109375 32.3899993896484375 32.490001678466796875 32.6399993896484375 32.729999542236328125 32.6699981689453125 32.70999908447265625 32.6699981689453125 32.779998779296875 33.090000152587890625 33.3300018310546875 33.6699981689453125 33.70999908447265625 33.810001373291015625 32.6100006103515625 30.840000152587890625 30.329999923706054688 31.350000381469726562 31.989999771118164062 32.04000091552734375 32 31.979999542236328125 31.93000030517578125 31.879999160766601562 31.8600006103515625 31.770000457763671875 31.690000534057617188 31.600000381469726562 31.559999465942382812 31.56999969482421875 31.590000152587890625 31.54000091552734375
33.240001678466796875 33.0800018310546875 32.869998931884765625 32.6699981689453125 32.549999237060546875 32.31999969482421875 32.189998626708984375 32.31999969482421875 32.310001373291015625 32.43000030517578125 32.45999908447265625 32.560001373291015625 32.70999908447265625 32.740001678466796875 32.70999908447265625 32.5800018310546875 32.529998779296875 32.869998931884765625 33.470001220703125 33.659999847412109375 33.70999908447265625 33.409999847412109375 32.340000152587890625 31.20999908447265625 30.190000534057617188 31.530000686645507812 32.189998626708984375 32.009998321533203125 32.020000457763671875 32.060001373291015625 31.95999908447265625 31.899999618530273438 31.899999618530273438 31.809999465942382812 31.719999313354492188 31.6399993896484375 31.75 31.649999618530273438 31.600000381469726562 31.579999923706054688 31.56999969482421875
33.18000030517578125 32.93000030517578125 32.740001678466796875 32.560001373291015625 32.40000152587890625 32.259998321533203125 32.340000152587890625 32.380001068115234375 32.40000152587890625 32.56999969482421875 32.630001068115234375 32.70999908447265625 32.799999237060546875 32.729999542236328125 32.659999847412109375 32.5800018310546875 32.909999847412109375 33.56999969482421875 33.6399993896484375 33.70999908447265625 33.29000091552734375 31.770000457763671875 31.020000457763671875 30.8600006103515625 32.049999237060546875 32.220001220703125 32.020000457763671875 32.06999969482421875 31.920000076293945312 31.979999542236328125 31.93000030517578125 31.920000076293945312 31.879999160766601562 31.8600006103515625 31.75 31.780000686645507812 31.780000686645507812 31.799999237060546875 31.899999618530273438 31.920000076293945312 31.620000839233398438
33.020000457763671875 32.90000152587890625 32.70999908447265625 32.59999847412109375 32.380001068115234375 32.25 32.5 32.560001373291015625 32.54000091552734375 32.6699981689453125 32.740001678466796875 32.729999542236328125 32.70999908447265625 32.689998626708984375 32.880001068115234375 33.29000091552734375 33.700000762939453125 33.720001220703125 33.630001068115234375 32.93000030517578125 31.469999313354492188 30.6100006103515625 31.190000534057617188 32.09999847412109375 32.15000152587890625 32.1399993896484375 32.0800018310546875 31.940000534057617188 31.809999465942382812 31.8600006103515625 31.8899993896484375 31.909999847412109375 31.950000762939453125 31.909999847412109375 31.8899993896484375 31.850000381469726562 31.909999847412109375 31.950000762939453125 31.770000457763671875 31.590000152587890625 31.45999908447265625
32.93000030517578125 32.689998626708984375 32.630001068115234375 32.380001068115234375 32.310001373291015625 32.299999237060546875 32.54000091552734375 32.590000152587890625 32.659999847412109375 32.799999237060546875 32.75 32.689998626708984375 32.729999542236328125 33 33.6699981689453125 33.8300018310546875 33.700000762939453125 33.619998931884765625 33.1399993896484375 31.590000152587890625 30.3600006103515625 31.309999465942382812 32.130001068115234375 32.159999847412109375 32.1699981689453125 32.1100006103515625 31.95999908447265625 31.829999923706054688 31.760000228881835938 31.799999237060546875 31.899999618530273438 31.920000076293945312 31.950000762939453125 31.899999618530273438 32.04000091552734375 31.5 31.379999160766601562 31.229999542236328125 31.309999465942382812 31.129999160766601562 31.149999618530273438
32.8600006103515625 32.740001678466796875 32.509998321533203125 32.34999847412109375 32.470001220703125 32.520000457763671875 32.6399993896484375 32.729999542236328125 32.8899993896484375 32.799999237060546875 32.770000457763671875 32.68000030517578125 32.90000152587890625 33.689998626708984375 33.770000457763671875 33.729999542236328125 33.56999969482421875 32.5800018310546875 30.850000381469726562 30.190000534057617188 30.93000030517578125 32.04000091552734375 32.049999237060546875 32.06999969482421875 32.1100006103515625 31.969999313354492188 31.870000839233398438 31.729999542236328125 31.780000686645507812 31.940000534057617188 31.950000762939453125 31.979999542236328125 32.009998321533203125 31.399999618530273438 31.18000030517578125 30.93000030517578125 31.090000152587890625 31.20999908447265625 31.18000030517578125 31.18000030517578125 31.149999618530273438
32.79000091552734375 32.630001068115234375 32.470001220703125 32.299999237060546875 32.509998321533203125 32.59999847412109375 32.70999908447265625 32.810001373291015625 32.81999969482421875 32.770000457763671875 32.75 33.240001678466796875 33.779998779296875 33.81999969482421875 33.759998321533203125 33.4199981689453125 32.270000457763671875 31.340000152587890625 30.809999465942382812 31.340000152587890625 31.93000030517578125 31.899999618530273438 31.979999542236328125 32 31.899999618530273438 31.81999969482421875 31.729999542236328125 31.729999542236328125 31.770000457763671875 31.950000762939453125 32.009998321533203125 32 31.45999908447265625 31.100000381469726562 30.909999847412109375 31.100000381469726562 31.299999237060546875 31.200000762939453125 31.149999618530273438 31.059999465942382812 30.920000076293945312
