wildfire/work/fuelmodels/1939/aspect.asc
ncols        298
nrows        454
xllcorner    195085.000000000000
yllcorner    456935.000000000000
cellsize     5.000000000000
NODATA_value   -999
[rows 361 to 379 of 454, columns 126 to 167 of 298]
320.905242919921875 321.21490478515625 328.044952392578125 331.81182861328125 3.9451553821563720703 44.352619171142578125 55.7068328857421875 57.959552764892578125 53.178089141845703125 36.0603485107421875 18.435207366943359375 17.318944931030273438 28.68596649169921875 51.410602569580078125 79.99147796630859375 85.6613616943359375 64.6177215576171875 24.12073516845703125 352.404632568359375 339.7335205078125 345.15911865234375 5.7626705169677734375 25.906476974487304688 16.389698028564453125 358.0238037109375 14.237366676330566406 11.622029304504394531 343.950103759765625 335.1268310546875 359.77960205078125 10.905063629150390625 339.58416748046875 309.313232421875 286.126953125 272.67926025390625 246.8005218505859375 230.388702392578125 273.17926025390625 282.698974609375 272.89068603515625 199.572906494140625 168.214813232421875
310.29547119140625 305.6695556640625 313.853485107421875 314.203369140625 48.4682159423828125 83.1855010986328125 76.45987701416015625 70.40747833251953125 62.50905609130859375 48.433391571044921875 48.179584503173828125 35.134033203125 49.184635162353515625 81.14192962646484375 89.20420074462890625 61.858623504638671875 17.949533462524414062 2.9561192989349365234 352.54901123046875 352.8992919921875 4.9697499275207519531 9.7368783950805664062 20.472326278686523438 18.676801681518554688 9.6885538101196289062 351.49053955078125 343.42510986328125 338.141937255859375 319.5240478515625 358.22027587890625 14.036287307739257812 330.69903564453125 320.805908203125 314.73394775390625 305.474456787109375 342.978424072265625 258.111083984375 255.068115234375 250.3325958251953125 233.193756103515625 173.5408477783203125 188.1292724609375
302.174957275390625 298.609771728515625 293.748779296875 271.396820068359375 103.56955718994140625 99.80553436279296875 99.05750274658203125 89.5449676513671875 76.02931976318359375 56.6500244140625 59.19838714599609375 62.241291046142578125 104.62042236328125 79.03214263916015625 43.4088134765625 17.4881134033203125 355.719696044921875 349.953582763671875 337.76971435546875 355.496978759765625 21.003023147583007812 20.312740325927734375 15.368558883666992188 2.5336127281188964844 2.3531973361968994141 357.254150390625 351.79901123046875 347.151580810546875 323.574432373046875 346.53369140625 13.392506599426269531 313.43017578125 303.572265625 313.326995849609375 307.12554931640625 10.953555107116699219 12.803399085998535156 258.4073486328125 241.786651611328125 221.2352294921875 197.8344268798828125 254.218505859375
308.575897216796875 327.857696533203125 326.888671875 281.310943603515625 107.353729248046875 100.468902587890625 103.84050750732421875 99.4154510498046875 86.18570709228515625 65.820526123046875 53.746002197265625 21.447643280029296875 9.34487152099609375 15.945524215698242188 21.10883331298828125 21.857160568237304688 343.2998046875 340.406829833984375 343.81005859375 6.2868471145629882812 27.241565704345703125 17.9691162109375 3.3147747516632080078 350.41143798828125 355.14923095703125 5.2577137947082519531 5.6307210922241210938 352.79791259765625 345.6497802734375 359.9990234375 25.625951766967773438 299.331085205078125 273.423309326171875 281.4815673828125 279.0899658203125 231.33831787109375 359.998138427734375 300.202056884765625 258.96673583984375 239.930816650390625 233.695037841796875 259.911346435546875
299.845367431640625 237.993804931640625 278.61566162109375 55.784454345703125 102.31990814208984375 101.75661468505859375 100.13401031494140625 89.9996337890625 62.05683135986328125 27.942892074584960938 20.517354965209960938 5.1944165229797363281 359.443115234375 18.245843887329101562 37.549594879150390625 20.708919525146484375 328.189727783203125 330.21173095703125 354.5390625 25.67681884765625 35.4009857177734375 7.6789159774780273438 348.346771240234375 346.923675537109375 352.646697998046875 11.458701133728027344 8.790622711181640625 349.3453369140625 359.99908447265625 8.7811832427978515625 16.657892227172851562 7.206119537353515625 277.340240478515625 259.3795166015625 258.6884765625 290.22454833984375 310.134674072265625 326.309051513671875 313.918243408203125 332.67022705078125 309.507476806640625 261.8692626953125
220.029541015625 224.9994659423828125 287.318572998046875 41.633617401123046875 84.73206329345703125 94.71453094482421875 87.15303802490234375 56.154438018798828125 8.8928165435791015625 7.3188838958740234375 19.13341522216796875 16.342800140380859375 32.8285369873046875 81.15756988525390625 67.248504638671875 350.462646484375 313.141754150390625 315.789520263671875 0.4985046088695526123 38.211048126220703125 31.148441314697265625 359.108551025390625 332.804534912109375 335.264892578125 350.173736572265625 18.811925888061523438 9.5096292495727539062 347.004638671875 7.001224517822265625 352.374969482421875 2.5819041728973388672 28.633455276489257812 14.534185409545898438 263.74041748046875 280.304473876953125 324.60443115234375 322.943389892578125 285.254547119140625 280.0736083984375 314.997894287109375 134.9981231689453125 254.4149932861328125
239.03472900390625 297.961639404296875 299.196807861328125 38.571346282958984375 85.21511077880859375 97.8635711669921875 84.33226776123046875 15.751429557800292969 333.1297607421875 16.898448944091796875 62.06725311279296875 79.21573638916015625 78.366241455078125 46.847537994384765625 20.555868148803710938 333.434326171875 292.78759765625 294.74285888671875 335.157196044921875 12.742218017578125 16.945171356201171875 355.045806884765625 349.057037353515625 344.4063720703125 348.526580810546875 14.083956718444824219 24.357995986938476562 12.464793205261230469 334.178466796875 327.52801513671875 350.56707763671875 44.035427093505859375 51.115337371826171875 308.91064453125 275.34246826171875 282.337982177734375 356.1856689453125 248.1981658935546875 227.185394287109375 192.3274688720703125 196.9269256591796875 264.288970947265625
317.4884033203125 272.5623779296875 239.9307098388671875 142.523468017578125 115.51351165771484375 120.629638671875 119.320556640625 275.904571533203125 268.753997802734375 114.17877960205078125 104.33519744873046875 88.3150634765625 15.395435333251953125 0.85528039932250976562 9.2298364639282226562 357.708587646484375 297.376953125 292.519744873046875 317.0693359375 355.94580078125 13.147115707397460938 349.941680908203125 349.478485107421875 349.127716064453125 342.9853515625 17.027280807495117188 48.4384002685546875 40.186248779296875 305.65478515625 312.858428955078125 349.255340576171875 63.290836334228515625 65.6077728271484375 2.5789217948913574219 290.80584716796875 263.232879638671875 216.8711395263671875 271.847381591796875 271.46820068359375 281.852142333984375 296.564239501953125 285.460662841796875
352.23419189453125 31.6071929931640625 174.90765380859375 149.12286376953125 126.4037322998046875 124.48712158203125 144.819305419921875 209.930816650390625 225.7950592041015625 115.34581756591796875 89.1692962646484375 8.1303014755249023438 343.738922119140625 356.008392333984375 34.15953826904296875 0.78469157218933105469 321.469085693359375 298.368377685546875 296.17462158203125 332.71514892578125 11.732985496520996094 14.989668846130371094 324.781524658203125 308.289306640625 300.123443603515625 41.367221832275390625 56.93938446044921875 28.033761978149414062 312.258575439453125 297.09979248046875 24.273895263671875 87.38924407958984375 79.9695281982421875 30.173431396484375 323.129302978515625 301.759246826171875 319.969024658203125 314.999267578125 303.9759521484375 308.92669677734375 318.763214111328125 296.389251708984375
43.090358734130859375 103.71683502197265625 125.6226348876953125 134.999908447265625 117.12114715576171875 108.81142425537109375 104.0345001220703125 266.98828125 260.166351318359375 76.82668304443359375 58.495891571044921875 341.160980224609375 341.5640869140625 22.963399887084960938 22.379985809326171875 335.03631591796875 325.723541259765625 310.991455078125 296.3863525390625 311.42291259765625 14.893401145935058594 50.031795501708984375 33.43973541259765625 258.14630126953125 250.4068756103515625 312.336212158203125 40.914398193359375 26.658512115478515625 336.488861083984375 274.30401611328125 143.2755889892578125 112.91246795654296875 94.8640594482421875 37.47580718994140625 345.01751708984375 334.7979736328125 333.434417724609375 333.740875244140625 299.35711669921875 295.682830810546875 322.828094482421875 307.28729248046875
151.38934326171875 132.031463623046875 123.7890625 125.53755950927734375 102.09478759765625 73.8108978271484375 353.417083740234375 354.64324951171875 307.233978271484375 13.571188926696777344 19.23110198974609375 344.898284912109375 355.155059814453125 9.9038600921630859375 353.508453369140625 335.347137451171875 329.742706298828125 327.911102294921875 325.24822998046875 326.767333984375 59.0364227294921875 72.5359649658203125 45.64353179931640625 324.903472900390625 310.913726806640625 304.176422119140625 52.2530517578125 55.539035797119140625 54.68862152099609375 140.7928009033203125 135.9312591552734375 102.56330108642578125 47.8985443115234375 9.75246429443359375 357.74462890625 347.86785888671875 331.638031005859375 345.17279052734375 330.66131591796875 310.91351318359375 333.01385498046875 335.070648193359375
138.0941009521484375 111.7054901123046875 86.00931549072265625 47.7262725830078125 47.910610198974609375 29.931516647338867188 343.0079345703125 349.9910888671875 346.550628662109375 355.3992919921875 345.032440185546875 341.028778076171875 357.579742431640625 353.658905029296875 340.973541259765625 334.587738037109375 331.879638671875 328.99688720703125 342.612213134765625 18.853044509887695312 28.75710296630859375 23.749393463134765625 24.132335662841796875 355.814208984375 337.685699462890625 348.1573486328125 44.999576568603515625 71.240997314453125 83.41771697998046875 78.8959503173828125 49.698974609375 29.745164871215820312 10.911015510559082031 4.2972965240478515625 5.2578587532043457031 349.991241455078125 335.903350830078125 347.66815185546875 346.65997314453125 313.4405517578125 321.561981201171875 340.44097900390625
66.501556396484375 48.12229156494140625 25.5600738525390625 26.564807891845703125 35.941959381103515625 10.145628929138183594 342.644989013671875 347.95660400390625 352.785125732421875 0.3744125068187713623 344.21038818359375 338.130523681640625 352.35888671875 336.21728515625 334.439178466796875 332.774444580078125 334.076934814453125 334.863555908203125 356.4716796875 40.914241790771484375 16.08147430419921875 5.9514007568359375 32.06542205810546875 8.207183837890625 338.43914794921875 4.3987555503845214844 37.8280792236328125 51.493377685546875 38.904026031494140625 23.552082061767578125 18.034387588500976562 17.560298919677734375 7.9172773361206054688 2.862323760986328125 359.40234375 343.108551025390625 338.096099853515625 354.189208984375 358.613311767578125 336.511505126953125 323.94854736328125 331.74114990234375
14.743459701538085938 16.843561172485351562 14.281065940856933594 25.559772491455078125 16.21334075927734375 350.058502197265625 341.16998291015625 353.659088134765625 358.9183349609375 5.9059729576110839844 354.434112548828125 338.465240478515625 341.00244140625 328.583587646484375 328.018035888671875 328.494903564453125 338.961700439453125 351.487640380859375 22.963758468627929688 61.120105743408203125 29.8044891357421875 21.801357269287109375 65.7721405029296875 8.1299905776977539062 328.171966552734375 13.045714378356933594 55.4283905029296875 51.340160369873046875 25.159275054931640625 12.885095596313476562 16.24765777587890625 12.742009162902832031 2.8493814468383789062 357.842620849609375 351.8690185546875 338.233978271484375 335.14404296875 357.252899169921875 1.0194509029388427734 354.49871826171875 343.348968505859375 330.825286865234375
9.2933149337768554688 22.619520187377929688 16.876195907592773438 5.8447508811950683594 359.383087158203125 339.750640869140625 331.59222412109375 355.53533935546875 6.9529924392700195312 8.5427265167236328125 4.6355633735656738281 336.60797119140625 326.757080078125 321.128265380859375 317.948211669921875 317.015777587890625 346.87451171875 25.177713394165039062 40.100612640380859375 51.169952392578125 32.101024627685546875 37.405315399169921875 36.335987091064453125 344.60345458984375 339.21099853515625 32.6753387451171875 62.333118438720703125 46.3322296142578125 6.9209790229797363281 0.25226384401321411133 8.8319654464721679688 5.754611968994140625 1.0973860025405883789 356.632659912109375 348.0101318359375 338.391845703125 336.48126220703125 353.529449462890625 358.314666748046875 1.1690502166748046875 354.450653076171875 336.274261474609375
21.297708511352539062 26.564746856689453125 6.3400316238403320312 344.666015625 342.87109375 331.259368896484375 323.4080810546875 358.089599609375 7.5494289398193359375 358.151702880859375 359.24212646484375 338.308074951171875 321.970306396484375 309.57012939453125 299.28240966796875 274.634918212890625 174.64398193359375 123.1108245849609375 55.17481231689453125 47.425994873046875 29.712404251098632812 24.443971633911132812 15.117242813110351562 337.962646484375 347.523956298828125 60.255146026611328125 64.54825592041015625 24.727228164672851562 348.689239501953125 356.963470458984375 11.040993690490722656 4.0687093734741210938 1.6499408483505249023 358.0899658203125 344.462738037109375 338.9012451171875 350.184326171875 356.223785400390625 358.697418212890625 7.253139495849609375 350.384552001953125 337.9964599609375
14.676677703857421875 5.194217681884765625 355.67388916015625 338.497711181640625 326.242706298828125 337.06011962890625 356.12445068359375 0 356.216522216796875 350.019317626953125 346.067596435546875 337.035400390625 331.904449462890625 311.551971435546875 290.164306640625 289.88507080078125 144.4608001708984375 317.725799560546875 0.36944225430488586426 17.869455337524414062 9.5405101776123046875 12.157751083374023438 15.074878692626953125 9.95056915283203125 26.564901351928710938 62.3867340087890625 48.576137542724609375 359.049652099609375 337.322265625 1.9556653499603271484 18.251955032348632812 0.5847542881965637207 355.562591552734375 357.190643310546875 348.776763916015625 339.038055419921875 357.54010009765625 5.1944718360900878906 4.1181745529174804688 6.1469025611877441406 332.101959228515625 324.80267333984375
12.002282142639160156 357.632965087890625 352.1300048828125 333.09307861328125 307.04840087890625 323.0262451171875 345.509368896484375 350.18798828125 1.1691890954971313477 357.5716552734375 348.325469970703125 341.6727294921875 349.874481201171875 332.2806396484375 294.38568115234375 325.904205322265625 350.927734375 337.92071533203125 356.2906494140625 8.2000885009765625 358.151702880859375 6.1001043319702148438 19.170919418334960938 26.394903182983398438 22.587064743041992188 23.641275405883789062 23.98412322998046875 355.44537353515625 335.207763671875 358.024322509765625 9.4928712844848632812 1.1307152509689331055 355.112030029296875 353.366607666015625 358.590606689453125 353.59478759765625 354.85955810546875 8.1300230026245117188 3.1015741825103759766 345.394927978515625 335.04449462890625 324.553466796875
14.588792800903320312 4.537685394287109375 349.47149658203125 324.223297119140625 303.45672607421875 293.49755859375 295.93450927734375 315.32110595703125 352.7530517578125 1.1360814571380615234 351.963470458984375 355.252593994140625 25.053724288940429688 1.2451444864273071289 297.617034912109375 302.807861328125 331.804290771484375 349.666534423828125 351.252960205078125 354.7039794921875 1.7979171276092529297 13.133861541748046875 26.564722061157226562 28.07241058349609375 16.164361953735351562 20.83028411865234375 24.722900390625 3.01290130615234375 334.15142822265625 343.279937744140625 0.85521221160888671875 4.1081333160400390625 355.668975830078125 348.928955078125 4.1849622726440429688 6.5462522506713867188 350.4476318359375 357.835906982421875 1.8950839042663574219 343.89898681640625 334.907073974609375 328.934051513671875
