wildfire/work/fuelmodels/1939/aspect.asc
ncols        298
nrows        454
xllcorner    195085.000000000000
yllcorner    456935.000000000000
cellsize     5.000000000000
NODATA_value   -999
[rows 247 to 265 of 454, columns 168 to 209 of 298]
62.592418670654296875 27.095502853393554688 4.6578044891357421875 356.9217529296875 353.516326904296875 358.530059814453125 16.762165069580078125 32.988430023193359375 11.003450393676757812 2.0454454421997070312 32.005329132080078125 35.53759765625 48.81390380859375 52.30565643310546875 53.412174224853515625 64.28980255126953125 57.242198944091796875 28.51117706298828125 47.55109405517578125 40.737331390380859375 25.58849334716796875 327.0418701171875 284.0355224609375 284.348541259765625 280.324554443359375 284.93084716796875 288.17169189453125 272.5914306640625 258.839569091796875 240.7505950927734375 216.7136077880859375 236.9147491455078125 253.7392730712890625 247.945098876953125 241.9017333984375 233.853790283203125 221.954742431640625 226.2248992919921875 223.883514404296875 202.6515960693359375 216.41571044921875 287.9271240234375
49.65319061279296875 4.573780059814453125 348.8697509765625 346.606689453125 357.19659423828125 8.8261938095092773438 12.144430160522460938 16.557069778442382812 16.893747329711914062 28.101621627807617188 45.00023651123046875 54.462078094482421875 75.25611114501953125 72.2037353515625 72.68083953857421875 79.9918212890625 67.135467529296875 24.304569244384765625 55.871368408203125 40.383518218994140625 24.581476211547851562 351.86920166015625 300.026580810546875 283.721710205078125 269.999359130859375 264.804962158203125 248.669830322265625 251.0675201416015625 250.7300567626953125 241.3223724365234375 236.8591766357421875 259.065460205078125 266.261474609375 258.540374755859375 253.428466796875 252.215545654296875 254.796875 265.029510498046875 276.41009521484375 302.762939453125 315.572113037109375 316.06988525390625
37.725017547607421875 348.35321044921875 354.41650390625 358.726104736328125 335.805328369140625 14.886480331420898438 38.34626007080078125 47.245708465576171875 42.563182830810546875 50.194400787353515625 57.36206817626953125 52.853023529052734375 64.17896270751953125 55.591552734375 62.618194580078125 61.467479705810546875 42.04917144775390625 74.8754425048828125 97.8350067138671875 61.143970489501953125 34.065990447998046875 24.717700958251953125 253.3923492431640625 250.9528045654296875 256.15875244140625 248.6536865234375 259.73406982421875 280.187774658203125 278.279754638671875 272.572540283203125 282.071441650390625 285.57183837890625 275.7099609375 265.31353759765625 260.5369873046875 270.652801513671875 290.041595458984375 294.443359375 294.273895263671875 309.2479248046875 322.523193359375 334.339935302734375
31.607873916625976562 340.01611328125 351.4903564453125 4.6162424087524414062 354.325958251953125 11.129262924194335938 28.072589874267578125 23.19832611083984375 19.249238967895507812 27.299383163452148438 30.483036041259765625 20.12591552734375 37.35500335693359375 41.37847137451171875 41.502948760986328125 41.11200714111328125 36.869739532470703125 42.67816925048828125 36.59091949462890625 32.54177093505859375 66.0373382568359375 112.7060089111328125 206.1994171142578125 248.498016357421875 262.54510498046875 273.613189697265625 286.74969482421875 291.929046630859375 287.958709716796875 274.489593505859375 284.7188720703125 296.564300537109375 272.861846923828125 248.3849334716796875 251.354095458984375 253.522674560546875 245.0556793212890625 238.0184478759765625 239.4293212890625 248.2895050048828125 266.33514404296875 295.52911376953125
13.029290199279785156 3.8937306404113769531 345.378143310546875 346.813323974609375 4.6948537826538085938 5.4922237396240234375 17.942363739013671875 18.254693984985351562 10.383933067321777344 14.931330680847167969 15.298597335815429688 17.474834442138671875 38.046939849853515625 43.558765411376953125 30.874555587768554688 39.957553863525390625 43.281497955322265625 36.869720458984375 38.741077423095703125 46.0142822265625 62.067478179931640625 67.76187896728515625 338.428741455078125 264.8890380859375 264.0020751953125 275.10589599609375 282.303253173828125 278.20928955078125 269.42095947265625 274.12176513671875 277.7176513671875 285.6031494140625 288.8375244140625 293.442047119140625 286.059326171875 256.1666259765625 243.0472869873046875 235.9221649169921875 239.0355377197265625 247.5764007568359375 248.6108245849609375 254.559814453125
24.805543899536132812 28.643968582153320312 346.7005615234375 321.6041259765625 349.358489990234375 359.267608642578125 23.137523651123046875 22.496511459350585938 5.8860001564025878906 8.5045537948608398438 18.917825698852539062 38.796543121337890625 46.254451751708984375 39.542438507080078125 29.389057159423828125 44.329914093017578125 53.530635833740234375 46.569293975830078125 44.610347747802734375 43.912319183349609375 40.456027984619140625 48.077301025390625 27.235225677490234375 286.586700439453125 276.0294189453125 282.297119140625 290.70361328125 299.35711669921875 309.66009521484375 296.56439208984375 293.197967529296875 310.363800048828125 322.38525390625 314.4482421875 306.595611572265625 294.716705322265625 271.244659423828125 251.75982666015625 253.55889892578125 252.4635772705078125 240.6789703369140625 242.37030029296875
18.434698104858398438 18.718603134155273438 351.976837158203125 328.146636962890625 333.90380859375 355.00518798828125 31.5440826416015625 19.242006301879882812 12.075300216674804688 17.715778350830078125 43.31549835205078125 57.482418060302734375 46.53417205810546875 52.18402099609375 52.124713897705078125 54.38520050048828125 61.6116943359375 40.80556488037109375 33.055690765380859375 44.0287933349609375 43.077678680419921875 60.16735076904296875 47.650745391845703125 304.214935302734375 288.075408935546875 285.379791259765625 282.708709716796875 282.723785400390625 294.8367919921875 295.211151123046875 297.8731689453125 311.06634521484375 331.199920654296875 345.363616943359375 321.339111328125 306.1185302734375 295.223236083984375 280.407073974609375 267.420166015625 251.8818359375 232.865631103515625 224.1850433349609375
340.687255859375 7.1250367164611816406 359.0443115234375 308.829345703125 312.824615478515625 335.69427490234375 43.8543243408203125 23.922685623168945312 27.420074462890625 42.27362823486328125 51.4697265625 43.56749725341796875 46.254131317138671875 72.66309356689453125 77.69189453125 59.5339813232421875 59.55988311767578125 44.559078216552734375 50.325450897216796875 57.314624786376953125 52.274723052978515625 57.183635711669921875 31.4716033935546875 320.919677734375 290.67742919921875 282.264068603515625 287.1396484375 294.02587890625 290.755889892578125 288.434326171875 290.55548095703125 293.527984619140625 310.847991943359375 353.659332275390625 346.348541259765625 315.95355224609375 269.999359130859375 259.734405517578125 254.3093414306640625 249.5123138427734375 238.5353240966796875 231.032745361328125
321.0531005859375 356.09832763671875 8.267078399658203125 313.793426513671875 319.01348876953125 325.40692138671875 36.119434356689453125 48.136005401611328125 55.388393402099609375 46.347805023193359375 30.727365493774414062 26.984958648681640625 55.08806610107421875 67.59629058837890625 65.2246856689453125 89.45421600341796875 86.0090484619140625 63.98766326904296875 60.388286590576171875 59.149318695068359375 53.74623870849609375 48.23986053466796875 22.470478057861328125 337.096954345703125 304.93328857421875 287.2808837890625 287.548431396484375 301.29241943359375 305.62994384765625 303.14251708984375 290.45355224609375 266.402618408203125 246.11285400390625 218.773468017578125 248.749359130859375 327.527130126953125 284.825286865234375 274.474273681640625 272.826568603515625 267.206634521484375 246.665252685546875 257.228057861328125
343.404296875 350.60345458984375 359.2144775390625 338.262359619140625 349.82354736328125 347.968841552734375 23.749029159545898438 43.60242462158203125 37.056552886962890625 20.966085433959960938 15.672848701477050781 32.275524139404296875 52.907176971435546875 57.615325927734375 55.554889678955078125 79.69492340087890625 113.19841766357421875 92.6028900146484375 53.530757904052734375 44.0760040283203125 39.732471466064453125 46.507503509521484375 26.04546356201171875 335.55523681640625 306.1473388671875 285.784881591796875 284.4559326171875 290.83587646484375 300.776824951171875 316.192718505859375 296.00274658203125 264.446563720703125 272.059600830078125 289.39715576171875 298.03338623046875 324.559326171875 337.528289794921875 334.8438720703125 312.509918212890625 285.6033935546875 258.38818359375 259.46026611328125
339.28485107421875 10.581269264221191406 356.185760498046875 301.550689697265625 343.704986572265625 4.0446715354919433594 5.5990266799926757812 26.350353240966796875 24.63860321044921875 10.138037681579589844 14.331064224243164062 49.594150543212890625 65.37638092041015625 69.5670318603515625 61.369937896728515625 66.54750823974609375 64.28997039794921875 345.57891845703125 66.6310882568359375 23.8602142333984375 20.772321701049804688 31.744022369384765625 11.151755332946777344 350.202911376953125 338.39178466796875 316.750091552734375 309.69189453125 284.699951171875 283.997833251953125 322.80828857421875 354.093048095703125 332.76690673828125 324.78173828125 341.37152099609375 333.9105224609375 312.82989501953125 321.285797119140625 339.25311279296875 330.944976806640625 321.709503173828125 314.07537841796875 286.304534912109375
340.512847900390625 37.234546661376953125 5.1948943138122558594 319.3311767578125 326.141845703125 1.3642091751098632812 32.092437744140625 42.13741302490234375 25.8210601806640625 12.893732070922851562 70.23996734619140625 99.52411651611328125 94.1342926025390625 78.5887298583984375 70.01665496826171875 71.82781219482421875 54.898223876953125 25.851831436157226562 26.847612380981445312 342.531097412109375 13.482909202575683594 30.963586807250976562 0 357.8193359375 349.202728271484375 304.69451904296875 278.285400390625 271.1317138671875 272.024169921875 283.84002685546875 335.111846923828125 349.14678955078125 314.369293212890625 317.725677490234375 309.035125732421875 295.9302978515625 279.089752197265625 284.53369140625 303.439117431640625 314.999267578125 324.461517333984375 308.289306640625
3.8139047622680664062 6.709758758544921875 357.229217529296875 336.913909912109375 340.29998779296875 53.4278106689453125 85.60186767578125 47.603084564208984375 15.524136543273925781 12.804193496704101562 85.413787841796875 100.67862701416015625 93.96421051025390625 77.4709320068359375 82.4566497802734375 81.29256439208984375 60.300785064697265625 34.854450225830078125 353.7403564453125 345.77325439453125 63.1986083984375 76.15894317626953125 303.68951416015625 123.90612030029296875 223.56707763671875 245.2818145751953125 211.372589111328125 251.1995086669921875 254.0333404541015625 253.3148345947265625 257.47052001953125 328.133636474609375 339.95379638671875 344.866241455078125 332.24072265625 330.067596435546875 330.944610595703125 291.57012939453125 279.11676025390625 293.961578369140625 310.48516845703125 307.646728515625
3.5762751102447509766 8.365917205810546875 0.57884907722473144531 351.86907958984375 112.1678314208984375 111.25118255615234375 53.74616241455078125 27.254884719848632812 34.992229461669921875 51.341670989990234375 75.8885345458984375 67.08710479736328125 61.164154052734375 85.20961761474609375 83.545928955078125 64.7143096923828125 44.999897003173828125 36.689563751220703125 8.972133636474609375 140.313873291015625 114.30422210693359375 108.4346923828125 134.9996795654296875 118.57761383056640625 234.46148681640625 235.538360595703125 264.2886962890625 254.8753662109375 250.3043670654296875 255.485198974609375 258.28192138671875 285.15887451171875 330.641326904296875 349.630126953125 349.6944580078125 339.403045654296875 354.04510498046875 5.1944446563720703125 320.012603759765625 282.094390869140625 301.277069091796875 306.403350830078125
7.1633915901184082031 16.539945602416992188 14.133289337158203125 34.286815643310546875 42.878757476806640625 1.6843969821929931641 21.37026214599609375 50.85597991943359375 54.462982177734375 81.25421142578125 79.094879150390625 71.93328094482421875 68.343719482421875 68.57465362548828125 64.13355255126953125 51.449459075927734375 40.723964691162109375 51.2821197509765625 72.68056488037109375 61.85852813720703125 54.706623077392578125 10.304735183715820312 9.8657541275024414062 35.60742950439453125 355.6009521484375 199.3587188720703125 233.695037841796875 269.679229736328125 269.117828369140625 260.585113525390625 257.163665771484375 265.265899658203125 280.636383056640625 328.7060546875 358.6243896484375 338.038726806640625 336.630157470703125 13.495535850524902344 17.730337142944335938 299.337371826171875 297.0567626953125 313.31390380859375
13.172334671020507812 18.204092025756835938 37.405323028564453125 53.498020172119140625 42.088832855224609375 347.968841552734375 36.085113525390625 60.819606781005859375 12.381373405456542969 32.47075653076171875 49.14443206787109375 69.86353302001953125 72.40758514404296875 79.5924072265625 85.41376495361328125 60.123889923095703125 23.084924697875976562 47.23097991943359375 44.5755615234375 12.426225662231445312 25.267324447631835938 11.63343048095703125 357.98956298828125 23.962512969970703125 39.559803009033203125 41.819988250732421875 259.795379638671875 258.788665771484375 270.52813720703125 269.82196044921875 259.1138916015625 257.87109375 257.88885498046875 267.70843505859375 327.199188232421875 345.0404052734375 317.385040283203125 5.7103633880615234375 24.443897247314453125 331.90875244140625 308.796142578125 302.470245361328125
47.1476593017578125 88.26470947265625 84.6988525390625 38.06523895263671875 30.529760360717773438 13.671893119812011719 30.964033126831054688 47.8985443115234375 8.1299085617065429688 38.65886688232421875 56.309803009033203125 73.33036041259765625 83.4800567626953125 99.4621734619140625 86.4235382080078125 13.079046249389648438 12.002282142639160156 49.00002288818359375 46.2016754150390625 18.970579147338867188 13.3136444091796875 30.352306365966796875 35.13433074951171875 36.871124267578125 51.870304107666015625 47.045162200927734375 341.5640869140625 277.38568115234375 258.08099365234375 247.2271575927734375 248.198028564453125 248.781463623046875 244.1024932861328125 256.4456787109375 290.59173583984375 346.758697509765625 331.188323974609375 350.95947265625 16.927434921264648438 345.88775634765625 348.99591064453125 340.8438720703125
59.697277069091796875 63.649433135986328125 51.7095184326171875 344.196502685546875 15.046490669250488281 25.921451568603515625 14.875826835632324219 41.9869232177734375 40.762989044189453125 72.14919281005859375 95.71018218994140625 96.86965179443359375 88.98569488525390625 61.081432342529296875 18.212614059448242188 6.5964837074279785156 37.5042266845703125 67.40961456298828125 61.301479339599609375 19.093837738037109375 17.14015960693359375 51.604518890380859375 27.315799713134765625 359.117919921875 23.962446212768554688 42.2947845458984375 353.3118896484375 309.838348388671875 280.803741455078125 248.46331787109375 247.6191558837890625 245.0036468505859375 246.973876953125 250.8658447265625 251.846923828125 271.004669189453125 309.247894287109375 352.538421630859375 26.075374603271484375 347.90423583984375 358.853363037109375 359.369415283203125
55.033111572265625 34.65493011474609375 12.664803504943847656 349.031341552734375 356.565887451171875 39.516536712646484375 54.84090423583984375 72.7178497314453125 38.3451385498046875 52.0377349853515625 94.34296417236328125 113.894775390625 81.07550048828125 32.09253692626953125 21.0374603271484375 32.06162261962890625 55.19156646728515625 59.573986053466796875 42.75409698486328125 47.26058197021484375 88.0244140625 55.6845703125 13.902779579162597656 347.643768310546875 59.035816192626953125 64.557830810546875 332.0364990234375 294.604248046875 303.196807861328125 286.95111083984375 260.50091552734375 252.05010986328125 257.557647705078125 249.0749969482421875 236.5339813232421875 236.9199981689453125 248.10992431640625 252.646026611328125 33.503177642822265625 354.23651123046875 354.19232177734375 355.36358642578125
