wildfire/work/fuelmodels/1939/aspect.asc
ncols        298
nrows        454
xllcorner    195085.000000000000
yllcorner    456935.000000000000
cellsize     5.000000000000
NODATA_value   -999
[rows 247 to 265 of 454, columns 0 to 41 of 298]
0 4.1445593833923339844 42.43624114990234375 53.745975494384765625 28.685577392578125 51.71026611328125 60.0687713623046875 57.5291900634765625 38.660717010498046875 37.235012054443359375 51.519832611083984375 60.350128173828125 65.7720947265625 78.41644287109375 94.2481231689453125 122.3662109375 116.56525421142578125 76.10888671875 52.12529754638671875 101.121185302734375 127.59597015380859375 152.8783111572265625 153.0152435302734375 151.8210296630859375 168.566802978515625 162.8592987060546875 141.0217437744140625 141.2682342529296875 126.8696746826171875 66.6143646240234375 1.975102543830871582 30.256933212280273438 36.34778594970703125 7.695438385009765625 34.1144866943359375 6.7099704742431640625 348.023162841796875 4.8990573883056640625 21.644350051879882812 2.4540860652923583984 332.81817626953125 342.161041259765625
0 34.215335845947265625 61.144237518310546875 57.439235687255859375 56.093463897705078125 62.969783782958984375 46.081050872802734375 44.999897003173828125 3.8141624927520751953 14.036034584045410156 70.9421539306640625 102.075042724609375 127.66545867919921875 109.10633087158203125 89.0064849853515625 69.84218597412109375 93.576202392578125 119.475860595703125 130.600982666015625 136.4066619873046875 143.73504638671875 146.546356201171875 146.5054168701171875 148.0666046142578125 165.7874908447265625 162.0037994384765625 126.38421630859375 73.7679290771484375 28.810350418090820312 6.8424816131591796875 1.6063541173934936523 29.332042694091796875 42.64640045166015625 61.8574981689453125 341.56427001953125 329.930999755859375 351.02667236328125 322.592742919921875 25.5600738525390625 341.56439208984375 314.694549560546875 327.528076171875
0 56.6887359619140625 73.30028533935546875 66.0370941162109375 67.42583465576171875 55.71343994140625 32.275005340576171875 69.22723388671875 130.683563232421875 158.531982421875 138.86517333984375 131.754425048828125 142.0622406005859375 133.3474578857421875 114.29074859619140625 101.02304840087890625 107.878326416015625 134.2408294677734375 138.9094696044921875 132.7917327880859375 138.6211700439453125 133.6500244140625 129.107452392578125 124.90888214111328125 109.2305908203125 118.73944854736328125 81.60652923583984375 57.527988433837890625 26.563531875610351562 12.80434417724609375 7.6969428062438964844 36.70241546630859375 59.972698211669921875 65.97347259521484375 310.59967041015625 325.3065185546875 112.16628265380859375 202.067779541015625 189.4626617431640625 281.49603271484375 287.446533203125 300.230072021484375
0 68.96176910400390625 59.534038543701171875 62.927860260009765625 93.48320770263671875 128.2461395263671875 160.6019744873046875 148.8607177734375 147.8314361572265625 149.2998199462890625 146.0699005126953125 138.0771026611328125 108.79929351806640625 109.25890350341796875 106.3136138916015625 119.40682220458984375 124.08382415771484375 122.1848602294921875 125.8865966796875 116.94637298583984375 115.87744140625 116.7696380615234375 117.56479644775390625 94.0847320556640625 95.762237548828125 245.556671142578125 19.722011566162109375 21.682306289672851562 16.858213424682617188 60.255706787109375 127.87451934814453125 144.46051025390625 72.7182769775390625 60.750881195068359375 340.638946533203125 348.69036865234375 40.60201263427734375 18.433713912963867188 314.997802734375 271.09417724609375 266.185302734375 258.850250244140625
0 97.76513671875 103.17269134521484375 130.7458648681640625 143.042510986328125 153.8685302734375 155.07794189453125 147.865142822265625 142.495574951171875 129.39019775390625 113.19809722900390625 93.8132781982421875 93.7425384521484375 109.17848968505859375 123.4398040771484375 126.78394317626953125 140.8362884521484375 127.30359649658203125 115.07418060302734375 109.33707427978515625 107.45546722412109375 99.96089935302734375 104.5342254638671875 134.9996795654296875 79.5921173095703125 336.79962158203125 251.5635833740234375 10.492206573486328125 42.5107574462890625 57.529018402099609375 55.713085174560546875 36.871124267578125 56.30994415283203125 57.042148590087890625 22.931278228759765625 341.565216064453125 14.35007476806640625 15.394899368286132812 355.099700927734375 288.70458984375 259.320465087890625 241.4167633056640625
0 124.11411285400390625 146.847869873046875 136.1014251708984375 140.257415771484375 152.7225189208984375 140.2733917236328125 95.82561492919921875 94.33203125 117.34976959228515625 143.1302947998046875 163.30078125 103.4306182861328125 121.41351318359375 135.5478668212890625 135.741424560546875 145.9356689453125 147.0660400390625 135.197906494140625 124.2709197998046875 116.2317657470703125 105.0301361083984375 104.469940185546875 156.0369720458984375 40.913509368896484375 30.963216781616210938 355.60125732421875 157.3794403076171875 137.6833343505859375 145.3042755126953125 12.264389991760253906 11.309906005859375 11.853091239929199219 29.248653411865234375 26.774747848510742188 1.9307593107223510742 0 52.49503326416015625 318.366485595703125 289.6529541015625 289.902923583984375 283.32403564453125
0 128.62030029296875 136.1686248779296875 119.39585113525390625 92.8340606689453125 54.7828369140625 355.460784912109375 41.510631561279296875 78.3582000732421875 104.65663909912109375 158.428863525390625 166.456695556640625 138.0124664306640625 134.999603271484375 138.385894775390625 140.209320068359375 143.869232177734375 152.461639404296875 147.9541015625 141.5130462646484375 133.1011505126953125 119.6936187744140625 59.4698333740234375 20.942653656005859375 333.433990478515625 31.263608932495117188 1.4326729774475097656 35.811344146728515625 72.23499298095703125 174.8080291748046875 288.811126708984375 355.071929931640625 6.7535505294799804688 13.324654579162597656 33.589031219482421875 15.865805625915527344 55.305065155029296875 97.49637603759765625 265.812957763671875 281.928375244140625 302.60809326171875 315.38616943359375
0 141.3838043212890625 114.2275543212890625 67.782684326171875 54.019435882568359375 60.592529296875 167.1956024169921875 137.021209716796875 113.60691070556640625 132.6503448486328125 165.61822509765625 159.9668426513671875 149.132904052734375 139.7094268798828125 137.3644561767578125 138.9808502197265625 132.86273193359375 138.3399505615234375 146.0338592529296875 142.1245574951171875 130.5149688720703125 139.3994140625 17.6496124267578125 59.036602020263671875 130.23876953125 148.3245849609375 189.2919921875 74.7453765869140625 44.999675750732421875 8.3786115646362304688 309.58221435546875 329.488677978515625 354.8046875 18.631313323974609375 38.85315704345703125 32.334625244140625 46.2872467041015625 33.043544769287109375 342.68035888671875 288.188507080078125 280.4556884765625 299.10906982421875
0 15.802827835083007812 18.20400238037109375 38.254299163818359375 65.11206817626953125 111.74036407470703125 151.8797760009765625 160.42169189453125 127.99420928955078125 123.875640869140625 144.32916259765625 143.8516998291015625 144.548797607421875 141.182647705078125 143.43896484375 151.0006561279296875 140.496551513671875 125.42540740966796875 113.80588531494140625 37.8748931884765625 33.811100006103515625 42.064159393310546875 271.97393798828125 80.05918121337890625 111.801055908203125 175.3638153076171875 286.387603759765625 305.80255126953125 352.491729736328125 7.6506409645080566406 348.099517822265625 343.459228515625 354.804595947265625 12.131467819213867188 14.327635765075683594 24.06043243408203125 29.511613845825195312 21.447790145874023438 13.477629661560058594 305.432769775390625 278.129638671875 280.442657470703125
0 21.614995956420898438 50.1424407958984375 82.67322540283203125 110.28227996826171875 116.9454498291015625 129.6179656982421875 142.9613189697265625 130.4256744384765625 132.4946136474609375 130.952545166015625 133.24627685546875 137.0384063720703125 135.4880218505859375 144.9124908447265625 158.09649658203125 157.4628448486328125 52.306018829345703125 6.6325612068176269531 0.41813910007476806641 23.85381317138671875 32.424571990966796875 345.21624755859375 34.35080718994140625 28.495836257934570312 347.867889404296875 348.517120361328125 324.4615478515625 336.193206787109375 12.128293991088867188 3.9825289249420166016 3.8424501419067382812 6.082286834716796875 347.03466796875 0.77431112527847290039 39.973064422607421875 57.34928131103515625 58.69010162353515625 5.4116549491882324219 327.389984130859375 309.888671875 279.21038818359375
0 115.625396728515625 123.2148895263671875 126.9213104248046875 121.0306549072265625 123.392364501953125 131.0316925048828125 139.0015411376953125 147.8128509521484375 153.959136962890625 148.5580902099609375 135.3681488037109375 133.7581024169921875 130.9776153564453125 109.10607147216796875 57.01123046875 323.651763916015625 321.169586181640625 6.2156424522399902344 14.381037712097167969 22.165950775146484375 13.045714378356933594 355.83941650390625 17.6710205078125 7.7747101783752441406 346.638916015625 347.880401611328125 326.859161376953125 314.203521728515625 17.987195968627929688 17.463972091674804688 1.6847213506698608398 355.448822021484375 351.6978759765625 23.523408889770507812 63.53083038330078125 61.72637939453125 49.398525238037109375 337.96282958984375 303.253753662109375 321.2410888671875 278.013671875
0 99.65158843994140625 101.20577239990234375 114.8091888427734375 117.897064208984375 131.0154876708984375 132.07891845703125 122.49373626708984375 136.1808929443359375 146.2365875244140625 155.277740478515625 137.797637939453125 121.827178955078125 102.528472900390625 15.254961013793945312 13.79360198974609375 354.368682861328125 325.05999755859375 352.14569091796875 11.97582244873046875 18.434633255004882812 346.759124755859375 328.77099609375 7.9141559600830078125 6.1768565177917480469 337.705535888671875 343.84716796875 344.290740966796875 302.195220947265625 21.194339752197265625 72.37770843505859375 302.091827392578125 312.396484375 20.897792816162109375 80.29326629638671875 86.69303131103515625 52.8235931396484375 29.013555526733398438 17.33648681640625 306.1925048828125 304.142974853515625 289.963714599609375
0 159.5667877197265625 139.9113922119140625 138.0223846435546875 139.64019775390625 142.6852569580078125 150.54449462890625 136.569000244140625 122.56322479248046875 126.7640380859375 148.3762359619140625 131.26025390625 99.5740814208984375 323.129791259765625 303.687255859375 12.994095802307128906 14.657162666320800781 15.018277168273925781 176.18609619140625 281.30926513671875 350.663970947265625 353.3992919921875 334.243988037109375 357.753448486328125 7.43148040771484375 345.6177978515625 347.151458740234375 354.7283935546875 342.57135009765625 5.1945319175720214844 16.113306045532226562 354.804718017578125 344.796905517578125 358.28076171875 26.564989089965820312 29.689527511596679688 5.5467839241027832031 12.543545722961425781 35.238063812255859375 15.132998466491699219 302.041351318359375 287.019683837890625
0 167.4207000732421875 153.9983673095703125 149.3377227783203125 156.6481475830078125 153.161346435546875 157.071563720703125 157.767791748046875 139.526214599609375 121.18000030517578125 129.4542999267578125 124.77783966064453125 91.21868896484375 127.475494384765625 200.3440399169921875 207.7181243896484375 159.303985595703125 275.194854736328125 19.592481613159179688 306.869049072265625 324.864898681640625 347.806121826171875 356.703094482421875 10.381871223449707031 357.6458740234375 343.72296142578125 349.7110595703125 352.5140380859375 337.7325439453125 354.323883056640625 9.3693084716796875 17.429798126220703125 352.270660400390625 346.086669921875 4.9293184280395507812 14.65676116943359375 11.263236045837402344 27.796060562133789062 61.927288055419921875 48.341899871826171875 300.962982177734375 256.30364990234375
0 161.261505126953125 157.462860107421875 150.94500732421875 151.8629913330078125 152.7999267578125 158.9373016357421875 157.074920654296875 151.8143310546875 139.763275146484375 143.06982421875 180.458038330078125 140.5276641845703125 72.23525238037109375 314.9989013671875 325.096588134765625 340.9931640625 338.16839599609375 353.76470947265625 337.132568359375 336.829864501953125 348.110443115234375 3.7888946533203125 23.106288909912109375 0.91658425331115722656 332.077789306640625 349.329620361328125 20.462078094482421875 301.3280029296875 300.06793212890625 34.755962371826171875 48.960384368896484375 337.648284912109375 334.515106201171875 1.0291117429733276367 35.31134033203125 61.699100494384765625 84.34726715087890625 86.16451263427734375 66.4628143310546875 342.644989013671875 265.814910888671875
0 157.3930511474609375 166.9101104736328125 161.03338623046875 147.02191162109375 140.4770050048828125 150.9451904296875 142.262969970703125 130.5523529052734375 120.96358489990234375 111.6949920654296875 294.86297607421875 342.406951904296875 33.818050384521484375 327.58221435546875 326.966339111328125 328.77423095703125 334.38372802734375 346.781402587890625 341.697296142578125 352.72418212890625 4.1634888648986816406 359.999053955078125 25.57574462890625 11.142795562744140625 334.23614501953125 350.698944091796875 18.544565200805664062 349.127716064453125 334.836761474609375 36.59110260009765625 30.59311676025390625 325.3524169921875 318.520782470703125 49.398372650146484375 75.54698944091796875 82.60916900634765625 86.099212646484375 86.6766815185546875 78.8351287841796875 33.689868927001953125 303.3487548828125
0 139.0015411376953125 170.1337738037109375 165.963470458984375 154.9420013427734375 146.309326171875 113.80573272705078125 90.0002288818359375 39.508087158203125 56.944095611572265625 16.389453887939453125 316.789031982421875 344.21051025390625 356.8770751953125 337.33990478515625 325.273651123046875 323.812164306640625 329.1959228515625 343.14996337890625 346.116729736328125 354.0650634765625 7.1652774810791015625 10.355001449584960938 28.085849761962890625 9.7823467254638671875 331.59735107421875 351.490447998046875 25.61530303955078125 356.267791748046875 11.524065971374511719 63.434803009033203125 63.4345855712890625 271.846649169921875 224.9994659423828125 127.47589111328125 102.094085693359375 81.7995147705078125 85.38910675048828125 84.63202667236328125 76.89052581787109375 351.383056640625 307.527679443359375
0 117.64600372314453125 92.48987579345703125 120.6508026123046875 147.2004241943359375 200.223419189453125 82.4764556884765625 68.19944000244140625 353.15667724609375 34.695095062255859375 349.329437255859375 334.631744384765625 338.7899169921875 337.195953369140625 343.14080810546875 331.397613525390625 319.110260009765625 324.60443115234375 345.705657958984375 351.8248291015625 354.55889892578125 27.228590011596679688 43.152240753173828125 44.118473052978515625 9.9580173492431640625 303.439361572265625 125.13457489013671875 112.61997222900390625 139.1593780517578125 143.4884490966796875 67.24878692626953125 30.963685989379882812 357.545074462890625 358.554718017578125 44.317691802978515625 31.607568740844726562 89.3311920166015625 96.8767547607421875 100.7558746337890625 94.92679595947265625 307.9534912109375 298.85498046875
0 68.195037841796875 59.2997894287109375 67.932037353515625 348.02239990234375 352.793304443359375 45.9711151123046875 358.53033447265625 343.105499267578125 344.283416748046875 338.982635498046875 346.54791259765625 342.53118896484375 325.9798583984375 335.7021484375 344.403076171875 320.218475341796875 303.535308837890625 310.699310302734375 330.504425048828125 35.095729827880859375 73.3829498291015625 52.37366485595703125 51.679840087890625 42.273342132568359375 173.657806396484375 139.1439361572265625 130.3643951416015625 68.49852752685546875 9.210903167724609375 330.8018798828125 12.072173118591308594 9.0900115966796875 2.6022782325744628906 36.46913909912109375 87.397308349609375 116.63201141357421875 114.82524871826171875 108.43475341796875 345.734893798828125 315.264495849609375 309.657806396484375
