wildfire/work/fuelmodels/1939/aspect.asc
ncols        298
nrows        454
xllcorner    195085.000000000000
yllcorner    456935.000000000000
cellsize     5.000000000000
NODATA_value   -999
[rows 399 to 417 of 454, columns 42 to 83 of 298]
106.0140228271484375 102.2872467041015625 81.25368499755859375 31.504171371459960938 343.316619873046875 326.241851806640625 338.454437255859375 347.81341552734375 348.689239501953125 5.035938262939453125 16.284875869750976562 38.7881011962890625 31.75943756103515625 31.858966827392578125 24.055206298828125 23.168348312377929688 33.416561126708984375 41.291492462158203125 42.101116180419921875 350.259765625 334.547821044921875 334.65301513671875 320.734375 331.026947021484375 38.741382598876953125 68.9704742431640625 276.060577392578125 280.22772216796875 87.35440826416015625 79.1079254150390625 18.434906005859375 21.09807586669921875 18.758802413940429688 12.0946044921875 22.380537033081054688 264.472015380859375 262.207366943359375 262.41766357421875 264.436248779296875 281.888031005859375 316.2269287109375 354.38165283203125
104.8906707763671875 67.0316314697265625 21.017332077026367188 0.70724439620971679688 341.689361572265625 338.021331787109375 354.0433349609375 348.004241943359375 357.558441162109375 22.77806854248046875 25.39595794677734375 35.23040771484375 29.820034027099609375 48.179718017578125 27.574520111083984375 32.171169281005859375 63.04198455810546875 62.854278564453125 324.791046142578125 348.0743408203125 359.729888916015625 337.830047607421875 315.7481689453125 304.396636962890625 95.48073577880859375 26.80210113525390625 301.945465087890625 161.7320098876953125 140.348846435546875 120.53369140625 41.4513092041015625 40.083698272705078125 17.3190765380859375 20.432588577270507812 22.65923309326171875 325.95361328125 280.933013916015625 272.92425537109375 266.610809326171875 258.547882080078125 256.44818115234375 327.52838134765625
85.7070770263671875 15.412313461303710938 5.1122097969055175781 353.8370361328125 344.29364013671875 354.804779052734375 353.00408935546875 349.36981201171875 18.434814453125 16.252166748046875 347.69866943359375 14.647347450256347656 46.82778167724609375 81.7238311767578125 113.0388336181640625 120.7269287109375 76.45391845703125 359.343048095703125 300.487274169921875 327.877532958984375 35.960422515869140625 348.995758056640625 229.53717041015625 172.21038818359375 107.64986419677734375 283.327392578125 91.3184967041015625 89.77364349365234375 70.30417633056640625 24.977788925170898438 45.818523406982421875 34.992000579833984375 14.656648635864257812 31.842100143432617188 30.499570846557617188 335.111968994140625 305.9415283203125 286.01470947265625 261.73211669921875 249.4199981689453125 248.781402587890625 261.450286865234375
16.729602813720703125 1.9848495721817016602 2.8252632617950439453 352.44964599609375 347.27484130859375 1.5245288610458374023 341.95147705078125 359.658111572265625 21.013057708740234375 339.121917724609375 334.30511474609375 13.358480453491210938 46.61865234375 56.4586334228515625 92.7790069580078125 72.299560546875 337.3701171875 333.9110107421875 286.166656494140625 201.0739288330078125 160.0776519775390625 30.579278945922851562 93.22969818115234375 157.520263671875 149.83966064453125 169.9982757568359375 160.3832855224609375 146.48162841796875 104.32245635986328125 33.524356842041015625 45.000041961669921875 35.92829132080078125 23.19832611083984375 39.289203643798828125 26.564897537231445312 321.744842529296875 307.2159423828125 304.694580078125 285.992889404296875 267.70867919921875 256.77142333984375 246.325469970703125
1.8261454105377197266 0.14587673544883728027 4.9226404371438547969e-05 0.61341071128845214844 358.498291015625 352.141693115234375 350.283447265625 33.219409942626953125 50.2416229248046875 281.816375732421875 269.2498779296875 122.6010589599609375 102.65018463134765625 94.03409576416015625 86.9120330810546875 314.999267578125 317.890533447265625 328.427520751953125 345.1038818359375 114.56694793701171875 230.2356109619140625 178.4429931640625 104.60102081298828125 64.14205169677734375 352.344635009765625 29.592802047729492188 44.373744964599609375 15.294659614562988281 0.22642557322978973389 26.361730575561523438 37.207790374755859375 33.61827850341796875 28.392938613891601562 37.504352569580078125 13.392466545104980469 328.84521484375 319.791290283203125 326.732330322265625 318.2044677734375 298.77191162109375 275.253021240234375 259.694427490234375
1.5669713020324707031 356.0604248046875 346.749847412109375 356.603240966796875 4.59429931640625 13.931674003601074219 70.84447479248046875 95.5784912109375 22.328416824340820312 285.93115234375 184.2886505126953125 135.6474761962890625 140.610992431640625 122.3158721923828125 15.054391860961914062 302.215850830078125 308.39935302734375 346.146881103515625 13.647236824035644531 35.917949676513671875 101.390289306640625 172.3720703125 162.3903350830078125 192.16546630859375 283.539306640625 352.7218017578125 46.545673370361328125 52.78688812255859375 8.3341932296752929688 25.691127777099609375 42.301982879638671875 40.23616790771484375 29.167697906494140625 22.767337799072265625 0.50684475898742675781 333.528533935546875 330.44171142578125 342.287139892578125 328.569671630859375 308.32476806640625 285.254608154296875 277.430877685546875
5.7260031700134277344 356.85418701171875 339.81976318359375 352.428314208984375 23.94196319580078125 42.36135101318359375 32.1710662841796875 18.434906005859375 342.290252685546875 321.5584716796875 52.03784942626953125 83.969085693359375 65.32309722900390625 3.46010589599609375 329.06396484375 332.121551513671875 338.394287109375 7.8679294586181640625 46.235218048095703125 79.74471282958984375 89.9997406005859375 78.44640350341796875 350.586639404296875 124.9920196533203125 239.05474853515625 217.4992218017578125 110.2245941162109375 61.66070556640625 5.0153946876525878906 42.772098541259765625 55.5479736328125 45.76395416259765625 28.877565383911132812 11.195104598999023438 353.332305908203125 335.176116943359375 332.26513671875 348.689361572265625 344.930755615234375 342.64483642578125 301.148223876953125 283.10870361328125
358.99981689453125 357.078369140625 345.744720458984375 357.495147705078125 21.1245880126953125 16.927453994750976562 8.0450687408447265625 5.27967071533203125 344.87841796875 268.79071044921875 109.3956451416015625 89.4483184814453125 346.422760009765625 340.826995849609375 321.1298828125 326.91046142578125 10.082662582397460938 44.012111663818359375 70.3355712890625 94.75252532958984375 96.871551513671875 327.7462158203125 348.486419677734375 44.999897003173828125 285.77294921875 255.9357147216796875 103.7617340087890625 305.59197998046875 19.00714111328125 73.30060577392578125 52.59471893310546875 44.11180877685546875 27.164991378784179688 6.9004011154174804688 343.10040283203125 331.226409912109375 334.73614501953125 349.07672119140625 357.446258544921875 6.2479519844055175781 326.10302734375 298.7669677734375
349.379364013671875 355.847747802734375 347.798980712890625 3.5561838150024414062 36.005764007568359375 9.2726659774780273438 355.92889404296875 16.431529998779296875 18.722051620483398438 80.40293121337890625 95.460601806640625 69.53155517578125 308.391448974609375 311.847991943359375 312.4754638671875 312.643096923828125 55.029327392578125 89.686676025390625 106.78461456298828125 95.68820953369140625 91.64226531982421875 259.163299560546875 233.509765625 92.1161041259765625 276.6446533203125 259.337432861328125 86.41486358642578125 222.4856719970703125 163.3193206787109375 102.681976318359375 36.917346954345703125 29.344156265258789062 13.298474311828613281 5.0215115547180175781 349.848541259765625 335.47137451171875 338.88037109375 353.078338623046875 3.6215460300445556641 2.3716990947723388672 334.02471923828125 317.9923095703125
346.965850830078125 357.878204345703125 5.0721879005432128906 41.467380523681640625 61.630584716796875 332.7833251953125 339.24102783203125 34.906280517578125 30.410997390747070312 56.7358551025390625 64.88495635986328125 39.70288848876953125 293.06854248046875 280.68743896484375 285.205841064453125 285.513641357421875 102.795623779296875 115.2758636474609375 147.0734710693359375 128.053680419921875 108.06502532958984375 188.268890380859375 198.474609375 146.2184906005859375 176.9530181884765625 201.7698516845703125 140.3555450439453125 147.439178466796875 125.69756317138671875 74.5385589599609375 26.4705047607421875 22.511480331420898438 11.046154022216796875 2.0866863727569580078 350.639068603515625 346.973297119140625 348.110443115234375 356.9864501953125 3.8141489028930664062 352.843719482421875 337.877227783203125 340.016082763671875
343.043548583984375 12.862643241882324219 63.885341644287109375 90.92368316650390625 51.9533233642578125 304.0653076171875 326.966339111328125 47.7741851806640625 33.070468902587890625 57.476856231689453125 58.720500946044921875 358.697265625 320.45513916015625 307.44775390625 289.439453125 177.4252166748046875 126.73332977294921875 108.79579925537109375 87.13063812255859375 64.24599456787109375 70.7958984375 69.216278076171875 219.521575927734375 161.0853118896484375 167.494293212890625 224.57513427734375 352.0716552734375 10.348711013793945312 33.38430023193359375 23.338609695434570312 22.52044677734375 25.94242095947265625 19.411403656005859375 358.864471435546875 340.345458984375 346.94091796875 358.250091552734375 1.2731046676635742188 358.2484130859375 347.004608154296875 340.082672119140625 347.8353271484375
358.384979248046875 52.0377349853515625 81.2803955078125 64.65374755859375 340.749908447265625 302.306640625 316.1566162109375 40.618816375732421875 22.3798370361328125 17.158336639404296875 4.9950413703918457031 340.647796630859375 335.21466064453125 332.566131591796875 8.2884111404418945312 104.69490814208984375 110.42205047607421875 94.421417236328125 57.880889892578125 70.029693603515625 81.30999755859375 72.474151611328125 42.954456329345703125 45.4656219482421875 350.788238525390625 312.190765380859375 333.102935791015625 15.101111412048339844 32.612903594970703125 26.263898849487304688 23.412212371826171875 35.862934112548828125 30.963556289672851562 353.417083740234375 327.853363037109375 335.12506103515625 358.462799072265625 1.359373927116394043 351.4346923828125 346.2501220703125 348.81024169921875 358.74468994140625
20.276865005493164062 49.79679107666015625 60.008831024169921875 11.148439407348632812 334.334442138671875 299.462982177734375 313.705718994140625 20.893495559692382812 14.62071990966796875 344.448028564453125 334.085906982421875 334.0701904296875 348.846099853515625 28.149396896362304688 118.1888275146484375 113.9569244384765625 96.97661590576171875 75.4734649658203125 81.0570220947265625 97.0644378662109375 99.5513763427734375 83.3790740966796875 42.04917144775390625 33.037914276123046875 342.919036865234375 296.82720947265625 310.93988037109375 39.51636505126953125 34.35936737060546875 30.31673431396484375 34.69510650634765625 36.43059539794921875 21.037281036376953125 354.95684814453125 326.238555908203125 324.8505859375 342.730804443359375 351.82562255859375 345.611846923828125 347.13641357421875 4.5790076255798339844 11.69480133056640625
27.16268157958984375 46.32602691650390625 33.690036773681640625 349.450927734375 344.248138427734375 321.653656005859375 320.83099365234375 10.474278450012207031 9.2082662582397460938 324.923095703125 312.04150390625 331.32781982421875 46.636585235595703125 97.21117401123046875 111.69976043701171875 105.493865966796875 81.83815765380859375 78.399627685546875 88.22374725341796875 94.4822540283203125 90.17188262939453125 46.091339111328125 24.977952957153320312 17.840259552001953125 341.00250244140625 292.619140625 279.604461669921875 17.152429580688476562 14.105497360229492188 41.065082550048828125 46.684551239013671875 18.103649139404296875 5.411792755126953125 358.897491455078125 338.014007568359375 332.074493408203125 341.02880859375 345.907470703125 339.764739990234375 352.677337646484375 21.10877227783203125 5.2429795265197753906
29.080631256103515625 37.7291412353515625 10.469289779663085938 343.14434814453125 336.85198974609375 327.554046630859375 330.56658935546875 357.547210693359375 351.736846923828125 321.7137451171875 307.228363037109375 343.488983154296875 57.66498565673828125 79.62256622314453125 85.9733428955078125 71.5648193359375 70.345916748046875 81.57962799072265625 81.48456573486328125 74.91899871826171875 54.09014892578125 13.465321540832519531 19.24188232421875 10.796525955200195312 349.02679443359375 310.029632568359375 279.865386962890625 280.007537841796875 354.80517578125 62.525180816650390625 38.61827850341796875 352.404510498046875 354.006561279296875 355.4571533203125 340.053192138671875 334.8292236328125 343.2489013671875 341.120574951171875 337.035491943359375 2.04544830322265625 23.57118988037109375 0.46020630002021789551
28.14150238037109375 24.795255661010742188 4.7818417549133300781 344.16351318359375 328.1546630859375 319.59527587890625 335.1187744140625 336.54022216796875 322.026397705078125 322.70318603515625 324.15185546875 4.6885786056518554688 72.7414093017578125 84.98668670654296875 80.79795074462890625 54.162181854248046875 66.62653350830078125 73.93996429443359375 64.08196258544921875 54.68503570556640625 35.794147491455078125 13.948162078857421875 20.798929214477539062 13.298501968383789062 4.5478734970092773438 350.536865234375 312.8785400390625 204.567138671875 179.203826904296875 142.460052490234375 0 322.70867919921875 341.177093505859375 352.234039306640625 337.597747802734375 336.668731689453125 343.890350341796875 333.1614990234375 338.543487548828125 7.0477375984191894531 19.52603912353515625 3.0418817996978759766
23.440938949584960938 19.116479873657226562 10.311852455139160156 354.702056884765625 340.494537353515625 334.32867431640625 342.774505615234375 333.036529541015625 308.070770263671875 309.23138427734375 333.74212646484375 73.19484710693359375 99.4184722900390625 95.644927978515625 77.97199249267578125 44.57398223876953125 64.60400390625 67.9358978271484375 34.592182159423828125 29.006349563598632812 30.701963424682617188 23.23229217529296875 25.218774795532226562 22.750806808471679688 20.081998825073242188 16.213525772094726562 21.193952560424804688 41.423229217529296875 88.8308563232421875 157.931671142578125 263.557647705078125 287.345428466796875 315.786224365234375 345.464813232421875 340.63580322265625 344.15850830078125 342.049774169921875 328.25933837890625 339.83233642578125 14.407734870910644531 22.282056808471679688 2.2111425399780273438
22.7539215087890625 22.822935104370117188 17.288331985473632812 2.3512516021728515625 350.205780029296875 345.09912109375 344.09454345703125 337.349151611328125 308.73663330078125 295.670257568359375 15.792070388793945312 100.5411529541015625 105.0898284912109375 94.02628326416015625 68.1122589111328125 33.076793670654296875 57.160083770751953125 54.427516937255859375 2.1142842769622802734 13.442834854125976562 38.140155792236328125 37.775630950927734375 36.83950042724609375 39.113880157470703125 35.06378936767578125 31.097269058227539062 39.02532958984375 44.2255096435546875 37.19983673095703125 14.452376365661621094 300.37847900390625 277.192840576171875 284.9246826171875 318.1376953125 339.617401123046875 348.559326171875 333.774749755859375 329.9752197265625 354.2703857421875 33.6248931884765625 23.561372756958007812 0
28.421154022216796875 27.834735870361328125 19.803327560424804688 3.4855272769927978516 352.50494384765625 348.32733154296875 345.020660400390625 339.98358154296875 321.6136474609375 314.848175048828125 55.047451019287109375 88.06922149658203125 88.16570281982421875 76.9409332275390625 40.846935272216796875 10.541803359985351562 37.785610198974609375 33.12030029296875 357.839508056640625 24.904644012451171875 65.7511138916015625 67.70259857177734375 65.33116912841796875 62.152286529541015625 55.38895416259765625 45.636383056640625 32.00513458251953125 33.794033050537109375 24.37004852294921875 4.4669022560119628906 317.1851806640625 280.789306640625 273.9130859375 278.365234375 302.25384521484375 325.3614501953125 309.728607177734375 319.398468017578125 110.97869110107421875 122.36505126953125 335.360809326171875 1.5846718549728393555
