wildfire/work/fuelmodels/1939/slope.asc
ncols        298
nrows        454
xllcorner    195085.000000000000
yllcorner    456935.000000000000
cellsize     5.000000000000
NODATA_value   -999
[rows 342 to 359 of 454, columns 40 to 79 of 298]
4.2283425331115722656 3.2722918987274169922 3.5938587188720703125 3.9513108730316162109 3.6572561264038085938 3.4678018093109130859 3.5185797214508056641 4.0077872276306152344 4.3303384780883789062 4.0253796577453613281 3.180171966552734375 2.3153564929962158203 2.4618778228759765625 3.3010399341583251953 4.0447783470153808594 4.1673488616943359375 3.6393887996673583984 3.5118165016174316406 3.1482417583465576172 2.2223849296569824219 2.3678286075592041016 1.8673715591430664062 1.8320850133895874023 2.8777880668640136719 3.5082325935363769531 2.9513428211212158203 2.2730236053466796875 3.93813323974609375 3.9615244865417480469 2.3748674392700195312 3.1776268482208251953 3.6710422039031982422 3.4210240840911865234 3.8796122074127197266 4.4765658378601074219 4.9230465888977050781 3.3802917003631591797 2.4254508018493652344 2.0825572013854980469 1.9352260828018188477
3.9780750274658203125 3.4179224967956542969 3.5007207393646240234 3.9769093990325927734 4.0910625457763671875 3.6611185073852539062 3.3928277492523193359 3.9242599010467529297 4.2872281074523925781 4.4732975959777832031 3.9753851890563964844 2.8672187328338623047 2.37998199462890625 2.5674626827239990234 3.2835512161254882812 4.17317962646484375 3.4549608230590820312 3.3371136188507080078 3.3614184856414794922 2.4164807796478271484 3.0894024372100830078 2.4154198169708251953 1.0403144359588623047 2.116512298583984375 3.4467782974243164062 3.3965616226196289062 2.9073204994201660156 3.7017416954040527344 3.7104680538177490234 2.6108098030090332031 2.8159792423248291016 3.0162184238433837891 2.7113373279571533203 4.0742440223693847656 5.4785141944885253906 5.8122401237487792969 3.0911953449249267578 2.4462113380432128906 2.3083529472351074219 2.5591781139373779297
4.1775231361389160156 4.0305318832397460938 4.0046496391296386719 4.078098297119140625 3.8161025047302246094 3.37192535400390625 3.1514348983764648438 3.5642347335815429688 4.2838239669799804688 4.3525471687316894531 3.5128352642059326172 2.7352864742279052734 1.8356748819351196289 1.2893031835556030273 2.6911191940307617188 3.7855434417724609375 3.4573082923889160156 3.1863570213317871094 3.1073551177978515625 2.8486695289611816406 3.0162184238433837891 3.2901551723480224609 2.0045623779296875 1.9719991683959960938 3.0284428596496582031 3.5082163810729980469 3.1939628124237060547 3.2704446315765380859 3.4619824886322021484 2.7085337638854980469 2.3772118091583251953 2.8691592216491699219 2.7711005210876464844 2.5835711956024169922 6.2154903411865234375 5.1186642646789550781 2.8159794807434082031 3.4150972366333007812 3.6827242374420166016 3.5751223564147949219
4.5391340255737304688 4.4769053459167480469 4.1926012039184570312 4.171356201171875 3.8813140392303466797 3.4143671989440917969 3.0071444511413574219 2.7667219638824462891 3.844829559326171875 4.2961773872375488281 2.7408506870269775391 2.0740339756011962891 1.7498662471771240234 1.5978087186813354492 2.7291824817657470703 3.1567332744598388672 3.0820386409759521484 3.2293713092803955078 3.15032958984375 2.6204996109008789062 2.9473848342895507812 3.5307559967041015625 3.1398720741271972656 1.8899859189987182617 1.9635112285614013672 3.3977520465850830078 3.2640864849090576172 3.1153116226196289062 3.5296106338500976562 2.5355472564697265625 1.8902579545974731445 2.4872212409973144531 1.736233830451965332 2.871448516845703125 5.8714375495910644531 4.0846662521362304688 1.42041778564453125 1.7359331846237182617 2.6092770099639892578 3.2574274539947509766
4.89386749267578125 4.5733542442321777344 4.6454796791076660156 4.6177072525024414062 4.1662664413452148438 3.5806260108947753906 3.2004475593566894531 2.8777906894683837891 3.9599912166595458984 4.3139929771423339844 2.8024961948394775391 1.5716202259063720703 1.7570774555206298828 2.3015468120574951172 2.303966522216796875 2.9569745063781738281 2.7469067573547363281 3.11676788330078125 4.2035508155822753906 1.8090232610702514648 2.8116717338562011719 4.1610555648803710938 3.1451799869537353516 2.9377577304840087891 1.4639139175415039062 2.6662192344665527344 3.5466170310974121094 2.9995770454406738281 3.2468535900115966797 2.5082826614379882812 1.473921656608581543 1.3498919010162353516 2.3629276752471923828 3.7152259349822998047 5.0304245948791503906 3.0854868888854980469 1.2392700910568237305 1.5446565151214599609 2.7483725547790527344 3.2205941677093505859
9.6201257705688476562 6.2539753913879394531 5.1999344825744628906 4.8603787422180175781 4.7396574020385742188 4.2988772392272949219 3.5739848613739013672 3.2798528671264648438 4.0003366470336914062 4.376247406005859375 3.5214419364929199219 2.2155427932739257812 2.2050166130065917969 2.0922276973724365234 1.9059976339340209961 2.8154506683349609375 2.6950547695159912109 2.8231570720672607422 4.5236763954162597656 2.0443093776702880859 2.2714529037475585938 4.1973028182983398438 2.889007568359375 3.4143478870391845703 2.2216866016387939453 1.9817349910736083984 3.2992179393768310547 3.2012345790863037109 2.8877825736999511719 2.2685747146606445312 1.4967385530471801758 1.9344261884689331055 2.5868887901306152344 3.4606642723083496094 4.5641808509826660156 3.1172544956207275391 2.497772216796875 3.0894024372100830078 4.1352391242980957031 3.461956024169921875
19.89389801025390625 12.010080337524414062 7.430873870849609375 4.9614109992980957031 5.6006379127502441406 6.1699919700622558594 4.8419704437255859375 3.6407964229583740234 3.7263500690460205078 4.3261475563049316406 4.195240020751953125 3.2256269454956054688 3.0789248943328857422 2.1858763694763183594 1.9207952022552490234 2.596851348876953125 2.8095128536224365234 2.97333526611328125 3.7317814826965332031 2.7885670661926269531 2.7711005210876464844 3.6441333293914794922 2.9239604473114013672 2.6281759738922119141 2.7883749008178710938 2.4265036582946777344 2.4497303962707519531 2.9655020236968994141 3.0780932903289794922 2.4845845699310302734 1.8510439395904541016 2.2325987815856933594 2.5696244239807128906 3.0800600051879882812 3.3298420906066894531 2.8972077369689941406 3.3965446949005126953 3.4562747478485107422 3.8855924606323242188 3.0641067028045654297
21.877561569213867188 14.1614227294921875 9.2480592727661132812 5.3191294670104980469 5.1111621856689453125 7.1266727447509765625 6.3674650192260742188 4.6892647743225097656 3.8273148536682128906 4.1146998405456542969 4.8263225555419921875 3.6456344127655029297 3.0872905254364013672 2.41646575927734375 2.2486181259155273438 2.4227504730224609375 2.7456285953521728516 3.2004563808441162109 3.3710258007049560547 3.2442178726196289062 3.4137825965881347656 3.5564291477203369141 3.1154572963714599609 2.3179500102996826172 2.0912756919860839844 2.948772430419921875 2.8326308727264404297 1.6811441183090209961 2.6471667289733886719 3.45656585693359375 2.6485040187835693359 2.2153191566467285156 2.7667272090911865234 3.067066192626953125 1.7929975986480712891 2.1450171470642089844 3.2833812236785888672 3.5399036407470703125 3.5740015506744384766 2.3646481037139892578
25.86510467529296875 15.038759231567382812 7.8788743019104003906 4.7685036659240722656 4.0429072380065917969 6.2119245529174804688 5.7247910499572753906 4.8904781341552734375 3.8796150684356689453 4.3881297111511230469 5.7921142578125 4.8295545578002929688 3.3334941864013671875 2.2217032909393310547 2.6978676319122314453 2.4845712184906005859 2.2607367038726806641 2.7776796817779541016 3.1141760349273681641 3.4984107017517089844 3.5602769851684570312 3.3976078033447265625 3.1528723239898681641 2.8768908977508544922 1.5357969999313354492 2.1222658157348632812 3.8682720661163330078 1.9155217409133911133 0.76960146427154541016 2.8672304153442382812 3.7436604499816894531 2.9733409881591796875 3.2015664577484130859 2.5425181388854980469 2.0482578277587890625 3.0907158851623535156 2.3502676486968994141 2.5552227497100830078 2.565685272216796875 1.7133427858352661133
33.896915435791015625 17.9250335693359375 6.0577387809753417969 4.2904148101806640625 4.9615054130554199219 5.784618377685546875 4.8479204177856445312 4.5277867317199707031 3.7317705154418945312 4.1167802810668945312 5.9103240966796875 6.0283594131469726562 4.3853616714477539062 2.8183238506317138672 3.3874700069427490234 2.9472217559814453125 2.1066873073577880859 2.4643497467041015625 2.9743645191192626953 3.3528306484222412109 3.7257006168365478516 3.2630193233489990234 2.792354583740234375 3.0541737079620361328 1.7359297275543212891 1.3045281171798706055 3.4307558536529541016 4.2041301727294921875 1.2281819581985473633 0.99608331918716430664 3.7843239307403564453 3.8278484344482421875 2.9752209186553955078 2.3844537734985351562 2.8030374050140380859 2.5323648452758789062 2.0747804641723632812 1.6790385246276855469 0.79611033201217651367 1.2392507791519165039
39.86214447021484375 18.956754684448242188 7.9532480239868164062 5.1960616111755371094 5.6955962181091308594 5.8680796623229980469 5.1178689002990722656 4.3539285659790039062 3.6423017978668212891 3.8745293617248535156 5.2459502220153808594 6.0124745368957519531 4.5941648483276367188 3.3856756687164306641 3.6172719001770019531 3.3995463848114013672 2.5064427852630615234 2.4612436294555664062 3.4372239112854003906 3.3726747035980224609 3.288478851318359375 3.3529932498931884766 2.56961822509765625 2.5774760246276855469 2.6788697242736816406 2.0776822566986083984 2.323211669921875 4.3818964958190917969 4.0415148735046386719 1.4510701894760131836 2.6477348804473876953 3.8999989032745361328 2.5733602046966552734 2.0206506252288818359 1.5654898881912231445 1.5225595235824584961 1.980194091796875 2.6032609939575195312 3.3493707180023193359 3.7574017047882080078
40.9108123779296875 23.125387191772460938 15.748312950134277344 8.8862333297729492188 7.0282239913940429688 6.3713998794555664062 4.9458432197570800781 4.0671849250793457031 3.990230560302734375 4.4955806732177734375 5.5621752738952636719 5.9322490692138671875 4.7563242912292480469 3.5238826274871826172 3.3351607322692871094 3.48685455322265625 2.5257556438446044922 2.3861238956451416016 3.9127955436706542969 3.7844598293304443359 2.4294137954711914062 2.7528021335601806641 2.9270880222320556641 2.9977393150329589844 3.3624711036682128906 2.8629980087280273438 2.0234224796295166016 2.4896693229675292969 4.4362573623657226562 3.3614070415496826172 1.9155069589614868164 3.2747554779052734375 3.1190319061279296875 2.3485105037689208984 1.7501355409622192383 2.2730138301849365234 3.0364279747009277344 4.6351528167724609375 5.32595062255859375 4.496273040771484375
34.18663787841796875 24.06995391845703125 20.692371368408203125 14.1102447509765625 9.804264068603515625 7.30495452880859375 4.856632232666015625 4.0033693313598632812 3.9170527458190917969 4.8053774833679199219 6.2548537254333496094 6.2231793403625488281 5.2099900245666503906 3.7133245468139648438 3.4979870319366455078 3.5790681838989257812 2.4749891757965087891 2.5259580612182617188 3.7783133983612060547 3.8300828933715820312 2.4019865989685058594 2.2984716892242431641 2.8066363334655761719 2.9573237895965576172 3.2317259311676025391 3.2736837863922119141 2.3620715141296386719 2.2407476902008056641 3.1049067974090576172 3.2999718189239501953 2.9270756244659423828 2.6003415584564208984 2.2650203704833984375 2.5522701740264892578 2.9568283557891845703 4.4589633941650390625 5.197601318359375 4.2658772468566894531 2.8883237838745117188 3.0371100902557373047
25.447551727294921875 17.400146484375 18.0010528564453125 15.769047737121582031 11.54331207275390625 8.2669286727905273438 6.2612791061401367188 5.53094482421875 6.2722024917602539062 7.0907998085021972656 7.201038360595703125 6.244892120361328125 5.9801511764526367188 4.8904671669006347656 3.8456189632415771484 3.4420588016510009766 2.5753223896026611328 2.5401363372802734375 3.6561527252197265625 3.4950909614562988281 2.9569902420043945312 2.9597084522247314453 2.5868811607360839844 2.4503471851348876953 3.8024241924285888672 4.0562472343444824219 2.4078791141510009766 1.9642831087112426758 2.5016100406646728516 2.7358591556549072266 3.1567347049713134766 3.0700347423553466797 1.8586826324462890625 1.697035670280456543 2.9731929302215576172 5.1567182540893554688 4.3439626693725585938 2.9472136497497558594 3.1154644489288330078 3.8833675384521484375
21.274875640869140625 12.574018478393554688 15.257177352905273438 17.263582229614257812 13.899161338806152344 11.421010017395019531 8.8206424713134765625 7.185882568359375 7.13716888427734375 8.87751007080078125 7.6238446235656738281 6.3689050674438476562 8.197200775146484375 8.22200775146484375 5.8889074325561523438 4.2815828323364257812 2.6471750736236572266 2.0922405719757080078 3.1539895534515380859 3.0561611652374267578 3.0477209091186523438 2.8295896053314208984 2.4661767482757568359 2.5042440891265869141 4.16141510009765625 4.1289005279541015625 2.3646333217620849609 2.1914350986480712891 2.6410396099090576172 2.9306998252868652344 3.1170923709869384766 3.4702858924865722656 2.7326879501342773438 2.2499642372131347656 3.6805224418640136719 4.9296965599060058594 3.2148027420043945312 3.1731779575347900391 3.8424448966979980469 3.8918054103851318359
20.420902252197265625 10.67971038818359375 13.216753005981445312 16.524322509765625 14.187764167785644531 11.894680023193359375 9.82802581787109375 7.2451415061950683594 7.1766424179077148438 8.8224020004272460938 5.994869232177734375 3.5507378578186035156 5.931575775146484375 8.0116119384765625 6.4365062713623046875 4.7307028770446777344 2.8459956645965576172 1.8773663043975830078 3.0384244918823242188 3.4186480045318603516 2.8374600410461425781 2.7970705032348632812 2.6911191940307617188 2.9465444087982177734 3.7371847629547119141 3.3546411991119384766 2.5769007205963134766 1.9229019880294799805 1.5155578851699829102 1.7405818700790405273 2.1745207309722900391 2.5923681259155273438 2.2587409019470214844 2.0679240226745605469 3.3546414375305175781 3.8114538192749023438 3.11270904541015625 3.9423534870147705078 3.9996953010559082031 3.8918275833129882812
24.399433135986328125 11.618098258972167969 11.006237030029296875 12.859963417053222656 11.5993804931640625 9.2297563552856445312 7.2268629074096679688 7.5728783607482910156 8.800601959228515625 8.3595438003540039062 6.606937408447265625 5.1567149162292480469 7.2232995033264160156 8.4811754226684570312 5.6279077529907226562 3.3569083213806152344 3.6323273181915283203 3.0457539558410644531 2.9305462837219238281 3.5972433090209960938 3.3946356773376464844 3.4151048660278320312 3.3977425098419189453 3.0603196620941162109 2.8021333217620849609 2.5646986961364746094 2.5868799686431884766 2.3205914497375488281 1.1708000898361206055 1.4089585542678833008 1.7053397893905639648 3.1088166236877441406 2.9120278358459472656 1.9155247211456298828 3.8983135223388671875 4.1341638565063476562 3.9125318527221679688 3.9519495964050292969 4.3476853370666503906 4.4222736358642578125
32.714900970458984375 20.44586944580078125 14.785349845886230469 11.911002159118652344 10.948154449462890625 9.6056070327758789062 7.5606961250305175781 7.9749512672424316406 6.9060244560241699219 8.7319192886352539062 10.387517929077148438 7.5633363723754882812 6.1191639900207519531 5.1246504783630371094 3.1877841949462890625 3.7294721603393554688 4.634387969970703125 4.2260441780090332031 2.4896571636199951172 2.9779219627380371094 4.3139929771423339844 4.0475172996520996094 3.3121912479400634766 2.8890182971954345703 2.8438680171966552734 3.1141726970672607422 2.8695123195648193359 1.4246946573257446289 1.4984395503997802734 1.5796461105346679688 1.1841151714324951172 2.3221037387847900391 3.7976438999176025391 2.38591766357421875 5.6497888565063476562 6.2051324844360351562 5.6711344718933105469 4.0343985557556152344 3.9861857891082763672 5.3054656982421875
