wildfire/work/fuelmodels/1939/slope.asc
ncols        298
nrows        454
xllcorner    195085.000000000000
yllcorner    456935.000000000000
cellsize     5.000000000000
NODATA_value   -999
[rows 198 to 215 of 454, columns 80 to 119 of 298]
1.7103682756423950195 1.7289190292358398438 1.6163930892944335938 3.3478608131408691406 8.2969770431518554688 12.429599761962890625 14.886600494384765625 15.720813751220703125 13.745253562927246094 9.5627279281616210938 6.7080821990966796875 7.6804537773132324219 10.106043815612792969 11.167454719543457031 6.3474521636962890625 2.3483266830444335938 7.3384556770324707031 9.2396373748779296875 11.692507743835449219 11.519098281860351562 8.9425601959228515625 5.7146515846252441406 3.4289832115173339844 3.4136185646057128906 3.9003682136535644531 3.4979729652404785156 3.5027410984039306641 2.0173957347869873047 1.2277621030807495117 1.3291108608245849609 1.7524818181991577148 3.3894026279449462891 2.6218228340148925781 1.8047949075698852539 1.8673584461212158203 2.280792236328125 2.4070305824279785156 1.838965296745300293 1.4377644062042236328 1.7103828191757202148
1.9518682956695556641 2.6433546543121337891 2.927272796630859375 6.213306427001953125 13.295550346374511719 15.966151237487792969 16.518003463745117188 16.978906631469726562 13.675031661987304688 8.3579721450805664062 6.8091764450073242188 9.8848295211791992188 11.908486366271972656 10.46396636962890625 5.4400382041931152344 5.8297853469848632812 11.503336906433105469 15.702479362487792969 15.498545646667480469 12.38838958740234375 9.3918352127075195312 7.5504083633422851562 6.5190129280090332031 5.3906416893005371094 3.4916276931762695312 1.977906346321105957 1.955515742301940918 1.4957244396209716797 1.6129282712936401367 1.867354273796081543 3.3311965465545654297 3.0457184314727783203 2.2765715122222900391 2.5894227027893066406 2.3048443794250488281 3.611675262451171875 3.5710320472717285156 3.3977563381195068359 3.1302123069763183594 2.4051485061645507812
2.8709273338317871094 5.0271410942077636719 6.4690027236938476562 10.490494728088378906 17.467451095581054688 17.898000717163085938 17.801942825317382812 16.885807037353515625 11.635125160217285156 9.3455486297607421875 11.247178077697753906 13.062164306640625 12.401826858520507812 11.753353118896484375 11.380122184753417969 14.864123344421386719 15.99957275390625 15.418396949768066406 13.847655296325683594 12.717196464538574219 11.719698905944824219 9.528034210205078125 6.2286438941955566406 3.3255894184112548828 2.4229540824890136719 2.5646986961364746094 1.6535207033157348633 1.1208908557891845703 2.1893689632415771484 3.1021404266357421875 3.1245343685150146484 2.1544210910797119141 1.831540226936340332 2.0246703624725341797 2.4888553619384765625 3.9087915420532226562 3.6211767196655273438 2.6318414211273193359 3.4701323509216308594 2.9015750885009765625
5.1529040336608886719 7.4244074821472167969 10.043330192565917969 13.898871421813964844 17.061178207397460938 16.855340957641601562 14.303940773010253906 10.102473258972167969 5.0928664207458496094 6.193187713623046875 10.581621170043945312 12.839081764221191406 11.675942420959472656 13.774857521057128906 16.781208038330078125 17.686864852905273438 14.109841346740722656 11.798857688903808594 11.279540061950683594 8.4924221038818359375 6.2158136367797851562 6.4027462005615234375 5.542133331298828125 2.3765673637390136719 2.750041961669921875 2.9294962882995605469 1.2826030254364013672 2.3765673637390136719 3.2251410484313964844 2.8066256046295166016 2.0442979335784912109 1.5377792119979858398 1.6110551357269287109 1.6510646343231201172 2.3394677639007568359 2.7189822196960449219 2.5325548648834228516 1.8521378040313720703 3.2251505851745605469 3.8999853134155273438
7.3929834365844726562 9.015625 11.646349906921386719 14.076276779174804688 14.7323150634765625 13.466897964477539062 8.8942108154296875 5.7584400177001953125 3.1903281211853027344 3.8637077808380126953 9.7383575439453125 10.762082099914550781 9.252368927001953125 10.717954635620117188 12.943696022033691406 13.209448814392089844 7.7812809944152832031 2.8010489940643310547 2.7143132686614990234 7.0931372642517089844 7.3973855972290039062 5.0708475112915039062 4.3396587371826171875 3.9961721897125244141 2.36055755615234375 2.3277680873870849609 3.0813837051391601562 3.5670533180236816406 3.0157134532928466797 2.7689106464385986328 2.4602332115173339844 2.1793990135192871094 2.0932071208953857422 2.1731362342834472656 2.677570343017578125 2.9711365699768066406 3.3060843944549560547 3.5307610034942626953 3.0311059951782226562 3.6895873546600341797
9.845821380615234375 11.117345809936523438 12.3233489990234375 12.320427894592285156 11.247193336486816406 7.7128286361694335938 6.4670467376708984375 6.4940357208251953125 4.1841526031494140625 2.4045152664184570312 8.8763914108276367188 11.080659866333007812 8.2657146453857421875 6.3169436454772949219 4.2060599327087402344 2.3022022247314453125 10.336832046508789062 11.716360092163085938 10.551023483276367188 10.15384674072265625 6.2726054191589355469 2.4896531105041503906 1.8257213830947875977 4.1973028182983398438 3.6638867855072021484 3.4679560661315917969 3.9087958335876464844 3.7359845638275146484 3.4372410774230957031 3.7328660488128662109 3.9127955436706542969 3.713733673095703125 2.8344244956970214844 2.2940759658813476562 2.9031496047973632812 3.2747509479522705078 5.0437421798706054688 7.027072906494140625 6.4707770347595214844 5.3659062385559082031
10.942182540893554688 11.329515457153320312 11.030153274536132812 9.5049314498901367188 8.1400585174560546875 4.5944952964782714844 5.2377810478210449219 6.8834428787231445312 4.6728730201721191406 0.87776815891265869141 3.9333841800689697266 7.6225323677062988281 6.8519163131713867188 4.9848265647888183594 7.1953816413879394531 14.392090797424316406 13.778763771057128906 8.3410091400146484375 4.3154091835021972656 2.8372833728790283203 2.0776846408843994141 1.736803889274597168 2.7051718235015869141 4.7837157249450683594 5.4765973091125488281 4.0892133712768554688 3.1398639678955078125 3.2946012020111083984 3.6345400810241699219 3.621166229248046875 3.8803870677947998047 4.2271304130554199219 4.2511730194091796875 3.7907154560089111328 3.3641114234924316406 4.5217633247375488281 9.7004251480102539062 9.8692903518676757812 6.5430941581726074219 3.6651363372802734375
10.850177764892578125 10.382859230041503906 8.942104339599609375 7.5010161399841308594 6.86043548583984375 4.5697174072265625 5.0196862220764160156 6.624629974365234375 4.0876216888427734375 1.0860240459442138672 1.6260710954666137695 4.7522001266479492188 5.1656966209411621094 6.8062982559204101562 17.204618453979492188 14.275854110717773438 3.8483624458312988281 0.38448360562324523926 1.8496654033660888672 2.1614565849304199219 2.8947780132293701172 2.0472767353057861328 2.2843420505523681641 2.8372678756713867188 5.0440430641174316406 6.4849767684936523438 5.6754689216613769531 4.0428872108459472656 3.3614122867584228516 3.3995349407196044922 3.6607124805450439453 3.7569873332977294922 4.5232071876525878906 5.0123524665832519531 4.2360720634460449219 5.3154234886169433594 9.3722715377807617188 1.7614012956619262695 4.885105133056640625 1.4691028594970703125
9.841793060302734375 8.1690969467163085938 6.8854746818542480469 6.8998551368713378906 6.1713185310363769531 3.8241491317749023438 5.1575822830200195312 5.7863588333129882812 2.4045231342315673828 4.5860371589660644531 3.9189844131469726562 2.9265692234039306641 8.538303375244140625 17.277059555053710938 15.758147239685058594 4.0518765449523925781 4.4115209579467773438 3.8404889106750488281 2.7667186260223388672 1.84474945068359375 2.5467057228088378906 3.2398633956909179688 1.7547833919525146484 1.9155247211456298828 3.4667840003967285156 5.1079950332641601562 6.7142238616943359375 7.2879071235656738281 6.4464893341064453125 4.9496026039123535156 3.5813264846801757812 2.7674407958984375 2.3103208541870117188 2.4845726490020751953 5.3250880241394042969 8.5948286056518554688 6.2383589744567871094 0.89657980203628540039 3.0027906894683837891 2.0400898456573486328
5.8853983879089355469 5.3869915008544921875 6.7377419471740722656 7.4038305282592773438 6.1612701416015625 2.8344075679779052734 4.5271253585815429688 7.1573901176452636719 8.4316387176513671875 8.4575471878051757812 10.541463851928710938 14.711588859558105469 17.90401458740234375 15.67572784423828125 4.165924072265625 5.6633148193359375 4.8970665931701660156 3.0996994972229003906 2.9692797660827636719 3.3351676464080810547 3.6527082920074462891 4.4147105216979980469 4.8488454818725585938 4.5174317359924316406 3.8494288921356201172 2.9377713203430175781 3.5314881801605224609 4.8819169998168945312 5.3774447441101074219 4.6995668411254882812 3.3546462059020996094 2.2594094276428222656 0.7663052678108215332 5.7101593017578125 11.991266250610351562 9.7940397262573242188 4.2532014846801757812 3.3817954063415527344 3.8171579837799072266 4.2225904464721679688
3.2192060947418212891 4.1858501434326171875 7.0965204238891601562 7.1917572021484375 6.2381119728088378906 3.2942898273468017578 5.2986283302307128906 8.8456592559814453125 9.84381866455078125 11.478167533874511719 16.439144134521484375 18.850358963012695312 14.715275764465332031 3.9750227928161621094 4.2060546875 4.6734185218811035156 4.0253729820251464844 3.93813323974609375 4.3503513336181640625 5.1060285568237304688 5.6155300140380859375 5.5243787765502929688 6.0450143814086914062 5.1788449287414550781 3.8114428520202636719 3.2815384864807128906 3.2192006111145019531 4.1836810111999511719 4.7003312110900878906 4.9890866279602050781 6.4511847496032714844 7.4304089546203613281 4.5783319473266601562 9.0837078094482421875 7.407073974609375 6.1063876152038574219 8.1607036590576171875 6.9390578269958496094 4.6256871223449707031 3.3841874599456787109
4.7817144393920898438 5.5424113273620605469 5.9358859062194824219 5.0060167312622070312 6.9381017684936523438 8.5997114181518554688 9.6976919174194335938 9.4982089996337890625 11.289869308471679688 14.399266242980957031 14.52596282958984375 8.511371612548828125 4.3853554725646972656 6.8034386634826660156 5.2857613563537597656 3.9401841163635253906 3.787384033203125 4.0146927833557128906 5.7725048065185546875 6.8398852348327636719 6.2897386550903320312 4.9997663497924804688 4.4057831764221191406 5.0867366790771484375 7.3236951828002929688 7.6579723358154296875 7.1917572021484375 7.9016709327697753906 7.609279632568359375 6.9605183601379394531 7.2043886184692382812 8.9345149993896484375 7.4568247795104980469 6.0227427482604980469 9.6825609207153320312 9.5693950653076171875 5.2274880409240722656 1.8521378040313720703 1.7218840122222900391 4.6474432945251464844
8.2594852447509765625 8.3267822265625 6.0238518714904785156 6.6602644920349121094 8.7359142303466796875 9.9823045730590820312 9.7433223724365234375 10.033099174499511719 11.852724075317382812 10.098142623901367188 4.2511696815490722656 3.6038434505462646484 9.3055744171142578125 7.5784516334533691406 4.6046905517578125 4.080204010009765625 4.1219315528869628906 4.5364627838134765625 6.62802886962890625 6.3969097137451171875 5.8279700279235839844 4.4494423866271972656 4.4407076835632324219 5.0619111061096191406 6.6412258148193359375 6.4915680885314941406 5.8662915229797363281 3.3587033748626708984 3.7186176776885986328 3.3170807361602783203 4.6242666244506835938 8.31523895263671875 6.3977231979370117188 0.7961108088493347168 0.91778576374053955078 0.95455348491668701172 3.7198412418365478516 6.795684814453125 9.2707128524780273438 11.427957534790039062
8.80062103271484375 9.7939395904541015625 8.2223148345947265625 8.0566930770874023438 8.2793369293212890625 7.8962240219116210938 7.2448821067810058594 7.5869851112365722656 6.6421399116516113281 2.7456345558166503906 4.067180633544921875 8.5959367752075195312 10.281329154968261719 6.803874969482421875 4.2089419364929199219 3.2815418243408203125 3.7873945236206054688 4.4678850173950195312 5.0232067108154296875 3.5734188556671142578 4.8055796623229980469 5.3689060211181640625 5.2726845741271972656 5.3020343780517578125 4.3539271354675292969 1.495372772216796875 2.4304575920104980469 5.3054556846618652344 8.6989192962646484375 8.2280988693237304688 7.42413330078125 5.5703511238098144531 1.9430631399154663086 4.0335111618041992188 7.6422061920166015625 9.99410247802734375 11.377491950988769531 12.031056404113769531 11.983839035034179688 10.167311668395996094
7.9027504920959472656 8.8862333297729492188 7.2403750419616699219 5.951904296875 5.6221823692321777344 5.9690423011779785156 6.0450239181518554688 5.0755228996276855469 1.5603100061416625977 3.6495194435119628906 9.3607006072998046875 12.016590118408203125 10.7819976806640625 7.6804385185241699219 5.1570973396301269531 3.7671899795532226562 3.9687781333923339844 4.5941648483276367188 4.3421092033386230469 3.5364935398101806641 3.6809537410736083984 5.1111588478088378906 5.5996451377868652344 3.6638977527618408203 2.9307005405426025391 8.3814630508422851562 9.6405668258666992188 8.6887369155883789062 6.5838427543640136719 2.8635272979736328125 0.8965905308723449707 3.9963014125823974609 8.3477334976196289062 12.6678314208984375 13.6278076171875 12.107933998107910156 10.03664398193359375 7.555309295654296875 5.4792413711547851562 4.3060245513916015625
6.0370073318481445312 7.6500825881958007812 6.3484058380126953125 4.8523783683776855469 4.7265486717224121094 4.6242656707763671875 3.5369026660919189453 1.6363005638122558594 4.109783172607421875 7.4421396255493164062 12.915596961975097656 13.08472442626953125 9.727100372314453125 6.6478886604309082031 5.0099625587463378906 4.5980162620544433594 5.310123443603515625 5.8055582046508789062 5.5932493209838867188 4.39190673828125 2.7441499233245849609 2.4154198169708251953 5.8017239570617675781 9.5612649917602539062 11.886261940002441406 10.190184593200683594 7.0757169723510742188 4.8623609542846679688 1.9735558032989501953 4.4919886589050292969 10.134912490844726562 13.321369171142578125 14.749083518981933594 12.907483100891113281 8.6854219436645507812 5.7370915412902832031 4.742000579833984375 4.1219391822814941406 3.6727077960968017578 3.8457453250885009766
3.80348968505859375 5.6791939735412597656 5.9222278594970703125 4.7003202438354492188 4.4787149429321289062 3.5106689929962158203 3.4539499282836914062 7.3844799995422363281 9.5945768356323242188 11.251009941101074219 12.617992401123046875 10.410625457763671875 7.3456664085388183594 4.8815016746520996094 4.7090177536010742188 4.8057012557983398438 6.235927581787109375 5.4745678901672363281 2.4813187122344970703 6.0786418914794921875 9.5995779037475585938 12.338720321655273438 12.855048179626464844 10.077081680297851562 5.741374969482421875 2.0630311965942382812 4.0188450813293457031 10.4001007080078125 14.689823150634765625 16.681871414184570312 15.285875320434570312 12.16024017333984375 8.9809789657592773438 5.3024363517761230469 4.0697889328002929688 4.6363382339477539062 5.3267779350280761719 5.528217315673828125 5.1482086181640625 4.3562588691711425781
2.6700005531311035156 3.4094617366790771484 4.4529585838317871094 3.9451818466186523438 2.0725636482238769531 3.0339395999908447266 7.1001486778259277344 9.646366119384765625 8.913677215576171875 9.726276397705078125 10.033061027526855469 9.2855672836303710938 7.2870850563049316406 4.6546883583068847656 4.6995573043823242188 5.8443088531494140625 10.306915283203125 11.503342628479003906 13.787775039672851562 13.246043205261230469 11.446104049682617188 9.2223272323608398438 4.9495944976806640625 1.2473996877670288086 2.6410579681396484375 10.153985977172851562 17.593336105346679688 19.09344482421875 18.438638687133789062 16.342397689819335938 10.798847198486328125 6.7893986701965332031 5.465179443359375 4.9615015983581542969 5.3358592987060546875 6.0177435874938964844 6.3977136611938476562 6.7195329666137695312 6.5853667259216308594 5.4949665069580078125
