wildfire/work/fuelmodels/1939/slope.asc
ncols        298
nrows        454
xllcorner    195085.000000000000
yllcorner    456935.000000000000
cellsize     5.000000000000
NODATA_value   -999
[rows 144 to 161 of 454, columns 40 to 79 of 298]
6.2570357322692871094 5.5309629440307617188 3.6260435581207275391 3.6584985256195068359 4.1841630935668945312 4.12155914306640625 4.4097952842712402344 4.2383480072021484375 4.6519923210144042969 4.7733597755432128906 4.9280486106872558594 3.7559130191802978516 3.5762553215026855469 3.8734951019287109375 3.2568213939666748047 2.8326287269592285156 2.3534862995147705078 2.3844537734985351562 2.134136199951171875 2.0759706497192382812 1.9218451976776123047 2.4185612201690673828 3.0462357997894287109 2.5769090652465820312 1.7074207067489624023 1.691058039665222168 2.2905473709106445312 2.2925100326538085938 2.0166499614715576172 1.1807137727737426758 1.0543397665023803711 2.0482578277587890625 2.8740916252136230469 2.9615950584411621094 1.8023085594177246094 1.2408927679061889648 1.1370141506195068359 2.3502504825592041016 3.3726649284362792969 1.8011661767959594727
5.466388702392578125 4.520999908447265625 4.1876597404479980469 3.8166234493255615234 3.0933327674865722656 4.6650891304016113281 5.1005110740661621094 5.1178641319274902344 5.5190768241882324219 5.0867280960083007812 4.9272522926330566406 3.4125852584838867188 3.0854794979095458984 3.4549717903137207031 2.6256983280181884766 2.5155239105224609375 2.4583861827850341797 2.7089262008666992188 2.3543367385864257812 2.0681607723236083984 2.2137138843536376953 2.7395412921905517578 2.8530926704406738281 2.1388781070709228516 1.7842411994934082031 2.2515571117401123047 2.2070760726928710938 1.6620736122131347656 1.7368216514587402344 0.75432884693145751953 0.54928177595138549805 1.6943300962448120117 2.0932033061981201172 2.5968244075775146484 2.1447894573211669922 1.4691185951232910156 1.1669178009033203125 2.8354859352111816406 3.3781912326812744141 1.7785514593124389648
4.0732569694519042969 2.8571634292602539062 2.7373125553131103516 3.3028762340545654297 4.2631468772888183594 4.9532675743103027344 4.6295194625854492188 4.7486748695373535156 5.0782909393310546875 4.1226687431335449219 3.8741528987884521484 2.7224943637847900391 2.5267550945281982422 3.0088467597961425781 2.5251586437225341797 2.5579771995544433594 2.9258666038513183594 2.7791156768798828125 2.2271490097045898438 1.9817211627960205078 2.1466569900512695312 2.2863399982452392578 2.2650046348571777344 2.1057398319244384766 2.0740358829498291016 2.5774810314178466797 2.2944977283477783203 1.5593444108963012695 1.0667455196380615234 0.18552500009536743164 0.76430088281631469727 1.6079170703887939453 1.2798463106155395508 2.0422959327697753906 2.8525416851043701172 2.1939790248870849609 1.6498659849166870117 3.2251651287078857422 3.2201230525970458984 2.0243997573852539062
2.4831452369689941406 1.8714164495468139648 2.0090906620025634766 3.11676788330078125 3.1567237377166748047 3.6924512386322021484 4.0272707939147949219 4.0861163139343261719 4.7520742416381835938 4.217929840087890625 3.6084501743316650391 3.0616137981414794922 2.6758565902709960938 2.6356990337371826172 2.2640919685363769531 2.9597012996673583984 3.3393981456756591797 2.3935337066650390625 2.2607316970825195312 1.7682747840881347656 1.570660710334777832 2.3457396030426025391 2.5847384929656982422 2.8082537651062011719 2.6433424949645996094 2.4271204471588134766 2.2685639858245849609 1.5959062576293945312 1.1811202764511108398 1.1405634880065917969 1.188805699348449707 0.54746145009994506836 1.0874304771423339844 1.6163710355758666992 2.8587439060211181641 2.596057891845703125 1.6994055509567260742 3.0437607765197753906 3.1540119647979736328 2.3223166465759277344
1.435662388801574707 1.3666601181030273438 2.259624481201171875 1.9375823736190795898 3.2075448036193847656 4.0222401618957519531 3.5429034233093261719 3.1245467662811279297 3.7777805328369140625 4.4981579780578613281 4.1668601036071777344 3.3433241844177246094 2.8310363292694091797 2.7616124153137207031 2.4559032917022705078 2.3336327075958251953 2.6477518081665039062 2.4397833347320556641 1.9635103940963745117 1.3714729547500610352 2.1324834823608398438 2.9057590961456298828 2.7716510295867919922 2.9636514186859130859 2.4596164226531982422 1.7192413806915283203 1.7930032014846801758 1.724521636962890625 1.3427430391311645508 1.5619233846664428711 1.1285352706909179688 0.74281102418899536133 1.0046670436859130859 2.53313446044921875 2.6818897724151611328 1.9653291702270507812 2.0224027633666992188 3.5483083724975585938 4.6219754219055175781 3.6565823554992675781
1.7089076042175292969 2.6737811565399169922 3.6277222633361816406 3.1616907119750976562 4.0385289192199707031 5.8908538818359375 3.6323266029357910156 3.0853278636932373047 3.1166198253631591797 3.9601106643676757812 4.1731543540954589844 3.7417821884155273438 3.3097658157348632812 2.4943320751190185547 2.2049996852874755859 1.4763323068618774414 2.1960556507110595703 3.3965446949005126953 1.8781697750091552734 2.1267733573913574219 3.3175368309020996094 2.4955303668975830078 2.1374478340148925781 2.7883965969085693359 1.7315491437911987305 0.88636177778244018555 1.5446693897247314453 1.9155116081237792969 1.650159001350402832 1.6608635187149047852 2.1821994781494140625 2.3901734352111816406 1.4129180908203125 1.5357875823974609375 1.8134824037551879883 2.0630283355712890625 1.7613971233367919922 1.6276102066040039062 2.8481187820434570312 2.9377751350402832031
3.1021511554718017578 4.1409959793090820312 3.8320717811584472656 4.1537756919860839844 6.04076385498046875 6.0407700538635253906 4.1512231826782226562 3.1021342277526855469 2.8312053680419921875 3.4618172645568847656 2.717472076416015625 3.3166213035583496094 4.3514032363891601562 2.8705801963806152344 2.6699781417846679688 2.2854609489440917969 2.626461029052734375 3.3611035346984863281 1.7679888010025024414 2.6784965991973876953 2.8344330787658691406 0.88006269931793212891 1.4855464696884155273 2.5706248283386230469 1.5806068181991577148 1.3079954385757446289 2.4790756702423095703 2.3859384059906005859 2.2668001651763916016 1.5987592935562133789 0.9227415919303894043 1.1612381935119628906 1.0596067905426025391 0.99858826398849487305 1.6970026493072509766 1.4003151655197143555 1.5248770713806152344 2.0045623779296875 2.2909631729125976562 2.5090849399566650391
3.8315613269805908203 3.9799787998199462891 3.37103271484375 3.5417606830596923828 3.3558349609375 2.548492431640625 2.7623376846313476562 2.2542374134063720703 2.6179730892181396484 2.9087164402008056641 1.8835382461547851562 2.7740154266357421875 3.5118353366851806641 2.1939852237701416016 3.2728981971740722656 3.2863183021545410156 2.2362213134765625 2.7085337638854980469 2.0563879013061523438 2.5646903514862060547 2.1663849353790283203 1.4913263320922851562 1.8198846578598022461 2.628192901611328125 2.6961765289306640625 2.9914777278900146484 3.0244231224060058594 1.9888538122177124023 1.4913287162780761719 0.37106299400329589844 0.71150851249694824219 0.6949329376220703125 1.2376143932342529297 0.92273277044296264648 0.88007193803787231445 1.4639310836791992188 1.6050652265548706055 2.9014055728912353516 2.3644137382507324219 1.9383721351623535156
3.2350153923034667969 2.7705488204956054688 2.7402720451354980469 3.3714516162872314453 3.6924388408660888672 2.7825846672058105469 2.6085031032562255859 2.8166990280151367188 2.7402820587158203125 2.9279510974884033203 2.3646333217620849609 3.4679627418518066406 2.5229644775390625 1.1708000898361206055 3.6902565956115722656 3.432804107666015625 2.1067042350769042969 2.4845805168151855469 2.6318416595458984375 2.4845633506774902344 1.9425486326217651367 2.0063512325286865234 2.7705488204956054688 3.3786408901214599609 3.1196820735931396484 2.0490028858184814453 1.2885184288024902344 1.1472193002700805664 1.1472314596176147461 0.43280050158500671387 0.37107548117637634277 0.84004729986190795898 1.1956044435501098633 1.7440568208694458008 1.3684979677200317383 2.1374509334564208984 1.9573113918304443359 3.1153132915496826172 2.2807967662811279297 1.6790353059768676758
2.8656454086303710938 2.9446434974670410156 3.0631043910980224609 3.9750041961669921875 4.3316287994384765625 3.5747027397155761719 3.6218652725219726562 3.2281234264373779297 3.0857973098754882812 2.6048111915588378906 2.4743781089782714844 2.8138284683227539062 1.2587157487869262695 0.65597522258758544922 3.3333258628845214844 3.4757952690124511719 2.2196533679962158203 2.8916466236114501953 3.4578857421875 2.7562773227691650391 2.2854547500610351562 2.4143831729888916016 2.7068474292755126953 2.5155169963836669922 1.864386439323425293 1.9448632001876831055 1.7227559089660644531 1.4228954315185546875 1.2522525787353515625 0.86438417434692382812 0.99455428123474121094 0.78587055206298828125 0.88006138801574707031 1.7570884227752685547 2.0086088180541992188 1.5225617885589599609 2.4063985347747802734 3.0802338123321533203 2.2280645370483398438 2.0842354297637939453
3.3335032463073730469 3.7912604808807373047 3.5965371131896972656 3.8828682899475097656 2.8610470294952392578 1.6970175504684448242 2.8454566001892089844 3.2331306934356689453 3.4320728778839111328 2.6092677116394042969 1.669352412223815918 1.9676227569580078125 1.8795202970504760742 2.0915148258209228516 2.8015761375427246094 2.8122010231018066406 2.4078793525695800781 3.1567428112030029297 3.4422099590301513672 2.6888611316680908203 1.9929208755493164062 2.4154276847839355469 2.8624594211578369141 2.5484812259674072266 1.2715190649032592773 0.9460347294807434082 1.5169038772583007812 2.3474445343017578125 1.6799166202545166016 0.46980714797973632812 0.96773386001586914062 0.73252904415130615234 1.1031298637390136719 1.1888291835784912109 1.6657248735427856445 2.5484812259674072266 4.0097899436950683594 3.5307610034942626953 2.3396914005279541016 2.1670684814453125
3.4666438102722167969 3.6594650745391845703 2.8975687026977539062 2.6813230514526367188 2.0361058712005615234 2.2278425693511962891 3.5256099700927734375 2.9583601951599121094 2.6724629402160644531 1.9367945194244384766 1.8045394420623779297 3.0324337482452392578 3.0772826671600341797 3.1326229572296142578 3.4701323509216308594 3.0591433048248291016 2.5835711956024169922 1.8643922805786132812 3.1635975837707519531 3.2073976993560791016 2.5815937519073486328 2.6154623031616210938 3.0192353725433349609 3.3582570552825927734 1.5125613212585449219 1.0836910009384155273 2.1886723041534423828 3.7241818904876708984 2.9752042293548583984 1.2982919216156005859 1.5901826620101928711 0.873699188232421875 0.60541141033172607422 1.4331982135772705078 2.1057398319244384766 3.2789087295532226562 3.53375244140625 2.3912205696105957031 1.5987558364868164062 1.815980076789855957
3.7120988368988037109 3.5938587188720703125 2.6881055831909179688 1.8257162570953369141 1.8496772050857543945 2.9511671066284179688 3.7959191799163818359 3.2760004997253417969 2.7234275341033935547 2.3793375492095947266 3.0550179481506347656 4.329868316650390625 3.2789204120635986328 2.1028561592102050781 1.9409575462341308594 2.0363664627075195312 1.7183704376220703125 0.99911302328109741211 2.5337357521057128906 2.5371489524841308594 1.7367988824844360352 1.9186786413192749023 2.5585925579071044922 3.124542236328125 2.5283646583557128906 2.0045821666717529297 0.83703327178955078125 2.7174818515777587891 2.6608936786651611328 1.3423849344253540039 1.9088971614837646484 1.9727531671524047852 1.6325883865356445312 1.9320908784866333008 1.4003157615661621094 1.4841736555099487305 2.0173978805541992188 1.6544430255889892578 1.9218418598175048828 1.8312509059906005859
3.2746081352233886719 1.7599570751190185547 1.3423768281936645508 1.1776922941207885742 1.9409698247909545898 3.5501685142517089844 3.9227240085601806641 3.72080230712890625 3.7831220626831054688 3.9601240158081054688 3.3710203170776367188 2.8197507858276367188 1.881403803825378418 1.4261070489883422852 1.3183997869491577148 2.0854666233062744141 1.7918744087219238281 1.7932686805725097656 1.9291907548904418945 2.4443557262420654297 2.0776789188385009766 1.7980707883834838867 2.1663849353790283203 1.6163831949234008789 1.0186865329742431641 1.8020137548446655273 1.6620626449584960938 1.779976963996887207 1.8469362258911132812 1.981976628303527832 2.0539286136627197266 2.4497158527374267578 3.1366488933563232422 2.4629106521606445312 0.98841381072998046875 1.4902998208999633789 2.6174094676971435547 2.2495434284210205078 2.6909456253051757812 2.1332108974456787109
3.1282522678375244141 1.0437177419662475586 2.3334105014801025391 3.3469495773315429688 3.6084613800048828125 4.5463743209838867188 4.31224822998046875 3.7891337871551513672 3.0894093513488769531 2.3100991249084472656 1.9123411178588867188 0.99098610877990722656 1.9583514928817749023 1.6572078466415405273 2.5213553905487060547 1.6238880157470703125 1.1208884716033935547 1.1943277120590209961 1.6378488540649414062 2.8010489940643310547 2.0929746627807617188 1.0388669967651367188 1.6129487752914428711 1.4405714273452758789 1.2380228042602539062 2.6557464599609375 1.1777044534683227539 0.99098497629165649414 1.3107131719589233398 1.3685245513916015625 1.1529438495635986328 1.2425158023834228516 3.4565513134002685547 3.6957309246063232422 2.1551287174224853516 2.2098352909088134766 2.3457553386688232422 1.7739937305450439453 2.0701112747192382812 1.3506618738174438477
3.0985348224639892578 2.4700827598571777344 4.3019490242004394531 4.7372035980224609375 4.2975950241088867188 4.5209827423095703125 3.5642099380493164062 1.9819844961166381836 1.4896205663681030273 1.5048309564590454102 0.55569970607757568359 1.4260995388031005859 1.5642049312591552734 2.2050168514251708984 2.2223703861236572266 1.9919118881225585938 0.57362318038940429688 2.5064585208892822266 2.98809814453125 2.403034210205078125 1.1582001447677612305 0.61124020814895629883 0.89659619331359863281 1.2892998456954956055 1.7932796478271484375 2.4812960624694824219 1.6163851022720336914 0.93582987785339355469 0.92765629291534423828 1.5008022785186767578 1.4570089578628540039 0.89319133758544921875 1.8974585533142089844 3.1014831066131591797 3.5513072013854980469 3.1422781944274902344 2.0251612663269042969 1.2149282693862915039 1.6934317350387573242 1.9781566858291625977
3.8102476596832275391 3.8667135238647460938 4.0162210464477539062 3.299190521240234375 2.3336327075958251953 1.9534417390823364258 1.5538004636764526367 0.6120758056640625 1.0519390106201171875 2.1447608470916748047 1.6970294713973999023 1.7955528497695922852 2.1551327705383300781 1.8496658802032470703 2.8188498020172119141 1.4132791757583618164 3.4911894798278808594 1.6477077007293701172 4.0222301483154296875 2.0701196193695068359 3.6809368133544921875 3.1591370105743408203 1.3536435365676879883 0.76959240436553955078 1.3666753768920898438 2.0934395790100097656 2.2649822235107421875 1.7324503660202026367 0.51307463645935058594 1.8145977258682250977 2.3474555015563964844 1.8513011932373046875 1.6739042997360229492 1.594630122184753418 3.5992102622985839844 3.6903886795043945312 2.4888355731964111328 1.0422658920288085938 0.88006269931793212891 2.1353240013122558594
4.0802011489868164062 3.5118377208709716797 2.4575612545013427734 1.9236874580383300781 2.0922498703002929688 2.3534817695617675781 2.0524384975433349609 0.95508629083633422852 1.9617102146148681641 2.8424324989318847656 1.6213909387588500977 1.5755007266998291016 1.5092083215713500977 1.9141898155212402344 1.8902579545974731445 1.5155653953552246094 1.2743020057678222656 2.5678431987762451172 3.2637765407562255859 1.9635112285614013672 0.66439342498779296875 4.56407928466796875 1.9229031801223754883 0.34418496489524841309 0.45559132099151611328 1.6535146236419677734 2.7883648872375488281 2.0774540901184082031 0.61204612255096435547 1.4790574312210083008 3.3284654617309570312 2.4164769649505615234 1.1136558055877685547 1.0822768211364746094 3.6382875442504882812 3.5341908931732177734 2.1768429279327392578 1.5495736598968505859 0.44204786419868469238 1.835390925407409668
