wildfire/work/fuelmodels/1939/slope.asc
ncols        298
nrows        454
xllcorner    195085.000000000000
yllcorner    456935.000000000000
cellsize     5.000000000000
NODATA_value   -999
[rows 180 to 197 of 454, columns 160 to 199 of 298]
3.3031897544860839844 3.1429421901702880859 2.8459956645965576172 2.9906306266784667969 3.2389016151428222656 3.3141622543334960938 3.2907505035400390625 3.0640976428985595703 2.6881191730499267578 2.0033221244812011719 1.394911646842956543 1.2095183134078979492 1.4790689945220947266 1.650155186653137207 1.7501462697982788086 2.18218231201171875 2.5058541297912597656 1.8529590368270874023 1.0403416156768798828 2.8459846973419189453 6.5116658210754394531 6.5212507247924804688 4.5043191909790039062 4.1079416275024414062 5.4241862297058105469 6.07640838623046875 7.0897321701049804688 7.9175081253051757812 6.3832378387451171875 5.4723572731018066406 4.4721822738647460938 2.8082516193389892578 2.1914422512054443359 2.5337514877319335938 1.6501516103744506836 1.3498953580856323242 2.0740323066711425781 3.1443843841552734375 3.1515974998474121094 2.4626765251159667969
2.2524654865264892578 2.3842437267303466797 2.7749485969543457031 2.87691497802734375 2.9772422313690185547 2.8937261104583740234 2.8053820133209228516 2.5411283969879150391 2.1067020893096923828 1.8974822759628295898 1.8198944330215454102 1.7639690637588500977 2.0233919620513916016 2.9921445846557617188 3.7746911048889160156 3.3287756443023681641 2.3171029090881347656 1.0971599817276000977 1.4666996002197265625 4.8762197494506835938 6.0818738937377929688 4.4765782356262207031 3.1533534526824951172 4.9312300682067871094 5.9892435073852539062 5.9822607040405273438 5.688243865966796875 4.4204349517822265625 1.5936975479125976562 0.81310814619064331055 1.0576934814453125 1.0799556970596313477 1.1330200433731079102 0.75900661945343017578 1.2979120016098022461 3.2956748008728027344 4.7927718162536621094 4.3802919387817382812 3.2417299747467041016 1.0519503355026245117
2.5678431987762451172 2.5784554481506347656 2.7716419696807861328 2.7262177467346191406 2.4717276096343994141 2.2934107780456542969 2.1642816066741943359 2.1633524894714355469 2.1794226169586181641 2.2854514122009277344 2.4051263332366943359 2.4331326484680175781 2.87636566162109375 3.2298436164855957031 2.7776691913604736328 2.0091068744659423828 1.2074127197265625 1.7183704376220703125 1.5482753515243530273 5.1551532745361328125 4.9788613319396972656 2.8008682727813720703 3.3546464443206787109 2.9243149757385253906 2.2196478843688964844 2.1877472400665283203 1.8444845676422119141 1.1494266986846923828 0.97137397527694702148 1.3118747472763061523 1.6060304641723632812 1.4064548015594482422 1.1581918001174926758 1.1879614591598510742 2.7456309795379638672 5.086635589599609375 3.8901305198669433594 2.7373125553131103516 2.9473905563354492188 2.3646309375762939453
3.1269679069519042969 2.9327683448791503906 2.7178504467010498047 2.6048097610473632812 2.3571467399597167969 2.1530201435089111328 2.1485457420349121094 2.4497303962707519531 2.7483909130096435547 2.4888486862182617188 2.2210190296173095703 2.5498714447021484375 2.8695228099822998047 2.0701284408569335938 1.7997617721557617188 1.8364927768707275391 1.1494237184524536133 1.2998616695404052734 0.96615672111511230469 4.7731523513793945312 4.1490254402160644531 1.1977264881134033203 0.29335728287696838379 1.0733720064163208008 0.28813949227333068848 0.86558187007904052734 1.3970683813095092773 1.2631127834320068359 0.8130976557731628418 2.0482699871063232422 3.0464165210723876953 3.1153187751770019531 2.3882691860198974609 3.0707061290740966797 5.0735545158386230469 5.9001660346984863281 3.3152418136596679688 4.166500091552734375 4.3591413497924804688 4.1415829658508300781
2.5915851593017578125 2.5674726963043212891 2.5229640007019042969 2.1530160903930664062 2.2535731792449951172 2.4227399826049804688 2.4087009429931640625 2.4969449043273925781 2.8354690074920654297 3.2201230525970458984 2.8258490562438964844 2.1635744571685791016 1.8551502227783203125 1.7406058311462402344 2.2907440662384033203 2.2622971534729003906 1.9218411445617675781 2.7623207569122314453 4.7128458023071289062 6.3080110549926757812 4.6282949447631835938 2.6905698776245117188 1.744084477424621582 0.46329820156097412109 3.7795214653015136719 6.1953845024108886719 6.7213182449340820312 5.8973455429077148438 4.9574360847473144531 4.1108851432800292969 1.5538176298141479492 2.0571355819702148438 4.287128448486328125 6.5051159858703613281 8.122814178466796875 6.5403280258178710938 3.5557308197021484375 3.5346350669860839844 4.3728961944580078125 6.2031650543212890625
2.7549977302551269531 2.6218369007110595703 2.7970819473266601562 2.5853204727172851562 2.32253265380859375 2.2452502250671386719 2.1914350986480712891 2.6032490730285644531 2.8429639339447021484 3.0728321075439453125 3.2287542819976806641 2.2362368106842041016 1.6910643577575683594 1.8023085594177246094 2.5769033432006835938 3.9976775646209716797 5.4182224273681640625 6.89147186279296875 7.189235687255859375 5.6390709877014160156 1.8534896373748779297 2.8637070655822753906 6.7045073509216308594 9.279327392578125 10.118982315063476562 9.0013685226440429688 7.5137801170349121094 6.795684814453125 6.9071307182312011719 7.3055849075317382812 4.4171314239501953125 2.5155203342437744141 4.9601593017578125 6.9089269638061523438 7.0061631202697753906 3.3334817886352539062 7.1320948600769042969 6.6970529556274414062 5.628971099853515625 7.410526275634765625
3.066253662109375 2.889007568359375 2.8372678756713867188 3.0007653236389160156 2.766719818115234375 2.5042335987091064453 2.8267307281494140625 2.9906375408172607422 2.3103303909301757812 1.6363059282302856445 2.2461473941802978516 2.7180399894714355469 2.7894558906555175781 3.2863008975982666016 4.3252201080322265625 5.4293856620788574219 5.8218412399291992188 4.5481324195861816406 1.4229128360748291016 3.942352294921875 7.7317061424255371094 9.5835199356079101562 9.7064390182495117188 8.51297760009765625 5.903926849365234375 3.3983373641967773438 2.7068545818328857422 3.3312087059020996094 4.8336215019226074219 6.2141060829162597656 5.9179768562316894531 4.9450283050537109375 5.6422886848449707031 6.44220733642578125 3.1326227188110351562 7.5394287109375 10.27222442626953125 3.9577124118804931641 3.5076658725738525391 6.7060594558715820312
1.6886519193649291992 2.4760172367095947266 2.565685272216796875 2.5401296615600585938 2.9977352619171142578 3.0617959499359130859 3.2815418243408203125 3.0813753604888916016 2.7461748123168945312 2.0423324108123779297 2.0053236484527587891 2.81238555908203125 3.5154004096984863281 3.8687739372253417969 3.4094583988189697266 1.7785432338714599609 0.96772146224975585938 3.5954129695892333984 7.0110406875610351562 8.6026668548583984375 7.8622546195983886719 5.9347772598266601562 3.5949831008911132812 1.0576931238174438477 0.8960354924201965332 1.3566359281539916992 2.5837602615356445312 5.2753582000732421875 6.5950565338134765625 5.058025360107421875 5.7469043731689453125 6.9245710372924804688 6.0023293495178222656 4.6111478805541992188 2.3013181686401367188 10.1629486083984375 8.7609882354736328125 1.3260854482650756836 2.8317601680755615234 6.3815679550170898438
1.12494659423828125 1.565167546272277832 2.3945991992950439453 2.5607526302337646484 2.7885727882385253906 2.8628213405609130859 2.3748846054077148438 1.7648410797119140625 2.3463730812072753906 2.7740263938903808594 2.7711095809936523438 2.3950276374816894531 1.8334723711013793945 0.77485573291778564453 1.4967379570007324219 3.2188718318939208984 4.5391340255737304688 5.4655270576477050781 5.6254825592041015625 4.0123128890991210938 2.1114978790283203125 1.7918744087219238281 2.0718388557434082031 1.7324417829513549805 2.0725753307342529297 3.0364325046539306641 5.5406856536865234375 7.7226147651672363281 6.3818950653076171875 4.4604239463806152344 6.5099043846130371094 6.4120836257934570312 3.9436311721801757812 3.8901445865631103516 2.9506351947784423828 7.9227733612060546875 8.2514810562133789062 3.0985660552978515625 4.6168375015258789062 7.0927019119262695312
1.3049079179763793945 1.2223937511444091797 1.7955362796783447266 2.2625362873077392578 2.2641150951385498047 1.6720923185348510742 1.1285305023193359375 0.94228452444076538086 1.2667165994644165039 1.7510133981704711914 1.3945270776748657227 0.7961108088493347168 0.80559206008911132812 2.1018931865692138672 2.8021197319030761719 2.7505805492401123047 2.7527954578399658203 2.8344159126281738281 2.9415595531463623047 3.0541882514953613281 3.1806435585021972656 3.2872302532196044922 3.5983552932739257812 3.8356180191040039062 5.1328043937683105469 6.4946742057800292969 7.1697297096252441406 6.1082696914672851562 2.8656327724456787109 2.4813120365142822266 4.8552923202514648438 4.110897064208984375 4.0247473716735839844 3.8227064609527587891 3.3569028377532958984 5.5711598396301269531 7.7059984207153320312 6.3112134933471679688 6.1011147499084472656 6.0331873893737792969
2.3646271228790283203 2.7008700370788574219 2.2549114227294921875 1.2178189754486083984 1.063426971435546875 1.0504934787750244141 0.57362383604049682617 0.71505254507064819336 0.75900661945343017578 0.92492496967315673828 0.56294268369674682617 0.79737806320190429688 1.4649610519409179688 1.8496710062026977539 1.8257162570953369141 2.1654222011566162109 2.7358472347259521484 3.1170923709869384766 3.0537040233612060547 2.6404836177825927734 2.1374361515045166016 1.9099619388580322266 3.4289820194244384766 5.9315595626831054688 6.9169993400573730469 5.916778564453125 4.0803055763244628906 2.5104875564575195312 1.3696255683898925781 2.2750153541564941406 2.7623376846313476562 3.2431325912475585938 5.4833922386169433594 6.4776177406311035156 7.6715636253356933594 8.056514739990234375 8.2548732757568359375 8.2962503433227539062 5.6401538848876953125 1.6745039224624633789
1.9091572761535644531 0.74008315801620483398 2.0472700595855712891 1.9089043140411376953 1.0576982498168945312 0.75900000333786010742 0.60789990425109863281 1.413262486457824707 2.0033049583435058594 2.5169277191162109375 2.3205847740173339844 2.3678328990936279297 2.7402670383453369141 2.259624481201171875 2.2836759090423583984 2.5774788856506347656 2.7130246162414550781 2.9609103202819824219 3.0498878955841064453 2.6841750144958496094 2.2593953609466552734 2.6404786109924316406 5.0036015510559082031 5.6689076423645019531 3.8938965797424316406 1.9931700229644775391 1.4759734869003295898 2.2289774417877197266 3.4048721790313720703 3.5706052780151367188 1.1405905485153198242 2.3962907791137695312 4.4067111015319824219 6.2764582633972167969 6.7609200477600097656 6.8528151512145996094 6.8671560287475585938 6.1030144691467285156 1.7510354518890380859 6.7953891754150390625
1.1811249256134033203 1.8234937191009521484 1.5324944257736206055 1.4759870767593383789 2.8587601184844970703 3.2784607410430908203 3.0404200553894042969 2.8530869483947753906 2.7025620937347412109 2.9828515052795410156 3.1269769668579101562 3.3178448677062988281 3.8635575771331787109 2.0798687934875488281 2.4969618320465087891 3.7976448535919189453 4.1644463539123535156 3.8609490394592285156 3.6902616024017333984 3.3912074565887451172 4.4941263198852539062 5.716766357421875 5.3580026626586914062 2.4227335453033447266 1.2671312093734741211 2.3033041954040527344 3.3146290779113769531 4.4279398918151855469 5.1887617111206054688 3.6010386943817138672 3.7086980342864990234 3.3977491855621337891 2.0383412837982177734 2.1793990135192871094 3.3371326923370361328 3.1172544956207275391 2.1551120281219482422 3.2111792564392089844 5.4190616607666015625 10.705484390258789062
0.32759803533554077148 1.2281703948974609375 3.2588255405426025391 4.3308186531066894531 4.7444429397583007812 4.7121224403381347656 3.7586247920989990234 2.2949445247650146484 1.3872483968734741211 1.5908260345458984375 1.6012846231460571289 1.8455702066421508789 3.5303275585174560547 3.3611261844635009766 4.0832996368408203125 4.7759079933166503906 5.5798311233520507812 4.6760087013244628906 4.3336076736450195312 5.4611959457397460938 6.0236763954162597656 4.5795373916625976562 1.9817261695861816406 1.2873353958129882812 3.8102710247039794922 5.5714287757873535156 6.0922822952270507812 6.6915812492370605469 6.4595851898193359375 4.803173065185546875 6.124164581298828125 5.4123654365539550781 3.339694976806640625 1.9779039621353149414 2.1124684810638427734 1.4831708669662475586 3.0168833732604980469 4.1665005683898925781 10.868869781494140625 13.105015754699707031
2.8883047103881835938 5.0388469696044921875 5.4920353889465332031 4.7513513565063476562 3.8151674270629882812 3.0419201850891113281 2.8763902187347412109 2.1530122756958007812 1.8198846578598022461 2.5197408199310302734 3.0364272594451904297 3.4618370532989501953 4.2102727890014648438 4.8803625106811523438 4.9523530006408691406 4.5431427955627441406 6.0174145698547363281 4.4833331108093261719 6.735874176025390625 7.7221593856811523438 5.9045147895812988281 4.496250152587890625 4.7218422889709472656 5.4604640007019042969 5.4743862152099609375 5.6426486968994140625 6.8495073318481445312 7.8890600204467773438 6.9679322242736816406 6.273876190185546875 7.5248456001281738281 7.7640447616577148438 6.2296199798583984375 3.9145848751068115234 3.0700347423553466797 2.7616014480590820312 2.4569432735443115234 4.9395184516906738281 13.928659439086914062 11.444033622741699219
5.4608373641967773438 5.61115264892578125 3.3786630630493164062 2.5696244239807128906 3.3275775909423828125 4.1396450996398925781 4.5931706428527832031 4.8207807540893554688 4.5187511444091796875 4.7750530242919921875 4.8552923202514648438 4.9647679328918457031 4.38271331787109375 3.5507361888885498047 4.0825333595275878906 4.6728672981262207031 7.6690115928649902344 6.9801044464111328125 6.8940196037292480469 6.2764563560485839844 7.0164132118225097656 7.2214822769165039062 6.9623723030090332031 5.0341362953186035156 2.0489978790283203125 4.6229500770568847656 7.1992850303649902344 8.9962644577026367188 7.9444308280944824219 7.07158660888671875 7.6049289703369140625 7.8495626449584960938 6.2387518882751464844 4.4041876792907714844 3.4320662021636962891 2.1635477542877197266 2.2542393207550048828 7.2714948654174804688 12.278594970703125 6.5807728767395019531
4.1668720245361328125 3.7022929191589355469 3.3393857479095458984 3.7082796096801757812 3.5108077526092529297 4.7495265007019042969 6.1673951148986816406 7.2154574394226074219 8.386966705322265625 8.0335912704467773438 5.8803424835205078125 4.1336483955383300781 3.4044148921966552734 4.4450054168701171875 5.59856414794921875 4.77622222900390625 6.2378678321838378906 5.5817251205444335938 6.2167954444885253906 6.340240478515625 7.1159677505493164062 7.300701141357421875 5.2300844192504882812 3.7133283615112304688 0.85615098476409912109 4.8653521537780761719 10.547486305236816406 8.1827478408813476562 5.5679888725280761719 4.5790982246398925781 5.8975286483764648438 7.8094310760498046875 5.9619388580322265625 4.0495228767395019531 2.1317839622497558594 2.1642603874206542969 2.0987570285797119141 7.6349315643310546875 8.8024959564208984375 6.0889744758605957031
4.7752804756164550781 4.6219739913940429688 4.7803440093994140625 6.1774921417236328125 6.3569340705871582031 7.1934199333190917969 7.9488439559936523438 8.3935909271240234375 9.54143524169921875 8.8990459442138671875 7.3722372055053710938 5.6264624595642089844 5.1246404647827148438 5.5515809059143066406 5.2173442840576171875 4.2565102577209472656 5.5966615676879882812 7.9869894981384277344 12.376111030578613281 11.380727767944335938 6.3373022079467773438 2.7822110652923583984 5.5427770614624023438 4.0801868438720703125 0.91114908456802368164 4.4739818572998046875 13.816022872924804688 7.5757999420166015625 4.5908656120300292969 4.3166913986206054688 6.0951738357543945312 6.7258200645446777344 5.8830685615539550781 3.7121007442474365234 1.7394450902938842773 2.0679190158843994141 4.657745361328125 7.648006439208984375 6.4023442268371582031 4.9922008514404296875
