wildfire/work/fuelmodels/2004/aspect.asc
ncols        256
nrows        180
xllcorner    182095.000000000000
yllcorner    464795.000000000000
cellsize     5.000000000000
NODATA_value   -999
[rows 38 to 56 of 180, columns 126 to 167 of 256]
90.99321746826171875 29.592250823974609375 9.46233367919921875 64.15554046630859375 146.7548675537109375 157.8819580078125 195.8471832275390625 252.248809814453125 264.935791015625 104.28064727783203125 110.590362548828125 124.25583648681640625 140.1940155029296875 249.5304107666015625 216.415771484375 125.700469970703125 126.15802764892578125 100.49114227294921875 59.036266326904296875 26.56455230712890625 314.999267578125 264.197723388671875 248.7717132568359375 138.467315673828125 258.325897216796875 269.094818115234375 267.315704345703125 94.05326080322265625 12.171124458312988281 314.999267578125 4.5142226219177246094 0.30645591020584106445 348.55816650390625 356.05352783203125 273.813323974609375 238.989593505859375 210.794464111328125 187.5471038818359375 162.4176177978515625 141.7273712158203125 117.78382110595703125 320.71002197265625
205.879638671875 348.689239501953125 27.511875152587890625 79.26718902587890625 100.17529296875 126.8696441650390625 236.7022552490234375 240.0537567138671875 199.555877685546875 146.428802490234375 124.0071868896484375 123.1514129638671875 142.25286865234375 223.2638092041015625 193.1823577880859375 153.1522369384765625 350.46893310546875 29.475841522216796875 47.815692901611328125 0 348.6895751953125 243.4342803955078125 221.5757293701171875 226.974456787109375 291.2322998046875 275.9287109375 212.5598297119140625 98.13006591796875 324.1727294921875 336.80059814453125 5.7626504898071289062 358.7119140625 4.7941102981567382812 21.528795242309570312 314.224884033203125 260.3941650390625 205.4510650634765625 180.2094268798828125 161.750457763671875 131.186187744140625 329.035369873046875 303.46478271484375
206.2254486083984375 188.4568328857421875 182.0450286865234375 119.39581298828125 100.2799224853515625 100.2566375732421875 239.98089599609375 216.9904022216796875 190.007598876953125 164.5636444091796875 95.10224151611328125 48.366352081298828125 73.03360748291015625 181.331695556640625 247.5735626220703125 302.365936279296875 342.036468505859375 60.718517303466796875 81.19310760498046875 294.7744140625 350.216949462890625 322.124053955078125 293.71270751953125 290.224151611328125 280.83953857421875 255.8939971923828125 190.0685882568359375 294.325042724609375 314.82025146484375 348.35321044921875 34.203388214111328125 40.9143524169921875 91.33179473876953125 96.9111175537109375 288.102874755859375 326.97491455078125 17.850152969360351562 356.98687744140625 321.008453369140625 323.8797607421875 351.468170166015625 267.878631591796875
203.000762939453125 205.906097412109375 197.4176177978515625 133.185394287109375 112.60511016845703125 66.8011322021484375 323.857452392578125 329.87481689453125 1.948054194450378418 2.8161654472351074219 310.29144287109375 49.368045806884765625 72.92881011962890625 46.847896575927734375 273.596038818359375 250.4758148193359375 181.1339111328125 128.5953521728515625 103.20053863525390625 324.8330078125 341.56427001953125 332.631011962890625 347.71429443359375 6.676544189453125 294.226898193359375 240.3612213134765625 293.98968505859375 310.222900390625 316.570587158203125 1.2570630311965942383 65.81035614013671875 89.99979400634765625 146.929107666015625 152.19775390625 258.365814208984375 233.470489501953125 133.698455810546875 209.3565216064453125 256.328033447265625 201.5706024169921875 156.2090606689453125 183.3662109375
258.68939208984375 286.433380126953125 1.3966839313507080078 91.1057281494140625 55.712924957275390625 359.291839599609375 324.59625244140625 330.8736572265625 9.48143768310546875 37.224521636962890625 177.1371002197265625 147.937957763671875 42.825038909912109375 6.6240925788879394531 351.595794677734375 249.30413818359375 173.5297088623046875 97.04537200927734375 328.88385009765625 330.08001708984375 335.287017822265625 315.507415771484375 352.009857177734375 44.242130279541015625 49.013965606689453125 279.10675048828125 286.77056884765625 294.611328125 298.190582275390625 114.69124603271484375 109.543975830078125 103.2544403076171875 342.78955078125 356.78973388671875 353.417327880859375 177.3567962646484375 163.20147705078125 213.8704071044921875 208.7052154541015625 159.51922607421875 164.8825836181640625 180.2765350341796875
295.652618408203125 297.846893310546875 43.363170623779296875 75.19586181640625 350.639312744140625 348.11053466796875 300.2939453125 301.568267822265625 30.36403656005859375 64.55345916748046875 62.29524993896484375 316.56121826171875 334.62322998046875 5.1732091903686523438 22.061443328857421875 12.72429656982421875 359.431884765625 354.761749267578125 330.303436279296875 337.925994873046875 344.98583984375 309.206451416015625 4.297412872314453125 79.75077056884765625 72.12104034423828125 294.64605712890625 276.131622314453125 258.4334716796875 192.22821044921875 141.1407928466796875 128.40673828125 346.482635498046875 336.606109619140625 4.4824976921081542969 32.87767791748046875 45.4063262939453125 87.5800628662109375 216.32666015625 168.8629302978515625 145.2035064697265625 170.5942840576171875 179.9998931884765625
291.017303466796875 303.77691650390625 56.68912506103515625 88.98285675048828125 177.3967132568359375 229.4551849365234375 271.79443359375 256.540771484375 139.64306640625 118.07218170166015625 70.36432647705078125 312.37957763671875 291.249786376953125 1.7899490594863891602 41.616924285888671875 21.416410446166992188 7.4849715232849121094 333.4342041015625 325.244964599609375 342.18865966796875 354.679351806640625 248.35479736328125 153.7819366455078125 123.78610992431640625 110.19705963134765625 273.502716064453125 254.7441253662109375 207.73095703125 177.589813232421875 158.603759765625 256.078155517578125 298.91314697265625 296.377685546875 69.34110260009765625 78.03479766845703125 61.762447357177734375 76.963897705078125 156.317535400390625 161.5645294189453125 151.1568756103515625 196.6986236572265625 177.2742156982421875
298.419189453125 292.948333740234375 96.64829254150390625 102.39366912841796875 154.6983642578125 238.9313201904296875 255.0980377197265625 184.068115234375 145.076568603515625 169.132293701171875 166.15142822265625 213.110992431640625 218.790924072265625 200.286285400390625 282.87408447265625 357.272857666015625 20.640977859497070312 316.8468017578125 271.10821533203125 160.2236175537109375 156.1490325927734375 165.613037109375 162.21954345703125 155.1151275634765625 160.7867889404296875 224.13140869140625 198.2205810546875 179.277435302734375 185.8362884521484375 214.943206787109375 254.9451751708984375 238.292724609375 204.2272796630859375 158.7993316650390625 142.406402587890625 123.6898345947265625 114.8244171142578125 138.2937164306640625 159.491485595703125 180.602569580078125 210.2557830810546875 179.1186676025390625
255.0006866455078125 177.838623046875 142.0873565673828125 132.2733306884765625 158.5521087646484375 232.782958984375 236.7201690673828125 183.2569580078125 68.0085601806640625 56.689098358154296875 149.1716766357421875 205.2966766357421875 218.6241455078125 253.587249755859375 290.683441162109375 338.926483154296875 65.683746337890625 139.288665771484375 194.43695068359375 164.2485198974609375 149.5839691162109375 156.139434814453125 166.2281036376953125 181.396881103515625 210.0680694580078125 194.1833648681640625 168.38800048828125 175.2717437744140625 223.36297607421875 249.503631591796875 251.2378082275390625 256.710784912109375 162.8010101318359375 141.8331298828125 165.168975830078125 155.6439971923828125 143.4610595703125 147.64208984375 167.0051422119140625 204.0746612548828125 203.6288299560546875 186.0086822509765625
200.061187744140625 154.572784423828125 143.5025177001953125 159.056976318359375 187.5391082763671875 221.93292236328125 237.15435791015625 252.0499725341796875 13.069075584411621094 69.19312286376953125 83.12993621826171875 282.993988037109375 288.019256591796875 283.032745361328125 276.76556396484375 159.77496337890625 122.73493194580078125 114.6464080810546875 122.2747955322265625 102.46485137939453125 84.255828857421875 71.56488037109375 356.1856689453125 289.652008056640625 277.123870849609375 28.30570220947265625 68.8062286376953125 311.42218017578125 260.536865234375 253.77197265625 250.3235015869140625 234.410308837890625 143.9600067138671875 139.459442138671875 164.303558349609375 163.767059326171875 173.0991363525390625 170.311798095703125 161.565216064453125 193.7353973388671875 191.309173583984375 199.7984466552734375
230.0797119140625 102.23921966552734375 104.03595733642578125 162.439453125 231.7092742919921875 274.58984375 278.722808837890625 228.62103271484375 183.1217041015625 133.5969085693359375 355.4853515625 330.275665283203125 338.961639404296875 284.348663330078125 264.04229736328125 131.3667755126953125 135.2818756103515625 177.18377685546875 334.0928955078125 10.905064582824707031 35.045307159423828125 44.3218536376953125 7.524017333984375 334.50146484375 341.564178466796875 24.887647628784179688 36.084407806396484375 2.2901856899261474609 294.775787353515625 244.5917816162109375 229.34271240234375 195.045928955078125 148.40020751953125 134.5058441162109375 140.47760009765625 165.0671539306640625 238.0912628173828125 200.432525634765625 172.694000244140625 154.35882568359375 185.062896728515625 204.325347900390625
337.542083740234375 85.2153167724609375 98.1298980712890625 268.362457275390625 307.77496337890625 314.999298095703125 320.124114990234375 355.9990234375 11.485527992248535156 9.272430419921875 329.844696044921875 341.5643310546875 11.976134300231933594 296.0560302734375 294.443359375 92.64853668212890625 108.7678070068359375 244.074493408203125 278.685760498046875 353.58843994140625 54.276988983154296875 65.11942291259765625 353.319244384765625 324.832855224609375 3.715221405029296875 50.300811767578125 32.4704742431640625 25.252838134765625 29.055362701416015625 222.33642578125 219.617889404296875 199.65338134765625 112.20322418212890625 50.253787994384765625 40.731716156005859375 67.3812103271484375 189.4611358642578125 196.0484161376953125 227.9351806640625 69.44371795654296875 44.999897003173828125 244.1788787841796875
38.4802398681640625 94.1559295654296875 87.67201995849609375 309.8048095703125 316.100921630859375 330.523284912109375 304.318939208984375 337.01055908203125 1.5363323688507080078 356.835174560546875 340.421295166015625 355.971099853515625 20.162624359130859375 323.413787841796875 333.08233642578125 74.3416748046875 78.01247406005859375 267.136749267578125 263.195159912109375 217.234588623046875 104.70566558837890625 91.44730377197265625 313.9576416015625 318.75799560546875 68.7282257080078125 101.13623046875 109.65525054931640625 70.4637908935546875 52.43181610107421875 358.602203369140625 310.27911376953125 322.304901123046875 1.5693111419677734375 31.18981170654296875 49.085330963134765625 37.9835968017578125 30.068662643432617188 66.79936981201171875 243.7585296630859375 286.1884765625 359.324981689453125 20.376623153686523438
78.69019317626953125 74.0545196533203125 23.45056915283203125 321.39593505859375 297.506927490234375 298.1400146484375 250.1242523193359375 250.9057769775390625 280.5198974609375 335.554840087890625 351.8690185546875 21.615293502807617188 11.469476699829101562 357.315155029296875 11.0037994384765625 83.157135009765625 85.76343536376953125 280.00726318359375 251.96978759765625 172.904937744140625 136.6098785400390625 132.2405242919921875 297.767303466796875 330.591949462890625 50.170948028564453125 60.94527435302734375 13.735482215881347656 28.008880615234375 23.198751449584960938 325.19097900390625 314.999359130859375 322.095855712890625 9.8334150314331054688 34.46724700927734375 36.9054718017578125 32.228710174560546875 37.7938385009765625 59.930957794189453125 273.366119384765625 283.133331298828125 329.930419921875 56.8887786865234375
45.987483978271484375 58.88080596923828125 336.68145751953125 343.919342041015625 352.724273681640625 177.43621826171875 210.6058349609375 237.2642059326171875 227.702423095703125 217.3784942626953125 207.823516845703125 125.21674346923828125 167.0052337646484375 134.9996795654296875 30.256761550903320312 85.72031402587890625 84.2892303466796875 280.49066162109375 198.6575469970703125 163.487640380859375 140.7777099609375 247.972137451171875 282.94921875 314.999114990234375 61.017726898193359375 61.725086212158203125 28.072168350219726562 28.855398178100585938 355.970947265625 308.240203857421875 292.815399169921875 281.914764404296875 131.3666534423828125 81.87003326416015625 67.76194000244140625 83.71294403076171875 113.6537017822265625 113.6816558837890625 306.253265380859375 297.167449951171875 330.944427490234375 76.25083160400390625
37.94756317138671875 77.36962890625 257.1949462890625 281.12060546875 53.745880126953125 78.91712188720703125 176.1851959228515625 228.62420654296875 220.600799560546875 220.3771514892578125 223.408447265625 184.085296630859375 179.9995880126953125 307.404541015625 336.03729248046875 82.91857147216796875 87.92472076416015625 145.56072998046875 147.8985443115234375 179.9995880126953125 127.77539825439453125 256.227813720703125 261.756866455078125 251.113311767578125 86.69795989990234375 76.64449310302734375 70.346099853515625 73.6111297607421875 298.29962158203125 275.792083740234375 249.9734649658203125 187.906768798828125 159.7747802734375 177.8134918212890625 128.3861846923828125 123.848876953125 128.5167083740234375 187.430816650390625 286.857879638671875 286.1513671875 213.6954498291015625 89.99954986572265625
83.09960174560546875 102.9756927490234375 199.884674072265625 221.83221435546875 156.0030517578125 116.94766998291015625 151.8081207275390625 213.1108551025390625 222.531402587890625 224.34844970703125 222.5525665283203125 221.4232330322265625 271.684112548828125 332.019439697265625 31.607805252075195312 94.86069488525390625 102.3077392578125 134.5140380859375 133.806396484375 221.9327392578125 137.29034423828125 238.8070068359375 248.1240997314453125 240.94482421875 97.97979736328125 76.77194976806640625 61.41713714599609375 55.304962158203125 235.123870849609375 216.0980224609375 228.2014007568359375 192.723602294921875 172.9538421630859375 153.198944091796875 117.91437530517578125 134.6203155517578125 182.7269744873046875 314.999267578125 301.05615234375 304.027130126953125 58.240203857421875 82.2163238525390625
133.0247344970703125 124.2827301025390625 189.4242706298828125 224.9994659423828125 190.75054931640625 136.468505859375 142.988800048828125 199.47601318359375 218.562591552734375 223.8582916259765625 225.6631622314453125 232.408905029296875 246.948211669921875 273.8138427734375 89.3093719482421875 90.85486602783203125 86.5952911376953125 85.42577362060546875 86.7593994140625 208.3006591796875 151.6988372802734375 237.69903564453125 247.288665771484375 230.710113525390625 175.3328399658203125 118.81046295166015625 90.44368743896484375 92.4055328369140625 153.924407958984375 201.2502899169921875 219.9421234130859375 190.933380126953125 182.1434478759765625 157.086761474609375 114.44366455078125 91.4686279296875 296.257781982421875 302.9620361328125 312.57977294921875 337.683685302734375 14.703424453735351562 28.406932830810546875
154.694061279296875 143.3768463134765625 209.9131011962890625 226.636016845703125 215.035675048828125 141.674285888671875 127.34210205078125 184.51336669921875 210.8785247802734375 229.2266845703125 237.3744659423828125 245.448883056640625 245.5886383056640625 219.587615966796875 132.2405242919921875 91.93045806884765625 83.948150634765625 79.60553741455078125 17.818948745727539062 35.362743377685546875 73.88720703125 277.81439208984375 261.157623291015625 211.759033203125 192.6991424560546875 161.564727783203125 153.4344635009765625 147.2836151123046875 159.2611846923828125 183.4826202392578125 192.449676513671875 183.8934173583984375 181.122894287109375 165.291259765625 100.30440521240234375 7.3521947860717773438 334.43914794921875 291.688201904296875 285.1055908203125 317.76959228515625 24.560802459716796875 40.2096099853515625
