wildfire/work/fuelmodels/2004/aspect.asc
ncols        256
nrows        180
xllcorner    182095.000000000000
yllcorner    464795.000000000000
cellsize     5.000000000000
NODATA_value   -999
[rows 133 to 151 of 180, columns 126 to 167 of 256]
153.91070556640625 140.3707275390625 147.395172119140625 178.7539520263671875 207.552154541015625 267.7091064453125 52.594615936279296875 26.22170257568359375 330.75018310546875 317.980682373046875 324.46160888671875 11.976757049560546875 246.7989349365234375 207.8985595703125 97.5946044921875 70.20169830322265625 351.87139892578125 340.2010498046875 307.233489990234375 253.885894775390625 242.524810791015625 260.1328125 272.6009521484375 280.97943115234375 273.1209716796875 214.3805084228515625 260.217041015625 296.565093994140625 358.362884521484375 12.529035568237304688 134.9996795654296875 215.5375213623046875 203.901611328125 172.5999603271484375 143.7459564208984375 326.081756591796875 338.7197265625 2.174648284912109375 313.023956298828125 229.20477294921875 199.397003173828125 177.509490966796875
140.855865478515625 133.5494384765625 133.6360015869140625 213.6887359619140625 241.556640625 228.1793975830078125 233.1317291259765625 339.30389404296875 318.365997314453125 274.5733642578125 224.9994659423828125 138.9441375732421875 157.1092681884765625 189.605438232421875 149.0361175537109375 23.197782516479492188 354.2906494140625 324.46234130859375 105.2528533935546875 207.89630126953125 250.1440887451171875 262.405242919921875 276.340057373046875 269.9990234375 244.7980499267578125 240.94482421875 245.5545654296875 250.9055328369140625 293.198211669921875 21.801076889038085938 41.728702545166015625 25.346315383911132812 269.998779296875 277.814208984375 297.43896484375 307.25146484375 335.907196044921875 73.1556396484375 112.379486083984375 230.439422607421875 226.39642333984375 210.3791656494140625
106.1891021728515625 98.56951141357421875 116.56914520263671875 310.234649658203125 310.235565185546875 286.82098388671875 301.674774169921875 314.999267578125 323.130096435546875 155.5544891357421875 196.25958251953125 161.56427001953125 150.0681610107421875 184.0280914306640625 226.2181396484375 262.873016357421875 336.8018798828125 324.726470947265625 51.34001922607421875 356.187225341796875 273.288787841796875 274.537353515625 253.072235107421875 242.102203369140625 254.7446136474609375 267.708282470703125 200.55438232421875 258.97589111328125 268.99444580078125 122.47064971923828125 138.576690673828125 29.05515289306640625 314.999267578125 277.814208984375 246.9376678466796875 227.801910400390625 175.8400421142578125 151.9424285888671875 176.9219512939453125 228.0117645263671875 226.3969573974609375 205.5596466064453125
140.9059295654296875 128.1568145751953125 280.619110107421875 311.422637939453125 347.9044189453125 320.313446044921875 297.12030029296875 268.362457275390625 288.432098388671875 45.00104522705078125 53.13019561767578125 108.43430328369140625 121.3721923828125 174.471466064453125 229.084808349609375 217.029541015625 217.6462860107421875 235.304473876953125 104.6206512451171875 111.03680419921875 247.833221435546875 240.349853515625 215.83721923828125 242.70025634765625 259.019317626953125 279.162322998046875 348.6895751953125 288.003570556640625 280.00689697265625 90.00018310546875 185.191131591796875 281.308929443359375 324.0897216796875 261.870147705078125 197.487518310546875 199.7719879150390625 172.9164581298828125 176.4964141845703125 239.857818603515625 243.433990478515625 220.9138031005859375 207.120513916015625
131.2684478759765625 139.23541259765625 244.29046630859375 244.8849029541015625 246.800628662109375 274.085052490234375 267.50933837890625 271.734161376953125 284.034515380859375 64.983917236328125 77.905487060546875 80.75357818603515625 76.6068572998046875 68.96390533447265625 207.348358154296875 222.95440673828125 212.09234619140625 193.860809326171875 170.0736541748046875 155.5555267333984375 244.5021209716796875 257.195404052734375 296.074920654296875 297.071868896484375 254.898406982421875 246.8008270263671875 248.198577880859375 238.670806884765625 229.7627716064453125 111.2508544921875 44.999897003173828125 287.878326416015625 329.03570556640625 68.7498626708984375 97.43183135986328125 269.999359130859375 331.697479248046875 302.24151611328125 311.308013916015625 343.810333251953125 5.3892683982849121094 359.997344970703125
54.46219635009765625 59.620426177978515625 237.803466796875 241.0900115966796875 251.5646820068359375 295.7689208984375 335.805999755859375 356.1856689453125 209.0537109375 160.0167694091796875 109.9831695556640625 92.72673797607421875 72.7586517333984375 25.711353302001953125 40.02918243408203125 275.711639404296875 254.476348876953125 153.4338531494140625 175.81536865234375 212.7348785400390625 273.91754150390625 283.068359375 295.345001220703125 6.3404436111450195312 214.113250732421875 219.192626953125 200.9241790771484375 214.69439697265625 221.495635986328125 182.2906646728515625 207.89654541015625 264.03460693359375 258.68878173828125 68.9631500244140625 53.746288299560546875 299.05279541015625 311.184417724609375 291.369781494140625 303.947784423828125 352.09228515625 27.323772430419921875 42.796817779541015625
81.15811920166015625 20.853738784790039062 0 306.4683837890625 279.582366943359375 269.999359130859375 241.5036163330078125 128.6589813232421875 143.7462005615234375 185.193878173828125 151.9262542724609375 104.03568267822265625 357.272247314453125 6.546634674072265625 25.426710128784179688 350.30975341796875 284.7412109375 116.56508636474609375 154.6546630859375 267.877838134765625 280.8131103515625 261.500762939453125 225.9233551025390625 161.9957122802734375 177.136871337890625 219.4718475341796875 230.1939697265625 261.60638427734375 261.2537841796875 212.9051666259765625 209.357330322265625 240.6416168212890625 274.027252197265625 354.143585205078125 6.4345993995666503906 12.994218826293945312 10.619217872619628906 269.574859619140625 264.093231201171875 284.885833740234375 48.447216033935546875 60.94518280029296875
358.995025634765625 355.029327392578125 9.688510894775390625 340.6756591796875 315.894287109375 304.69415283203125 253.3005523681640625 89.99822998046875 32.193813323974609375 5.9065384864807128906 57.527515411376953125 312.27349853515625 322.124664306640625 4.6861691474914550781 29.219463348388671875 38.290485382080078125 38.660785675048828125 83.65908050537109375 340.3455810546875 301.758453369140625 278.80584716796875 251.564453125 223.3631591796875 156.8007354736328125 272.725250244140625 297.09466552734375 314.168792724609375 313.976409912109375 3.0133843421936035156 155.5544891357421875 188.746795654296875 253.368682861328125 274.7275390625 312.6380615234375 356.331298828125 40.601016998291015625 26.564989089965820312 294.273895263671875 258.68975830078125 239.8582305908203125 132.8781280517578125 97.47113800048828125
328.671295166015625 26.565425872802734375 7.4301714897155761719 322.12396240234375 324.461639404296875 339.177978515625 6.1465702056884765625 19.440191268920898438 345.577301025390625 354.9569091796875 6.709758758544921875 352.873992919921875 335.375885009765625 2.4900419712066650391 52.35230255126953125 53.972118377685546875 38.659183502197265625 33.2318878173828125 316.547760009765625 305.537078857421875 241.9266510009765625 243.4343719482421875 280.30438232421875 348.690093994140625 317.352783203125 314.08984375 338.4471435546875 349.379669189453125 60.94545745849609375 79.9911041259765625 320.708770751953125 276.33941650390625 262.534271240234375 244.15533447265625 186.4692230224609375 116.56488037109375 358.362548828125 331.9901123046875 305.13323974609375 221.1851806640625 189.46209716796875 82.87432861328125
200.2238616943359375 168.6896820068359375 270.00006103515625 284.300048828125 292.166412353515625 312.613739013671875 31.292659759521484375 48.270427703857421875 311.985809326171875 304.87396240234375 344.2479248046875 4.3988237380981445312 16.260236740112304688 48.013336181640625 75.9644317626953125 47.0449676513671875 24.075855255126953125 10.561532020568847656 326.724029541015625 336.800811767578125 357.70849609375 326.88751220703125 321.339447021484375 357.59356689453125 317.67462158203125 308.432830810546875 21.92946624755859375 92.6028900146484375 116.029205322265625 78.68315887451171875 312.510162353515625 322.96923828125 258.6893310546875 204.962371826171875 180.698150634765625 197.1754150390625 249.3619232177734375 171.38348388671875 155.32269287109375 198.868133544921875 240.254425048828125 307.233489990234375
216.469024658203125 232.125152587890625 255.649993896484375 254.35693359375 269.255157470703125 288.868255615234375 24.904813766479492188 47.961090087890625 355.914215087890625 267.87786865234375 202.6197052001953125 231.70953369140625 57.993865966796875 76.82723236083984375 66.8012542724609375 2.4891347885131835938 3.5038137435913085938 357.51007080078125 328.494903564453125 329.035552978515625 354.558868408203125 342.67999267578125 332.3271484375 13.696075439453125 312.017852783203125 295.277008056640625 69.12110137939453125 93.96463775634765625 137.0455474853515625 271.846649169921875 284.035552978515625 296.5653076171875 308.66015625 334.982635498046875 60.9456634521484375 254.8753662109375 231.6130523681640625 157.425323486328125 163.7050018310546875 250.2776031494140625 277.7442626953125 305.80255126953125
231.00921630859375 254.4272918701171875 271.547882080078125 259.694366455078125 258.942657470703125 248.6811981201171875 169.8241119384765625 108.4346923828125 132.87811279296875 183.365936279296875 210.529632568359375 222.8787384033203125 157.0670928955078125 144.2108306884765625 239.033111572265625 314.999267578125 340.27667236328125 346.15869140625 315.724639892578125 310.5518798828125 333.67578125 331.38848876953125 338.96197509765625 37.874729156494140625 303.689422607421875 293.57421875 73.15575408935546875 74.52100372314453125 51.115932464599609375 251.5635833740234375 214.79559326171875 207.4735565185546875 227.6625213623046875 270.001373291015625 28.609975814819335938 281.888336181640625 248.6284637451171875 98.9732208251953125 330.524200439453125 293.1982421875 289.08050537109375 295.14404296875
292.010009765625 294.178253173828125 330.46063232421875 333.434173583984375 271.974365234375 221.347412109375 181.59075927734375 144.1298980712890625 143.7460784912109375 184.5731964111328125 235.784027099609375 207.34954833984375 124.37939453125 355.602783203125 314.998504638671875 312.08856201171875 330.312255859375 344.38330078125 338.138702392578125 328.916259765625 333.271759033203125 339.66278076171875 356.862884521484375 3.8567521572113037109 338.91534423828125 331.163818359375 53.972442626953125 57.242156982421875 53.1299285888671875 44.997467041015625 261.0272216796875 272.2900390625 274.02752685546875 289.797698974609375 351.869384765625 342.2159423828125 322.43084716796875 349.0447998046875 341.99481201171875 317.044586181640625 290.98394775390625 263.65911865234375
317.120025634765625 295.993194580078125 331.7974853515625 1.7895865440368652344 11.312006950378417969 175.364349365234375 191.725067138671875 139.573699951171875 48.18045806884765625 338.628173828125 308.658477783203125 278.971527099609375 320.388885498046875 353.7738037109375 346.919677734375 316.0130615234375 325.234283447265625 337.69891357421875 348.134765625 347.12420654296875 343.22796630859375 336.556243896484375 343.564971923828125 358.890380859375 11.534471511840820312 60.9456634521484375 76.60746002197265625 55.244083404541015625 41.56641387939453125 5.9372773170471191406 343.725311279296875 340.896209716796875 342.338470458984375 348.039276123046875 1.7787725925445556641 3.4834444522857666016 339.51904296875 339.904083251953125 336.800506591796875 323.90106201171875 304.24822998046875 276.60418701171875
295.497161865234375 288.43450927734375 304.69427490234375 108.435943603515625 115.46265411376953125 132.7966461181640625 274.762603759765625 335.07073974609375 358.897613525390625 359.998870849609375 3.5029249191284179688 333.433929443359375 290.89727783203125 327.136322021484375 354.006591796875 326.67279052734375 305.6099853515625 314.99951171875 25.345424652099609375 185.1943511962890625 229.39801025390625 266.632598876953125 224.9994659423828125 204.863067626953125 93.12218475341796875 92.2906036376953125 149.0365447998046875 354.5220947265625 13.038736343383789062 2.5560145378112792969 339.914764404296875 343.90850830078125 349.694427490234375 352.091552734375 15.832196235656738281 27.21630859375 353.926361083984375 306.253814697265625 293.62921142578125 307.673187255859375 318.223876953125 317.959686279296875
245.805938720703125 226.4680328369140625 183.5443115234375 175.135223388671875 153.885650634765625 137.2018890380859375 268.263519287109375 292.248138427734375 27.1804656982421875 53.12750244140625 97.59326934814453125 191.308929443359375 270.715423583984375 291.928985595703125 16.821954727172851562 242.7429046630859375 251.0745697021484375 186.4412994384765625 156.933502197265625 201.8639068603515625 264.093292236328125 319.762969970703125 140.710113525390625 235.6846923828125 349.6953125 50.127780914306640625 4.1442213058471679688 306.38409423828125 8.842067718505859375 353.852294921875 313.567138671875 41.82061004638671875 137.9103851318359375 176.4962158203125 186.339996337890625 161.564239501953125 334.28912353515625 331.6982421875 314.999267578125 320.439727783203125 335.18511962890625 328.34747314453125
238.62603759765625 205.0165252685546875 193.626922607421875 216.633636474609375 198.434478759765625 115.0159912109375 260.689727783203125 277.567962646484375 24.716709136962890625 23.404363632202148438 15.690258026123046875 342.180450439453125 318.107177734375 334.132659912109375 109.040985107421875 194.4890594482421875 209.4187469482421875 163.9355926513671875 167.6917572021484375 278.4703369140625 290.0478515625 1.4688259363174438477 36.86959075927734375 311.008514404296875 259.8243408203125 79.5080413818359375 20.376073837280273438 262.874176025390625 157.6191558837890625 216.34698486328125 216.1790618896484375 145.0075531005859375 125.537384033203125 203.1973724365234375 272.28955078125 291.8001708984375 313.511383056640625 331.606048583984375 327.484619140625 333.599517822265625 358.780242919921875 333.43341064453125
317.727142333984375 325.3040771484375 320.04144287109375 308.290496826171875 206.5656585693359375 335.853851318359375 305.246978759765625 306.821075439453125 8.1298847198486328125 21.209104537963867188 339.686553955078125 331.006744384765625 335.066314697265625 53.129955291748046875 84.86721038818359375 293.19891357421875 243.434906005859375 78.111480712890625 278.971527099609375 248.4655303955078125 230.4398040771484375 207.535430908203125 119.05680084228515625 64.2910614013671875 155.9241790771484375 171.279998779296875 186.531585693359375 178.2639617919921875 170.6549072265625 216.5723419189453125 201.0370025634765625 150.9447174072265625 93.8132781982421875 319.5135498046875 331.164031982421875 331.32611083984375 318.690704345703125 327.158782958984375 339.97711181640625 355.5089111328125 22.651723861694335938 16.7822418212890625
312.273406982421875 314.999267578125 327.925079345703125 3.9007995128631591797 340.2911376953125 331.483734130859375 333.976959228515625 326.309173583984375 8.9237346649169921875 17.506921768188476562 321.519073486328125 311.548583984375 358.876251220703125 76.0750274658203125 57.42572784423828125 345.172882080078125 344.196746826171875 7.6712312698364257812 27.859304428100585938 230.856170654296875 214.159149169921875 212.5069122314453125 200.5918731689453125 157.2486419677734375 144.1226043701171875 175.4258575439453125 206.9388427734375 189.5660552978515625 203.96197509765625 271.39630126953125 325.303863525390625 8.6735830307006835938 339.70123291015625 325.352264404296875 330.082366943359375 333.160888671875 329.420013427734375 329.75286865234375 342.765533447265625 17.76969146728515625 56.19499969482421875 99.46228790283203125
