wildfire/work/fuelmodels/2004/aspect.asc
ncols        256
nrows        180
xllcorner    182095.000000000000
yllcorner    464795.000000000000
cellsize     5.000000000000
NODATA_value   -999
[rows 114 to 132 of 180, columns 42 to 83 of 256]
299.05377197265625 289.3582763671875 1.5913261175155639648 69.27431488037109375 333.433441162109375 140.3555450439453125 150.300445556640625 175.1202239990234375 168.5724945068359375 171.6864776611328125 162.62420654296875 154.563446044921875 197.6998748779296875 231.7393951416015625 250.0829620361328125 233.9965972900390625 193.94512939453125 192.0941619873046875 203.198089599609375 183.1219635009765625 215.049041748046875 226.231475830078125 239.743072509765625 271.152862548828125 316.5068359375 327.093963623046875 321.4007568359375 318.6986083984375 333.342193603515625 347.398834228515625 278.131195068359375 194.7032470703125 201.4473876953125 186.1881103515625 181.7203826904296875 187.1246337890625 170.2171783447265625 184.235687255859375 100.66928863525390625 97.1245269775390625 102.26438140869140625 112.3822021484375
288.868316650390625 243.2078857421875 181.2726287841796875 124.4179534912109375 133.9187469482421875 129.003265380859375 144.799530029296875 168.3402252197265625 161.5646209716796875 155.1480712890625 154.1195068359375 44.999897003173828125 290.8201904296875 269.672027587890625 265.388824462890625 242.8183135986328125 209.218597412109375 242.417633056640625 258.070404052734375 157.1658477783203125 244.1785888671875 294.660064697265625 312.953857421875 316.500091552734375 326.68865966796875 330.382537841796875 319.7862548828125 313.21868896484375 324.688140869140625 47.826801300048828125 106.31363677978515625 158.8383636474609375 181.5689697265625 178.7998199462890625 182.020843505859375 192.6871490478515625 193.5700531005859375 192.8876800537109375 166.4830169677734375 156.594635009765625 223.2633819580078125 88.53125
165.06805419921875 196.3627166748046875 184.96142578125 167.0049591064453125 152.0486297607421875 131.1856689453125 126.92662811279296875 152.818511962890625 157.3058013916015625 158.805511474609375 301.292266845703125 329.7425537109375 335.169891357421875 272.725738525390625 240.5610504150390625 224.0900726318359375 241.4595794677734375 258.9586181640625 251.564453125 330.067626953125 314.647735595703125 315.2138671875 322.155914306640625 309.731536865234375 283.6705322265625 284.930633544921875 291.53314208984375 292.415435791015625 245.5559234619140625 120.74268341064453125 115.5435791015625 133.9120330810546875 165.4853057861328125 163.09222412109375 177.6750640869140625 203.0129241943359375 198.21673583984375 187.615966796875 182.536346435546875 204.1627044677734375 260.598480224609375 46.169277191162109375
153.676300048828125 171.736480712890625 178.127899169921875 169.557708740234375 166.0747528076171875 131.9221649169921875 89.5414276123046875 97.63315582275390625 139.398468017578125 198.4344024658203125 215.193450927734375 235.49114990234375 277.76470947265625 268.726318359375 241.6986846923828125 260.627288818359375 291.800628662109375 314.9990234375 298.228057861328125 315.3284912109375 318.8704833984375 314.45098876953125 303.85626220703125 235.839508056640625 235.6190032958984375 243.692413330078125 249.038330078125 236.6179962158203125 154.0056610107421875 129.8343505859375 124.13571929931640625 124.73154449462890625 148.7359161376953125 109.17897796630859375 134.9996795654296875 205.2006378173828125 192.7239532470703125 186.9229278564453125 209.599334716796875 255.6990966796875 273.6739501953125 87.9535675048828125
144.2107391357421875 145.5274200439453125 161.965301513671875 175.6008758544921875 226.8772125244140625 0 76.20020294189453125 88.02481842041015625 98.1296539306640625 152.92755126953125 209.81390380859375 258.11077880859375 283.706268310546875 56.311061859130859375 273.144134521484375 285.9447021484375 286.15655517578125 299.648834228515625 307.5823974609375 309.047882080078125 313.09014892578125 299.981048583984375 184.5733489990234375 194.981201171875 219.351226806640625 234.0897369384765625 231.6704254150390625 221.3473968505859375 151.8209381103515625 114.44364166259765625 113.05104827880859375 101.30977630615234375 125.07354736328125 129.2891693115234375 134.5338592529296875 186.072021484375 188.1296539306640625 224.9994659423828125 276.5899658203125 285.080078125 282.118133544921875 113.522705078125
167.1326446533203125 145.66943359375 169.6946258544921875 254.475372314453125 265.6007080078125 179.999755859375 124.59197235107421875 108.69863128662109375 85.363922119140625 35.310649871826171875 325.618988037109375 284.870208740234375 229.235748291015625 161.5644073486328125 243.8241729736328125 249.0567779541015625 231.169647216796875 275.99188232421875 294.32916259765625 296.842041015625 293.008270263671875 120.25533294677734375 152.6492919921875 168.310302734375 210.0179595947265625 229.692352294921875 225.359832763671875 227.1337738037109375 174.709381103515625 109.32280731201171875 117.1493377685546875 135.629302978515625 138.45623779296875 145.362060546875 156.51556396484375 195.100555419921875 217.874267578125 270.590057373046875 279.04266357421875 276.25341796875 251.951812744140625 108.003814697265625
179.5688629150390625 173.046600341796875 255.323028564453125 276.339569091796875 228.5758819580078125 151.14410400390625 111.1132965087890625 82.64763641357421875 4.6856493949890136719 348.905303955078125 331.143707275390625 283.29766845703125 195.254974365234375 213.2308502197265625 266.454620361328125 257.904693603515625 278.235076904296875 290.8453369140625 285.48345947265625 265.363800048828125 211.26318359375 154.3584747314453125 154.024932861328125 139.0854034423828125 231.3403778076171875 230.7101898193359375 221.844635009765625 220.6772918701171875 185.4399871826171875 131.582977294921875 137.3369293212890625 154.71173095703125 146.966796875 144.727142333984375 219.8049774169921875 285.421295166015625 316.363494873046875 280.068389892578125 268.37310791015625 254.283660888671875 244.9826812744140625 2.7263541221618652344
203.5866241455078125 253.810089111328125 276.433990478515625 238.5697784423828125 204.62322998046875 157.379669189453125 86.3783721923828125 58.392101287841796875 316.7349853515625 342.498291015625 61.144504547119140625 178.780670166015625 277.85260009765625 317.525421142578125 307.348602294921875 287.18890380859375 286.469757080078125 281.30926513671875 261.786590576171875 216.3471221923828125 196.0036163330078125 176.986724853515625 194.42022705078125 214.6948699951171875 160.0170745849609375 198.9962005615234375 205.4628448486328125 199.8547821044921875 177.5589752197265625 151.591552734375 143.984832763671875 153.860626220703125 164.115936279296875 256.6064453125 309.52191162109375 316.974090576171875 332.968475341796875 283.119873046875 243.00360107421875 229.126922607421875 241.177978515625 267.6131591796875
303.825439453125 276.25323486328125 248.008209228515625 228.2700347900390625 233.1296539306640625 159.5667572021484375 138.3270263671875 165.963409423828125 222.9168701171875 196.926971435546875 130.236053466796875 199.439697265625 264.368743896484375 273.690826416015625 259.114044189453125 271.413818359375 271.228729248046875 260.919342041015625 249.48614501953125 253.7671966552734375 264.804840087890625 245.5547332763671875 266.3472900390625 231.33984375 147.8036651611328125 155.556121826171875 171.027069091796875 173.9904632568359375 163.072113037109375 147.3076934814453125 137.1606903076171875 358.450653076171875 337.269378662109375 338.480621337890625 332.524810791015625 328.091064453125 63.4345855712890625 178.237152099609375 208.92059326171875 222.944854736328125 225.6898040771484375 213.6896514892578125
345.69927978515625 261.44390869140625 261.097625732421875 239.035675048828125 176.9869232177734375 142.2239990234375 135.602783203125 176.1854400634765625 226.526885986328125 190.34820556640625 145.048828125 232.1246185302734375 254.981109619140625 233.91461181640625 264.805267333984375 281.859161376953125 285.83905029296875 283.735626220703125 285.541015625 301.72283935546875 343.140838623046875 343.216461181640625 327.906463623046875 4.3990807533264160156 37.235103607177734375 52.7647552490234375 84.0939178466796875 95.90619659423828125 65.37624359130859375 33.689990997314453125 6.6667299270629882812 336.540130615234375 328.101959228515625 341.877349853515625 350.216827392578125 162.645751953125 147.599853515625 164.4270172119140625 208.92059326171875 229.6057586669921875 243.51666259765625 265.04913330078125
151.7621612548828125 233.1294708251953125 229.085052490234375 195.8516693115234375 170.3398284912109375 141.6741790771484375 140.5051422119140625 264.28875732421875 314.41461181640625 346.1080322265625 0.91676044464111328125 2.3136603832244873047 305.654388427734375 256.217529296875 272.488800048828125 287.658294677734375 300.712127685546875 302.844329833984375 295.650909423828125 303.45269775390625 347.79876708984375 343.368194580078125 351.86907958984375 40.42675018310546875 23.198442459106445312 12.528650283813476562 31.159420013427734375 7.5683884620666503906 347.919647216796875 358.8758544921875 14.560219764709472656 17.904394149780273438 202.833099365234375 162.606292724609375 162.358551025390625 161.3303680419921875 153.4346466064453125 188.28533935546875 276.937774658203125 287.256134033203125 286.09295654296875 297.372894287109375
180.8675689697265625 247.5425567626953125 245.72509765625 212.4708251953125 153.4364166259765625 90.6158599853515625 54.09035491943359375 297.143096923828125 317.0037841796875 335.58367919921875 1.3972427845001220703 36.99517059326171875 36.08496856689453125 263.6588134765625 286.41455078125 295.9453125 313.911468505859375 308.6590576171875 298.522430419921875 316.3212890625 349.230987548828125 356.46685791015625 24.677001953125 43.89837646484375 342.2149658203125 342.61224365234375 4.9864363670349121094 346.166290283203125 330.557037353515625 359.108642578125 44.639537811279296875 51.79784393310546875 84.44684600830078125 128.81976318359375 152.04351806640625 167.549468994140625 342.275848388671875 332.436767578125 312.521697998046875 307.781982421875 300.71209716796875 298.539276123046875
298.2281494140625 293.6065673828125 279.0390625 218.2894287109375 186.340484619140625 9.4623365402221679688 340.768524169921875 319.599334716796875 318.12579345703125 323.529998779296875 64.87194061279296875 100.0802764892578125 114.253448486328125 281.559722900390625 288.254119873046875 300.162384033203125 337.64825439453125 323.6419677734375 305.485107421875 317.782318115234375 346.064300537109375 15.94537353515625 64.0691375732421875 56.944095611572265625 320.7095947265625 323.694732666015625 349.5733642578125 332.06182861328125 314.999420166015625 60.641407012939453125 50.905765533447265625 46.022876739501953125 56.413177490234375 54.41399383544921875 16.225259780883789062 341.249542236328125 330.53912353515625 334.572296142578125 321.114776611328125 306.377593994140625 302.99456787109375 296.69677734375
333.00335693359375 315.622039794921875 317.32086181640625 347.1705322265625 12.407247543334960938 314.245391845703125 297.2384033203125 288.614990234375 256.89019775390625 192.9376068115234375 135.8142852783203125 126.27487945556640625 183.651885986328125 286.21270751953125 279.442108154296875 285.369293212890625 342.029998779296875 324.933319091796875 319.417816162109375 336.80059814453125 359.27392578125 59.281101226806640625 86.44806671142578125 94.39835357666015625 287.4464111328125 308.86199951171875 344.7440185546875 325.303619384765625 259.990692138671875 336.249603271484375 1.2543951272964477539 39.5423126220703125 50.810791015625 41.64849853515625 14.462450981140136719 342.1695556640625 314.29193115234375 324.153045654296875 331.4234619140625 317.1878662109375 296.412445068359375 245.322662353515625
22.126373291015625 301.929962158203125 324.382843017578125 346.662384033203125 10.669752120971679688 10.15692901611328125 312.545166015625 221.495880126953125 191.7347259521484375 171.5726318359375 145.2783355712890625 131.0992279052734375 281.559478759765625 290.617523193359375 282.665679931640625 280.889984130859375 314.999267578125 324.595184326171875 335.66156005859375 14.281080245971679688 50.19469451904296875 87.33736419677734375 85.0793609619140625 51.340206146240234375 285.03729248046875 276.842376708984375 219.2919158935546875 139.5728607177734375 190.3040924072265625 251.563995361328125 256.75750732421875 82.40532684326171875 78.27469635009765625 74.8403167724609375 55.304950714111328125 324.038726806640625 311.247467041015625 321.01837158203125 329.74273681640625 312.254180908203125 253.55072021484375 182.2601318359375
14.400116920471191406 316.489837646484375 315.86920166015625 339.196807861328125 12.488055229187011719 31.53302764892578125 44.215106964111328125 127.4051361083984375 171.3133697509765625 166.3492889404296875 151.188812255859375 333.17718505859375 324.6995849609375 299.74420166015625 290.411651611328125 294.002349853515625 303.110595703125 316.676849365234375 349.40753173828125 83.65947723388671875 98.29685211181640625 118.46502685546875 85.03028106689453125 14.4206390380859375 293.368438720703125 238.1720428466796875 190.4914093017578125 148.1334991455078125 195.253662109375 244.982574462890625 205.2774658203125 126.14208221435546875 98.9394683837890625 86.6334991455078125 32.24266815185546875 311.905181884765625 306.11859130859375 308.3944091796875 305.53704833984375 198.43487548828125 181.7893524169921875 160.2236328125
309.558990478515625 304.620574951171875 289.293914794921875 295.43060302734375 38.624500274658203125 74.542510986328125 90.118865966796875 123.0844879150390625 160.463043212890625 261.869171142578125 309.39990234375 322.999237060546875 338.805145263671875 318.339569091796875 292.764312744140625 291.492950439453125 285.617095947265625 265.16925048828125 135.584228515625 127.9830322265625 101.88809967041015625 49.23612213134765625 18.03415679931640625 9.3600683212280273438 351.868865966796875 312.45440673828125 347.82763671875 39.09398651123046875 334.982635498046875 267.79736328125 212.19622802734375 106.50380706787109375 83.65962982177734375 55.864048004150390625 344.133514404296875 312.680908203125 302.06121826171875 304.623443603515625 124.8236846923828125 155.2654266357421875 167.7744293212890625 145.7285308837890625
264.535491943359375 249.3717498779296875 234.73162841796875 209.33477783203125 166.94580078125 130.5573577880859375 117.14136505126953125 116.56455230712890625 328.3919677734375 306.54425048828125 301.62078857421875 312.6619873046875 334.907684326171875 321.22509765625 285.100433349609375 280.57476806640625 278.384979248046875 263.04656982421875 82.6656036376953125 52.373950958251953125 4.7900547981262207031 2.667896270751953125 12.155012130737304688 15.664597511291503906 8.4401750564575195312 339.886627197265625 352.634552001953125 23.198516845703125 11.082365036010742188 349.69415283203125 117.8962860107421875 134.999267578125 82.66529083251953125 356.57550048828125 326.598846435546875 318.16326904296875 297.858917236328125 168.11236572265625 132.6461944580078125 135.7634429931640625 153.8859100341796875 154.9827423095703125
262.9161376953125 219.88214111328125 206.156280517578125 191.9260101318359375 169.703338623046875 145.904693603515625 118.78633880615234375 38.157466888427734375 317.72564697265625 299.44464111328125 286.053497314453125 276.842071533203125 244.056976318359375 250.0955963134765625 271.506805419921875 278.901092529296875 294.33050537109375 325.38079833984375 6.1242694854736328125 2.9760978221893310547 345.994873046875 359.12921142578125 20.107332229614257812 22.43569183349609375 13.34859466552734375 350.02423095703125 349.48663330078125 24.489057540893554688 31.082891464233398438 20.772115707397460938 16.11360931396484375 356.53082275390625 7.9696798324584960938 341.706512451171875 323.848419189453125 320.403289794921875 184.184356689453125 152.8600616455078125 153.2571563720703125 145.352691650390625 151.644775390625 169.07696533203125
