wildfire/work/fuelmodels/2004/aspect.asc
ncols        256
nrows        180
xllcorner    182095.000000000000
yllcorner    464795.000000000000
cellsize     5.000000000000
NODATA_value   -999
[rows 76 to 94 of 180, columns 0 to 41 of 256]
0 107.81305694580078125 87.7775421142578125 51.859649658203125 40.426097869873046875 38.55854034423828125 17.175836563110351562 243.97015380859375 214.6578521728515625 197.94891357421875 169.068511962890625 143.1860809326171875 122.2286376953125 325.19061279296875 333.730010986328125 6.4210476875305175781 20.376430511474609375 332.52484130859375 321.581207275390625 337.817291259765625 356.7098388671875 304.329559326171875 234.637054443359375 176.9868621826171875 178.1519775390625 194.7710723876953125 219.0069427490234375 208.3967742919921875 210.1341705322265625 212.406158447265625 194.6204071044921875 172.8745880126953125 150.517333984375 130.9444122314453125 120.9635162353515625 290.55499267578125 306.994415283203125 338.084381103515625 306.79693603515625 276.7147216796875 272.7900390625 282.054351806640625
0 119.8665618896484375 61.011013031005859375 22.821941375732421875 36.869792938232421875 19.592296600341796875 24.695461273193359375 8.4267292022705078125 8.365871429443359375 117.0301513671875 128.54071044921875 22.751125335693359375 331.63800048828125 335.147613525390625 334.871368408203125 15.524058341979980469 39.289318084716796875 343.200836181640625 318.7305908203125 330.08233642578125 17.28143310546875 5.4205446243286132812 86.18564605712890625 139.2755126953125 171.972320556640625 197.2999420166015625 209.631072998046875 199.1418914794921875 203.2917938232421875 211.8116302490234375 195.048675537109375 175.0172119140625 164.669586181640625 150.85888671875 305.869293212890625 329.31597900390625 347.11395263671875 3.6085009574890136719 321.45166015625 287.540069580078125 277.2288818359375 270.88629150390625
0 176.633148193359375 319.666229248046875 12.380597114562988281 31.3813018798828125 17.294237136840820312 11.987483978271484375 8.731418609619140625 31.393850326538085938 46.50736236572265625 3.9452676773071289062 333.711029052734375 313.721527099609375 323.2100830078125 337.03546142578125 66.45989990234375 60.368381500244140625 338.70977783203125 333.137237548828125 290.094757080078125 348.690093994140625 65.3532257080078125 95.885833740234375 115.0166473388671875 160.7954864501953125 196.3262176513671875 232.3855438232421875 238.6894683837890625 251.564239501953125 254.4065704345703125 215.1057281494140625 174.936004638671875 187.1244964599609375 216.0978240966796875 292.142730712890625 318.0411376953125 354.381591796875 14.448384284973144531 348.0230712890625 301.3353271484375 296.91583251953125 304.091552734375
0 294.178497314453125 325.087432861328125 348.947662353515625 5.8015666007995605469 8.542812347412109375 6.2868671417236328125 29.487100601196289062 58.506320953369140625 36.292613983154296875 352.874176025390625 329.6036376953125 291.66046142578125 267.485565185546875 155.04473876953125 115.621734619140625 86.78447723388671875 300.962890625 96.115447998046875 150.25482177734375 192.566864013671875 147.853759765625 128.442779541015625 121.25069427490234375 110.22428131103515625 305.31085205078125 292.873138427734375 288.43438720703125 275.0631103515625 224.274383544921875 182.4891204833984375 174.1731719970703125 198.6574249267578125 258.008575439453125 278.75390625 283.130126953125 323.470458984375 40.107067108154296875 13.907681465148925781 288.080657958984375 282.64154052734375 245.7714080810546875
0 300.165618896484375 315.88751220703125 317.044647216796875 337.17547607421875 5.1944780349731445312 17.807550430297851562 53.688793182373046875 57.915798187255859375 7.9848303794860839844 350.682098388671875 343.299896240234375 313.209320068359375 241.219451904296875 148.8403472900390625 102.8623809814453125 112.379486083984375 188.55523681640625 149.7226409912109375 150.6419677734375 176.8196868896484375 150.64190673828125 139.6103363037109375 161.564666748046875 331.5035400390625 324.887237548828125 321.469085693359375 293.198028564453125 198.9041290283203125 167.9570465087890625 181.431640625 223.26373291015625 282.828216552734375 280.19281005859375 267.824615478515625 242.3336944580078125 208.67266845703125 153.7949371337890625 195.4608917236328125 270.749908447265625 251.8001556396484375 183.7235107421875
0 276.40362548828125 225.733856201171875 233.7142181396484375 219.9358062744140625 165.509796142578125 158.333740234375 120.19403076171875 81.5285797119140625 347.14117431640625 344.204681396484375 351.383514404296875 358.70306396484375 8.427013397216796875 23.9160919189453125 61.18897247314453125 85.19183349609375 120.4653472900390625 121.503997802734375 122.07382965087890625 135.9547271728515625 131.8889007568359375 148.7064208984375 271.789306640625 282.143463134765625 283.347900390625 306.6331787109375 96.71004486083984375 146.9760589599609375 116.5647735595703125 307.646942138671875 305.948638916015625 309.011199951171875 294.7508544921875 280.566070556640625 250.82037353515625 215.2056427001953125 196.389129638671875 277.984161376953125 277.711181640625 275.37030029296875 326.1422119140625
0 241.04840087890625 207.5968780517578125 212.3191986083984375 182.1792755126953125 162.1077423095703125 168.629852294921875 158.0188751220703125 164.637908935546875 294.63775634765625 318.513092041015625 348.6893310546875 14.145765304565429688 18.165857315063476562 36.792606353759765625 62.744510650634765625 53.91489410400390625 28.739780426025390625 53.7460479736328125 80.180419921875 109.5021514892578125 117.20383453369140625 204.622955322265625 258.452667236328125 271.331512451171875 258.02325439453125 194.035797119140625 146.0932159423828125 141.8426513671875 307.693634033203125 308.34478759765625 314.500946044921875 296.052734375 286.715911865234375 290.79833984375 302.470458984375 319.150543212890625 316.63580322265625 296.5643310546875 293.497802734375 291.074188232421875 275.963836669921875
0 257.346832275390625 190.1244964599609375 174.2890167236328125 157.5030975341796875 154.0573272705078125 162.8969268798828125 11.309696197509765625 300.52899169921875 279.967620849609375 272.578399658203125 246.036773681640625 69.4433441162109375 37.146396636962890625 43.451702117919921875 40.69121551513671875 24.11417388916015625 15.068475723266601562 48.613739013671875 65.0450439453125 61.990604400634765625 28.300767898559570312 337.9312744140625 334.06842041015625 346.758697509765625 355.27899169921875 18.924579620361328125 51.418666839599609375 106.38922119140625 265.95489501953125 269.26483154296875 263.926910400390625 268.7403564453125 270.914581298828125 259.527374267578125 247.7138519287109375 256.798248291015625 268.289520263671875 273.510040283203125 262.69366455078125 182.9883575439453125 172.219207763671875
0 322.252197265625 20.37615966796875 57.80426025390625 56.8420562744140625 0.74407589435577392578 343.35418701171875 358.491546630859375 290.375823974609375 244.203277587890625 227.4104461669921875 199.28961181640625 204.0751495361328125 304.694610595703125 352.925567626953125 12.847636222839355469 22.472621917724609375 21.431154251098632812 54.50665283203125 65.94549560546875 5.1944766044616699219 346.217620849609375 339.698333740234375 335.32232666015625 346.3721923828125 353.240997314453125 18.829132080078125 38.094005584716796875 34.9668121337890625 292.4786376953125 241.8756103515625 212.4062347412109375 231.33966064453125 234.6998291015625 217.0299072265625 223.339202880859375 226.7439117431640625 220.6834259033203125 220.9458770751953125 187.037506103515625 162.611083984375 163.9283294677734375
0 344.5869140625 357.75823974609375 10.961094856262207031 21.169088363647460938 24.401784896850585938 30.963685989379882812 130.1008148193359375 160.0830078125 216.059967041015625 217.0194854736328125 226.3635711669921875 292.02667236328125 322.695281982421875 343.869384765625 11.225817680358886719 32.85970306396484375 35.036102294921875 53.930454254150390625 62.557529449462890625 345.773284912109375 309.2586669921875 322.24652099609375 317.677734375 324.596099853515625 333.369293212890625 30.12696075439453125 51.980930328369140625 44.77166748046875 50.079608917236328125 194.1980133056640625 196.8370208740234375 207.5071868896484375 209.591796875 210.378662109375 218.9904632568359375 223.8109130859375 212.82244873046875 191.382171630859375 181.2645721435546875 133.6464996337890625 130.927276611328125
0 347.183135986328125 347.4703369140625 18.523481369018554688 60.697666168212890625 96.30029296875 152.3536834716796875 174.2889862060546875 140.710174560546875 205.9741668701171875 228.6517791748046875 277.45147705078125 305.753173828125 323.59222412109375 345.57830810546875 35.4508819580078125 49.144519805908203125 52.952907562255859375 54.80591583251953125 66.00809478759765625 35.53759765625 272.621826171875 301.717681884765625 328.6072998046875 339.219696044921875 341.915771484375 65.61800384521484375 67.5462188720703125 50.792690277099609375 62.53726959228515625 102.03026580810546875 193.920562744140625 197.1891326904296875 211.246429443359375 222.36102294921875 220.1255645751953125 217.749908447265625 208.25579833984375 192.26434326171875 217.21246337890625 107.50055694580078125 95.3603363037109375
0 330.20159912109375 324.5821533203125 99.87545013427734375 104.75373077392578125 105.9257049560546875 124.9916229248046875 317.76934814453125 23.7906494140625 6.1700267791748046875 301.973388671875 299.45770263671875 310.836334228515625 340.87945556640625 40.425846099853515625 11.0410614013671875 27.255279541015625 56.040752410888671875 89.99979400634765625 102.71435546875 110.43267059326171875 272.522613525390625 279.967681884765625 290.2694091796875 293.198455810546875 147.865020751953125 131.8992156982421875 111.83956146240234375 99.4620513916015625 95.085968017578125 93.07120513916015625 195.642242431640625 201.1935272216796875 245.8203582763671875 264.698455810546875 260.02734375 255.6180572509765625 251.7475128173828125 208.871856689453125 200.003753662109375 146.3648834228515625 110.03688812255859375
0 257.81072998046875 138.5030517578125 109.92902374267578125 95.80649566650390625 69.85140228271484375 348.6893310546875 339.352325439453125 14.153337478637695312 359.99908447265625 312.03515625 307.724273681640625 329.930633544921875 39.34546661376953125 16.460004806518554688 323.230224609375 8.3599157333374023438 68.7555389404296875 100.2296600341796875 120.75623321533203125 181.735198974609375 268.263641357421875 262.66961669921875 222.5628204345703125 157.9740753173828125 156.5167694091796875 165.547210693359375 157.0868072509765625 139.8132171630859375 122.414459228515625 89.99979400634765625 359.273773193359375 353.516204833984375 309.042205810546875 303.78863525390625 322.277984619140625 334.94293212890625 355.313262939453125 55.61960601806640625 216.253143310546875 87.454925537109375 72.31536102294921875
0 205.7688140869140625 164.675506591796875 119.01180267333984375 72.634552001953125 37.59299468994140625 5.7927584648132324219 14.42084503173828125 0.00014010598533786833286 327.688568115234375 303.382080078125 299.68646240234375 13.706984519958496094 49.236377716064453125 346.36248779296875 315.75311279296875 26.95645904541015625 89.65976715087890625 101.4491119384765625 114.85488128662109375 235.659820556640625 269.55523681640625 275.243743896484375 174.2889862060546875 129.1137237548828125 144.8332672119140625 162.740692138671875 149.57391357421875 124.149627685546875 89.18140411376953125 52.431232452392578125 335.55511474609375 346.52142333984375 314.53729248046875 293.053314208984375 303.343902587890625 337.54510498046875 40.496227264404296875 58.185638427734375 337.8729248046875 54.117706298828125 80.60436248779296875
0 212.2240447998046875 184.9693450927734375 121.9304656982421875 66.80123138427734375 42.745361328125 43.465618133544921875 36.253814697265625 338.1978759765625 310.10015869140625 297.00244140625 296.7445068359375 3.1060931682586669922 359.28009033203125 341.214111328125 324.9033203125 91.67902374267578125 103.58852386474609375 106.17193603515625 108.6126708984375 264.80499267578125 267.233673095703125 257.73468017578125 134.9996185302734375 109.9828033447265625 46.272705078125 27.474317550659179688 41.325321197509765625 42.397403717041015625 74.80896759033203125 101.3096160888671875 260.788482666015625 276.581451416015625 279.619140625 279.0804443359375 281.59765625 312.044769287109375 73.49080657958984375 69.94960784912109375 331.313079833984375 51.546146392822265625 65.20345306396484375
0 299.96160888671875 339.443267822265625 61.990459442138671875 83.65961456298828125 88.47908782958984375 91.6133575439453125 5.8260221481323242188 318.343902587890625 302.968780517578125 284.900787353515625 288.9959716796875 327.32904052734375 350.98858642578125 348.51373291015625 33.503353118896484375 106.117340087890625 106.24367523193359375 100.42352294921875 57.395343780517578125 305.13348388671875 266.208221435546875 243.01617431640625 134.9996795654296875 76.70133209228515625 11.309836387634277344 72.1494140625 55.00775909423828125 47.462757110595703125 67.29697418212890625 60.523899078369140625 270.970245361328125 253.7052001953125 283.59027099609375 282.0589599609375 278.372711181640625 277.8526611328125 90.69336700439453125 80.27855682373046875 315.743194580078125 50.95696258544921875 55.175342559814453125
0 281.792755126953125 22.166370391845703125 79.286590576171875 89.23587799072265625 90.48949432373046875 68.96227264404296875 322.243743896484375 312.815216064453125 315.215484619140625 312.010650634765625 305.503143310546875 317.826385498046875 352.815032958984375 8.0490875244140625 78.15146636962890625 98.60623931884765625 97.2171630859375 75.7958984375 9.3047266006469726562 340.361419677734375 309.991180419921875 296.449066162109375 37.18468475341796875 98.90142822265625 143.60107421875 168.0027618408203125 174.907470703125 115.86614227294921875 78.16302490234375 58.30899810791015625 356.008392333984375 291.27886962890625 286.06573486328125 272.343505859375 244.982574462890625 183.760101318359375 142.3053436279296875 136.6479034423828125 249.8798675537109375 33.689708709716796875 26.113842010498046875
0 274.39794921875 30.963039398193359375 68.749267578125 61.965972900390625 65.79389190673828125 8.130054473876953125 314.74688720703125 316.14886474609375 317.980712890625 335.42413330078125 348.87432861328125 351.287689208984375 5.5397171974182128906 26.342088699340820312 81.80367279052734375 91.705352783203125 89.392425537109375 57.307769775390625 332.806884765625 343.380889892578125 340.94140625 321.6478271484375 71.56479644775390625 111.9577178955078125 146.5199737548828125 191.3094940185546875 273.15411376953125 14.036164283752441406 70.64078521728515625 75.4254913330078125 25.017101287841796875 277.30499267578125 236.9869232177734375 221.126922607421875 194.2316741943359375 180.96514892578125 188.3725738525390625 239.85809326171875 310.155364990234375 342.757598876953125 13.069332122802734375
0 300.962921142578125 5.0128550529479980469 73.30054473876953125 86.9868011474609375 67.54291534423828125 321.39813232421875 303.61541748046875 314.60821533203125 297.998687744140625 314.4967041015625 11.405179023742675781 29.240350723266601562 52.84159088134765625 111.326019287109375 115.85469818115234375 109.69321441650390625 101.00328826904296875 55.885425567626953125 290.705413818359375 299.930877685546875 156.1938323974609375 197.68804931640625 132.824981689453125 116.75389862060546875 146.7248077392578125 230.973785400390625 253.2247314453125 157.5033111572265625 115.01659393310546875 137.1743316650390625 168.070037841796875 199.289520263671875 193.392059326171875 198.689727783203125 198.3094024658203125 257.868011474609375 299.49542236328125 315.224853515625 340.407073974609375 146.3097991943359375 150.750885009765625
