wildfire/work/fuelmodels/2004/slope.asc
ncols        256
nrows        180
xllcorner    182095.000000000000
yllcorner    464795.000000000000
cellsize     5.000000000000
NODATA_value   -999
[rows 108 to 125 of 180, columns 200 to 239 of 256]
2.20708465576171875 2.7178599834442138672 4.8082180023193359375 3.3421247005462646484 1.1067925691604614258 1.2534692287445068359 1.24739837646484375 0.70074856281280517578 1.20742034912109375 2.6154623031616210938 2.0701200962066650391 1.297900080680847168 2.0221543312072753906 1.4246898889541625977 3.1807963848114013672 4.6698474884033203125 4.606670379638671875 4.4284124374389648438 3.9211757183074951172 4.1531729698181152344 5.2834882736206054688 5.86054229736328125 5.7588906288146972656 4.3074398040771484375 5.4341130256652832031 5.9320836067199707031 5.2519092559814453125 4.7088980674743652344 4.1161770820617675781 2.9855585098266601562 1.2044709920883178711 2.0934484004974365234 1.2240470647811889648 1.7862068414688110352 6.7358837127685546875 6.4838085174560546875 2.5016236305236816406 4.8888163566589355469 6.3983507156372070312 0.7029011845588684082
3.0985434055328369141 2.9941804409027099609 2.0679299831390380859 0.59186929464340209961 0.38840028643608093262 1.4032016992568969727 1.7842375040054321289 1.5075227022171020508 1.412919163703918457 1.5742061138153076172 1.9850450754165649414 2.5389358997344970703 3.3636634349822998047 3.0007693767547607422 6.4265532493591308594 7.1489071846008300781 5.4604730606079101562 4.9017977714538574219 4.6125607490539550781 3.8749139308929443359 3.198719024658203125 3.7634522914886474609 5.9801588058471679688 5.810405731201171875 4.522319793701171875 2.4937119483947753906 1.3153469562530517578 1.3457623720169067383 0.50311774015426635742 4.8111491203308105469 1.1244976520538330078 3.7148106098175048828 1.1136314868927001953 0.22498750686645507812 5.334262847900390625 8.3395681381225585938 10.565891265869140625 8.812015533447265625 6.2364130020141601562 0.60541081428527832031
2.2033984661102294922 1.5911425352096557617 0.98277938365936279297 0.32759684324264526367 0.96979761123657226562 1.0359437465667724609 1.181141972541809082 0.7269789576530456543 1.1811258792877197266 1.89239501953125 3.539913177490234375 3.457317352294921875 5.2366375923156738281 7.07485198974609375 8.3395605087280273438 6.7162480354309082031 3.9828903675079345703 2.9073228836059570312 2.5774838924407958984 1.9281498193740844727 1.463924407958984375 2.0045597553253173828 3.024257659912109375 3.4946696758270263672 1.3813905715942382812 2.9156463146209716797 3.4044315814971923828 2.5498616695404052734 2.89530181884765625 2.8530972003936767578 4.0631961822509765625 4.8238086700439453125 2.4185612201690673828 1.8137699365615844727 1.7828046083450317383 2.9036622047424316406 4.141590118408203125 4.4971446990966796875 2.0740191936492919922 1.5946408510208129883
1.1249318122863769531 0.66212552785873413086 1.1498568058013916016 0.67498558759689331055 0.7428277134895324707 1.4708268642425537109 1.2107686996459960938 1.6363114118576049805 1.8090264797210693359 2.5696284770965576172 2.6992025375366210938 1.2355915307998657227 2.5946953296661376953 7.240367889404296875 7.1679053306579589844 3.1793916225433349609 1.7785605192184448242 1.5390783548355102539 1.0364269018173217773 1.0466153621673583984 1.2920366525650024414 2.4331526756286621094 0.114725455641746521 2.3483266830444335938 3.1360068321228027344 2.3810317516326904297 2.8947637081146240234 2.4070348739624023438 3.3091452121734619141 3.7148139476776123047 4.8122997283935546875 2.6032490730285644531 1.8137518167495727539 1.9878281354904174805 0.70651948451995849609 1.3363399505615234375 1.4246944189071655273 1.6363059282302856445 2.2907438278198242188 3.1884200572967529297
0.80306065082550048828 1.0985367298126220703 1.7359343767166137695 0.49704757332801818848 0.45225179195404052734 2.2098338603973388672 2.8972270488739013672 2.4758036136627197266 1.5921081304550170898 0.79547923803329467773 1.6424853801727294922 1.9500554800033569336 3.3121862411499023438 6.7024636268615722656 3.0088293552398681641 0.82972937822341918945 1.8966790437698364258 0.13500298559665679932 1.9030630588531494141 0.74554085731506347656 0.78264832496643066406 2.2344090938568115234 1.1068040132522583008 1.8221105337142944336 3.2944633960723876953 2.9031465053558349609 3.7662446498870849609 3.7981483936309814453 3.4150898456573486328 3.9050264358520507812 2.3463928699493408203 2.9926729202270507812 2.871448516845703125 2.9643187522888183594 4.0184803009033203125 3.9247796535491943359 3.0640976428985595703 3.4136133193969726562 5.0269212722778320312 5.7223944664001464844
1.3766257762908935547 0.33220124244689941406 2.1201136112213134766 0.70650476217269897461 0.063653193414211273193 2.6032660007476806641 2.90575408935546875 1.3956185579299926758 1.8924165964126586914 2.7016212940216064453 5.1529011726379394531 4.305675506591796875 3.5027410984039306641 4.4823131561279296875 1.4601203203201293945 0.56654471158981323242 1.0672295093536376953 2.1353173255920410156 1.3536337614059448242 1.0818189382553100586 1.3813905715942382812 1.3528914451599121094 1.8224012851715087891 1.0186899900436401367 2.6404922008514404297 0.83520978689193725586 1.9534491300582885742 4.0223608016967773438 3.3396852016448974609 3.1806552410125732422 1.1405894756317138672 2.5229556560516357422 1.5390889644622802734 4.5503439903259277344 4.7520661354064941406 4.16104888916015625 4.0921769142150878906 6.5624227523803710938 8.3963184356689453125 6.4230432510375976562
1.4175568819046020508 0.90445429086685180664 1.7830965518951416016 1.5085465908050537109 1.8087506294250488281 3.8125367164611816406 3.2110118865966796875 2.0106208324432373047 2.1341481208801269531 4.9690327644348144531 4.7943572998046875 2.7217607498168945312 2.9161684513092041016 2.2907438278198242188 1.8781801462173461914 2.6722800731658935547 1.8048027753829956055 2.8525402545928955078 2.5678424835205078125 0.54186904430389404297 1.1136193275451660156 1.2798463106155395508 1.5667934417724609375 1.9531857967376708984 2.5522644519805908203 1.050011754035949707 1.3685166835784912109 0.92767256498336791992 0.31979045271873474121 1.9725208282470703125 2.7720227241516113281 1.6910431385040283203 3.6025683879852294922 1.4046409130096435547 2.1341319084167480469 3.9338853359222412109 4.6546940803527832031 6.76491546630859375 5.14731597900390625 2.9583480358123779297
1.6251316070556640625 1.4855551719665527344 2.184268951416015625 1.7088963985443115234 1.0359296798706054688 5.1473331451416015625 4.0392694473266601562 1.9931652545928955078 3.1321506500244140625 3.42545318603515625 2.9894475936889648438 2.1114938259124755859 1.9383544921875 1.8730411529541015625 2.9995908737182617188 2.5696284770965576172 1.5357954502105712891 3.4328026771545410156 3.9134314060211181641 3.5637915134429931641 0.46981203556060791016 1.6681466102600097656 0.54746145009994506836 2.8630099296569824219 1.9091732501983642578 1.5796493291854858398 0.76631331443786621094 0.32450562715530395508 1.282618403434753418 0.69857102632522583008 0.75095230340957641602 1.4405835866928100586 3.3346858024597167969 1.004669189453125 2.7550146579742431641 2.0679209232330322266 0.60035657882690429688 3.3906002044677734375 5.3111681938171386719 6.2448763847351074219
1.0061924457550048828 0.80560213327407836914 1.3603632450103759766 1.317263484001159668 1.609803318977355957 4.7025656700134277344 3.5227310657501220703 3.2237551212310791016 1.7009128332138061523 1.0061924457550048828 1.7799820899963378906 2.8862047195434570312 3.0111780166625976562 2.6728351116180419922 4.180301666259765625 3.0352561473846435547 1.6838400363922119141 1.5301816463470458984 3.3478474617004394531 4.6870923042297363281 1.2408815622329711914 1.1208785772323608398 1.3382277488708496094 2.1379246711730957031 0.73459964990615844727 2.4987778663635253906 1.4300076961517333984 0.73459273576736450195 1.063419342041015625 1.2522580623626708984 1.3502726554870605469 0.59186929464340209961 2.0679142475128173828 1.2355726957321166992 2.361843109130859375 4.4548754692077636719 4.9715480804443359375 6.37778472900390625 7.7337131500244140625 6.7234282493591308594
2.4780657291412353516 1.2667217254638671875 1.2920527458190917969 1.9099692106246948242 2.5706129074096679688 3.7584612369537353516 2.1635460853576660156 2.4845826625823974609 2.7878496646881103516 1.5806224346160888672 1.9430615901947021484 1.6702721118927001953 2.2907581329345703125 3.5987982749938964844 3.4008729457855224609 3.5914690494537353516 2.1353070735931396484 1.1172593832015991211 5.0782928466796875 4.1112508773803710938 2.2907388210296630859 2.2461504936218261719 2.4348146915435791016 1.5075193643569946289 0.96300333738327026367 2.4196012020111083984 1.1423504352569580078 1.9840291738510131836 0.88466060161590576172 1.6101180315017700195 1.0836910009384155273 1.4510873556137084961 1.2107445001602172852 0.95668685436248779297 1.6943402290344238281 2.4497303962707519531 3.6273031234741210938 5.4792432785034179688 5.3966956138610839844 5.2419199943542480469
3.5200188159942626953 2.2064001560211181641 0.1006329953670501709 1.3049079179763793945 2.6257023811340332031 3.2863016128540039062 1.9735100269317626953 2.8566212654113769531 2.3571426868438720703 0.89827692508697509766 0.8846435546875 1.7754229307174682617 4.0587353706359863281 3.0985620021820068359 1.4708286523818969727 3.421009063720703125 3.2588181495666503906 3.0951180458068847656 3.2901446819305419922 2.799961090087890625 0.28815290331840515137 1.7570813894271850586 1.2224032878875732422 0.19092290103435516357 0.58672147989273071289 1.9477343559265136719 1.2376259565353393555 1.5774272680282592773 1.28694915771484375 1.0696035623550415039 1.8452837467193603516 1.2178304195404052734 0.2565288245677947998 0.83701944351196289062 0.88236051797866821289 0.80496603250503540039 2.4162442684173583984 3.1990196704864501953 1.2892932891845703125 1.2157386541366577148
3.7747080326080322266 3.0016121864318847656 3.2314269542694091797 2.6433618068695068359 1.2474130392074584961 2.2155499458312988281 2.4347994327545166016 3.5875155925750732422 2.5647094249725341797 0.67498731613159179688 1.2982954978942871094 2.8840985298156738281 3.3433308601379394531 2.4896745681762695312 1.432126164436340332 2.1057417392730712891 2.5467081069946289062 2.4329504966735839844 0.79547923803329467773 2.1028444766998291016 3.2766056060791015625 1.8673696517944335938 1.9017353057861328125 1.4940432310104370117 1.7932856082916259766 2.0561451911926269531 0.61781299114227294922 0.47835814952850341797 0.49396497011184692383 1.6738959550857543945 3.8320705890655517578 4.4249949455261230469 4.6291656494140625 2.8344073295593261719 1.6681326627731323242 2.1763784885406494141 3.3396828174591064453 1.7842218875885009766 1.4292843341827392578 3.4401564598083496094
2.846881866455078125 1.2554761171340942383 1.9534320831298828125 2.1388676166534423828 1.274289250373840332 1.864110112190246582 2.1988062858581542969 2.1064441204071044922 2.7040395736694335938 1.918427586555480957 1.8835561275482177734 2.0922405719757080078 1.9878530502319335938 2.2087016105651855469 1.1031231880187988281 0.37242639064788818359 1.2094962596893310547 2.3541326522827148438 2.8010554313659667969 2.1388840675354003906 2.6995649337768554688 0.31979045271873474121 1.7008903026580810547 1.2826099395751953125 1.3378546237945556641 0.6395499110221862793 1.1888291835784912109 1.3291270732879638672 1.6862523555755615234 2.8961620330810546875 3.2810730934143066406 2.8932058811187744141 4.0111746788024902344 3.6256327629089355469 2.1074156761169433594 2.0561556816101074219 2.6784965991973876953 0.95455592870712280273 1.8586705923080444336 2.6115803718566894531
1.209506988525390625 1.6223105192184448242 1.3241554498672485352 1.8532230854034423828 2.2907557487487792969 2.5373346805572509766 2.5229442119598388672 1.2998572587966918945 1.4093172550201416016 1.9593750238418579102 2.4227442741394042969 2.4583904743194580078 2.5704221725463867188 2.5498683452606201172 0.59782826900482177734 0.51404947042465209961 1.3977744579315185547 1.7008870840072631836 1.8673584461212158203 2.7549943923950195312 2.3240694999694824219 1.5275458097457885742 1.7103803157806396484 1.3898047208786010742 1.8315365314483642578 1.565497279167175293 3.1908094882965087891 4.2946286201477050781 4.2225637435913085938 2.3844273090362548828 2.036357879638671875 1.9070513248443603516 1.2445700168609619141 2.5641102790832519531 0.48151823878288269043 0.54094219207763671875 1.9931648969650268555 0.95509070158004760742 0.62514507770538330078 2.9265475273132324219
0.76893711090087890625 1.1824047565460205078 1.2841789722442626953 1.6994035243988037109 2.852565765380859375 2.2940545082092285156 2.2070760726928710938 1.3423705101013183594 1.543346405029296875 0.82606345415115356445 1.4542095661163330078 2.5892307758331298828 3.8968818187713623047 3.0027766227722167969 0.38448864221572875977 0.85615187883377075195 1.4122045040130615234 0.48674869537353515625 0.38315606117248535156 0.82114076614379882812 0.64350658655166625977 0.93960428237915039062 1.5225465297698974609 2.2763466835021972656 2.0642514228820800781 1.8221156597137451172 2.4906685352325439453 2.6767933368682861328 1.3499056100845336914 1.5654898881912231445 1.1806901693344116211 0.84063935279846191406 1.0504817962646484375 2.0776736736297607422 1.0804120302200317383 1.7498785257339477539 2.7327039241790771484 2.9692623615264892578 3.3614070415496826172 2.9894435405731201172
0.60457497835159301758 0.99404770135879516602 0.52479177713394165039 0.76631027460098266602 1.8056544065475463867 0.15909643471240997314 1.95343017578125 1.3091599941253662109 1.5667829513549804688 1.2376222610473632812 0.94013690948486328125 1.6310315132141113281 3.8879189491271972656 4.2522425651550292969 2.5484874248504638672 2.5465061664581298828 2.0023167133331298828 0.89151364564895629883 0.53337812423706054688 0.80307418107986450195 0.86848652362823486328 0.3150145113468170166 0.6395619511604309082 0.19356943666934967041 0.49499776959419250488 1.1258234977722167969 1.522547602653503418 1.7645565271377563477 1.3427459001541137695 0.73461592197418212891 0.60036939382553100586 0.37106925249099731445 1.1738094091415405273 2.7159869670867919922 3.3995409011840820312 3.0371100902557373047 2.1932933330535888672 1.84474945068359375 2.5042498111724853516 3.6143269538879394531
1.4129011631011962891 0.67646682262420654297 1.6238849163055419922 1.2587157487869262695 1.7017877101898193359 1.2538759708404541016 1.3091653585433959961 1.080884099006652832 1.7097905874252319336 2.2685599327087402344 2.2980334758758544922 2.3275558948516845703 3.0397455692291259766 3.5158414840698242188 3.9678974151611328125 2.3170945644378662109 0.30185577273368835449 0.58500182628631591797 1.1258412599563598633 0.74485564231872558594 0.45000657439231872559 0.70649111270904541016 0.69786226749420166016 0.51799017190933227539 0.92274200916290283203 1.5671025514602661133 2.918781280517578125 4.0144410133361816406 2.1466481685638427734 0.43279692530632019043 0.46980631351470947266 0.58500516414642333984 2.9036562442779541016 5.3068785667419433594 2.6775569915771484375 2.0363686084747314453 0.87371593713760375977 0.60541206598281860352 0.91115921735763549805 1.4722112417221069336
1.5168857574462890625 1.1383581161499023438 2.6173980236053466797 1.9430539608001708984 2.2228474617004394531 3.1093010902404785156 3.6165521144866943359 3.0222291946411132812 2.3740105628967285156 1.3103301525115966797 0.94228452444076538086 2.6358802318572998047 1.7830849885940551758 0.99607789516448974609 2.1324837207794189453 2.3160147666931152344 0.67122256755828857422 1.8145859241485595703 2.1831095218658447266 2.6540327072143554688 0.76629519462585449219 2.0450437068939208984 1.4246723651885986328 0.91777902841567993164 1.8835531473159790039 1.922122955322265625 1.7207133769989013672 1.1113536357879638672 1.1177263259887695312 1.8137621879577636719 0.88236570358276367188 0.74893260002136230469 3.4444158077239990234 4.1238818168640136719 4.39694976806640625 4.6264405250549316406 3.4539425373077392578 4.2117023468017578125 4.3739647865295410156 5.380451202392578125
