wildfire/work/fuelmodels/2004/slope.asc
ncols        256
nrows        180
xllcorner    182095.000000000000
yllcorner    464795.000000000000
cellsize     5.000000000000
NODATA_value   -999
[rows 0 to 17 of 180, columns 40 to 79 of 256]
0 0 0 0 0 0 0 0 0 0 0 0 0 0 0 0 0 0 0 0 0 0 0 0 0 0 0 0 0 0 0 0 0 0 0 0 0 0 0 0
1.282618403434753418 2.5498719215393066406 3.3624570369720458984 4.3541655540466308594 4.4857010841369628906 3.9638395309448242188 3.8427374362945556641 3.6344003677368164062 3.3375689983367919922 2.7749373912811279297 1.821287989616394043 1.5324822664260864258 1.2892998456954956055 0.85675674676895141602 1.2409039735794067383 2.9022819995880126953 2.766712188720703125 2.2907412052154541016 1.6213759183883666992 1.0892581939697265625 1.8022786378860473633 1.6547381877899169922 1.9133906364440917969 2.4951174259185791016 2.6978580951690673828 2.9139146804809570312 2.18218231201171875 1.5390844345092773438 1.2715229988098144531 2.2641115188598632812 2.3842375278472900391 0.75431245565414428711 0.88466060161590576172 1.8003205060958862305 1.7997498512268066406 0.68319165706634521484 3.9963107109069824219 3.6165635585784912109 1.0695880651473999023 1.9534345865249633789
2.5155265331268310547 3.2637884616851806641 4.4020152091979980469 5.8000116348266601562 6.0283479690551757812 5.0763263702392578125 4.7572951316833496094 4.8345828056335449219 5.1833329200744628906 4.6599125862121582031 4.4284224510192871094 4.9638562202453613281 4.3549838066101074219 2.5962550640106201172 1.4625478982925415039 2.1831095218658447266 0.8999665379524230957 0.095467634499073028564 1.0818189382553100586 1.2730972766876220703 2.5925509929656982422 2.4030475616455078125 1.8137687444686889648 2.180568695068359375 2.0033032894134521484 1.4639228582382202148 1.2810280323028564453 0.67648398876190185547 0.20374763011932373047 1.8455677032470703125 2.6179864406585693359 1.2115856409072875977 0.86555868387222290039 0.14230564236640930176 2.6133227348327636719 6.7411160469055175781 7.6290216445922851562 4.6046724319458007812 3.4875566959381103516 3.7559258937835693359
3.4401581287384033203 4.2154088020324707031 4.0931725502014160156 3.9799795150756835938 4.7157588005065917969 4.5152792930603027344 4.2602992057800292969 4.3350114822387695312 5.5745062828063964844 6.1180162429809570312 5.4213171005249023438 4.0414152145385742188 3.6206274032592773438 3.5713107585906982422 3.3170690536499023438 3.0232529640197753906 1.5541431903839111328 0.92931038141250610352 1.3080028295516967773 2.5084812641143798828 3.0259385108947753906 2.3485484123229980469 1.664813995361328125 1.5667885541915893555 1.1837069988250732422 0.70650315284729003906 0.80997949838638305664 0.64428651332855224609 0.45890820026397705078 1.2392598390579223633 2.0679299831390380859 1.0576934814453125 0.7489299774169921875 2.3329763412475585938 5.3192138671875 7.4997529983520507812 5.2878651618957519531 6.2747683525085449219 8.0879421234130859375 6.6191625595092773438
2.6395158767700195312 2.5490689277648925781 2.2593929767608642578 2.6873557567596435547 3.6771039962768554688 3.7876677513122558594 3.5987744331359863281 3.0594677925109863281 3.5676219463348388672 3.9559209346771240234 3.3587083816528320312 3.9607684612274169922 5.1883068084716796875 4.9430799484252929688 3.6299347877502441406 1.3355782032012939453 1.7218784093856811523 2.184268951416015625 2.0759675502777099609 2.2298793792724609375 2.5962567329406738281 2.22896575927734375 1.4896320104598999023 1.0504817962646484375 0.81308531761169433594 1.4635790586471557617 1.2869473695755004883 1.0466268062591552734 1.0804120302200317383 2.4790618419647216797 2.7326998710632324219 2.4823260307312011719 3.8490235805511474609 5.0663886070251464844 4.8901553153991699219 4.7371988296508789062 3.6050913333892822266 2.7894816398620605469 8.944408416748046875 11.615411758422851562
1.2294175624847412109 1.0466173887252807617 0.67122429609298706055 1.6608577966690063477 2.6055743694305419922 3.2092854976654052734 3.2149600982666015625 2.2337243556976318359 1.957309722900390625 3.4254608154296875 4.7324194908142089844 5.1882882118225097656 5.4316148757934570312 3.8833889961242675781 1.7753961086273193359 1.5908271074295043945 2.5768887996673583984 2.6948654651641845703 2.4886500835418701172 2.0065922737121582031 2.0482578277587890625 0.94441896677017211914 1.7910348176956176758 1.5911469459533691406 0.93635797500610351562 0.74281102418899536133 1.3945270776748657227 1.2873368263244628906 3.3190469741821289062 4.6944060325622558594 5.7304973602294921875 7.3247890472412109375 8.4153842926025390625 7.4124951362609863281 5.1325101852416992188 2.5609486103057861328 2.8869116306304931641 3.9355640411376953125 9.3243780136108398438 13.209786415100097656
1.3828624486923217773 1.3355683088302612305 1.1733858585357666016 1.9112938642501831055 2.2086787223815917969 3.1009886264801025391 3.0083460807800292969 2.6404693126678466797 3.8017630577087402344 4.626461029052734375 5.5192008018493652344 5.8101429939270019531 4.4928836822509765625 2.2499980926513671875 1.3666534423828125 1.6934266090393066406 2.1018683910369873047 2.9758768081665039062 2.70555877685546875 2.0032968521118164062 0.9985987544059753418 1.0934693813323974609 2.6133463382720947266 1.5511994361877441406 1.5671037435531616211 0.62675458192825317383 1.4570089578628540039 2.0203926563262939453 4.9474472999572753906 6.2616100311279296875 7.5216550827026367188 9.4843778610229492188 9.3932638168334960938 7.6109209060668945312 5.3610186576843261719 2.9600594043731689453 3.3292305469512939453 6.4130263328552246094 9.8078737258911132812 10.131859779357910156
2.4528095722198486328 2.2070746421813964844 2.3950290679931640625 2.9326183795928955078 3.2999777793884277344 3.9432642459869384766 3.6891787052154541016 4.1079287528991699219 5.0067224502563476562 5.8060131072998046875 6.7076387405395507812 5.3409523963928222656 2.8763804435729980469 0.87373274564743041992 0.300189971923828125 0.15911585092544555664 1.9155136346817016602 2.8937225341796875 1.3618500232696533203 0.50911098718643188477 0.91833907365798950195 1.4804292917251586914 1.4317729473114013672 0.76893711090087890625 1.489640355110168457 0.65596282482147216797 1.5288653373718261719 2.7623107433319091797 6.4179615974426269531 7.980487823486328125 7.8217487335205078125 7.9374256134033203125 7.7789545059204101562 7.0524539947509765625 5.1379022598266601562 3.8797309398651123047 4.4531927108764648438 2.8010554313659667969 5.6625990867614746094 6.6939868927001953125
3.8682692050933837891 3.7133228778839111328 3.9458258152008056641 4.027271270751953125 3.7412467002868652344 3.8859887123107910156 4.171344757080078125 5.0866241455078125 5.4666476249694824219 6.3674769401550292969 4.9881639480590820312 2.0385987758636474609 1.2885147333145141602 0.61204612255096435547 0.81123703718185424805 1.1582087278366088867 2.0121335983276367188 2.2461504936218261719 1.3506335020065307617 1.3536218404769897461 0.78585427999496459961 0.81807208061218261719 1.7053663730621337891 2.4993996620178222656 2.2623069286346435547 1.2920378446578979492 1.9676302671432495117 4.2664632797241210938 7.976665496826171875 8.7108001708984375 7.2161989212036132812 9.3382902145385742188 11.291665077209472656 11.947355270385742188 10.76428985595703125 2.7740154266357421875 5.4943280220031738281 6.3105740547180175781 6.0783944129943847656 5.7523331642150878906
5.4832172393798828125 5.2891144752502441406 5.1095800399780273438 4.5980000495910644531 3.8457453250885009766 3.8008263111114501953 4.4869184494018554688 5.6060194969177246094 5.9458141326904296875 6.0486912727355957031 3.7209260463714599609 1.3802956342697143555 0.65597987174987792969 0.51406067609786987305 1.4489965438842773438 2.4045116901397705078 1.8824734687805175781 0.61122888326644897461 1.0403305292129516602 1.2619316577911376953 1.1472193002700805664 0.84245562553405761719 2.0023052692413330078 3.0277717113494873047 3.1567428112030029297 2.2810242176055908203 4.3937292098999023438 6.4190521240234375 8.4675512313842773438 8.65996551513671875 5.5996365547180175781 10.106824874877929688 8.5712909698486328125 10.341541290283203125 12.420691490173339844 4.8704247474670410156 8.5170392990112304688 8.6206254959106445312 6.7862830162048339844 5.0123658180236816406
6.0691080093383789062 5.6033196449279785156 4.9221158027648925781 4.0523772239685058594 4.05187225341796875 4.8861145973205566406 5.5462160110473632812 6.6760163307189941406 6.9318165779113769531 7.2299675941467285156 6.7891545295715332031 6.0057516098022460938 4.0428800582885742188 2.2533464431762695312 1.851060032844543457 1.1581918001174926758 0.99455583095550537109 1.6702721118927001953 2.2045664787292480469 2.1279788017272949219 2.1682448387145996094 2.2118957042694091797 3.2981159687042236328 4.1829376220703125 4.0308856964111328125 4.8005495071411132812 6.4993691444396972656 6.6183385848999023438 8.4244279861450195312 7.4162735939025878906 1.8469244241714477539 9.6483058929443359375 16.507448196411132812 18.070886611938476562 13.43836212158203125 10.652086257934570312 10.277279853820800781 6.3667359352111816406 5.1414408683776855469 3.7235152721405029297
5.0413384437561035156 4.9468455314636230469 4.7311310768127441406 4.4534053802490234375 4.578525543212890625 5.561367034912109375 6.4261837005615234375 7.4988245964050292969 8.5071010589599609375 9.5382299423217773438 8.758426666259765625 8.0971240997314453125 7.096530914306640625 4.96047210693359375 3.1707949638366699219 1.7405905723571777344 2.2774541378021240234 1.9755795001983642578 1.4831568002700805664 1.7963860034942626953 3.6693947315216064453 4.7954926490783691406 5.7518725395202636719 4.6654086112976074219 3.8717820644378662109 5.6135725975036621094 7.350551605224609375 8.39060211181640625 9.4469289779663085938 8.2805490493774414062 8.3326139450073242188 10.122770309448242188 13.233263015747070312 14.110525131225585938 12.023859977722167969 10.483184814453125 7.3247151374816894531 4.2053318023681640625 4.1890964508056640625 3.4202771186828613281
3.5187108516693115234 3.5992102622985839844 3.6474590301513671875 3.6947839260101318359 3.7694835662841796875 5.0882334709167480469 6.649181365966796875 8.7751445770263671875 10.656689643859863281 10.659946441650390625 8.4823598861694335938 7.8917889595031738281 7.4586477279663085938 6.3489441871643066406 4.0094141960144042969 1.1811311244964599609 1.4639246463775634766 0.51010400056838989258 0.91114908456802368164 3.3744699954986572266 5.8834214210510253906 7.027561187744140625 6.5523829460144042969 4.56508636474609375 4.5322461128234863281 6.0565104484558105469 6.4868307113647460938 8.5782299041748046875 9.6569147109985351562 10.140109062194824219 10.664915084838867188 9.4862375259399414062 8.863315582275390625 8.6835479736328125 8.6029052734375 7.5402379035949707031 4.6750502586364746094 3.4195427894592285156 3.6027095317840576172 2.4815280437469482422
1.2380391359329223633 0.54094219207763671875 0.45890143513679504395 1.1172593832015991211 2.7981650829315185547 5.982509613037109375 8.4878320693969726562 10.171077728271484375 11.081319808959960938 10.043031692504882812 7.5553946495056152344 8.5082063674926757812 8.5974569320678710938 6.6488661766052246094 5.0116496086120605469 1.3814004659652709961 0.73252904415130615234 1.8551334142684936523 3.4367761611938476562 6.1369681358337402344 7.9366049766540527344 7.930660247802734375 6.0069470405578613281 4.1042504310607910156 4.5790863037109375 5.8765850067138671875 5.6969838142395019531 7.2395234107971191406 7.9204349517822265625 7.0624332427978515625 7.3878107070922851562 8.0859804153442382812 8.3957948684692382812 6.9880852699279785156 4.7922425270080566406 4.3113198280334472656 3.8040301799774169922 2.8450908660888671875 2.1960604190826416016 1.1113870143890380859
0.68317526578903198242 0.61204612255096435547 0.50310313701629638672 2.0371220111846923828 4.1226625442504882812 7.6885128021240234375 9.0877361297607421875 8.7774267196655273438 9.838954925537109375 12.023663520812988281 12.29988861083984375 14.843889236450195312 13.095897674560546875 7.9292721748352050781 5.8786234855651855469 2.967563629150390625 1.9888674020767211914 3.5429010391235351562 5.2423992156982421875 7.4988131523132324219 8.7881174087524414062 8.1220693588256835938 5.8417921066284179688 3.9748961925506591797 4.9917035102844238281 5.4048357009887695312 4.6420040130615234375 5.8460836410522460938 6.6109600067138671875 5.7111325263977050781 5.4212107658386230469 5.2826313972473144531 5.4471721649169921875 4.7550625801086425781 3.578098297119140625 3.2784674167633056641 2.05712127685546875 1.5354636907577514648 1.5285401344299316406 0.63638067245483398438
1.6702841520309448242 1.1356977224349975586 1.3172658681869506836 3.0820386409759521484 4.9544911384582519531 8.0921583175659179688 8.1144285202026367188 6.7850217819213867188 8.8527002334594726562 12.729871749877929688 8.2193727493286132812 14.435051918029785156 17.565595626831054688 10.931679725646972656 6.6391768455505371094 4.5324740409851074219 4.1721906661987304688 5.231525421142578125 6.5327253341674804688 8.8493280410766601562 9.6080884933471679688 7.1119408607482910156 4.1847743988037109375 2.8869211673736572266 4.8037137985229492188 5.3220720291137695312 4.5957055091857910156 5.2196683883666992188 5.3213925361633300781 4.4453454017639160156 4.656764984130859375 4.0484023094177246094 3.2487359046936035156 2.5647153854370117188 3.1897132396697998047 2.4651699066162109375 0.89603209495544433594 1.1811258792877197266 1.3506453037261962891 0.91171443462371826172
1.8008880615234375 2.0083551406860351562 2.2623288631439208984 3.9366023540496826172 5.574764251708984375 8.1052732467651367188 7.2962937355041503906 5.1060194969177246094 7.3368387222290039062 12.627292633056640625 10.585575103759765625 9.5691967010498046875 17.322292327880859375 13.398068428039550781 7.6422224044799804688 6.1105952262878417969 6.6225833892822265625 7.3902654647827148438 8.7660741806030273438 10.425306320190429688 8.75328826904296875 4.7249388694763183594 2.5259556770324707031 2.4428980350494384766 3.6908192634582519531 4.2116951942443847656 4.9092006683349609375 5.9260530471801757812 6.1664023399353027344 5.5177135467529296875 4.47835540771484375 3.4944949150085449219 2.0922360420227050781 1.2195047140121459961 1.6198191642761230469 1.4691107273101806641 3.3018109798431396484 3.6031270027160644531 3.229381561279296875 2.9554474353790283203
0.5736204981803894043 1.6535041332244873047 2.9270796775817871094 4.1822385787963867188 5.3855071067810058594 7.5295834541320800781 7.1292786598205566406 5.9184751510620117188 7.5210576057434082031 9.7808485031127929688 7.2528104782104492188 12.033105850219726562 17.5619049072265625 13.009793281555175781 7.8313555717468261719 7.2117581367492675781 8.102069854736328125 8.2830295562744140625 8.8518505096435546875 8.4413738250732421875 5.2123188972473144531 2.5411233901977539062 2.3221046924591064453 2.9057531356811523438 3.4186587333679199219 4.8573594093322753906 5.8607912063598632812 6.410831451416015625 6.10878753662109375 5.1175751686096191406 3.7523047924041748047 2.6751055717468261719 2.1317527294158935547 2.0363786220550537109 2.5016222000122070312 4.5785474777221679688 7.093647003173828125 7.1763167381286621094 6.0010805130004882812 5.4062256813049316406
