wildfire/work/fuelmodels/2004/slope.asc
ncols        256
nrows        180
xllcorner    182095.000000000000
yllcorner    464795.000000000000
cellsize     5.000000000000
NODATA_value   -999
[rows 162 to 179 of 180, columns 160 to 199 of 256]
2.7994189262390136719 2.2810199260711669922 2.140056610107421875 2.2196478843688964844 1.4377585649490356445 0.53338968753814697266 0.62676566839218139648 0.77484029531478881836 1.1045092344284057617 1.9941993951797485352 3.1021354198455810547 4.4810695648193359375 4.2049765586853027344 2.9305298328399658203 1.9302446842193603516 2.2607555389404296875 0.81121182441711425781 0.91003304719924926758 1.2554899454116821289 1.0695930719375610352 1.2826180458068847656 1.6790363788604736328 1.2982990741729736328 1.2778708934783935547 1.0860240459442138672 3.4864068031311035156 3.5417621135711669922 1.6079115867614746094 1.8496763706207275391 1.784224390983581543 0.78588581085205078125 0.60541141033172607422 0.94924467802047729492 1.4666945934295654297 3.1758773326873779297 2.9336352348327636719 2.1229586601257324219 2.5293614864349365234 4.0624799728393554688 6.4651880264282226562
1.7614053487777709961 1.5248930454254150391 1.0246289968490600586 0.35574242472648620605 0.54466712474822998047 0.58671623468399047852 0.82606673240661621094 0.49805146455764770508 0.2624098658561706543 1.0112252235412597656 1.4957401752471923828 2.5267550945281982422 1.8988041877746582031 0.84725540876388549805 0.72558492422103881836 2.0603153705596923828 2.2589526176452636719 1.6910461187362670898 1.4132521152496337891 0.93580347299575805664 0.38315406441688537598 0.87776768207550048828 1.0504938364028930664 2.3996632099151611328 3.0616238117218017578 3.2766053676605224609 1.7521799802780151367 0.89603209495544433594 2.8637096881866455078 2.2079916000366210938 1.4317898750305175781 1.1824047565460205078 0.71148681640625 0.65597522258758544922 1.9466981887817382812 2.3083648681640625 2.1431319713592529297 1.8290342092514038086 2.1222581863403320312 2.8068201541900634766
0.41364583373069763184 1.2277851104736328125 0.74010455608367919922 0.45557183027267456055 1.1564363241195678711 1.0836817026138305664 1.2115812301635742188 0.99657911062240600586 0.84003812074661254883 1.2762738466262817383 0.94441896677017211914 1.2090831995010375977 2.6032645702362060547 1.3276118040084838867 0.67423892021179199219 1.6889340877532958984 1.9417393207550048828 1.8942663669586181641 1.8795315027236938477 2.1374566555023193359 0.60790181159973144531 0.63160061836242675781 1.4957306385040283203 3.1245355606079101562 3.1896829605102539062 2.4888384342193603516 1.2522689104080200195 1.1564483642578125 2.2499897480010986328 2.4536433219909667969 1.8179533481597900391 1.8600227832794189453 1.0127004384994506836 1.1136217117309570312 0.86907434463500976562 0.84903162717819213867 1.9534450769424438477 1.2587010860443115234 0.66895878314971923828 1.0971533060073852539
1.3618477582931518555 1.9091863632202148438 1.0672132968902587891 0.50310313701629638672 0.96981477737426757812 0.26239809393882751465 0.13119785487651824951 0.89093369245529174805 0.63401496410369873047 0.69784295558929443359 1.2731096744537353516 1.511551976203918457 2.1067192554473876953 1.4855568408966064453 1.337856292724609375 1.5908075571060180664 1.3355611562728881836 0.70001333951950073242 0.90446960926055908203 2.0022945404052734375 0.81308960914611816406 0.52956283092498779297 1.5911374092102050781 4.1363501548767089844 2.9014089107513427734 1.6970175504684448242 0.86556136608123779297 1.0892702341079711914 0.40749129652976989746 1.9778921604156494141 0.63398814201354980469 1.8897054195404052734 0.26999679207801818848 1.7648324966430664062 0.86848837137222290039 0.89659577608108520508 2.9818413257598876953 2.9880940914154052734 2.4706985950469970703 1.6129397153854370117
2.1150879859924316406 2.1074097156524658203 1.063404083251953125 0.44660627841949462891 0.48150941729545593262 0.72628790140151977539 0.78588140010833740234 0.49703046679496765137 1.4759856462478637695 1.4514299631118774414 1.5538176298141479492 1.5564296245574951172 1.1190893650054931641 0.44660711288452148438 0.72558915615081787109 1.3736650943756103516 0.82114350795745849609 0.8297545313835144043 2.0718388557434082031 1.4649615287780761719 0.64428049325942993164 1.4957306385040283203 1.8160036802291870117 3.2443714141845703125 2.5780706405639648438 1.6110411882400512695 0.62514817714691162109 0.54185193777084350586 0.85675489902496337891 1.5433673858642578125 1.1177130937576293945 2.0405781269073486328 0.4148711860179901123 1.6325715780258178711 0.96196705102920532227 2.3765838146209716797 4.1635875701904296875 2.9963667392730712891 3.0772705078125 2.5371532440185546875
2.1768484115600585938 0.59185957908630371094 0.97136366367340087891 0.72627139091491699219 0.40249493718147277832 0.55570113658905029297 1.1330105066299438477 1.1045116186141967773 1.3662996292114257812 1.5495811700820922852 0.7741839289665222168 0.54929375648498535156 1.4189962148666381836 1.5987640619277954102 0.81309145689010620117 0.47302430868148803711 0.85675805807113647461 1.6946429014205932617 1.8257116079330444336 0.95720309019088745117 0.81309145689010620117 1.6050729751586914062 1.3382346630096435547 1.8673752546310424805 3.3433406352996826172 3.1644110679626464844 2.5991654396057128906 2.1341264247894287109 1.2380285263061523438 1.1208935976028442383 1.3080190420150756836 1.9229019880294799805 0.54744452238082885742 1.7943956851959228516 1.3618477582931518555 2.7262330055236816406 3.5507214069366455078 2.3861260414123535156 1.178980708122253418 0.81121993064880371094
2.0715849399566650391 1.1276286840438842773 1.0422478914260864258 1.0591160058975219727 0.78005731105804443359 1.1154481172561645508 1.5716148614883422852 1.2841961383819580078 0.063641056418418884277 1.2727195024490356445 0.57363325357437133789 1.5169038772583007812 1.3916069269180297852 0.7695954442024230957 0.42690864205360412598 0.51307308673858642578 1.0934693813323974609 1.4189913272857666016 1.8411686420440673828 1.2790606021881103516 0.69786065816879272461 1.5235595703125 2.6065514087677001953 2.0146305561065673828 0.91115421056747436523 0.59445804357528686523 1.4801089763641357422 2.4070348739624023438 2.4749817848205566406 2.1865901947021484375 1.3378667831420898438 1.6304113864898681641 0.72559237480163574219 1.9653021097183227539 1.7648432254791259766 2.5072851181030273438 2.4045174121856689453 1.9735343456268310547 1.2762746810913085938 1.7207046747207641602
1.4957356452941894531 1.7639766931533813477 1.3685014247894287109 1.279059290885925293 0.67123526334762573242 0.91834789514541625977 1.7671340703964233398 1.7955422401428222656 1.260730743408203125 1.1026780605316162109 0.48152142763137817383 1.565499424934387207 0.67123526334762573242 0.70650255680084228516 0.45891830325126647949 1.279059290885925293 0.83521765470504760742 0.62756699323654174805 2.0932009220123291016 2.6758601665496826172 1.9059807062149047852 1.1476457118988037109 1.1423450708389282227 2.3618288040161132812 1.5275217294692993164 0.36280366778373718262 0.99658614397048950195 1.3153405189514160156 1.41219329833984375 2.7776474952697753906 1.7748497724533081055 2.2696616649627685547 0.51010477542877197266 1.8359234333038330078 1.7913008928298950195 2.7776691913604736328 1.7918851375579833984 1.6110651493072509766 2.2280621528625488281 3.1725409030914306641
0.15909643471240997314 1.2869455814361572266 1.094834446907043457 0.22500813007354736328 0.57627308368682861328 0.64349639415740966797 0.67123639583587646484 2.2607462406158447266 3.6295330524444580078 2.2969155311584472656 0.54743045568466186523 0.92328107357025146484 1.2762858867645263672 0.27001395821571350098 0.49500632286071777344 0.61205178499221801758 0.66210567951202392578 1.0186812877655029297 0.44658288359642028809 1.267116546630859375 0.92657512426376342773 0.52477699518203735352 0.74010455608367919922 1.9719865322113037109 2.4776234626770019531 2.0326251983642578125 1.2289870977401733398 0.73803794384002685547 2.6148784160614013672 3.5463175773620605469 1.6110670566558837891 3.2314088344573974609 1.8974653482437133789 1.304510951042175293 1.3725709915161132812 2.5704126358032226562 1.5946359634399414062 2.2326157093048095703 3.5324780941009521484 3.5106594562530517578
0.47302839159965515137 0.46982273459434509277 0.66897320747375488281 0.88465839624404907227 0.99404001235961914062 0.88636612892150878906 0.38446754217147827148 1.5235488414764404297 1.4374120235443115234 2.8251302242279052734 1.9406908750534057617 0.86554884910583496094 1.3367066383361816406 1.5195811986923217773 0.16224621236324310303 0.44206446409225463867 0.38315406441688537598 0.7663123011589050293 0.46979066729545593262 1.4229118824005126953 1.1177383661270141602 0.36281219124794006348 0.74894452095031738281 1.5668046474456787109 2.0922462940216064453 2.1153302192687988281 0.95349472761154174805 1.3056795597076416016 2.7667272090911865234 3.3975887298583984375 2.6328041553497314453 3.2166726589202880859 3.6816172599792480469 2.3463835716247558594 2.8763825893402099609 4.1800484657287597656 3.5670599937438964844 3.7844781875610351562 4.1664967536926269531 2.7089023590087890625
1.4461972713470458984 0.91004025936126708984 1.4064571857452392578 1.9789215326309204102 1.736803889274597168 1.8529405593872070312 1.6865388154983520508 0.40247574448585510254 1.3321691751480102539 1.6547509431838989258 1.5278558731079101562 0.73802429437637329102 0.66820073127746582031 1.4207847118377685547 1.2920548915863037109 1.0504934787750244141 1.1673277616500854492 1.3666542768478393555 1.6648020744323730469 1.65445709228515625 1.0860251188278198242 0.89150232076644897461 0.50311774015426635742 0.25456359982490539551 0.85674631595611572266 1.6378512382507324219 0.93634808063507080078 1.7648382186889648438 3.1153187751770019531 3.9821183681488037109 3.9421045780181884766 1.7103906869888305664 2.9511568546295166016 3.0152149200439453125 4.9130921363830566406 7.0528168678283691406 5.867664337158203125 2.7710933685302734375 2.4628911018371582031 2.0153772830963134766
0.80496603250503540039 0.75900000333786010742 0.3001861274242401123 1.3948858976364135742 1.2550938129425048828 0.86147594451904296875 1.0533879995346069336 1.289311528205871582 0.79036360979080200195 1.4639128446578979492 2.3257982730865478516 2.1858921051025390625 1.7336094379425048828 1.9467005729675292969 3.0985581874847412109 2.3353483676910400391 2.5960409641265869141 2.6479234695434570312 2.0951445102691650391 1.5667837858200073242 0.49497199058532714844 0.47730231285095214844 0.7269789576530456543 1.2983161211013793945 1.655680537223815918 1.8359410762786865234 1.323393702507019043 1.9221216440200805664 3.7413740158081054688 3.8424611091613769531 1.9860589504241943359 1.5978157520294189453 0.15911585092544555664 3.8424770832061767578 6.6167440414428710938 6.7184305191040039062 4.2099151611328125 4.3340697288513183594 1.6060204505920410156 3.5461659431457519531
0.62677061557769775391 0.45558622479438781738 1.867354273796081543 2.4063985347747802734 2.7948958873748779297 3.6551797389984130859 4.8814744949340820312 4.6387314796447753906 3.2314100265502929688 2.8015787601470947266 3.80348968505859375 3.3696689605712890625 3.3516242504119873047 3.6838178634643554688 3.5762534141540527344 2.4445569515228271484 2.8138396739959716797 3.1941411495208740234 2.8644034862518310547 1.8706034421920776367 1.5538086891174316406 1.1244925260543823242 1.418992161750793457 1.9931807518005371094 1.9778954982757568359 1.4003159999847412109 1.412919163703918457 1.9258100986480712891 2.5419170856475830078 3.3829770088195800781 2.5155265331268310547 1.3707262277603149414 3.6098651885986328125 6.143524169921875 5.7979111671447753906 4.5467934608459472656 2.9161763191223144531 6.338497161865234375 3.4414715766906738281 1.7997668981552124023
0.45224240422248840332 0.63159143924713134766 2.0701196193695068359 1.3945270776748657227 0.29336386919021606445 2.7562849521636962891 3.4667775630950927734 3.2567894458770751953 4.0963611602783203125 4.793613433837890625 5.498065948486328125 5.0806827545166015625 5.1032462120056152344 4.1770243644714355469 2.7500336170196533203 2.2198810577392578125 2.6241557598114013672 3.1037714481353759766 3.6838178634643554688 3.257434844970703125 2.7068743705749511719 2.5538511276245117188 2.3912291526794433594 1.7221782207489013672 1.332539677619934082 1.3091706037521362305 1.6654183864593505859 1.6519975662231445312 0.77679908275604248047 1.7918584346771240234 2.7623276710510253906 3.9042694568634033203 5.9511356353759765625 5.18877410888671875 2.5181267261505126953 2.3414180278778076172 1.3502689599990844727 5.8031382560729980469 5.2052526473999023438 1.590809941291809082
1.4790689945220947266 1.0246354341506958008 1.9676291942596435547 1.8411705493927001953 0.89602386951446533203 3.0027906894683837891 3.0789141654968261719 0.45000484585762023926 1.7785509824752807617 2.4643366336822509766 3.3510167598724365234 2.0835268497467041016 1.6790409088134765625 1.7547833919525146484 2.5960552692413330078 2.5072581768035888672 1.7221722602844238281 1.5651729106903076172 2.0679299831390380859 2.9588568210601806641 3.9269626140594482422 3.447788238525390625 2.0383629798889160156 1.3770053386688232422 1.1136338710784912109 1.6213792562484741211 1.8444610834121704102 1.4317606687545776367 1.2892965078353881836 2.3399040699005126953 3.9411983489990234375 4.9487934112548828125 5.2764239311218261719 3.2237446308135986328 0.99097096920013427734 1.9027920961380004883 1.0226411819458007812 4.4067111015319824219 5.0549130439758300781 2.8877716064453125
1.4691107273101806641 1.3321534395217895508 1.9778825044631958008 2.5233402252197265625 1.6424688100814819336 2.1551389694213867188 2.7994287014007568359 1.8902579545974731445 1.2095016241073608398 1.1811249256134033203 2.0531835556030273438 1.6937336921691894531 1.2986824512481689453 0.87371766567230224609 1.5367805957794189453 1.3080028295516967773 1.1943268775939941406 1.279059290885925293 1.2195190191268920898 1.1330105066299438477 1.9635126590728759766 3.2505941390991210938 3.3255960941314697266 3.7873930931091308594 4.0697803497314453125 3.8395648002624511719 2.4114353656768798828 0.57363325357437133789 1.5209091901779174805 3.3636751174926757812 4.9019942283630371094 4.5821881294250488281 4.1726942062377929688 2.5229501724243164062 0.94603145122528076172 2.1267688274383544922 2.7703614234924316406 4.7252645492553710938 4.9172916412353515625 2.3039557933807373047
0.48571979999542236328 0.64900285005569458008 1.7359243631362915039 2.7291731834411621094 2.2499811649322509766 1.2157615423202514648 2.2499804496765136719 3.0056562423706054688 1.5799731016159057617 1.2735006809234619141 1.4953970909118652344 0.21346093714237213135 0.39358249306678771973 0.92493665218353271484 2.1670684814453125 1.6213759183883666992 0.99860918521881103516 1.3592370748519897461 1.1370371580123901367 0.37243470549583435059 1.3725794553756713867 1.802005767822265625 3.5534327030181884766 4.1402440071105957031 4.3909902572631835938 4.184169769287109375 3.6527123451232910156 2.1153326034545898438 3.1935138702392578125 5.5598282814025878906 5.3428387641906738281 3.7598395347595214844 2.4643461704254150391 1.3736796379089355469 2.5876588821411132812 3.9371066093444824219 5.0259227752685546875 4.3802838325500488281 2.7905440330505371094 1.4855546951293945312
0 0 0 0 0 0 0 0 0 0 0 0 0 0 0 0 0 0 0 0 0 0 0 0 0 0 0 0 0 0 0 0 0 0 0 0 0 0 0 0
