wildfire/work/fuelmodels/2004/slope.asc
ncols        256
nrows        180
xllcorner    182095.000000000000
yllcorner    464795.000000000000
cellsize     5.000000000000
NODATA_value   -999
[rows 54 to 71 of 180, columns 0 to 39 of 256]
0 1.7932825088500976562 5.7044248580932617188 2.9650030136108398438 1.7124562263488769531 2.1006829738616943359 2.1153206825256347656 2.3571310043334960938 3.1801807880401611328 3.2696633338928222656 2.3411998748779296875 1.4331797361373901367 0.51406294107437133789 1.1190761327743530273 3.2443654537200927734 6.8808932304382324219 5.5646300315856933594 1.3970713615417480469 4.9127902984619140625 5.9660844802856445312 4.2947659492492675781 2.7513279914855957031 6.0885744094848632812 7.7523579597473144531 8.2887115478515625 5.6135816574096679688 1.8455578088760375977 3.5429010391235351562 3.9760200977325439453 3.0277650356292724609 4.8028588294982910156 6.6916608810424804688 7.1134309768676757812 6.8604936599731445312 5.8252115249633789062 4.5820546150207519531 3.1750893592834472656 2.2244386672973632812 1.6826475858688354492 1.4300076961517333984
0 4.4462614059448242188 5.4349422454833984375 1.0691131353378295898 3.7184844017028808594 2.8021256923675537109 2.2155442237854003906 1.8496710062026977539 1.5946412086486816406 0.95720881223678588867 1.0504865646362304688 2.385929107666015625 3.0772771835327148438 3.6727025508880615234 5.5038361549377441406 4.1027736663818359375 4.3896164894104003906 10.145607948303222656 11.123007774353027344 8.635467529296875 5.6889538764953613281 5.4914708137512207031 7.3973793983459472656 7.4766316413879394531 6.3086729049682617188 5.0580277442932128906 5.8204665184020996094 5.3066058158874511719 4.0343985557556152344 4.4067187309265136719 7.6083049774169921875 8.1247196197509765625 7.3810148239135742188 6.1959471702575683594 4.0801849365234375 2.89530181884765625 2.2271673679351806641 2.0630300045013427734 2.2198836803436279297 1.7887651920318603516
0 5.3471822738647460938 3.0302650928497314453 1.1981490850448608398 2.8672246932983398438 2.27657318115234375 0.73254120349884033203 1.1330057382583618164 1.0818157196044921875 1.2412995100021362305 1.8835548162460327148 3.0304300785064697266 2.9677290916442871094 1.1454470157623291016 2.6003370285034179688 7.0374245643615722656 10.705865859985351562 8.7573499679565429688 4.7880306243896484375 1.6970227956771850586 5.14820098876953125 7.3636636734008789062 7.6555938720703125 5.72002410888671875 4.9566369056701660156 5.1615037918090820312 3.6957268714904785156 3.5002858638763427734 4.6547045707702636719 7.168270111083984375 9.82573699951171875 8.5157222747802734375 6.0937705039978027344 3.5417618751525878906 2.2063953876495361328 2.5373456478118896484 2.37998199462890625 2.7306611537933349609 2.5498700141906738281 1.7221757173538208008
0 3.9534900188446044922 1.5038279294967651367 0.84004521369934082031 2.6790680885314941406 1.9477294683456420898 2.1447691917419433594 4.9345040321350097656 5.3509593009948730469 3.9371113777160644531 1.8011605739593505859 2.3171029090881347656 2.2696754932403564453 3.7971160411834716797 6.1808328628540039062 7.8406219482421875 4.4765729904174804688 2.4864072799682617188 5.7773151397705078125 4.4738759994506835938 4.3103642463684082031 6.5181570053100585938 7.5327749252319335938 5.4721622467041015625 4.3660869598388671875 4.8078961372375488281 4.4221286773681640625 5.6297731399536132812 8.3179388046264648438 10.495801925659179688 10.5142059326171875 7.2623133659362792969 3.8807923793792724609 1.7842389345169067383 2.2594053745269775391 2.6728355884552001953 2.052448272705078125 1.8600373268127441406 0.17135298252105712891 2.1794075965881347656
0 0.72629314661026000977 2.5040395259857177734 4.2961831092834472656 3.2588295936584472656 0.071158289909362792969 3.9681558609008789062 5.7840261459350585938 4.1528034210205078125 4.0218782424926757812 1.8235048055648803711 1.0388641357421875 3.2909226417541503906 4.4944596290588378906 4.1721954345703125 2.4254491329193115234 4.5914092063903808594 9.0218267440795898438 6.820770263671875 4.7657604217529296875 2.2086799144744873047 5.6126704216003417969 6.3569459915161132812 6.3546481132507324219 5.3474640846252441406 5.7202997207641601562 7.9951090812683105469 10.259454727172851562 10.567976951599121094 8.844135284423828125 6.9718999862670898438 3.9003822803497314453 2.7776556015014648438 2.5139055252075195312 2.6525082588195800781 2.82959747314453125 1.9801852703094482422 1.1913621425628662109 1.069590449333190918 3.6714646816253662109
0 5.607818603515625 8.2772235870361328125 7.1434903144836425781 4.287700653076171875 2.9022846221923828125 3.6783444881439208984 3.5864105224609375 2.4298303127288818359 2.1088726520538330078 1.8513164520263671875 2.0383493900299072266 1.9819843769073486328 2.0294032096862792969 1.8867751359939575195 0.97606039047241210938 5.2898654937744140625 7.1356282234191894531 6.6494746208190917969 7.2786092758178710938 3.3205771446228027344 5.4502153396606445312 4.9501171112060546875 5.7312870025634765625 6.4268050193786621094 7.7924127578735351562 9.5365695953369140625 9.823200225830078125 8.154804229736328125 5.5855932235717773438 3.9170460700988769531 2.4196035861968994141 2.8952994346618652344 3.2387585639953613281 2.6241517066955566406 2.0876436233520507812 1.124936223030090332 0.95720297098159790039 2.7905519008636474609 4.8254809379577636719
0 9.5931329727172851562 7.1289305686950683594 4.5984311103820800781 5.4792470932006835938 4.8786983489990234375 2.9627926349639892578 3.0397601127624511719 2.5233571529388427734 1.0201755762100219727 1.1956095695495605469 3.5705976486206054688 3.0357651710510253906 2.4575521945953369141 2.6102364063262939453 3.0616288185119628906 6.3995165824890136719 10.837860107421875 10.271322250366210938 5.6729168891906738281 3.0938208103179931641 4.0106739997863769531 3.0442454814910888672 4.3088469505310058594 5.4497523307800292969 6.0855078697204589844 5.7833147048950195312 4.8354086875915527344 4.1836791038513183594 3.9077534675598144531 3.3713197708129882812 2.6758589744567871094 2.8961772918701171875 3.5128347873687744141 3.6006174087524414062 2.8628249168395996094 1.4510873556137084961 1.3861528635025024414 4.3839659690856933594 4.4116177558898925781
0 6.7991485595703125 2.8777942657470703125 3.9115059375762939453 5.4752984046936035156 5.2366247177124023438 2.5960602760314941406 1.9819806814193725586 3.417911529541015625 4.163600921630859375 3.0098445415496826172 4.4995059967041015625 4.8573546409606933594 4.5080213546752929688 4.7943501472473144531 5.1637463569641113281 6.3777933120727539062 6.8809652328491210938 6.1995987892150878906 3.600605010986328125 3.9976911544799804688 3.0726683139801025391 2.0980355739593505859 3.1691935062408447266 3.3528344631195068359 3.4320681095123291016 3.5428936481475830078 3.6260514259338378906 3.7923243045806884766 3.743671417236328125 3.8237581253051757812 3.3841867446899414062 2.9470460414886474609 3.0259211063385009766 3.1300330162048339844 2.9982295036315917969 2.5457043647766113281 3.9759068489074707031 5.464984893798828125 2.2380299568176269531
0 2.9194712638854980469 2.1939768791198730469 4.1473298072814941406 5.4607434272766113281 5.289478302001953125 3.7848579883575439453 4.0027384757995605469 4.8662776947021484375 4.6731996536254882812 4.5671830177307128906 7.4784474372863769531 6.8270211219787597656 5.6849770545959472656 5.0132718086242675781 4.1846442222595214844 4.2365570068359375 2.6148905754089355469 4.91854095458984375 4.826324462890625 3.7873938083648681641 2.3774302005767822266 2.1513688564300537109 2.1614606380462646484 2.3171029090881347656 3.5096628665924072266 4.2890086174011230469 4.8687701225280761719 4.6499309539794921875 3.8832540512084960938 3.5602545738220214844 3.5066401958465576172 2.9568119049072265625 2.2747991085052490234 1.7533372640609741211 1.4573442935943603516 4.1667499542236328125 4.9836149215698242188 3.5266063213348388672 3.7928647994995117188
0 0.43279513716697692871 1.623879551887512207 3.8241574764251708984 5.6634020805358886719 5.7584524154663085938 5.2650389671325683594 5.1645236015319824219 5.0683736801147460938 4.3969631195068359375 3.5020291805267333984 10.006772994995117188 9.3175868988037109375 6.495052337646484375 4.6654195785522460938 2.7358472347259521484 2.6241540908813476562 1.3685225248336791992 5.0163865089416503906 6.1135568618774414062 4.2394108772277832031 1.780826568603515625 2.0053241252899169922 2.0490028858184814453 3.2815418243408203125 4.403957366943359375 4.1644568443298339844 3.8498215675354003906 2.2623150348663330078 1.5235570669174194336 1.2885184288024902344 1.2445573806762695312 0.6267681121826171875 0.79547077417373657227 2.6328117847442626953 4.3674821853637695312 4.1963243484497070312 1.6501553058624267578 5.2826228141784667969 9.5135822296142578125
0 0.71787554025650024414 1.7053531408309936523 3.3066983222961425781 5.4898095130920410156 6.9468622207641601562 6.9524211883544921875 5.6576161384582519531 4.6347303390502929688 2.2344255447387695312 4.6750388145446777344 12.293034553527832031 11.436615943908691406 6.37526702880859375 3.8103890419006347656 2.4429059028625488281 2.2696821689605712891 2.4114458560943603516 6.0653853416442871094 7.2647314071655273438 6.2502765655517578125 3.3351521492004394531 4.2574701309204101562 1.9766163825988769531 1.9969823360443115234 2.4385523796081542969 1.8257162570953369141 1.4064486026763916016 0.99097877740859985352 1.2392542362213134766 1.4909833669662475586 2.913410186767578125 4.2233095169067382812 6.2417345046997070312 6.9645476341247558594 5.0159792900085449219 0.50310814380645751953 5.0623011589050292969 7.8345489501953125 8.902919769287109375
0 0.64034610986709594727 2.2984716892242431641 3.6299479007720947266 5.9845252037048339844 8.3525295257568359375 8.0250482559204101562 5.5932545661926269531 2.5259683132171630859 3.5848517417907714844 9.32176971435546875 12.809563636779785156 10.795166969299316406 4.4286341667175292969 2.7105886936187744141 2.0740299224853515625 1.2955743074417114258 2.4717171192169189453 7.8457407951354980469 8.724460601806640625 6.1034288406372070312 1.8496654033660888672 4.4878358840942382812 3.3419697284698486328 3.0815382003784179688 2.5139129161834716797 2.2643208503723144531 1.8932023048400878906 2.1353204250335693359 3.1946072578430175781 4.82538604736328125 6.6298732757568359375 7.7813425064086914062 6.8266577720642089844 3.6345362663269042969 1.1494126319885253906 4.7204504013061523438 7.6422252655029296875 6.5762743949890136719 4.5192008018493652344
0 0.48465770483016967773 0.99861812591552734375 3.1946072578430175781 7.2495837211608886719 9.7516155242919921875 9.9618787765502929688 7.1266856193542480469 2.2535691261291503906 6.89730072021484375 10.250379562377929688 10.717363357543945312 8.026729583740234375 3.0543527603149414062 2.6404774188995361328 2.1028611660003662109 0.74892282485961914062 4.6049051284790039062 8.5747346878051757812 8.45665740966796875 5.559116363525390625 3.8056149482727050781 6.3664331436157226562 6.4415812492370605469 5.1610164642333984375 3.4596400260925292969 2.8544945716857910156 2.7038624286651611328 4.0042471885681152344 6.77027130126953125 8.218105316162109375 7.623371124267578125 4.9053926467895507812 1.6745171546936035156 4.1972942352294921875 5.8187251091003417969 5.6255779266357421875 5.6441655158996582031 3.3906011581420898438 1.1699393987655639648
0 1.3080106973648071289 1.5248849391937255859 5.4804491996765136719 12.460883140563964844 15.82659912109375 15.751685142517089844 9.7741222381591796875 7.2763266563415527344 10.195608139038085938 10.968985557556152344 6.9193286895751953125 4.5636415481567382812 3.7873938083648681641 2.0630261898040771484 1.242528080940246582 2.2461514472961425781 6.0885701179504394531 8.7152919769287109375 9.9930744171142578125 10.579018592834472656 10.733248710632324219 11.924771308898925781 11.9046478271484375 9.6436786651611328125 5.1738901138305664062 3.8166205883026123047 4.0801916122436523438 6.9716806411743164062 8.6333837509155273438 6.4666690826416015625 2.8672268390655517578 3.5670621395111083984 7.0128412246704101562 7.256435394287109375 4.8053793907165527344 3.0352683067321777344 3.7855219841003417969 2.1939778327941894531 1.9221038818359375
0 2.9506504535675048828 5.9474163055419921875 11.393868446350097656 17.953260421752929688 17.060390472412109375 9.5962543487548828125 2.8344237804412841797 11.36272430419921875 13.89220428466796875 11.854522705078125 4.5281305313110351562 2.9887864589691162109 4.7178883552551269531 2.3054943084716796875 1.823498845100402832 3.1211435794830322266 7.6111350059509277344 11.635811805725097656 13.2866668701171875 13.950044631958007812 14.404019355773925781 15.936665534973144531 15.596658706665039062 11.786642074584960938 3.7436664104461669922 4.4074025154113769531 7.176670074462890625 8.0384664535522460938 4.0732641220092773438 2.0452892780303955078 6.4794721603393554688 7.2417597770690917969 5.8714361190795898438 5.0858430862426757812 3.3178312778472900391 2.9196414947509765625 3.1088106632232666016 0.31819793581962585449 1.4472420215606689453
0 7.9345846176147460938 12.051836967468261719 15.438471794128417969 17.089632034301757812 11.021395683288574219 0.61122888326644897461 8.3685731887817382812 13.205315589904785156 15.167615890502929688 10.488507270812988281 5.8502163887023925781 6.704257965087890625 5.8262395858764648438 3.7981736660003662109 3.1941373348236083984 3.3665256500244140625 8.6896715164184570312 14.195931434631347656 15.191249847412109375 14.332678794860839844 11.765033721923828125 6.6577029228210449219 18.999628067016601562 11.811920166015625 0.99861246347427368164 7.3456525802612304688 10.226513862609863281 6.7522902488708496094 3.0183994770050048828 4.6957077980041503906 5.5570273399353027344 4.0482697486877441406 2.9711298942565917969 4.2682375907897949219 2.2223911285400390625 2.0740306377410888672 1.9748157262802124023 1.3483985662460327148 3.0858047008514404297
0 11.089102745056152344 11.83648681640625 10.70943450927734375 10.657311439514160156 6.3007750511169433594 5.0463476181030273438 10.732426643371582031 12.099592208862304688 12.736249923706054688 10.335816383361816406 6.3878827095031738281 5.5581068992614746094 4.3213505744934082031 2.8877851963043212891 1.3916200399398803711 1.1208919286727905273 7.4181036949157714844 12.935720443725585938 15.838573455810546875 17.438982009887695312 17.716030120849609375 18.326610565185546875 21.300043106079101562 6.1869320869445800781 5.378749847412109375 10.998668670654296875 7.5055518150329589844 6.9245538711547851562 5.3667507171630859375 5.688510894775390625 10.261186599731445312 10.320025444030761719 5.8529729843139648438 4.6785860061645507812 3.9534938335418701172 1.4984395503997802734 0.97345697879791259766 2.4651663303375244141 7.4235110282897949219
0 8.666957855224609375 6.6774563789367675781 5.3305759429931640625 9.4685487747192382812 11.856202125549316406 12.056558609008789062 14.643698692321777344 11.739950180053710938 9.7824258804321289062 8.9376468658447265625 5.27642059326171875 2.4886372089385986328 0.86440289020538330078 0.92274618148803710938 0.60540539026260375977 1.1977298259735107422 5.6248555183410644531 10.269723892211914062 11.786395072937011719 15.351904869079589844 19.226409912109375 17.516300201416015625 11.084223747253417969 1.6198277473449707031 7.3179326057434082031 7.3631129264831542969 2.5042443275451660156 5.9582362174987792969 4.6647706031799316406 11.469489097595214844 13.523453712463378906 15.603616714477539062 13.432364463806152344 7.3024849891662597656 5.3895173072814941406 4.1512179374694824219 2.4792797565460205078 4.5782108306884765625 8.254146575927734375
