wildfire/work/fuelmodels/2002/aspect.asc
ncols        277
nrows        232
xllcorner    182225.000000000000
yllcorner    464855.000000000000
cellsize     5.000000000000
NODATA_value   -999
[rows 190 to 208 of 232, columns 210 to 251 of 277]
151.348175048828125 164.4610443115234375 177.4076080322265625 158.2726898193359375 331.698333740234375 346.1082763671875 0.80679750442504882812 0 259.991729736328125 268.45147705078125 276.48236083984375 244.4389190673828125 44.998210906982421875 336.296722412109375 346.263153076171875 274.46661376953125 257.70806884765625 276.744964599609375 330.944580078125 43.567775726318359375 46.684600830078125 320.439361572265625 344.85797119140625 348.4395751953125 345.067718505859375 356.08099365234375 25.145338058471679688 123.296905517578125 141.3400115966796875 250.559356689453125 327.093841552734375 350.65472412109375 241.1887969970703125 180.981536865234375 173.7107086181640625 205.23724365234375 166.2633819580078125 175.439605712890625 249.3040008544921875 37.3492279052734375 32.784271240234375 306.92620849609375
74.93131256103515625 57.528697967529296875 11.309906005859375 314.26458740234375 319.81268310546875 11.88886260986328125 349.902191162109375 11.534471511840820312 11.056042671203613281 306.869110107421875 282.992095947265625 196.11279296875 273.269561767578125 306.994537353515625 17.701068878173828125 275.43927001953125 257.29541015625 230.46856689453125 184.5595550537109375 173.751312255859375 108.4332427978515625 307.33251953125 320.313385009765625 352.87451171875 304.8238525390625 358.11126708984375 84.80545806884765625 106.6990814208984375 201.8022613525390625 296.964996337890625 340.7398681640625 0.0004967414424754679203 54.8659210205078125 49.86449432373046875 8.34358978271484375 305.9718017578125 42.797271728515625 69.4441680908203125 253.0084075927734375 224.011505126953125 356.986175537109375 317.54412841796875
210.9636077880859375 90.82964324951171875 353.82916259765625 311.47772216796875 200.6948394775390625 163.2495880126953125 213.517333984375 173.1569976806640625 198.4388580322265625 294.443450927734375 34.919666290283203125 333.433990478515625 303.00823974609375 326.44854736328125 345.410552978515625 341.002532958984375 342.35577392578125 355.63568115234375 12.949728965759277344 342.148773193359375 347.927337646484375 357.67138671875 325.855316162109375 343.52215576171875 330.76129150390625 45.909458160400390625 84.8932647705078125 66.62026214599609375 340.199920654296875 272.55224609375 188.1298828125 209.0528717041015625 23.552280426025390625 9.19651031494140625 343.4251708984375 331.911224365234375 5.3258566856384277344 358.8369140625 342.527099609375 340.865509033203125 344.5106201171875 354.736785888671875
243.7580413818359375 244.17803955078125 315.880828857421875 11.310212135314941406 100.1749267578125 194.0373992919921875 271.908538818359375 282.99493408203125 300.3785400390625 298.456329345703125 359.14422607421875 338.156158447265625 326.860687255859375 344.809478759765625 347.9146728515625 348.081512451171875 359.35540771484375 1.6219346523284912109 359.844268798828125 0.15572771430015563965 11.268917083740234375 18.539632797241210938 350.1334228515625 337.1524658203125 358.314117431640625 53.58367919921875 17.8428802490234375 20.144689559936523438 21.397603988647460938 336.22662353515625 343.685150146484375 353.65899658203125 358.00469970703125 359.038909912109375 331.846466064453125 326.6517333984375 346.119232177734375 347.33416748046875 352.72412109375 3.7938871383666992188 5.5275907516479492188 27.340166091918945312
339.144744873046875 327.84686279296875 328.297698974609375 55.813594818115234375 89.9994354248046875 284.656280517578125 314.998992919921875 340.40679931640625 326.4632568359375 322.46270751953125 342.00836181640625 340.577667236328125 324.16162109375 333.58941650390625 348.51605224609375 357.254241943359375 6.6098933219909667969 357.632904052734375 355.245147705078125 16.509122848510742188 40.425952911376953125 34.01563262939453125 2.0536282062530517578 343.155548095703125 15.159272193908691406 16.132915496826171875 338.015625 6.2452178001403808594 25.691286087036132812 357.009613037109375 348.897247314453125 359.67047119140625 1.1644568443298339844 356.416046142578125 349.56695556640625 327.341583251953125 336.292633056640625 344.99981689453125 354.965911865234375 21.124689102172851562 28.810808181762695312 44.829906463623046875
342.9423828125 341.85369873046875 301.606201171875 99.881195068359375 49.764156341552734375 321.2532958984375 331.66485595703125 337.597076416015625 329.24932861328125 329.153717041015625 342.125457763671875 349.117034912109375 318.9444580078125 309.652252197265625 14.290346145629882812 67.56716156005859375 338.49749755859375 350.53680419921875 21.34197998046875 91.33194732666015625 94.43413543701171875 66.068603515625 13.671476364135742188 328.091278076171875 1.5723346471786499023 358.8232421875 328.3822021484375 355.48992919921875 25.606639862060546875 352.61846923828125 347.38726806640625 358.035064697265625 356.346954345703125 357.902313232421875 0.15443882346153259277 323.206451416015625 314.00115966796875 331.204071044921875 353.456207275390625 44.04150390625 59.663303375244140625 66.37752532958984375
352.693450927734375 127.64719390869140625 146.6893157958984375 8.1305828094482421875 338.19793701171875 338.008026123046875 340.191680908203125 343.01116943359375 328.663818359375 321.89666748046875 338.07196044921875 358.629730224609375 329.5194091796875 285.46893310546875 115.3689727783203125 348.689239501953125 314.267913818359375 1.7488133907318115234 57.762950897216796875 86.102783203125 69.14537811279296875 17.869455337524414062 355.886962890625 341.130279541015625 351.40789794921875 348.316162109375 344.0184326171875 351.869598388671875 6.0542993545532226562 327.921234130859375 334.557342529296875 344.67767333984375 339.398590087890625 18.60240936279296875 49.803287506103515625 267.542694091796875 254.0951690673828125 248.3636474609375 281.767547607421875 57.116710662841796875 54.792022705078125 46.572315216064453125
154.249542236328125 213.6887359619140625 348.839141845703125 324.965423583984375 336.53240966796875 340.1405029296875 330.123138427734375 343.087127685546875 301.907318115234375 291.459197998046875 308.562225341796875 357.83795166015625 357.509765625 154.1330413818359375 129.75775146484375 300.08258056640625 318.18951416015625 22.916723251342773438 74.19208526611328125 82.29566192626953125 351.303741455078125 348.334259033203125 348.086761474609375 353.91961669921875 358.92626953125 348.922454833984375 40.69545745849609375 52.94295501708984375 287.41796875 260.951934814453125 208.6385040283203125 184.9889373779296875 178.355194091796875 169.1009674072265625 167.18853759765625 212.5920257568359375 229.4622955322265625 226.7311553955078125 208.8828125 151.886444091796875 111.27143096923828125 74.12770843505859375
5.5720238685607910156 319.513275146484375 331.31610107421875 336.507476806640625 343.528778076171875 344.930755615234375 341.6817626953125 0.00013327202759683132172 296.163726806640625 287.39849853515625 302.27490234375 356.053863525390625 37.874996185302734375 34.583740234375 355.913543701171875 296.38916015625 276.63189697265625 123.31038665771484375 113.19841766357421875 44.5755615234375 336.435089111328125 0.47354775667190551758 2.9357383251190185547 335.7081298828125 14.123006820678710938 37.504150390625 58.5232391357421875 30.291606903076171875 312.54534912109375 219.4713592529296875 174.9571685791015625 166.4917755126953125 147.9943389892578125 160.2458953857421875 189.1172027587890625 217.9659881591796875 211.187469482421875 204.6838836669921875 189.5148162841796875 175.2643890380859375 170.8156585693359375 146.7222137451171875
350.587677001953125 330.7113037109375 324.3245849609375 357.4505615234375 335.978790283203125 327.83984375 1.9094351530075073242 351.5379638671875 316.353973388671875 305.511962890625 323.97198486328125 18.43497467041015625 24.799940109252929688 4.6000704765319824219 354.862762451171875 266.58843994140625 173.4797821044921875 141.244873046875 106.804779052734375 318.365570068359375 322.55743408203125 34.183589935302734375 68.24279022216796875 214.01910400390625 180.7249603271484375 85.50266265869140625 68.0701751708984375 53.130504608154296875 75.96807861328125 136.9745330810546875 164.11566162109375 181.9741668701171875 54.6600341796875 28.685821533203125 358.36285400390625 183.0933990478515625 178.0745391845703125 192.8227996826171875 193.41461181640625 201.3318023681640625 173.9493408203125 134.9996795654296875
348.742431640625 343.454742431640625 341.34344482421875 57.307979583740234375 318.365478515625 303.9427490234375 336.673980712890625 328.828033447265625 302.05047607421875 297.06036376953125 308.354248046875 47.230960845947265625 73.21691131591796875 148.4950714111328125 189.3231658935546875 161.8161163330078125 141.1152496337890625 316.590728759765625 349.37969970703125 314.9991455078125 256.865234375 116.83376312255859375 94.1632843017578125 342.80059814453125 331.875518798828125 20.508005142211914062 58.06929779052734375 89.11820220947265625 130.1004638671875 122.22092437744140625 272.60198974609375 320.193939208984375 352.375091552734375 13.157257080078125 40.100799560546875 51.581813812255859375 35.909435272216796875 342.55194091796875 324.402435302734375 302.292449951171875 158.4279327392578125 88.53124237060546875
349.867645263671875 4.9067068099975585938 32.3912811279296875 31.723371505737304688 338.961761474609375 339.369354248046875 354.77093505859375 343.1654052734375 285.346221923828125 265.327972412109375 239.2152099609375 128.5886993408203125 125.72711181640625 149.57366943359375 194.8705596923828125 162.950714111328125 138.5212249755859375 244.903106689453125 203.4704437255859375 195.7507476806640625 190.9305877685546875 140.38140869140625 13.392279624938964844 341.892303466796875 357.255523681640625 40.0467529296875 83.60553741455078125 109.24944305419921875 118.03354644775390625 5.7109856605529785156 325.712310791015625 344.62298583984375 356.921875 28.974018096923828125 47.533416748046875 6.0846495628356933594 5.0484280586242675781 337.91009521484375 340.1007080078125 6.4218401908874511719 20.862352371215820312 28.187513351440429688
309.88189697265625 20.358369827270507812 36.938640594482421875 14.500025749206542969 339.49322509765625 348.93353271484375 41.035045623779296875 17.241182327270507812 266.83319091796875 265.445709228515625 258.689453125 114.53751373291015625 113.9417877197265625 139.5373687744140625 240.123809814453125 269.999359130859375 111.97454833984375 204.0065765380859375 227.1605987548828125 269.169189453125 320.52801513671875 325.123870849609375 333.043701171875 349.862823486328125 16.755743026733398438 49.941802978515625 71.164947509765625 72.688262939453125 332.729644775390625 337.65863037109375 344.16680908203125 359.227020263671875 17.791269302368164062 10.619614601135253906 351.235015869140625 354.6806640625 0.67411470413208007812 344.8541259765625 350.46893310546875 28.1082916259765625 34.695247650146484375 30.5791473388671875
253.58416748046875 332.495086669921875 25.9532623291015625 9.8656902313232421875 339.549713134765625 50.325634002685546875 91.8276824951171875 165.96337890625 272.160369873046875 277.89520263671875 149.033966064453125 113.0879058837890625 109.57275390625 329.57354736328125 327.644622802734375 13.671335220336914062 81.3472900390625 233.1297607421875 280.03857421875 303.9427490234375 328.569854736328125 300.188873291015625 308.990325927734375 7.1249995231628417969 45.40346527099609375 76.218231201171875 84.10346221923828125 12.071931838989257812 317.997711181640625 334.071136474609375 0.71237808465957641602 11.309964179992675781 38.945659637451171875 344.432861328125 321.7528076171875 352.1033935546875 8.6486730575561523438 10.332676887512207031 77.27558135986328125 121.7333984375 105.75069427490234375 43.51831817626953125
275.972076416015625 297.3492431640625 100.08037567138671875 126.8713531494140625 294.77301025390625 72.871978759765625 55.273242950439453125 19.075189590454101562 262.431060791015625 237.09423828125 157.8968505859375 131.0203094482421875 154.0931396484375 240.1532135009765625 241.203033447265625 135.414947509765625 115.2275238037109375 247.37939453125 240.8865814208984375 223.7358551025390625 272.79827880859375 273.92694091796875 188.7457733154296875 176.4547882080078125 170.197052001953125 122.6413726806640625 108.82875823974609375 302.3572998046875 281.975494384765625 272.155914306640625 133.585235595703125 150.3088531494140625 119.01183319091796875 273.73699951171875 274.928253173828125 294.32476806640625 54.395450592041015625 72.6689453125 80.23984527587890625 57.847537994384765625 349.19464111328125 23.776447296142578125
248.6967926025390625 183.9997711181640625 161.56463623046875 196.16070556640625 192.07159423828125 148.3924407958984375 104.74343109130859375 109.51056671142578125 187.1768798828125 205.906036376953125 170.9763336181640625 118.47418975830078125 29.577985763549804688 232.3851165771484375 190.6693267822265625 157.919189453125 132.08935546875 289.322174072265625 295.38134765625 305.292572021484375 285.323394775390625 220.19134521484375 146.3600311279296875 180.400177001953125 178.497802734375 88.55572509765625 9.3236255645751953125 2.2506422996520996094 241.4287872314453125 190.6113739013671875 154.970123291015625 171.8694915771484375 178.5433807373046875 264.483154296875 271.59674072265625 267.213958740234375 65.11234283447265625 64.65352630615234375 56.222209930419921875 40.799129486083984375 350.37939453125 39.428112030029296875
249.443328857421875 181.5202789306640625 141.115264892578125 224.9991607666015625 216.7804412841796875 177.5804595947265625 121.78691864013671875 126.0502166748046875 187.1242523193359375 273.917236328125 311.65740966796875 353.918426513671875 14.981527328491210938 19.53662872314453125 31.865804672241210938 14.216199874877929688 345.342010498046875 310.23553466796875 305.83697509765625 314.203521728515625 256.92022705078125 167.9047393798828125 117.75844573974609375 0 316.568634033203125 325.689422607421875 0.93009978532791137695 34.4873199462890625 30.302547454833984375 156.447296142578125 108.6764984130859375 340.86541748046875 305.26226806640625 296.751373291015625 284.289703369140625 282.59954833984375 112.32877349853515625 116.3049163818359375 110.806640625 48.96474456787109375 10.66033172607421875 27.82405853271484375
21.755008697509765625 348.52392578125 9.8114166259765625 9.4623003005981445312 292.067108154296875 269.999359130859375 87.8249969482421875 47.202392578125 331.293487548828125 331.8726806640625 322.146331787109375 354.648681640625 27.064691543579101562 27.210840225219726562 44.6527099609375 18.072481155395507812 352.79290771484375 303.87786865234375 289.300140380859375 293.748931884765625 303.69000244140625 345.3980712890625 8.5606975555419921875 0.30298110842704772949 305.265167236328125 292.17291259765625 7.1886796951293945312 50.74404144287109375 34.789012908935546875 24.337566375732421875 18.152711868286132812 339.463531494140625 323.43682861328125 329.952850341796875 303.2310791015625 202.4662017822265625 141.18255615234375 137.0865478515625 171.3839111328125 319.8983154296875 14.826313018798828125 42.94207763671875
48.317752838134765625 356.688568115234375 27.962352752685546875 18.434764862060546875 334.746002197265625 25.016613006591796875 37.207973480224609375 14.816356658935546875 317.044647216796875 307.389495849609375 312.523101806640625 96.3402099609375 112.61981201171875 75.211395263671875 82.1308135986328125 82.87462615966796875 302.660247802734375 294.836639404296875 288.224273681640625 141.5195159912109375 273.135498046875 314.29193115234375 10.587222099304199219 14.886058807373046875 288.6982421875 272.947601318359375 307.875274658203125 71.15166473388671875 54.4621429443359375 55.203754425048828125 3.8829171657562255859 324.3203125 320.7098388671875 353.955322265625 127.568603515625 158.8551788330078125 149.91302490234375 81.02523040771484375 324.413604736328125 318.836669921875 97.76479339599609375 112.5835723876953125
