wildfire/work/fuelmodels/2002/aspect.asc
ncols        277
nrows        232
xllcorner    182225.000000000000
yllcorner    464855.000000000000
cellsize     5.000000000000
NODATA_value   -999
[rows 114 to 132 of 232, columns 210 to 251 of 277]
239.1666259765625 192.599700927734375 211.8270263671875 176.9864654541015625 227.9460601806640625 249.0401153564453125 256.31298828125 299.70623779296875 55.56093597412109375 72.8326263427734375 45.905612945556640625 22.393924713134765625 15.1387786865234375 2.1268935203552246094 356.739837646484375 5.0326495170593261719 354.259185791015625 340.070648193359375 7.3523306846618652344 32.51804351806640625 43.9926300048828125 45.675933837890625 22.04743194580078125 30.99343109130859375 53.288372039794921875 73.18453216552734375 88.07236480712890625 105.10077667236328125 153.4347381591796875 220.914581298828125 222.731475830078125 222.8711395263671875 197.97332763671875 157.7860565185546875 144.1620330810546875 145.3044891357421875 179.998016357421875 309.62255859375 307.2774658203125 313.7354736328125 53.97267913818359375 101.8417510986328125
221.668548583984375 183.7635498046875 204.879791259765625 168.2607879638671875 215.5943145751953125 246.4890899658203125 276.808441162109375 311.47076416015625 8.3531284332275390625 17.60622406005859375 10.142075538635253906 9.9870052337646484375 5.073680877685546875 3.39238739013671875 0.4151484370231628418 13.134100914001464844 358.9639892578125 15.254999160766601562 151.698974609375 131.0212554931640625 123.2583465576171875 149.513946533203125 303.855987548828125 61.58364105224609375 86.73551177978515625 109.13730621337890625 114.90453338623046875 111.8011474609375 99.46237945556640625 210.963775634765625 197.90386962890625 211.4454803466796875 174.2678985595703125 148.1337432861328125 153.9962615966796875 282.094573974609375 311.1533203125 294.113525390625 265.029754638671875 209.6867218017578125 147.9461669921875 119.38043212890625
254.1531829833984375 170.2171173095703125 190.21044921875 170.6947784423828125 237.35113525390625 271.670013427734375 290.5806884765625 311.642913818359375 349.47576904296875 4.3747320175170898438 14.011819839477539062 19.459264755249023438 21.117918014526367188 47.245616912841796875 113.84351348876953125 156.9531402587890625 184.37469482421875 153.9728240966796875 151.8683319091796875 158.5199127197265625 157.58184814453125 219.24127197265625 277.6861572265625 78.09149932861328125 90.76513671875 105.24053955078125 127.43819427490234375 141.753265380859375 171.8691253662109375 158.7027587890625 191.3094940185546875 200.6576385498046875 116.22174835205078125 71.23131561279296875 346.12200927734375 311.75970458984375 299.577239990234375 235.856048583984375 199.1552276611328125 184.9113006591796875 177.3643035888671875 158.781829833984375
237.6327362060546875 163.1175537109375 179.4379730224609375 200.6466217041015625 281.6068115234375 297.70208740234375 296.886932373046875 296.0125732421875 318.613067626953125 0.60306555032730102539 55.54319000244140625 72.9370269775390625 103.9152069091796875 130.243011474609375 138.725341796875 154.2865142822265625 178.6491241455078125 165.51519775390625 154.66778564453125 160.914764404296875 187.702362060546875 240.2545318603515625 224.2719268798828125 131.328704833984375 108.56659698486328125 105.92377471923828125 124.9914703369140625 126.57164764404296875 156.799530029296875 134.9996795654296875 226.8467559814453125 291.160552978515625 1.7351925373077392578 22.503360748291015625 1.5484943389892578125 295.01611328125 246.5407257080078125 164.2909393310546875 172.8154754638671875 179.63470458984375 192.608062744140625 177.5102386474609375
185.666748046875 166.429412841796875 194.4700927734375 250.132171630859375 268.95770263671875 270.1444091796875 264.322784423828125 243.200286865234375 195.3807830810546875 172.729522705078125 153.8856964111328125 143.7687225341796875 135.2187957763671875 140.7311553955078125 144.953338623046875 150.2181549072265625 169.17822265625 167.317840576171875 169.7602691650390625 179.1824188232421875 193.2457275390625 206.9506988525390625 188.4942779541015625 157.42437744140625 133.7944793701171875 120.61031341552734375 111.801239013671875 67.3796539306640625 55.008365631103515625 42.954853057861328125 314.999267578125 296.564544677734375 326.76708984375 72.897125244140625 53.4278106689453125 299.051422119140625 229.085968017578125 117.6434478759765625 84.39968109130859375 89.99433135986328125 279.29345703125 312.2734375
16.721822738647460938 37.6587066650390625 314.997467041015625 262.009857177734375 257.58087158203125 248.497955322265625 242.2602081298828125 204.7067718505859375 166.728973388671875 169.2534637451171875 167.8752899169921875 153.1368560791015625 140.1646728515625 143.3639068603515625 146.5030517578125 142.9747314453125 145.256500244140625 136.3195953369140625 168.60260009765625 189.6439056396484375 179.7426910400390625 189.8875732421875 184.477020263671875 162.0716705322265625 139.8030853271484375 134.522125244140625 188.1279144287109375 356.632537841796875 350.133575439453125 2.1212112903594970703 2.7927346229553222656 235.3045806884765625 188.5690460205078125 166.6062774658203125 29.357976913452148438 57.527557373046875 241.6996917724609375 218.6576995849609375 78.68932342529296875 6.8415164947509765625 291.447265625 203.1935882568359375
71.64153289794921875 104.03601837158203125 211.9443206787109375 280.897979736328125 281.30926513671875 273.58807373046875 254.971588134765625 164.1500701904296875 145.05670166015625 165.31640625 154.4396514892578125 136.5391387939453125 135.366546630859375 140.589141845703125 141.176483154296875 101.7061309814453125 76.94455718994140625 75.425567626953125 63.19915008544921875 130.0299072265625 119.05451202392578125 161.1752777099609375 196.293548583984375 145.1913604736328125 108.43492889404296875 91.975860595703125 269.99737548828125 292.831939697265625 307.265380859375 354.2884521484375 54.940288543701171875 102.9937591552734375 204.0748748779296875 235.7834320068359375 303.689483642578125 21.279205322265625 42.838764190673828125 291.3695068359375 345.76165771484375 348.9954833984375 356.069122314453125 40.840557098388671875
142.395233154296875 143.0890350341796875 300.824249267578125 321.040924072265625 307.57733154296875 276.609405517578125 238.27020263671875 128.3555908203125 125.45932769775390625 184.363128662109375 121.97663116455078125 114.28153228759765625 113.019317626953125 89.2425537109375 17.723043441772460938 24.52783966064453125 49.573734283447265625 48.07329559326171875 43.386474609375 30.425802230834960938 34.215576171875 24.880140304565429688 7.1251678466796875 73.00949859619140625 98.32613372802734375 84.81038665771484375 312.838134765625 329.035552978515625 278.971832275390625 184.6856842041015625 109.46262359619140625 79.6950531005859375 335.556915283203125 279.161895751953125 286.010345458984375 18.434906005859375 53.226802825927734375 333.666168212890625 328.032562255859375 345.43353271484375 29.389057159423828125 52.49535369873046875
157.17755126953125 303.011749267578125 304.547698974609375 329.545318603515625 351.869140625 262.7384033203125 209.7443695068359375 102.4821929931640625 94.3014984130859375 155.4095458984375 114.41717529296875 100.59229278564453125 92.18549346923828125 82.082183837890625 111.97454833984375 168.6896820068359375 44.999897003173828125 41.1286468505859375 34.69498443603515625 35.53754425048828125 41.149074554443359375 44.235836029052734375 59.03619384765625 58.190212249755859375 64.515533447265625 333.43450927734375 309.718017578125 4.3160948753356933594 75.96405792236328125 149.9313507080078125 137.20245361328125 239.0350494384765625 349.777252197265625 320.709991455078125 264.522064208984375 184.5735931396484375 63.434803009033203125 314.999267578125 255.17266845703125 180.9704437255859375 138.1790313720703125 58.133518218994140625
332.72686767578125 339.28875732421875 329.969207763671875 346.09649658203125 32.794834136962890625 50.117328643798828125 179.24896240234375 120.2073211669921875 58.0331268310546875 33.422435760498046875 66.90305328369140625 76.47003936767578125 73.61025238037109375 82.1844635009765625 112.55696868896484375 206.564666748046875 189.8656005859375 52.8146820068359375 51.404026031494140625 66.5516357421875 62.85974884033203125 72.1809539794921875 88.29851531982421875 87.70911407470703125 70.88684844970703125 324.30938720703125 289.854461669921875 78.340850830078125 77.47110748291015625 39.50725555419921875 12.308045387268066406 343.84173583984375 10.784152984619140625 203.7491302490234375 181.73565673828125 233.1299896240234375 293.552032470703125 66.802764892578125 190.885162353515625 203.1980133056640625 287.047698974609375 14.172438621520996094
331.530792236328125 344.97906494140625 353.678466796875 13.888354301452636719 50.492267608642578125 64.83501434326171875 55.366298675537109375 0.56160950660705566406 3.5852100849151611328 37.383533477783203125 70.911376953125 77.402557373046875 78.7329559326171875 90.6248626708984375 91.6132049560546875 286.389617919921875 263.157379150390625 101.30464935302734375 89.01181793212890625 86.18570709228515625 75.60638427734375 86.0912322998046875 104.958160400390625 141.339813232421875 146.3095855712890625 290.09429931640625 230.709808349609375 154.653564453125 71.56378936767578125 2.2026093006134033203 0.00032141795963980257511 36.11948394775390625 98.39275360107421875 146.3107147216796875 149.0397491455078125 257.79864501953125 257.8546142578125 87.7091522216796875 87.508758544921875 280.66949462890625 280.256103515625 149.0384674072265625
323.245574951171875 335.138916015625 19.858114242553710938 74.24030303955078125 95.15053558349609375 97.2431793212890625 338.805084228515625 338.58367919921875 27.504199981689453125 94.36237335205078125 101.2056884765625 96.98911285400390625 90.905975341796875 77.49462890625 18.64551544189453125 358.080780029296875 4.1445593833923339844 64.74730682373046875 110.55605316162109375 117.16483306884765625 124.991912841796875 105.08061981201171875 96.42850494384765625 88.15216064453125 264.472015380859375 187.124755859375 191.309173583984375 219.2893218994140625 163.3027801513671875 212.90484619140625 149.7424163818359375 144.63677978515625 93.8139495849609375 348.33917236328125 5.63031768798828125 318.81414794921875 265.29205322265625 52.59156036376953125 33.68962860107421875 291.665618896484375 254.4272918701171875 146.309539794921875
285.394866943359375 203.3846588134765625 140.123870849609375 118.7093963623046875 119.64569091796875 128.732269287109375 278.07513427734375 294.972991943359375 95.86373138427734375 106.6147918701171875 106.82711029052734375 96.40132904052734375 63.92919158935546875 29.833604812622070312 5.4821228981018066406 20.820865631103515625 76.45211029052734375 119.47591400146484375 103.3925628662109375 74.81996917724609375 22.542919158935546875 38.246311187744140625 46.087890625 39.28952789306640625 22.833522796630859375 348.689239501953125 345.650390625 310.235565185546875 304.377655029296875 355.601104736328125 69.1027374267578125 27.897737503051757812 348.11041259765625 313.089752197265625 342.071197509765625 8.4713277816772460938 320.709564208984375 257.735870361328125 61.3898162841796875 269.999359130859375 222.5103302001953125 101.8883209228515625
231.7374267578125 216.633636474609375 99.3096466064453125 103.36908721923828125 105.47013092041015625 322.49505615234375 281.151123046875 254.5597686767578125 102.85107421875 104.9718475341796875 99.32083892822265625 73.1329193115234375 41.32321929931640625 34.73471832275390625 29.185791015625 61.370151519775390625 74.97147369384765625 49.619922637939453125 11.449181556701660156 8.7146816253662109375 5.8415617942810058594 37.036113739013671875 47.516819000244140625 43.780918121337890625 66.9215087890625 167.734649658203125 229.8636016845703125 308.658935546875 349.693572998046875 344.35760498046875 16.927724838256835938 15.140576362609863281 22.619585037231445312 311.98590087890625 276.54559326171875 355.364471435546875 34.695201873779296875 18.430532455444335938 224.996734619140625 302.47137451171875 296.5643310546875 81.158050537109375
246.0653228759765625 278.84100341796875 88.334686279296875 92.77516937255859375 75.38666534423828125 326.7021484375 303.88641357421875 154.5517578125 117.4100189208984375 109.10703277587890625 95.5101318359375 70.36029052734375 55.407619476318359375 45.650970458984375 30.3676910400390625 53.130123138427734375 59.098804473876953125 33.878322601318359375 359.517578125 359.2740478515625 84.9869384765625 100.699127197265625 93.0123443603515625 69.92153167724609375 74.6966094970703125 80.09632110595703125 271.7349853515625 283.87701416015625 81.46880340576171875 253.0727996826171875 297.350250244140625 63.43425750732421875 34.87548828125 351.528076171875 289.797943115234375 203.1973724365234375 140.1938629150390625 61.699298858642578125 313.8973388671875 334.854644775390625 21.467824935913085938 72.64603424072265625
219.495086669921875 193.3752288818359375 142.5568389892578125 119.688323974609375 25.7347564697265625 346.315185546875 75.2560577392578125 124.58368682861328125 115.1414031982421875 104.75449371337890625 72.030670166015625 26.651393890380859375 14.931391716003417969 17.608966827392578125 23.7297515869140625 52.466156005859375 65.488739013671875 69.1450653076171875 86.632659912109375 133.2461395263671875 137.5047760009765625 122.68474578857421875 119.69347381591796875 122.5291290283203125 102.80414581298828125 29.219026565551757812 314.402313232421875 306.633514404296875 112.9886474609375 248.6284637451171875 212.733978271484375 135.000152587890625 217.8731231689453125 153.4367828369140625 135.0016632080078125 142.6663818359375 187.205413818359375 274.184356689453125 316.68365478515625 308.9268798828125 67.44272613525390625 66.54080963134765625
199.07244873046875 191.7580108642578125 171.468841552734375 322.786285400390625 346.87567138671875 17.3005218505859375 53.04052734375 83.5167083740234375 94.00493621826171875 59.852413177490234375 352.96124267578125 354.331878662109375 8.2648649215698242188 29.838710784912109375 53.880542755126953125 75.565093994140625 77.12811279296875 71.90093231201171875 102.31903076171875 107.30017852783203125 114.97757720947265625 127.25507354736328125 134.5301361083984375 131.531219482421875 135.6220855712890625 229.6358795166015625 253.950897216796875 152.81768798828125 124.95046234130859375 199.057373046875 184.926788330078125 173.8526458740234375 204.0748748779296875 160.7097320556640625 187.3054656982421875 114.443634033203125 271.63629150390625 266.774749755859375 264.368438720703125 168.0240936279296875 140.709686279296875 114.14475250244140625
238.8946533203125 274.747100830078125 302.400909423828125 314.410614013671875 352.56781005859375 41.4235382080078125 69.2552032470703125 87.42058563232421875 66.3309478759765625 347.08526611328125 336.340118408203125 348.885009765625 20.56402587890625 52.7521514892578125 70.60651397705078125 80.75377655029296875 83.445648193359375 86.6563720703125 105.52371978759765625 102.68017578125 97.96367645263671875 105.6157379150390625 116.40444183349609375 119.3802642822265625 80.53778076171875 298.299530029296875 221.5312347412109375 161.0287017822265625 108.4348602294921875 198.4410400390625 201.5015869140625 215.7882232666015625 194.4205474853515625 124.56165313720703125 255.96380615234375 29.74456024169921875 78.69240570068359375 234.0386505126953125 234.161865234375 138.0128326416015625 158.404327392578125 196.25927734375
307.629364013671875 323.40814208984375 312.19390869140625 301.113311767578125 38.500560760498046875 86.78170013427734375 99.26526641845703125 100.3363037109375 337.290496826171875 340.766510009765625 345.318115234375 5.194347381591796875 43.527660369873046875 60.3782806396484375 57.70189666748046875 50.362895965576171875 60.11057281494140625 65.13008880615234375 59.1303253173828125 58.79925537109375 63.792179107666015625 48.758453369140625 50.492130279541015625 51.009006500244140625 6.7106041908264160156 171.027435302734375 187.12457275390625 173.6583404541015625 358.9942626953125 351.63311767578125 20.095123291015625 5.710201263427734375 274.398834228515625 66.37021636962890625 286.60614013671875 116.56914520263671875 99.2929840087890625 237.6799163818359375 216.5286407470703125 150.3405914306640625 197.5251007080078125 280.3582763671875
