wildfire/work/fuelmodels/2002/aspect.asc
ncols        277
nrows        232
xllcorner    182225.000000000000
yllcorner    464855.000000000000
cellsize     5.000000000000
NODATA_value   -999
[rows 171 to 189 of 232, columns 168 to 209 of 277]
10.7329559326171875 292.09332275390625 236.04827880859375 212.4377288818359375 195.123687744140625 175.09228515625 139.2980499267578125 108.053985595703125 330.54888916015625 328.680023193359375 326.56915283203125 17.402637481689453125 271.218048095703125 244.1328277587890625 155.8540802001953125 146.4962615966796875 171.2534027099609375 224.9994659423828125 78.111907958984375 230.193878173828125 252.5110626220703125 303.11065673828125 314.3004150390625 298.558929443359375 328.78106689453125 356.582489013671875 2.2904751300811767578 14.311145782470703125 21.170564651489257812 0 349.86138916015625 3.8139047622680664062 345.140594482421875 335.021514892578125 329.7425537109375 3.5029249191284179688 23.552957534790039062 11.3098297119140625 7.6404333114624023438 315.497772216796875 305.684600830078125 331.3179931640625
7.4811620712280273438 35.095699310302734375 213.0556640625 214.40478515625 177.5802764892578125 165.4301300048828125 150.037139892578125 335.55548095703125 324.8975830078125 331.01953125 333.434356689453125 68.96300506591796875 320.85430908203125 312.39617919921875 63.4349822998046875 49.18489837646484375 358.7535400390625 303.6895751953125 122.27538299560546875 201.2974853515625 274.460113525390625 303.612823486328125 335.184814453125 347.091827392578125 337.40484619140625 340.3870849609375 350.697113037109375 11.051507949829101562 27.664739608764648438 4.4903736114501953125 339.16583251953125 0.8679854273796081543 353.117462158203125 349.547760009765625 358.43389892578125 59.18390655517578125 147.1991729736328125 261.346893310546875 17.10239410400390625 310.913543701171875 276.50823974609375 276.164154052734375
348.40704345703125 54.259937286376953125 43.0579986572265625 291.037078857421875 11.820984840393066406 6.5818896293640136719 332.318267822265625 311.95452880859375 292.3795166015625 261.2537841796875 349.993988037109375 12.030725479125976562 336.98974609375 0.85462808609008789062 37.235103607177734375 59.035892486572265625 336.6300048828125 7.1251678466796875 58.11620330810546875 319.863616943359375 308.4715576171875 312.962921142578125 335.437957763671875 352.092041015625 349.894317626953125 338.1976318359375 334.15472412109375 3.7686676979064941406 25.12088775634765625 9.5715961456298828125 336.875244140625 21.705217361450195312 77.1520843505859375 218.2105865478515625 243.43524169921875 84.3692474365234375 70.115478515625 282.94195556640625 8.1300830841064453125 306.86700439453125 238.787200927734375 207.736541748046875
7.5947213172912597656 70.200775146484375 49.573474884033203125 316.1011962890625 334.535888671875 326.112396240234375 332.649383544921875 316.14483642578125 285.94451904296875 254.051727294921875 273.99017333984375 325.6190185546875 342.253875732421875 21.801233291625976562 49.635761260986328125 18.0040283203125 323.784637451171875 5.5993595123291015625 26.235006332397460938 331.15655517578125 319.581939697265625 318.7952880859375 334.5911865234375 351.994415283203125 350.455108642578125 352.6253662109375 316.243927001953125 315.908477783203125 22.750913619995117188 31.849020004272460938 59.675907135009765625 128.107452392578125 133.3935394287109375 191.70599365234375 226.258544921875 67.27593231201171875 5.0797243118286132812 320.672210693359375 18.434906005859375 60.254673004150390625 227.045318603515625 200.3998565673828125
148.5699005126953125 110.6743927001953125 21.370141983032226562 323.61480712890625 338.197052001953125 257.274993896484375 253.7391357421875 279.781463623046875 300.57843017578125 0.00072855368489399552345 268.2646484375 263.853485107421875 318.0120849609375 18.43471527099609375 10.751253128051757812 346.327667236328125 323.129241943359375 10.491598129272460938 355.524444580078125 316.00439453125 322.12432861328125 334.88433837890625 304.69427490234375 344.743988037109375 62.8788604736328125 154.5359039306640625 215.073760986328125 250.5595550537109375 168.6913604736328125 80.62763214111328125 85.475006103515625 67.79657745361328125 32.94916534423828125 15.724521636962890625 297.0870361328125 336.072265625 1.6061384677886962891 353.549560546875 82.87485504150390625 84.80496978759765625 350.83721923828125 314.999786376953125
158.198089599609375 141.70965576171875 198.434478759765625 240.944000244140625 322.5933837890625 329.82574462890625 258.68994140625 235.007659912109375 266.284149169921875 5.1944165229797363281 354.287506103515625 284.74310302734375 306.157501220703125 17.447061538696289062 42.709690093994140625 261.869476318359375 283.46429443359375 348.689544677734375 326.63287353515625 294.76104736328125 301.550811767578125 49.39788055419921875 292.3056640625 0.0036426754668354988098 96.78890228271484375 95.1946868896484375 251.564453125 253.0237884521484375 243.4343719482421875 69.7747650146484375 60.109405517578125 12.528906822204589844 11.71237945556640625 33.407756805419921875 310.19110107421875 298.92584228515625 4.3989839553833007812 42.563205718994140625 49.447017669677734375 11.820984840393066406 354.86279296875 348.43194580078125
26.378459930419921875 31.675279617309570312 45.002323150634765625 287.590911865234375 286.926116943359375 335.093719482421875 11.310186386108398438 298.30047607421875 250.795440673828125 217.23370361328125 224.9994659423828125 276.44891357421875 273.10552978515625 110.77204132080078125 108.004150390625 302.76287841796875 321.72955322265625 352.80010986328125 335.7379150390625 283.33843994140625 236.3089141845703125 276.841644287109375 288.43426513671875 131.5826873779296875 158.5512237548828125 343.07171630859375 6.5459275245666503906 273.81353759765625 269.292449951171875 59.46974945068359375 76.20047760009765625 332.7442626953125 352.055816650390625 33.601139068603515625 334.46929931640625 298.738922119140625 112.0106658935546875 121.1385345458984375 344.743743896484375 349.46624755859375 356.473419189453125 358.451141357421875
32.436473846435546875 44.0606842041015625 11.976372718811035156 344.7447509765625 237.52850341796875 227.0824737548828125 144.0391387939453125 174.288299560546875 240.523284912109375 197.3531341552734375 185.71051025390625 256.700653076171875 281.309112548828125 49.53792572021484375 34.695217132568359375 298.651214599609375 303.912872314453125 359.525909423828125 341.564361572265625 315.79486083984375 304.2603759765625 314.317047119140625 4.28899383544921875 37.95430755615234375 356.9866943359375 4.763706207275390625 134.9996795654296875 259.875274658203125 248.9623565673828125 147.2244720458984375 124.95018768310546875 224.9994659423828125 242.5919952392578125 75.96280670166015625 50.709392547607421875 224.9994659423828125 131.71051025390625 130.683563232421875 272.861846923828125 301.907012939453125 325.303375244140625 349.4599609375
46.93038177490234375 45.673816680908203125 22.466583251953125 27.89727783203125 9.161350250244140625 210.173614501953125 158.05096435546875 178.263519287109375 212.380035400390625 196.0485687255859375 214.3802642822265625 270.749786376953125 281.55914306640625 16.389362335205078125 10.341418266296386719 299.931121826171875 245.555633544921875 194.1833648681640625 201.8007049560546875 204.1021575927734375 259.19537353515625 283.67083740234375 354.9569091796875 354.736785888671875 20.517515182495117188 77.980712890625 196.6990814208984375 280.09637451171875 170.5383148193359375 134.3632049560546875 158.5740203857421875 259.329498291015625 266.632232666015625 236.3093719482421875 91.00469207763671875 194.9306488037109375 98.6153411865234375 14.469855308532714844 282.067230224609375 235.9531707763671875 261.075347900390625 278.129058837890625
253.810272216796875 22.833522796630859375 24.10699462890625 17.962839126586914062 28.21722412109375 30.343280792236328125 63.4358978271484375 125.91020965576171875 235.7839508056640625 262.14666748046875 296.56488037109375 272.465240478515625 231.7393951416015625 194.133087158203125 217.4757843017578125 243.4332733154296875 200.7248687744140625 193.0608062744140625 193.8282318115234375 223.63604736328125 258.2061767578125 263.19049072265625 292.796051025390625 311.423095703125 96.1698150634765625 96.8861083984375 292.37957763671875 280.406707763671875 116.9959869384765625 98.47112274169921875 319.9691162109375 293.333526611328125 335.85357666015625 27.349689483642578125 83.92790985107421875 342.2154541015625 10.560682296752929688 81.25421142578125 247.6190185546875 236.888458251953125 220.36419677734375 200.995513916015625
292.0106201171875 348.689361572265625 32.79241180419921875 34.88805389404296875 48.81397247314453125 49.004039764404296875 74.19722747802734375 109.72156524658203125 234.9261627197265625 226.908660888671875 237.14385986328125 248.962005615234375 207.8965606689453125 222.06402587890625 241.5733642578125 184.8984375 174.685211181640625 207.254852294921875 277.333984375 303.78863525390625 290.111907958984375 275.38873291015625 281.5462646484375 154.982696533203125 118.26611328125 122.0382537841796875 215.4060821533203125 187.4803009033203125 152.4876251220703125 142.274871826171875 232.5942840576171875 253.249237060546875 237.8748016357421875 119.180419921875 172.694000244140625 277.2236328125 48.365779876708984375 29.745021820068359375 318.012115478515625 228.8135833740234375 169.2862701416015625 187.38555908203125
299.153076171875 281.975128173828125 59.226154327392578125 41.115386962890625 50.806491851806640625 59.902408599853515625 63.434673309326171875 50.79232025146484375 26.562803268432617188 223.6025390625 244.0931549072265625 239.573822021484375 223.15179443359375 270.450592041015625 283.23968505859375 112.06739044189453125 172.6938629150390625 261.253326416015625 279.56597900390625 283.4302978515625 263.852783203125 241.7495880126953125 206.21075439453125 157.3477325439453125 105.46099090576171875 66.31774139404296875 51.341136932373046875 166.6747589111328125 186.3394927978515625 314.995635986328125 302.470245361328125 263.366973876953125 242.9690093994140625 86.72896575927734375 323.530181884765625 284.62030029296875 134.9996795654296875 205.1439971923828125 195.2526397705078125 143.7460784912109375 160.6404266357421875 153.434051513671875
215.2170257568359375 175.7629852294921875 201.180908203125 120.32306671142578125 65.646697998046875 59.886051177978515625 54.700099945068359375 32.141689300537109375 16.164464950561523438 354.628173828125 309.1431884765625 246.0368804931640625 242.487213134765625 249.06494140625 232.1243438720703125 143.1315155029296875 332.101837158203125 308.030975341796875 280.855560302734375 251.564453125 226.2722930908203125 220.66656494140625 204.52716064453125 162.2349090576171875 171.8696746826171875 27.387538909912109375 46.112529754638671875 21.929613113403320312 332.525177001953125 341.56402587890625 340.20001220703125 323.003997802734375 326.88714599609375 48.81618499755859375 300.067352294921875 143.746490478515625 140.2371673583984375 185.2465972900390625 191.200286865234375 179.0903472900390625 190.0972442626953125 150.254180908203125
142.305877685546875 149.742950439453125 221.7840423583984375 181.590911865234375 138.4235382080078125 104.97258758544921875 84.55970001220703125 36.25400543212890625 7.94341278076171875 22.2490692138671875 42.137958526611328125 287.55908203125 283.60888671875 250.01641845703125 224.3255462646484375 230.7101593017578125 277.54827880859375 286.87542724609375 275.193878173828125 273.502960205078125 281.767578125 244.9817352294921875 198.4347381591796875 153.9243927001953125 209.8583526611328125 194.620208740234375 113.57462310791015625 320.708770751953125 322.523468017578125 1.0052988529205322266 312.272369384765625 320.7100830078125 119.47601318359375 182.9102783203125 166.8902435302734375 133.11181640625 123.25411224365234375 149.6467437744140625 199.6534576416015625 211.8168182373046875 196.1128997802734375 143.0040283203125
43.024524688720703125 24.075292587280273438 325.53863525390625 97.25299835205078125 127.5683441162109375 128.3670654296875 71.56565093994140625 19.43963623046875 350.216522216796875 33.111362457275390625 44.20430755615234375 307.072296142578125 309.935394287109375 336.53985595703125 286.6990966796875 257.399261474609375 238.6707305908203125 235.4371337890625 261.443939208984375 281.705535888671875 289.797454833984375 156.8005523681640625 146.820770263671875 142.5230712890625 201.929046630859375 193.6953125 154.1788177490234375 223.8061981201171875 234.6366424560546875 150.9448394775390625 207.823883056640625 187.4306488037109375 130.4256744384765625 162.3236083984375 187.9570770263671875 148.108795166015625 106.03217315673828125 72.84719085693359375 319.398284912109375 277.5606689453125 232.5913238525390625 106.9286956787109375
167.276031494140625 306.86859130859375 348.69036865234375 84.50775146484375 80.9285125732421875 64.5027923583984375 339.44390869140625 21.193563461303710938 356.986114501953125 6.8424816131591796875 37.954128265380859375 318.179473876953125 299.96142578125 346.427978515625 329.3218994140625 299.357940673828125 235.0808258056640625 235.619476318359375 252.1916656494140625 261.38336181640625 290.552520751953125 93.01323699951171875 112.4795684814453125 123.690338134765625 130.2350006103515625 189.46099853515625 216.4691009521484375 253.3005218505859375 198.9698638916015625 161.5644073486328125 200.4093780517578125 200.2242584228515625 106.79814910888671875 90.48136138916015625 216.8692474365234375 187.4309844970703125 120.96334075927734375 74.47524261474609375 316.7353515625 289.611358642578125 328.6265869140625 351.86907958984375
359.998779296875 224.9994659423828125 156.6140899658203125 130.544281005859375 104.03638458251953125 80.838043212890625 134.9996795654296875 185.1940765380859375 239.035675048828125 310.234649658203125 59.281291961669921875 351.873443603515625 241.0732879638671875 199.0576171875 195.8321533203125 207.0304718017578125 248.9623565673828125 245.555511474609375 240.1722259521484375 231.008453369140625 200.6741790771484375 147.9945068359375 152.570953369140625 227.04449462890625 27.645753860473632812 11.311106681823730469 306.5721435546875 269.999359130859375 129.2889862060546875 125.5362091064453125 269.999359130859375 177.709320068359375 145.839599609375 70.64099884033203125 58.70725250244140625 207.3498382568359375 167.0055999755859375 104.03664398193359375 282.170989990234375 296.56451416015625 325.783538818359375 1.2729694843292236328
106.69905853271484375 143.12994384765625 147.2153167724609375 158.5650482177734375 170.133819580078125 131.054473876953125 99.16204833984375 183.8138427734375 259.62408447265625 298.85491943359375 65.806884765625 80.70647430419921875 250.9418182373046875 177.61358642578125 179.9998779296875 210.3785858154296875 203.05084228515625 214.7646331787109375 238.3085174560546875 219.2888641357421875 197.818450927734375 180.555938720703125 243.4343719482421875 247.3803253173828125 182.2906646728515625 244.9822998046875 323.12933349609375 127.23476409912109375 159.2269287109375 182.4877166748046875 181.3975830078125 140.8264007568359375 151.4595489501953125 170.3261260986328125 174.5876617431640625 297.896331787109375 106.70059967041015625 180.0004119873046875 290.399322509765625 308.810638427734375 338.8232421875 106.03234100341796875
134.4590606689453125 144.0662689208984375 140.47705078125 134.9988861083984375 263.15765380859375 327.530609130859375 54.659130096435546875 18.434906005859375 294.361724853515625 312.183837890625 35.94200897216796875 14.237252235412597656 349.24835205078125 14.656813621520996094 12.587294578552246094 344.053863525390625 303.3104248046875 297.439056396484375 299.475341796875 198.433868408203125 226.709320068359375 262.18414306640625 283.570556640625 132.9900665283203125 181.771209716796875 238.8692169189453125 176.6336517333984375 129.6437530517578125 201.296630859375 168.6892547607421875 150.679168701171875 163.6860504150390625 101.31037139892578125 68.62996673583984375 229.8983306884765625 203.384429931640625 160.641143798828125 302.7337646484375 272.618896484375 242.0374298095703125 159.3405914306640625 149.3223876953125
