wildfire/work/fuelmodels/2002/aspect.asc
ncols        277
nrows        232
xllcorner    182225.000000000000
yllcorner    464855.000000000000
cellsize     5.000000000000
NODATA_value   -999
[rows 0 to 18 of 232, columns 0 to 41 of 277]
0 0 0 0 0 0 0 0 0 0 0 0 0 0 0 0 0 0 0 0 0 0 0 0 0 0 0 0 0 0 0 0 0 0 0 0 0 0 0 0 0 0
0 37.769588470458984375 1.6554578542709350586 306.383148193359375 167.4203338623046875 186.952392578125 217.3034210205078125 209.42694091796875 208.4953765869140625 227.2019805908203125 201.0370025634765625 169.734619140625 146.3096771240234375 128.745849609375 121.15906524658203125 120.96344757080078125 139.1698760986328125 160.0167694091796875 21.037012100219726562 262.49639892578125 233.9491119384765625 140.1017608642578125 145.5990753173828125 158.96209716796875 189.8652191162109375 270.515655517578125 265.125457763671875 266.681671142578125 275.194000244140625 283.0609130859375 283.200469970703125 284.314300537109375 283.839935302734375 275.138946533203125 258.689361572265625 228.8419189453125 218.7170562744140625 211.932952880859375 197.215576171875 183.63250732421875 168.68963623046875 113.85349273681640625
0 166.3154754638671875 172.3177032470703125 159.6234588623046875 171.326171875 203.06951904296875 235.4511566162109375 221.986968994140625 213.1109771728515625 215.2598876953125 195.4493408203125 187.02044677734375 171.084686279296875 154.515411376953125 138.5574951171875 128.3084564208984375 175.8143157958984375 241.990325927734375 134.9996795654296875 248.8499908447265625 202.4663543701171875 134.3094024658203125 141.7096710205078125 237.5296478271484375 289.982940673828125 286.843292236328125 283.068572998046875 273.65142822265625 269.61968994140625 272.05914306640625 272.5198974609375 268.74481201171875 254.3200225830078125 230.5111541748046875 212.1143798828125 203.938201904296875 206.0663604736328125 217.730499267578125 225.964996337890625 216.8694610595703125 220.196075439453125 153.082611083984375
0 169.7553558349609375 175.575775146484375 178.772216796875 207.3712921142578125 242.1021270751953125 239.7826080322265625 218.5004425048828125 204.144866943359375 203.0082550048828125 196.698822021484375 193.767608642578125 157.813079833984375 150.944976806640625 151.6383209228515625 138.54461669921875 212.091583251953125 207.428436279296875 167.4121246337890625 209.05413818359375 186.666229248046875 132.336639404296875 326.30328369140625 304.794464111328125 302.365692138671875 282.318511962890625 255.649993896484375 255.6684112548828125 265.178619384765625 271.168487548828125 263.190216064453125 235.78369140625 215.4394073486328125 215.9094390869140625 236.8881988525390625 258.502716064453125 263.0179443359375 263.9267578125 265.723541259765625 245.973114013671875 213.6895294189453125 196.9268341064453125
0 171.2088470458984375 178.6024627685546875 242.7955322265625 271.800384521484375 273.301116943359375 250.4627532958984375 191.003265380859375 184.460418701171875 196.5394287109375 193.0915374755859375 197.8292236328125 146.5695953369140625 131.759979248046875 157.318756103515625 170.31085205078125 206.175018310546875 187.3055267333984375 176.5316009521484375 235.0802459716796875 252.349761962890625 33.690830230712890625 322.12445068359375 269.117462158203125 275.1934814453125 283.39202880859375 275.710052490234375 262.8743896484375 252.8469390869140625 239.8980255126953125 218.8444976806640625 215.5372772216796875 233.69500732421875 253.609771728515625 263.575836181640625 267.19708251953125 271.808502197265625 261.253448486328125 253.375 208.4645538330078125 173.190582275390625 215.6102294921875
0 232.6954193115234375 296.146392822265625 292.93157958984375 288.434356689453125 259.158660888671875 205.20074462890625 160.497344970703125 163.2576751708984375 190.6401824951171875 188.8148956298828125 189.9771881103515625 164.60400390625 134.501556396484375 148.4477996826171875 192.029876708984375 204.5898284912109375 237.9942474365234375 311.34722900390625 321.427825927734375 329.3486328125 34.697170257568359375 127.87334442138671875 233.972259521484375 235.669281005859375 233.3923797607421875 259.508087158203125 282.3385009765625 281.658782958984375 248.78143310546875 219.4468536376953125 246.908294677734375 263.479736328125 257.78350830078125 244.6911773681640625 237.887603759765625 234.365966796875 247.1090545654296875 238.4951934814453125 185.71002197265625 176.89373779296875 244.2414703369140625
0 326.9959716796875 316.487152099609375 284.34893798828125 249.5068817138671875 190.0074920654296875 174.55963134765625 160.159027099609375 148.284576416015625 183.1444549560546875 189.6374664306640625 170.5988311767578125 174.4122161865234375 172.3251800537109375 169.5079803466796875 196.5037078857421875 248.0252838134765625 284.80755615234375 298.558929443359375 292.889678955078125 141.34039306640625 151.698516845703125 173.7959747314453125 212.9051666259765625 240.9449310302734375 239.035430908203125 254.666015625 273.94451904296875 291.800750732421875 316.7353515625 290.135528564453125 272.418914794921875 261.408172607421875 262.029754638671875 271.1226806640625 264.154815673828125 256.398681640625 245.34356689453125 215.8370208740234375 192.094024658203125 253.672576904296875 282.52813720703125
0 277.523040771484375 278.1292724609375 266.081207275390625 221.185028076171875 185.85546875 166.67529296875 157.0107269287109375 141.8421630859375 174.6103057861328125 168.9591217041015625 151.0395660400390625 172.874420166015625 197.2410430908203125 205.7686767578125 250.768585205078125 280.358551025390625 280.863311767578125 226.683837890625 176.185546875 160.0166778564453125 166.429168701171875 277.125030517578125 313.451080322265625 314.99957275390625 305.340118408203125 272.365753173828125 258.810546875 247.953369140625 248.4277191162109375 273.011627197265625 263.43646240234375 267.67779541015625 281.975494384765625 283.3238525390625 255.25592041015625 245.7083282470703125 226.4499969482421875 216.3130645751953125 253.810272216796875 275.193878173828125 263.124664306640625
0 198.4345703125 225.5300750732421875 239.2494354248046875 167.82763671875 166.0868682861328125 176.6331939697265625 179.9995880126953125 166.184295654296875 203.1986236572265625 85.10088348388671875 93.46842193603515625 149.0362091064453125 237.094512939453125 261.86920166015625 283.522125244140625 282.99365234375 234.6876678466796875 174.6677703857421875 167.3474578857421875 92.4899139404296875 314.99853515625 290.555145263671875 282.770111083984375 272.1204833984375 283.495880126953125 278.47088623046875 268.47210693359375 260.31097412109375 257.5496826171875 275.19390869140625 279.271881103515625 273.813323974609375 269.99920654296875 254.538238525390625 217.724334716796875 217.3658905029296875 212.221038818359375 219.2888946533203125 251.96514892578125 259.9019775390625 221.819580078125
0 192.65240478515625 221.893646240234375 211.272430419921875 168.4161224365234375 162.53143310546875 180.92364501953125 198.7581329345703125 186.8917388916015625 197.24090576171875 164.6233367919921875 132.0388641357421875 163.8109130859375 275.963836669921875 299.744354248046875 286.5040283203125 246.41290283203125 224.9994659423828125 314.999267578125 322.666015625 354.804718017578125 352.26544189453125 255.9620208740234375 215.247406005859375 245.9239654541015625 279.83270263671875 288.823822021484375 280.30377197265625 269.998931884765625 258.17779541015625 268.19091796875 284.641387939453125 272.7696533203125 238.8692169189453125 225.867706298828125 244.17803955078125 265.235595703125 232.5235443115234375 225.7066650390625 247.86761474609375 235.1239013671875 190.88507080078125
0 352.567108154296875 237.6796722412109375 209.140228271484375 183.6080169677734375 170.3616180419921875 218.99029541015625 238.1334381103515625 172.74603271484375 176.3911285400390625 179.9997406005859375 193.5703277587890625 316.14483642578125 316.205352783203125 314.028411865234375 11.308224678039550781 250.906036376953125 266.42327880859375 311.495880126953125 311.423095703125 324.46392822265625 6.3417758941650390625 7.1247754096984863281 328.23919677734375 287.208770751953125 266.819488525390625 239.9940032958984375 245.8276519775390625 254.47503662109375 255.017578125 242.7154541015625 239.59625244140625 225.7069549560546875 225.73443603515625 241.5040283203125 237.407012939453125 201.1936798095703125 198.435028076171875 230.1276397705078125 244.81304931640625 211.192169189453125 186.410552978515625
0 1.6847276687622070312 353.989990234375 342.438262939453125 337.304962158203125 342.645416259765625 317.290374755859375 312.5101318359375 59.03546142578125 25.974216461181640625 332.948516845703125 331.259368896484375 321.270233154296875 311.75970458984375 281.31011962890625 318.812652587890625 326.88714599609375 258.11016845703125 269.453399658203125 316.63555908203125 16.699504852294921875 337.166351318359375 335.13543701171875 324.4610595703125 284.4200439453125 247.4786224365234375 223.6014556884765625 236.66815185546875 232.6278533935546875 208.3003997802734375 211.5510711669921875 218.289703369140625 222.4201812744140625 234.141021728515625 221.7473297119140625 188.41412353515625 181.6519317626953125 198.2285003662109375 228.0933990478515625 237.1265106201171875 193.82855224609375 186.4989166259765625
0 350.3616943359375 352.762298583984375 2.2455737590789794922 15.421907424926757812 358.2630615234375 319.76275634765625 333.0335693359375 9.688510894775390625 353.19781494140625 327.0501708984375 326.5914306640625 328.1895751953125 341.02911376953125 356.819580078125 340.97369384765625 17.3549957275390625 295.34521484375 280.007354736328125 307.874481201171875 353.990234375 356.128082275390625 355.913482666015625 339.1656494140625 338.727508544921875 350.979949951171875 345.3021240234375 327.4490966796875 281.888092041015625 262.303436279296875 286.048004150390625 267.08795166015625 239.9720458984375 222.1929473876953125 182.3996429443359375 172.085418701171875 188.8063812255859375 214.159210205078125 232.515838623046875 231.286407470703125 180.4893798828125 184.9495086669921875
0 333.969635009765625 0.78498679399490356445 42.273540496826171875 17.1021575927734375 343.84185791015625 345.860198974609375 358.024322509765625 12.380132675170898438 319.2882080078125 313.93853759765625 310.731475830078125 328.68914794921875 351.326141357421875 9.0394506454467773438 27.646142959594726562 0.0012142510386183857918 312.43560791015625 302.47039794921875 317.662139892578125 342.58734130859375 356.459747314453125 357.149688720703125 344.980743408203125 346.064300537109375 357.527587890625 354.650146484375 353.36651611328125 1.5340768098831176758 339.1136474609375 325.304290771484375 12.094141960144042969 242.3540496826171875 216.192596435546875 158.4704437255859375 158.96221923828125 208.9673919677734375 230.1941070556640625 234.897796630859375 216.31903076171875 179.6436309814453125 188.8061065673828125
0 358.567047119140625 27.83838653564453125 6.2154521942138671875 355.42498779296875 341.07464599609375 357.7967529296875 48.944774627685546875 25.016515731811523438 307.613250732421875 317.48870849609375 315.66534423828125 317.385406494140625 28.073328018188476562 111.9488067626953125 147.9944610595703125 299.4066162109375 311.905364990234375 309.12664794921875 320.80584716796875 340.200286865234375 350.75311279296875 351.814178466796875 346.81134033203125 346.377685546875 356.471771240234375 355.543670654296875 354.575836181640625 8.6484546661376953125 3.4422812461853027344 352.365936279296875 12.994548797607421875 6.0274496078491210938 353.117889404296875 32.1250152587890625 36.11871337890625 313.89776611328125 279.71270751953125 239.3639678955078125 202.3794097900390625 191.869720458984375 205.5228729248046875
0 26.221897125244140625 50.648113250732421875 327.33819580078125 15.572093009948730469 147.09515380859375 185.7096710205078125 37.092800140380859375 345.599212646484375 343.149993896484375 340.1319580078125 313.057373046875 290.224945068359375 106.7818450927734375 101.00324249267578125 319.183990478515625 310.6422119140625 307.620880126953125 302.6602783203125 314.1356201171875 335.518524169921875 344.111907958984375 346.389495849609375 346.4534912109375 349.57623291015625 354.910919189453125 353.064788818359375 356.60919189453125 7.2461309432983398438 8.5396680831909179688 3.1288421154022216797 3.4737954139709472656 9.2207393646240234375 11.051606178283691406 19.440141677856445312 26.15662384033203125 356.12054443359375 311.63250732421875 185.9054412841796875 189.2451324462890625 206.7744140625 221.308258056640625
0 64.2305450439453125 83.5709075927734375 179.2145843505859375 160.1145172119140625 171.0845184326171875 261.86865234375 319.82916259765625 322.666015625 347.004791259765625 11.056237220764160156 6.8417229652404785156 178.3626708984375 116.02941131591796875 6.7664933204650878906 321.88092041015625 320.439544677734375 314.9993896484375 308.71234130859375 313.726165771484375 330.332550048828125 339.9984130859375 342.70489501953125 343.945159912109375 348.91668701171875 354.7021484375 353.4901123046875 356.986297607421875 2.3047974109649658203 5.7440304756164550781 5.9644498825073242188 6.0484781265258789062 15.076010704040527344 20.432950973510742188 26.462221145629882812 27.710689544677734375 15.592631340026855469 24.253858566284179688 82.64798736572265625 160.0156402587890625 224.9994659423828125 229.5135498046875
0 66.80104827880859375 80.89714813232421875 102.58739471435546875 140.9056243896484375 295.34613037109375 294.30401611328125 291.68133544921875 279.46136474609375 309.558807373046875 76.504302978515625 91.2735748291015625 86.636505126953125 336.24896240234375 317.45318603515625 309.804840087890625 318.2884521484375 316.027008056640625 312.09228515625 316.272186279296875 325.0926513671875 334.08203125 342.088653564453125 343.053985595703125 344.898223876953125 352.874298095703125 350.202972412109375 352.965667724609375 0.8979619145393371582 3.6969532966613769531 9.1177892684936523438 16.497524261474609375 20.786441802978515625 23.25753021240234375 31.399364471435546875 30.393072128295898438 30.963605880737304688 51.287006378173828125 63.64968109130859375 86.0090484619140625 181.0807342529296875 213.68963623046875
0 108.003814697265625 79.99192047119140625 32.905071258544921875 2.9107058048248291016 337.5328369140625 304.939208984375 264.805023193359375 249.9038543701171875 196.5040130615234375 137.0822906494140625 137.2899169921875 329.0362548828125 326.1123046875 311.35791015625 305.10528564453125 310.485260009765625 308.83642578125 304.810882568359375 308.41748046875 313.733245849609375 324.210235595703125 341.412353515625 342.53790283203125 341.074462890625 348.590667724609375 343.956573486328125 347.39349365234375 1.6775345802307128906 3.113452911376953125 12.652609825134277344 25.90659332275390625 27.36357879638671875 29.3441925048828125 41.23134613037109375 47.602443695068359375 59.359348297119140625 70.95331573486328125 74.538482666015625 93.81363677978515625 143.1297607421875 217.64727783203125
