wildfire/work/fuelmodels/1701/ahn1.asc
ncols        84
nrows        75
xllcorner    197435.000000000000
yllcorner    449085.000000000000
cellsize     5.000000000000
NODATA_value   -999
[rows 38 to 56 of 75, columns 42 to 83 of 84]
87.1399993896484375 87.29000091552734375 87.65000152587890625 88.15000152587890625 88.44000244140625 89.09999847412109375 89.34999847412109375 89.55999755859375 89.79000091552734375 89.8000030517578125 89.26999664306640625 88.56999969482421875 87.5500030517578125 86.45999908447265625 85.3300018310546875 83.970001220703125 82.76999664306640625 81.279998779296875 79.81999969482421875 78.59999847412109375 77.56999969482421875 76.1399993896484375 74.69000244140625 73.15000152587890625 72.15000152587890625 70.8899993896484375 70.3300018310546875 69.31999969482421875 68.76000213623046875 68.26000213623046875 68.01000213623046875 68.5800018310546875 70.660003662109375 72.69000244140625 75.12999725341796875 77.94000244140625 79.73000335693359375 81.55999755859375 83.19000244140625 84.5500030517578125 85.79000091552734375 86.20999908447265625
86 86.37000274658203125 86.56999969482421875 86.4499969482421875 86.90000152587890625 87.3000030517578125 88.15000152587890625 88.54000091552734375 88.44000244140625 88.79000091552734375 88.5800018310546875 88.12999725341796875 87.37999725341796875 86.220001220703125 85.089996337890625 84.04000091552734375 82.8300018310546875 81.4199981689453125 79.8899993896484375 78.54000091552734375 77.26000213623046875 75.839996337890625 74.4499969482421875 73.29000091552734375 72.23999786376953125 71.160003662109375 69.90000152587890625 68.98000335693359375 68.529998779296875 67.9199981689453125 67.8899993896484375 68.73999786376953125 70.5800018310546875 73.0800018310546875 75.6100006103515625 77.65000152587890625 79.56999969482421875 81.48000335693359375 83.31999969482421875 84.93000030517578125 85.8000030517578125 86.20999908447265625
85 84.87000274658203125 85.089996337890625 85.279998779296875 85.65000152587890625 86.45999908447265625 86.43000030517578125 86.8600006103515625 87.339996337890625 87.73999786376953125 87.6399993896484375 87.48000335693359375 86.80999755859375 86.12000274658203125 85.1399993896484375 84 82.94000244140625 81.29000091552734375 79.910003662109375 78.48999786376953125 77.1699981689453125 75.8000030517578125 74.6999969482421875 73.44000244140625 72.1699981689453125 71.09999847412109375 70 68.90000152587890625 68.18000030517578125 67.68000030517578125 67.660003662109375 68.95999908447265625 70.98000335693359375 72.80999755859375 75.1699981689453125 77.3899993896484375 79.589996337890625 81.40000152587890625 83.20999908447265625 84.51999664306640625 85.26999664306640625 85.76000213623046875
83.660003662109375 83.73999786376953125 83.779998779296875 83.95999908447265625 83.910003662109375 84.23999786376953125 85.15000152587890625 85.6999969482421875 85.98000335693359375 86.3300018310546875 86.62999725341796875 86.70999908447265625 86.37999725341796875 86 85.06999969482421875 84.0800018310546875 83.029998779296875 81.20999908447265625 80.09999847412109375 78.51999664306640625 77.40000152587890625 76.31999969482421875 74.720001220703125 73.31999969482421875 72.1100006103515625 71.12999725341796875 69.98000335693359375 69.0500030517578125 67.95999908447265625 67.44000244140625 67.48999786376953125 68.9499969482421875 70.55999755859375 72.69000244140625 74.69000244140625 77.05999755859375 78.87000274658203125 80.95999908447265625 82.5800018310546875 83.79000091552734375 84.62999725341796875 85.04000091552734375
83.01000213623046875 82.839996337890625 82.73999786376953125 82.84999847412109375 83.1399993896484375 83.3600006103515625 83.8000030517578125 84.5800018310546875 84.90000152587890625 85.1399993896484375 85.44000244140625 85.51000213623046875 85.48000335693359375 85.160003662109375 84.54000091552734375 83.94000244140625 82.6100006103515625 81.62000274658203125 80.23000335693359375 78.79000091552734375 77.4199981689453125 76.220001220703125 74.910003662109375 73.62999725341796875 72.410003662109375 71.26000213623046875 70.1399993896484375 69.01999664306640625 67.8600006103515625 67.25 67.40000152587890625 68.8300018310546875 70.76000213623046875 72.6399993896484375 74.56999969482421875 76.3600006103515625 78.0800018310546875 79.84999847412109375 81.81999969482421875 82.8899993896484375 83.69000244140625 83.95999908447265625
82.5500030517578125 82.19000244140625 81.9499969482421875 82.01000213623046875 82.3000030517578125 82.1100006103515625 82.6399993896484375 83.3300018310546875 83.68000030517578125 83.98999786376953125 84.40000152587890625 84.3000030517578125 84.529998779296875 84.40000152587890625 84.220001220703125 83.48999786376953125 82.75 81.68000030517578125 80.23000335693359375 78.98999786376953125 77.76999664306640625 76.3300018310546875 75.23000335693359375 73.90000152587890625 72.87999725341796875 71.54000091552734375 69.95999908447265625 68.87999725341796875 67.720001220703125 67.0800018310546875 67.089996337890625 68.51000213623046875 70.470001220703125 72.220001220703125 73.8000030517578125 75.62000274658203125 77.3000030517578125 79.26000213623046875 81.0500030517578125 81.98000335693359375 82.5800018310546875 82.9199981689453125
82.09999847412109375 81.660003662109375 81.339996337890625 81.26000213623046875 81.529998779296875 81.3300018310546875 81.470001220703125 82.029998779296875 82.37999725341796875 82.95999908447265625 83 83.1100006103515625 83.31999969482421875 83.4499969482421875 83.25 83.55999755859375 82.56999969482421875 81.6699981689453125 80.29000091552734375 79.12999725341796875 77.76999664306640625 76.51000213623046875 75.6999969482421875 74.45999908447265625 73.1999969482421875 71.5800018310546875 70.1399993896484375 68.910003662109375 68.220001220703125 67.12999725341796875 66.87000274658203125 68.3300018310546875 70.05999755859375 71.48999786376953125 72.779998779296875 74.87999725341796875 76.98000335693359375 78.56999969482421875 79.94000244140625 81.01000213623046875 81.65000152587890625 82.19000244140625
81.87999725341796875 81.43000030517578125 80.94000244140625 80.8000030517578125 80.93000030517578125 80.87000274658203125 80.3600006103515625 80.90000152587890625 81.31999969482421875 81.84999847412109375 82.01000213623046875 82.34999847412109375 82.48999786376953125 82.44000244140625 82.59999847412109375 82.75 82.1699981689453125 81.45999908447265625 80.3300018310546875 79.34999847412109375 78.279998779296875 77.15000152587890625 75.93000030517578125 74.76999664306640625 73.5800018310546875 72.12000274658203125 70.70999908447265625 69.12999725341796875 67.98000335693359375 66.90000152587890625 66.75 67.8300018310546875 69.20999908447265625 70.779998779296875 72.51000213623046875 74.51999664306640625 76.4499969482421875 77.3899993896484375 79.25 80.1100006103515625 80.8300018310546875 81.26000213623046875
81.87999725341796875 81.29000091552734375 81.12999725341796875 81.1999969482421875 80.779998779296875 80.18000030517578125 79.75 79.69000244140625 80.220001220703125 80.54000091552734375 81.09999847412109375 81.3899993896484375 81.48000335693359375 81.6100006103515625 81.76000213623046875 81.93000030517578125 81.69000244140625 81.1100006103515625 80.48999786376953125 79.37000274658203125 78.470001220703125 77.34999847412109375 76.3000030517578125 74.90000152587890625 73.6699981689453125 72.0500030517578125 70.4499969482421875 69.1399993896484375 68.01999664306640625 67.01999664306640625 66.44000244140625 67.0500030517578125 68.779998779296875 70.37000274658203125 71.45999908447265625 73.48000335693359375 74.79000091552734375 76.43000030517578125 77.90000152587890625 79.19000244140625 79.87000274658203125 80.37000274658203125
82.23000335693359375 81.51999664306640625 81.339996337890625 81.4499969482421875 80.79000091552734375 79.84999847412109375 79.339996337890625 78.93000030517578125 78.98999786376953125 79.37000274658203125 79.81999969482421875 80.26000213623046875 80.44000244140625 80.80999755859375 80.9499969482421875 80.90000152587890625 81.05999755859375 80.69000244140625 80.15000152587890625 79.4199981689453125 78.51000213623046875 77.62999725341796875 76.40000152587890625 75.1699981689453125 73.84999847412109375 72.5500030517578125 70.94000244140625 69.18000030517578125 68.04000091552734375 67.089996337890625 66.1999969482421875 66.8000030517578125 67.8600006103515625 69.31999969482421875 70.69000244140625 72.26999664306640625 73.81999969482421875 75.3899993896484375 76.660003662109375 77.59999847412109375 78.62999725341796875 79.23000335693359375
82.87000274658203125 81.62000274658203125 81.09999847412109375 80.87999725341796875 80.54000091552734375 79.910003662109375 79.5800018310546875 78.69000244140625 78.4199981689453125 78.34999847412109375 79.0500030517578125 79.3300018310546875 79.70999908447265625 80 80.09999847412109375 80.220001220703125 80.26999664306640625 80.15000152587890625 79.73999786376953125 79.25 78.55999755859375 77.90000152587890625 76.70999908447265625 75.410003662109375 74.0500030517578125 72.5 71 69.3000030517578125 67.73999786376953125 66.87000274658203125 66.04000091552734375 66.06999969482421875 67.0500030517578125 68.410003662109375 69.8300018310546875 71.0500030517578125 72.12999725341796875 73.48999786376953125 74.87999725341796875 76.029998779296875 77.45999908447265625 78.05999755859375
83.4499969482421875 81.76999664306640625 80.81999969482421875 80.25 80.160003662109375 79.75 79.76000213623046875 79.1100006103515625 78.3000030517578125 77.75 77.65000152587890625 78.12000274658203125 78.69000244140625 79.1999969482421875 79.279998779296875 79.589996337890625 79.6999969482421875 79.56999969482421875 79.3000030517578125 79.029998779296875 78.48999786376953125 77.79000091552734375 76.6699981689453125 75.26000213623046875 73.5800018310546875 72.029998779296875 70.79000091552734375 68.98000335693359375 68.029998779296875 66.70999908447265625 65.98000335693359375 65.76000213623046875 66.12999725341796875 67.529998779296875 68.62000274658203125 69.73000335693359375 70.470001220703125 71.70999908447265625 72.8899993896484375 74.73000335693359375 75.8899993896484375 76.3600006103515625
83.75 82.3000030517578125 81.1100006103515625 80.1100006103515625 79.8300018310546875 79.3300018310546875 79.3300018310546875 79.51999664306640625 78.779998779296875 77.68000030517578125 76.6699981689453125 76.93000030517578125 77.54000091552734375 78.3000030517578125 78.31999969482421875 78.80999755859375 78.9499969482421875 79.04000091552734375 78.81999969482421875 78.48999786376953125 78.220001220703125 77.529998779296875 76.48999786376953125 74.9499969482421875 73.73999786376953125 71.9499969482421875 70.45999908447265625 69.3300018310546875 68.15000152587890625 66.73999786376953125 65.6999969482421875 65.54000091552734375 65.80999755859375 66.589996337890625 67.529998779296875 68.8600006103515625 69.76000213623046875 70.660003662109375 71.69000244140625 72.76000213623046875 74.1699981689453125 75.0500030517578125
83.4199981689453125 82.43000030517578125 81.279998779296875 79.98000335693359375 79.470001220703125 79.160003662109375 79.37000274658203125 79.55999755859375 79.089996337890625 77.84999847412109375 76.45999908447265625 76.1399993896484375 76.410003662109375 76.43000030517578125 77.3600006103515625 77.779998779296875 78.29000091552734375 78.34999847412109375 78.3899993896484375 78.1100006103515625 77.779998779296875 76.970001220703125 76.3899993896484375 75.18000030517578125 73.44000244140625 72.06999969482421875 70.62000274658203125 69.0500030517578125 67.73000335693359375 66.6999969482421875 65.73999786376953125 65.37000274658203125 65.51999664306640625 66.29000091552734375 67.26999664306640625 68.68000030517578125 69.59999847412109375 70.339996337890625 71.15000152587890625 72.37999725341796875 73.5800018310546875 74.5
83.160003662109375 82.48000335693359375 81.18000030517578125 80.29000091552734375 79.65000152587890625 79.529998779296875 80.06999969482421875 79.970001220703125 78.6699981689453125 77.65000152587890625 76.470001220703125 75.73999786376953125 75.43000030517578125 75.5500030517578125 75.779998779296875 76.26000213623046875 77.06999969482421875 77.660003662109375 77.76999664306640625 77.69000244140625 77.23999786376953125 76.73000335693359375 76.09999847412109375 74.839996337890625 73.45999908447265625 71.95999908447265625 70.470001220703125 69.1100006103515625 67.55999755859375 66.73000335693359375 65.6399993896484375 65.160003662109375 65.23999786376953125 66.30999755859375 67.4199981689453125 68.51999664306640625 69.73000335693359375 70.9499969482421875 71.95999908447265625 72.94000244140625 73.8000030517578125 74.51999664306640625
82.529998779296875 81.9199981689453125 81.339996337890625 80.40000152587890625 79.90000152587890625 80.12999725341796875 80.44000244140625 79.87000274658203125 78.160003662109375 77.1100006103515625 75.839996337890625 74.84999847412109375 74.62000274658203125 74.720001220703125 74.720001220703125 75.160003662109375 75.9499969482421875 76.70999908447265625 76.9499969482421875 76.9499969482421875 77.09999847412109375 76.62000274658203125 75.84999847412109375 74.720001220703125 73.470001220703125 72.15000152587890625 70.339996337890625 68.87000274658203125 67.529998779296875 66.51999664306640625 65.529998779296875 65.01000213623046875 65.04000091552734375 65.8899993896484375 67.12999725341796875 68.87000274658203125 70.23000335693359375 71.73999786376953125 72.839996337890625 73.6999969482421875 74.6399993896484375 75.720001220703125
82.339996337890625 82.160003662109375 81.90000152587890625 81.1699981689453125 80.51999664306640625 80.31999969482421875 80.75 79.98999786376953125 78.160003662109375 76.4199981689453125 75.3000030517578125 74.25 73.6399993896484375 73.8899993896484375 73.87999725341796875 74.01999664306640625 74.65000152587890625 75.37999725341796875 76.220001220703125 76.5 76.410003662109375 76.1999969482421875 75.59999847412109375 74.37999725341796875 73.0500030517578125 71.779998779296875 70.0500030517578125 68.70999908447265625 67.12999725341796875 66.19000244140625 65.62000274658203125 64.79000091552734375 64.8300018310546875 65.06999969482421875 66.73999786376953125 68.8899993896484375 70.4199981689453125 72.1399993896484375 73.54000091552734375 74.339996337890625 75.6100006103515625 76.94000244140625
82.62999725341796875 82.76999664306640625 82.87999725341796875 82.51999664306640625 81.8000030517578125 80.8300018310546875 80.94000244140625 79.90000152587890625 78.48999786376953125 76.6999969482421875 75.029998779296875 73.8600006103515625 72.80999755859375 73.04000091552734375 73.15000152587890625 73.12999725341796875 73.34999847412109375 73.73999786376953125 74.68000030517578125 75.75 75.76000213623046875 75.69000244140625 75.3000030517578125 74.23000335693359375 73.1399993896484375 71.51999664306640625 70.160003662109375 68.12999725341796875 66.839996337890625 66.12999725341796875 65.48999786376953125 64.62000274658203125 64.589996337890625 64.76999664306640625 66.75 68.56999969482421875 70.029998779296875 71.59999847412109375 73.05999755859375 74.48000335693359375 76.01000213623046875 77.62000274658203125
82.90000152587890625 83.70999908447265625 83.80999755859375 83.5 82.6699981689453125 81.70999908447265625 80.76999664306640625 79.839996337890625 78.8600006103515625 76.6699981689453125 75.48000335693359375 74.1399993896484375 72.81999969482421875 72.06999969482421875 72.1100006103515625 72.339996337890625 72.44000244140625 72.80999755859375 73.45999908447265625 74.19000244140625 74.660003662109375 74.8300018310546875 74.779998779296875 73.839996337890625 72.75 71.01000213623046875 69.62999725341796875 67.84999847412109375 66.529998779296875 65.8600006103515625 64.8899993896484375 64.37999725341796875 64.48999786376953125 65.01000213623046875 66.5 67.970001220703125 69.54000091552734375 71.1100006103515625 72.62000274658203125 74.62000274658203125 76.54000091552734375 78.1699981689453125
