wildfire/work/fuelmodels/1701/ahn1.asc
ncols        84
nrows        75
xllcorner    197435.000000000000
yllcorner    449085.000000000000
cellsize     5.000000000000
NODATA_value   -999
[rows 19 to 37 of 75, columns 42 to 83 of 84]
95.1699981689453125 95.4499969482421875 95.410003662109375 95.5500030517578125 95.54000091552734375 95.48999786376953125 95.3600006103515625 94.9199981689453125 94.20999908447265625 93.1699981689453125 91.76000213623046875 90.48999786376953125 89.1399993896484375 87.79000091552734375 86.51999664306640625 85.339996337890625 84.3000030517578125 83.51000213623046875 82.87999725341796875 82.05999755859375 81.089996337890625 79.9199981689453125 79.18000030517578125 78.3899993896484375 77.3000030517578125 76.779998779296875 75.87000274658203125 75.25 74.160003662109375 73.1999969482421875 72.68000030517578125 71.970001220703125 71.84999847412109375 71.9199981689453125 72.87000274658203125 74.26999664306640625 75.59999847412109375 77.0500030517578125 78.3000030517578125 79.6999969482421875 80.94000244140625 82.09999847412109375
95.04000091552734375 95.20999908447265625 95.339996337890625 95.3899993896484375 95.3300018310546875 95.44000244140625 95.3300018310546875 94.94000244140625 94.23000335693359375 93.1699981689453125 91.62999725341796875 90.12999725341796875 88.95999908447265625 87.51000213623046875 86.30999755859375 85.06999969482421875 84.26000213623046875 83.470001220703125 82.62999725341796875 81.779998779296875 80.75 79.40000152587890625 78.73999786376953125 77.720001220703125 77.1100006103515625 76.25 75.43000030517578125 74.80999755859375 73.70999908447265625 72.84999847412109375 72.23000335693359375 71.62999725341796875 71.48999786376953125 71.5500030517578125 72.470001220703125 74.089996337890625 75.65000152587890625 77.19000244140625 78.5 79.720001220703125 81.0500030517578125 82.029998779296875
95.12999725341796875 95.23000335693359375 95.23999786376953125 95.5 95.37999725341796875 95.4199981689453125 95.220001220703125 94.75 94.19000244140625 93.04000091552734375 91.3899993896484375 89.55999755859375 88.54000091552734375 87.54000091552734375 86.410003662109375 85.1699981689453125 84.3000030517578125 83.70999908447265625 82.69000244140625 81.81999969482421875 80.30999755859375 79.26000213623046875 78.589996337890625 77.4499969482421875 76.84999847412109375 76.1100006103515625 75.339996337890625 74.30999755859375 73.29000091552734375 72.15000152587890625 71.51999664306640625 71.31999969482421875 71.3000030517578125 71.43000030517578125 72.3899993896484375 73.98000335693359375 75.56999969482421875 77.160003662109375 78.6399993896484375 79.76000213623046875 80.98000335693359375 82.089996337890625
95.09999847412109375 95.220001220703125 95.31999969482421875 95.56999969482421875 95.410003662109375 95.31999969482421875 95 94.59999847412109375 94.05999755859375 93.26999664306640625 91.660003662109375 90.04000091552734375 88.6399993896484375 87.529998779296875 86.34999847412109375 85.0800018310546875 84.220001220703125 83.410003662109375 82.45999908447265625 81.470001220703125 80.37999725341796875 78.970001220703125 78.01000213623046875 77.44000244140625 76.5800018310546875 75.59999847412109375 75 74.12000274658203125 72.98999786376953125 71.8300018310546875 71.25 71.1100006103515625 71.01000213623046875 71.089996337890625 72.1399993896484375 73.59999847412109375 75.3600006103515625 76.8300018310546875 78.34999847412109375 79.5800018310546875 80.75 81.81999969482421875
95.12999725341796875 95.37999725341796875 95.40000152587890625 95.4499969482421875 95.34999847412109375 95.4199981689453125 95.05999755859375 94.51999664306640625 94.01999664306640625 93.05999755859375 92 90.3300018310546875 89.15000152587890625 87.720001220703125 86.48999786376953125 85.37000274658203125 84.30999755859375 83 82.339996337890625 81.26000213623046875 80.339996337890625 79.29000091552734375 78.0800018310546875 77.05999755859375 76.26999664306640625 75.37000274658203125 74.25 73.5800018310546875 72.65000152587890625 71.68000030517578125 70.970001220703125 70.8600006103515625 70.84999847412109375 70.9199981689453125 71.73999786376953125 73.3600006103515625 75.09999847412109375 76.529998779296875 78.12000274658203125 79.09999847412109375 80.19000244140625 80.93000030517578125
95.04000091552734375 95.25 95.37999725341796875 95.54000091552734375 95.31999969482421875 95.220001220703125 94.8600006103515625 94.3600006103515625 93.59999847412109375 93.01999664306640625 91.839996337890625 90.76999664306640625 89.18000030517578125 87.720001220703125 86.45999908447265625 85.12000274658203125 84.12999725341796875 82.98000335693359375 81.98000335693359375 81.1999969482421875 80.1999969482421875 79.279998779296875 77.87000274658203125 76.76000213623046875 75.720001220703125 74.8000030517578125 74.0500030517578125 73.410003662109375 72.06999969482421875 71.160003662109375 70.839996337890625 70.68000030517578125 70.660003662109375 70.6999969482421875 71.25 73.01999664306640625 74.76000213623046875 76.1699981689453125 77.6100006103515625 78.6100006103515625 79.3300018310546875 80.0500030517578125
95.23999786376953125 95.12999725341796875 95.30999755859375 95.20999908447265625 95.20999908447265625 94.8600006103515625 94.470001220703125 94.01000213623046875 93.3899993896484375 92.6100006103515625 91.45999908447265625 90.26000213623046875 89.0800018310546875 87.65000152587890625 86.31999969482421875 85.0500030517578125 83.970001220703125 82.720001220703125 81.6999969482421875 80.80999755859375 80.09999847412109375 79.3000030517578125 78.1100006103515625 76.75 75.5500030517578125 74.1100006103515625 73.660003662109375 72.9499969482421875 71.84999847412109375 71 70.51999664306640625 70.4199981689453125 70.48000335693359375 70.4499969482421875 70.9199981689453125 72.6999969482421875 74.339996337890625 75.76999664306640625 77.06999969482421875 77.9199981689453125 78.6399993896484375 79.09999847412109375
95.20999908447265625 95.18000030517578125 95.19000244140625 95.160003662109375 94.98000335693359375 94.910003662109375 94.26000213623046875 93.720001220703125 93.1999969482421875 92.51999664306640625 91.62000274658203125 90.1999969482421875 88.6399993896484375 87.089996337890625 86.12000274658203125 84.660003662109375 83.8000030517578125 82.62000274658203125 81.76999664306640625 80.5 79.70999908447265625 78.8300018310546875 77.79000091552734375 76.37999725341796875 74.84999847412109375 73.98000335693359375 73.19000244140625 72.54000091552734375 71.70999908447265625 71 70.5 70.29000091552734375 70.30999755859375 70.19000244140625 70.70999908447265625 72.339996337890625 73.73999786376953125 75.279998779296875 76.37999725341796875 77.1100006103515625 77.62999725341796875 78.029998779296875
95.23000335693359375 95.15000152587890625 94.9499969482421875 94.93000030517578125 94.93000030517578125 94.37000274658203125 93.87000274658203125 93.43000030517578125 92.75 91.73999786376953125 90.98999786376953125 90.12999725341796875 88.95999908447265625 87.05999755859375 85.48999786376953125 84.51999664306640625 83.62999725341796875 82.51999664306640625 81.56999969482421875 80.54000091552734375 79.30999755859375 78.51999664306640625 77.529998779296875 76.06999969482421875 74.8600006103515625 73.84999847412109375 72.8300018310546875 72.23000335693359375 71.589996337890625 70.84999847412109375 70.3300018310546875 70 70.06999969482421875 69.98999786376953125 70.6699981689453125 72.01999664306640625 73.54000091552734375 74.55999755859375 75.45999908447265625 76.26000213623046875 76.62000274658203125 76.970001220703125
94.9499969482421875 95.01999664306640625 94.970001220703125 94.9199981689453125 94.80999755859375 94.45999908447265625 94.0500030517578125 93.470001220703125 92.65000152587890625 91.73999786376953125 90.98000335693359375 90.1699981689453125 89.339996337890625 87.30999755859375 85.51999664306640625 84.410003662109375 83.089996337890625 82.1699981689453125 81.09999847412109375 80.01000213623046875 79.029998779296875 77.5500030517578125 77.01000213623046875 76.26000213623046875 75.01000213623046875 73.70999908447265625 72.73000335693359375 71.94000244140625 71.37999725341796875 70.660003662109375 70.31999969482421875 69.8000030517578125 69.95999908447265625 69.6999969482421875 70.29000091552734375 71.54000091552734375 72.76000213623046875 73.76000213623046875 74.3300018310546875 75.0500030517578125 75.339996337890625 75.970001220703125
94.79000091552734375 95.01999664306640625 95.04000091552734375 94.80999755859375 94.68000030517578125 94.65000152587890625 94.01000213623046875 93.410003662109375 92.6999969482421875 92.029998779296875 91.09999847412109375 90.3000030517578125 89.339996337890625 87.5800018310546875 85.55999755859375 84.1699981689453125 83.19000244140625 82.34999847412109375 81.06999969482421875 79.779998779296875 78.779998779296875 77.779998779296875 76.73999786376953125 75.51999664306640625 74.5500030517578125 73.660003662109375 72.529998779296875 71.59999847412109375 70.970001220703125 70.54000091552734375 69.98999786376953125 69.5500030517578125 69.69000244140625 69.62000274658203125 69.87999725341796875 70.84999847412109375 71.65000152587890625 72.62000274658203125 73.48000335693359375 74.05999755859375 74.6999969482421875 75.45999908447265625
94.81999969482421875 95.09999847412109375 95.06999969482421875 94.73999786376953125 94.51999664306640625 94.410003662109375 94.01000213623046875 93.51000213623046875 92.76000213623046875 91.8899993896484375 91.04000091552734375 90.09999847412109375 88.98000335693359375 87.589996337890625 85.98000335693359375 84.62000274658203125 83.410003662109375 82.20999908447265625 80.94000244140625 80.01999664306640625 78.76999664306640625 77.4199981689453125 76.3899993896484375 75.37999725341796875 74.1399993896484375 73.31999969482421875 72.44000244140625 71.51000213623046875 70.6399993896484375 70.18000030517578125 69.68000030517578125 69.40000152587890625 69.4199981689453125 69.3300018310546875 69.93000030517578125 70.779998779296875 71.5 72.279998779296875 72.98000335693359375 73.76000213623046875 74.5500030517578125 75.339996337890625
94.8300018310546875 94.98999786376953125 94.8600006103515625 94.37000274658203125 94.12999725341796875 93.87000274658203125 93.4199981689453125 93.09999847412109375 92.4499969482421875 91.80999755859375 90.970001220703125 89.87000274658203125 88.73999786376953125 87.37000274658203125 85.5 84.04000091552734375 82.93000030517578125 81.81999969482421875 80.8000030517578125 79.589996337890625 78.54000091552734375 77.23999786376953125 76.15000152587890625 75.09999847412109375 73.76000213623046875 72.68000030517578125 71.87999725341796875 71.12999725341796875 70.3899993896484375 69.80999755859375 69.410003662109375 69.3000030517578125 69.1999969482421875 69.5 70.410003662109375 71.69000244140625 72.06999969482421875 72.5500030517578125 73.37000274658203125 74.3899993896484375 75.48000335693359375 76.34999847412109375
94.529998779296875 94.470001220703125 94.51000213623046875 94.19000244140625 94.089996337890625 93.73000335693359375 93.3600006103515625 93.04000091552734375 92.160003662109375 91.51999664306640625 90.75 89.73999786376953125 88.70999908447265625 87.34999847412109375 85.6399993896484375 84.410003662109375 83.12000274658203125 81.9199981689453125 80.5800018310546875 79.410003662109375 78.26999664306640625 77.1699981689453125 76.25 75.1100006103515625 73.98000335693359375 73.05999755859375 71.8000030517578125 70.84999847412109375 70.1399993896484375 69.5800018310546875 69.26000213623046875 69.06999969482421875 69.0500030517578125 70.0800018310546875 71.48999786376953125 72.4199981689453125 73.23000335693359375 74.1999969482421875 75.01000213623046875 76.089996337890625 77.04000091552734375 77.589996337890625
93.73000335693359375 93.9199981689453125 93.70999908447265625 93.56999969482421875 93.5500030517578125 93.18000030517578125 92.970001220703125 92.5800018310546875 92.15000152587890625 90.93000030517578125 90.4199981689453125 89.70999908447265625 88.8899993896484375 87.55999755859375 86.30999755859375 84.79000091552734375 83.3899993896484375 82.01999664306640625 80.59999847412109375 79.43000030517578125 78.160003662109375 77.01000213623046875 75.81999969482421875 74.75 73.75 72.62999725341796875 71.62999725341796875 70.55999755859375 69.75 69.30999755859375 68.98999786376953125 68.87000274658203125 69.1999969482421875 70.4199981689453125 71.79000091552734375 73.55999755859375 75.01000213623046875 76.3600006103515625 77.18000030517578125 78.12999725341796875 79.0800018310546875 79.75
92.56999969482421875 92.839996337890625 92.76999664306640625 92.9199981689453125 92.720001220703125 92.90000152587890625 92.54000091552734375 92.34999847412109375 91.79000091552734375 91.339996337890625 90.470001220703125 89.87000274658203125 88.910003662109375 87.5500030517578125 86.160003662109375 84.839996337890625 83.31999969482421875 81.76999664306640625 80.6699981689453125 79.48000335693359375 78.089996337890625 76.70999908447265625 75.34999847412109375 74.0500030517578125 72.98000335693359375 72.12999725341796875 71.20999908447265625 70.339996337890625 69.37000274658203125 68.95999908447265625 68.75 68.69000244140625 69.4499969482421875 70.720001220703125 72.660003662109375 75.04000091552734375 76.84999847412109375 78.20999908447265625 79.31999969482421875 80.160003662109375 81.1699981689453125 82.1999969482421875
91.160003662109375 91.45999908447265625 91.79000091552734375 92.09999847412109375 92.12999725341796875 91.87999725341796875 91.93000030517578125 91.94000244140625 91.4499969482421875 90.839996337890625 90.18000030517578125 89.79000091552734375 88.8600006103515625 87.44000244140625 86.04000091552734375 84.5800018310546875 82.98999786376953125 81.8600006103515625 80.25 79.23000335693359375 77.73000335693359375 76.37999725341796875 74.9199981689453125 73.73000335693359375 72.73000335693359375 71.660003662109375 71.029998779296875 70.23000335693359375 69.29000091552734375 68.80999755859375 68.5800018310546875 68.54000091552734375 69.70999908447265625 71.70999908447265625 73.79000091552734375 75.98999786376953125 77.9499969482421875 79.660003662109375 80.95999908447265625 82.339996337890625 83.15000152587890625 83.70999908447265625
89.910003662109375 90.26999664306640625 90.56999969482421875 90.98000335693359375 91.12000274658203125 91.37000274658203125 91.48999786376953125 91.56999969482421875 91.19000244140625 90.3300018310546875 89.839996337890625 89.3300018310546875 88.54000091552734375 87.279998779296875 85.75 84.30999755859375 83.23000335693359375 81.73000335693359375 80.089996337890625 78.76000213623046875 77.34999847412109375 76.25 74.75 73.51000213623046875 72.3899993896484375 71.65000152587890625 70.90000152587890625 69.9499969482421875 69.0800018310546875 68.68000030517578125 68.45999908447265625 68.529998779296875 70.26000213623046875 72.23999786376953125 74.410003662109375 76.5 78.589996337890625 80.6100006103515625 82.34999847412109375 83.6999969482421875 84.5 85.0800018310546875
88.5800018310546875 89.04000091552734375 89.09999847412109375 89.5500030517578125 89.779998779296875 90.31999969482421875 90.6699981689453125 91.01000213623046875 90.90000152587890625 90.12000274658203125 89.6999969482421875 89 88.15000152587890625 86.81999969482421875 85.5500030517578125 84.12999725341796875 82.720001220703125 81.29000091552734375 80.0500030517578125 79.029998779296875 77.339996337890625 76.0800018310546875 74.81999969482421875 73.51999664306640625 72.55999755859375 71.44000244140625 70.45999908447265625 69.5500030517578125 68.910003662109375 68.470001220703125 68.19000244140625 68.69000244140625 70.6999969482421875 72.589996337890625 74.70999908447265625 76.8899993896484375 79.410003662109375 81.45999908447265625 83.26000213623046875 84.3600006103515625 85.23000335693359375 85.9499969482421875
