wildfire/work/fuelmodels/1701/ahn1.asc
ncols        84
nrows        75
xllcorner    197435.000000000000
yllcorner    449085.000000000000
cellsize     5.000000000000
NODATA_value   -999
[rows 38 to 56 of 75, columns 0 to 41 of 84]
97.0800018310546875 96.4199981689453125 96.12999725341796875 94.09999847412109375 92.48000335693359375 91.3300018310546875 89.59999847412109375 87.51999664306640625 86.81999969482421875 85.529998779296875 84.8600006103515625 83.30999755859375 82.6100006103515625 82.1999969482421875 81.6100006103515625 81.12000274658203125 80.37999725341796875 79.98000335693359375 79.70999908447265625 79.98999786376953125 80.26000213623046875 80.8600006103515625 81.01999664306640625 81.470001220703125 81.910003662109375 82.62000274658203125 83.43000030517578125 84.31999969482421875 85.05999755859375 85.95999908447265625 87.48999786376953125 88.51999664306640625 89.4499969482421875 89.839996337890625 89.40000152587890625 88.8600006103515625 88.48999786376953125 88.029998779296875 87.62999725341796875 87.4199981689453125 87.23000335693359375 87.45999908447265625
96.76999664306640625 96.0800018310546875 95.470001220703125 93.43000030517578125 92.470001220703125 89.84999847412109375 88.910003662109375 87.6399993896484375 86.26999664306640625 85.09999847412109375 84.26000213623046875 83.25 82.3300018310546875 81.76000213623046875 81.1999969482421875 80.6999969482421875 80.220001220703125 79.6699981689453125 79.37999725341796875 79.75 80.30999755859375 80.529998779296875 80.6699981689453125 81.1399993896484375 81.56999969482421875 82.4199981689453125 83.029998779296875 83.6999969482421875 84.76999664306640625 85.79000091552734375 86.87999725341796875 87.90000152587890625 88.839996337890625 89.279998779296875 89.18000030517578125 88.62999725341796875 87.8000030517578125 87.30999755859375 87.029998779296875 86.48999786376953125 86.12999725341796875 85.98999786376953125
96.8899993896484375 95.37999725341796875 94.87999725341796875 92.87000274658203125 91.15000152587890625 89.59999847412109375 88.410003662109375 87.29000091552734375 85.73999786376953125 84.30999755859375 84.1100006103515625 82.98000335693359375 81.87999725341796875 81.09999847412109375 80.5800018310546875 80.09999847412109375 79.70999908447265625 79.339996337890625 79.1399993896484375 79.80999755859375 80.48999786376953125 80.45999908447265625 80.529998779296875 80.779998779296875 81.4499969482421875 81.95999908447265625 82.6399993896484375 83.410003662109375 84.5800018310546875 85.45999908447265625 86.4499969482421875 87.5 88.25 88.80999755859375 88.73000335693359375 88.1699981689453125 87.31999969482421875 86.51000213623046875 85.9199981689453125 85.529998779296875 85.15000152587890625 85.12000274658203125
96.80999755859375 95.48999786376953125 93.69000244140625 92.3600006103515625 90.3600006103515625 88.910003662109375 87.40000152587890625 86.4499969482421875 85.44000244140625 84.25 83.62000274658203125 82.25 81.3300018310546875 80.5500030517578125 80.01000213623046875 79.6100006103515625 79.339996337890625 78.94000244140625 78.93000030517578125 79.79000091552734375 80.4499969482421875 80.5 80.279998779296875 80.44000244140625 81.23000335693359375 81.73999786376953125 82.3600006103515625 83.1100006103515625 83.94000244140625 85.37999725341796875 86.470001220703125 87.19000244140625 87.98000335693359375 88.18000030517578125 88.31999969482421875 87.720001220703125 87.089996337890625 86.01999664306640625 85.4499969482421875 84.87000274658203125 84.44000244140625 84.09999847412109375
96.279998779296875 94.8899993896484375 93.9499969482421875 91.5500030517578125 89.4199981689453125 88.220001220703125 87.410003662109375 85.90000152587890625 85.30999755859375 83.8899993896484375 83.54000091552734375 81.81999969482421875 80.720001220703125 80.1399993896484375 79.44000244140625 79.05999755859375 78.81999969482421875 78.43000030517578125 78.8600006103515625 79.55999755859375 80.089996337890625 79.970001220703125 79.73999786376953125 79.970001220703125 80.62000274658203125 81.220001220703125 81.90000152587890625 83.12000274658203125 84.0800018310546875 85.220001220703125 86.06999969482421875 86.80999755859375 87.410003662109375 87.87000274658203125 87.94000244140625 87.5 86.98000335693359375 86.1100006103515625 85.04000091552734375 84.40000152587890625 83.84999847412109375 83.25
94.3000030517578125 94.029998779296875 92.70999908447265625 90.45999908447265625 88.8600006103515625 87.8000030517578125 86.589996337890625 85.23000335693359375 84.34999847412109375 83.410003662109375 82.37000274658203125 81.279998779296875 80.34999847412109375 79.5 78.9199981689453125 78.6100006103515625 78.37000274658203125 78.19000244140625 78.6100006103515625 79.43000030517578125 79.76999664306640625 79.339996337890625 79.26000213623046875 79.65000152587890625 80.15000152587890625 80.76000213623046875 81.65000152587890625 82.87999725341796875 83.779998779296875 84.839996337890625 85.98999786376953125 86.59999847412109375 87.279998779296875 87.62000274658203125 87.98000335693359375 87.5 86.98000335693359375 86.279998779296875 84.9499969482421875 84.18000030517578125 83.48999786376953125 83.0500030517578125
93 93.75 91.3300018310546875 89.5500030517578125 88.26000213623046875 86.44000244140625 85.970001220703125 84.80999755859375 83.9499969482421875 82.95999908447265625 82.23999786376953125 81.29000091552734375 79.94000244140625 79.12999725341796875 78.4499969482421875 78.0500030517578125 78.12999725341796875 77.98999786376953125 78.44000244140625 79.12000274658203125 79.12999725341796875 78.75 78.80999755859375 79.23999786376953125 79.73999786376953125 80.26999664306640625 81.01999664306640625 82 83.1699981689453125 84.09999847412109375 84.90000152587890625 85.94000244140625 86.73000335693359375 87.37000274658203125 87.87000274658203125 87.720001220703125 87.18000030517578125 86.220001220703125 85.1699981689453125 84.09999847412109375 83.26000213623046875 82.6100006103515625
91.95999908447265625 91.23999786376953125 89.720001220703125 88.81999969482421875 86.94000244140625 86.1699981689453125 85.29000091552734375 84.44000244140625 83.40000152587890625 82.98000335693359375 80.70999908447265625 80.70999908447265625 79.54000091552734375 78.660003662109375 78.20999908447265625 77.76000213623046875 78.0500030517578125 77.79000091552734375 78.26999664306640625 78.81999969482421875 78.48000335693359375 78.23999786376953125 78.48000335693359375 78.98000335693359375 79.26999664306640625 79.76000213623046875 80.54000091552734375 81.37000274658203125 82.45999908447265625 83.410003662109375 84.40000152587890625 85.23999786376953125 86.29000091552734375 86.660003662109375 87.4199981689453125 87.65000152587890625 87.43000030517578125 86.5800018310546875 85.62999725341796875 84.23000335693359375 83.37000274658203125 82.40000152587890625
90.3899993896484375 89.54000091552734375 87.87999725341796875 87.44000244140625 86.3300018310546875 85.529998779296875 84.910003662109375 84.5 82.9199981689453125 82.529998779296875 80.75 80.220001220703125 79.73000335693359375 78.18000030517578125 77.70999908447265625 77.37999725341796875 77.529998779296875 77.56999969482421875 78.18000030517578125 78.44000244140625 78.05999755859375 77.839996337890625 78.1699981689453125 78.51999664306640625 78.70999908447265625 79.37000274658203125 80.06999969482421875 81.12000274658203125 82.089996337890625 82.84999847412109375 83.81999969482421875 84.73999786376953125 85.40000152587890625 85.73000335693359375 86.44000244140625 87.45999908447265625 87.51999664306640625 86.589996337890625 85.98999786376953125 85.160003662109375 83.59999847412109375 82.720001220703125
88.8300018310546875 88.3899993896484375 87.04000091552734375 86.8899993896484375 85.9499969482421875 85.4499969482421875 84.95999908447265625 83.9499969482421875 83.01000213623046875 81.98999786376953125 80.6699981689453125 79.76000213623046875 79.05999755859375 78.0800018310546875 77.3300018310546875 77.01000213623046875 77.26000213623046875 77.4499969482421875 78.1699981689453125 77.84999847412109375 77.3000030517578125 77.43000030517578125 77.81999969482421875 78.09999847412109375 78.3300018310546875 78.8300018310546875 79.5 80.40000152587890625 81.529998779296875 82.43000030517578125 83.06999969482421875 84.26999664306640625 84.87999725341796875 85.40000152587890625 85.9499969482421875 86.6999969482421875 87.220001220703125 86.73999786376953125 86.26000213623046875 85.73999786376953125 84.6999969482421875 83.1100006103515625
87.8300018310546875 86.75 86.37999725341796875 86.339996337890625 85.84999847412109375 85.15000152587890625 85.37000274658203125 83.87999725341796875 83.06999969482421875 81.98999786376953125 81.31999969482421875 79.9499969482421875 79.01000213623046875 78.01000213623046875 77.23000335693359375 76.81999969482421875 76.73999786376953125 77.01000213623046875 77.45999908447265625 77.6699981689453125 77.05999755859375 77.1699981689453125 77.3899993896484375 77.5800018310546875 77.8000030517578125 78.31999969482421875 79.06999969482421875 79.75 80.6399993896484375 82 82.62000274658203125 83.62999725341796875 84.01000213623046875 84.6699981689453125 85.19000244140625 85.589996337890625 86.45999908447265625 86.73999786376953125 86.12999725341796875 85.84999847412109375 85.01999664306640625 84.279998779296875
87.37000274658203125 85.62000274658203125 85.4499969482421875 84.87000274658203125 84.5500030517578125 84.8000030517578125 85.4499969482421875 84.37000274658203125 83.70999908447265625 82.4499969482421875 81.31999969482421875 80.06999969482421875 79.660003662109375 78.6100006103515625 77.23999786376953125 76.8300018310546875 76.62000274658203125 76.79000091552734375 77.279998779296875 77.19000244140625 76.90000152587890625 76.81999969482421875 76.87000274658203125 77.12999725341796875 77.4499969482421875 77.93000030517578125 78.65000152587890625 79.43000030517578125 80.26000213623046875 81.15000152587890625 82.1699981689453125 82.73999786376953125 83.48999786376953125 84.1399993896484375 84.30999755859375 84.70999908447265625 85.37000274658203125 85.93000030517578125 85.9199981689453125 85.779998779296875 85.51000213623046875 84.84999847412109375
85.910003662109375 85.6399993896484375 84.18000030517578125 83.73000335693359375 84.01000213623046875 84.65000152587890625 85.09999847412109375 84.69000244140625 84.04000091552734375 83.3899993896484375 81.79000091552734375 80.4499969482421875 79.87000274658203125 79.12000274658203125 77.589996337890625 76.779998779296875 76.19000244140625 76.34999847412109375 76.80999755859375 76.98999786376953125 76.59999847412109375 76.3899993896484375 76.5500030517578125 76.6699981689453125 77.04000091552734375 77.5 78.160003662109375 78.9499969482421875 79.87000274658203125 80.779998779296875 81.8300018310546875 82.31999969482421875 82.9499969482421875 83.26999664306640625 83.87999725341796875 84.25 84.3899993896484375 84.94000244140625 85.12999725341796875 85.1699981689453125 85 84.69000244140625
85.26000213623046875 84.95999908447265625 83.87999725341796875 83.23000335693359375 83.529998779296875 83.87999725341796875 84.5500030517578125 84.31999969482421875 84.06999969482421875 83.25 82.1100006103515625 80.55999755859375 80.23999786376953125 79.3300018310546875 77.59999847412109375 76.8000030517578125 76.3000030517578125 76.01999664306640625 76.720001220703125 76.589996337890625 76.23999786376953125 75.910003662109375 76.089996337890625 76.25 76.56999969482421875 76.98000335693359375 77.68000030517578125 78.410003662109375 79.5 80.37999725341796875 81.220001220703125 81.68000030517578125 82.26000213623046875 82.62999725341796875 82.93000030517578125 83.43000030517578125 83.76999664306640625 84.089996337890625 84.37999725341796875 84.5500030517578125 84.410003662109375 84.0500030517578125
84.660003662109375 83.8899993896484375 83.5800018310546875 83.0800018310546875 82.5800018310546875 82.81999969482421875 83.18000030517578125 83.12000274658203125 83.25 82.81999969482421875 82.26000213623046875 81.0800018310546875 79.8899993896484375 79.48999786376953125 77.65000152587890625 76.589996337890625 76.1100006103515625 75.779998779296875 76.56999969482421875 76.1100006103515625 75.81999969482421875 75.56999969482421875 75.68000030517578125 75.80999755859375 76.0800018310546875 76.62000274658203125 77.19000244140625 77.87000274658203125 78.73999786376953125 79.6100006103515625 80.45999908447265625 81.01000213623046875 81.45999908447265625 82.18000030517578125 82.1399993896484375 82.6100006103515625 82.81999969482421875 83.23999786376953125 83.31999969482421875 83.839996337890625 83.9499969482421875 83.6699981689453125
83.84999847412109375 83.25 83.1100006103515625 82.529998779296875 82.3000030517578125 81.8600006103515625 82.04000091552734375 81.8600006103515625 81.87999725341796875 82.089996337890625 81.589996337890625 80.94000244140625 79.5800018310546875 78.8300018310546875 77.3899993896484375 76.5 75.779998779296875 75.5 75.95999908447265625 75.660003662109375 75.29000091552734375 75.29000091552734375 75.0500030517578125 75.3600006103515625 75.56999969482421875 75.98000335693359375 76.62000274658203125 77.19000244140625 78.1399993896484375 78.98999786376953125 79.910003662109375 80.59999847412109375 81.029998779296875 81.34999847412109375 81.589996337890625 81.8300018310546875 81.9199981689453125 82.26999664306640625 82.62000274658203125 83.0800018310546875 83.19000244140625 83.04000091552734375
83.160003662109375 82.84999847412109375 82.279998779296875 81.660003662109375 81.26999664306640625 80.76999664306640625 80.75 80.56999969482421875 80.3600006103515625 80.19000244140625 80.25 79.81999969482421875 78.93000030517578125 78.23000335693359375 77.12000274658203125 76.62999725341796875 75.6999969482421875 75.1699981689453125 75.23000335693359375 75.04000091552734375 74.73999786376953125 74.8899993896484375 74.62000274658203125 74.720001220703125 74.84999847412109375 75.4199981689453125 76.04000091552734375 76.6100006103515625 77.62999725341796875 78.65000152587890625 79.34999847412109375 79.90000152587890625 80.23999786376953125 80.68000030517578125 81.06999969482421875 81.23000335693359375 81.62000274658203125 81.9499969482421875 82.23000335693359375 82.56999969482421875 82.839996337890625 82.73999786376953125
82.5500030517578125 82.20999908447265625 81.3300018310546875 81.12000274658203125 80.779998779296875 80.29000091552734375 79.65000152587890625 79.339996337890625 79.1100006103515625 79.06999969482421875 78.84999847412109375 78.4199981689453125 78.18000030517578125 77.8000030517578125 77.279998779296875 77.0800018310546875 75.87000274658203125 75.0500030517578125 74.6399993896484375 74.6399993896484375 74.529998779296875 74.470001220703125 74.25 74.04000091552734375 74.40000152587890625 74.94000244140625 75.44000244140625 76.12000274658203125 77.05999755859375 78.01999664306640625 78.73999786376953125 79.3000030517578125 79.84999847412109375 79.9499969482421875 80.44000244140625 80.68000030517578125 80.98999786376953125 81.3300018310546875 81.56999969482421875 81.839996337890625 82.1999969482421875 82.51999664306640625
81.87000274658203125 81.4499969482421875 80.81999969482421875 80.5 80.19000244140625 79.81999969482421875 79.43000030517578125 78.8899993896484375 78.69000244140625 78.01999664306640625 77.98000335693359375 77.80999755859375 77.62000274658203125 77.51000213623046875 77.23000335693359375 76.6999969482421875 76.26999664306640625 74.8899993896484375 74.51999664306640625 74.09999847412109375 74.06999969482421875 73.8000030517578125 73.56999969482421875 73.62999725341796875 73.970001220703125 74.29000091552734375 74.76999664306640625 75.5800018310546875 76.48999786376953125 77.25 78.23999786376953125 78.87999725341796875 79.23000335693359375 79.339996337890625 79.44000244140625 79.90000152587890625 80.4199981689453125 80.660003662109375 81.0500030517578125 81.43000030517578125 81.98000335693359375 82.26000213623046875
