wildfire/work/fuelmodels/1701/ahn1.asc
ncols        84
nrows        75
xllcorner    197435.000000000000
yllcorner    449085.000000000000
cellsize     5.000000000000
NODATA_value   -999
[rows 19 to 37 of 75, columns 0 to 41 of 84]
92.25 92.589996337890625 92.84999847412109375 93.06999969482421875 93.220001220703125 93.910003662109375 94.19000244140625 94.30999755859375 94.48000335693359375 94.37999725341796875 94.31999969482421875 94.0500030517578125 93.51000213623046875 93.37000274658203125 93.3899993896484375 93.62000274658203125 93.45999908447265625 93.34999847412109375 92.73999786376953125 92.1100006103515625 90.48999786376953125 89.43000030517578125 89.48999786376953125 88.51999664306640625 88.5 88.81999969482421875 88.6399993896484375 88.720001220703125 88.81999969482421875 88.87999725341796875 89.160003662109375 89.4199981689453125 89.70999908447265625 90.12000274658203125 90.660003662109375 91.19000244140625 91.8000030517578125 92.6399993896484375 93.56999969482421875 94.0500030517578125 94.25 94.79000091552734375
92.6399993896484375 92.75 93.089996337890625 93.51999664306640625 93.73000335693359375 94.0800018310546875 94.44000244140625 94.55999755859375 94.470001220703125 94.40000152587890625 93.4199981689453125 92.26000213623046875 92.160003662109375 92.1699981689453125 92.220001220703125 92.70999908447265625 93.220001220703125 92.51000213623046875 91.80999755859375 90.69000244140625 89.6399993896484375 88.59999847412109375 88.3899993896484375 88.1699981689453125 87.9499969482421875 88.04000091552734375 87.90000152587890625 88.04000091552734375 88.26999664306640625 88.4499969482421875 88.779998779296875 89.12999725341796875 89.529998779296875 89.84999847412109375 90.3300018310546875 90.970001220703125 91.8000030517578125 92.76000213623046875 93.55999755859375 94.04000091552734375 94.3600006103515625 95.01000213623046875
92.910003662109375 93.3300018310546875 93.6699981689453125 93.970001220703125 94.18000030517578125 94.660003662109375 94.6699981689453125 94.589996337890625 94.59999847412109375 94.1999969482421875 92.3600006103515625 91.76999664306640625 91.69000244140625 91.29000091552734375 91.410003662109375 91.3899993896484375 90.5 91.26999664306640625 90.79000091552734375 89 88.56999969482421875 88.1100006103515625 87.48000335693359375 87.4499969482421875 87.3600006103515625 87.3300018310546875 87.25 87.45999908447265625 87.87000274658203125 88.220001220703125 88.62000274658203125 89.05999755859375 89.1399993896484375 89.69000244140625 90.3300018310546875 91.23999786376953125 91.8899993896484375 92.779998779296875 93.45999908447265625 94.220001220703125 94.470001220703125 95.26000213623046875
93.5800018310546875 93.970001220703125 94.160003662109375 94.5800018310546875 94.73999786376953125 94.79000091552734375 94.69000244140625 94.68000030517578125 94.3899993896484375 94.98000335693359375 92.01999664306640625 91.01999664306640625 90.660003662109375 90.05999755859375 89.76000213623046875 89.8600006103515625 89.9199981689453125 89.73999786376953125 89.089996337890625 88.339996337890625 87.93000030517578125 87.01999664306640625 86.84999847412109375 86.8300018310546875 86.84999847412109375 86.70999908447265625 86.839996337890625 87.25 87.62000274658203125 88.05999755859375 88.48000335693359375 88.6699981689453125 88.839996337890625 89.68000030517578125 90.59999847412109375 91.79000091552734375 92.19000244140625 92.970001220703125 93.54000091552734375 94.26999664306640625 94.8899993896484375 95.0500030517578125
94.56999969482421875 94.779998779296875 94.839996337890625 94.8899993896484375 94.84999847412109375 94.56999969482421875 94.54000091552734375 94.029998779296875 92.87000274658203125 92.26999664306640625 91.529998779296875 90.44000244140625 89.70999908447265625 89.410003662109375 89.1399993896484375 89.12999725341796875 88.98999786376953125 89.1999969482421875 86.94000244140625 87.12999725341796875 87.51999664306640625 85.98000335693359375 86.1100006103515625 86.15000152587890625 86.23999786376953125 86.20999908447265625 86.56999969482421875 86.93000030517578125 87.15000152587890625 87.70999908447265625 87.87000274658203125 88.23000335693359375 88.910003662109375 89.8899993896484375 91.12999725341796875 91.970001220703125 92.98999786376953125 93.48999786376953125 94.01000213623046875 94.6699981689453125 95.09999847412109375 95.15000152587890625
95.0800018310546875 95.06999969482421875 94.98000335693359375 95.01999664306640625 94.839996337890625 94.59999847412109375 94.3000030517578125 93.3600006103515625 92.970001220703125 91.84999847412109375 90.5800018310546875 89.410003662109375 88.8899993896484375 88.279998779296875 88.1999969482421875 87.79000091552734375 87.40000152587890625 86.3899993896484375 86.51000213623046875 86.37999725341796875 85.51000213623046875 85.720001220703125 85.59999847412109375 85.6699981689453125 85.69000244140625 85.79000091552734375 86.1100006103515625 86.529998779296875 86.90000152587890625 87.3899993896484375 87.589996337890625 88.3899993896484375 89.23999786376953125 90.3300018310546875 91.59999847412109375 92.62000274658203125 93.5 94.1699981689453125 94.56999969482421875 94.79000091552734375 95.19000244140625 95.23000335693359375
95.04000091552734375 95.06999969482421875 95.04000091552734375 94.87999725341796875 94.34999847412109375 93.76000213623046875 92.80999755859375 92.68000030517578125 91.93000030517578125 90.51999664306640625 89.70999908447265625 88.8600006103515625 88.59999847412109375 87.76999664306640625 87.12000274658203125 87.01000213623046875 86.29000091552734375 85.94000244140625 85.9499969482421875 84.62000274658203125 84.87000274658203125 85.089996337890625 85.0800018310546875 85.26000213623046875 85.339996337890625 85.470001220703125 85.73999786376953125 86.31999969482421875 86.87999725341796875 87.51999664306640625 87.8300018310546875 88.6699981689453125 89.75 90.98000335693359375 92 93.1399993896484375 94.05999755859375 94.51999664306640625 94.87999725341796875 95.0800018310546875 95.23999786376953125 95.3300018310546875
95.089996337890625 95.220001220703125 95.15000152587890625 94.87000274658203125 94.220001220703125 93.48000335693359375 92.3899993896484375 91.44000244140625 91.470001220703125 89.3899993896484375 88.8300018310546875 88.279998779296875 87.6100006103515625 86.779998779296875 86.55999755859375 86.3000030517578125 85.4499969482421875 84.8300018310546875 84.25 84.51999664306640625 84.30999755859375 84.5 84.660003662109375 84.9499969482421875 85.01000213623046875 85.12999725341796875 85.6999969482421875 86.44000244140625 87.20999908447265625 87.839996337890625 88.3600006103515625 88.8000030517578125 89.98999786376953125 91.29000091552734375 92.20999908447265625 93.1699981689453125 94.410003662109375 94.93000030517578125 95.1399993896484375 95.09999847412109375 95.3600006103515625 95.29000091552734375
95.26000213623046875 95.37000274658203125 95.18000030517578125 94.62999725341796875 94.01999664306640625 92.81999969482421875 91.94000244140625 91.279998779296875 90.18000030517578125 89.29000091552734375 88.37000274658203125 88.12999725341796875 87.3899993896484375 86.48000335693359375 85.6999969482421875 85.470001220703125 84.73000335693359375 84.37000274658203125 83.68000030517578125 83.839996337890625 83.90000152587890625 84.160003662109375 84.40000152587890625 84.5500030517578125 84.69000244140625 84.87000274658203125 85.839996337890625 87.05999755859375 88.1100006103515625 88.19000244140625 88.720001220703125 89.26000213623046875 90.31999969482421875 91.55999755859375 92.30999755859375 93.3000030517578125 94.37000274658203125 95.0800018310546875 95.23000335693359375 95.25 95.40000152587890625 95.37999725341796875
95.529998779296875 95.529998779296875 95.31999969482421875 94.6699981689453125 93.970001220703125 92.410003662109375 91.69000244140625 91.029998779296875 89.59999847412109375 88.98000335693359375 87.87000274658203125 87.1699981689453125 86.68000030517578125 85.779998779296875 85.1399993896484375 84.55999755859375 83.90000152587890625 83.4499969482421875 83.1699981689453125 83.3000030517578125 83.73000335693359375 83.9199981689453125 84.12999725341796875 83.910003662109375 84.3899993896484375 84.8600006103515625 85.87999725341796875 87.1399993896484375 87.98999786376953125 88.40000152587890625 88.8899993896484375 89.4499969482421875 90.279998779296875 91.37000274658203125 92.51999664306640625 93.44000244140625 94.5 95.3000030517578125 95.1999969482421875 95.23999786376953125 95.25 95.29000091552734375
95.6999969482421875 95.55999755859375 95.54000091552734375 94.660003662109375 93.76999664306640625 92.1999969482421875 91.6399993896484375 90.410003662109375 89.51999664306640625 88.62000274658203125 87.30999755859375 86.90000152587890625 86.51000213623046875 85.12999725341796875 84.65000152587890625 83.8600006103515625 83.56999969482421875 83.1100006103515625 82.6399993896484375 83.0800018310546875 83.40000152587890625 83.8300018310546875 83.68000030517578125 83.95999908447265625 84.1399993896484375 84.779998779296875 85.73000335693359375 87.05999755859375 87.84999847412109375 88.25 88.79000091552734375 89.6399993896484375 90.84999847412109375 91.73000335693359375 92.589996337890625 93.470001220703125 94.40000152587890625 95.089996337890625 95.20999908447265625 95.12999725341796875 95.09999847412109375 94.9499969482421875
95.76000213623046875 95.73999786376953125 95.5800018310546875 94.69000244140625 93.970001220703125 91.839996337890625 91.31999969482421875 90.8600006103515625 89.1699981689453125 88.55999755859375 87.12000274658203125 86.76999664306640625 85.5 84.98000335693359375 84.470001220703125 82.779998779296875 82.910003662109375 82.6399993896484375 82.4199981689453125 83.19000244140625 83.06999969482421875 83.48000335693359375 83.34999847412109375 83.410003662109375 83.56999969482421875 84.55999755859375 85.73999786376953125 86.95999908447265625 87.589996337890625 87.98999786376953125 88.62000274658203125 89.73000335693359375 90.75 91.65000152587890625 92.62000274658203125 93.3000030517578125 93.95999908447265625 94.69000244140625 95.12000274658203125 95.0500030517578125 94.93000030517578125 95.01999664306640625
96.09999847412109375 96.1399993896484375 96.029998779296875 95 93.37999725341796875 92.12999725341796875 91.29000091552734375 89.9499969482421875 88.9199981689453125 88.01000213623046875 87.12000274658203125 86.34999847412109375 85.5500030517578125 84.8000030517578125 83.51000213623046875 83.23000335693359375 82.51000213623046875 82.1699981689453125 82.26000213623046875 82.94000244140625 82.75 82.87000274658203125 83.06999969482421875 82.910003662109375 83.44000244140625 84.30999755859375 85.54000091552734375 86.160003662109375 87.30999755859375 88.15000152587890625 88.87000274658203125 89.87000274658203125 90.75 91.48999786376953125 92.279998779296875 93.12000274658203125 93.76999664306640625 94.160003662109375 94.44000244140625 94.44000244140625 94.56999969482421875 94.73000335693359375
96.37000274658203125 96.44000244140625 96.79000091552734375 95.089996337890625 93.529998779296875 92.51999664306640625 90.84999847412109375 89.65000152587890625 88.589996337890625 87.94000244140625 86.90000152587890625 86.01999664306640625 85.4199981689453125 84.73999786376953125 83.69000244140625 82.9499969482421875 82.410003662109375 81.95999908447265625 81.95999908447265625 82.339996337890625 82.37000274658203125 82.54000091552734375 82.720001220703125 82.75 83.470001220703125 84.160003662109375 84.93000030517578125 86.09999847412109375 87.23999786376953125 88.54000091552734375 89.37999725341796875 90.1100006103515625 90.65000152587890625 91.05999755859375 92.20999908447265625 92.6999969482421875 93.05999755859375 93.29000091552734375 93.98000335693359375 93.76000213623046875 94.12999725341796875 94.51999664306640625
96.8000030517578125 96.81999969482421875 96.220001220703125 95.55999755859375 93.48999786376953125 92.1100006103515625 90.95999908447265625 89.37999725341796875 88.48000335693359375 87.68000030517578125 86.68000030517578125 85.56999969482421875 84.8600006103515625 84.1999969482421875 82.79000091552734375 82.54000091552734375 82.1399993896484375 81.5500030517578125 81.529998779296875 81.80999755859375 81.94000244140625 82.12000274658203125 82.3000030517578125 82.8899993896484375 83.43000030517578125 84.12999725341796875 84.970001220703125 86.51000213623046875 87.70999908447265625 88.84999847412109375 89.75 90.12999725341796875 90.84999847412109375 91.54000091552734375 91.75 91.98000335693359375 92.3899993896484375 92.410003662109375 92.73999786376953125 93.160003662109375 93.279998779296875 93.43000030517578125
97.01999664306640625 96.48999786376953125 96.29000091552734375 96.23000335693359375 93.43000030517578125 91.98000335693359375 90.59999847412109375 88.75 88.31999969482421875 87.1100006103515625 86.48000335693359375 85.87999725341796875 84.25 83.98999786376953125 83.089996337890625 82.25 81.68000030517578125 81.29000091552734375 81.1999969482421875 81.31999969482421875 81.589996337890625 81.81999969482421875 82.45999908447265625 82.79000091552734375 83.31999969482421875 83.98999786376953125 84.84999847412109375 86.31999969482421875 87.6699981689453125 88.90000152587890625 89.37999725341796875 89.81999969482421875 90.720001220703125 91.20999908447265625 91.1399993896484375 91.410003662109375 91.69000244140625 91.73000335693359375 91.73999786376953125 92.0500030517578125 92.25 92.37000274658203125
96.94000244140625 96.48999786376953125 96.59999847412109375 95.80999755859375 93.73999786376953125 91.95999908447265625 91.1699981689453125 88.81999969482421875 88.75 86.44000244140625 86.23999786376953125 85.37999725341796875 83.87999725341796875 83.06999969482421875 82.59999847412109375 81.9499969482421875 81.37999725341796875 81 80.87999725341796875 81.01000213623046875 81.1399993896484375 81.660003662109375 82.279998779296875 82.59999847412109375 82.93000030517578125 83.43000030517578125 84.34999847412109375 85.68000030517578125 86.93000030517578125 88.09999847412109375 89.04000091552734375 89.59999847412109375 90.29000091552734375 90.59999847412109375 90.6100006103515625 90.6699981689453125 91.12999725341796875 90.94000244140625 90.95999908447265625 91.05999755859375 91.01999664306640625 91.0500030517578125
96.8000030517578125 96.339996337890625 96.1399993896484375 95.31999969482421875 93.1399993896484375 91.6999969482421875 90.18000030517578125 88.81999969482421875 87.37000274658203125 86.3000030517578125 85.48000335693359375 85.04000091552734375 83.5 82.73000335693359375 82.29000091552734375 81.76999664306640625 81.05999755859375 80.65000152587890625 80.589996337890625 80.62000274658203125 80.87999725341796875 81.589996337890625 82.05999755859375 82.1100006103515625 82.660003662109375 83.1699981689453125 84.04000091552734375 85.15000152587890625 86.25 87.3899993896484375 88.69000244140625 89.15000152587890625 90 90.029998779296875 90.23000335693359375 90.09999847412109375 90.26000213623046875 90.160003662109375 89.81999969482421875 89.65000152587890625 89.87999725341796875 90.19000244140625
96.48999786376953125 96.55999755859375 96.56999969482421875 94.37999725341796875 92.62000274658203125 91.45999908447265625 89.98000335693359375 88.43000030517578125 86.95999908447265625 86.19000244140625 85.06999969482421875 83.98000335693359375 83.01999664306640625 82.3300018310546875 81.80999755859375 81.25 80.68000030517578125 80.279998779296875 80.20999908447265625 80.29000091552734375 80.6100006103515625 81.43000030517578125 81.54000091552734375 81.81999969482421875 82.279998779296875 82.84999847412109375 83.6100006103515625 84.51000213623046875 85.81999969482421875 86.93000030517578125 87.98000335693359375 89.04000091552734375 89.93000030517578125 89.94000244140625 89.6399993896484375 89.48000335693359375 89.3300018310546875 89.12000274658203125 88.839996337890625 88.720001220703125 88.45999908447265625 88.48000335693359375
