wildfire/work/fuelmodels/1701/slope.asc
ncols        84
nrows        75
xllcorner    197435.000000000000
yllcorner    449085.000000000000
cellsize     5.000000000000
NODATA_value   -999
[rows 54 to 71 of 75, columns 0 to 41 of 84]
0 56.7747802734375 65.21468353271484375 62.292774200439453125 61.106494903564453125 66.35166168212890625 79.43457794189453125 90.78652191162109375 97.5218658447265625 101.41028594970703125 99.19159698486328125 93.341644287109375 76.88182830810546875 67.59943389892578125 56.11351776123046875 53.335124969482421875 53.23123931884765625 26.188230514526367188 37.14134979248046875 40.1543731689453125 31.093210220336914062 29.534677505493164062 34.141811370849609375 42.519412994384765625 49.48480987548828125 56.179355621337890625 58.3184661865234375 68.46942901611328125 78.31243896484375 71.61623382568359375 63.1763763427734375 56.856479644775390625 52.38666534423828125 52.272212982177734375 48.060581207275390625 43.054248809814453125 42.024959564208984375 41.208873748779296875 44.654293060302734375 45.8934326171875 34.68878936767578125 20.5753173828125
0 62.92681884765625 62.176441192626953125 49.890735626220703125 47.90167236328125 49.806964874267578125 54.295215606689453125 59.95182037353515625 65.9378204345703125 74.411468505859375 78.99069976806640625 72.60181427001953125 55.344776153564453125 42.92929840087890625 34.757167816162109375 47.10762786865234375 65.7575836181640625 42.391529083251953125 28.397603988647460938 31.064840316772460938 31.074756622314453125 36.54531097412109375 39.84197998046875 37.78585052490234375 45.493618011474609375 53.60988616943359375 60.152652740478515625 70.45552825927734375 78.51386260986328125 75.32880401611328125 63.67801666259765625 52.198856353759765625 45.32765960693359375 51.52680206298828125 57.668270111083984375 54.36983489990234375 51.295307159423828125 49.281036376953125 47.972873687744140625 46.079010009765625 36.67922210693359375 16.153972625732421875
0 48.716400146484375 36.368434906005859375 26.885349273681640625 44.613346099853515625 55.191677093505859375 52.984272003173828125 47.61026763916015625 53.046451568603515625 61.84014129638671875 62.6278533935546875 53.58411407470703125 40.995044708251953125 33.096187591552734375 31.80939483642578125 36.517032623291015625 65.594757080078125 57.83965301513671875 29.478420257568359375 28.77477264404296875 34.389499664306640625 39.92101287841796875 38.4249420166015625 37.8843536376953125 47.6919097900390625 55.450786590576171875 63.1574859619140625 69.3638916015625 68.6761322021484375 68.74350738525390625 60.019969940185546875 47.457218170166015625 44.396968841552734375 45.870151519775390625 51.479122161865234375 56.005550384521484375 51.4918060302734375 44.8077850341796875 42.20183563232421875 39.76384735107421875 36.46331787109375 34.4629669189453125
0 30.473957061767578125 22.703973770141601562 32.83739471435546875 67.3534088134765625 72.47320556640625 64.89887237548828125 60.70796966552734375 55.739147186279296875 50.52466583251953125 50.4302520751953125 55.0103302001953125 51.221706390380859375 42.50255584716796875 32.474544525146484375 26.715131759643554688 59.377552032470703125 62.567981719970703125 38.438236236572265625 30.457614898681640625 24.570112228393554688 26.914331436157226562 29.727588653564453125 39.2736968994140625 50.77205657958984375 55.438358306884765625 64.822967529296875 69.13135528564453125 67.464630126953125 65.5926361083984375 53.70024871826171875 39.677021026611328125 32.571132659912109375 31.147024154663085938 33.092250823974609375 38.69548797607421875 40.817790985107421875 39.190456390380859375 42.243846893310546875 40.938617706298828125 47.67397308349609375 50.65506744384765625
0 50.367523193359375 62.7526397705078125 77.4739532470703125 89.05821990966796875 74.90377044677734375 59.06524658203125 58.56665802001953125 55.67613983154296875 47.91504669189453125 44.504726409912109375 45.870281219482421875 51.3770751953125 47.3032989501953125 40.697925567626953125 38.136150360107421875 59.0321197509765625 63.29146575927734375 46.8159027099609375 34.44921875 21.340419769287109375 21.810831069946289062 28.02556610107421875 30.360025405883789062 40.994693756103515625 61.582340240478515625 65.87445831298828125 65.79056549072265625 76.47161102294921875 70.75588226318359375 46.814697265625 32.91672515869140625 23.2628173828125 21.218841552734375 30.928136825561523438 34.812198638916015625 32.691986083984375 37.728816986083984375 47.489574432373046875 45.4375762939453125 54.5735931396484375 54.821384429931640625
0 92.517822265625 87.01946258544921875 75.50180816650390625 78.33829498291015625 71.47176361083984375 57.695484161376953125 53.8178253173828125 56.509883880615234375 58.43407440185546875 52.395160675048828125 42.864215850830078125 40.69561004638671875 45.11177825927734375 44.279369354248046875 46.323970794677734375 61.6516571044921875 70.19830322265625 51.4518280029296875 32.882366180419921875 22.512044906616210938 25.66591644287109375 30.2247161865234375 31.028329849243164062 30.043287277221679688 69.489990234375 65.54003143310546875 57.57750701904296875 81.15398406982421875 76.61948394775390625 43.885677337646484375 29.544658660888671875 19.54740142822265625 15.649553298950195312 27.823299407958984375 37.502483367919921875 31.510427474975585938 34.195186614990234375 50.1910400390625 52.575931549072265625 53.727069854736328125 54.26567840576171875
0 75.74983978271484375 59.2539520263671875 53.023853302001953125 66.15328216552734375 63.42388916015625 50.34880828857421875 45.5798492431640625 47.503864288330078125 53.5196990966796875 58.98361968994140625 49.987743377685546875 40.561916351318359375 43.205657958984375 43.793514251708984375 42.24221038818359375 57.443187713623046875 74.05188751220703125 39.0288543701171875 10.943373680114746094 27.8071746826171875 41.25751495361328125 45.76446533203125 40.553981781005859375 27.449642181396484375 67.5093536376953125 59.094219207763671875 59.8185272216796875 88.95706939697265625 81.43978118896484375 47.526226043701171875 28.193538665771484375 14.791178703308105469 17.494390487670898438 24.153764724731445312 35.59911346435546875 37.985355377197265625 38.932994842529296875 50.348812103271484375 53.421810150146484375 52.65268707275390625 58.627559661865234375
0 46.593799591064453125 54.696956634521484375 59.472820281982421875 55.73348236083984375 50.51599884033203125 45.77618408203125 46.350128173828125 49.428585052490234375 49.346523284912109375 44.38980865478515625 47.303497314453125 47.81516265869140625 47.782833099365234375 49.0538330078125 49.288242340087890625 66.221435546875 70.5053863525390625 23.743585586547851562 14.852663993835449219 47.25782012939453125 54.202991485595703125 47.452945709228515625 36.203857421875 42.349391937255859375 57.403045654296875 48.8239288330078125 69.1313934326171875 96.123321533203125 81.599151611328125 50.74687957763671875 26.426733016967773438 11.562371253967285156 12.704944610595703125 19.985050201416015625 32.510913848876953125 44.327850341796875 48.86457061767578125 52.696460723876953125 49.271717071533203125 41.876552581787109375 52.007610321044921875
0 39.925083160400390625 52.0015411376953125 53.53125 46.3556671142578125 50.847232818603515625 45.421657562255859375 35.407978057861328125 34.234710693359375 29.691072463989257812 26.5606231689453125 34.795719146728515625 45.153942108154296875 46.01090240478515625 49.570629119873046875 54.8972320556640625 65.627105712890625 58.040798187255859375 39.106292724609375 45.338581085205078125 65.7628326416015625 61.668651580810546875 39.532276153564453125 25.11829376220703125 54.174839019775390625 47.538242340087890625 45.6592864990234375 83.74575042724609375 101.67173004150390625 79.4697113037109375 47.778797149658203125 21.165189743041992188 8.7100687026977539062 9.1877269744873046875 15.190707206726074219 23.435922622680664062 38.87224578857421875 52.074359893798828125 55.6210479736328125 51.886486053466796875 40.33319854736328125 45.078617095947265625
0 33.86246490478515625 42.82622528076171875 45.576732635498046875 50.658092498779296875 60.295795440673828125 44.945407867431640625 27.12895965576171875 26.990503311157226562 23.10961151123046875 33.344867706298828125 36.845165252685546875 32.477352142333984375 34.135631561279296875 42.179294586181640625 49.284137725830078125 53.057891845703125 49.70648956298828125 46.1212615966796875 63.335933685302734375 70.94638824462890625 56.671497344970703125 34.77658843994140625 26.380182266235351562 52.9893341064453125 44.575397491455078125 57.79441070556640625 97.421844482421875 103.6947784423828125 77.4869384765625 41.929370880126953125 16.557270050048828125 11.197568893432617188 19.767763137817382812 22.075288772583007812 26.5143280029296875 37.586330413818359375 52.1775054931640625 60.23072052001953125 58.103008270263671875 48.6147613525390625 46.907993316650390625
0 34.333919525146484375 40.93378448486328125 43.222415924072265625 50.2899932861328125 62.312103271484375 50.41790771484375 29.996526718139648438 27.83144378662109375 30.6392059326171875 44.207660675048828125 41.4777374267578125 26.549407958984375 27.39208984375 33.039867401123046875 37.992214202880859375 42.638370513916015625 42.315250396728515625 34.19512939453125 38.212474822998046875 42.39141845703125 40.357746124267578125 29.6193389892578125 29.615262985229492188 48.4558563232421875 46.946506500244140625 72.879150390625 110.01439666748046875 110.76992034912109375 74.6652069091796875 33.321781158447265625 14.891946792602539062 17.349853515625 28.067478179931640625 28.303125381469726562 34.0679168701171875 38.797336578369140625 49.95851898193359375 59.1336822509765625 54.3438873291015625 46.520076751708984375 42.549098968505859375
0 41.344234466552734375 49.72808074951171875 58.6709442138671875 64.07688140869140625 62.351932525634765625 49.632602691650390625 36.677581787109375 38.3232879638671875 47.05789947509765625 50.015354156494140625 44.983562469482421875 31.927886962890625 32.876583099365234375 39.4931182861328125 44.699649810791015625 41.513256072998046875 37.900478363037109375 33.03141021728515625 25.7414398193359375 28.864332199096679688 37.5911865234375 25.553182601928710938 28.668466567993164062 38.057643890380859375 42.5816192626953125 78.32866668701171875 125.5998992919921875 117.57611083984375 64.7307891845703125 26.247224807739257812 18.777576446533203125 26.96176910400390625 35.706493377685546875 29.36772918701171875 36.164875030517578125 37.453624725341796875 49.672069549560546875 56.3665313720703125 47.59626007080078125 43.399967193603515625 37.729671478271484375
0 54.71894073486328125 58.48166656494140625 59.271595001220703125 55.160610198974609375 45.044246673583984375 39.3604888916015625 38.9166259765625 44.393398284912109375 50.052154541015625 49.537113189697265625 47.651348114013671875 39.818988800048828125 42.0894622802734375 53.053150177001953125 52.868114471435546875 41.89469146728515625 36.95062255859375 39.532192230224609375 35.398441314697265625 35.226409912109375 38.510616302490234375 16.561082839965820312 27.788602828979492188 31.200794219970703125 42.322052001953125 86.18023681640625 135.979583740234375 116.20912933349609375 52.858600616455078125 25.792049407958984375 26.473424911499023438 37.522960662841796875 40.118137359619140625 30.25868988037109375 35.831020355224609375 38.327610015869140625 54.68779754638671875 56.568023681640625 44.041721343994140625 38.092334747314453125 29.615276336669921875
0 62.215789794921875 49.405216217041015625 42.390308380126953125 42.86489105224609375 36.7878875732421875 35.875308990478515625 39.20841217041015625 42.707027435302734375 47.03395843505859375 39.96832275390625 37.189777374267578125 42.942897796630859375 57.80490875244140625 63.378753662109375 49.97357177734375 36.681789398193359375 32.24462890625 35.1186981201171875 31.574132919311523438 37.00087738037109375 32.016368865966796875 19.983297348022460938 29.803005218505859375 31.945041656494140625 45.3050384521484375 95.79685211181640625 136.9155120849609375 110.68952178955078125 50.90222930908203125 27.625074386596679688 31.99614715576171875 47.84234619140625 43.795848846435546875 37.671360015869140625 38.603260040283203125 39.272350311279296875 52.8736419677734375 53.585784912109375 45.697917938232421875 37.876155853271484375 27.13295745849609375
0 20.022130966186523438 39.1658935546875 50.23394012451171875 56.551380157470703125 52.913330078125 48.871734619140625 48.735019683837890625 40.919864654541015625 49.3861083984375 45.63339996337890625 41.245525360107421875 46.12125396728515625 52.41295623779296875 44.716114044189453125 42.019023895263671875 37.4035491943359375 30.617145538330078125 28.264568328857421875 26.825326919555664062 29.360874176025390625 27.046380996704101562 25.395929336547851562 30.192846298217773438 29.467214584350585938 41.15323638916015625 94.1439361572265625 127.1908111572265625 109.02008056640625 65.82865142822265625 41.43634796142578125 48.161182403564453125 56.96448516845703125 48.02639007568359375 48.4480133056640625 50.619411468505859375 52.15166473388671875 52.856929779052734375 47.763805389404296875 44.2480926513671875 35.365749359130859375 25.038797378540039062
0 64.94637298583984375 79.0959930419921875 79.5875091552734375 73.679931640625 64.126251220703125 64.618988037109375 63.738674163818359375 41.570034027099609375 44.57752227783203125 46.07697296142578125 52.396251678466796875 55.227390289306640625 63.784519195556640625 51.02959442138671875 16.8658905029296875 29.138889312744140625 33.496265411376953125 29.502408981323242188 28.797237396240234375 27.732984542846679688 27.922658920288085938 31.303167343139648438 42.42652130126953125 37.09687042236328125 38.68798828125 83.7064208984375 120.87308502197265625 116.22798919677734375 80.2466583251953125 53.4530792236328125 59.88426971435546875 60.4841766357421875 49.895832061767578125 45.390384674072265625 49.462444305419921875 59.12944793701171875 59.395050048828125 47.991161346435546875 40.820674896240234375 34.261531829833984375 29.827236175537109375
0 47.58415985107421875 38.78631591796875 55.523754119873046875 60.0564422607421875 48.36020660400390625 61.658535003662109375 67.7864990234375 45.677028656005859375 43.7921295166015625 43.86588287353515625 51.3740081787109375 39.52947998046875 46.8147735595703125 55.956085205078125 42.368938446044921875 26.341886520385742188 31.698276519775390625 38.26324462890625 36.6580047607421875 30.518671035766601562 26.378000259399414062 30.96612548828125 54.31652069091796875 54.756320953369140625 51.9620819091796875 76.24834442138671875 113.2333984375 122.7625274658203125 102.2237091064453125 74.4026947021484375 64.41690826416015625 56.981342315673828125 45.51853179931640625 43.8861541748046875 50.014312744140625 55.259174346923828125 58.15453338623046875 46.263397216796875 37.36620330810546875 37.141521453857421875 43.785999298095703125
0 23.6392364501953125 26.779550552368164062 56.615901947021484375 59.716464996337890625 50.13123321533203125 67.215057373046875 71.1048583984375 59.3365478515625 63.58133697509765625 61.0125732421875 61.512889862060546875 51.486545562744140625 54.328765869140625 57.462642669677734375 46.4356689453125 33.881496429443359375 23.082712173461914062 30.719926834106445312 33.321041107177734375 29.589984893798828125 24.808734893798828125 24.6273345947265625 45.4095611572265625 51.71526336669921875 49.827541351318359375 62.172702789306640625 92.27548980712890625 111.67449951171875 104.5614471435546875 79.46435546875 60.55179595947265625 53.190914154052734375 45.25787353515625 60.505100250244140625 63.00812530517578125 58.344058990478515625 55.663791656494140625 46.652004241943359375 37.837322235107421875 29.561017990112304688 31.940189361572265625
