wildfire/work/fuelmodels/1701/slope.asc
ncols        84
nrows        75
xllcorner    197435.000000000000
yllcorner    449085.000000000000
cellsize     5.000000000000
NODATA_value   -999
[rows 54 to 71 of 75, columns 42 to 83 of 84]
18.8650360107421875 34.130451202392578125 63.397796630859375 82.4088897705078125 67.28493499755859375 34.120761871337890625 22.765390396118164062 87.76764678955078125 113.96126556396484375 101.390594482421875 87.44058990478515625 72.58980560302734375 58.06258392333984375 60.642364501953125 61.454692840576171875 77.52459716796875 99.17778778076171875 105.87450408935546875 86.4893341064453125 55.55194854736328125 43.977260589599609375 44.901760101318359375 66.20156097412109375 86.64725494384765625 93.509490966796875 106.89186859130859375 112.52313232421875 106.56133270263671875 85.8139801025390625 58.400867462158203125 52.571773529052734375 29.008331298828125 25.940271377563476562 76.53371429443359375 125.8627471923828125 119.5211334228515625 108.45130157470703125 103.95630645751953125 82.26371002197265625 83.361663818359375 102.3772430419921875 0
23.216785430908203125 50.5495452880859375 70.07030487060546875 87.31510162353515625 88.42943572998046875 53.596393585205078125 38.1692962646484375 83.17229461669921875 114.9547882080078125 115.0100250244140625 91.5052642822265625 77.97634124755859375 48.4303741455078125 55.6541595458984375 62.925807952880859375 66.65308380126953125 81.306243896484375 99.88238525390625 107.1890869140625 86.46131134033203125 63.968410491943359375 49.621669769287109375 60.10056304931640625 81.1100311279296875 96.752716064453125 107.31072235107421875 115.09311676025390625 112.74185943603515625 78.29486846923828125 55.1766510009765625 56.21012115478515625 31.752843856811523438 15.015089035034179688 73.393157958984375 124.8295135498046875 118.0332794189453125 113.0503387451171875 111.9279937744140625 102.92951202392578125 104.12847137451171875 112.13549041748046875 0
45.801898956298828125 51.049007415771484375 57.3946075439453125 75.72180938720703125 91.0695648193359375 77.42572021484375 65.36804962158203125 76.23748779296875 106.14874267578125 115.4117431640625 97.20444488525390625 92.4146728515625 66.9116973876953125 38.250850677490234375 54.398113250732421875 60.42620849609375 61.3038330078125 75.369598388671875 95.5478515625 96.38104248046875 83.3101654052734375 70.81845855712890625 71.18012237548828125 83.78456878662109375 105.02374267578125 113.25847625732421875 111.9379730224609375 108.6901702880859375 75.553436279296875 64.05873870849609375 58.7273406982421875 22.138050079345703125 19.63971710205078125 69.34807586669921875 112.4401092529296875 112.59246063232421875 111.10675048828125 108.73726654052734375 115.3304595947265625 127.6266632080078125 128.63604736328125 0
48.42432403564453125 50.221446990966796875 38.102382659912109375 57.77584075927734375 85.97498321533203125 92.77463531494140625 90.075775146484375 84.25466156005859375 97.7211761474609375 106.2761993408203125 94.996246337890625 92.228607177734375 87.90662384033203125 67.9063262939453125 31.566387176513671875 44.3205413818359375 59.624279022216796875 74.19875335693359375 90.3861846923828125 93.72967529296875 90.513153076171875 87.2659454345703125 86.57598114013671875 87.76309967041015625 101.10416412353515625 106.3010711669921875 98.41709136962890625 102.711029052734375 79.38716888427734375 69.7598114013671875 52.472515106201171875 14.958974838256835938 28.231891632080078125 65.42745208740234375 109.240386962890625 116.33814239501953125 117.0195770263671875 116.04230499267578125 124.95714569091796875 142.9494476318359375 151.3847808837890625 0
48.18100738525390625 63.715312957763671875 40.883739471435546875 42.91031646728515625 79.08062744140625 97.3055877685546875 107.568328857421875 105.67522430419921875 106.45212554931640625 109.024017333984375 97.370880126953125 91.9222869873046875 90.090606689453125 88.8992919921875 60.023555755615234375 30.225475311279296875 52.75611114501953125 74.5821990966796875 93.624664306640625 98.74744415283203125 91.3226165771484375 86.6626434326171875 85.3509368896484375 83.84957122802734375 89.3187408447265625 94.45320892333984375 94.26572418212890625 106.19396209716796875 87.57489776611328125 73.56847381591796875 42.5970458984375 16.819433212280273438 32.369037628173828125 72.3290557861328125 115.09441375732421875 123.1197052001953125 128.27288818359375 130.2115478515625 147.7388763427734375 159.3708343505859375 161.894683837890625 0
56.924915313720703125 70.63358306884765625 47.865924835205078125 20.264373779296875 64.20609283447265625 91.06087493896484375 108.40972900390625 110.9715728759765625 118.23781585693359375 119.71300506591796875 102.2152099609375 102.35935211181640625 101.23928070068359375 93.551483154296875 76.59770965576171875 50.08240509033203125 45.296291351318359375 53.333614349365234375 73.598907470703125 90.2852020263671875 86.12939453125 76.35643768310546875 77.36182403564453125 82.82489776611328125 91.1519775390625 100.08583831787109375 108.19072723388671875 108.714813232421875 88.24796295166015625 65.3595428466796875 24.781591415405273438 15.085947990417480469 29.552637100219726562 84.20066070556640625 124.0369415283203125 133.054718017578125 143.1132354736328125 140.3350982666015625 158.4972381591796875 157.2048797607421875 154.872833251953125 0
67.87578582763671875 72.2398529052734375 62.105960845947265625 23.359556198120117188 28.328958511352539062 67.51479339599609375 95.0506134033203125 103.2297821044921875 115.0752410888671875 118.3762359619140625 104.52788543701171875 107.2925567626953125 110.97115325927734375 99.13774871826171875 83.60507965087890625 67.9235382080078125 57.5882720947265625 34.820743560791015625 31.362482070922851562 64.3127288818359375 84.74033355712890625 83.588653564453125 85.5793609619140625 86.07049560546875 91.71901702880859375 101.72199249267578125 106.91307830810546875 94.77783203125 75.24089813232421875 52.670024871826171875 14.255232810974121094 19.560667037963867188 40.06391143798828125 102.5821685791015625 134.876678466796875 142.3956451416015625 143.0214691162109375 136.0924224853515625 153.9255218505859375 162.18927001953125 162.118194580078125 0
67.0987091064453125 73.55435943603515625 75.0166473388671875 57.226055145263671875 26.53168487548828125 40.72515869140625 74.530303955078125 96.31946563720703125 106.5438232421875 104.02947998046875 108.13176727294921875 111.48444366455078125 102.890045166015625 104.21258544921875 95.4334259033203125 76.4520416259765625 63.98278045654296875 46.1912994384765625 34.068759918212890625 38.251003265380859375 68.2647705078125 84.20137786865234375 89.6206207275390625 86.24668121337890625 89.35916900634765625 92.6269989013671875 85.8173980712890625 76.27634429931640625 67.21932220458984375 46.51261138916015625 20.018510818481445312 29.879510879516601562 61.75392913818359375 112.61704254150390625 127.03647613525390625 136.8519439697265625 135.811737060546875 137.64349365234375 153.9204254150390625 167.389739990234375 167.063262939453125 0
61.1512603759765625 72.27596282958984375 79.83646392822265625 76.0881195068359375 56.992977142333984375 45.598651885986328125 66.75335693359375 91.52318572998046875 97.66240692138671875 96.38834381103515625 105.87860107421875 108.209228515625 89.73053741455078125 92.9766693115234375 102.75823974609375 83.9109954833984375 63.065853118896484375 51.72674560546875 51.574970245361328125 47.194942474365234375 48.31854248046875 68.20851898193359375 74.1272735595703125 77.58722686767578125 84.73561859130859375 84.280517578125 77.694183349609375 76.310699462890625 66.48175811767578125 38.1581573486328125 26.178510665893554688 43.8958892822265625 77.61957550048828125 113.2524566650390625 123.0504150390625 135.2813568115234375 140.0230255126953125 144.334686279296875 151.6344146728515625 160.610992431640625 164.95172119140625 0
57.98699951171875 69.178192138671875 77.52075958251953125 80.8539276123046875 83.8463592529296875 85.5940399169921875 82.74019622802734375 84.67383575439453125 94.48091888427734375 104.0035247802734375 101.9766387939453125 101.90833282470703125 87.31754302978515625 79.4593505859375 98.23325347900390625 86.2543182373046875 63.790069580078125 58.341548919677734375 56.5597686767578125 55.3488616943359375 48.1072540283203125 59.767669677734375 77.94100189208984375 82.3023223876953125 76.99908447265625 70.26758575439453125 69.018402099609375 72.66963958740234375 54.960201263427734375 24.634273529052734375 20.4891204833984375 59.377620697021484375 89.72203826904296875 113.03179931640625 128.3740386962890625 136.5083160400390625 141.49835205078125 142.8952178955078125 144.3138275146484375 156.989471435546875 165.9824981689453125 0
48.76407623291015625 61.20626068115234375 74.34223175048828125 80.756988525390625 91.38140106201171875 95.07910919189453125 89.1679534912109375 86.29608154296875 95.7764129638671875 103.66680145263671875 95.54190826416015625 93.1314239501953125 83.32381439208984375 70.220977783203125 92.7574615478515625 86.86061859130859375 60.536212921142578125 61.027683258056640625 57.10279083251953125 52.682098388671875 63.0501251220703125 63.968475341796875 42.55809783935546875 39.975223541259765625 46.226467132568359375 53.037723541259765625 59.4465484619140625 61.223323822021484375 35.785503387451171875 14.00812530517578125 19.0452423095703125 72.72881317138671875 106.2278900146484375 121.998443603515625 131.6386260986328125 136.30517578125 142.7086639404296875 137.16754150390625 134.6001739501953125 148.7892303466796875 160.30511474609375 0
37.55332183837890625 44.7290191650390625 60.38494873046875 74.62642669677734375 82.92047882080078125 83.09297943115234375 79.28606414794921875 81.94907379150390625 89.990325927734375 89.98705291748046875 84.865264892578125 81.832855224609375 78.06810760498046875 65.34593963623046875 84.24279022216796875 85.85454559326171875 65.08583831787109375 65.26041412353515625 61.198513031005859375 56.6190032958984375 59.115978240966796875 59.15619659423828125 53.77675628662109375 39.668148040771484375 38.998538970947265625 51.24700927734375 58.048046112060546875 52.9346771240234375 27.63639068603515625 18.359111785888671875 35.149768829345703125 85.3458709716796875 120.19229888916015625 137.5674285888671875 140.9866790771484375 141.9350738525390625 142.96246337890625 126.79073333740234375 121.1914825439453125 133.1034088134765625 142.681610107421875 0
29.964565277099609375 38.828094482421875 53.602336883544921875 66.18820953369140625 73.23584747314453125 80.81768035888671875 83.0654296875 80.34624481201171875 76.263885498046875 72.83884429931640625 75.0277099609375 72.080291748046875 75.88525390625 63.113498687744140625 60.84029388427734375 79.6636199951171875 80.65557098388671875 72.87715911865234375 68.37860870361328125 66.55799102783203125 59.82883453369140625 50.832958221435546875 50.096866607666015625 50.36774444580078125 57.206996917724609375 62.866794586181640625 58.3917388916015625 44.102100372314453125 22.099763870239257812 18.766019821166992188 59.07962799072265625 106.54499053955078125 130.3832244873046875 145.694671630859375 148.0919647216796875 143.8294830322265625 138.5515289306640625 120.26535797119140625 110.61341094970703125 117.9771575927734375 124.0316619873046875 0
26.999845504760742188 32.730922698974609375 44.5278167724609375 52.1975860595703125 60.3814697265625 70.04241943359375 77.9278106689453125 78.05815887451171875 66.4156036376953125 64.2659149169921875 69.81851959228515625 68.1072235107421875 75.816192626953125 63.654628753662109375 49.223567962646484375 72.07955169677734375 91.63352203369140625 78.14408111572265625 69.001922607421875 70.73749542236328125 65.49257659912109375 54.934703826904296875 54.0008087158203125 59.144290924072265625 63.187038421630859375 59.629611968994140625 53.223438262939453125 32.857753753662109375 16.666002273559570312 25.296726226806640625 81.82275390625 123.4838104248046875 134.9995269775390625 147.21295166015625 151.428619384765625 148.983062744140625 141.783050537109375 122.56299591064453125 108.9371795654296875 104.10874176025390625 99.30333709716796875 0
23.041156768798828125 26.543674468994140625 39.762786865234375 48.766002655029296875 59.53189849853515625 60.903400421142578125 57.167781829833984375 57.397106170654296875 58.173980712890625 60.97437286376953125 66.76058197021484375 71.35492706298828125 73.3258514404296875 65.7510833740234375 65.071929931640625 81.02887725830078125 89.5288238525390625 72.4892578125 62.54325103759765625 65.995880126953125 63.62543487548828125 58.914356231689453125 56.920429229736328125 57.970325469970703125 57.831195831298828125 50.48259735107421875 47.26914215087890625 28.5685882568359375 12.1750030517578125 36.38169097900390625 100.67530059814453125 134.6654052734375 144.650238037109375 155.5465087890625 155.74920654296875 150.0036163330078125 142.172454833984375 122.084381103515625 102.79044342041015625 86.27655029296875 72.54846954345703125 0
31.112308502197265625 35.631496429443359375 42.548572540283203125 48.485198974609375 51.3773651123046875 41.279170989990234375 31.074756622314453125 37.983730316162109375 49.738117218017578125 54.105617523193359375 63.64083099365234375 72.79483795166015625 70.30059814453125 70.4201507568359375 73.708740234375 71.39745330810546875 72.99398040771484375 65.7387237548828125 60.51995849609375 62.347148895263671875 60.61850738525390625 62.624950408935546875 64.91321563720703125 63.877613067626953125 59.44553375244140625 51.51119232177734375 48.061115264892578125 30.764286041259765625 12.626933097839355469 49.379711151123046875 114.548492431640625 142.2211761474609375 149.462249755859375 156.8644866943359375 156.8731689453125 147.987091064453125 142.165374755859375 126.52875518798828125 96.548583984375 72.97246551513671875 55.06154632568359375 0
44.068149566650390625 39.5061798095703125 37.519725799560546875 39.655307769775390625 32.63388824462890625 21.736860275268554688 26.81697845458984375 44.71242523193359375 54.79811859130859375 55.44214630126953125 58.2292327880859375 65.98531341552734375 71.3578338623046875 74.82071685791015625 72.92236328125 68.1190338134765625 72.74365234375 67.321624755859375 61.5853271484375 59.461154937744140625 58.81453704833984375 67.19036102294921875 71.4598388671875 73.30352783203125 63.704395294189453125 56.101104736328125 49.1618499755859375 28.928493499755859375 18.187223434448242188 65.61151885986328125 121.86777496337890625 143.6288604736328125 150.580078125 158.7281341552734375 160.9372406005859375 153.4034423828125 146.887481689453125 126.0888824462890625 88.8787078857421875 59.525363922119140625 32.495990753173828125 0
34.48120880126953125 37.913951873779296875 42.89270782470703125 43.3163299560546875 39.7831268310546875 36.70520782470703125 43.302509307861328125 52.966510772705078125 50.47408294677734375 44.847461700439453125 54.123432159423828125 75.19451904296875 86.67705535888671875 83.82769775390625 75.8180999755859375 74.4334869384765625 75.231658935546875 62.30046844482421875 59.374114990234375 58.046001434326171875 60.705326080322265625 77.8474578857421875 81.37839508056640625 78.2075042724609375 65.10816192626953125 56.1508026123046875 41.9050750732421875 20.697088241577148438 28.089712142944335938 85.41832733154296875 130.21832275390625 144.9407806396484375 155.3253326416015625 164.169921875 161.887481689453125 156.5171051025390625 151.0202484130859375 119.38533782958984375 72.7334442138671875 38.19925689697265625 6.3951549530029296875 0
