wildfire/work/fuelmodels/1701/slope.asc
ncols        84
nrows        75
xllcorner    197435.000000000000
yllcorner    449085.000000000000
cellsize     5.000000000000
NODATA_value   -999
[rows 36 to 53 of 75, columns 0 to 41 of 84]
0 14.537697792053222656 45.667858123779296875 116.555755615234375 126.12928009033203125 101.71025848388671875 107.97187042236328125 102.2902069091796875 92.76454925537109375 78.65887451171875 62.644863128662109375 85.3375244140625 83.16297149658203125 52.039630889892578125 45.727352142333984375 50.175472259521484375 44.995693206787109375 30.505855560302734375 24.982397079467773438 26.204034805297851562 37.992122650146484375 42.60237884521484375 30.86244964599609375 35.2179718017578125 42.879642486572265625 54.229152679443359375 75.4394683837890625 89.19374847412109375 91.36789703369140625 89.8938446044921875 71.95372772216796875 56.677989959716796875 37.148822784423828125 24.217645645141601562 34.081878662109375 46.158901214599609375 58.95766448974609375 68.594940185546875 75.3787689208984375 82.7692413330078125 88.73656463623046875 90.60218048095703125
0 13.605297088623046875 69.21625518798828125 128.1989898681640625 109.62392425537109375 99.0746612548828125 113.61411285400390625 106.6848297119140625 84.22171783447265625 71.9012298583984375 77.44785308837890625 85.6467132568359375 69.6847381591796875 47.643375396728515625 43.95517730712890625 48.466400146484375 44.61006927490234375 32.034427642822265625 27.486440658569335938 28.83258819580078125 43.631191253662109375 44.029754638671875 35.37650299072265625 38.2985076904296875 45.181365966796875 54.30341339111328125 66.440643310546875 79.2910308837890625 87.15518951416015625 93.12103271484375 85.0896148681640625 69.1234283447265625 39.7698974609375 16.233001708984375 32.234729766845703125 47.395732879638671875 62.969318389892578125 75.6401824951171875 79.23123931884765625 82.7922821044921875 90.39534759521484375 95.61951446533203125
0 32.24192047119140625 89.39312744140625 125.943206787109375 108.01287078857421875 111.146484375 118.29126739501953125 102.49692535400390625 82.63956451416015625 76.60589599609375 81.12567901611328125 79.5169525146484375 53.535770416259765625 44.580596923828125 43.84116363525390625 45.29083251953125 42.627544403076171875 32.75942230224609375 25.267839431762695312 29.495866775512695312 37.57421112060546875 36.670421600341796875 35.825931549072265625 40.41930389404296875 47.057647705078125 55.480770111083984375 60.4372406005859375 70.2714385986328125 77.7855682373046875 89.44489288330078125 91.225616455078125 79.81097412109375 56.486175537109375 25.78980255126953125 35.1260528564453125 45.589630126953125 59.07769012451171875 67.3435821533203125 71.40185546875 78.36974334716796875 83.11962127685546875 87.2755584716796875
0 58.699405670166015625 98.2569427490234375 123.58467864990234375 123.97426605224609375 121.793212890625 99.93808746337890625 97.2128448486328125 93.91797637939453125 77.32346343994140625 69.89703369140625 76.326995849609375 59.15624237060546875 53.947772979736328125 52.94512176513671875 49.368839263916015625 44.48474884033203125 34.606525421142578125 18.540241241455078125 34.317142486572265625 27.686338424682617188 16.666034698486328125 26.811069488525390625 38.52204132080078125 48.230194091796875 55.261455535888671875 58.17932891845703125 68.4402618408203125 72.95654296875 78.68625640869140625 84.169647216796875 77.8901519775390625 62.277561187744140625 36.626804351806640625 37.925952911376953125 53.72845458984375 61.1194915771484375 62.6710205078125 67.20546722412109375 72.20203399658203125 75.3883514404296875 78.93639373779296875
0 79.08055877685546875 104.885955810546875 129.5576324462890625 128.61883544921875 114.75211334228515625 93.44135284423828125 96.643157958984375 99.2976837158203125 69.03850555419921875 64.31700897216796875 83.197540283203125 72.14934539794921875 60.95040130615234375 54.976970672607421875 48.62975311279296875 43.128040313720703125 32.970912933349609375 22.063573837280273438 46.1417999267578125 25.204029083251953125 3.6997432708740234375 17.289623260498046875 38.20163726806640625 47.886257171630859375 49.245941162109375 54.77117919921875 68.311553955078125 78.544342041015625 76.492919921875 73.06671905517578125 67.2855224609375 54.58884429931640625 38.1001739501953125 39.70824432373046875 57.12760162353515625 64.990814208984375 63.51789093017578125 64.3851318359375 65.5739288330078125 64.113433837890625 70.224029541015625
0 95.57320404052734375 110.298858642578125 135.6878204345703125 127.8853302001953125 104.9205780029296875 93.8868560791015625 85.2734832763671875 86.1753997802734375 64.77991485595703125 70.0584716796875 91.96848297119140625 73.27169036865234375 59.85416412353515625 52.111545562744140625 44.6800689697265625 41.417079925537109375 29.45970916748046875 33.395904541015625 51.332035064697265625 26.226749420166015625 20.365550994873046875 25.93743133544921875 44.041782379150390625 53.30966949462890625 50.322376251220703125 58.755512237548828125 66.7605438232421875 78.16109466552734375 79.87081146240234375 66.2415008544921875 59.6248626708984375 48.89228057861328125 34.950626373291015625 33.458927154541015625 48.5282745361328125 59.59820556640625 61.681224822998046875 53.397571563720703125 53.27207183837890625 57.122821807861328125 66.53570556640625
0 99.55670166015625 124.39076995849609375 147.802093505859375 122.11273956298828125 90.72623443603515625 91.95720672607421875 83.5606689453125 80.439605712890625 74.2476959228515625 82.4585113525390625 94.83971405029296875 70.31493377685546875 60.197643280029296875 51.97010040283203125 42.525234222412109375 39.2169036865234375 25.082334518432617188 42.007568359375 48.4858856201171875 28.91713714599609375 38.10944366455078125 35.8613128662109375 46.079219818115234375 56.14241790771484375 57.14227294921875 68.8955230712890625 72.60892486572265625 75.38021087646484375 78.71327972412109375 62.946044921875 53.306270599365234375 43.471828460693359375 27.062038421630859375 17.69994354248046875 38.056842803955078125 50.98203277587890625 67.16463470458984375 60.809024810791015625 50.209461212158203125 49.702423095703125 48.066265106201171875
0 95.6417999267578125 143.936737060546875 145.925140380859375 115.13790130615234375 94.7228546142578125 94.56676483154296875 87.6655731201171875 78.5785064697265625 77.14554595947265625 79.42708587646484375 85.5042724609375 71.26221466064453125 60.50528717041015625 50.203319549560546875 37.885501861572265625 28.891813278198242188 19.386674880981445312 45.14361572265625 43.03597259521484375 32.158763885498046875 41.6462554931640625 35.599178314208984375 43.49151611328125 50.641544342041015625 59.364704132080078125 77.550048828125 83.84558868408203125 80.3448333740234375 81.51552581787109375 72.69210052490234375 60.434017181396484375 47.3267822265625 31.721466064453125 4.4454784393310546875 33.15411376953125 48.1290283203125 71.31226348876953125 71.32460784912109375 54.59113311767578125 47.768161773681640625 42.75594329833984375
0 113.57227325439453125 150.4318389892578125 130.5020904541015625 117.54970550537109375 93.99892425537109375 80.31467437744140625 79.87177276611328125 67.9900360107421875 77.9819793701171875 78.50716400146484375 76.1173248291015625 77.0564117431640625 58.621898651123046875 45.01033782958984375 27.357133865356445312 17.60437774658203125 16.33319854736328125 43.30478668212890625 35.528011322021484375 40.470508575439453125 39.638263702392578125 34.989166259765625 41.57605743408203125 46.81678009033203125 59.377696990966796875 76.29390716552734375 87.948333740234375 87.5014495849609375 84.3716583251953125 83.15293121337890625 76.6958160400390625 60.8387603759765625 48.121795654296875 22.362579345703125 21.373308181762695312 48.834133148193359375 71.3945159912109375 78.4442901611328125 67.323394775390625 53.592395782470703125 46.445880889892578125
0 143.696929931640625 146.861663818359375 121.143463134765625 108.24353790283203125 75.39205169677734375 62.124607086181640625 73.2053375244140625 64.971435546875 86.9849853515625 85.0178375244140625 60.967372894287109375 76.67986297607421875 60.589260101318359375 43.098155975341796875 25.182664871215820312 20.658115386962890625 19.800395965576171875 39.18598175048828125 25.753538131713867188 38.510417938232421875 31.743696212768554688 35.308712005615234375 39.04990386962890625 45.09967803955078125 57.22599029541015625 67.9773406982421875 78.48485565185546875 79.659942626953125 77.05049896240234375 77.1851654052734375 76.67432403564453125 67.6844482421875 66.69347381591796875 55.854068756103515625 14.943938255310058594 41.029430389404296875 65.75518798828125 77.98116302490234375 83.1787109375 69.43585205078125 52.454448699951171875
0 126.32286834716796875 113.0464019775390625 90.397125244140625 81.0891571044921875 54.795063018798828125 50.169780731201171875 71.085418701171875 68.45536041259765625 85.433929443359375 82.58913421630859375 48.24956512451171875 72.7684173583984375 67.02044677734375 42.298221588134765625 28.957305908203125 25.1772308349609375 25.992265701293945312 31.520666122436523438 30.020914077758789062 42.0025787353515625 31.761554718017578125 36.687938690185546875 36.927692413330078125 43.800090789794921875 57.397068023681640625 69.12000274658203125 78.7766265869140625 74.8533935546875 72.12038421630859375 77.622955322265625 73.692230224609375 60.481166839599609375 61.411464691162109375 68.62851715087890625 44.456546783447265625 27.153173446655273438 52.42787933349609375 61.201969146728515625 87.6654205322265625 92.7350616455078125 71.26221466064453125
0 106.8906097412109375 78.149200439453125 53.32099151611328125 57.630405426025390625 35.502986907958984375 47.429126739501953125 72.91411590576171875 69.5673980712890625 76.30425262451171875 78.096893310546875 58.74901580810546875 67.39394378662109375 66.0427703857421875 39.996204376220703125 22.681646347045898438 26.766294479370117188 37.077602386474609375 32.48831939697265625 35.584552764892578125 35.429164886474609375 31.002149581909179688 35.829151153564453125 36.570865631103515625 43.707828521728515625 56.99300384521484375 68.568878173828125 81.76386260986328125 84.21588134765625 71.61529541015625 74.66550445556640625 72.43457794189453125 58.43428802490234375 57.598621368408203125 67.1856689453125 69.1488800048828125 34.604534149169921875 34.369754791259765625 39.999912261962890625 64.492462158203125 93.0502471923828125 91.58736419677734375
0 95.2619476318359375 75.7303009033203125 68.142333984375 59.85157012939453125 21.99322509765625 40.61917877197265625 75.67948150634765625 70.99423980712890625 75.7000579833984375 79.10021209716796875 72.00144195556640625 65.07537078857421875 69.92133331298828125 46.82895660400390625 17.933389663696289062 20.3088226318359375 37.17392730712890625 33.701351165771484375 29.801090240478515625 24.59111785888671875 25.298351287841796875 35.149486541748046875 37.895503997802734375 42.245616912841796875 54.0160369873046875 61.6843719482421875 70.2196044921875 84.283172607421875 77.88051605224609375 72.13944244384765625 70.81884002685546875 64.37746429443359375 62.284191131591796875 66.8149871826171875 78.964202880859375 65.95151519775390625 35.501049041748046875 29.35720062255859375 37.89295196533203125 66.84108734130859375 91.64084625244140625
0 83.59694671630859375 79.447540283203125 84.72397613525390625 60.641033172607421875 35.296794891357421875 18.906194686889648438 64.311676025390625 72.4766845703125 86.07311248779296875 89.42456817626953125 70.2082366943359375 62.620418548583984375 84.29982757568359375 65.0934295654296875 28.216600418090820312 16.442523956298828125 32.885528564453125 30.288665771484375 25.37836456298828125 27.024023056030273438 25.771867752075195312 32.452701568603515625 35.813816070556640625 40.6857757568359375 52.0360870361328125 60.728359222412109375 64.81659698486328125 73.82817840576171875 77.35924530029296875 67.28176116943359375 60.789581298828125 60.641742706298828125 57.000278472900390625 55.026195526123046875 64.1701202392578125 74.90433502197265625 60.959568023681640625 41.056369781494140625 28.270940780639648438 35.187892913818359375 68.5092315673828125
0 74.58791351318359375 73.858978271484375 54.317779541015625 46.51898193359375 49.748401641845703125 24.903326034545898438 39.325214385986328125 51.662967681884765625 81.96067047119140625 99.28276824951171875 68.7713165283203125 52.291912078857421875 87.43000030517578125 80.5285797119140625 42.284648895263671875 19.894008636474609375 30.101480484008789062 30.133281707763671875 24.600706100463867188 32.45079803466796875 29.382616043090820312 31.972127914428710938 35.722141265869140625 43.016757965087890625 52.6862945556640625 62.54090118408203125 69.49391937255859375 71.58953857421875 72.9624176025390625 62.71283721923828125 56.20999908447265625 58.73883056640625 58.442699432373046875 57.75067901611328125 55.9080352783203125 63.339679718017578125 65.09935760498046875 55.342041015625 46.00777435302734375 43.5131988525390625 55.2285003662109375
0 68.6637115478515625 63.695598602294921875 34.268337249755859375 50.8540496826171875 70.5481719970703125 65.35118865966796875 55.06449127197265625 47.20298004150390625 65.04871368408203125 89.11997222900390625 72.9511566162109375 49.0112152099609375 86.7869415283203125 90.765869140625 49.672031402587890625 26.477689743041992188 21.682149887084960938 25.69216156005859375 30.335178375244140625 36.844806671142578125 29.867889404296875 32.53093719482421875 35.908599853515625 42.9626617431640625 51.67018890380859375 60.54549407958984375 72.00601959228515625 77.6158447265625 76.319427490234375 67.6971435546875 61.533008575439453125 59.885402679443359375 55.025592803955078125 61.50377655029296875 64.0073699951171875 62.343486785888671875 64.222381591796875 61.28863525390625 49.618442535400390625 42.51576995849609375 48.75012969970703125
0 62.79007720947265625 50.70660400390625 41.58948516845703125 46.610370635986328125 71.26213836669921875 84.4281158447265625 85.07686614990234375 72.17438507080078125 58.6260528564453125 67.09781646728515625 76.49941253662109375 59.545116424560546875 83.9101715087890625 94.34535980224609375 54.7957763671875 34.7711334228515625 24.922397613525390625 29.446718215942382812 39.850811004638671875 36.366672515869140625 29.62174224853515625 33.193576812744140625 37.86527252197265625 43.829853057861328125 53.356288909912109375 59.983432769775390625 71.6508941650390625 79.65949249267578125 78.09818267822265625 68.02269744873046875 56.032428741455078125 56.14315032958984375 51.36916351318359375 53.22733306884765625 61.2555389404296875 66.73329925537109375 67.67340850830078125 64.49777984619140625 55.406215667724609375 44.750827789306640625 46.920162200927734375
0 53.341571807861328125 54.643802642822265625 58.415985107421875 58.688991546630859375 69.78375244140625 83.60843658447265625 91.90660858154296875 96.29553985595703125 90.71173095703125 80.15514373779296875 83.64554595947265625 76.49578857421875 82.5389404296875 83.42913055419921875 55.70709228515625 40.246387481689453125 26.865003585815429688 39.360454559326171875 46.886547088623046875 37.3352508544921875 32.11090850830078125 34.95067596435546875 42.74385833740234375 49.09114837646484375 57.9651641845703125 60.644439697265625 69.44141387939453125 76.348297119140625 72.06072998046875 64.7283782958984375 54.87477874755859375 54.620647430419921875 52.787746429443359375 48.14725494384765625 48.072399139404296875 49.533679962158203125 49.00406646728515625 49.418376922607421875 47.458675384521484375 39.625690460205078125 41.234630584716796875
