wildfire/work/fuelmodels/1701/slope.asc
ncols        84
nrows        75
xllcorner    197435.000000000000
yllcorner    449085.000000000000
cellsize     5.000000000000
NODATA_value   -999
[rows 0 to 17 of 75, columns 42 to 83 of 84]
0 0 0 0 0 0 0 0 0 0 0 0 0 0 0 0 0 0 0 0 0 0 0 0 0 0 0 0 0 0 0 0 0 0 0 0 0 0 0 0 0 0
21.745603561401367188 11.019979476928710938 0.81502091884613037109 8.0986890792846679688 11.096175193786621094 12.574975967407226562 14.626767158508300781 9.54698944091796875 17.072887420654296875 33.4981689453125 31.924036026000976562 44.328815460205078125 75.1594696044921875 88.1324615478515625 79.92760467529296875 74.34555816650390625 87.32879638671875 80.2378997802734375 53.730617523193359375 49.79381561279296875 51.11435699462890625 40.34278106689453125 37.097309112548828125 53.547916412353515625 74.0083770751953125 61.628326416015625 33.43781280517578125 28.2300567626953125 37.19120025634765625 30.076633453369140625 26.4124603271484375 33.54022216796875 46.417095184326171875 51.334568023681640625 50.825885772705078125 52.609882354736328125 57.870243072509765625 56.494853973388671875 48.430450439453125 43.28333282470703125 34.186161041259765625 0
24.0709075927734375 11.511138916015625 6.2099895477294921875 9.5648593902587890625 11.609122276306152344 11.105684280395507812 16.69084930419921875 9.40697479248046875 18.7777099609375 37.319957733154296875 36.359737396240234375 50.77211761474609375 78.8798065185546875 88.99219512939453125 83.478668212890625 76.7465057373046875 81.0690765380859375 72.54528045654296875 53.92400360107421875 57.115451812744140625 58.489452362060546875 45.770046234130859375 42.477508544921875 60.426891326904296875 64.288726806640625 42.94258880615234375 23.259626388549804688 28.072902679443359375 41.84052276611328125 31.521945953369140625 29.6301727294921875 37.8506927490234375 45.989917755126953125 48.768032073974609375 49.926422119140625 55.99219512939453125 60.20905303955078125 53.020999908447265625 43.086849212646484375 36.50972747802734375 32.767242431640625 0
17.726926803588867188 9.0384988784790039062 9.5444631576538085938 10.375523567199707031 8.1413660049438476562 12.435272216796875 18.492397308349609375 17.641527175903320312 20.616039276123046875 38.38578033447265625 41.657703399658203125 52.318225860595703125 76.63159942626953125 90.80881500244140625 87.16246795654296875 75.27214813232421875 75.56729888916015625 70.52045440673828125 58.064632415771484375 60.968784332275390625 57.0733642578125 40.528087615966796875 38.7176055908203125 54.96965789794921875 47.4983062744140625 28.944721221923828125 22.614873886108398438 41.0831146240234375 50.0795745849609375 34.99298858642578125 35.572971343994140625 42.66786956787109375 46.766223907470703125 49.07952880859375 49.1867828369140625 52.420230865478515625 52.945125579833984375 40.8047943115234375 32.699962615966796875 26.28610992431640625 42.848201751708984375 0
9.9457149505615234375 14.042662620544433594 12.985667228698730469 8.5867605209350585938 7.3249278068542480469 10.131793975830078125 16.821384429931640625 19.845571517944335938 17.523448944091796875 33.591770172119140625 43.184871673583984375 52.2193145751953125 74.19828033447265625 95.39943695068359375 93.01203155517578125 75.59232330322265625 71.31739044189453125 66.2544097900390625 56.21672821044921875 55.213680267333984375 62.429943084716796875 46.648715972900390625 34.276485443115234375 49.5496063232421875 42.5521392822265625 22.317852020263671875 28.806430816650390625 52.787960052490234375 51.200618743896484375 37.740154266357421875 38.786396026611328125 41.6527557373046875 43.517032623291015625 49.8299407958984375 53.817691802978515625 56.309749603271484375 55.69445037841796875 41.701251983642578125 30.714155197143554688 29.338916778564453125 56.159610748291015625 0
13.9456634521484375 13.089169502258300781 8.985485076904296875 5.2799062728881835938 5.8543162345886230469 5.6986894607543945312 7.2316436767578125 11.900841712951660156 15.706791877746582031 27.810667037963867188 43.42632293701171875 53.909320831298828125 75.61883544921875 100.8390655517578125 99.68541717529296875 78.30857086181640625 67.61267852783203125 60.336231231689453125 54.272167205810546875 57.723724365234375 75.70781707763671875 54.41759490966796875 28.992504119873046875 46.35406494140625 49.480133056640625 38.85846710205078125 47.000293731689453125 63.616054534912109375 53.4502716064453125 42.101406097412109375 44.2275390625 42.6920166015625 37.75885009765625 46.918087005615234375 55.395130157470703125 57.43119049072265625 54.698970794677734375 41.427776336669921875 28.686132431030273438 38.72847747802734375 63.70537567138671875 0
15.171518325805664062 12.974471092224121094 8.1413249969482421875 3.9639055728912353516 4.7519001960754394531 2.9712610244750976562 4.3441591262817382812 8.337131500244140625 11.309992790222167969 25.796968460083007812 48.31854248046875 59.12552642822265625 82.01146697998046875 109.6680450439453125 106.159698486328125 81.38506317138671875 70.5285491943359375 60.546543121337890625 60.715572357177734375 69.7212677001953125 77.5452880859375 47.933773040771484375 25.294572830200195312 52.450313568115234375 56.0101470947265625 41.464038848876953125 47.205493927001953125 62.083347320556640625 54.683963775634765625 45.46855926513671875 49.222225189208984375 42.969486236572265625 32.0211944580078125 50.253864288330078125 64.816497802734375 62.64647674560546875 54.25634002685546875 37.51847076416015625 25.068141937255859375 40.7381134033203125 60.89864349365234375 0
16.583372116088867188 18.95911407470703125 8.7054595947265625 2.6237924098968505859 6.9238290786743164062 4.3291072845458984375 6.8485956192016601562 3.5727691650390625 9.1347188949584960938 29.77420806884765625 49.292591094970703125 62.47124481201171875 88.5851287841796875 114.31170654296875 103.54402923583984375 79.42425537109375 74.81561279296875 69.33554840087890625 76.95511627197265625 81.8114471435546875 66.546295166015625 39.93654632568359375 31.879743576049804688 53.62960052490234375 43.097095489501953125 33.594959259033203125 48.766292572021484375 56.8681488037109375 54.864521026611328125 42.925716400146484375 36.480747222900390625 30.242746353149414062 35.7702484130859375 68.75782012939453125 79.08408355712890625 66.03867340087890625 48.709629058837890625 32.452709197998046875 27.434892654418945312 42.621959686279296875 55.68732452392578125 0
13.694705009460449219 20.49859619140625 8.7952566146850585938 1.7124454975128173828 9.247364044189453125 4.9504575729370117188 9.6984615325927734375 3.706287384033203125 15.096616744995117188 31.791362762451171875 48.22681427001953125 70.7767181396484375 99.48272705078125 113.8652801513671875 96.3029022216796875 78.51398468017578125 73.45273590087890625 70.33838653564453125 73.498016357421875 67.42456817626953125 49.528045654296875 33.75788116455078125 40.614105224609375 50.667423248291015625 31.956270217895507812 50.106235504150390625 69.5565338134765625 57.054431915283203125 54.11989593505859375 45.82657623291015625 36.782360076904296875 35.222133636474609375 48.07159423828125 77.75258636474609375 74.823272705078125 54.791919708251953125 38.07686614990234375 30.259761810302734375 32.6808319091796875 46.711833953857421875 55.47284698486328125 0
14.800265312194824219 13.796926498413085938 8.59424591064453125 2.4713094234466552734 6.1154713630676269531 7.9268317222595214844 4.38867950439453125 5.9977555274963378906 19.33663177490234375 33.4075164794921875 48.913421630859375 83.14458465576171875 113.9383392333984375 109.95558929443359375 88.82955169677734375 77.42011260986328125 70.8982696533203125 69.2249908447265625 65.99974822998046875 55.3431549072265625 43.832489013671875 30.2122650146484375 43.715824127197265625 48.772037506103515625 26.494915008544921875 53.660247802734375 71.60100555419921875 43.648120880126953125 44.7758026123046875 49.53462982177734375 35.8044281005859375 44.97725677490234375 62.402004241943359375 81.040863037109375 70.8631439208984375 51.309642791748046875 35.378299713134765625 28.477392196655273438 32.238605499267578125 46.20156097412109375 54.31554412841796875 0
7.0040402412414550781 5.4265127182006835938 8.3815965652465820312 5.3165049552917480469 2.6759297847747802734 5.9203066825866699219 1.6299726963043212891 6.4316692352294921875 23.234498977661132812 39.798633575439453125 51.725749969482421875 97.052642822265625 122.7705078125 101.32830047607421875 80.54312896728515625 75.46094512939453125 71.783966064453125 66.90204620361328125 59.478603363037109375 51.338474273681640625 48.839389801025390625 36.4438323974609375 45.174594879150390625 45.09197998046875 33.19586944580078125 59.753448486328125 79.38642120361328125 48.16204071044921875 37.442089080810546875 54.744724273681640625 39.38309478759765625 50.953014373779296875 69.20594024658203125 76.25135040283203125 62.889636993408203125 40.8952178955078125 27.779432296752929688 24.201824188232421875 30.474992752075195312 46.878902435302734375 57.669498443603515625 0
2.9023821353912353516 1.7727614641189575195 9.04299163818359375 8.6542768478393554688 6.5016779899597167969 5.9420671463012695312 6.2099218368530273438 8.048595428466796875 23.362077713012695312 46.12949371337890625 68.71349334716796875 110.66988372802734375 118.53577423095703125 92.08599853515625 74.9371185302734375 74.807403564453125 72.1729888916015625 64.44147491455078125 53.181156158447265625 45.873149871826171875 51.337158203125 51.84128570556640625 51.5193939208984375 44.84136962890625 44.999996185302734375 69.9565582275390625 80.142486572265625 47.769542694091796875 34.59723663330078125 54.973102569580078125 44.702884674072265625 44.932415008544921875 61.41680908203125 64.3986663818359375 49.205410003662109375 26.828664779663085938 21.764612197875976562 16.423065185546875 31.419908523559570312 57.296173095703125 70.46642303466796875 0
0.45887488126754760742 3.5998661518096923828 9.8079519271850585938 10.756304740905761719 8.8895292282104492188 3.7106735706329345703 7.8940529823303222656 9.698482513427734375 26.978830337524414062 56.378307342529296875 91.2939300537109375 115.016265869140625 104.38549041748046875 82.7051544189453125 72.16252899169921875 71.5903778076171875 70.952606201171875 63.650783538818359375 48.466411590576171875 45.3768463134765625 58.401844024658203125 63.664306640625 54.535434722900390625 42.746028900146484375 47.1559600830078125 61.42983245849609375 60.843051910400390625 40.27093505859375 40.579151153564453125 53.082706451416015625 44.5635528564453125 45.8572998046875 61.44286346435546875 61.321025848388671875 43.631305694580078125 26.413068771362304688 18.874813079833984375 26.968980789184570312 53.850925445556640625 73.94759368896484375 80.9575042724609375 0
6.6177983283996582031 12.530478477478027344 12.758886337280273438 13.280588150024414062 12.982417106628417969 9.8582000732421875 9.954559326171875 12.925686836242675781 37.2407989501953125 65.59554290771484375 96.6687469482421875 113.14209747314453125 95.9476470947265625 76.74094390869140625 73.4485931396484375 70.807220458984375 67.45664215087890625 60.44544219970703125 48.320034027099609375 49.62914276123046875 68.1197967529296875 69.42877960205078125 48.98433685302734375 39.325366973876953125 48.78099822998046875 55.5993804931640625 50.504642486572265625 45.325122833251953125 43.0571136474609375 51.37398529052734375 52.458827972412109375 62.5924530029296875 69.37996673583984375 55.521755218505859375 34.00235748291015625 21.443082809448242188 27.336275100708007812 50.157764434814453125 65.48565673828125 77.65442657470703125 81.11376953125 0
15.707858085632324219 14.761096954345703125 14.032930374145507812 14.90270233154296875 13.363574028015136719 9.6213960647583007812 12.231294631958007812 17.356912612915039062 43.753643035888671875 71.27069091796875 95.27716827392578125 111.7364959716796875 99.76082611083984375 78.25019073486328125 75.72533416748046875 72.32942962646484375 60.850719451904296875 55.104808807373046875 51.986171722412109375 55.844333648681640625 77.3397979736328125 73.3722381591796875 41.708248138427734375 40.931522369384765625 53.811283111572265625 52.606014251708984375 46.408847808837890625 44.15549468994140625 56.518177032470703125 61.157440185546875 59.3223114013671875 68.805145263671875 67.7705841064453125 47.3733367919921875 25.337705612182617188 30.413433074951171875 49.3774871826171875 62.6786956787109375 70.1775360107421875 82.88809967041015625 85.27651214599609375 0
17.180501937866210938 8.4889993667602539062 8.1959428787231445312 8.6541986465454101562 5.8390483856201171875 4.7655224800109863281 15.086539268493652344 23.521417617797851562 51.228519439697265625 82.905487060546875 102.8128814697265625 108.8630218505859375 100.14672088623046875 84.2354888916015625 75.2950897216796875 69.91252899169921875 56.7907562255859375 56.107463836669921875 60.7183074951171875 63.898250579833984375 80.31687164306640625 71.495758056640625 40.732898712158203125 48.553558349609375 60.608795166015625 52.64453125 48.2128143310546875 52.31494140625 68.31998443603515625 66.3204193115234375 56.914035797119140625 64.796905517578125 59.69121551513671875 35.813770294189453125 25.038640975952148438 46.68883514404296875 64.65070343017578125 73.75519561767578125 81.319549560546875 90.87546539306640625 93.87158966064453125 0
17.35863494873046875 5.5064764022827148438 7.7387442588806152344 9.1761875152587890625 3.1486940383911132812 6.9437847137451171875 18.148046493530273438 32.0950775146484375 62.439716339111328125 91.02719879150390625 103.44760894775390625 101.960052490234375 90.444427490234375 82.84229278564453125 76.54925537109375 69.7608642578125 59.095062255859375 59.8426513671875 63.26618194580078125 61.547412872314453125 74.0402679443359375 65.63201141357421875 45.750835418701171875 54.545047760009765625 61.324680328369140625 53.002162933349609375 54.435527801513671875 60.99073028564453125 63.9978179931640625 59.914920806884765625 62.2152557373046875 72.28061676025390625 57.815799713134765625 30.297969818115234375 36.18343353271484375 61.170581817626953125 76.19312286376953125 88.046142578125 93.23589324951171875 97.12932586669921875 100.33834075927734375 0
19.048982620239257812 7.3986783027648925781 5.9829034805297851562 7.7409062385559082031 4.4326663017272949219 7.7701692581176757812 20.167629241943359375 35.36222076416015625 64.3285980224609375 86.0737152099609375 95.97370147705078125 100.39344024658203125 87.5990447998046875 81.86115264892578125 82.9619293212890625 72.48189544677734375 58.619167327880859375 55.96834564208984375 57.247631072998046875 57.966045379638671875 70.78275299072265625 65.79949188232421875 55.67319488525390625 57.161163330078125 60.574810028076171875 59.500118255615234375 63.059810638427734375 63.127201080322265625 58.111049652099609375 68.40869140625 77.91641998291015625 72.25608062744140625 48.955699920654296875 22.389934539794921875 51.623378753662109375 75.25444793701171875 85.476043701171875 96.87738800048828125 99.18663787841796875 99.6224212646484375 98.10272979736328125 0
