wildfire/work/fuelmodels/1865/ahn1.asc
ncols        380
nrows        283
xllcorner    186785.000000000000
yllcorner    454890.000000000000
cellsize     5.000000000000
NODATA_value   -999
[rows 133 to 151 of 283, columns 0 to 40 of 380]
43.310001373291015625 43.479999542236328125 43.560001373291015625 43.729999542236328125 44 44.270000457763671875 44.54000091552734375 44.490001678466796875 44.6100006103515625 44.75 44.70999908447265625 44.770000457763671875 45 45.009998321533203125 44.950000762939453125 44.950000762939453125 45.020000457763671875 45.1699981689453125 45.15000152587890625 45.310001373291015625 45.29000091552734375 45.409999847412109375 45.4199981689453125 45.450000762939453125 45.490001678466796875 45.54000091552734375 45.54000091552734375 45.34999847412109375 45.3899993896484375 45.3899993896484375 45.270000457763671875 45.340000152587890625 45.299999237060546875 45.380001068115234375 45.470001220703125 45.34999847412109375 45.40000152587890625 45.380001068115234375 45.409999847412109375 45.40000152587890625 45.43000030517578125
43.3300018310546875 43.3600006103515625 43.3300018310546875 43.59999847412109375 43.869998931884765625 44.119998931884765625 44.0800018310546875 44.090000152587890625 43.779998779296875 43.93000030517578125 44.220001220703125 44.529998779296875 44.90000152587890625 44.90000152587890625 44.95999908447265625 44.990001678466796875 45.020000457763671875 45.1399993896484375 45.220001220703125 45.3300018310546875 45.380001068115234375 45.3899993896484375 45.3600006103515625 45.43000030517578125 45.490001678466796875 45.43000030517578125 45.34999847412109375 45.380001068115234375 45.310001373291015625 45.25 45.25 45.34999847412109375 45.220001220703125 45.29000091552734375 45.34999847412109375 45.34999847412109375 45.31999969482421875 45.450000762939453125 45.490001678466796875 45.479999542236328125 45.380001068115234375
43.470001220703125 43.619998931884765625 43.56999969482421875 43.619998931884765625 43.590000152587890625 43.759998321533203125 43.810001373291015625 43.06999969482421875 43.090000152587890625 43.3300018310546875 43.560001373291015625 43.840000152587890625 44.45999908447265625 44.770000457763671875 44.799999237060546875 44.840000152587890625 44.9199981689453125 45.060001373291015625 45.1699981689453125 45.259998321533203125 45.43000030517578125 45.439998626708984375 45.3899993896484375 45.439998626708984375 45.43000030517578125 45.240001678466796875 45.3300018310546875 45.200000762939453125 45.15000152587890625 45.220001220703125 45.270000457763671875 45.340000152587890625 45.470001220703125 45.380001068115234375 45.409999847412109375 45.40000152587890625 45.25 45.3899993896484375 45.4199981689453125 45.40000152587890625 45.3899993896484375
43.630001068115234375 43.630001068115234375 43.439998626708984375 43.4199981689453125 43.189998626708984375 43.270000457763671875 43.020000457763671875 43.09999847412109375 43.130001068115234375 43.029998779296875 43.0800018310546875 43.20999908447265625 43.759998321533203125 44.340000152587890625 44.259998321533203125 44.700000762939453125 44.770000457763671875 45.189998626708984375 45.509998321533203125 45.31999969482421875 45.409999847412109375 45.369998931884765625 45.340000152587890625 45.3300018310546875 45.40000152587890625 45.3600006103515625 45.270000457763671875 45.119998931884765625 45.130001068115234375 45.159999847412109375 45.310001373291015625 45.259998321533203125 45.270000457763671875 45.29000091552734375 45.3300018310546875 45.29000091552734375 45.310001373291015625 45.299999237060546875 45.279998779296875 45.31999969482421875 45.4199981689453125
43.659999847412109375 43.450000762939453125 43.45999908447265625 43.340000152587890625 43.259998321533203125 43.020000457763671875 42.970001220703125 43.020000457763671875 43.049999237060546875 43 42.93000030517578125 42.909999847412109375 43.159999847412109375 43.799999237060546875 44.060001373291015625 44 44.45999908447265625 45.06999969482421875 45.490001678466796875 45.409999847412109375 45.4199981689453125 45.4199981689453125 45.3300018310546875 45.43000030517578125 45.439998626708984375 45.31999969482421875 45.25 45.29000091552734375 45.189998626708984375 45.270000457763671875 45.4199981689453125 45.270000457763671875 45.310001373291015625 45.25 45.189998626708984375 45.240001678466796875 45.380001068115234375 45.3600006103515625 45.259998321533203125 45.279998779296875 45.4199981689453125
43.81999969482421875 43.70999908447265625 43.4199981689453125 43.1399993896484375 42.970001220703125 42.9199981689453125 42.8600006103515625 42.880001068115234375 42.759998321533203125 42.880001068115234375 42.810001373291015625 42.770000457763671875 42.8899993896484375 43.29000091552734375 43.759998321533203125 44.259998321533203125 44.75 45.1699981689453125 45.220001220703125 45.45999908447265625 45.439998626708984375 45.409999847412109375 45.369998931884765625 45.369998931884765625 45.299999237060546875 45.15000152587890625 45.18000030517578125 45.1100006103515625 45.200000762939453125 45.270000457763671875 45.259998321533203125 45.31999969482421875 45.220001220703125 45.1699981689453125 45.20999908447265625 45.299999237060546875 45.159999847412109375 45.259998321533203125 45.299999237060546875 45.439998626708984375 45.299999237060546875
43.75 43.70999908447265625 43.4199981689453125 42.95999908447265625 42.6699981689453125 42.56999969482421875 42.619998931884765625 42.54000091552734375 42.529998779296875 42.520000457763671875 42.6399993896484375 42.619998931884765625 43.020000457763671875 43.81999969482421875 44.770000457763671875 44.95999908447265625 45.18000030517578125 45.259998321533203125 45.279998779296875 45.409999847412109375 45.340000152587890625 45.340000152587890625 45.340000152587890625 45.31999969482421875 45.200000762939453125 45.1100006103515625 45.1399993896484375 45.1699981689453125 45.259998321533203125 45.259998321533203125 45.09999847412109375 45.15000152587890625 45.189998626708984375 45.15000152587890625 45.259998321533203125 45.200000762939453125 45.229999542236328125 45.279998779296875 45.259998321533203125 45.299999237060546875 45.409999847412109375
43.880001068115234375 43.520000457763671875 43.18000030517578125 42.8300018310546875 42.520000457763671875 42.43000030517578125 42.45999908447265625 42.450000762939453125 42.3300018310546875 42.439998626708984375 42.6399993896484375 43.15000152587890625 43.799999237060546875 44.4199981689453125 45.3600006103515625 45.060001373291015625 45.240001678466796875 45.229999542236328125 45.270000457763671875 45.229999542236328125 45.299999237060546875 45.310001373291015625 45.240001678466796875 45.25 45.009998321533203125 45.15000152587890625 45.1100006103515625 45.130001068115234375 45.18000030517578125 45.200000762939453125 45.159999847412109375 45.119998931884765625 45.159999847412109375 45.200000762939453125 45.1399993896484375 45.130001068115234375 45.090000152587890625 45.119998931884765625 45.18000030517578125 45.25 45.220001220703125
44.34999847412109375 43.720001220703125 43.3600006103515625 42.880001068115234375 42.520000457763671875 42.450000762939453125 42.470001220703125 42.54000091552734375 42.65000152587890625 42.990001678466796875 43.43000030517578125 43.9199981689453125 44.79000091552734375 44.979999542236328125 45.189998626708984375 45.220001220703125 45.18000030517578125 45.1699981689453125 45.15000152587890625 45.119998931884765625 45.1699981689453125 45.259998321533203125 45.119998931884765625 45.229999542236328125 45.20999908447265625 45.1399993896484375 45.18000030517578125 45.1399993896484375 45.189998626708984375 45.20999908447265625 45.240001678466796875 45.200000762939453125 45.200000762939453125 45.259998321533203125 45.1699981689453125 45.1399993896484375 45.200000762939453125 45.220001220703125 45.1100006103515625 45.299999237060546875 45.3600006103515625
44.3899993896484375 44.029998779296875 43.779998779296875 43.1100006103515625 43.04000091552734375 43.020000457763671875 43 43.06999969482421875 43.520000457763671875 44.18000030517578125 44.529998779296875 44.8899993896484375 44.970001220703125 44.9199981689453125 45.09999847412109375 45.009998321533203125 45.04000091552734375 45.090000152587890625 45.15000152587890625 45.18000030517578125 45.18000030517578125 45.259998321533203125 45.090000152587890625 45.1699981689453125 45.220001220703125 45.15000152587890625 45.15000152587890625 45.25 45.259998321533203125 45.119998931884765625 45.18000030517578125 45.310001373291015625 45.189998626708984375 45.189998626708984375 45.220001220703125 45.18000030517578125 45.06999969482421875 45.1399993896484375 45.159999847412109375 45.380001068115234375 45.3899993896484375
44.689998626708984375 44.409999847412109375 44.20999908447265625 43.659999847412109375 43.5800018310546875 43.840000152587890625 44.220001220703125 44.240001678466796875 44.4199981689453125 44.8899993896484375 45.1100006103515625 44.95999908447265625 44.939998626708984375 45.029998779296875 45.1100006103515625 45.090000152587890625 45.130001068115234375 45.1100006103515625 45.09999847412109375 45.090000152587890625 45.1699981689453125 45.220001220703125 45.15000152587890625 45.119998931884765625 45.18000030517578125 45.09999847412109375 45.06999969482421875 45.229999542236328125 45.20999908447265625 45.130001068115234375 45.159999847412109375 45.25 45.270000457763671875 45.189998626708984375 45.1399993896484375 45.18000030517578125 45.049999237060546875 45.1100006103515625 45.1699981689453125 45.29000091552734375 45.380001068115234375
44.799999237060546875 44.590000152587890625 44.340000152587890625 44.450000762939453125 44.310001373291015625 44.5800018310546875 44.970001220703125 45.25 45.229999542236328125 45.060001373291015625 44.95999908447265625 44.979999542236328125 45.1100006103515625 45.09999847412109375 45.060001373291015625 45.1399993896484375 45.1100006103515625 45.1399993896484375 45.1699981689453125 45.090000152587890625 45.130001068115234375 45.189998626708984375 45.090000152587890625 45.220001220703125 45.06999969482421875 45.1699981689453125 45.119998931884765625 45.240001678466796875 45.29000091552734375 45.220001220703125 45.240001678466796875 45.1100006103515625 45.130001068115234375 45.119998931884765625 45.119998931884765625 45.130001068115234375 45.189998626708984375 45.220001220703125 45.299999237060546875 45.200000762939453125 45.3300018310546875
44.799999237060546875 44.720001220703125 44.630001068115234375 44.659999847412109375 45.090000152587890625 45.3899993896484375 45.439998626708984375 45.479999542236328125 45.259998321533203125 45.04000091552734375 44.95999908447265625 45.0800018310546875 45.049999237060546875 44.979999542236328125 45.090000152587890625 45.130001068115234375 45.189998626708984375 45.1100006103515625 45.130001068115234375 45.130001068115234375 45.130001068115234375 45.1100006103515625 45.029998779296875 44.990001678466796875 45.060001373291015625 45.060001373291015625 45.15000152587890625 45.229999542236328125 45.29000091552734375 45.279998779296875 45.130001068115234375 45.1100006103515625 45.18000030517578125 45.200000762939453125 45.119998931884765625 45.09999847412109375 45.06999969482421875 45.049999237060546875 45.25 45.15000152587890625 45.3600006103515625
44.840000152587890625 44.880001068115234375 44.84999847412109375 44.8300018310546875 45.15000152587890625 45.380001068115234375 45.529998779296875 45.450000762939453125 45.310001373291015625 45.1100006103515625 44.990001678466796875 45.009998321533203125 45.009998321533203125 45.1100006103515625 45.09999847412109375 45.130001068115234375 45.159999847412109375 45.1699981689453125 45.1699981689453125 45.1699981689453125 45.159999847412109375 45.1399993896484375 45.04000091552734375 44.95999908447265625 45.049999237060546875 45.020000457763671875 45.0800018310546875 45.15000152587890625 45.200000762939453125 45.3600006103515625 45.189998626708984375 45.159999847412109375 45.25 45.20999908447265625 45.1699981689453125 45.090000152587890625 45.060001373291015625 45.049999237060546875 45.229999542236328125 45.4199981689453125 45.4199981689453125
44.8600006103515625 44.93000030517578125 45.06999969482421875 45.1100006103515625 45.090000152587890625 45.29000091552734375 45.43000030517578125 45.479999542236328125 45.299999237060546875 45.1100006103515625 45.049999237060546875 44.95999908447265625 45.020000457763671875 45.029998779296875 45.1100006103515625 45.1699981689453125 45.220001220703125 45.240001678466796875 45.1399993896484375 45.130001068115234375 45.09999847412109375 45.04000091552734375 45.04000091552734375 45.029998779296875 44.939998626708984375 45.049999237060546875 45.029998779296875 45.159999847412109375 45.1100006103515625 45.090000152587890625 45.15000152587890625 45.06999969482421875 45.119998931884765625 45.09999847412109375 45 45.15000152587890625 45.090000152587890625 45.130001068115234375 45.220001220703125 45.380001068115234375 45.340000152587890625
44.90000152587890625 45.020000457763671875 45.130001068115234375 45.1399993896484375 45.06999969482421875 45.159999847412109375 45.310001373291015625 45.340000152587890625 45.229999542236328125 45.0800018310546875 45.04000091552734375 44.979999542236328125 45.009998321533203125 45.159999847412109375 45.200000762939453125 45.240001678466796875 45.200000762939453125 45.159999847412109375 45.090000152587890625 45.060001373291015625 45.049999237060546875 45.029998779296875 45.1399993896484375 45 44.979999542236328125 44.939998626708984375 45 45.049999237060546875 45 45.0800018310546875 45.130001068115234375 45.1100006103515625 45.090000152587890625 45 45.009998321533203125 45.0800018310546875 45.200000762939453125 45.240001678466796875 45.3600006103515625 45.220001220703125 45.200000762939453125
45.009998321533203125 45.18000030517578125 45.200000762939453125 45.0800018310546875 45.060001373291015625 45.06999969482421875 45.270000457763671875 45.220001220703125 45.1399993896484375 45.049999237060546875 44.90000152587890625 44.970001220703125 45.130001068115234375 45.18000030517578125 45.1399993896484375 45.279998779296875 45.18000030517578125 45.04000091552734375 45.060001373291015625 45.049999237060546875 44.950000762939453125 44.93000030517578125 45.009998321533203125 44.95999908447265625 45.049999237060546875 45.09999847412109375 45.1699981689453125 45.020000457763671875 45 45.130001068115234375 45.130001068115234375 45.1399993896484375 45.189998626708984375 45.259998321533203125 44.979999542236328125 45.0800018310546875 45.240001678466796875 45.3300018310546875 45.229999542236328125 45.119998931884765625 45.04000091552734375
45.04000091552734375 45.15000152587890625 45.09999847412109375 45.06999969482421875 45.009998321533203125 45.09999847412109375 45.189998626708984375 45.1100006103515625 45.020000457763671875 44.880001068115234375 44.939998626708984375 45 45.18000030517578125 45.1699981689453125 45.09999847412109375 45.090000152587890625 45.119998931884765625 45.04000091552734375 44.990001678466796875 45.04000091552734375 45 44.939998626708984375 44.909999847412109375 45.049999237060546875 45.009998321533203125 45.04000091552734375 45.119998931884765625 45.06999969482421875 45.0800018310546875 44.979999542236328125 44.979999542236328125 45.06999969482421875 45.1100006103515625 45.189998626708984375 45.119998931884765625 45.20999908447265625 45.189998626708984375 45.25 45.159999847412109375 45.259998321533203125 45.1399993896484375
45.049999237060546875 45.159999847412109375 45.1699981689453125 45.1399993896484375 45.09999847412109375 44.990001678466796875 44.970001220703125 45.029998779296875 44.950000762939453125 44.93000030517578125 44.950000762939453125 44.990001678466796875 45.090000152587890625 45.130001068115234375 45.1399993896484375 45 45.06999969482421875 45.049999237060546875 45.009998321533203125 45.020000457763671875 44.939998626708984375 44.90000152587890625 44.9199981689453125 44.950000762939453125 44.990001678466796875 44.95999908447265625 45.020000457763671875 45.049999237060546875 44.95999908447265625 44.90000152587890625 44.93000030517578125 45.060001373291015625 44.970001220703125 45.15000152587890625 45.1399993896484375 45.240001678466796875 45.15000152587890625 45.1399993896484375 45.1100006103515625 45.18000030517578125 45.119998931884765625
