wildfire/work/fuelmodels/1865/ahn1.asc
ncols        380
nrows        283
xllcorner    186785.000000000000
yllcorner    454890.000000000000
cellsize     5.000000000000
NODATA_value   -999
[rows 114 to 132 of 283, columns 123 to 163 of 380]
46.090000152587890625 46.279998779296875 46.4199981689453125 46.439998626708984375 46.4199981689453125 46.529998779296875 46.56999969482421875 46.5800018310546875 46.5800018310546875 46.560001373291015625 46.45999908447265625 46.529998779296875 46.65000152587890625 46.65000152587890625 46.630001068115234375 46.630001068115234375 46.549999237060546875 46.529998779296875 46.520000457763671875 46.5800018310546875 46.549999237060546875 46.59999847412109375 46.54000091552734375 46.630001068115234375 46.630001068115234375 46.729999542236328125 46.770000457763671875 46.759998321533203125 46.81999969482421875 46.840000152587890625 46.81999969482421875 46.8300018310546875 46.8600006103515625 46.880001068115234375 46.939998626708984375 46.950000762939453125 46.950000762939453125 46.950000762939453125 46.9199981689453125 47.020000457763671875 47.049999237060546875
46.240001678466796875 46.310001373291015625 46.409999847412109375 46.340000152587890625 46.340000152587890625 46.470001220703125 46.5800018310546875 46.6100006103515625 46.619998931884765625 46.590000152587890625 46.509998321533203125 46.549999237060546875 46.59999847412109375 46.700000762939453125 46.659999847412109375 46.590000152587890625 46.560001373291015625 46.509998321533203125 46.54000091552734375 46.490001678466796875 46.509998321533203125 46.56999969482421875 46.619998931884765625 46.729999542236328125 46.68000030517578125 46.6699981689453125 46.6699981689453125 46.729999542236328125 46.90000152587890625 46.9199981689453125 46.950000762939453125 46.8300018310546875 46.81999969482421875 46.8300018310546875 46.9199981689453125 46.939998626708984375 46.93000030517578125 46.9199981689453125 46.880001068115234375 46.970001220703125 47.009998321533203125
46.299999237060546875 46.4199981689453125 46.369998931884765625 46.279998779296875 46.3600006103515625 46.470001220703125 46.529998779296875 46.59999847412109375 46.59999847412109375 46.5800018310546875 46.5800018310546875 46.549999237060546875 46.6100006103515625 46.619998931884765625 46.6100006103515625 46.6100006103515625 46.59999847412109375 46.590000152587890625 46.5800018310546875 46.560001373291015625 46.56999969482421875 46.56999969482421875 46.56999969482421875 46.6100006103515625 46.68000030517578125 46.70999908447265625 46.75 46.810001373291015625 46.8300018310546875 46.810001373291015625 46.79000091552734375 46.81999969482421875 46.81999969482421875 46.8300018310546875 46.9199981689453125 46.909999847412109375 46.90000152587890625 46.9199981689453125 46.939998626708984375 46.95999908447265625 47.009998321533203125
46.3899993896484375 46.509998321533203125 46.3899993896484375 46.409999847412109375 46.450000762939453125 46.54000091552734375 46.5800018310546875 46.59999847412109375 46.590000152587890625 46.6100006103515625 46.59999847412109375 46.54000091552734375 46.54000091552734375 46.59999847412109375 46.590000152587890625 46.6100006103515625 46.560001373291015625 46.5800018310546875 46.56999969482421875 46.6100006103515625 46.630001068115234375 46.560001373291015625 46.630001068115234375 46.6399993896484375 46.770000457763671875 46.840000152587890625 46.8300018310546875 46.75 46.729999542236328125 46.740001678466796875 46.770000457763671875 46.8300018310546875 46.8300018310546875 46.84999847412109375 46.8899993896484375 46.8600006103515625 46.8899993896484375 46.95999908447265625 47.009998321533203125 47 46.95999908447265625
46.31999969482421875 46.4199981689453125 46.369998931884765625 46.43000030517578125 46.4199981689453125 46.509998321533203125 46.560001373291015625 46.560001373291015625 46.56999969482421875 46.590000152587890625 46.590000152587890625 46.549999237060546875 46.529998779296875 46.5 46.490001678466796875 46.56999969482421875 46.59999847412109375 46.68000030517578125 46.68000030517578125 46.689998626708984375 46.75 46.700000762939453125 46.689998626708984375 46.70999908447265625 46.68000030517578125 46.59999847412109375 46.700000762939453125 46.75 46.770000457763671875 46.779998779296875 46.79000091552734375 46.810001373291015625 46.799999237060546875 46.84999847412109375 46.84999847412109375 46.810001373291015625 46.810001373291015625 46.93000030517578125 46.93000030517578125 46.950000762939453125 46.939998626708984375
46.40000152587890625 46.409999847412109375 46.369998931884765625 46.439998626708984375 46.43000030517578125 46.5 46.509998321533203125 46.549999237060546875 46.54000091552734375 46.479999542236328125 46.43000030517578125 46.450000762939453125 46.43000030517578125 46.40000152587890625 46.4199981689453125 46.689998626708984375 46.75 46.68000030517578125 46.689998626708984375 46.740001678466796875 46.759998321533203125 46.729999542236328125 46.700000762939453125 46.740001678466796875 46.6100006103515625 46.590000152587890625 46.68000030517578125 46.70999908447265625 46.759998321533203125 46.799999237060546875 46.8300018310546875 46.810001373291015625 46.810001373291015625 46.799999237060546875 46.810001373291015625 46.810001373291015625 46.79000091552734375 46.90000152587890625 46.84999847412109375 46.90000152587890625 46.990001678466796875
46.380001068115234375 46.3899993896484375 46.409999847412109375 46.409999847412109375 46.340000152587890625 46.43000030517578125 46.470001220703125 46.560001373291015625 46.520000457763671875 46.5 46.439998626708984375 46.43000030517578125 46.43000030517578125 46.380001068115234375 46.509998321533203125 46.6399993896484375 46.68000030517578125 46.590000152587890625 46.6100006103515625 46.70999908447265625 46.75 46.729999542236328125 46.689998626708984375 46.68000030517578125 46.68000030517578125 46.590000152587890625 46.689998626708984375 46.740001678466796875 46.729999542236328125 46.79000091552734375 46.8300018310546875 46.8300018310546875 46.79000091552734375 46.759998321533203125 46.740001678466796875 46.759998321533203125 46.799999237060546875 46.8300018310546875 46.840000152587890625 46.970001220703125 46.9199981689453125
46.31999969482421875 46.3899993896484375 46.450000762939453125 46.369998931884765625 46.369998931884765625 46.40000152587890625 46.450000762939453125 46.5 46.54000091552734375 46.520000457763671875 46.470001220703125 46.479999542236328125 46.490001678466796875 46.479999542236328125 46.549999237060546875 46.54000091552734375 46.5800018310546875 46.470001220703125 46.5 46.65000152587890625 46.75 46.689998626708984375 46.6399993896484375 46.619998931884765625 46.619998931884765625 46.6100006103515625 46.659999847412109375 46.75 46.759998321533203125 46.779998779296875 46.84999847412109375 46.799999237060546875 46.779998779296875 46.759998321533203125 46.740001678466796875 46.75 46.79000091552734375 46.75 46.840000152587890625 46.840000152587890625 46.8899993896484375
46.369998931884765625 46.43000030517578125 46.45999908447265625 46.43000030517578125 46.409999847412109375 46.470001220703125 46.45999908447265625 46.520000457763671875 46.5 46.54000091552734375 46.509998321533203125 46.560001373291015625 46.560001373291015625 46.54000091552734375 46.56999969482421875 46.560001373291015625 46.560001373291015625 46.56999969482421875 46.630001068115234375 46.840000152587890625 46.779998779296875 46.720001220703125 46.659999847412109375 46.659999847412109375 46.6100006103515625 46.56999969482421875 46.630001068115234375 46.740001678466796875 46.799999237060546875 46.729999542236328125 46.79000091552734375 46.779998779296875 46.81999969482421875 46.779998779296875 46.779998779296875 46.759998321533203125 46.75 46.770000457763671875 46.799999237060546875 46.8300018310546875 46.840000152587890625
46.369998931884765625 46.409999847412109375 46.4199981689453125 46.340000152587890625 46.299999237060546875 46.40000152587890625 46.520000457763671875 46.549999237060546875 46.619998931884765625 46.5800018310546875 46.5 46.520000457763671875 46.56999969482421875 46.5800018310546875 46.56999969482421875 46.56999969482421875 46.619998931884765625 46.75 46.659999847412109375 46.869998931884765625 46.939998626708984375 46.770000457763671875 46.700000762939453125 46.700000762939453125 46.6699981689453125 46.6399993896484375 46.54000091552734375 46.75 46.75 46.810001373291015625 46.79000091552734375 46.779998779296875 46.79000091552734375 46.799999237060546875 46.79000091552734375 46.779998779296875 46.799999237060546875 46.740001678466796875 46.770000457763671875 46.869998931884765625 46.840000152587890625
46.340000152587890625 46.4199981689453125 46.34999847412109375 46.31999969482421875 46.3600006103515625 46.34999847412109375 46.450000762939453125 46.5800018310546875 46.560001373291015625 46.450000762939453125 46.470001220703125 46.560001373291015625 46.65000152587890625 46.689998626708984375 46.68000030517578125 46.619998931884765625 46.630001068115234375 46.81999969482421875 46.880001068115234375 46.909999847412109375 46.95999908447265625 46.84999847412109375 46.740001678466796875 46.659999847412109375 46.630001068115234375 46.659999847412109375 46.65000152587890625 46.720001220703125 46.729999542236328125 46.779998779296875 46.79000091552734375 46.799999237060546875 46.700000762939453125 46.770000457763671875 46.70999908447265625 46.759998321533203125 46.759998321533203125 46.740001678466796875 46.720001220703125 46.81999969482421875 46.81999969482421875
46.43000030517578125 46.3899993896484375 46.29000091552734375 46.31999969482421875 46.310001373291015625 46.310001373291015625 46.299999237060546875 46.43000030517578125 46.470001220703125 46.3899993896484375 46.529998779296875 46.6100006103515625 46.70999908447265625 46.8300018310546875 46.880001068115234375 46.75 46.549999237060546875 46.689998626708984375 46.869998931884765625 46.84999847412109375 46.799999237060546875 46.840000152587890625 46.700000762939453125 46.65000152587890625 46.6100006103515625 46.619998931884765625 46.65000152587890625 46.59999847412109375 46.68000030517578125 46.729999542236328125 46.740001678466796875 46.770000457763671875 46.729999542236328125 46.689998626708984375 46.75 46.70999908447265625 46.689998626708984375 46.700000762939453125 46.65000152587890625 46.770000457763671875 46.79000091552734375
46.529998779296875 46.40000152587890625 46.3300018310546875 46.31999969482421875 46.340000152587890625 46.310001373291015625 46.310001373291015625 46.3899993896484375 46.3300018310546875 46.450000762939453125 46.68000030517578125 46.630001068115234375 46.700000762939453125 46.630001068115234375 46.70999908447265625 46.659999847412109375 46.590000152587890625 46.689998626708984375 46.770000457763671875 46.759998321533203125 46.770000457763671875 46.6699981689453125 46.590000152587890625 46.5800018310546875 46.59999847412109375 46.630001068115234375 46.630001068115234375 46.549999237060546875 46.6699981689453125 46.659999847412109375 46.689998626708984375 46.729999542236328125 46.729999542236328125 46.729999542236328125 46.720001220703125 46.68000030517578125 46.729999542236328125 46.720001220703125 46.659999847412109375 46.770000457763671875 46.75
46.409999847412109375 46.31999969482421875 46.3899993896484375 46.380001068115234375 46.369998931884765625 46.3600006103515625 46.439998626708984375 46.43000030517578125 46.4199981689453125 46.43000030517578125 46.590000152587890625 46.6699981689453125 46.68000030517578125 46.54000091552734375 46.45999908447265625 46.560001373291015625 46.689998626708984375 46.75 46.799999237060546875 46.5800018310546875 46.5800018310546875 46.590000152587890625 46.630001068115234375 46.590000152587890625 46.549999237060546875 46.56999969482421875 46.630001068115234375 46.54000091552734375 46.68000030517578125 46.70999908447265625 46.65000152587890625 46.720001220703125 46.75 46.689998626708984375 46.6699981689453125 46.700000762939453125 46.700000762939453125 46.740001678466796875 46.70999908447265625 46.729999542236328125 46.79000091552734375
46.29000091552734375 46.34999847412109375 46.4199981689453125 46.439998626708984375 46.409999847412109375 46.470001220703125 46.509998321533203125 46.529998779296875 46.560001373291015625 46.6100006103515625 46.5800018310546875 46.529998779296875 46.560001373291015625 46.549999237060546875 46.490001678466796875 46.479999542236328125 46.5800018310546875 46.65000152587890625 46.619998931884765625 46.59999847412109375 46.54000091552734375 46.560001373291015625 46.619998931884765625 46.56999969482421875 46.56999969482421875 46.590000152587890625 46.590000152587890625 46.560001373291015625 46.5800018310546875 46.6699981689453125 46.659999847412109375 46.6699981689453125 46.6699981689453125 46.6399993896484375 46.68000030517578125 46.689998626708984375 46.729999542236328125 46.729999542236328125 46.689998626708984375 46.630001068115234375 46.659999847412109375
46.340000152587890625 46.369998931884765625 46.479999542236328125 46.479999542236328125 46.45999908447265625 46.56999969482421875 46.65000152587890625 46.68000030517578125 46.59999847412109375 46.630001068115234375 46.630001068115234375 46.590000152587890625 46.630001068115234375 46.630001068115234375 46.54000091552734375 46.409999847412109375 46.3899993896484375 46.450000762939453125 46.560001373291015625 46.520000457763671875 46.470001220703125 46.439998626708984375 46.450000762939453125 46.54000091552734375 46.5 46.54000091552734375 46.6100006103515625 46.560001373291015625 46.509998321533203125 46.59999847412109375 46.630001068115234375 46.6399993896484375 46.630001068115234375 46.6399993896484375 46.6399993896484375 46.6699981689453125 46.6699981689453125 46.720001220703125 46.6699981689453125 46.590000152587890625 46.5800018310546875
46.409999847412109375 46.5 46.520000457763671875 46.59999847412109375 46.509998321533203125 46.630001068115234375 46.68000030517578125 46.6699981689453125 46.6399993896484375 46.6100006103515625 46.6699981689453125 46.6399993896484375 46.659999847412109375 46.630001068115234375 46.450000762939453125 46.409999847412109375 46.409999847412109375 46.450000762939453125 46.5 46.439998626708984375 46.380001068115234375 46.369998931884765625 46.40000152587890625 46.43000030517578125 46.479999542236328125 46.479999542236328125 46.549999237060546875 46.560001373291015625 46.450000762939453125 46.590000152587890625 46.6399993896484375 46.65000152587890625 46.6399993896484375 46.689998626708984375 46.59999847412109375 46.65000152587890625 46.6399993896484375 46.68000030517578125 46.659999847412109375 46.590000152587890625 46.560001373291015625
46.409999847412109375 46.439998626708984375 46.549999237060546875 46.6699981689453125 46.59999847412109375 46.54000091552734375 46.6100006103515625 46.630001068115234375 46.6399993896484375 46.630001068115234375 46.619998931884765625 46.450000762939453125 46.3899993896484375 46.450000762939453125 46.439998626708984375 46.40000152587890625 46.43000030517578125 46.439998626708984375 46.369998931884765625 46.409999847412109375 46.4199981689453125 46.490001678466796875 46.45999908447265625 46.509998321533203125 46.450000762939453125 46.439998626708984375 46.470001220703125 46.56999969482421875 46.520000457763671875 46.56999969482421875 46.619998931884765625 46.630001068115234375 46.6399993896484375 46.6699981689453125 46.59999847412109375 46.5800018310546875 46.65000152587890625 46.6699981689453125 46.700000762939453125 46.590000152587890625 46.520000457763671875
46.450000762939453125 46.43000030517578125 46.439998626708984375 46.470001220703125 46.56999969482421875 46.439998626708984375 46.549999237060546875 46.59999847412109375 46.529998779296875 46.439998626708984375 46.439998626708984375 46.43000030517578125 46.43000030517578125 46.490001678466796875 46.470001220703125 46.3600006103515625 46.3300018310546875 46.29000091552734375 46.229999542236328125 46.310001373291015625 46.40000152587890625 46.43000030517578125 46.3899993896484375 46.45999908447265625 46.439998626708984375 46.409999847412109375 46.43000030517578125 46.54000091552734375 46.5 46.509998321533203125 46.6100006103515625 46.590000152587890625 46.6100006103515625 46.65000152587890625 46.5800018310546875 46.59999847412109375 46.6399993896484375 46.659999847412109375 46.65000152587890625 46.590000152587890625 46.439998626708984375
