wildfire/work/fuelmodels/1865/ahn1.asc
ncols        380
nrows        283
xllcorner    186785.000000000000
yllcorner    454890.000000000000
cellsize     5.000000000000
NODATA_value   -999
[rows 190 to 208 of 283, columns 123 to 163 of 380]
44.779998779296875 44.8899993896484375 44.84999847412109375 44.95999908447265625 44.8600006103515625 44.90000152587890625 44.990001678466796875 44.9199981689453125 45 45.020000457763671875 44.979999542236328125 44.779998779296875 44.5800018310546875 44.68000030517578125 44.689998626708984375 44.619998931884765625 44.45999908447265625 44.25 44.31999969482421875 44.43000030517578125 44.5800018310546875 44.529998779296875 44.560001373291015625 44.549999237060546875 44.6399993896484375 44.759998321533203125 44.520000457763671875 44.439998626708984375 44.43000030517578125 44.3600006103515625 44.40000152587890625 44.3600006103515625 44.369998931884765625 44.59999847412109375 44.369998931884765625 44.369998931884765625 44.25 44.34999847412109375 44.1399993896484375 44.1100006103515625 44.31999969482421875
44.779998779296875 44.8600006103515625 44.9199981689453125 44.880001068115234375 44.84999847412109375 44.79000091552734375 44.8300018310546875 44.65000152587890625 44.909999847412109375 44.970001220703125 44.939998626708984375 44.759998321533203125 44.54000091552734375 44.54000091552734375 44.590000152587890625 44.450000762939453125 44.259998321533203125 44.189998626708984375 44.220001220703125 44.369998931884765625 44.409999847412109375 44.439998626708984375 44.3899993896484375 44.509998321533203125 44.630001068115234375 44.56999969482421875 44.3899993896484375 44.299999237060546875 44.299999237060546875 44.43000030517578125 44.3899993896484375 44.380001068115234375 44.369998931884765625 44.509998321533203125 44.310001373291015625 44.20999908447265625 44.20999908447265625 44.259998321533203125 44.189998626708984375 44.15000152587890625 44.29000091552734375
44.560001373291015625 44.759998321533203125 44.799999237060546875 44.740001678466796875 44.8300018310546875 44.799999237060546875 44.740001678466796875 44.70999908447265625 44.75 44.770000457763671875 44.68000030517578125 44.54000091552734375 44.4199981689453125 44.279998779296875 44.3600006103515625 44.43000030517578125 44.18000030517578125 44.270000457763671875 44.409999847412109375 44.380001068115234375 44.310001373291015625 44.259998321533203125 44.380001068115234375 44.5800018310546875 44.54000091552734375 44.450000762939453125 44.299999237060546875 44.439998626708984375 44.3300018310546875 44.3300018310546875 44.40000152587890625 44.450000762939453125 44.5 44.380001068115234375 44.119998931884765625 44.1100006103515625 44.15000152587890625 44.1699981689453125 44.1399993896484375 44.220001220703125 44.3600006103515625
44.70999908447265625 44.68000030517578125 44.659999847412109375 44.68000030517578125 44.689998626708984375 44.689998626708984375 44.779998779296875 44.529998779296875 44.59999847412109375 44.34999847412109375 44.29000091552734375 44.450000762939453125 44.31999969482421875 44.240001678466796875 44.1699981689453125 44.1699981689453125 44.15000152587890625 44.04000091552734375 44.090000152587890625 44.40000152587890625 44.29000091552734375 44.34999847412109375 44.509998321533203125 44.509998321533203125 44.31999969482421875 44.240001678466796875 44.380001068115234375 44.549999237060546875 44.509998321533203125 44.549999237060546875 44.65000152587890625 44.549999237060546875 44.43000030517578125 44.310001373291015625 44.04000091552734375 44.049999237060546875 44.189998626708984375 44.259998321533203125 44.159999847412109375 44.18000030517578125 44.369998931884765625
44.8300018310546875 44.56999969482421875 44.479999542236328125 44.6100006103515625 44.630001068115234375 44.5800018310546875 44.590000152587890625 44.4199981689453125 44.5 43.549999237060546875 43.659999847412109375 44 44.200000762939453125 44.29000091552734375 44.31999969482421875 44.18000030517578125 44.049999237060546875 43.950000762939453125 44.09999847412109375 44.409999847412109375 44.4199981689453125 44.439998626708984375 44.529998779296875 44.470001220703125 44.439998626708984375 44.43000030517578125 44.479999542236328125 44.470001220703125 44.520000457763671875 44.70999908447265625 44.759998321533203125 44.54000091552734375 44.3300018310546875 44.20999908447265625 44.029998779296875 44.04000091552734375 44.220001220703125 44.20999908447265625 44.1100006103515625 44.130001068115234375 44.220001220703125
44.59999847412109375 44.630001068115234375 44.6699981689453125 44.479999542236328125 44.590000152587890625 44.619998931884765625 44.450000762939453125 44.549999237060546875 44.3899993896484375 43.79000091552734375 43.8600006103515625 43.909999847412109375 44.020000457763671875 43.970001220703125 44.06999969482421875 43.909999847412109375 43.9199981689453125 44.090000152587890625 44.119998931884765625 44.3600006103515625 44.299999237060546875 44.3300018310546875 44.310001373291015625 44.220001220703125 44.34999847412109375 44.54000091552734375 44.490001678466796875 44.189998626708984375 44.34999847412109375 44.509998321533203125 44.729999542236328125 44.340000152587890625 44.369998931884765625 44.159999847412109375 44.04000091552734375 44.049999237060546875 44.340000152587890625 44.31999969482421875 43.979999542236328125 44.18000030517578125 44.299999237060546875
44.6399993896484375 44.6699981689453125 44.759998321533203125 44.590000152587890625 44.5800018310546875 44.729999542236328125 44.6699981689453125 44.59999847412109375 44.31999969482421875 43.479999542236328125 43.470001220703125 43.6699981689453125 43.81999969482421875 43.799999237060546875 44.09999847412109375 43.950000762939453125 43.880001068115234375 44 44.0800018310546875 43.979999542236328125 44.06999969482421875 44.20999908447265625 44.09999847412109375 44.009998321533203125 44.15000152587890625 44.3600006103515625 44.470001220703125 44.25 44.3899993896484375 44.54000091552734375 44.659999847412109375 44.189998626708984375 44.1399993896484375 44.200000762939453125 44.09999847412109375 44.130001068115234375 44.380001068115234375 44.20999908447265625 44.119998931884765625 44.31999969482421875 44.520000457763671875
44.740001678466796875 44.720001220703125 44.6699981689453125 44.659999847412109375 44.689998626708984375 44.630001068115234375 44.5800018310546875 44 43.450000762939453125 43.369998931884765625 43.380001068115234375 43.470001220703125 43.529998779296875 43.630001068115234375 43.950000762939453125 44.06999969482421875 43.740001678466796875 43.81999969482421875 43.93000030517578125 43.84999847412109375 43.990001678466796875 43.93000030517578125 43.8899993896484375 43.939998626708984375 44.049999237060546875 44.18000030517578125 44.270000457763671875 44.369998931884765625 44.520000457763671875 44.450000762939453125 44.43000030517578125 44.409999847412109375 44.1699981689453125 44.279998779296875 44.340000152587890625 44.189998626708984375 44.15000152587890625 44.049999237060546875 44.229999542236328125 44.65000152587890625 44.799999237060546875
44.779998779296875 44.75 44.740001678466796875 44.740001678466796875 44.549999237060546875 44.3899993896484375 43.81999969482421875 43.240001678466796875 43.270000457763671875 43.340000152587890625 43.34999847412109375 43.40000152587890625 43.43000030517578125 43.470001220703125 43.619998931884765625 43.939998626708984375 43.59999847412109375 43.5800018310546875 43.619998931884765625 43.54000091552734375 43.6100006103515625 43.84999847412109375 43.90000152587890625 43.970001220703125 44.009998321533203125 44.159999847412109375 44.340000152587890625 44.34999847412109375 44.56999969482421875 44.409999847412109375 44.189998626708984375 44.34999847412109375 44.279998779296875 44.159999847412109375 44.299999237060546875 44.29000091552734375 44.159999847412109375 44.060001373291015625 44.450000762939453125 44.70999908447265625 45
44.590000152587890625 44.45999908447265625 44.5 44.560001373291015625 44.450000762939453125 43.770000457763671875 43.15000152587890625 43.220001220703125 43.270000457763671875 43.29000091552734375 43.40000152587890625 43.450000762939453125 43.43000030517578125 43.40000152587890625 43.59999847412109375 44.029998779296875 43.9199981689453125 43.560001373291015625 43.590000152587890625 43.56999969482421875 43.5800018310546875 43.810001373291015625 43.8600006103515625 43.8600006103515625 44.04000091552734375 43.979999542236328125 44.04000091552734375 44.09999847412109375 44.1100006103515625 44.06999969482421875 44.090000152587890625 44.130001068115234375 44.20999908447265625 44.189998626708984375 44.20999908447265625 44.229999542236328125 44.09999847412109375 44.220001220703125 44.560001373291015625 44.700000762939453125 44.950000762939453125
44.29000091552734375 44.090000152587890625 43.8300018310546875 43.75 43.450000762939453125 43.18000030517578125 43.15000152587890625 43.200000762939453125 43.29000091552734375 43.3300018310546875 43.450000762939453125 43.520000457763671875 43.560001373291015625 43.509998321533203125 43.5800018310546875 43.689998626708984375 43.90000152587890625 43.590000152587890625 43.659999847412109375 43.770000457763671875 43.840000152587890625 43.840000152587890625 43.84999847412109375 43.840000152587890625 43.81999969482421875 43.880001068115234375 43.909999847412109375 43.93000030517578125 44.04000091552734375 44.020000457763671875 44 44.029998779296875 44.0800018310546875 44.0800018310546875 44.1699981689453125 44.09999847412109375 43.84999847412109375 44.409999847412109375 44.75 44.79000091552734375 45.119998931884765625
43.09999847412109375 43.1399993896484375 43.060001373291015625 43.04000091552734375 42.970001220703125 42.95999908447265625 43.130001068115234375 43.229999542236328125 43.259998321533203125 43.369998931884765625 43.54000091552734375 43.590000152587890625 43.700000762939453125 43.75 43.79000091552734375 43.81999969482421875 43.93000030517578125 43.810001373291015625 43.810001373291015625 43.810001373291015625 43.8600006103515625 43.939998626708984375 43.95999908447265625 43.970001220703125 43.93000030517578125 43.939998626708984375 43.8300018310546875 43.90000152587890625 43.939998626708984375 43.950000762939453125 43.93000030517578125 43.689998626708984375 43.909999847412109375 44.029998779296875 43.95999908447265625 43.990001678466796875 44.20999908447265625 44.509998321533203125 44.75 44.979999542236328125 44.950000762939453125
42.979999542236328125 42.909999847412109375 42.8300018310546875 42.720001220703125 43.060001373291015625 43.15000152587890625 43.20999908447265625 43.3300018310546875 43.40000152587890625 43.59999847412109375 43.8899993896484375 43.869998931884765625 44.130001068115234375 44.04000091552734375 43.939998626708984375 43.8300018310546875 44.09999847412109375 43.95999908447265625 43.8899993896484375 43.8899993896484375 43.95999908447265625 44.029998779296875 43.939998626708984375 43.95999908447265625 43.990001678466796875 44.06999969482421875 44.060001373291015625 44.090000152587890625 44.009998321533203125 43.990001678466796875 44.009998321533203125 44.130001068115234375 44.060001373291015625 44.119998931884765625 44.220001220703125 44.310001373291015625 44.529998779296875 44.720001220703125 44.770000457763671875 44.970001220703125 45.020000457763671875
42.90000152587890625 42.950000762939453125 42.90000152587890625 43.189998626708984375 43.240001678466796875 43.299999237060546875 43.369998931884765625 43.659999847412109375 43.81999969482421875 43.880001068115234375 43.979999542236328125 44.119998931884765625 44.270000457763671875 44.220001220703125 44.04000091552734375 44.049999237060546875 44.3600006103515625 43.979999542236328125 43.93000030517578125 43.8600006103515625 43.939998626708984375 43.979999542236328125 43.840000152587890625 43.9199981689453125 44.04000091552734375 44.130001068115234375 44.04000091552734375 44.090000152587890625 44.18000030517578125 44.200000762939453125 44.259998321533203125 44.20999908447265625 44.200000762939453125 44.18000030517578125 44.34999847412109375 44.5800018310546875 44.720001220703125 44.84999847412109375 44.990001678466796875 45.09999847412109375 45.04000091552734375
42.909999847412109375 43.1100006103515625 43.340000152587890625 43.450000762939453125 43.509998321533203125 43.720001220703125 43.840000152587890625 43.84999847412109375 44.06999969482421875 44.0800018310546875 44.04000091552734375 43.950000762939453125 44.020000457763671875 44.06999969482421875 44.090000152587890625 44.259998321533203125 44.25 44.189998626708984375 44.310001373291015625 44.090000152587890625 44.009998321533203125 43.970001220703125 43.950000762939453125 44.009998321533203125 43.700000762939453125 44.229999542236328125 44.240001678466796875 44.299999237060546875 44.20999908447265625 44.340000152587890625 44.200000762939453125 44.130001068115234375 44.270000457763671875 44.34999847412109375 44.740001678466796875 44.880001068115234375 44.990001678466796875 45.090000152587890625 45.020000457763671875 45.0800018310546875 45.240001678466796875
43.18000030517578125 43.40000152587890625 43.630001068115234375 43.590000152587890625 43.59999847412109375 43.9199981689453125 44.130001068115234375 44.0800018310546875 44.119998931884765625 44.220001220703125 44.090000152587890625 44.09999847412109375 44.0800018310546875 44.159999847412109375 44.259998321533203125 44.31999969482421875 44.200000762939453125 44.1699981689453125 44.130001068115234375 44.240001678466796875 44.1100006103515625 44.130001068115234375 44.159999847412109375 44.159999847412109375 44.20999908447265625 44.3300018310546875 44.560001373291015625 44.590000152587890625 44.70999908447265625 44.43000030517578125 44.380001068115234375 44.34999847412109375 44.529998779296875 44.520000457763671875 45.04000091552734375 44.90000152587890625 44.970001220703125 45.1399993896484375 45.130001068115234375 45.090000152587890625 45.130001068115234375
43.369998931884765625 43.439998626708984375 43.5 43.560001373291015625 43.68000030517578125 44.159999847412109375 44.200000762939453125 44.240001678466796875 44.20999908447265625 44.270000457763671875 44.310001373291015625 44.310001373291015625 44.220001220703125 44.29000091552734375 44.40000152587890625 44.229999542236328125 44.09999847412109375 44.270000457763671875 44.31999969482421875 44.270000457763671875 44.43000030517578125 44.25 44.34999847412109375 44.439998626708984375 44.490001678466796875 44.70999908447265625 44.380001068115234375 44.54000091552734375 44.54000091552734375 44.659999847412109375 44.619998931884765625 44.659999847412109375 44.79000091552734375 44.970001220703125 45.159999847412109375 45.220001220703125 45.1100006103515625 45.20999908447265625 45.18000030517578125 45.220001220703125 45.31999969482421875
43.380001068115234375 43.509998321533203125 43.520000457763671875 43.759998321533203125 43.950000762939453125 44.159999847412109375 44.29000091552734375 44.25 44.20999908447265625 44.18000030517578125 44.279998779296875 44.409999847412109375 44.3899993896484375 44.3899993896484375 44.439998626708984375 44.220001220703125 44.18000030517578125 44.3300018310546875 44.409999847412109375 44.299999237060546875 44.3899993896484375 44.439998626708984375 44.43000030517578125 44.509998321533203125 44.630001068115234375 44.689998626708984375 44.56999969482421875 44.720001220703125 44.6699981689453125 44.979999542236328125 44.939998626708984375 45.009998321533203125 45.04000091552734375 45.09999847412109375 45.20999908447265625 45.25 45.159999847412109375 45.259998321533203125 45.299999237060546875 45.220001220703125 45.310001373291015625
43.439998626708984375 43.54000091552734375 43.70999908447265625 43.950000762939453125 44.049999237060546875 44.09999847412109375 44.06999969482421875 44.130001068115234375 44.20999908447265625 44.15000152587890625 44.15000152587890625 44.270000457763671875 44.34999847412109375 44.240001678466796875 44.299999237060546875 44.200000762939453125 44.299999237060546875 44.369998931884765625 44.3600006103515625 44.490001678466796875 44.560001373291015625 44.529998779296875 44.5800018310546875 44.450000762939453125 44.810001373291015625 44.770000457763671875 44.779998779296875 44.84999847412109375 44.8600006103515625 44.970001220703125 45.15000152587890625 45.119998931884765625 45.1100006103515625 45.1399993896484375 45.20999908447265625 45.1699981689453125 45.220001220703125 45.310001373291015625 45.270000457763671875 45.299999237060546875 45.34999847412109375
