wildfire/work/fuelmodels/1865/ahn1.asc
ncols        380
nrows        283
xllcorner    186785.000000000000
yllcorner    454890.000000000000
cellsize     5.000000000000
NODATA_value   -999
[rows 190 to 208 of 283, columns 205 to 245 of 380]
47.970001220703125 47.939998626708984375 47.840000152587890625 47.8600006103515625 47.740001678466796875 47.619998931884765625 47.56999969482421875 47.529998779296875 47.68000030517578125 47.939998626708984375 48.20999908447265625 48.1399993896484375 48.060001373291015625 48 47.95999908447265625 48.029998779296875 48.020000457763671875 48.090000152587890625 48.220001220703125 48.049999237060546875 48.049999237060546875 48.31999969482421875 48.409999847412109375 48.34999847412109375 48.18000030517578125 48.18000030517578125 48.240001678466796875 48.259998321533203125 48.220001220703125 48.200000762939453125 48.15000152587890625 48.049999237060546875 47.93000030517578125 47.869998931884765625 47.909999847412109375 47.950000762939453125 47.979999542236328125 47.840000152587890625 47.8899993896484375 47.880001068115234375 47.8899993896484375
47.9199981689453125 47.880001068115234375 47.84999847412109375 47.8300018310546875 47.81999969482421875 47.869998931884765625 47.8300018310546875 47.8600006103515625 47.9199981689453125 48 48.049999237060546875 48.020000457763671875 48.029998779296875 47.970001220703125 48.1100006103515625 48.189998626708984375 48.369998931884765625 48.45999908447265625 48.45999908447265625 48.229999542236328125 48.279998779296875 48.25 48.279998779296875 48.1699981689453125 48.119998931884765625 48.18000030517578125 48.29000091552734375 48.299999237060546875 48.299999237060546875 48.299999237060546875 48.29000091552734375 48 48.029998779296875 47.990001678466796875 47.93000030517578125 47.939998626708984375 47.9199981689453125 47.840000152587890625 47.869998931884765625 47.93000030517578125 47.869998931884765625
47.869998931884765625 48 47.9199981689453125 47.81999969482421875 47.84999847412109375 47.90000152587890625 47.9199981689453125 47.970001220703125 47.950000762939453125 48 47.970001220703125 48.060001373291015625 48.18000030517578125 48.3300018310546875 48.3300018310546875 48.29000091552734375 48.279998779296875 48.45999908447265625 48.5800018310546875 48.509998321533203125 48.189998626708984375 48.279998779296875 48.15000152587890625 48.060001373291015625 48.06999969482421875 48.189998626708984375 48.279998779296875 48.229999542236328125 48.25 48.189998626708984375 48.220001220703125 48.1399993896484375 48.15000152587890625 48.029998779296875 48 48 47.970001220703125 47.75 47.8300018310546875 47.880001068115234375 47.95999908447265625
47.979999542236328125 48 47.950000762939453125 47.8300018310546875 47.759998321533203125 47.619998931884765625 47.720001220703125 47.869998931884765625 47.880001068115234375 47.95999908447265625 48.1399993896484375 48.029998779296875 48.020000457763671875 48.090000152587890625 48.29000091552734375 48.299999237060546875 48.18000030517578125 48.369998931884765625 48.509998321533203125 48.4199981689453125 48.159999847412109375 48.200000762939453125 48.119998931884765625 48.06999969482421875 48.1100006103515625 48.1699981689453125 48.200000762939453125 48.1699981689453125 48.189998626708984375 48.200000762939453125 48.270000457763671875 48.25 48.090000152587890625 47.979999542236328125 48.04000091552734375 48.049999237060546875 48.0800018310546875 47.869998931884765625 47.84999847412109375 47.75 47.799999237060546875
48 47.970001220703125 47.84999847412109375 47.68000030517578125 47.54000091552734375 47.5800018310546875 47.8300018310546875 47.9199981689453125 48.020000457763671875 48.15000152587890625 48.20999908447265625 47.9199981689453125 47.779998779296875 47.950000762939453125 48.119998931884765625 48.189998626708984375 48.25 48.470001220703125 48.45999908447265625 48.18000030517578125 48.15000152587890625 48.15000152587890625 48.1100006103515625 48.119998931884765625 48.0800018310546875 48.200000762939453125 48.229999542236328125 48.270000457763671875 48.240001678466796875 48.20999908447265625 48.29000091552734375 48.270000457763671875 48.259998321533203125 48.04000091552734375 48.1100006103515625 48.090000152587890625 48.090000152587890625 47.950000762939453125 47.970001220703125 47.689998626708984375 47.68000030517578125
48.15000152587890625 48 47.880001068115234375 47.659999847412109375 47.799999237060546875 47.9199981689453125 47.990001678466796875 48.029998779296875 48.0800018310546875 48.25 48.1699981689453125 48.029998779296875 47.970001220703125 48.020000457763671875 48.090000152587890625 48.229999542236328125 48.279998779296875 48.409999847412109375 48.279998779296875 48.15000152587890625 48.119998931884765625 48.06999969482421875 48.029998779296875 48.1100006103515625 48.060001373291015625 48.130001068115234375 48.259998321533203125 48.29000091552734375 48.3300018310546875 48.25 48.279998779296875 48.240001678466796875 48.15000152587890625 48.0800018310546875 48.020000457763671875 48.04000091552734375 48.189998626708984375 48.060001373291015625 47.880001068115234375 47.799999237060546875 47.700000762939453125
48.060001373291015625 47.990001678466796875 47.95999908447265625 47.8600006103515625 47.909999847412109375 48.130001068115234375 48.04000091552734375 48 48.090000152587890625 48.15000152587890625 48.20999908447265625 48.060001373291015625 48.220001220703125 48.220001220703125 48.3300018310546875 48.3600006103515625 48.279998779296875 48.25 48.229999542236328125 48.159999847412109375 48.130001068115234375 48.200000762939453125 48.20999908447265625 48.15000152587890625 48.15000152587890625 48.1399993896484375 48.240001678466796875 48.229999542236328125 48.200000762939453125 48.340000152587890625 48.29000091552734375 48.20999908447265625 48.220001220703125 48.09999847412109375 48.009998321533203125 48.060001373291015625 48.130001068115234375 48.189998626708984375 48.020000457763671875 47.799999237060546875 47.700000762939453125
48.049999237060546875 47.90000152587890625 47.93000030517578125 48.020000457763671875 47.970001220703125 48.009998321533203125 48.04000091552734375 47.909999847412109375 47.979999542236328125 48.090000152587890625 48.200000762939453125 48.20999908447265625 48.43000030517578125 48.54000091552734375 48.380001068115234375 48.31999969482421875 48.229999542236328125 48.18000030517578125 48.25 48.18000030517578125 48.3300018310546875 48.220001220703125 48.25 48.1100006103515625 48.119998931884765625 48.18000030517578125 48.259998321533203125 48.20999908447265625 48.1699981689453125 48.270000457763671875 48.31999969482421875 48.25 48.29000091552734375 48.130001068115234375 48.119998931884765625 48.15000152587890625 48.090000152587890625 48.15000152587890625 48.09999847412109375 47.799999237060546875 47.689998626708984375
48.06999969482421875 47.990001678466796875 47.9199981689453125 47.729999542236328125 47.869998931884765625 47.950000762939453125 48.060001373291015625 48.060001373291015625 48.119998931884765625 48.119998931884765625 48.090000152587890625 48.3899993896484375 48.590000152587890625 48.5 48.299999237060546875 48.18000030517578125 48.229999542236328125 48.1399993896484375 48.1399993896484375 48.200000762939453125 48.3300018310546875 48.299999237060546875 48.340000152587890625 48.159999847412109375 48.200000762939453125 48.159999847412109375 48.1399993896484375 48.270000457763671875 48.29000091552734375 48.229999542236328125 48.259998321533203125 48.29000091552734375 48.279998779296875 48.220001220703125 48.31999969482421875 48.09999847412109375 48.200000762939453125 48.1699981689453125 48.09999847412109375 47.8899993896484375 47.799999237060546875
48.090000152587890625 47.990001678466796875 47.8899993896484375 47.84999847412109375 47.939998626708984375 47.970001220703125 48.15000152587890625 48.3300018310546875 48.409999847412109375 48.439998626708984375 48.439998626708984375 48.549999237060546875 48.479999542236328125 48.34999847412109375 48.34999847412109375 48.29000091552734375 48.220001220703125 48.15000152587890625 48.1699981689453125 48.200000762939453125 48.220001220703125 48.3600006103515625 48.200000762939453125 48.1100006103515625 48.06999969482421875 48.29000091552734375 48.200000762939453125 48.240001678466796875 48.310001373291015625 48.240001678466796875 48.25 48.259998321533203125 48.159999847412109375 48.159999847412109375 48.259998321533203125 48.18000030517578125 48.200000762939453125 48.270000457763671875 48.220001220703125 47.990001678466796875 47.909999847412109375
48.20999908447265625 48.0800018310546875 48.25 48.119998931884765625 48.20999908447265625 48.20999908447265625 48.380001068115234375 48.45999908447265625 48.45999908447265625 48.549999237060546875 48.54000091552734375 48.40000152587890625 48.3300018310546875 48.340000152587890625 48.34999847412109375 48.310001373291015625 48.29000091552734375 48.3300018310546875 48.340000152587890625 48.270000457763671875 48.279998779296875 48.31999969482421875 48.189998626708984375 48.1399993896484375 48.20999908447265625 48.340000152587890625 48.220001220703125 48.240001678466796875 48.29000091552734375 48.229999542236328125 48.229999542236328125 48.200000762939453125 48.119998931884765625 48.220001220703125 48.270000457763671875 48.270000457763671875 48.200000762939453125 48.259998321533203125 48.1399993896484375 48.15000152587890625 47.939998626708984375
48.130001068115234375 48.060001373291015625 48.15000152587890625 48.439998626708984375 48.479999542236328125 48.439998626708984375 48.549999237060546875 48.56999969482421875 48.479999542236328125 48.43000030517578125 48.439998626708984375 48.409999847412109375 48.409999847412109375 48.3600006103515625 48.310001373291015625 48.31999969482421875 48.3600006103515625 48.229999542236328125 48.310001373291015625 48.1699981689453125 48.299999237060546875 48.29000091552734375 48.29000091552734375 48.220001220703125 48.270000457763671875 48.29000091552734375 48.25 48.340000152587890625 48.340000152587890625 48.25 48.29000091552734375 48.240001678466796875 48.200000762939453125 48.270000457763671875 48.200000762939453125 48.220001220703125 48.240001678466796875 48.259998321533203125 48.25 48.06999969482421875 47.970001220703125
48.189998626708984375 48.20999908447265625 48.060001373291015625 48.3300018310546875 48.3899993896484375 48.450000762939453125 48.3899993896484375 48.3600006103515625 48.380001068115234375 48.3899993896484375 48.4199981689453125 48.4199981689453125 48.409999847412109375 48.3600006103515625 48.29000091552734375 48.40000152587890625 48.34999847412109375 48.299999237060546875 48.3300018310546875 48.31999969482421875 48.369998931884765625 48.369998931884765625 48.299999237060546875 48.270000457763671875 48.240001678466796875 48.279998779296875 48.20999908447265625 48.270000457763671875 48.270000457763671875 48.450000762939453125 48.34999847412109375 48.29000091552734375 48.29000091552734375 48.259998321533203125 48.279998779296875 48.229999542236328125 48.1100006103515625 48.220001220703125 48.229999542236328125 48.229999542236328125 48.049999237060546875
48.840000152587890625 48.56999969482421875 48.220001220703125 48.479999542236328125 48.34999847412109375 48.279998779296875 48.270000457763671875 48.259998321533203125 48.25 48.29000091552734375 48.340000152587890625 48.40000152587890625 48.369998931884765625 48.3600006103515625 48.229999542236328125 48.3600006103515625 48.369998931884765625 48.369998931884765625 48.310001373291015625 48.450000762939453125 48.369998931884765625 48.409999847412109375 48.34999847412109375 48.31999969482421875 48.279998779296875 48.31999969482421875 48.31999969482421875 48.409999847412109375 48.409999847412109375 48.3899993896484375 48.34999847412109375 48.310001373291015625 48.279998779296875 48.220001220703125 48.3300018310546875 48.3899993896484375 48.189998626708984375 48.229999542236328125 48.299999237060546875 48.299999237060546875 48.090000152587890625
48.740001678466796875 48.659999847412109375 48.5 48.380001068115234375 48.369998931884765625 48.310001373291015625 48.340000152587890625 48.34999847412109375 48.3600006103515625 48.369998931884765625 48.369998931884765625 48.380001068115234375 48.40000152587890625 48.380001068115234375 48.3300018310546875 48.279998779296875 48.34999847412109375 48.40000152587890625 48.29000091552734375 48.4199981689453125 48.40000152587890625 48.3600006103515625 48.3600006103515625 48.40000152587890625 48.279998779296875 48.279998779296875 48.31999969482421875 48.29000091552734375 48.409999847412109375 48.40000152587890625 48.380001068115234375 48.3300018310546875 48.240001678466796875 48.279998779296875 48.3899993896484375 48.369998931884765625 48.25 48.470001220703125 48.34999847412109375 48.25 48.15000152587890625
48.619998931884765625 48.75 48.4199981689453125 48.29000091552734375 48.29000091552734375 48.310001373291015625 48.3300018310546875 48.409999847412109375 48.40000152587890625 48.369998931884765625 48.3600006103515625 48.3600006103515625 48.369998931884765625 48.380001068115234375 48.380001068115234375 48.380001068115234375 48.34999847412109375 48.340000152587890625 48.450000762939453125 48.34999847412109375 48.299999237060546875 48.369998931884765625 48.439998626708984375 48.3600006103515625 48.270000457763671875 48.31999969482421875 48.3600006103515625 48.25 48.380001068115234375 48.54000091552734375 48.40000152587890625 48.4199981689453125 48.270000457763671875 48.34999847412109375 48.470001220703125 48.3899993896484375 48.479999542236328125 48.40000152587890625 48.29000091552734375 48.4199981689453125 48.130001068115234375
48.6100006103515625 48.59999847412109375 48.40000152587890625 48.3300018310546875 48.479999542236328125 48.380001068115234375 48.340000152587890625 48.43000030517578125 48.40000152587890625 48.380001068115234375 48.34999847412109375 48.3899993896484375 48.40000152587890625 48.4199981689453125 48.439998626708984375 48.409999847412109375 48.3899993896484375 48.43000030517578125 48.59999847412109375 48.380001068115234375 48.509998321533203125 48.43000030517578125 48.43000030517578125 48.520000457763671875 48.490001678466796875 48.340000152587890625 48.45999908447265625 48.479999542236328125 48.450000762939453125 48.45999908447265625 48.470001220703125 48.34999847412109375 48.3899993896484375 48.34999847412109375 48.43000030517578125 48.520000457763671875 48.43000030517578125 48.310001373291015625 48.470001220703125 48.439998626708984375 48.1699981689453125
48.759998321533203125 48.5 48.509998321533203125 48.3899993896484375 48.3899993896484375 48.369998931884765625 48.3899993896484375 48.40000152587890625 48.45999908447265625 48.380001068115234375 48.409999847412109375 48.43000030517578125 48.4199981689453125 48.439998626708984375 48.479999542236328125 48.65000152587890625 48.59999847412109375 48.529998779296875 48.59999847412109375 48.509998321533203125 48.479999542236328125 48.470001220703125 48.5 48.5 48.520000457763671875 48.4199981689453125 48.509998321533203125 48.520000457763671875 48.5 48.56999969482421875 48.65000152587890625 48.6100006103515625 48.5 48.220001220703125 48.520000457763671875 48.6699981689453125 48.549999237060546875 48.560001373291015625 48.450000762939453125 48.3300018310546875 48.34999847412109375
48.450000762939453125 48.470001220703125 48.43000030517578125 48.380001068115234375 48.409999847412109375 48.439998626708984375 48.450000762939453125 48.3600006103515625 48.509998321533203125 48.509998321533203125 48.450000762939453125 48.490001678466796875 48.529998779296875 48.54000091552734375 48.59999847412109375 48.54000091552734375 48.56999969482421875 48.6100006103515625 48.68000030517578125 48.520000457763671875 48.56999969482421875 48.509998321533203125 48.450000762939453125 48.450000762939453125 48.3899993896484375 48.5 48.56999969482421875 48.509998321533203125 48.479999542236328125 48.45999908447265625 48.56999969482421875 48.770000457763671875 48.470001220703125 48.340000152587890625 48.439998626708984375 48.549999237060546875 48.520000457763671875 48.4199981689453125 48.45999908447265625 48.31999969482421875 48.409999847412109375
