wildfire/work/fuelmodels/1865/aspect.asc
ncols        380
nrows        283
xllcorner    186785.000000000000
yllcorner    454890.000000000000
cellsize     5.000000000000
NODATA_value   -999
[rows 152 to 170 of 283, columns 126 to 167 of 380]
66.25023651123046875 89.99979400634765625 100.6194000244140625 104.0352630615234375 190.0066680908203125 218.884033203125 160.4627227783203125 256.328033447265625 267.929443359375 222.398406982421875 168.1776123046875 160.941314697265625 145.3048248291015625 175.7320709228515625 212.73443603515625 177.509979248046875 146.093658447265625 134.9993896484375 128.9268951416015625 171.8708038330078125 254.055450439453125 290.555816650390625 297.47393798828125 311.530975341796875 334.65283203125 324.462554931640625 210.9636993408203125 178.0257415771484375 160.7097320556640625 185.7097930908203125 215.5365753173828125 323.12933349609375 37.87433624267578125 77.969207763671875 99.63774871826171875 131.186248779296875 159.4431304931640625 192.5286102294921875 54.4610137939453125 24.443449020385742188 313.0904541015625 7.4320402145385742188
48.0121917724609375 75.2558441162109375 93.62122344970703125 101.7685089111328125 153.432403564453125 213.6883087158203125 174.2865142822265625 236.3093719482421875 241.886383056640625 207.2563018798828125 142.852386474609375 146.069366455078125 144.130279541015625 178.1522979736328125 207.21539306640625 178.56744384765625 146.4964752197265625 130.3644561767578125 75.96358489990234375 21.799474716186523438 276.33953857421875 280.884765625 291.44677734375 295.55865478515625 279.16094970703125 95.1943817138671875 147.5279388427734375 198.434844970703125 132.137725830078125 206.5645751953125 222.708343505859375 220.76300048828125 140.19451904296875 113.96218109130859375 86.8773956298828125 107.52529144287109375 162.9505462646484375 197.5596160888671875 199.057373046875 185.1943511962890625 223.0241241455078125 158.961883544921875
86.34717559814453125 83.08846282958984375 77.3194580078125 68.19843292236328125 80.53867340087890625 168.6871490478515625 156.0337677001953125 226.9748687744140625 255.4652862548828125 258.689453125 106.92752838134765625 116.56459808349609375 106.18975830078125 78.69492340087890625 199.9829559326171875 166.5035858154296875 153.434600830078125 160.2014923095703125 176.6323699951171875 156.80029296875 261.8662109375 258.68902587890625 245.224151611328125 196.1878662109375 216.86956787109375 145.007965087890625 130.60064697265625 230.1943206787109375 143.1319427490234375 137.725494384765625 179.192169189453125 194.3220977783203125 173.0882568359375 138.18017578125 93.5031890869140625 100.80417633056640625 138.012725830078125 201.8007049560546875 206.8614959716796875 191.6331329345703125 200.5556182861328125 194.420989990234375
153.43499755859375 110.46185302734375 98.746063232421875 68.80568695068359375 64.79903411865234375 96.34369659423828125 81.87145233154296875 291.801483154296875 276.043731689453125 251.56500244140625 105.25494384765625 93.17964935302734375 32.00432586669921875 10.490350723266601562 34.21433258056640625 47.86174774169921875 23.96198272705078125 64.98151397705078125 171.8651275634765625 240.9423675537109375 251.5659027099609375 254.0542144775390625 251.5639190673828125 219.8039703369140625 178.2654876708984375 161.564666748046875 138.365997314453125 200.7255859375 200.8203887939453125 137.54449462890625 146.5344085693359375 206.9161529541015625 216.02716064453125 173.99041748046875 128.0890045166015625 81.32677459716796875 62.571033477783203125 44.999897003173828125 220.36419677734375 210.1728515625 248.4283447265625 284.85748291015625
183.2890167236328125 140.4397430419921875 156.16064453125 84.8039398193359375 58.32437896728515625 74.7453765869140625 263.65545654296875 280.61859130859375 256.86541748046875 220.0296173095703125 82.40506744384765625 29.931621551513671875 357.39605712890625 356.75921630859375 20.772047042846679688 15.100970268249511719 9.6052122116088867188 34.695377349853515625 21.502010345458984375 333.434600830078125 332.35345458984375 306.119415283203125 298.442474365234375 329.61932373046875 50.90509796142578125 89.99979400634765625 109.79864501953125 171.384765625 229.7627716064453125 134.99786376953125 62.4464569091796875 304.508148193359375 269.999359130859375 139.7624053955078125 120.06812286376953125 69.77480316162109375 50.79235076904296875 46.080631256103515625 330.945037841796875 284.7427978515625 286.8577880859375 290.22412109375
190.4070892333984375 138.90045166015625 183.179443359375 241.2592315673828125 67.2499847412109375 67.52065277099609375 314.999267578125 233.530914306640625 235.3039398193359375 238.5690765380859375 299.74249267578125 349.11376953125 354.666717529296875 9.7823333740234375 14.858869552612304688 354.804443359375 15.592762947082519531 44.060863494873046875 49.898746490478515625 333.4337158203125 322.123748779296875 323.88055419921875 299.054656982421875 316.846527099609375 42.136867523193359375 59.03632354736328125 44.999897003173828125 21.801057815551757812 309.471923828125 295.345672607421875 56.3087921142578125 325.0079345703125 295.016998291015625 93.81462860107421875 54.460422515869140625 34.21433258056640625 59.57389068603515625 46.00519561767578125 2.3538072109222412109 344.9805908203125 267.088287353515625 259.076080322265625
81.8697052001953125 120.57901763916015625 211.607391357421875 255.140716552734375 90.0034332275390625 72.8239593505859375 41.81939697265625 308.289215087890625 298.299774169921875 297.1207275390625 299.290618896484375 311.307830810546875 39.804401397705078125 114.2274322509765625 203.96246337890625 281.309478759765625 20.09490966796875 45.85485076904296875 49.53792572021484375 350.53704833984375 297.472198486328125 179.9995880126953125 232.305206298828125 226.5909423828125 135.0007171630859375 66.16207122802734375 25.144412994384765625 43.45140838623046875 105.944732666015625 191.820953369140625 166.2643280029296875 208.2999725341796875 179.998016357421875 150.5235137939453125 203.5525360107421875 212.472747802734375 71.56488037109375 20.433223724365234375 16.074151992797851562 39.80500030517578125 295.345672607421875 271.080108642578125
124.56165313720703125 126.63269805908203125 265.3641357421875 284.9306640625 10.00868988037109375 73.88604736328125 30.256479263305664062 324.46185302734375 319.863861083984375 324.462005615234375 314.999908447265625 243.4387359619140625 136.431549072265625 134.998931884765625 229.399078369140625 228.1793670654296875 218.6587677001953125 81.15892791748046875 63.758941650390625 24.443998336791992188 105.9445343017578125 147.0947265625 209.0537109375 197.5597991943359375 191.309722900390625 195.641143798828125 68.96074676513671875 80.36263275146484375 92.29042816162109375 149.9302520751953125 184.764251708984375 214.6944732666015625 158.4975738525390625 136.7892913818359375 232.3526611328125 224.9994659423828125 109.98372650146484375 333.434173583984375 77.905487060546875 33.2308349609375 330.945037841796875 309.559844970703125
133.2093658447265625 354.29083251953125 313.40899658203125 282.8468017578125 345.962310791015625 40.235813140869140625 21.037687301635742188 300.255859375 281.30926513671875 306.633514404296875 0 123.23168182373046875 111.5014495849609375 354.805816650390625 350.53717041015625 224.9994659423828125 209.7436676025390625 155.6952667236328125 136.14569091796875 145.61956787109375 132.954620361328125 110.55623626708984375 179.997406005859375 178.602630615234375 227.5448150634765625 244.53631591796875 139.084503173828125 107.02079010009765625 93.2397918701171875 73.60916900634765625 329.038055419921875 263.660247802734375 95.19313812255859375 30.9633636474609375 312.953460693359375 243.4321746826171875 153.4338531494140625 179.9987945556640625 145.3050384521484375 318.3651123046875 334.43988037109375 71.56634521484375
122.47064971923828125 271.467926025390625 273.81439208984375 231.1156005859375 217.14666748046875 225.021331787109375 49.763599395751953125 94.39925384521484375 242.28070068359375 237.0941619873046875 149.0354766845703125 70.34576416015625 51.009063720703125 71.5736236572265625 206.5623931884765625 108.4346923828125 156.24896240234375 146.3093109130859375 129.956756591796875 142.76446533203125 135.0012359619140625 153.434600830078125 111.0377044677734375 68.1988067626953125 280.221160888671875 281.30877685546875 73.3015899658203125 99.7819976806640625 119.98163604736328125 156.801483154296875 191.308929443359375 210.06927490234375 179.9922943115234375 303.688934326171875 299.05059814453125 105.94556427001953125 89.99614715576171875 124.69049072265625 229.086090087890625 262.874176025390625 156.80029296875 126.25341796875
0.0054645347408950328827 224.99810791015625 174.2888946533203125 208.177978515625 209.8751373291015625 199.025482177734375 178.4510955810546875 84.80644989013671875 246.2494049072265625 210.67706298828125 204.145172119140625 183.0118865966796875 106.38887786865234375 143.1297607421875 224.9974822998046875 118.61177825927734375 117.64593505859375 68.1976776123046875 62.744907379150390625 51.7110595703125 38.65811920166015625 53.128665924072265625 101.3074493408203125 161.566864013671875 259.87451171875 247.1084747314453125 134.9996795654296875 100.37540435791015625 105.70819854736328125 146.7676849365234375 188.97235107421875 211.866363525390625 221.9848175048828125 233.1297607421875 195.25634765625 78.69156646728515625 63.435527801513671875 64.65485382080078125 293.19903564453125 212.470184326171875 158.5517120361328125 147.0942840576171875
218.8834381103515625 136.5905609130859375 160.4070892333984375 233.4261932373046875 209.357330322265625 189.2462005615234375 226.5066680908203125 291.37066650390625 2.861907958984375 20.223852157592773438 229.57342529296875 205.4628448486328125 132.136688232421875 26.566082000732421875 315.0029296875 98.12943267822265625 116.5647735595703125 184.3975067138671875 68.96480560302734375 25.821336746215820312 358.829315185546875 5.3556013107299804688 31.263608932495117188 36.869228363037109375 267.27349853515625 253.3002166748046875 134.9996795654296875 118.30059051513671875 109.53621673583984375 121.60660552978515625 190.009735107421875 227.602569580078125 233.1283416748046875 194.53466796875 196.189544677734375 172.302978515625 165.964019775390625 205.0160980224609375 134.9996795654296875 148.323760986328125 149.0355072021484375 144.1619110107421875
191.3094940185546875 148.0913543701171875 168.6871490478515625 258.690216064453125 213.6904144287109375 224.9994659423828125 278.392333984375 288.434967041015625 353.65863037109375 26.564113616943359375 15.254075050354003906 288.43865966796875 277.12451171875 338.962158203125 60.523406982421875 89.9987945556640625 34.38067626953125 15.255587577819824219 336.038299560546875 349.990966796875 349.693572998046875 29.055086135864257812 66.80138397216796875 41.185733795166015625 323.130096435546875 239.931396484375 127.30316162109375 118.5399932861328125 117.80159759521484375 137.725494384765625 248.961456298828125 265.598114013671875 246.7996978759765625 183.0129547119140625 186.34100341796875 169.50830078125 163.30078125 202.379791259765625 156.1608734130859375 125.537384033203125 118.11279296875 118.14125823974609375
31.503892898559570312 351.25323486328125 342.950286865234375 5.4399018287658691406 273.01055908203125 275.192352294921875 279.056640625 257.00421142578125 166.50408935546875 173.088897705078125 175.81488037109375 246.797821044921875 294.44305419921875 311.184326171875 71.56488037109375 6.3407101631164550781 351.528472900390625 23.197998046875 358.152587890625 89.988861083984375 172.406097412109375 145.490325927734375 114.44278717041015625 26.564441680908203125 57.995464324951171875 152.1026153564453125 117.18073272705078125 108.9698638916015625 115.55986785888671875 314.999267578125 299.053497314453125 204.4422760009765625 246.248748779296875 210.9658355712890625 108.4346923828125 303.686859130859375 53.13216400146484375 124.69661712646484375 144.8657073974609375 124.28670501708984375 109.69878387451171875 110.69567108154296875
0.00045534531818702816963 339.862945556640625 335.7242431640625 46.302127838134765625 353.660064697265625 292.520782470703125 280.6192626953125 163.610504150390625 139.4843902587890625 175.2361602783203125 217.5679473876953125 275.710052490234375 321.008941650390625 351.383819580078125 36.11871337890625 2.8629982471466064453 9.4620046615600585938 98.74466705322265625 117.89522552490234375 129.092987060546875 162.6462554931640625 224.9994659423828125 5.7106881141662597656 34.694896697998046875 98.53061676025390625 123.690338134765625 110.77254486083984375 97.02785491943359375 97.12419891357421875 231.340972900390625 150.2543487548828125 189.46099853515625 228.813629150390625 194.037078857421875 209.74505615234375 265.599639892578125 94.39951324462890625 64.98215484619140625 65.85482025146484375 98.6732635498046875 112.01094818115234375 118.22867584228515625
254.7425994873046875 201.0345611572265625 209.744384765625 117.18167877197265625 129.80615234375 233.1297607421875 213.929168701171875 158.5743255615234375 149.7432403564453125 305.538543701171875 305.361724853515625 293.197509765625 314.999267578125 14.534140586853027344 48.0121307373046875 84.80429840087890625 113.19757080078125 114.77518463134765625 122.1959228515625 102.0955810546875 0 301.7568359375 108.44780731201171875 116.5647735595703125 114.07452392578125 140.19329833984375 132.5105133056640625 93.94504547119140625 56.888641357421875 38.655986785888671875 93.81317901611328125 216.8641510009765625 229.7631683349609375 181.5486602783203125 199.9826812744140625 208.810150146484375 164.3580169677734375 158.1993560791015625 127.3032379150390625 120.5789337158203125 121.57765960693359375 125.99082183837890625
235.953033447265625 144.4613800048828125 178.9577178955078125 187.305145263671875 114.44727325439453125 173.1573028564453125 181.789520263671875 154.5364227294921875 197.487701416015625 254.510589599609375 275.905303955078125 262.302947998046875 231.5809783935546875 152.6505126953125 143.4268035888671875 130.23590087890625 124.379150390625 113.6285400390625 101.3102569580078125 32.00555419921875 102.5288238525390625 170.90911865234375 173.4803009033203125 161.5654449462890625 123.68978118896484375 134.9986419677734375 134.9996795654296875 86.63326263427734375 33.6905517578125 29.053850173950195312 39.4733123779296875 18.437334060668945312 135.0028076171875 163.44366455078125 194.6207733154296875 217.5042572021484375 184.6349029541015625 150.5927886962890625 143.2263031005859375 139.0851898193359375 138.012542724609375 140.8151397705078125
236.9754486083984375 109.98380279541015625 114.44298553466796875 254.1974639892578125 337.61920166015625 65.77123260498046875 7.1236548423767089844 52.9069061279296875 198.43011474609375 235.0484771728515625 215.4061431884765625 218.4798583984375 203.385284423828125 168.3404998779296875 158.7023162841796875 167.47100830078125 157.067596435546875 146.3092041015625 183.26953125 179.060546875 141.654083251953125 156.4762420654296875 191.9290008544921875 205.20166015625 109.6543121337890625 100.305572509765625 127.87602996826171875 109.79892730712890625 145.3024139404296875 149.0384674072265625 92.7276763916015625 110.37580108642578125 133.4517822265625 165.5796356201171875 218.659423828125 235.8845672607421875 198.4328460693359375 110.55623626708984375 114.19307708740234375 134.9996795654296875 148.828460693359375 149.534210205078125
252.9367218017578125 214.3805084228515625 57.094944000244140625 294.589630126953125 305.537567138671875 51.709789276123046875 350.75311279296875 52.305538177490234375 94.8986358642578125 203.748992919921875 205.5936431884765625 208.9738006591796875 208.8553924560546875 185.0420989990234375 153.824432373046875 172.3486785888671875 157.543060302734375 148.0690460205078125 182.641693115234375 173.8109588623046875 146.3095855712890625 164.4753875732421875 242.1986541748046875 235.7850341796875 140.1941986083984375 134.9996795654296875 151.38995361328125 132.9553985595703125 157.2477264404296875 172.302978515625 153.4344024658203125 137.385223388671875 134.99896240234375 225.002593994140625 225.00146484375 201.50079345703125 200.094146728515625 131.4785003662109375 118.33209228515625 131.8199920654296875 152.5796356201171875 162.0307464599609375
