wildfire/work/fuelmodels/1865/aspect.asc
ncols        380
nrows        283
xllcorner    186785.000000000000
yllcorner    454890.000000000000
cellsize     5.000000000000
NODATA_value   -999
[rows 0 to 18 of 283, columns 168 to 209 of 380]
0 0 0 0 0 0 0 0 0 0 0 0 0 0 0 0 0 0 0 0 0 0 0 0 0 0 0 0 0 0 0 0 0 0 0 0 0 0 0 0 0 0
0 95.90499114990234375 329.038055419921875 30.57878875732421875 55.5382080078125 89.9992523193359375 97.4800262451171875 179.9995880126953125 184.8997344970703125 142.5945892333984375 42.509853363037109375 29.981121063232421875 332.52496337890625 283.2401123046875 265.445770263671875 269.999359130859375 290.375244140625 322.695281982421875 345.963897705078125 268.26397705078125 269.999359130859375 314.999267578125 84.20733642578125 94.39886474609375 89.38384246826171875 73.02436065673828125 320.825469970703125 328.13323974609375 56.0234832763671875 81.5289154052734375 150.9447174072265625 190.3041839599609375 0 323.972503662109375 303.2310791015625 324.46136474609375 92.12136077880859375 132.613555908203125 156.99072265625 179.3487548828125 232.786285400390625 278.36529541015625
95.19348907470703125 52.594806671142578125 269.988433837890625 194.0332183837890625 71.56510162353515625 82.3037261962890625 91.57605743408203125 134.9990386962890625 194.8587493896484375 265.814666748046875 332.743865966796875 18.434764862060546875 21.193799972534179688 259.77716064453125 252.2545013427734375 258.1778564453125 261.869354248046875 261.4683837890625 113.19757080078125 288.43426513671875 271.683441162109375 230.1928253173828125 87.184356689453125 77.1064453125 47.291004180908203125 59.381328582763671875 302.275054931640625 297.687835693359375 47.700267791748046875 78.80757904052734375 122.0733642578125 167.347259521484375 0 238.39178466796875 296.564727783203125 188.13140869140625 120.2029876708984375 116.19983673095703125 122.15181732177734375 219.289764404296875 260.065338134765625 229.6854705810546875
198.4366607666015625 113.96120452880859375 131.9874420166015625 238.2376708984375 94.18563079833984375 89.2925872802734375 93.57617950439453125 100.8396148681640625 301.29266357421875 309.856475830078125 330.34930419921875 20.854207992553710938 60.592529296875 213.688446044921875 225.7838592529296875 227.4675445556640625 235.9044342041015625 243.8239288330078125 284.032989501953125 290.375457763671875 227.8614349365234375 192.529083251953125 140.5270233154296875 84.28878021240234375 71.564208984375 90.98738861083984375 168.68939208984375 239.29962158203125 129.9993438720703125 97.36789703369140625 90.67397308349609375 319.084228515625 264.803863525390625 0 0 75.96196746826171875 115.1443023681640625 122.90488433837890625 122.73509979248046875 269.9981689453125 230.4032135009765625 196.5394287109375
134.9996795654296875 107.10324859619140625 45.003017425537109375 179.995941162109375 133.1221160888671875 113.60693359375 85.9551239013671875 16.293771743774414062 315.681488037109375 302.47052001953125 318.502655029296875 22.520364761352539062 55.030181884765625 54.01972198486328125 233.74505615234375 255.734954833984375 269.689727783203125 286.11297607421875 337.248504638671875 296.5634765625 129.2885894775390625 173.0885467529296875 199.025482177734375 105.94370269775390625 74.5773773193359375 86.68886566162109375 111.80121612548828125 208.959320068359375 164.9814300537109375 101.60161590576171875 50.3895721435546875 352.47528076171875 334.289794921875 0 0 0 0 151.556304931640625 173.6583404541015625 275.19305419921875 266.183197021484375 264.8060302734375
84.81038665771484375 107.44748687744140625 167.470550537109375 146.3095245361328125 136.3800811767578125 121.17142486572265625 79.381103515625 340.905548095703125 310.06005859375 295.7093505859375 293.522705078125 10.885408401489257812 51.387237548828125 56.154644012451171875 43.151905059814453125 271.61309814453125 277.2237548828125 289.50213623046875 34.695247650146484375 144.86602783203125 132.7534637451171875 160.558990478515625 244.98284912109375 234.4613800048828125 85.76331329345703125 78.11110687255859375 68.87512969970703125 32.904422760009765625 133.63494873046875 132.3366241455078125 184.3986053466796875 329.74267578125 8.9727830886840820312 0 0 0 0 0 0 0 0 314.999267578125
11.309345245361328125 75.9628448486328125 106.5557098388671875 110.8204193115234375 111.25012969970703125 109.289642333984375 325.302337646484375 309.288330078125 307.18402099609375 312.078582763671875 318.17919921875 273.01055908203125 43.977031707763671875 55.08795928955078125 45.51155853271484375 283.437164306640625 260.536865234375 251.249237060546875 98.131622314453125 66.800750732421875 69.56684112548828125 338.198822021484375 310.425262451171875 276.841827392578125 60.944705963134765625 80.21721649169921875 82.625762939453125 87.1367340087890625 99.0386810302734375 94.39771270751953125 236.31085205078125 232.9071502685546875 283.240753173828125 319.7620849609375 0 0 18.8246002197265625 44.999897003173828125 134.9996795654296875 161.564666748046875 0 0
344.742919921875 93.07720184326171875 122.734649658203125 109.1327362060546875 62.102306365966796875 353.81060791015625 345.342529296875 333.434173583984375 312.57275390625 319.18402099609375 7.0287270545959472656 358.830657958984375 339.44244384765625 49.8436279296875 54.220672607421875 350.310516357421875 245.07098388671875 238.9202728271484375 267.76800537109375 12.599629402160644531 31.476812362670898438 5.7110848426818847656 12.529035568237304688 278.129150390625 335.223114013671875 81.02740478515625 103.91241455078125 138.3681793212890625 55.304576873779296875 21.501361846923828125 14.172384262084960938 333.43450927734375 291.370025634765625 302.987945556640625 282.263946533203125 48.69068145751953125 41.784465789794921875 41.3086700439453125 48.179210662841796875 116.5647735595703125 293.198089599609375 280.2216796875
129.80615234375 107.41814422607421875 87.39815521240234375 10.713191032409667969 358.06866455078125 337.97186279296875 343.105499267578125 344.1339111328125 288.43408203125 253.2166748046875 156.7999114990234375 11.311587333679199219 300.962799072265625 63.43450927734375 65.55583953857421875 59.36432647705078125 245.85394287109375 245.609100341796875 251.1463165283203125 265.1005859375 66.19423675537109375 69.4441375732421875 44.999897003173828125 308.659912109375 252.7572784423828125 91.04150390625 75.25634002685546875 332.101531982421875 21.1243896484375 14.198555946350097656 31.607975006103515625 3.71552276611328125 314.999267578125 327.9940185546875 357.39654541015625 44.999164581298828125 77.1958160400390625 61.858318328857421875 44.235538482666015625 8.12964630126953125 331.144287109375 277.815155029296875
82.6472930908203125 55.7839508056640625 0.60298806428909301758 350.53680419921875 353.7646484375 331.88580322265625 323.651763916015625 11.725964546203613281 330.25506591796875 291.03668212890625 303.110260009765625 332.446563720703125 11.308705329895019531 52.1255645751953125 52.594470977783203125 53.714550018310546875 42.455066680908203125 253.705413818359375 243.571868896484375 233.79693603515625 76.608917236328125 49.08563995361328125 14.620860099792480469 3.1804950237274169922 5.1933417320251464844 81.07550048828125 43.408733367919921875 331.99017333984375 355.27081298828125 6.8923420906066894531 19.025762557983398438 6.0089845657348632812 325.396575927734375 326.30938720703125 29.521303176879882812 65.9733428955078125 109.79856109619140625 141.170013427734375 21.800510406494140625 9.940509796142578125 10.375971794128417969 64.982635498046875
45.000316619873046875 25.768939971923828125 327.527740478515625 331.50390625 14.826463699340820312 346.42840576171875 323.841064453125 351.430267333984375 353.253814697265625 356.819244384765625 322.96881103515625 330.7503662109375 35.5373992919921875 15.461384773254394531 29.197122573852539062 60.100982666015625 66.60540008544921875 248.7018585205078125 238.5353851318359375 241.8862457275390625 252.6454315185546875 59.380542755126953125 41.053890228271484375 0 32.90425872802734375 49.537235260009765625 46.81856536865234375 310.601287841796875 295.559356689453125 358.29766845703125 25.683671951293945312 5.2623453140258789062 341.826904296875 335.282012939453125 58.4484710693359375 57.449726104736328125 55.250934600830078125 50.19390869140625 253.81024169921875 141.3409271240234375 107.81945037841796875 122.31987762451171875
61.928195953369140625 58.134021759033203125 293.626953125 256.757232666015625 105.257904052734375 314.998565673828125 326.82073974609375 328.626312255859375 353.66021728515625 23.749967575073242188 293.62896728515625 280.30438232421875 32.472015380859375 357.613616943359375 36.4693603515625 67.2250823974609375 62.354114532470703125 61.821849822998046875 237.6800537109375 246.96002197265625 242.81842041015625 156.0378265380859375 37.87433624267578125 66.25023651123046875 133.0251007080078125 120.96475982666015625 68.1990203857421875 24.443449020385742188 252.276458740234375 218.3665771484375 110.556610107421875 330.944061279296875 330.57159423828125 7.6667466163635253906 26.800731658935546875 30.191625595092773438 30.15990447998046875 22.66442108154296875 0.67417746782302856445 3.7587044239044189453 31.50431060791015625 27.606603622436523438
0 44.99843597412109375 352.87432861328125 275.906036376953125 321.70916748046875 299.980987548828125 311.307830810546875 347.46868896484375 113.19832611083984375 151.3875732421875 202.750579833984375 217.64697265625 218.2894287109375 224.9994659423828125 113.42803955078125 100.53878021240234375 62.592342376708984375 65.937042236328125 245.2259979248046875 250.6253662109375 244.1784515380859375 258.689056396484375 355.60052490234375 73.30096435546875 109.02569580078125 185.7096710205078125 121.865875244140625 92.12136077880859375 255.140411376953125 258.365447998046875 35.53936767578125 251.5635833740234375 254.247955322265625 135.0013580322265625 82.69469451904296875 41.532276153564453125 23.36870574951171875 10.407551765441894531 1.6848251819610595703 5.14798736572265625 16.042863845825195312 22.19881439208984375
301.503448486328125 25.200260162353515625 21.571910858154296875 320.313934326171875 339.144561767578125 272.727264404296875 208.810150146484375 167.9049835205078125 156.1246490478515625 172.4749908447265625 184.7628631591796875 220.7110595703125 228.5766143798828125 168.1103668212890625 125.3940277099609375 131.347137451171875 107.592010498046875 77.47110748291015625 58.735942840576171875 256.246368408203125 247.09375 254.7443084716796875 232.1246337890625 86.854888916015625 76.1389007568359375 117.89652252197265625 167.73443603515625 216.870697021484375 308.54034423828125 311.185272216796875 17.7450103759765625 54.462982177734375 233.32470703125 172.0926513671875 169.43902587890625 228.8143157958984375 343.8095703125 348.689239501953125 347.00506591796875 68.19805908203125 73.29927825927734375 44.180957794189453125
351.382293701171875 116.56641387939453125 134.9996795654296875 271.395751953125 239.031829833984375 130.711273193359375 174.9198760986328125 181.930084228515625 165.25634765625 181.2718963623046875 237.264068603515625 288.43377685546875 293.195892333984375 128.157196044921875 134.9996795654296875 162.215118408203125 143.6143951416015625 81.8699493408203125 48.715152740478515625 280.005584716796875 242.1751251220703125 247.067413330078125 239.826690673828125 82.87432861328125 70.144500732421875 62.417865753173828125 357.2733154296875 321.482177734375 301.1707763671875 287.70013427734375 108.4351806640625 32.470859527587890625 77.00421905517578125 159.4431304931640625 246.2494049072265625 254.0534820556640625 222.708404541015625 244.4373931884765625 314.993804931640625 93.46811676025390625 36.868061065673828125 7.4315128326416015625
76.32845306396484375 113.198699951171875 210.2549896240234375 262.56787109375 224.977630615234375 105.25539398193359375 146.72515869140625 214.991119384765625 242.5241241455078125 327.338287353515625 319.762969970703125 296.0294189453125 137.4897613525390625 118.95104217529296875 125.53778076171875 181.546875 145.617340087890625 351.86907958984375 55.45966339111328125 75.96414947509765625 244.797882080078125 243.1652374267578125 230.1276092529296875 132.953826904296875 82.74590301513671875 40.815196990966796875 352.971038818359375 358.361602783203125 226.363677978515625 197.446319580078125 171.252716064453125 201.250640869140625 109.7218017578125 0.0054634925909340381622 293.962249755859375 330.375 343.704803466796875 330.375640869140625 350.133148193359375 27.962156295776367188 5.0795264244079589844 30.964235305786132812
93.990997314453125 78.6900482177734375 307.234466552734375 221.633544921875 159.962066650390625 132.336883544921875 127.87592315673828125 268.875823974609375 272.563323974609375 299.053955078125 336.53985595703125 86.98641204833984375 132.509918212890625 131.185791015625 30.0686492919921875 33.69058990478515625 0.0027321369852870702744 236.3102264404296875 101.63297271728515625 86.422943115234375 255.6509552001953125 242.06231689453125 224.44866943359375 185.527099609375 160.2775726318359375 281.310943603515625 353.660919189453125 94.53784942626953125 201.03851318359375 269.999359130859375 357.274444580078125 315.0029296875 7.5947213172912597656 341.564422607421875 329.035614013671875 330.06787109375 355.0052490234375 358.567047119140625 349.777374267578125 33.9964447021484375 108.43485260009765625 143.04888916015625
89.99979400634765625 34.991718292236328125 71.563629150390625 141.58135986328125 159.5497589111328125 169.507843017578125 308.289306640625 324.8646240234375 322.470611572265625 285.641326904296875 296.562530517578125 77.73543548583984375 91.60572052001953125 240.946075439453125 306.869476318359375 54.039829254150390625 61.2609710693359375 154.4410247802734375 120.57958984375 86.729217529296875 18.434906005859375 244.33477783203125 224.9997406005859375 191.5229949951171875 199.2589874267578125 228.065826416015625 164.0533447265625 125.04840850830078125 279.462188720703125 303.260498046875 351.528289794921875 4.808155059814453125 348.205841064453125 329.469512939453125 329.533599853515625 306.383819580078125 153.4356842041015625 134.9996795654296875 243.4321746826171875 110.6582794189453125 112.71395111083984375 132.3969573974609375
277.59490966796875 67.3796539306640625 105.046417236328125 114.44390106201171875 172.3031463623046875 283.240142822265625 304.824127197265625 318.011993408203125 349.874481201171875 342.012115478515625 326.688812255859375 55.20351409912109375 53.403095245361328125 22.932498931884765625 269.999359130859375 97.30535888671875 73.8863067626953125 2.3859953880310058594 18.434906005859375 29.388889312744140625 21.425256729125976562 335.554534912109375 212.6182098388671875 199.397003173828125 230.905731201171875 222.8383636474609375 163.8106842041015625 144.460601806640625 290.22442626953125 304.93011474609375 346.66009521484375 12.893960952758789062 4.39864349365234375 321.91058349609375 302.195281982421875 329.0350341796875 57.9958343505859375 123.6923065185546875 154.440277099609375 118.44252777099609375 105.619049072265625 94.4966888427734375
