wildfire/work/fuelmodels/1865/aspect.asc
ncols        380
nrows        283
xllcorner    186785.000000000000
yllcorner    454890.000000000000
cellsize     5.000000000000
NODATA_value   -999
[rows 190 to 208 of 283, columns 42 to 83 of 380]
266.185211181640625 140.1951751708984375 113.96230316162109375 127.8730010986328125 291.038421630859375 179.9995880126953125 160.1587677001953125 156.2667083740234375 148.9968109130859375 148.227447509765625 147.0019683837890625 143.7579345703125 149.608184814453125 160.55938720703125 195.0535888671875 201.1491546630859375 188.972320556640625 187.0010223388671875 207.801239013671875 258.1353759765625 249.691192626953125 223.627349853515625 182.7258758544921875 206.8214569091796875 233.190277099609375 220.0298919677734375 217.404937744140625 216.25335693359375 168.68963623046875 134.2509002685546875 150.4609832763671875 175.97119140625 203.198089599609375 208.23724365234375 152.2406005859375 113.197784423828125 133.567840576171875 157.306121826171875 201.139068603515625 182.489349365234375 123.90612030029296875 142.4306640625
263.65960693359375 94.762664794921875 75.96358489990234375 12.996305465698242188 143.972930908203125 142.511993408203125 143.1296844482421875 150.23199462890625 151.0644073486328125 146.556976318359375 145.885162353515625 149.127685546875 147.1549072265625 131.819183349609375 253.8111724853515625 205.2530517578125 201.5411834716796875 229.573944091796875 283.60003662109375 309.804718017578125 307.251312255859375 292.67047119140625 172.7244415283203125 187.79168701171875 211.284698486328125 215.3620758056640625 209.931060791015625 225.9622650146484375 198.924224853515625 139.4667816162109375 127.990234375 164.8195648193359375 214.89019775390625 221.423248291015625 205.4628448486328125 128.088348388671875 89.99979400634765625 95.4407196044921875 169.8247528076171875 185.194244384765625 153.434600830078125 177.954132080078125
229.1847381591796875 150.944427490234375 84.80429840087890625 119.87534332275390625 140.388916015625 139.0692138671875 136.665496826171875 142.10919189453125 146.796905517578125 140.2782745361328125 127.95365142822265625 126.86989593505859375 4.3963809013366699219 342.757537841796875 329.825897216796875 354.47149658203125 333.7574462890625 312.06353759765625 295.05035400390625 301.62078857421875 323.173614501953125 13.636823654174804688 72.05062103271484375 172.87591552734375 267.235382080078125 274.397857666015625 284.48883056640625 244.0928192138671875 205.9210357666015625 163.6472930908203125 132.7538909912109375 139.610260009765625 231.6321563720703125 240.6035003662109375 221.1851806640625 183.5759429931640625 152.353057861328125 85.60057830810546875 103.17166900634765625 149.0356292724609375 154.53631591796875 188.65228271484375
223.6025543212890625 183.239532470703125 158.3551025390625 132.4433746337890625 133.8817291259765625 128.9906158447265625 125.5827178955078125 126.554595947265625 112.93183135986328125 81.02691650390625 77.00485992431640625 0.0015611466951668262482 324.0887451171875 341.5645751953125 318.365814208984375 329.034912109375 328.735198974609375 300.9625244140625 275.253143310546875 269.37445068359375 266.951263427734375 100.45105743408203125 92.0986785888671875 318.46722412109375 312.246734619140625 327.698699951171875 353.203216552734375 32.00579833984375 190.243927001953125 171.4084625244140625 158.278717041015625 152.3537445068359375 225.724578857421875 237.632537841796875 227.146697998046875 207.8009185791015625 187.252685546875 141.632568359375 114.7755126953125 106.60681915283203125 119.4753875732421875 171.5009613037109375
197.59210205078125 171.1930999755859375 153.666778564453125 128.6226959228515625 126.7238616943359375 120.2147369384765625 111.9113922119140625 106.57865142822265625 88.72745513916015625 73.81070709228515625 71.07508087158203125 350.53863525390625 309.919586181640625 339.273651123046875 335.322509765625 339.52691650390625 353.575897216796875 347.004119873046875 262.20703125 241.9398651123046875 220.521575927734375 153.718017578125 120.06797027587890625 293.59429931640625 296.636688232421875 319.736602783203125 25.85773468017578125 54.147064208984375 41.82018280029296875 80.21788787841796875 131.6983642578125 155.1854248046875 201.8784027099609375 225.39990234375 220.6378936767578125 204.1141204833984375 185.3140411376953125 165.410430908203125 149.2999725341796875 135.0002288818359375 97.92704010009765625 114.3253326416015625
188.392425537109375 151.699188232421875 132.1013336181640625 117.63031005859375 121.65889739990234375 129.379150390625 125.59651947021484375 95.19415283203125 44.999053955078125 41.18498992919921875 37.23473358154296875 340.26251220703125 332.621551513671875 346.726776123046875 346.12164306640625 350.20538330078125 11.227392196655273438 37.755153656005859375 108.4346923828125 231.841949462890625 232.4139862060546875 229.39739990234375 345.14068603515625 298.48150634765625 278.937164306640625 284.870361328125 68.5230255126953125 65.25029754638671875 38.332996368408203125 59.807926177978515625 89.075714111328125 126.253692626953125 188.84112548828125 222.3156280517578125 217.2709197998046875 201.0373382568359375 193.54266357421875 178.9384307861328125 159.8285980224609375 174.2252349853515625 139.3985137939453125 103.44802093505859375
203.1979827880859375 172.6474761962890625 102.8937530517578125 96.87891387939453125 106.16558074951171875 128.5953216552734375 301.372528076171875 5.9275603294372558594 16.320623397827148438 34.578960418701171875 34.114971160888671875 309.53900146484375 317.091278076171875 339.3756103515625 346.6689453125 19.79880523681640625 91.92156982421875 104.62053680419921875 117.89665985107421875 237.6990966796875 254.3573455810546875 279.10211181640625 325.69586181640625 304.34527587890625 278.917633056640625 274.76312255859375 101.65886688232421875 88.75415802001953125 64.13323974609375 73.9954833984375 77.90494537353515625 84.44002532958984375 139.1849517822265625 205.9736328125 210.0937957763671875 199.6917572021484375 201.859954833984375 192.482025146484375 163.201080322265625 173.1177215576171875 169.1955108642578125 152.1521148681640625
191.513336181640625 182.7478179931640625 168.597259521484375 116.4471282958984375 99.9860382080078125 88.1909027099609375 291.80084228515625 344.4998779296875 25.506593704223632812 42.157928466796875 39.559967041015625 283.078460693359375 272.96026611328125 223.1521759033203125 172.7854156494140625 146.05596923828125 138.792694091796875 131.9177093505859375 132.1374359130859375 231.1147003173828125 254.0185089111328125 263.969482421875 290.6058349609375 315.841796875 294.1063232421875 236.689056396484375 124.6948394775390625 125.75363922119140625 101.72496795654296875 81.13525390625 78.043243408203125 85.32547760009765625 110.5557098388671875 174.093170166015625 197.5068511962890625 200.7904205322265625 217.1035919189453125 221.633087158203125 163.8860931396484375 136.6840667724609375 144.2467193603515625 155.095367431640625
162.8693389892578125 174.8518218994140625 177.7281341552734375 144.3734130859375 104.65207672119140625 15.461108207702636719 285.672210693359375 235.304473876953125 353.154937744140625 48.814212799072265625 52.744678497314453125 288.434356689453125 264.676849365234375 153.4347686767578125 162.0123748779296875 162.050140380859375 82.72491455078125 70.05747222900390625 64.53652191162109375 298.739166259765625 285.085601806640625 284.830657958984375 302.987884521484375 318.55865478515625 326.579833984375 91.24518585205078125 125.272216796875 152.446990966796875 126.2532958984375 92.662841796875 92.26453399658203125 96.86606597900390625 103.348419189453125 129.5074615478515625 182.230926513671875 222.7683868408203125 250.952728271484375 261.026824951171875 314.999267578125 57.52858734130859375 61.990741729736328125 52.431125640869140625
113.13330078125 140.8695220947265625 172.568206787109375 130.91412353515625 58.392467498779296875 357.681976318359375 354.12213134765625 339.6759033203125 262.30242919921875 98.325531005859375 73.565521240234375 290.897247314453125 254.9814605712890625 109.37767791748046875 117.121368408203125 268.72607421875 350.43267822265625 32.9883575439453125 9.8778476715087890625 341.39178466796875 307.234100341796875 290.686920166015625 282.786041259765625 286.331298828125 39.28887939453125 95.50525665283203125 110.63758087158203125 165.9659423828125 118.61060333251953125 101.309906005859375 95.4690093994140625 95.76778411865234375 91.7358551025390625 78.1116943359375 67.6202239990234375 273.21478271484375 271.63592529296875 262.215728759765625 212.00567626953125 134.9988861083984375 114.22676849365234375 115.34586334228515625
95.2470245361328125 78.25458526611328125 88.91945648193359375 106.38887786865234375 359.996978759765625 311.42218017578125 45.000804901123046875 61.259883880615234375 149.03631591796875 131.3082427978515625 63.758197784423828125 306.86907958984375 234.4613800048828125 78.94355010986328125 70.9421234130859375 224.0447998046875 238.078521728515625 3.0130622386932373047 5.1283164024353027344 347.4703369140625 295.016082763671875 264.859588623046875 249.980621337890625 248.7372283935546875 142.5944061279296875 95.4402313232421875 87.5100250244140625 123.6906280517578125 114.4432373046875 84.95726776123046875 83.92743682861328125 87.5574798583984375 97.59429931640625 87.797149658203125 11.820599555969238281 302.470184326171875 281.13555908203125 234.865509033203125 194.45220947265625 175.4852294921875 152.5250244140625 132.954620361328125
128.172760009765625 141.28662109375 161.1999359130859375 176.1854095458984375 156.370330810546875 188.6727447509765625 176.8771820068359375 132.753875732421875 138.2392730712890625 157.9879913330078125 160.6019744873046875 175.205474853515625 198.43438720703125 191.3094940185546875 103.9454345703125 154.43975830078125 244.707366943359375 237.99383544921875 229.9683837890625 311.818756103515625 281.495941162109375 278.590667724609375 276.286285400390625 267.729034423828125 149.930450439453125 106.3356781005859375 81.326202392578125 81.8694915771484375 102.9941253662109375 96.14598846435546875 96.27407073974609375 94.27562713623046875 98.86409759521484375 108.4215850830078125 324.08929443359375 310.79364013671875 266.49554443359375 197.300689697265625 205.6146697998046875 203.9617919921875 165.9635162353515625 156.7999114990234375
111.48168182373046875 94.8433685302734375 327.993865966796875 4.398723602294921875 69.71744537353515625 159.9046630859375 176.7287139892578125 142.3522186279296875 150.2898712158203125 156.5947723388671875 167.4517364501953125 179.9996490478515625 193.9427947998046875 196.979248046875 151.1352081298828125 174.9865570068359375 258.895599365234375 263.2333984375 292.61956787109375 326.474761962890625 334.3184814453125 329.40313720703125 312.784515380859375 292.067291259765625 129.8049774169921875 127.14655303955078125 120.96379852294921875 103.67154693603515625 131.8216094970703125 115.51367950439453125 105.94503021240234375 98.22260284423828125 68.9623260498046875 344.0545654296875 300.963348388671875 295.016754150390625 155.55657958984375 172.8749237060546875 215.5365142822265625 215.3398590087890625 194.34954833984375 178.451080322265625
83.7513427734375 342.896484375 304.417724609375 51.2254638671875 99.59656524658203125 148.600189208984375 169.96453857421875 157.8463134765625 152.6499786376953125 153.97003173828125 166.10223388671875 184.1844482421875 197.3363494873046875 195.13543701171875 174.1629638671875 228.7078857421875 274.428863525390625 304.99127197265625 320.73992919921875 322.318328857421875 337.082275390625 337.81231689453125 307.98260498046875 183.0112152099609375 130.763641357421875 121.6756134033203125 129.8050994873046875 109.65242767333984375 103.23995208740234375 93.01276397705078125 85.3138580322265625 68.5229339599609375 32.005458831787109375 11.310266494750976562 307.874114990234375 294.444488525390625 98.97209930419921875 136.735076904296875 198.434478759765625 204.9434967041015625 192.8040313720703125 172.366424560546875
48.66762542724609375 14.264702796936035156 218.2894744873046875 143.3372344970703125 119.9404754638671875 138.6819610595703125 161.0587005615234375 160.5253753662109375 152.8917236328125 140.5993194580078125 59.0438232421875 326.3095703125 203.96392822265625 206.9957733154296875 270.64276123046875 297.094818115234375 301.360260009765625 312.1007080078125 320.603759765625 320.289398193359375 327.439208984375 87.70953369140625 160.640777587890625 168.2535400390625 164.3572845458984375 146.6895599365234375 129.2888946533203125 132.272796630859375 118.2999420166015625 101.57511138916015625 88.5118865966796875 71.939300537109375 42.064746856689453125 43.531341552734375 351.251922607421875 89.99979400634765625 106.92722320556640625 104.29969024658203125 183.0118865966796875 216.1182861328125 184.5379486083984375 160.01678466796875
81.87058258056640625 90.69048309326171875 134.2924957275390625 139.8385772705078125 131.3968963623046875 137.2344207763671875 151.83135986328125 174.035125732421875 320.598480224609375 351.644866943359375 6.0726575851440429688 14.183953285217285156 7.0277333259582519531 337.3056640625 312.900360107421875 306.572265625 312.960479736328125 316.44952392578125 318.790313720703125 342.029632568359375 144.8646240234375 131.1855316162109375 132.0388641357421875 163.3000640869140625 189.6370697021484375 190.008270263671875 135.0012359619140625 108.43614959716796875 119.53853607177734375 125.78873443603515625 113.87516021728515625 110.8207550048828125 114.67620086669921875 109.4388427734375 322.122894287109375 37.2339935302734375 43.408420562744140625 38.018718719482421875 27.072118759155273438 26.566082000732421875 137.2027587890625 135.000091552734375
142.4307403564453125 122.63716888427734375 113.2787017822265625 115.2877349853515625 111.88922882080078125 78.48555755615234375 4.5378441810607910156 340.807952880859375 332.5035400390625 344.156158447265625 3.2520153522491455078 9.9775209426879882812 355.178253173828125 340.226959228515625 324.688140869140625 307.4722900390625 310.082763671875 323.204010009765625 344.053558349609375 81.4163818359375 132.03887939453125 137.662750244140625 111.1609344482421875 138.01300048828125 240.5229949951171875 267.50933837890625 102.995361328125 126.11917877197265625 140.5050201416015625 130.9853973388671875 93.14469146728515625 74.7446441650390625 64.0244598388671875 21.501558303833007812 335.9241943359375 27.6455230712890625 16.260236740112304688 31.827671051025390625 44.999897003173828125 41.423526763916015625 62.927669525146484375 86.37834930419921875
109.1327362060546875 110.02569580078125 108.77771759033203125 91.6363983154296875 39.582836151123046875 359.999053955078125 353.31243896484375 352.061065673828125 1.2188196182250976562 348.11083984375 310.345947265625 346.650421142578125 355.251190185546875 339.414581298828125 299.227386474609375 263.338104248046875 253.57012939453125 267.4495849609375 345.464569091796875 39.442554473876953125 37.514720916748046875 53.004627227783203125 100.750946044921875 151.6989593505859375 206.5652923583984375 211.2927398681640625 150.06805419921875 125.888427734375 148.069122314453125 260.536773681640625 48.012939453125 41.18609619140625 36.8697509765625 13.39232635498046875 336.037750244140625 77.0052032470703125 110.55698394775390625 107.10372161865234375 46.90875244140625 35.13387298583984375 64.43970489501953125 89.99958038330078125
115.820281982421875 85.8146820068359375 66.1754150390625 22.225088119506835938 2.6677029132843017578 351.976654052734375 355.6947021484375 6.0824451446533203125 19.371616363525390625 10.007968902587890625 319.424072265625 320.598663330078125 19.01073455810546875 82.23528289794921875 222.878204345703125 233.82568359375 231.9466400146484375 232.4393157958984375 238.729034423828125 23.198335647583007812 48.19583892822265625 67.166259765625 81.8695831298828125 91.39621734619140625 221.8201904296875 204.675994873046875 134.0449981689453125 106.1134033203125 333.059326171875 328.798858642578125 28.77978515625 54.35303497314453125 49.399021148681640625 66.80225372314453125 130.6035614013671875 130.236053466796875 129.471710205078125 154.798828125 186.3402862548828125 111.50225067138671875 99.74350738525390625 108.18325042724609375
