wildfire/work/fuelmodels/1865/aspect.asc
ncols        380
nrows        283
xllcorner    186785.000000000000
yllcorner    454890.000000000000
cellsize     5.000000000000
NODATA_value   -999
[rows 133 to 151 of 283, columns 252 to 293 of 380]
97.43129730224609375 102.72415924072265625 122.47064971923828125 146.888427734375 192.7244720458984375 245.1365203857421875 250.2012939453125 116.5647735595703125 109.72229766845703125 107.03765106201171875 118.52297210693359375 218.1561279296875 67.83370208740234375 22.378660202026367188 323.971405029296875 353.046783447265625 45.001262664794921875 71.56378936767578125 271.84735107421875 244.9822998046875 258.68695068359375 326.308319091796875 5.1972832679748535156 107.44635009765625 97.12436676025390625 261.028167724609375 258.42425537109375 259.755218505859375 284.34814453125 324.08935546875 24.443897247314453125 351.868927001953125 266.4964599609375 170.0949249267578125 171.620635986328125 175.013519287109375 154.439697265625 143.206756591796875 175.3646087646484375 123.6906280517578125 95.710479736328125 254.2903289794921875
97.85366058349609375 128.5411224365234375 170.7059478759765625 156.370330810546875 203.20037841796875 252.8237762451171875 183.178863525390625 155.3760986328125 119.57816314697265625 80.92858123779296875 67.873565673828125 307.56817626953125 78.68735504150390625 6.3364458084106445312 296.56390380859375 69.77667999267578125 113.198455810546875 167.0062103271484375 222.61395263671875 196.5554962158203125 201.446990966796875 219.6853790283203125 159.4423828125 80.83763885498046875 67.3790130615234375 288.43865966796875 266.378204345703125 266.099273681640625 269.999664306640625 262.74615478515625 118.85572052001953125 154.440277099609375 255.5786895751953125 108.43450927734375 134.9991302490234375 174.535858154296875 157.5030364990234375 137.24505615234375 227.2025604248046875 216.254852294921875 66.0369110107421875 289.0252685546875
114.56684112548828125 113.3436126708984375 183.0118865966796875 185.8262786865234375 222.708404541015625 246.79986572265625 147.80438232421875 155.5556793212890625 134.9996795654296875 83.28960418701171875 92.67496490478515625 167.00482177734375 164.291168212890625 197.8497314453125 232.5937957763671875 131.1855316162109375 117.40700531005859375 158.4288177490234375 203.9617919921875 187.4301605224609375 188.4711761474609375 220.8401336669921875 198.4337615966796875 180.00067138671875 83.6597900390625 104.03857421875 261.655426025390625 257.10601806640625 227.29058837890625 187.333648681640625 162.1977691650390625 212.1950225830078125 269.99859619140625 79.64105987548828125 81.86992645263671875 78.690887451171875 98.9732208251953125 73.60916900634765625 231.34124755859375 229.969329833984375 293.1971435546875 301.2633056640625
120.1413421630859375 99.3600921630859375 129.80401611328125 190.619049072265625 229.3980255126953125 243.4342041015625 138.8145294189453125 293.197906494140625 334.65234375 91.42017364501953125 102.154815673828125 141.00885009765625 152.96868896484375 197.2996063232421875 218.9453277587890625 167.15216064453125 121.75951385498046875 105.642974853515625 244.65167236328125 216.869171142578125 168.6913604736328125 220.0999603271484375 204.4427032470703125 216.67425537109375 152.1026153564453125 21.802112579345703125 263.92706298828125 235.4907379150390625 196.857818603515625 166.13848876953125 174.521942138671875 226.709014892578125 223.3859100341796875 129.7376251220703125 112.126556396484375 114.677886962890625 136.9757843017578125 162.350250244140625 168.2312164306640625 213.6888275146484375 248.4975128173828125 255.14019775390625
102.09438323974609375 85.15621185302734375 57.804302215576171875 111.80139923095703125 213.1779022216796875 211.8654327392578125 186.3397674560546875 233.7457427978515625 164.744720458984375 108.68170928955078125 105.33290863037109375 108.4351348876953125 90.00147247314453125 303.110260009765625 286.698883056640625 145.12408447265625 164.7448272705078125 149.037506103515625 224.9994659423828125 220.236602783203125 150.2559356689453125 214.37762451171875 201.5004425048828125 212.1959686279296875 194.9306488037109375 187.814788818359375 202.37969970703125 222.753265380859375 206.5645751953125 144.727508544921875 163.6099395751953125 201.1042938232421875 209.8900604248046875 153.9698638916015625 126.70214080810546875 122.47048187255859375 119.40692138671875 167.00506591796875 186.3397674560546875 247.83367919921875 241.0904998779296875 206.916015625
104.85791015625 104.85843658447265625 126.46976470947265625 131.268463134765625 200.09478759765625 209.0541839599609375 203.874786376953125 234.7821197509765625 146.040435791015625 111.50096893310546875 103.09145355224609375 87.5097503662109375 87.5097503662109375 266.423004150390625 224.9994659423828125 113.74881744384765625 175.9138031005859375 170.5381622314453125 225.0003509521484375 249.44366455078125 96.341033935546875 275.19305419921875 134.9996795654296875 195.2558441162109375 206.5634765625 183.5029144287109375 201.6144866943359375 243.777679443359375 215.1343841552734375 137.2454833984375 149.300079345703125 200.771636962890625 226.635772705078125 177.5798797607421875 152.446990966796875 138.1790313720703125 81.572662353515625 354.093963623046875 338.196685791015625 333.432708740234375 190.7831268310546875 181.1013031005859375
134.9996795654296875 126.08461761474609375 124.56266021728515625 91.9736328125 326.31085205078125 249.4445648193359375 255.9633026123046875 249.34088134765625 131.5313262939453125 92.6751556396484375 89.21540069580078125 119.577972412109375 147.99365234375 196.1130523681640625 185.710662841796875 146.3093109130859375 149.0294647216796875 101.308013916015625 262.302947998046875 248.197265625 134.99853515625 209.054656982421875 168.6896820068359375 154.2895355224609375 247.6191558837890625 63.430431365966796875 214.6963958740234375 253.9671173095703125 213.6887359619140625 102.99510955810546875 113.631011962890625 218.6580963134765625 203.87408447265625 187.7646484375 192.0309906005859375 192.09478759765625 94.76251220703125 326.311676025390625 341.55987548828125 124.217132568359375 137.6017913818359375 44.9944305419921875
136.218353271484375 130.9854278564453125 160.5608978271484375 144.4637451171875 114.44488525390625 210.9624176025390625 253.2992095947265625 220.425537109375 157.9326934814453125 94.89892578125 93.8138275146484375 119.05449676513671875 140.193206787109375 149.03460693359375 225.00311279296875 294.441162109375 0 73.6107025146484375 243.43365478515625 191.3092498779296875 148.6707611083984375 196.260406494140625 181.27288818359375 163.609375 232.3057403564453125 179.99896240234375 168.023590087890625 233.25885009765625 194.4200286865234375 137.0447235107421875 16.188665390014648438 357.509063720703125 25.820783615112304688 333.43634033203125 222.1386566162109375 194.3483428955078125 169.5919189453125 198.434173583984375 179.9989013671875 119.9317779541015625 314.999267578125 338.74884033203125
105.06806182861328125 104.470062255859375 162.553009033203125 186.842437744140625 174.8047943115234375 177.70855712890625 201.4471893310546875 184.5139312744140625 189.7825164794921875 127.233917236328125 82.6938018798828125 74.93102264404296875 330.9442138671875 50.709392547607421875 299.05267333984375 286.696868896484375 81.87058258056640625 95.710479736328125 269.999359130859375 108.4346923828125 98.12921142578125 225.002197265625 201.0374908447265625 246.7963104248046875 263.65777587890625 162.8961181640625 168.11126708984375 212.4713592529296875 185.4395294189453125 209.4751739501953125 248.9623565673828125 12.992376327514648438 53.97220611572265625 87.879058837890625 158.4983673095703125 181.07989501953125 186.6329193115234375 209.357330322265625 173.3665771484375 205.348663330078125 288.9698486328125 298.73876953125
79.823883056640625 88.6023101806640625 127.23433685302734375 193.298248291015625 199.178131103515625 171.4685821533203125 170.7539520263671875 194.621337890625 231.709442138671875 166.60748291015625 100.653778076171875 96.11574554443359375 180.0039520263671875 145.3046875 224.996734619140625 217.40618896484375 159.775726318359375 125.537384033203125 273.01165771484375 356.632110595703125 44.9982757568359375 18.435634613037109375 113.19907379150390625 239.034393310546875 265.23468017578125 57.993865966796875 64.97975921630859375 225.0019073486328125 179.9964599609375 251.564453125 227.4361572265625 173.2899627685546875 169.0192718505859375 147.5285797119140625 132.7974700927734375 177.272674560546875 250.3453521728515625 251.561187744140625 116.56842041015625 259.822998046875 252.1201934814453125 222.613006591796875
163.609893798828125 129.92022705078125 138.691131591796875 196.503753662109375 207.4741363525390625 194.03643798828125 173.659942626953125 293.1976318359375 278.129150390625 127.56858062744140625 107.6220245361328125 98.971923828125 93.36579132080078125 191.3111724853515625 251.5622711181640625 210.9658355712890625 180.0032196044921875 111.80039215087890625 255.96295166015625 278.12884521484375 53.530426025390625 66.25087738037109375 83.65854644775390625 246.8015899658203125 234.865509033203125 198.4388580322265625 57.09270477294921875 71.56488037109375 243.4321746826171875 257.005279541015625 227.2906036376953125 164.7440032958984375 150.9458770751953125 151.387939453125 131.819122314453125 281.3115234375 295.34637451171875 339.443450927734375 8.1300830841064453125 291.032318115234375 250.9055328369140625 258.111083984375
170.3941802978515625 146.3095855712890625 150.5235137939453125 201.8016815185546875 230.356414794921875 215.1343841552734375 202.165252685546875 235.4899749755859375 215.909149169921875 133.5311279296875 108.99651336669921875 101.31037139892578125 101.31037139892578125 164.05462646484375 205.345001220703125 204.4422760009765625 198.4366607666015625 71.56925201416015625 273.814208984375 252.7581787109375 101.31221771240234375 72.64603424072265625 59.931095123291015625 341.572998046875 224.9994659423828125 225.0005645751953125 151.70050048828125 108.4346923828125 213.6870574951171875 237.26385498046875 241.697967529296875 179.9995880126953125 131.6336822509765625 149.9298858642578125 156.8018035888671875 292.889923095703125 311.186553955078125 11.311587333679199219 348.689239501953125 98.12725067138671875 258.2308349609375 257.82708740234375
172.874298095703125 138.364410400390625 104.02828216552734375 185.1954345703125 226.974822998046875 208.4948272705078125 205.8192291259765625 217.873626708984375 181.081146240234375 149.931365966796875 140.526885986328125 116.56586456298828125 76.60770416259765625 34.6968231201171875 326.30706787109375 303.691864013671875 270.010284423828125 293.1971435546875 300.960479736328125 237.9950408935546875 201.036590576171875 56.309520721435546875 61.698093414306640625 0 175.6031951904296875 225.0006256103515625 183.0129547119140625 111.0377044677734375 319.39898681640625 309.28857421875 254.0535888671875 172.5694122314453125 139.3994140625 104.0353546142578125 261.867523193359375 247.750213623046875 217.4046630859375 182.4878082275390625 157.6200103759765625 143.128448486328125 258.689300537109375 252.298858642578125
230.711151123046875 206.5667572021484375 11.311587333679199219 39.29039764404296875 284.03460693359375 272.48760986328125 201.796417236328125 178.7267608642578125 172.349517822265625 165.4650421142578125 179.99884033203125 191.3128509521484375 12.996796607971191406 356.6339111328125 1.5467182397842407227 11.307888984680175781 12.994832038879394531 315.003631591796875 224.9994659423828125 206.5623931884765625 0 0 0 0 233.1313018798828125 298.301055908203125 303.686859130859375 353.660064697265625 305.13433837890625 326.88909912109375 87.5097503662109375 163.3020782470703125 208.30126953125 89.99979400634765625 288.43865966796875 217.40618896484375 213.309906005859375 205.1998291015625 156.3711395263671875 212.9036865234375 281.6890869140625 300.963531494140625
273.363861083984375 314.99798583984375 345.963104248046875 29.7454833984375 345.963897705078125 266.184326171875 138.011932373046875 141.8431396484375 160.347381591796875 201.8016815185546875 254.056488037109375 251.5673828125 299.0555419921875 303.690216064453125 63.434803009033203125 63.433712005615234375 30.96111297607421875 0 0 0 0 0 0 0 0 0 0.0027318764477968215942 303.686859130859375 272.120880126953125 201.0356903076171875 92.4888458251953125 20.223852157592773438 348.685882568359375 264.801727294921875 336.79949951171875 8.9724874496459960938 310.234405517578125 283.390716552734375 349.5069580078125 328.70599365234375 302.470794677734375 261.383819580078125
295.015899658203125 310.48492431640625 356.986328125 53.74616241455078125 77.00618743896484375 161.5632171630859375 137.6017913818359375 122.47296905517578125 60.947315216064453125 158.965484619140625 0 0 0 0 0 0 0 0 0 0 0 0 0 0 0 0 0 0 243.436553955078125 156.0366973876953125 203.1966094970703125 322.1256103515625 54.46179962158203125 274.39910888671875 258.690032958984375 101.308013916015625 239.0395355224609375 265.23651123046875 288.433929443359375 307.8734130859375 343.608551025390625 200.5552825927734375
256.75872802734375 285.067626953125 89.99706268310546875 83.15655517578125 78.68988800048828125 113.19832611083984375 120.963470458984375 0 44.999897003173828125 0 0 0 0 0 0 0 0 0 0 0 0 0 0 0 0 0 0 0 192.5272064208984375 146.3104248046875 207.6444854736328125 239.6197662353515625 79.99212646484375 96.33890533447265625 221.63482666015625 161.5640411376953125 182.2898406982421875 210.4649505615234375 229.9693603515625 222.207244873046875 189.7833709716796875 141.33905029296875
214.379180908203125 0 0 0 0 0 0 0 0 0 0 0 0 0 0 0 0 0 0 0 0 0 0 0 0 0 44.999897003173828125 273.812835693359375 261.867523193359375 71.56488037109375 300.96563720703125 262.874786376953125 153.434600830078125 104.03728485107421875 230.7109222412109375 153.434600830078125 153.4302215576171875 243.43365478515625 233.128997802734375 213.68988037109375 209.876373291015625 189.1617279052734375
0 0 0 0 0 0 0 0 0 0 0 0 0 0 0 0 0 0 0 0 0 0 0 0 0 30.066606521606445312 9.4605274200439453125 307.405975341796875 321.710418701171875 27.644899368286132812 44.999897003173828125 236.3090972900390625 174.2877044677734375 127.40496826171875 265.598358154296875 327.525970458984375 14.037817955017089844 326.3095703125 243.4321746826171875 239.7425994873046875 262.233184814453125 246.79254150390625
