wildfire/work/fuelmodels/1865/slope.asc
ncols        380
nrows        283
xllcorner    186785.000000000000
yllcorner    454890.000000000000
cellsize     5.000000000000
NODATA_value   -999
[rows 34 to 50 of 283, columns 280 to 319 of 380]
2.8972249031066894531 1.4739105701446533203 1.59590911865234375 0.8537762761116027832 1.1960276365280151367 0.87544989585876464844 2.0146429538726806641 1.5667843818664550781 1.9417538642883300781 1.7568032741546630859 2.5064489841461181641 1.6970281600952148438 0.47729989886283874512 2.1179454326629638672 2.6525158882141113281 1.2778748273849487305 1.7842309474945068359 1.5908148288726806641 0.54371589422225952148 1.0818216800689697266 1.8673807382583618164 1.4790650606155395508 0.89148974418640136719 0.93634611368179321289 1.0186865329742431641 0.45224240422248840332 1.6510697603225708008 3.6903886795043945312 3.6710603237152099609 0.62675946950912475586 3.8936383724212646484 2.2748117446899414062 0.93582648038864135742 1.3592299222946166992 1.2798463106155395508 2.5331568717956542969 2.903148651123046875 2.852565765380859375 2.5837609767913818359 1.4639252424240112305
2.1265361309051513672 1.2149111032485961914 2.2940537929534912109 1.7472774982452392578 1.817966461181640625 1.3295147418975830078 1.066741943359375 1.8982703685760498047 2.7749373912811279297 1.7842352390289306641 1.6669179201126098633 1.540402531623840332 1.129887700080871582 2.3759450912475585938 2.1614573001861572266 0.94603228569030761719 1.8974653482437133789 1.4064475297927856445 0.95721441507339477539 1.050011754035949707 1.1913774013519287109 1.5115542411804199219 0.41364395618438720703 1.2445588111877441406 1.6310387849807739258 1.1136314868927001953 1.9466910362243652344 4.1336622238159179688 2.2326118946075439453 1.8137576580047607422 3.2798483371734619141 2.7763943672180175781 0.98841655254364013672 0.77681893110275268555 2.4692618846893310547 2.2933850288391113281 2.3708178997039794922 2.3742427825927734375 1.5911302566528320312 0.88635480403900146484
1.9059807062149047852 1.7218840122222900391 1.7828037738800048828 1.9676403999328613281 2.4519927501678466797 1.5974802970886230469 0.98019778728485107422 1.8988053798675537109 2.8804192543029785156 1.3080130815505981445 0.84004312753677368164 1.5390844345092773438 2.2643210887908935547 2.2736921310424804688 2.0423133373260498047 1.9281328916549682617 1.6297848224639892578 1.2392679452896118164 1.6766302585601806641 0.54092437028884887695 0.44661924242973327637 1.7009128332138061523 1.2224051952362060547 0.96771669387817382812 1.2195072174072265625 1.211597442626953125 1.7799659967422485352 2.9656977653503417969 1.7300966978073120117 1.9417469501495361328 1.7368096113204956055 2.2843420505523681641 1.9817270040512084961 2.4747803211212158203 2.4528045654296875 2.3935403823852539062 3.5875315666198730469 3.4255838394165039062 1.6297771930694580078 0.50311005115509033203
0.44661834836006164551 1.2510571479797363281 1.4405807256698608398 2.2034194469451904297 1.1330009698867797852 1.1529438495635986328 0.74281990528106689453 1.6501476764678955078 2.8095066547393798828 1.6424733400344848633 0.76497638225555419922 1.1026697158813476562 2.4513788223266601562 3.0641145706176757812 2.5520465373992919922 3.1196665763854980469 1.965308070182800293 1.4014093875885009766 1.7774132490158081055 0.19355744123458862305 0.25455144047737121582 0.68097501993179321289 0.34417486190795898438 0.34999376535415649414 0.37243053317070007324 0.79547923803329467773 1.4489870071411132812 1.2290141582489013672 1.694337010383605957 1.4229118824005126953 0.76497989892959594727 2.6086909770965576172 3.3060910701751708984 2.7469127178192138672 1.8510428667068481445 1.4032157659530639648 1.9344289302825927734 1.3948944807052612305 0.52670359611511230469 1.1956205368041992188
1.1772623062133789062 1.2474009990692138672 0.50311386585235595703 1.6254422664642333984 0.95509797334671020508 1.7429109811782836914 0.88235479593276977539 2.0915038585662841797 3.1808149814605712891 1.8513317108154296875 0.80308759212493896484 0.70074796676635742188 0.79801249504089355469 3.0277636051177978516 3.2722909450531005859 3.1245388984680175781 2.4497132301330566406 1.6547483205795288086 1.2178418636322021484 0.83520609140396118164 0.94603145122528076172 0.73804843425750732422 0.7903620600700378418 0.54744452238082885742 0.41487860679626464844 0.78587448596954345703 1.369626164436340332 0.70074856281280517578 0.28813949227333068848 1.5357995033264160156 2.3153471946716308594 1.4690991640090942383 1.6886428594589233398 1.9534224271774291992 1.4957232475280761719 0.28637775778770446777 1.6593196392059326172 2.262310028076171875 1.23926544189453125 0.85615098476409912109
0.48151984810829162598 0.99455428123474121094 0.51798200607299804688 1.2607188224792480469 0.79801583290100097656 0.91170388460159301758 1.228184819221496582 2.2685568332672119141 3.3726747035980224609 1.8781868219375610352 0.48467123508453369141 1.2095016241073608398 0.57363933324813842773 2.0032966136932373047 4.0475172996520996094 2.8804192543029785156 2.2052407264709472656 2.1642653942108154297 0.95509237051010131836 0.54186761379241943359 1.1699272394180297852 1.011198878288269043 0.6395740509033203125 0.44204175472259521484 0.4522330164909362793 1.3770053386688232422 0.85379803180694580078 0.58498799800872802734 1.4666945934295654297 2.7130124568939208984 2.0701165199279785156 0.8112265467643737793 0.44545954465866088867 0.76430040597915649414 1.3528902530670166016 2.0876514911651611328 1.3423895835876464844 2.0725753307342529297 1.7955408096313476562 0.47302430868148803711
0.43279692530632019043 0.76958042383193969727 0.61204612255096435547 1.229002833366394043 1.3056967258453369141 1.3091815710067749023 1.1209043264389038086 1.8452811241149902344 2.7217695713043212891 1.9594019651412963867 1.0062001943588256836 0.77680200338363647461 1.1472071409225463867 2.171260833740234375 3.4289913177490234375 2.5213329792022705078 2.0093524456024169922 2.1635727882385253906 1.8204429149627685547 1.3457623720169067383 1.0201760530471801758 1.0538469552993774414 1.6050677299499511719 1.4032166004180908203 0.61454921960830688477 1.4957306385040283203 0.89320433139801025391 1.0971473455429077148 2.577465057373046875 2.6154372692108154297 1.2982821464538574219 0.38446754217147827148 0.13119196891784667969 1.059605717658996582 0.71789008378982543945 1.4444301128387451172 1.4666867256164550781 1.4977588653564453125 1.5515366792678833008 0.73251748085021972656
1.5541321039199829102 1.3172538280487060547 0.86848521232604980469 1.156888127326965332 1.4207748174667358398 1.4597785472869873047 1.8160043954849243164 2.9013960361480712891 2.0033137798309326172 1.8212988376617431641 0.22946062684059143066 0.93581575155258178711 1.6937216520309448242 1.7613967657089233398 3.0442545413970947266 2.3138041496276855469 1.4207679033279418945 1.3890837430953979492 1.4490008354187011719 1.5667837858200073242 0.94603145122528076172 0.19354547560214996338 0.53337812423706054688 1.3106999397277832031 1.3153368234634399414 1.1140857934951782227 1.8221300840377807617 2.809513092041015625 2.7542438507080078125 1.5908124446868896484 0.73251748085021972656 0.72627723217010498047 0.2565453946590423584 1.3618550300598144531 0.90109723806381225586 0.40748181939125061035 0.68689304590225219727 1.1383581161499023438 2.19721221923828125 1.3773502111434936523
2.2063870429992675781 1.7359461784362792969 0.92766839265823364258 0.45560061931610107422 0.56919372081756591797 0.86558270454406738281 1.9748398065567016602 3.6551797389984130859 2.2280743122100830078 1.0226665735244750977 0.58499658107757568359 0.84244596958160400391 1.2885016202926635742 1.7842416763305664062 3.529621124267578125 1.9534384012222290039 0.66896975040435791016 1.1298754215240478516 1.1682078838348388672 1.7245323657989501953 1.2474018335342407227 0.32449612021446228027 0.36279198527336120605 0.30185577273368835449 1.7524544000625610352 2.3299431800842285156 2.9597268104553222656 2.738605499267578125 1.0634229183197021484 0.40748181939125061035 1.04660797119140625 1.0226422548294067383 0.46328321099281311035 1.2893031835556030273 1.4086016416549682617 1.7501517534255981445 1.5959106683731079102 1.0388576984405517578 1.7955437898635864258 2.3100831508636474609
0.44660627841949462891 0.61782735586166381836 0.95509797334671020508 0.45000657439231872559 0.89149194955825805664 1.0495359897613525391 2.0519590377807617188 3.303630828857421875 2.1563067436218261719 0.61781549453735351562 0.75095230340957641602 0.88749939203262329102 1.3141710758209228516 2.5607633590698242188 3.8440430164337158203 1.5885922908782958984 0.39870220422744750977 0.99910879135131835938 1.1529406309127807617 1.500807642936706543 1.5168998241424560547 0.60373926162719726562 0.18552917242050170898 0.54928177595138549805 2.5876629352569580078 2.18497467041015625 1.418980717658996582 1.3141832351684570312 1.6544338464736938477 1.5433434247970581055 1.5390738248825073242 1.1136314868927001953 0.39869636297225952148 0.34418833255767822266 0.90110623836517333984 0.75096923112869262695 0.17135298252105712891 1.0359437465667724609 1.4317729473114013672 2.0173978805541992188
0.52669847011566162109 0.2012503892183303833 0.44660711288452148438 1.0147156715393066406 1.6163970232009887695 2.1635727882385253906 2.5894322395324707031 2.6745331287384033203 1.3498953580856323242 0.98687958717346191406 1.2920387983322143555 1.0543298721313476562 1.1140857934951782227 2.7469232082366943359 3.7972512245178222656 2.1914281845092773438 1.1811369657516479492 0.88751113414764404297 1.3153368234634399414 1.3566359281539916992 1.0766566991806030273 0.8112265467643737793 1.2534754276275634766 1.7748409509658813477 2.1563067436218261719 1.0577015876770019531 1.2885226011276245117 1.3291181325912475586 1.1494176387786865234 0.4772974550724029541 0.6112213134765625 0.25654390454292297363 0.91113811731338500977 0.2485202401876449585 0.45559132099151611328 1.0989965200424194336 0.78587448596954345703 1.7731336355209350586 1.761393427848815918 0.58066117763519287109
1.6874483823776245117 0.61205178499221801758 0.57276189327239990234 0.31819429993629455566 1.1131905317306518555 2.6404860019683837891 3.1172716617584228516 1.9155045747756958008 0.91114658117294311523 1.1249380111694335938 1.4759856462478637695 1.3592467308044433594 1.8923951387405395508 3.060321807861328125 2.9212079048156738281 1.7440599203109741211 1.6204521656036376953 0.96615672111511230469 1.3103301525115966797 1.6050822734832763672 0.5333817601203918457 1.466678619384765625 2.6110043525695800781 2.3405478000640869141 1.8364986181259155273 0.9249337315559387207 0.99910879135131835938 0.11473218351602554321 0.51305949687957763672 0.44204786419868469238 0.76960444450378417969 0.36280050873756408691 0.74281102418899536133 0.86557829380035400391 1.4691013097763061523 0.96981477737426757812 0.69784349203109741211 2.4053375720977783203 1.304510951042175293 1.3378292322158813477
1.1031435728073120117 0.98637884855270385742 0.13120962679386138916 0.54466712474822998047 2.4164774417877197266 3.2838633060455322266 2.1635692119598388672 1.0519254207611083984 1.3861496448516845703 0.86556845903396606445 1.2115918397903442383 0.28461056947708129883 2.4629011154174804688 3.8557226657867431641 2.4329397678375244141 1.5834804773330688477 2.1914479732513427734 0.65597224235534667969 0.79611033201217651367 1.9131454229354858398 1.5978256464004516602 2.4514036178588867188 2.3466095924377441406 1.2983070611953735352 0.72559237480163574219 0.6275774836540222168 1.6476935148239135742 1.2178418636322021484 1.6310315132141113281 1.3813956975936889648 1.046630859375 0.63639032840728759766 1.1879630088806152344 2.2414247989654541016 1.2044643163681030273 0.68835985660552978516 1.6400139331817626953 2.8080785274505615234 1.059605717658996582 1.9260458946228027344
0.54466712474822998047 1.032501220703125 0.55661660432815551758 0.095455490052700042725 2.8374500274658203125 2.887790679931640625 0.90445429086685180664 0.93148088455200195312 1.4405776262283325195 1.2294137477874755859 0.4970398247241973877 1.7501558065414428711 3.2981281280517578125 3.0017681121826171875 1.9696848392486572266 2.0531914234161376953 2.1006939411163330078 0.35575437545776367188 1.2703289985656738281 1.878182530403137207 1.336718440055847168 1.9281574487686157227 1.4514191150665283203 1.6050822734832763672 0.35574898123741149902 0.24852178990840911865 0.98841810226440429688 1.9534417390823364258 2.2640964984893798828 2.1635501384735107422 2.2907440662384033203 1.5235595703125 2.4185667037963867188 2.0045721530914306641 0.70650255680084228516 0.87545740604400634766 1.9789102077484130859 1.7785463333129882812 0.8406499028205871582 2.1057398319244384766
0.98687994480133056641 1.2885081768035888672 0.85616815090179443359 0.31338417530059814453 2.4692523479461669922 3.3280208110809326172 0.84724855422973632812 1.5367753505706787109 1.1026697158813476562 1.8270903825759887695 0.71503686904907226562 2.3190624713897705078 3.0616259574890136719 1.585084080696105957 1.1258494853973388672 2.7483885288238525391 1.7428995370864868164 1.6693644523620605469 1.3382315635681152344 1.4229031801223754883 1.6238769292831420898 1.8942472934722900391 1.7315462827682495117 1.3813866376876831055 2.0022947788238525391 2.0482585430145263672 1.6254315376281738281 2.1057279109954833984 1.609784245491027832 1.5619261264801025391 2.167057037353515625 2.5706076622009277344 3.5404698848724365234 2.3258011341094970703 1.5007805824279785156 1.5850676298141479492 2.1987996101379394531 1.1190627813339233398 0.56651818752288818359 1.3321613073348999023
1.1582001447677612305 1.4204145669937133789 1.2727122306823730469 0.517993927001953125 2.7038607597351074219 3.14823150634765625 0.43278351426124572754 2.4528284072875976562 1.8389847278594970703 2.6148869991302490234 2.0086026191711425781 2.2325892448425292969 2.7986860275268554688 1.3547719717025756836 1.1529438495635986328 2.4528295993804931641 1.0971599817276000977 1.7731317281723022461 0.70073586702346801758 0.86557561159133911133 1.3056801557540893555 2.6849150657653808594 2.2836873531341552734 1.5667947530746459961 1.6648182868957519531 2.1877472400665283203 2.5195348262786865234 2.3554022312164306641 1.7133374214172363281 1.9720017910003662109 2.4009308815002441406 3.7748343944549560547 4.0398974418640136719 3.1640882492065429688 2.7776587009429931641 2.1911950111389160156 2.2914180755615234375 1.4426850080490112305 0.8112265467643737793 0.36279731988906860352
1.3592379093170166016 1.5525145530700683594 1.5225617885589599609 2.1988108158111572266 2.7483792304992675781 2.14502716064453125 0.8030707240104675293 2.4707174301147460938 0.51011687517166137695 3.0854845046997070312 2.6905636787414550781 1.9091620445251464844 2.4706835746765136719 0.92931038141250610352 1.7394279241561889648 2.0951435565948486328 0.16223430633544921875 0.56384640932083129883 0.9822533726692199707 0.35575437545776367188 1.1776919364929199219 1.6000308990478515625 1.686272740364074707 1.9593982696533203125 1.7300994396209716797 1.7405942678451538086 1.9534417390823364258 1.7842307090759277344 1.6934480667114257812 2.2714602947235107422 2.7667186260223388672 3.0642843246459960938 2.4164814949035644531 2.7189853191375732422 3.3004331588745117188 2.6532909870147705078 1.4289476871490478516 0.51798200607299804688 1.1383527517318725586 0.662128448486328125
