wildfire/work/fuelmodels/1865/slope.asc
ncols        380
nrows        283
xllcorner    186785.000000000000
yllcorner    454890.000000000000
cellsize     5.000000000000
NODATA_value   -999
[rows 153 to 169 of 283, columns 240 to 279 of 380]
0.9884173274040222168 1.5008022785186767578 2.1341385841369628906 2.2063925266265869141 2.2210071086883544922 2.2765779495239257812 2.0490083694458007812 1.4831680059432983398 1.0733720064163208008 0.1006329953670501709 0.071150146424770355225 0 0 0 0 0 0 0 0 0 0 0 0 0 0 0 0 0 0 0 0 0 0 0 0 0 0.090002030134201049805 0.34271144866943359375 0.35575437545776367188 0.15910615026950836182
0.9822533726692199707 1.0695930719375610352 1.7524634599685668945 1.2240520715713500977 0.62676072120666503906 0.92493581771850585938 0.52671462297439575195 0.54093647003173828125 0.63956075906753540039 0.25455144047737121582 0 0 0 0 0 0 0 0 0 0 0 0 0 0 0 0 0 0 0 0 0 0 0 0 0.77680200338363647461 0.15909157693386077881 0.50312310457229614258 0.74283504486083984375 0.58413153886795043945 0.300189971923828125
0.79737716913223266602 0.31977838277816772461 1.2240520715713500977 1.89239501953125 0.86907303333282470703 0.22500982880592346191 0.13500298559665679932 0.44204786419868469238 0.26239809393882751465 0.3871091008186340332 0.25455144047737121582 0 0 0 0 0 0 0 0 0 0 0 0 0 0 0 0 0 0 0 0 0 0.04500102996826171875 0.517993927001953125 1.0186865329742431641 0.87775933742523193359 1.0186983346939086914 0.60456281900405883789 0.31498876214027404785 0.41487768292427062988
0.71150302886962890625 0.75634533166885375977 0.49703201651573181152 1.6050734519958496094 1.7133278846740722656 1.2998503446578979492 0.84545993804931640625 0.26999679207801818848 0.41486746072769165039 0.30185577273368835449 0.35143780708312988281 0 0 0 0 0 0 0 0 0 0 0 0 0 0 0 0 0 0 0 0 0.1622485816478729248 0.063641056418418884277 0.28461599349975585938 0.49704757332801818848 0.35146090388298034668 0.35146200656890869141 0.23165397346019744873 0.28813949227333068848 0.071150146424770355225
0.99405705928802490234 1.0576897859573364258 1.4804236888885498047 2.8566212654113769531 3.6814830303192138672 3.1269512176513671875 2.1127023696899414062 0.089984863996505737305 0.31976628303527832031 0.60035270452499389648 0.47729989886283874512 0 0 0 0 0 0 0 0 0 0 0 0 0 0 0 0 0 0 0 0 0.1622485816478729248 0.13118608295917510986 0.38842317461967468262 0.57363933324813842773 0.5867188572883605957 0.48466008901596069336 0.300189971923828125 0.61781984567642211914 0.92494165897369384766
2.1614558696746826172 2.2015759944915771484 2.3138272762298583984 2.2685685157775878906 2.2533609867095947266 3.3726565837860107422 3.0349409580230712891 0.50312006473541259766 0.18553957343101501465 0.48465529084205627441 0.38842019438743591309 0 0 0 0 0 0 0 0 0 0 0 0 0 0 0 0 0 0.044992443174123764038 0.071139290928840637207 0.031814463436603546143 0.031814463436603546143 0.27187606692314147949 0.66442018747329711914 0.64898854494094848633 0.32450562715530395508 0.46329820156097412109 0.62756699323654174805 0.95719867944717407227 1.1026608943939208984
1.9678727388381958008 1.9583431482315063477 1.6907436847686767578 0.73460429906845092773 1.2982990741729736328 3.1846163272857666016 3.2426571846008300781 1.8814182281494140625 1.4175552129745483398 1.0576727390289306641 0.99912816286087036133 0.28461599349975585938 0.22500982880592346191 0.10062915831804275513 0 0 0 0 0 0 0 0 0 0 0 0 0 0 0.031814463436603546143 0.071139290928840637207 0.04500102996826171875 0.19092290103435516357 0.2565453946590423584 0.65289574861526489258 0.66211849451065063477 0.89829283952713012695 1.6050806045532226562 1.5754752159118652344 1.1099816560745239258 0.85614281892776489258
1.7510294914245605469 1.452486872673034668 0.96774107217788696289 1.2538857460021972656 2.3405582904815673828 4.3168044090270996094 5.8589792251586914062 5.7989587783813476562 4.5090274810791015625 3.2448265552520751953 1.9531764984130859375 0.66896796226501464844 0.39871284365653991699 0.031814463436603546143 0 0 0 0 0 0 0 0 0 0 0 0 0 0 0.33826845884323120117 0.32760864496231079102 0.29336649179458618164 0.50911098718643188477 0.54093718528747558594 0.41367009282112121582 1.1031399965286254883 1.4289357662200927734 0.97138035297393798828 1.0147156715393066406 1.169943690299987793 1.0127176046371459961
1.0543409585952758789 1.3241764307022094727 2.5469102859497070312 3.1860642433166503906 2.9120266437530517578 2.8953142166137695312 3.7266271114349365234 4.1509656906127929688 4.30779266357421875 4.55345916748046875 3.9976890087127685547 2.6648809909820556641 1.3141832351684570312 0.51798272132873535156 0.33826845884323120117 0 0 0 0 0 0 0 0 0 0 0 0 0.21346093714237213135 0.3322245180606842041 0.31340020895004272461 0.22945725917816162109 0.37106925249099731445 0.27372127771377563477 0.071139290928840637207 1.3498953580856323242 1.3172682523727416992 0.45000657439231872559 0.6315835118293762207 0.45224240422248840332 0.44205397367477416992
1.1772753000259399414 2.0912904739379882812 2.7461633682250976562 1.7192342281341552734 1.2534644603729248047 1.1141103506088256836 1.2703244686126708984 1.4831502437591552734 2.0630259513854980469 3.0957834720611572266 4.0158371925354003906 3.4372284412384033203 2.3774454593658447266 0.8130957484245300293 0.18001244962215423584 0 0 0 0 0 0 0 0 0 0 0 0 0.090002030134201049805 0.28814083337783813477 0.21343924105167388916 0.044983860105276107788 0.17134170234203338623 0.49396187067031860352 0.30017969012260437012 1.1533685922622680664 1.2727122306823730469 0.75632697343826293945 1.260706782341003418 0.24232941865921020508 0.39869737625122070312
1.7006014585494995117 3.666103363037109375 0.55570596456527709961 2.3485465049743652344 2.5868959426879882812 2.0166618824005126953 1.3685220479965209961 0.98018556833267211914 0.56384640932083129883 1.4817962646484375 3.0578155517578125 3.9631848335266113281 2.7891106605529785156 0.63399606943130493164 0.39359724521636962891 0 0 0 0 0 0 0 0 0 0 0 0 0.49498918652534484863 0.21344466507434844971 0.55569690465927124023 0.69783461093902587891 0.76497328281402587891 1.0261204242706298828 1.0325045585632324219 0.52477997541427612305 0.55570322275161743164 1.2587075233459472656 1.440556645393371582 0.6315835118293762207 0.58672809600830078125
1.4957232475280761719 3.0503914356231689453 3.6638784408569335938 3.993137359619140625 2.8438584804534912109 1.9969849586486816406 1.2157526016235351562 0.84066188335418701172 1.6288597583770751953 2.0912790298461914062 3.940174102783203125 4.9931063652038574219 2.5229420661926269531 0.28812745213508605957 0.25653937458992004395 0 0 0 0 0 0 0 0 0 0.063641056418418884277 0.12729418277740478516 0.35000589489936828613 0.63161653280258178711 0.96929365396499633789 0.86904597282409667969 0.56292551755905151367 0.79801881313323974609 0.82545113563537597656 0.42690318822860717773 0.25455144047737121582 0.2845833897590637207 1.3529006242752075195 1.3172415494918823242 0.35146090388298034668 0.89999061822891235352
0.73802429437637329102 1.7501573562622070312 3.7271687984466552734 2.8628141880035400391 1.1879494190216064453 0.49397355318069458008 0.49499776959419250488 2.0776896476745605469 2.8030285835266113281 2.1038212776184082031 5.4774236679077148438 5.6248521804809570312 1.8011521100997924805 0.41364583373069763184 0 0 0 0 0 0 0 0 0 0 0.031814463436603546143 0.19356943666934967041 0.89149886369705200195 0.63399547338485717773 1.4896361827850341797 1.1879494190216064453 0.64033526182174682617 0.64430630207061767578 0.19354547560214996338 0.53340488672256469727 0.13120080530643463135 0.48569914698600769043 1.3592296838760375977 1.4896019697189331055 1.1581845283508300781 1.4046472311019897461
0.38709911704063415527 1.9352176189422607422 1.2473888397216796875 1.3378349542617797852 1.5667843818664550781 1.6276102066040039062 1.9860560894012451172 2.8961744308471679688 3.45656585693359375 2.2137155532836914062 7.6579556465148925781 5.4212012290954589844 0.66210860013961791992 0.35575437545776367188 0.44319730997085571289 0.36279731988906860352 0.49702271819114685059 0 0 0 0 0.14230020344257354736 0.19093506038188934326 0.071155570447444915771 0.21347180008888244629 0.071155570447444915771 1.0672403573989868164 0.67424291372299194336 0.92767876386642456055 0.78004539012908935547 0.89149194955825805664 0.78587448596954345703 0.18554790318012237549 0.23165397346019744873 0.79801487922668457031 1.0695768594741821289 1.6889346837997436523 1.7206999063491821289 1.1807107925415039062 1.0388587713241577148
1.6424776315689086914 2.3708391189575195312 3.0912103652954101562 2.9396634101867675781 1.3241454362869262695 2.2807857990264892578 2.6003432273864746094 3.3478724956512451172 2.9583477973937988281 3.0916974544525146484 8.7083864212036132812 4.6538362503051757812 0.37245339155197143555 0.18554165959358215332 0.45224240422248840332 0.28637775778770446777 0.80118060111999511719 0.22946062684059143066 0.3724575340747833252 0 0 0.48466008901596069336 0.59444636106491088867 0.38841319084167480469 0.47836786508560180664 0.43280050158500671387 0.98227542638778686523 1.4317729473114013672 1.0359303951263427734 0.96299123764038085938 1.8411610126495361328 0.92765223979949951172 0.71504551172256469727 0.60541141033172607422 1.2095019817352294922 1.3977888822555541992 1.8160043954849243164 1.7918890714645385742 1.0422852039337158203 0.45891830325126647949
0.50310623645782470703 1.9477343559265136719 3.0894129276275634766 3.3284926414489746094 3.2568271160125732422 3.2350180149078369141 3.1908216476440429688 3.0985693931579589844 1.3725962638854980469 5.1221966743469238281 7.8734622001647949219 3.823749542236328125 0.83278608322143554688 1.0504934787750244141 0.4432016909122467041 0.20373816788196563721 0.45224240422248840332 0.46330985426902770996 0.54094862937927246094 0.089993447065353393555 0.13501156866550445557 0.27187180519104003906 0.66896796226501464844 0.77681195735931396484 0.72699648141860961914 0.54187047481536865234 0.51307010650634765625 0.48674869537353515625 0.67498558759689331055 1.574833989143371582 1.4374163150787353516 0.33825930953025817871 0.8297405242919921875 0.92275708913803100586 1.4666774272918701172 1.6254451274871826172 1.6572072505950927734 1.1140978336334228516 0.41487860679626464844 0.15911585092544555664
2.5960624217987060547 2.3706204891204833984 1.718358159065246582 2.1088573932647705078 2.8369121551513671875 2.8183159828186035156 3.5972433090209960938 2.9057581424713134766 2.92950439453125 6.6578655242919921875 5.6189479827880859375 3.1603963375091552734 1.2006789445877075195 1.3080118894577026367 1.5590076446533203125 0.60372775793075561523 0.49499776959419250488 0.62677675485610961914 0.17134846746921539307 0.31821614503860473633 0.18553541600704193115 0.44999799132347106934 0.40248724818229675293 0.56384640932083129883 0.14230020344257354736 0.063653193414211273193 0.15910857915878295898 0.28814083337783813477 0.7269789576530456543 1.1581847667694091797 0.28459969162940979004 0.61206567287445068359 1.1776949167251586914 1.0948315858840942383 1.5007805824279785156 1.3536546230316162109 1.2194986343383789062 0.6559575200080871582 0.63715839385986328125 0.59186214208602905273
