wildfire/work/fuelmodels/1865/slope.asc
ncols        380
nrows        283
xllcorner    186785.000000000000
yllcorner    454890.000000000000
cellsize     5.000000000000
NODATA_value   -999
[rows 102 to 118 of 283, columns 0 to 39 of 380]
0 2.91965484619140625 3.8525815010070800781 4.1490345001220703125 4.0358953475952148438 4.3854556083679199219 4.4877290725708007812 1.3977888822555541992 1.3060953617095947266 3.2630128860473632812 2.8450951576232910156 0.76497989892959594727 4.4640355110168457031 6.5098896026611328125 7.0513162612915039062 6.669979095458984375 5.25775146484375 3.3060965538024902344 3.0404200553894042969 5.7286486625671386719 6.6916117668151855469 5.3217787742614746094 4.3894853591918945312 4.0213689804077148438 3.2191987037658691406 2.1201136112213134766 0.99911618232727050781 0.52956938743591308594 0.88750809431076049805 1.1993967294692993164 1.0166878700256347656 0.78264296054840087891 0.37108173966407775879 0.095455490052700042725 0.3427092134952545166 0.67648398876190185547 0.42453116178512573242 0.48151984810829162598 0.89828336238861083984 1.6079115867614746094
0 3.6836915016174316406 3.8833947181701660156 2.9170565605163574219 2.8459792137145996094 3.9810938835144042969 4.3671326637268066406 2.5169394016265869141 0.73459851741790771484 1.4013999700546264648 2.4078707695007324219 2.0221502780914306641 1.5538095235824584961 4.0842676162719726562 5.619029998779296875 4.328121185302734375 4.3019127845764160156 4.483325958251953125 5.7075967788696289062 7.24764251708984375 6.5105347633361816406 5.5500473976135253906 4.9155535697937011719 3.1745998859405517578 1.9819576740264892578 1.1330031156539916992 1.2538715600967407227 1.1960169076919555664 0.96771949529647827148 0.48149737715721130371 0.61453789472579956055 1.2715126276016235352 0.38446250557899475098 0.62677061557769775391 0.35999774932861328125 0.063628919422626495361 0.41851273179054260254 0.70001333951950073242 1.3498935699462890625 1.378452301025390625
0 3.8634486198425292969 4.4250054359436035156 2.9702906608581542969 2.7667040824890136719 3.3334817886352539062 3.2314100265502929688 3.0329403877258300781 3.2746126651763916016 2.6890544891357421875 2.2414247989654541016 1.4089585542678833008 2.4009242057800292969 4.4589467048645019531 4.6533985137939453125 3.206127166748046875 2.7689106464385986328 3.7756454944610595703 6.6029629707336425781 8.6418819427490234375 6.7572007179260253906 4.9168043136596679688 4.0512495040893554688 0.61203980445861816406 1.5115250349044799805 0.54743748903274536133 0.6112194061279296875 0.089993447065353393555 0.31977838277816772461 0.063641056418418884277 0.33824104070663452148 1.0364421606063842773 1.972782135009765625 1.3080118894577026367 0.41487768292427062988 0.31977957487106323242 0.52186048030853271484 1.1841080188751220703 1.3773649930953979492 0.6489766240119934082
0 4.7435817718505859375 4.92806243896484375 3.7157557010650634766 3.2942876815795898438 2.4385466575622558594 1.2376222610473632812 2.2533471584320068359 2.6017050743103027344 1.1681959629058837891 0.73253589868545532227 1.7682766914367675781 3.78765106201171875 3.2262492179870605469 2.4528129100799560547 3.14742279052734375 3.19983673095703125 4.3032317161560058594 7.0992951393127441406 10.09868621826171875 9.3479442596435546875 6.0200867652893066406 4.2670621871948242188 1.9088971614837646484 0.98993980884552001953 1.0261263847351074219 0.86556220054626464844 0.67498391866683959961 0.43278801441192626953 0.16225810348987579346 0.3149973452091217041 0.64899092912673950195 0.42452841997146606445 1.2182565927505493164 0.78587007522583007812 0.51307308673858642578 1.083691716194152832 1.5433657169342041016 1.1190893650054931641 0.28638991713523864746
0 3.2784476280212402344 4.2450132369995117188 4.1161718368530273438 2.7621455192565917969 1.6310315132141113281 0.82974326610565185547 0.47836947441101074219 1.4461972713470458984 0.87372738122940063477 0.95456326007843017578 2.30635833740234375 2.8695163726806640625 0.76895421743392944336 0.98689514398574829102 3.0879240036010742188 4.6294808387756347656 5.1976056098937988281 6.5154657363891601562 10.002849578857421875 11.736607551574707031 6.8483996391296386719 2.9239757061004638672 2.9941926002502441406 1.5774171352386474609 1.2478290796279907227 0.41365793347358703613 0.91004997491836547852 1.1298818588256835938 0.94228690862655639648 0.45559638738632202148 0.31820401549339294434 1.5850938558578491211 1.5118882656097412109 0.73254120349884033203 0.8614749908447265625 1.7570912837982177734 1.8045374155044555664 1.0695765018463134766 0.83703327178955078125
0 2.8707280158996582031 4.8005323410034179688 6.9396204948425292969 5.007930755615234375 0.13120080530643463135 0.81494688987731933594 1.3457742929458618164 0.65596872568130493164 1.9155247211456298828 3.2138724327087402344 4.4657497406005859375 5.6804513931274414062 4.8262176513671875 4.61639404296875 5.5867557525634765625 6.2525129318237304688 6.3141489028930664062 6.4654822349548339844 9.7947673797607421875 13.394959449768066406 7.9444222450256347656 1.5088738203048706055 1.763979792594909668 1.6288597583770751953 0.41488790512084960938 0.51307308673858642578 0.91114312410354614258 0.95455592870712280273 1.2951812744140625 0.73252904415130615234 1.1177263259887695312 0.99606698751449584961 0.34271597862243652344 0.72629845142364501953 1.4416415691375732422 1.6304033994674682617 0.68833297491073608398 0.65520149469375610352 0.50310623645782470703
0 0.15909886360168457031 2.6790595054626464844 7.4038133621215820312 6.2468867301940917969 0.82115060091018676758 1.2223861217498779297 1.4635912179946899414 2.8401367664337158203 5.275371551513671875 5.2804255485534667969 5.4652514457702636719 6.190578460693359375 6.703655242919921875 6.7309675216674804688 5.9103193283081054688 4.8938798904418945312 5.5845131874084472656 7.3405671119689941406 11.014769554138183594 13.651575088500976562 7.99208831787109375 1.4132688045501708984 0.9177958369255065918 1.0437103509902954102 0.46980136632919311523 1.0836795568466186523 0.26998820900917053223 1.1405783891677856445 0.78780627250671386719 0.76630425453186035156 0.89997684955596923828 0.13498581945896148682 0.4148711860179901123 1.2920548915863037109 2.0825638771057128906 1.1472051143646240234 0.13121551275253295898 0.54465508460998535156 0.11473555862903594971
0 2.7461650371551513672 4.9364361763000488281 7.0061740875244140625 5.5048418045043945312 0.31338909268379211426 2.2362198829650878906 2.4643602371215820312 4.7495388984680175781 4.4846696853637695312 2.4999773502349853516 2.4896421432495117188 3.3115758895874023438 3.1073489189147949219 2.2513380050659179688 1.3153469562530517578 2.5427217483520507812 5.2392344474792480469 9.0418806076049804688 12.80251312255859375 12.715036392211914062 6.563434600830078125 1.7639783620834350586 1.0504865646362304688 0.74282300472259521484 1.1529349088668823242 0.72628790140151977539 1.2376259565353393555 1.2408918142318725586 0.40249878168106079102 0.93960428237915039062 0.79037290811538696289 0.69785124063491821289 0.83521258831024169922 1.4817962646484375 1.8003377914428710938 1.1529349088668823242 0.34418833255767822266 0.80496990680694580078 0.70435547828674316406
0 5.4341955184936523438 5.649326324462890625 4.8901576995849609375 3.0833427906036376953 1.3483906984329223633 2.3765838146209716797 3.6165790557861328125 2.1447608470916748047 1.5482532978057861328 3.1243627071380615234 3.9442570209503173828 3.9287436008453369141 3.4718837738037109375 3.1746153831481933594 3.2401669025421142578 4.9280719757080078125 9.4882297515869140625 13.999536514282226562 14.884570121765136719 10.760653495788574219 4.4358172416687011719 1.3948944807052612305 0.99911302328109741211 1.2376247644424438477 0.85616004467010498047 1.2094852924346923828 2.0221571922302246094 0.39869156479835510254 1.2806435823440551758 0.94228452444076538086 1.0576934814453125 1.0280811786651611328 0.76959091424942016602 0.98019456863403320312 0.71505677700042724609 1.6437014341354370117 1.0808758735656738281 0.91778576374053955078 0.90109807252883911133
0 5.8487462997436523438 3.5734221935272216797 1.7227689027786254883 1.1068040132522583008 1.4957244396209716797 3.4997107982635498047 4.3660969734191894531 1.4489775896072387695 1.4790574312210083008 4.0358805656433105469 6.5008339881896972656 7.0338377952575683594 6.3026709556579589844 5.7529406547546386719 5.8163051605224609375 8.5743150711059570312 14.484869956970214844 15.791646003723144531 11.738806724548339844 5.8844518661499023438 2.0204143524169921875 0.78265374898910522461 0.50310236215591430664 0.36279731988906860352 0.54093146324157714844 1.7309669256210327148 1.5075193643569946289 1.8056544065475463867 1.9888688325881958008 1.0957682132720947266 0.56651270389556884766 0.75632131099700927734 0.42451661825180053711 0.68687844276428222656 0.37107962369918823242 1.7645514011383056641 1.6648075580596923828 0.3441950678825378418 0.4772974550724029541
0 4.6650996208190917969 1.9863343238830566406 1.2893081903457641602 0.95455348491668701172 2.3901627063751220703 5.5617508888244628906 5.0271258354187011719 3.1540005207061767578 4.1195921897888183594 7.0404176712036132812 8.4457254409790039062 9.7437105178833007812 10.483205795288085938 9.8393650054931640625 9.713104248046875 12.394568443298339844 14.67258453369140625 11.113503456115722656 5.5525765419006347656 1.9218337535858154297 1.063419342041015625 0.70650970935821533203 0.51009190082550048828 0.40747994184494018555 0.25653937458992004395 1.420411229133605957 2.5138998031616210938 2.7749264240264892578 1.8115354776382446289 1.0061948299407958984 1.0359379053115844727 1.5651782751083374023 1.5088738203048706055 1.1529406309127807617 0.9884274601936340332 1.8411821126937866211 0.74281990528106689453 0.72138935327529907227 0.63640004396438598633
0 5.6565656661987304688 0.52957963943481445312 3.5648093223571777344 3.9861900806427001953 5.3503975868225097656 5.2605443000793457031 1.2425158023834228516 3.8416767120361328125 8.9546232223510742188 11.640067100524902344 10.808331489562988281 11.062204360961914062 12.538805007934570312 13.421276092529296875 13.568303108215332031 13.613252639770507812 11.432933807373046875 6.7888741493225097656 2.9405198097229003906 1.4003080129623413086 1.2195047140121459961 1.1140983104705810547 0.6643969416618347168 0.36280366778373718262 0.73251688480377197266 1.2240470647811889648 1.9352257251739501953 1.9186723232269287109 1.2425011396408081055 1.1738094091415405273 2.0133881568908691406 1.9653350114822387695 1.3412618637084960938 0.63639277219772338867 0.70650315284729003906 1.1100144386291503906 0.40249493718147277832 0.61783295869827270508 1.0187047719955444336
0 5.5221133232116699219 3.1820974349975585938 6.6383514404296875 6.2887711524963378906 5.3599820137023925781 1.8356695175170898438 4.95886993408203125 9.5326509475708007812 13.615728378295898438 12.207064628601074219 8.4492578506469726562 7.4507617950439453125 7.5679135322570800781 8.9492807388305664062 9.68067169189453125 8.8230152130126953125 6.1271123886108398438 2.9941926002502441406 1.0695768594741821289 1.4461879730224609375 1.3945469856262207031 1.0261232852935791016 0.59187650680541992188 0.9177958369255065918 1.3956025838851928711 0.780059814453125 0.63638311624526977539 0.063641056418418884277 0.98789703845977783203 1.6913354396820068359 0.72137117385864257812 0.92929339408874511719 0.84724855422973632812 0.22499608993530273438 1.3685171604156494141 0.79546475410461425781 0.56920999288558959961 0.37243470549583435059 0.45891830325126647949
0 1.8455507755279541016 6.6939816474914550781 6.8609223365783691406 3.9566767215728759766 1.3427568674087524414 4.9720525741577148438 9.5719633102416992188 11.458050727844238281 11.889039039611816406 8.3505926132202148438 6.3540987968444824219 6.9234743118286132812 5.1881842613220214844 3.9875659942626953125 3.7473094463348388672 3.093814849853515625 1.8411709070205688477 1.0359296798706054688 0.51405394077301025391 0.92767256498336791992 1.9257980585098266602 1.5850915908813476562 0.31819188594818115234 1.2376247644424438477 1.6886512041091918945 0.10061764717102050781 0.66211152076721191406 0.97605091333389282227 0.77680200338363647461 0.67424291372299194336 1.0186812877655029297 0.98276758193969726562 0.54186761379241943359 1.018674015998840332 1.6338297128677368164 0.96772146224975585938 0.60373157262802124023 0.2249978184700012207 0.35146090388298034668
0 3.7274487018585205078 7.4917087554931640625 4.0618329048156738281 0.19354349374771118164 3.7530879974365234375 8.0968618392944335938 12.111858367919921875 11.7397918701171875 8.643268585205078125 6.5363316535949707031 6.4511818885803222656 5.8113799095153808594 3.6256327629089355469 2.4246089458465576172 2.0796315670013427734 1.5085303783416748047 1.066741943359375 0.85674673318862915039 0.81496399641036987305 0.59186929464340209961 0.91778916120529174805 1.9375823736190795898 0.64428651332855224609 1.3813936710357666016 1.1977298259735107422 0.42690318822860717773 0.57628780603408813477 0.72627723217010498047 1.1681972742080688477 0.71786105632781982422 0.63159143924713134766 1.0576897859573364258 0.76498192548751831055 1.4649733304977416992 0.75633871555328369141 0.88465315103530883789 0.68319165706634521484 0.045009609311819076538 0.43280762434005737305
0 6.0006642341613769531 5.4582476615905761719 0.77025663852691650391 6.4242258071899414062 10.973962783813476562 12.584072113037109375 12.390158653259277344 10.753279685974121094 6.3789796829223632812 5.1567149162292480469 5.0619058609008789062 3.2909209728240966797 2.0482578277587890625 1.3977861404418945312 0.89148974418640136719 0.72558706998825073242 0.55570876598358154297 0.29336386919021606445 0.13120080530643463135 0.50311315059661865234 1.0874233245849609375 1.235581517219543457 1.0246396064758300781 1.3498935699462890625 0.48151984810829162598 0.18553541600704193115 0.41489443182945251465 0.85616815090179443359 0.74214458465576171875 0.55658948421478271484 0.79035580158233642578 0.36280366778373718262 1.4057375192642211914 1.5394104719161987305 0.92273318767547607422 1.0270922183990478516 1.306071162223815918 0.87776768207550048828 1.1472320556640625
0 2.7637896537780761719 1.3291189670562744141 7.8581786155700683594 14.068422317504882812 15.904498100280761719 13.451196670532226562 9.7219800949096679688 7.7372283935546875 5.5880308151245117188 3.6805241107940673828 3.2872362136840820312 2.8573377132415771484 1.4831539392471313477 2.1124491691589355469 1.7405790090560913086 1.565497279167175293 1.1913774013519287109 0.52479177713394165039 0.20122736692428588867 0.72628313302993774414 0.39357370138168334961 1.1045130491256713867 1.323394775390625 0.58413153886795043945 0.52670949697494506836 0.86555868387222290039 0.95932817459106445312 0.51308512687683105469 0.60374313592910766602 0.20374575257301330566 0.668212890625 0.87544202804565429688 1.5806224346160888672 0.55569690465927124023 0.688343048095703125 0.99657100439071655273 1.2885069847106933594 0.28459426760673522949 0.80997949838638305664
