wildfire/work/fuelmodels/1865/slope.asc
ncols        380
nrows        283
xllcorner    186785.000000000000
yllcorner    454890.000000000000
cellsize     5.000000000000
NODATA_value   -999
[rows 17 to 33 of 283, columns 160 to 199 of 380]
0.071150146424770355225 0.70076012611389160156 1.1977230310440063477 0.25455144047737121582 0.869068145751953125 1.0280855894088745117 1.016692042350769043 0.88636612892150878906 0.27000537514686584473 1.0985367298126220703 0.49804607033729553223 2.4977653026580810547 2.8326330184936523438 1.2355746030807495117 1.0892822742462158203 2.2280721664428710938 1.9573217630386352539 1.7521692514419555664 0.60372394323348999023 1.5885820388793945312 2.4078707695007324219 0.23163896799087524414 0.67498391866683959961 1.4175586700439453125 0.79547101259231567383 0.5736433863639831543 1.1498655080795288086 1.5774010419845581055 0.071166433393955230713 1.9218378067016601562 2.5449035167694091797 2.3646364212036132812 1.977906346321105957 1.7842346429824829102 1.3103182315826416016 1.8411630392074584961 1.094861149787902832 2.5018322467803955078 2.1379220485687255859 2.4154212474822998047
0.92767256498336791992 0.86849677562713623047 0.54092079401016235352 0.20373626053333282471 0.71786105632781982422 0.89601868391036987305 0.76893210411071777344 0.98018276691436767578 0.68096029758453369141 0.58499723672866821289 2.1663622856140136719 2.9894661903381347656 0.84004956483840942383 1.5716252326965332031 2.5209527015686035156 3.0259392261505126953 2.5591711997985839844 1.8212772607803344727 0.94228690862655639648 1.6163710355758666992 2.8295896053314208984 1.2703244686126708984 0.58497941493988037109 0.88466060161590576172 1.0538575649261474609 1.080884099006652832 1.849660038948059082 2.2461323738098144531 1.9091509580612182617 0.54372727870941162109 1.3355782032012939453 1.6934423446655273438 1.8551409244537353516 1.6874605417251586914 1.4524705410003662109 0.58063524961471557617 2.7327048778533935547 3.4562802314758300781 2.2425336837768554688 1.9155052900314331055
1.8551502227783203125 1.6238781213760375977 0.88005346059799194336 1.1423385143280029297 1.083691716194152832 0.96772468090057373047 0.49396187067031860352 1.1113598346710205078 0.95509070158004760742 1.1208953857421875 2.5774965286254882812 2.1353204250335693359 2.1374566555023193359 3.6323266029357910156 3.4179234504699707031 2.3550050258636474609 0.84066188335418701172 0.76632136106491088867 0.43280848860740661621 1.0246256589889526367 1.687443852424621582 1.5305228233337402344 1.7103823423385620117 4.0940194129943847656 3.4054648876190185547 2.0571291446685791016 1.7498785257339477539 3.1049144268035888672 3.4254331588745117188 2.1317477226257324219 0.46329486370086669922 0.46329820156097412109 1.6702721118927001953 1.3592412471771240234 0.3244889676570892334 1.1612361669540405273 3.5165607929229736328 3.0442442893981933594 0.23166230320930480957 1.0860251188278198242
0.81495642662048339844 0.31338292360305786133 0.81121087074279785156 0.54465508460998535156 1.2798293828964233398 1.5515259504318237305 1.0422608852386474609 1.4691003561019897461 0.81806033849716186523 1.2893148660659790039 2.3878457546234130859 2.9948754310607910156 4.0425496101379394531 3.5185825824737548828 1.6739042997360229492 0.68835985660552978516 2.1466653347015380859 2.201568603515625 1.5534813404083251953 1.1776919364929199219 1.3945248126983642578 1.2095041275024414062 2.6339409351348876953 3.2443788051605224609 2.6843380928039550781 3.7490696907043457031 1.6556797027587890625 1.4472486972808837891 2.9948644638061523438 2.4064044952392578125 1.0201760530471801758 0.262386322021484375 1.2006789445877075195 1.8945347070693969727 1.1370218992233276367 0.98636668920516967773 2.5641222000122070312 2.6926360130310058594 1.0504865646362304688 0.75095945596694946289
1.3978021144866943359 1.5667885541915893555 1.1472165584564208984 1.7725672721862792969 2.2298882007598876953 2.1642787456512451172 1.6745156049728393555 1.1772599220275878906 0.62997841835021972656 0.9868920445442199707 1.3427695035934448242 1.7336100339889526367 1.6226288080215454102 0.70650255680084228516 2.3646297454833984375 2.8195807933807373047 2.4987940788269042969 2.6477618217468261719 2.340564727783203125 1.0388642549514770508 0.76497989892959594727 1.4261070489883422852 3.6218616962432861328 6.0283479690551757812 5.3667507171630859375 3.5036301612854003906 1.5850915908813476562 0.6978562474250793457 2.9320816993713378906 2.4747996330261230469 1.6129554510116577148 0.50310623645782470703 1.2955822944641113281 1.5987640619277954102 1.6238611936569213867 0.41486746072769165039 1.5275458097457885742 2.6992144584655761719 1.3773757219314575195 0.24852178990840911865
0.2134555131196975708 0.49806231260299682617 1.0466153621673583984 1.7731317281723022461 1.1669036149978637695 1.1824109554290771484 0.57362318038940429688 0.45890820026397705078 0.38841319084167480469 0.70290005207061767578 0.60539990663528442383 0.031826604157686233521 1.1533846855163574219 2.8395848274230957031 3.3166213035583496094 2.7085428237915039062 1.7944127321243286133 1.4472486972808837891 1.8056660890579223633 1.976619720458984375 0.65520739555358886719 0.93634611368179321289 1.487589716911315918 2.8481230735778808594 2.5646986961364746094 1.2408881187438964844 1.2671272754669189453 1.161252140998840332 2.8310267925262451172 3.3690700531005859375 3.4068295955657958984 1.8752322196960449219 1.0422896146774291992 0.94604051113128662109 1.8047949075698852539 0.24851247668266296387 0.58411961793899536133 2.73862457275390625 1.2195062637329101562 0.69857710599899291992
0.61205369234085083008 0.62677061557769775391 1.4444404840469360352 0.73252904415130615234 0.52479469776153564453 1.4597898721694946289 1.4804292917251586914 0.92765629291534423828 0.86556845903396606445 1.1113598346710205078 0.99659430980682373047 0.79801726341247558594 1.4977563619613647461 1.6535249948501586914 0.95931726694107055664 1.267121434211730957 1.4739171266555786133 1.9375778436660766602 2.4692659378051757812 2.609661102294921875 1.4601227045059204102 0.57627445459365844727 0.44206446409225463867 0.73460429906845092773 0.40249878168106079102 0.28459969162940979004 1.1956148147583007812 1.1913673877716064453 1.1776915788650512695 2.4252254962921142578 3.0384244918823242188 2.386150360107421875 0.93959355354309082031 1.1879616975784301758 2.2341742515563964844 0.92930084466934204102 0.66895818710327148438 3.0222480297088623047 1.1582033634185791016 1.0766695737838745117
0.56652772426605224609 1.4204145669937133789 1.5706501007080078125 1.0186887979507446289 1.4800928831100463867 0.51307463645935058594 1.1208922863006591797 1.3707262277603149414 1.1423450708389282227 1.579648137092590332 0.32759684324264526367 0.47303983569145202637 1.7929975986480712891 3.0445673465728759766 3.9010286331176757812 4.5284676551818847656 4.657207489013671875 4.5908722877502441406 3.9814977645874023438 2.5894322395324707031 1.0672252178192138672 0.27184906601905822754 0.72138029336929321289 0.96773344278335571289 0.61781984567642211914 1.4597743749618530273 1.0971473455429077148 0.78779745101928710938 0.12728205323219299316 1.7639690637588500977 2.0774354934692382812 2.0294048786163330078 1.6304075717926025391 1.1699272394180297852 1.8738552331924438477 0.34418496489524841309 0.55661660432815551758 2.7667219638824462891 2.6948807239532470703 1.2671388387680053711
0.79801583290100097656 1.3080028295516967773 1.3184015750885009766 0.71786642074584960938 2.2362275123596191406 0.92492538690567016602 1.511551976203918457 1.0325078964233398438 0.54744738340377807617 0.68020254373550415039 2.7885560989379882812 3.3612689971923828125 3.1067094802856445312 3.1936717033386230469 3.3961195945739746094 2.6096558570861816406 1.8270932435989379883 1.49571990966796875 0.87544596195220947266 0.67122894525527954102 1.4398758411407470703 0.69783520698547363281 0.28459969162940979004 0.64035695791244506836 2.0701286792755126953 1.9407027959823608398 1.6223162412643432617 0.90108913183212280273 0.17136424779891967773 1.2806327342987060547 1.754486083984375 2.0608258247375488281 1.9735558032989501953 0.22499608993530273438 1.8469339609146118164 1.7510243654251098633 0.93580585718154907227 1.7133438587188720703 3.1949377059936523438 2.1179518699645996094
2.2710170745849609375 2.3983902931213378906 1.5719404220581054688 0.8800455927848815918 2.4298217296600341797 0.75432884693145751953 1.6745039224624633789 1.5125501155853271484 1.5619167089462280273 2.1717200279235839844 1.6693644523620605469 1.1177263259887695312 1.4957305192947387695 1.6886512041091918945 1.0883510112762451172 0.96773028373718261719 0.20375522971153259277 0.41487953066825866699 0.50310236215591430664 1.2006789445877075195 2.2271611690521240234 1.6970040798187255859 1.4957258701324462891 1.984017491340637207 2.0083425045013427734 1.4953970909118652344 1.2534865140914916992 1.404652714729309082 0.8982722163200378418 0.84544855356216430664 0.82114350795745849609 1.7691332101821899414 2.1067116260528564453 1.2619283199310302734 0.96771395206451416016 1.5741971731185913086 0.91171443462371826172 2.0121297836303710938 3.0854771137237548828 1.9477268457412719727
2.4310789108276367188 2.3039593696594238281 1.2790472507476806641 1.8966724872589111328 1.7614014148712158203 0.46979561448097229004 2.0465331077575683594 1.5603120326995849609 0.96928250789642333984 1.1285418272018432617 0.58499658107757568359 0.94924342632293701172 1.4317729473114013672 0.86556845903396606445 1.3988806009292602539 1.260730743408203125 0.29335728287696838379 0.41487395763397216797 0.44661834836006164551 1.2425276041030883789 2.2098371982574462891 2.3609976768493652344 2.0776903629302978516 2.1150875091552734375 1.9320830106735229492 1.0107098817825317383 0.68835985660552978516 0.80495840311050415039 1.3498953580856323242 0.90109723806381225586 0.61781299114227294922 1.2115812301635742188 2.1849665641784667969 2.2567286491394042969 0.32450562715530395508 1.4957306385040283203 2.2907559871673583984 2.0452909469604492188 1.530506134033203125 2.142887115478515625
3.8734977245330810547 1.7053463459014892578 0.54092580080032348633 0.78585875034332275391 0.94496119022369384766 1.0576934814453125 2.3996777534484863281 0.86848032474517822266 0.57273757457733154297 1.4666945934295654297 0.71998393535614013672 0.31977957487106323242 1.1837069988250732422 1.8334648609161376953 1.1276369094848632812 0.62676566839218139648 0.64430212974548339844 0.79547923803329467773 0.82790982723236083984 0.84063935279846191406 0.78716462850570678711 1.4739185571670532227 0.48153346776962280273 0.99098807573318481445 1.0422518253326416016 0.64035147428512573242 1.1258412599563598633 0.32449373602867126465 1.2731096744537353516 1.5285396575927734375 1.2734979391098022461 0.67122316360473632812 1.6288597583770751953 3.2835495471954345703 2.4397904872894287109 1.4046381711959838867 2.5293550491333007812 1.9368033409118652344 0.47729015350341796875 1.7691259384155273438
2.8905928134918212891 0.2294505387544631958 0.31820157170295715332 1.0186870098114013672 1.4405807256698608398 0.92766219377517700195 2.4443576335906982422 0.74891817569732666016 1.1888175010681152344 0.98020756244659423828 1.3103194236755371094 0.17136424779891967773 0.99658262729644775391 0.10062915831804275513 0.88234955072402954102 0.96193337440490722656 1.3956124782562255859 1.3427568674087524414 0.25653186440467834473 0.52478289604187011719 0.78264832496643066406 1.490296483039855957 0.59187197685241699219 1.0874233245849609375 1.1789679527282714844 1.004693150520324707 0.56294196844100952148 0.88636881113052368164 1.2478061914443969727 1.6338297128677368164 1.6669303178787231445 0.92765629291534423828 0.54185193777084350586 1.7286342382431030273 2.1866004467010498047 0.80998808145523071289 1.7245249748229980469 1.9534491300582885742 1.0691167116165161133 0.8400325775146484375
1.3592299222946166992 0.3150145113468170166 0.51799094676971435547 0.67423146963119506836 0.644287109375 0.29336121678352355957 2.2696781158447265625 1.7648344039916992188 0.95508629083633422852 1.5178987979888916016 0.86146378517150878906 0.24231824278831481934 0.45224413275718688965 0.70650643110275268555 0.81122422218322753906 0.33825132250785827637 1.3813905715942382812 2.0083537101745605469 1.6501584053039550781 1.4831539392471313477 0.90108913183212280273 1.1824109554290771484 1.0971518754959106445 1.6022207736968994141 0.51307606697082519531 0.65598636865615844727 0.41365793347358703613 0.42453753948211669922 0.57362788915634155273 0.98843407630920410156 1.4913239479064941406 1.9801907539367675781 1.4831614494323730469 1.1811258792877197266 2.1990497112274169922 1.1068154573440551758 1.1733785867691040039 2.4813120365142822266 2.5876629352569580078 0.47729015350341796875
0.34268894791603088379 0.39870220422744750977 0.78716462850570678711 0.49398842453956604004 0.47728529572486877441 1.0533719062805175781 1.3484022617340087891 1.9766030311584472656 0.98277938365936279297 0.31977838277816772461 0.55661034584045410156 0.71150302886962890625 0.74554085731506347656 0.58498603105545043945 0.88637316226959228516 1.0672230720520019531 1.229002833366394043 1.9131333827972412109 0.97136366367340087891 0.90500164031982421875 0.76959240436553955078 0.54373157024383544922 1.7645565271377563477 1.1581918001174926758 1.404652714729309082 0.92767876386642456055 0.55571705102920532227 0.7563152313232421875 0.65597522258758544922 0.51798421144485473633 1.0883575677871704102 0.99658262729644775391 0.96772146224975585938 2.0246531963348388672 3.1847765445709228516 2.9914848804473876953 0.91613531112670898438 1.4666875600814819336 3.617816925048828125 1.8814066648483276367
0.53340488672256469727 0.42808517813682556152 0.35999774932861328125 0.42808517813682556152 0.90109807252883911133 0.38447359204292297363 0.89150148630142211914 1.4514245986938476562 0.95508629083633422852 0.98995697498321533203 1.4759870767593383789 0.85970699787139892578 0.60037332773208618164 1.289311528205871582 1.6251429319381713867 0.96300488710403442383 0.40748941898345947266 1.3528902530670166016 0.45559132099151611328 0.639537811279296875 0.98687958717346191406 0.41488420963287353516 0.86145263910293579102 1.8600227832794189453 1.2778555154800415039 0.68318092823028564453 1.066741943359375 1.4649615287780761719 1.1113709211349487305 0.75432324409484863281 1.7887783050537109375 1.9911634922027587891 1.21785736083984375 1.0948541164398193359 1.6110429763793945312 3.5301849842071533203 2.2070760726928710938 0.45890143513679504395 2.5853142738342285156 3.1495201587677001953
1.4086170196533203125 0.91613531112670898438 0.47303739190101623535 0.72698372602462768555 0.98790878057479858398 0.7663224339485168457 0.70076012611389160156 1.2522525787353515625 0.38183197379112243652 0.3600063025951385498 0.517993927001953125 0.63639277219772338867 0.42808610200881958008 1.3685245513916015625 0.44318601489067077637 1.332539677619934082 1.1045050621032714844 0.71503043174743652344 0.95510286092758178711 1.3890764713287353516 1.4666945934295654297 0.13118313252925872803 0.8112265467643737793 1.3803009986877441406 1.5018169879913330078 0.84725540876388549805 0.55570733547210693359 0.6395499110221862793 0.95456326007843017578 1.3802956342697143555 2.5798420906066894531 1.6000193357467651367 1.5706486701965332031 2.0091047286987304688 0.26239809393882751465 3.0488836765289306641 3.0741515159606933594 0.86848521232604980469 1.8477617502212524414 4.0643301010131835938
