wildfire/work/fuelmodels/1713/slope.asc
ncols        455
nrows        399
xllcorner    197235.000000000000
yllcorner    447990.000000000000
cellsize     5.000000000000
NODATA_value   -999
[rows 252 to 269 of 399, columns 40 to 79 of 455]
15.246686935424804688 12.814950942993164062 12.556741714477539062 8.7107181549072265625 10.63826751708984375 11.554676055908203125 7.816616058349609375 7.3540487289428710938 6.67664337158203125 4.8585972785949707031 6.1333317756652832031 7.3097205162048339844 7.8600935935974121094 7.61005401611328125 4.4516015052795410156 1.1913540363311767578 1.9430780410766601562 2.5259385108947753906 3.4875597953796386719 3.4195301532745361328 2.6677260398864746094 3.2992079257965087891 5.52947235107421875 7.1881842613220214844 8.3786191940307617188 9.1973848342895507812 11.175272941589355469 9.553501129150390625 9.374340057373046875 12.018614768981933594 13.2638092041015625 14.066140174865722656 13.409872055053710938 13.005257606506347656 11.850920677185058594 10.319890975952148438 10.3177032470703125 11.596716880798339844 13.423328399658203125 14.705738067626953125
19.37534332275390625 15.426312446594238281 10.10800933837890625 7.0179114341735839844 9.237880706787109375 10.322337150573730469 8.202548980712890625 8.2879886627197265625 6.5691819190979003906 5.2807111740112304688 7.0282082557678222656 6.4365229606628417969 4.9971365928649902344 7.963115692138671875 6.7927789688110351562 2.2350857257843017578 1.5987378358840942383 1.5654633045196533203 1.9931895732879638672 4.0293822288513183594 3.47055816650390625 2.78858184814453125 4.5927371978759765625 6.8446378707885742188 6.8741903305053710938 7.9897069931030273438 10.776371955871582031 10.800297737121582031 10.204059600830078125 10.884949684143066406 12.381984710693359375 13.613209724426269531 14.710779190063476562 15.085235595703125 13.930139541625976562 12.963999748229980469 11.632201194763183594 11.407998085021972656 13.307384490966796875 14.980153083801269531
9.340839385986328125 11.506359100341796875 8.2607793807983398438 5.5963230133056640625 7.4233493804931640625 8.1324205398559570312 8.6714315414428710938 9.74526214599609375 8.2378816604614257812 7.0109806060791015625 8.1065244674682617188 6.0724382400512695312 4.0684080123901367188 5.1044564247131347656 5.7459926605224609375 5.1570653915405273438 1.2983133792877197266 3.5705630779266357422 2.4568979740142822266 2.4559369087219238281 3.7752146720886230469 3.8440270423889160156 5.698863983154296875 8.3763751983642578125 7.229633331298828125 6.76432037353515625 9.0821590423583984375 10.945858001708984375 11.521199226379394531 11.66873931884765625 11.702326774597167969 12.157414436340332031 13.912874221801757812 14.638925552368164062 13.950060844421386719 13.892235755920410156 12.721530914306640625 11.035295486450195312 12.355376243591308594 14.486095428466796875
7.2235040664672851562 7.9937634468078613281 8.639804840087890625 7.4737024307250976562 5.4671320915222167969 3.8195226192474365234 7.2620453834533691406 10.415712356567382812 11.035295486450195312 11.039220809936523438 9.5995721817016601562 6.1474585533142089844 4.7959189414978027344 4.7138166427612304688 3.7000925540924072266 3.3570139408111572266 4.0958623886108398438 0.87372964620590209961 2.7461786270141601562 1.7103731632232666016 1.2679364681243896484 2.735111236572265625 5.1487784385681152344 9.227115631103515625 9.6728487014770507812 8.0608606338500976562 8.1656637191772460938 10.048990249633789062 11.425353050231933594 12.207036018371582031 12.803141593933105469 12.736845970153808594 13.616603851318359375 13.904953956604003906 13.514361381530761719 14.3277435302734375 13.595476150512695312 11.3715667724609375 11.727802276611328125 13.73398590087890625
9.6309633255004882812 9.1261568069458007812 8.6733884811401367188 8.3814487457275390625 5.6754517555236816406 1.4331712722778320312 4.0787420272827148438 8.6333799362182617188 11.736459732055664062 13.727605819702148438 12.48265838623046875 7.6207385063171386719 5.5944986343383789062 6.7285585403442382812 7.0927066802978515625 7.0813751220703125 4.7587666511535644531 2.0106570720672607422 1.1249765157699584961 2.0453290939331054688 1.6593343019485473633 2.1544327735900878906 2.8326539993286132812 5.99762725830078125 9.0146083831787109375 9.4144849777221679688 8.96184539794921875 10.034288406372070312 11.628384590148925781 12.023651123046875 12.807517051696777344 13.281675338745117188 14.147968292236328125 13.914381980895996094 13.515824317932128906 15.121703147888183594 14.734769821166992188 12.751211166381835938 12.272755622863769531 13.5179595947265625
3.9976913928985595703 6.0385403633117675781 7.4817295074462890625 7.8674030303955078125 8.3284454345703125 7.2233109474182128906 2.17638397216796875 5.8461031913757324219 10.645015716552734375 12.762715339660644531 12.870421409606933594 10.698609352111816406 8.3764123916625976562 8.2883586883544921875 7.9910273551940917969 7.6955714225769042969 7.8518128395080566406 5.8080730438232421875 2.7476212978363037109 1.4089704751968383789 3.3710145950317382812 2.2649986743927001953 1.1249318122863769531 2.717498779296875 4.8963460922241210938 6.5405383110046386719 6.4694490432739257812 8.24330902099609375 11.225833892822265625 12.365753173828125 12.712977409362792969 13.603031158447265625 14.588337898254394531 13.737396240234375 12.897884368896484375 14.3134002685546875 14.910121917724609375 13.458536148071289062 12.715985298156738281 13.01416778564453125
3.9758970737457275391 3.6274609565734863281 5.327495574951171875 7.0385222434997558594 9.5551853179931640625 12.073486328125 9.8364934921264648438 7.907382965087890625 10.576878547668457031 11.625392913818359375 12.530635833740234375 11.594052314758300781 10.689754486083984375 9.0775651931762695312 6.9534244537353515625 5.0271430015563964844 5.8865971565246582031 7.5457434654235839844 6.7106108665466308594 2.7936382293701171875 3.3565757274627685547 5.3086037635803222656 5.0989465713500976562 4.2528715133666992188 2.4943468570709228516 3.387603759765625 4.2776579856872558594 5.4586043357849121094 9.4942913055419921875 12.876210212707519531 13.363721847534179688 14.408063888549804688 15.0111083984375 14.311062812805175781 13.458552360534667969 13.376188278198242188 14.213163375854492188 13.145194053649902344 11.971166610717773438 11.57028961181640625
6.4569821357727050781 4.0046153068542480469 3.3443787097930908203 3.8119845390319824219 6.1001420021057128906 11.287459373474121094 14.308054924011230469 11.857578277587890625 10.52729034423828125 11.180654525756835938 12.868137359619140625 11.169993400573730469 10.420003890991210938 9.1466093063354492188 6.1628293991088867188 5.2967252731323242188 5.2666497230529785156 6.9334545135498046875 9.6020526885986328125 7.5456190109252929688 4.1558308601379394531 4.1030220985412597656 4.6317744255065917969 4.6206488609313964844 3.4718890190124511719 0.76895320415496826172 3.5341765880584716797 3.808277130126953125 5.8204584121704101562 10.693477630615234375 12.638955116271972656 14.123468399047851562 15.050414085388183594 14.632445335388183594 13.779985427856445312 13.7058563232421875 14.887361526489257812 13.929454803466796875 12.122944831848144531 10.797877311706542969
10.947676658630371094 4.6237192153930664062 2.7261996269226074219 2.7446796894073486328 3.9215373992919921875 4.4057726860046386719 8.0337362289428710938 10.44406890869140625 11.436675071716308594 10.597586631774902344 11.966782569885253906 10.646428108215332031 9.9011392593383789062 9.417469024658203125 6.6883792877197265625 7.1547803878784179688 5.9154009819030761719 5.5968604087829589844 8.70702362060546875 10.95368194580078125 7.4846701622009277344 2.5329418182373046875 2.2774419784545898438 3.9451615810394287109 5.31862640380859375 6.1048402786254882812 0.61784607172012329102 0.84002703428268432617 1.3813780546188354492 7.0837225914001464844 11.037756919860839844 12.542444229125976562 14.306179046630859375 14.790007591247558594 13.797433853149414062 13.801562309265136719 15.099621772766113281 14.575425148010253906 12.96614837646484375 11.837368011474609375
20.74959564208984375 14.016345977783203125 7.3696699142456054688 4.3950114250183105469 3.6267478466033935547 2.0146453380584716797 1.2277851104736328125 4.8420810699462890625 6.8826279640197753906 8.9731044769287109375 13.158855438232421875 12.575014114379882812 11.37668609619140625 10.397021293640136719 7.9980516433715820312 7.7760772705078125 6.416797637939453125 5.1701121330261230469 6.559780120849609375 9.6330423355102539062 11.960846900939941406 7.8528628349304199219 3.3516240119934082031 3.4401671886444091797 3.8717801570892333984 8.35186004638671875 5.6039662361145019531 2.2596585750579833984 2.1450340747833251953 3.5547087192535400391 7.8499784469604492188 9.7753496170043945312 12.112391471862792969 13.490508079528808594 13.468669891357421875 13.453722000122070312 14.479901313781738281 14.636176109313964844 13.360493659973144531 12.343677520751953125
24.764284133911132812 23.81888580322265625 18.195789337158203125 11.194592475891113281 6.6999812126159667969 5.1628656387329101562 3.7907199859619140625 4.9345111846923828125 5.3726572990417480469 9.4803915023803710938 12.635092735290527344 9.8150491714477539062 7.5020890235900878906 6.5436453819274902344 6.6066946983337402344 7.402164459228515625 7.2094259262084960938 6.58238983154296875 7.3467388153076171875 8.4198331832885742188 11.417911529541015625 11.630365371704101562 7.0661191940307617188 2.7667040824890136719 1.7053191661834716797 5.0003566741943359375 6.1241283416748046875 4.5105633735656738281 5.2683644294738769531 5.1952748298645019531 5.3914346694946289062 6.4302439689636230469 8.5573015213012695312 10.4676361083984375 11.833985328674316406 12.830404281616210938 14.823868751525878906 15.0695648193359375 13.122509002685546875 12.5309906005859375
15.10269927978515625 20.249097824096679688 22.64336395263671875 23.146728515625 22.038232803344726562 18.644573211669921875 13.550385475158691406 9.196483612060546875 10.219405174255371094 10.649497032165527344 8.4021968841552734375 6.45778656005859375 5.5853099822998046875 6.9253611564636230469 9.5520992279052734375 7.9004607200622558594 6.103092193603515625 5.2169480323791503906 6.1717052459716796875 8.1741151809692382812 9.9809694290161132812 11.671217918395996094 10.8817596435546875 6.5682492256164550781 3.465915679931640625 4.070278167724609375 5.5485973358154296875 5.4980568885803222656 5.7641286849975585938 6.5116639137268066406 6.5511579513549804688 4.4965176582336425781 4.4074234962463378906 6.2803101539611816406 8.6118001937866210938 10.098126411437988281 13.091379165649414062 14.653696060180664062 12.845847129821777344 12.714086532592773438
8.4599008560180664062 11.506565093994140625 16.801836013793945312 22.381479263305664062 23.795284271240234375 21.390695571899414062 18.56353759765625 11.630365371704101562 4.5765681266784667969 7.1607069969177246094 5.1887845993041992188 6.1112456321716308594 5.4236893653869628906 8.136363983154296875 11.281313896179199219 6.5694522857666015625 5.9141211509704589844 7.3861818313598632812 3.9444241523742675781 4.9029207229614257812 8.234649658203125 10.769480705261230469 12.137284278869628906 9.4955549240112304688 6.8189606666564941406 6.2398333549499511719 7.5932860374450683594 8.527374267578125 8.5044574737548828125 9.4278964996337890625 9.2617330551147460938 6.8800415992736816406 4.2002682685852050781 2.71783447265625 4.3057107925415039062 6.6043334007263183594 9.6250457763671875 12.704345703125 12.84688568115234375 11.884545326232910156
7.2714796066284179688 8.2964153289794921875 8.8811550140380859375 8.5442342758178710938 9.6965789794921875 13.099634170532226562 15.588335990905761719 18.44561004638671875 12.134007453918457031 10.019536018371582031 8.8305416107177734375 9.3906488418579101562 9.4531221389770507812 11.055719375610351562 11.479322433471679688 8.25994873046875 7.8150014877319335938 6.2564558982849121094 4.3937711715698242188 0.803104400634765625 3.0907204151153564453 7.6296977996826171875 11.644039154052734375 10.307490348815917969 8.3001155853271484375 6.1385235786437988281 6.6165180206298828125 9.2409505844116210938 10.130285263061523438 9.64882659912109375 8.1987943649291992188 7.565433502197265625 6.3346428871154785156 4.9287500381469726562 2.7461633682250976562 4.6926937103271484375 7.220355987548828125 10.08657073974609375 11.98870086669921875 11.002094268798828125
6.5194172859191894531 7.2844309806823730469 4.9029412269592285156 3.5875096321105957031 5.3606438636779785156 7.8836655616760253906 10.604025840759277344 17.218832015991210938 22.464847564697265625 18.790388107299804688 14.150614738464355469 12.053238868713378906 11.301666259765625 10.939065933227539062 9.38641357421875 7.3902783393859863281 7.9369482994079589844 7.9343571662902832031 6.3125252723693847656 3.2414336204528808594 3.1016662120819091797 5.0207924842834472656 10.258515357971191406 11.900506973266601562 11.291518211364746094 10.11920166015625 8.9528760910034179688 8.7401781082153320312 8.5582561492919921875 8.7422637939453125 8.4788055419921875 9.0032939910888671875 8.0307893753051757812 7.2727656364440917969 5.4753322601318359375 4.8087677955627441406 6.1247968673706054688 8.9751901626586914062 10.745912551879882812 9.959300994873046875
5.283512115478515625 5.2784590721130371094 4.1532044410705566406 3.7010829448699951172 4.0671873092651367188 4.5147466659545898438 5.618427276611328125 7.543491363525390625 10.84539794921875 13.752564430236816406 13.877155303955078125 11.726011276245117188 10.330778121948242188 9.5271539688110351562 7.4038357734680175781 6.9898271560668945312 8.2844791412353515625 8.954196929931640625 9.0390453338623046875 8.3118991851806640625 5.0750980377197265625 4.5582957267761230469 6.8193640708923339844 11.043497085571289062 11.866032600402832031 11.442875862121582031 11.280728340148925781 9.8457593917846679688 8.2432804107666015625 8.7382059097290039062 9.3248662948608398438 10.357737541198730469 9.243740081787109375 8.2790956497192382812 7.3916082382202148438 6.3308467864990234375 6.7983350753784179688 9.027923583984375 9.9212446212768554688 9.2608537673950195312
3.9365699291229248047 4.913295745849609375 3.4103629589080810547 2.6433787345886230469 2.9703004360198974609 3.6428613662719726562 4.8262176513671875 5.176605224609375 5.7766809463500976562 7.8459153175354003906 9.4700422286987304688 8.4896402359008789062 6.975494384765625 6.7030382156372070312 7.0863385200500488281 8.1592922210693359375 8.07110595703125 7.0347042083740234375 5.5627980232238769531 7.5980377197265625 8.3862104415893554688 6.7811512947082519531 5.3141074180603027344 7.6408448219299316406 11.166216850280761719 12.07936859130859375 11.880052566528320312 11.192071914672851562 9.9097728729248046875 8.0973052978515625 7.1193318367004394531 8.5853261947631835938 9.5581378936767578125 9.4540395736694335938 9.2128467559814453125 8.1913022994995117188 7.562030792236328125 7.8549838066101074219 8.9503602981567382812 8.9534587860107421875
3.4637486934661865234 5.0079345703125 3.5563895702362060547 1.5092198848724365234 1.0127344131469726562 1.1564483642578125 3.8162107467651367188 5.1882734298706054688 5.94174957275390625 5.4862375259399414062 5.2679734230041503906 6.0090985298156738281 7.7599110603332519531 9.295196533203125 9.3598985671997070312 8.7184381484985351562 7.6695399284362792969 6.4812636375427246094 4.6766514778137207031 4.6089849472045898438 6.8480377197265625 7.7230682373046875 6.335964202880859375 6.3058109283447265625 9.1077737808227539062 11.595378875732421875 11.634861946105957031 11.197635650634765625 11.577165603637695312 11.086209297180175781 9.2651262283325195312 7.7909488677978515625 8.1202859878540039062 8.6969289779663085938 9.10298919677734375 8.7368059158325195312 7.1176800727844238281 6.4077506065368652344 7.7572674751281738281 8.3911027908325195312
