wildfire/work/fuelmodels/1713/slope.asc
ncols        455
nrows        399
xllcorner    197235.000000000000
yllcorner    447990.000000000000
cellsize     5.000000000000
NODATA_value   -999
[rows 198 to 215 of 399, columns 240 to 279 of 455]
35.3511810302734375 39.3560028076171875 38.699382781982421875 34.761188507080078125 28.252153396606445312 18.31450653076171875 8.3987150192260742188 5.18877410888671875 3.1172666549682617188 6.8307185173034667969 6.2548375129699707031 9.309597015380859375 10.715886116027832031 10.980560302734375 10.47370147705078125 15.573437690734863281 13.404981613159179688 5.7080440521240234375 6.986568450927734375 6.9837489128112792969 5.529743194580078125 8.1476831436157226562 15.3711700439453125 23.828321456909179688 21.839960098266601562 12.614783287048339844 12.415445327758789062 21.703287124633789062 26.831333160400390625 22.497213363647460938 21.202459335327148438 22.898975372314453125 20.253591537475585938 19.163885116577148438 19.061100006103515625 17.787874221801757812 16.942220687866210938 15.940494537353515625 16.614934921264648438 16.068429946899414062
39.684719085693359375 40.392063140869140625 37.546478271484375 30.5953216552734375 22.094173431396484375 13.875422477722167969 6.2681097984313964844 3.5244681835174560547 3.3115873336791992188 6.9304175376892089844 7.6461482048034667969 9.0899343490600585938 9.3479604721069335938 10.229909896850585938 10.710175514221191406 14.76358795166015625 15.61959075927734375 8.3267879486083984375 6.7560029029846191406 5.9102926254272460938 5.8701391220092773438 8.4528408050537109375 14.08161163330078125 22.540933609008789062 24.426805496215820312 15.899983406066894531 10.492249488830566406 16.133596420288085938 26.25696563720703125 21.817403793334960938 16.728742599487304688 18.790340423583984375 18.79511260986328125 16.53659820556640625 15.581478118896484375 15.219573020935058594 14.746616363525390625 14.846675872802734375 16.572933197021484375 17.358699798583984375
36.611736297607421875 35.875713348388671875 33.089488983154296875 26.646839141845703125 19.312074661254882812 11.076160430908203125 5.2253499031066894531 2.3243010044097900391 3.51917266845703125 7.1052279472351074219 8.3374614715576171875 8.3862628936767578125 8.9687061309814453125 9.67139434814453125 10.581824302673339844 14.247990608215332031 16.681631088256835938 10.960001945495605469 6.1553874015808105469 6.2318921089172363281 6.7667217254638671875 8.7395372390747070312 12.629430770874023438 20.061077117919921875 25.829088211059570312 21.535030364990234375 16.598628997802734375 17.966001510620117188 28.2140045166015625 25.689685821533203125 14.111552238464355469 13.452895164489746094 17.080402374267578125 15.47486114501953125 11.907980918884277344 11.448109626770019531 11.307469367980957031 12.526574134826660156 15.463339805603027344 17.659746170043945312
34.256977081298828125 33.7680206298828125 30.771959304809570312 23.84404754638671875 15.2220916748046875 8.2598066329956054688 4.3461523056030273438 4.3673682212829589844 6.3141756057739257812 7.5964183807373046875 7.5831975936889648438 8.0770826339721679688 9.7406682968139648438 9.7600317001342773438 10.159781455993652344 13.166190147399902344 15.2040557861328125 12.979627609252929688 7.9214940071105957031 6.4561657905578613281 7.6919469833374023438 9.34983062744140625 11.445792198181152344 17.113912582397460938 24.468013763427734375 27.584636688232421875 21.60640716552734375 16.14105987548828125 26.839626312255859375 32.9473114013671875 22.979352951049804688 18.932041168212890625 22.745555877685546875 22.483081817626953125 13.718282699584960938 10.237407684326171875 11.144869804382324219 12.980023384094238281 14.960982322692871094 16.673959732055664062
32.700542449951171875 28.976316452026367188 24.568544387817382812 17.628635406494140625 11.12339019775390625 7.4795651435852050781 2.4227323532104492188 3.6738085746765136719 5.8331561088562011719 6.5119681358337402344 6.7668466567993164062 7.786769866943359375 9.6977281570434570312 9.7354888916015625 9.7100934982299804688 11.141938209533691406 12.474596977233886719 13.935225486755371094 12.54084014892578125 7.9358868598937988281 7.6759881973266601562 8.2112865447998046875 10.358450889587402344 15.945847511291503906 21.848497390747070312 28.753717422485351562 26.69672393798828125 13.586668968200683594 16.81919097900390625 31.261991500854492188 29.344827651977539062 17.412578582763671875 16.037099838256835938 22.093616485595703125 15.396338462829589844 11.823784828186035156 11.612836837768554688 13.295579910278320312 15.907358169555664062 17.655437469482421875
24.618909835815429688 20.5395660400390625 18.241109848022460938 14.877409934997558594 10.807921409606933594 7.5328164100646972656 2.9547576904296875 3.6295304298400878906 4.1049761772155761719 4.6097116470336914062 6.3445811271667480469 7.4537234306335449219 9.3583574295043945312 10.584347724914550781 9.8798093795776367188 9.8321123123168945312 10.779985427856445312 14.150288581848144531 15.797033309936523438 9.5255880355834960938 5.9185876846313476562 6.59454345703125 11.236939430236816406 16.059782028198242188 18.65814971923828125 25.287805557250976562 29.910291671752929688 18.301649093627929688 8.1065378189086914062 20.759120941162109375 29.78089141845703125 13.034914016723632812 7.6987071037292480469 19.063684463500976562 18.649822235107421875 11.157030105590820312 7.1869616508483886719 8.844615936279296875 14.765423774719238281 19.364162445068359375
20.922845840454101562 18.307277679443359375 16.212854385375976562 14.408902168273925781 11.432928085327148438 7.0615940093994140625 2.9636487960815429688 2.4831454753875732422 3.3433411121368408203 4.4697003364562988281 6.6976504325866699219 7.8434348106384277344 9.2270345687866210938 10.232867240905761719 9.6900835037231445312 9.731418609619140625 10.708619117736816406 15.682016372680664062 15.08582305908203125 10.289540290832519531 7.5980696678161621094 7.9593534469604492188 11.579332351684570312 15.214265823364257812 16.604869842529296875 20.199922561645507812 28.409219741821289062 24.738849639892578125 9.3985424041748046875 12.21726226806640625 27.571384429931640625 17.728479385375976562 7.6433048248291015625 14.533829689025878906 22.058111190795898438 18.0338287353515625 9.1721010208129882812 8.8811550140380859375 14.7489471435546875 18.589506149291992188
19.913394927978515625 18.4481964111328125 16.00861358642578125 13.859727859497070312 12.12277984619140625 7.422794342041015625 1.8684549331665039062 1.1285339593887329102 2.6593790054321289062 4.7121129035949707031 7.0310482978820800781 9.1046533584594726562 9.6213626861572265625 9.60056304931640625 10.785990715026855469 11.39931488037109375 10.996026992797851562 14.909134864807128906 13.342453956604003906 13.334942817687988281 11.908978462219238281 8.0112924575805664062 10.0540924072265625 14.932407379150390625 16.621801376342773438 16.663303375244140625 22.38838958740234375 27.183963775634765625 17.3570098876953125 6.4402379989624023438 24.49672698974609375 23.048086166381835938 5.6176929473876953125 8.7139072418212890625 19.90013885498046875 30.80817413330078125 27.300741195678710938 18.2731170654296875 19.151859283447265625 18.021541595458984375
20.852029800415039062 19.728908538818359375 17.667539596557617188 15.319440841674804688 13.534638404846191406 9.2944431304931640625 3.1451795101165771484 0.86145263910293579102 2.8154506683349609375 5.3607316017150878906 7.2793455123901367188 9.7880153656005859375 10.026500701904296875 9.4541044235229492188 12.212877273559570312 12.2921600341796875 9.8260402679443359375 11.86428070068359375 16.481121063232421875 18.56917572021484375 11.708913803100585938 6.1506452560424804688 7.485504150390625 13.956472396850585938 16.484449386596679688 15.646426200866699219 18.5295562744140625 25.257810592651367188 21.990177154541015625 4.5851788520812988281 19.45281982421875 25.60721588134765625 11.144892692565917969 14.800243377685546875 17.0645904541015625 24.538503646850585938 26.401960372924804688 24.798801422119140625 25.062397003173828125 20.096431732177734375
22.816463470458984375 21.377141952514648438 19.664239883422851562 18.086114883422851562 15.913762092590332031 11.310480117797851562 5.0711541175842285156 0.73804843425750732422 3.4408931732177734375 6.223484039306640625 6.4474167823791503906 9.1275157928466796875 10.622578620910644531 10.534389495849609375 13.678856849670410156 13.704918861389160156 12.061566352844238281 15.45953369140625 20.78553009033203125 17.351308822631835938 8.1213941574096679688 6.2031750679016113281 6.1274466514587402344 11.200199127197265625 16.580324172973632812 17.463243484497070312 18.296459197998046875 22.084238052368164062 21.653337478637695312 8.7960138320922851562 12.064714431762695312 24.57137298583984375 17.37493896484375 17.645978927612304688 13.904191970825195312 7.8488054275512695312 13.061084747314453125 26.855743408203125 29.27225494384765625 22.503114700317382812
25.297704696655273438 23.426923751831054688 21.732233047485351562 20.462171554565429688 18.10861968994140625 13.416814804077148438 6.0537586212158203125 1.6937325000762939453 3.2442021369934082031 6.0006527900695800781 5.4474353790283203125 8.5532350540161132812 11.330476760864257812 12.779984474182128906 15.243730545043945312 15.544110298156738281 15.960418701171875 19.155599594116210938 17.868089675903320312 11.312269210815429688 8.2631092071533203125 6.628582000732421875 6.6515216827392578125 8.3462810516357421875 14.346162796020507812 20.678867340087890625 20.032720565795898438 18.837354660034179688 19.6889801025390625 13.01909637451171875 7.3305234909057617188 22.644319534301757812 21.457521438598632812 15.896318435668945312 11.966994285583496094 8.1216077804565429688 12.269861221313476562 27.281476974487304688 31.534923553466796875 23.469991683959960938
28.18365478515625 24.941980361938476562 23.260883331298828125 22.674671173095703125 19.38014984130859375 15.56975555419921875 8.2781381607055664062 2.5960741043090820312 3.2704224586486816406 4.8144979476928710938 4.6538357734680175781 9.4240713119506835938 12.346547126770019531 14.200740814208984375 15.779573440551757812 16.213840484619140625 18.928684234619140625 19.940273284912109375 14.82061004638671875 10.234972953796386719 8.290851593017578125 7.6502790451049804688 6.7329769134521484375 7.2631988525390625 9.4453897476196289062 20.2740325927734375 22.857610702514648438 18.31433868408203125 19.607006072998046875 15.736497879028320312 8.2179689407348632812 17.672597885131835938 23.053022384643554688 14.776746749877929688 11.549344062805175781 8.6673555374145507812 18.524446487426757812 30.116550445556640625 30.59610748291015625 23.107013702392578125
29.896669387817382812 26.422237396240234375 24.972576141357421875 25.331727981567382812 20.995931625366210938 17.484167098999023438 12.222798347473144531 5.1680502891540527344 3.5444729328155517578 3.6827225685119628906 4.6659588813781738281 10.468724250793457031 13.224640846252441406 14.497948646545410156 16.026966094970703125 17.84454345703125 23.287418365478515625 22.066427230834960938 13.393833160400390625 7.443019866943359375 4.9906878471374511719 7.485462188720703125 7.3110017776489257812 6.0927839279174804688 6.5654826164245605469 13.704701423645019531 23.470449447631835938 22.31066131591796875 21.90006256103515625 19.290399551391601562 11.0192413330078125 10.429322242736816406 20.904636383056640625 16.754484176635742188 11.992919921875 9.355663299560546875 23.699138641357421875 32.67101287841796875 27.913158416748046875 22.556943893432617188
29.490337371826171875 27.051395416259765625 25.12298583984375 25.840311050415039062 23.030950546264648438 19.237230300903320312 14.349316596984863281 7.9245214462280273438 4.9615187644958496094 2.3301610946655273438 4.5144000053405761719 11.227357864379882812 13.295267105102539062 14.4040069580078125 19.592464447021484375 24.5505828857421875 26.750690460205078125 18.441724777221679688 7.18784332275390625 2.9818594455718994141 2.7676370143890380859 6.3600802421569824219 7.9909687042236328125 6.2815060615539550781 5.2760944366455078125 6.2713561058044433594 17.149618148803710938 24.21179962158203125 25.332418441772460938 25.671617507934570312 18.800952911376953125 7.4596891403198242188 14.288643836975097656 17.138004302978515625 14.403720855712890625 13.653721809387207031 26.741601943969726562 33.24271392822265625 25.536737442016601562 22.744741439819335938
27.212757110595703125 25.746063232421875 23.373531341552734375 22.945981979370117188 22.759914398193359375 20.713018417358398438 15.345494270324707031 7.5092425346374511719 4.6264581680297851562 2.1532878875732421875 3.7831180095672607422 11.233239173889160156 13.834196090698242188 15.319434165954589844 25.295873641967773438 29.063505172729492188 19.537935256958007812 8.7969579696655273438 6.5258641242980957031 3.7349083423614501953 3.0192353725433349609 5.4501957893371582031 8.8515691757202148438 9.1911001205444335938 5.6329998970031738281 5.3735380172729492188 8.3790998458862304688 17.61701202392578125 22.701702117919921875 26.342494964599609375 27.918268203735351562 18.998968124389648438 5.2320981025695800781 11.101183891296386719 11.779003143310546875 16.17316436767578125 28.838550567626953125 30.905612945556640625 24.389429092407226562 24.18859100341796875
25.268560409545898438 23.871654510498046875 22.209718704223632812 21.36981201171875 22.14354705810546875 22.087871551513671875 17.38857269287109375 7.7542252540588378906 5.1024441719055175781 4.8157668113708496094 1.2998503446578979492 8.9858770370483398438 14.7269287109375 16.9854736328125 27.565305709838867188 31.705295562744140625 20.125614166259765625 18.368864059448242188 20.4724578857421875 16.576875686645507812 9.939373016357421875 7.5901465415954589844 9.0696697235107421875 13.143596649169921875 11.889264106750488281 7.2650690078735351562 6.3252120018005371094 10.005769729614257812 15.859728813171386719 21.680410385131835938 28.978830337524414062 28.48964691162109375 14.203777313232421875 2.9881205558776855469 8.8084001541137695312 16.699131011962890625 27.760786056518554688 29.21971893310546875 24.679616928100585938 24.999357223510742188
22.289033889770507812 21.593914031982421875 21.603357315063476562 21.164556503295898438 21.929815292358398438 23.605800628662109375 20.841936111450195312 11.256824493408203125 6.1014113426208496094 6.6112561225891113281 3.2876925468444824219 7.120479583740234375 14.849822044372558594 18.892299652099609375 27.080982208251953125 34.54590606689453125 33.2280120849609375 30.103511810302734375 28.89076995849609375 28.840372085571289062 24.774583816528320312 20.13459014892578125 14.44046783447265625 13.314792633056640625 18.016012191772460938 15.087183952331542969 7.1976728439331054688 6.2245340347290039062 8.30054473876953125 15.19777679443359375 25.147165298461914062 31.164197921752929688 24.673471450805664062 6.1392827033996582031 7.7954421043395996094 15.598981857299804688 26.052490234375 29.931446075439453125 26.394886016845703125 26.550113677978515625
17.74422454833984375 19.456592559814453125 21.022203445434570312 20.911413192749023438 20.924791336059570312 23.246343612670898438 22.831872940063476562 15.433583259582519531 7.8869962692260742188 8.70236968994140625 8.542293548583984375 7.9704375267028808594 14.152266502380371094 19.147207260131835938 24.028797149658203125 28.452779769897460938 29.192052841186523438 25.376239776611328125 22.2464447021484375 23.725833892822265625 24.160753250122070312 24.073085784912109375 21.319421768188476562 16.590814590454101562 19.90821075439453125 24.010354995727539062 15.444896697998046875 7.4691743850708007812 6.7022671699523925781 8.7109012603759765625 17.926708221435546875 27.464975357055664062 29.587926864624023438 16.782867431640625 3.3351538181304931641 12.66629791259765625 24.242231369018554688 31.60204315185546875 28.3442840576171875 27.321130752563476562
