wildfire/work/fuelmodels/1713/slope.asc
ncols        455
nrows        399
xllcorner    197235.000000000000
yllcorner    447990.000000000000
cellsize     5.000000000000
NODATA_value   -999
[rows 162 to 179 of 399, columns 160 to 199 of 455]
25.873744964599609375 19.925750732421875 14.156133651733398438 10.584544181823730469 11.801373481750488281 10.712188720703125 5.6946282386779785156 2.9361944198608398438 5.0269174575805664062 7.2316594123840332031 8.34342193603515625 11.469485282897949219 14.762984275817871094 17.037294387817382812 18.904438018798828125 20.605787277221679688 23.945936203002929688 26.261661529541015625 26.302358627319335938 26.36888885498046875 26.64654541015625 27.077428817749023438 26.556921005249023438 22.914691925048828125 17.015176773071289062 16.931001663208007812 23.0642242431640625 27.979516983032226562 31.7755889892578125 37.7212982177734375 40.717376708984375 39.634151458740234375 36.68724822998046875 30.089345932006835938 21.107698440551757812 15.108844757080078125 11.748640060424804688 10.544257164001464844 10.984831809997558594 11.281136512756347656
25.532052993774414062 19.63016510009765625 13.081074714660644531 10.70476531982421875 11.762388229370117188 8.77109527587890625 4.890254974365234375 4.0287356376647949219 5.2550497055053710938 7.5536184310913085938 9.2691650390625 11.991521835327148438 13.124820709228515625 13.219395637512207031 13.927362442016601562 13.336883544921875 12.6551666259765625 13.805662155151367188 15.409598350524902344 16.836297988891601562 15.730159759521484375 12.497529029846191406 12.337771415710449219 15.930720329284667969 18.836938858032226562 23.725772857666015625 29.065999984741210938 33.438568115234375 36.438446044921875 39.88632965087890625 40.369235992431640625 36.439105987548828125 31.706571578979492188 24.5956268310546875 17.97906494140625 16.440366744995117188 16.09967041015625 16.270023345947265625 16.603876113891601562 15.235225677490234375
27.01847076416015625 20.296903610229492188 13.462350845336914062 10.007409095764160156 9.7914257049560546875 5.5636162757873535156 3.7381367683410644531 4.5143785476684570312 5.9018731117248535156 8.9338836669921875 11.745905876159667969 14.332483291625976562 15.907032012939453125 16.191677093505859375 15.987774848937988281 15.456925392150878906 13.427088737487792969 12.587305068969726562 14.097468376159667969 14.77542877197265625 14.259815216064453125 13.641335487365722656 15.632773399353027344 20.767244338989257812 25.21306610107421875 29.271493911743164062 32.79978179931640625 36.42612457275390625 39.7195281982421875 39.771961212158203125 36.7241058349609375 31.291322708129882812 24.093782424926757812 17.938564300537109375 16.512157440185546875 18.399440765380859375 19.939474105834960938 20.288196563720703125 18.64890289306640625 16.597118377685546875
29.059965133666992188 15.49312591552734375 13.247355461120605469 10.65020751953125 8.2416906356811523438 4.6948342323303222656 3.7688245773315429688 4.3569293022155761719 8.3489294052124023438 12.355363845825195312 15.817700386047363281 18.086729049682617188 19.020038604736328125 19.656007766723632812 20.124254226684570312 21.5520172119140625 22.299863815307617188 23.6489105224609375 25.7391357421875 26.545972824096679688 26.502973556518554688 26.426687240600585938 25.715436935424804688 25.897871017456054688 27.964923858642578125 30.882610321044921875 34.630496978759765625 37.5225067138671875 39.58238983154296875 35.781581878662109375 30.0331878662109375 23.607862472534179688 16.648801803588867188 14.722052574157714844 16.3759307861328125 18.474153518676757812 20.773471832275390625 21.17607879638671875 18.928447723388671875 17.289638519287109375
24.771688461303710938 11.307236671447753906 14.966119766235351562 13.718880653381347656 7.556972503662109375 3.8457555770874023438 2.5892403125762939453 6.4552187919616699219 10.922037124633789062 14.917714118957519531 18.84345245361328125 19.700237274169921875 20.10268402099609375 21.966817855834960938 23.188077926635742188 25.618625640869140625 27.527233123779296875 28.744421005249023438 29.801700592041015625 30.079364776611328125 30.674539566040039062 31.69466400146484375 30.0114593505859375 26.840841293334960938 27.5562744140625 30.2780303955078125 34.014560699462890625 36.782318115234375 36.121227264404296875 29.97426605224609375 22.9470672607421875 16.05336761474609375 11.936348915100097656 14.200311660766601562 16.705799102783203125 18.912868499755859375 20.3056182861328125 20.230596542358398438 20.663686752319335938 20.129117965698242188
20.244966506958007812 17.078611373901367188 17.9134674072265625 13.642486572265625 5.3914709091186523438 3.2956838607788085938 4.1112756729125976562 8.7969913482666015625 13.711092948913574219 18.467626571655273438 20.309711456298828125 20.95363616943359375 22.157718658447265625 24.210474014282226562 26.398128509521484375 28.504827499389648438 29.883279800415039062 31.651887893676757812 33.783092498779296875 33.739536285400390625 32.77135467529296875 31.41664886474609375 28.773263931274414062 26.639440536499023438 26.80230712890625 27.956356048583984375 30.373590469360351562 33.0516510009765625 30.473041534423828125 25.5069580078125 18.836969375610351562 13.613282203674316406 13.768973350524902344 16.115871429443359375 19.406053543090820312 22.0914764404296875 22.650545120239257812 22.991466522216796875 22.9367218017578125 21.595428466796875
21.884319305419921875 21.345367431640625 15.071871757507324219 9.3136119842529296875 4.3038129806518554688 4.472949981689453125 6.4826602935791015625 11.903537750244140625 19.009141921997070312 23.384599685668945312 23.469655990600585938 24.932771682739257812 26.972921371459960938 28.371856689453125 30.828668594360351562 32.163562774658203125 32.03566741943359375 31.182901382446289062 30.782148361206054688 29.394140243530273438 27.32996368408203125 24.162921905517578125 21.278333663940429688 20.899408340454101562 21.557569503784179688 22.99517059326171875 25.227956771850585938 27.759603500366210938 25.83038330078125 22.340068817138671875 17.34253692626953125 14.412053108215332031 15.933140754699707031 17.94686126708984375 20.541728973388671875 21.879323959350585938 22.287992477416992188 23.692255020141601562 24.063720703125 22.957126617431640625
16.36907958984375 16.878065109252929688 11.788416862487792969 7.4713315963745117188 5.1750454902648925781 5.0379323959350585938 9.6938228607177734375 16.90889739990234375 25.026180267333984375 28.0323028564453125 26.627981185913085938 28.483873367309570312 31.088535308837890625 31.800535202026367188 32.559719085693359375 30.640916824340820312 27.796392440795898438 25.513410568237304688 22.810791015625 19.424083709716796875 16.389392852783203125 13.481463432312011719 11.401946067810058594 11.716991424560546875 14.113558769226074219 17.058015823364257812 19.969079971313476562 22.742214202880859375 21.765832901000976562 17.993970870971679688 16.473283767700195312 16.104585647583007812 17.08037567138671875 19.073390960693359375 19.877567291259765625 19.90293121337890625 21.301115036010742188 22.729557037353515625 23.73632049560546875 24.448823928833007812
14.216071128845214844 16.128887176513671875 12.332968711853027344 7.4621891975402832031 4.5201001167297363281 5.5424404144287109375 14.854660987854003906 22.867588043212890625 29.73905181884765625 31.25223541259765625 29.18965911865234375 30.360857009887695312 31.147228240966796875 29.344751358032226562 27.2978057861328125 23.181369781494140625 20.626653671264648438 18.62340545654296875 14.464713096618652344 9.8089084625244140625 5.8786282539367675781 3.7266323566436767578 3.4328043460845947266 5.2025408744812011719 10.129784584045410156 14.122889518737792969 16.33481597900390625 18.728546142578125 18.163330078125 14.676794052124023438 14.404034614562988281 16.4961090087890625 18.668697357177734375 19.720380783081054688 19.696744918823242188 20.039915084838867188 21.419027328491210938 21.481657028198242188 22.404735565185546875 24.507684707641601562
17.107046127319335938 16.140689849853515625 9.7678537368774414062 4.6387391090393066406 4.0192346572875976562 9.528102874755859375 18.96349334716796875 27.344991683959960938 32.06043243408203125 32.329090118408203125 31.051052093505859375 30.601240158081054688 29.012861251831054688 24.25991058349609375 19.381193161010742188 15.682194709777832031 16.108234405517578125 15.429033279418945312 13.187258720397949219 11.745255470275878906 10.10659027099609375 9.075267791748046875 8.2475919723510742188 7.4894542694091796875 11.477900505065917969 14.869476318359375 14.592233657836914062 15.587137222290039062 15.084558486938476562 13.078540802001953125 12.988583564758300781 16.05925750732421875 17.8466644287109375 17.302515029907226562 17.899641036987304688 19.158834457397460938 18.801012039184570312 17.600465774536132812 18.974260330200195312 20.802713394165039062
15.7067413330078125 14.035906791687011719 8.9530630111694335938 5.1060123443603515625 6.9549288749694824219 12.254060745239257812 21.071531295776367188 30.582101821899414062 33.07813262939453125 32.20728302001953125 30.950428009033203125 27.755235671997070312 22.955404281616210938 16.202089309692382812 11.037950515747070312 10.889636039733886719 14.709603309631347656 16.259786605834960938 15.178265571594238281 14.253147125244140625 14.421659469604492188 13.857228279113769531 13.225067138671875 12.396951675415039062 13.366748809814453125 16.209474563598632812 15.64276885986328125 14.209494590759277344 13.342165946960449219 12.09035491943359375 12.079001426696777344 13.968790054321289062 14.050568580627441406 14.583288192749023438 16.813474655151367188 17.631198883056640625 17.25048065185546875 17.463481903076171875 17.586172103881835938 16.906000137329101562
15.346095085144042969 13.580889701843261719 8.6415615081787109375 6.653133392333984375 11.038870811462402344 13.532145500183105469 22.8223724365234375 33.0828857421875 33.716075897216796875 31.187829971313476562 28.665033340454101562 23.722158432006835938 17.393075942993164062 11.951124191284179688 9.6993341445922851562 11.489484786987304688 14.64910888671875 17.334108352661132812 18.934621810913085938 19.370355606079101562 19.28171539306640625 17.966045379638671875 16.7068634033203125 16.94776153564453125 16.617380142211914062 17.061008453369140625 16.423254013061523438 14.830577850341796875 14.476507186889648438 13.574953079223632812 12.302989959716796875 12.191477775573730469 12.667853355407714844 14.613202095031738281 15.88250732421875 15.68946075439453125 15.93953704833984375 16.749193191528320312 16.445428848266601562 16.52294921875
13.51798248291015625 10.79842376708984375 6.2801022529602050781 7.8011484146118164062 12.611895561218261719 15.114748954772949219 25.70142364501953125 33.610942840576171875 33.28826141357421875 29.245409011840820312 25.646078109741210938 21.120298385620117188 17.674940109252929688 17.079059600830078125 16.808320999145507812 17.7121124267578125 19.531461715698242188 22.370548248291015625 25.237997055053710938 24.930301666259765625 22.5093994140625 20.338972091674804688 18.738286972045898438 18.216875076293945312 18.7373199462890625 18.829105377197265625 18.218326568603515625 17.495758056640625 16.266588211059570312 14.118068695068359375 11.703489303588867188 10.844756126403808594 11.748035430908203125 12.881786346435546875 13.445536613464355469 14.047214508056640625 15.031248092651367188 15.417817115783691406 14.216094970703125 14.738660812377929688
9.3583583831787109375 7.4284200668334960938 3.8718991279602050781 9.50536346435546875 13.209603309631347656 16.828338623046875 28.225839614868164062 32.4960174560546875 31.592769622802734375 27.350221633911132812 22.808034896850585938 19.149271011352539062 19.388523101806640625 21.771657943725585938 23.116338729858398438 23.985813140869140625 25.012521743774414062 26.32102203369140625 26.491846084594726562 25.1301422119140625 22.648511886596679688 20.400177001953125 19.7793731689453125 18.969835281372070312 19.3217926025390625 19.605136871337890625 18.329660415649414062 16.805761337280273438 15.426270484924316406 13.239498138427734375 10.123763084411621094 8.8932819366455078125 9.5556097030639648438 9.4457292556762695312 10.99810791015625 13.663208961486816406 14.82938385009765625 13.962930679321289062 13.511153221130371094 13.40628814697265625
8.2792510986328125 8.3393716812133789062 3.0503969192504882812 9.1651334762573242188 13.022485733032226562 19.66909027099609375 29.0728302001953125 31.306940078735351562 28.366302490234375 24.304538726806640625 22.13411712646484375 21.76412200927734375 22.68682861328125 22.989553451538085938 23.299249649047851562 24.506687164306640625 25.072858810424804688 24.0212249755859375 22.287218093872070312 21.682741165161132812 21.147396087646484375 20.205524444580078125 19.138795852661132812 17.150798797607421875 16.816347122192382812 17.209146499633789062 16.301029205322265625 14.573447227478027344 12.750172615051269531 11.641763687133789062 8.7881145477294921875 5.828815460205078125 6.5119442939758300781 8.2572498321533203125 12.112369537353515625 14.74144744873046875 14.538395881652832031 12.893575668334960938 13.5555877685546875 14.280074119567871094
8.724437713623046875 7.8436980247497558594 4.9642581939697265625 9.6065893173217773438 13.534542083740234375 22.915414810180664062 27.791704177856445312 28.406763076782226562 25.743450164794921875 22.742116928100585938 23.147632598876953125 24.51967620849609375 25.824876785278320312 25.481042861938476562 24.557058334350585938 24.484346389770507812 23.771707534790039062 21.461156845092773438 19.484775543212890625 18.296306610107421875 17.635845184326171875 18.266439437866210938 16.932285308837890625 13.98352813720703125 12.819407463073730469 13.004050254821777344 13.162586212158203125 12.002176284790039062 9.6969451904296875 7.7051892280578613281 5.7150030136108398438 1.3988814353942871094 4.8316721916198730469 9.0233373641967773438 13.310467720031738281 14.579742431640625 14.176868438720703125 12.861596107482910156 12.93216705322265625 14.492282867431640625
7.5429673194885253906 5.4685826301574707031 4.0077538490295410156 10.505116462707519531 16.142620086669921875 23.306669235229492188 25.3197021484375 23.625391006469726562 23.6959381103515625 24.351673126220703125 23.852396011352539062 22.540130615234375 23.128629684448242188 24.690898895263671875 25.080699920654296875 23.486024856567382812 20.115762710571289062 18.324533462524414062 21.643108367919921875 24.610193252563476562 23.396549224853515625 22.520666122436523438 21.255893707275390625 19.215623855590820312 17.963212966918945312 16.950517654418945312 16.531566619873046875 15.045919418334960938 13.142995834350585938 10.473712921142578125 7.6757540702819824219 4.0494866371154785156 6.0830416679382324219 10.390504837036132812 14.368404388427734375 15.779383659362792969 15.894588470458984375 13.666945457458496094 11.929129600524902344 13.416968345642089844
8.7395753860473632812 6.1096096038818359375 3.0304257869720458984 11.769430160522460938 15.885401725769042969 20.542308807373046875 21.94189453125 20.008213043212890625 20.708398818969726562 22.983007431030273438 24.307264328002929688 23.8627471923828125 23.694902420043945312 22.988237380981445312 20.476160049438476562 17.565229415893554688 17.731645584106445312 22.577228546142578125 27.67221832275390625 30.812089920043945312 27.515035629272460938 25.6085052490234375 26.363666534423828125 26.179304122924804688 26.044015884399414062 24.990015029907226562 23.659465789794921875 21.5074615478515625 18.314432144165039062 14.392453193664550781 10.635315895080566406 7.6511502265930175781 8.0991163253784179688 11.520528793334960938 16.520263671875 20.070230484008789062 19.520633697509765625 14.425292015075683594 10.475881576538085938 12.203192710876464844
