wildfire/work/fuelmodels/1713/slope.asc
ncols        455
nrows        399
xllcorner    197235.000000000000
yllcorner    447990.000000000000
cellsize     5.000000000000
NODATA_value   -999
[rows 54 to 71 of 399, columns 360 to 399 of 455]
6.6476459503173828125 5.3741602897644042969 4.9385786056518554688 5.6221566200256347656 8.1229677200317382812 9.1459970474243164062 10.543097496032714844 9.7273511886596679688 12.653093338012695312 18.850521087646484375 19.253437042236328125 16.421400070190429688 11.674294471740722656 12.389089584350585938 13.071996688842773438 13.823254585266113281 13.966996192932128906 13.824872016906738281 11.901490211486816406 10.72795867919921875 11.431928634643554688 11.444021224975585938 9.4180879592895507812 8.3662567138671875 8.0857591629028320312 7.8941354751586914062 9.2810926437377929688 10.726447105407714844 11.940848350524902344 12.839411735534667969 13.144028663635253906 12.456900596618652344 12.626160621643066406 13.491934776306152344 14.293250083923339844 13.932573318481445312 13.681026458740234375 12.418701171875 10.696394920349121094 12.4625701904296875
7.6042571067810058594 6.0885763168334960938 7.4935126304626464844 8.0050678253173828125 9.8955926895141601562 11.777373313903808594 12.170081138610839844 10.470639228820800781 15.570413589477539062 21.203580856323242188 18.431610107421875 13.510257720947265625 9.4000396728515625 8.1746997833251953125 9.1117353439331054688 9.4144573211669921875 7.4346675872802734375 8.2111043930053710938 9.0467119216918945312 9.0257940292358398438 8.5387630462646484375 7.8917651176452636719 8.3595285415649414062 8.8372850418090820312 9.5222082138061523438 9.9480876922607421875 9.5066967010498046875 9.1232767105102539062 9.710491180419921875 10.724637985229492188 12.237905502319335938 13.100397109985351562 14.7268218994140625 14.8280029296875 13.214643478393554688 12.294169425964355469 12.045080184936523438 11.659459114074707031 12.167200088500976562 12.771497726440429688
7.6432719230651855469 5.7125539779663085938 6.2398104667663574219 5.5491628646850585938 4.1002984046936035156 5.5309424400329589844 7.4605188369750976562 9.29010772705078125 13.696611404418945312 21.247240066528320312 19.602548599243164062 12.29767608642578125 7.2116112709045410156 6.4719147682189941406 8.094699859619140625 7.039356231689453125 6.020740509033203125 7.345623016357421875 9.2820568084716796875 10.447645187377929688 11.350766181945800781 11.27447509765625 10.394389152526855469 10.002635955810546875 10.719892501831054688 10.994329452514648438 10.691927909851074219 10.424163818359375 10.759786605834960938 11.999484062194824219 12.069216728210449219 10.901668548583984375 10.999238014221191406 10.159793853759765625 9.8077545166015625 10.103515625 10.360613822937011719 12.473944664001464844 15.325214385986328125 15.589654922485351562
6.4745683670043945312 6.0905475616455078125 5.0427737236022949219 5.5529770851135253906 5.9161477088928222656 4.8673977851867675781 2.1670694351196289062 6.26038360595703125 13.532330513000488281 20.041046142578125 18.733745574951171875 15.037093162536621094 12.07556915283203125 10.327869415283203125 8.3037967681884765625 6.7815570831298828125 7.7617268562316894531 9.2502193450927734375 10.867735862731933594 11.754691123962402344 11.067034721374511719 10.356931686401367188 10.894778251647949219 11.458027839660644531 10.531386375427246094 9.23210906982421875 8.79885101318359375 8.562328338623046875 9.2608461380004882812 10.455432891845703125 9.57913970947265625 9.239177703857421875 9.4178371429443359375 9.1784715652465820312 10.318467140197753906 11.854587554931640625 12.452439308166503906 13.64104461669921875 13.564034461975097656 12.787821769714355469
5.5617232322692871094 5.5515723228454589844 4.4962830543518066406 5.5757770538330078125 6.9796481132507324219 6.5212373733520507812 4.88437652587890625 4.7547259330749511719 13.168703079223632812 19.829669952392578125 17.30846405029296875 16.728763580322265625 15.110823631286621094 11.874705314636230469 10.86486053466796875 12.235399246215820312 13.0008392333984375 12.233288764953613281 10.908232688903808594 10.724611282348632812 10.757310867309570312 10.761893272399902344 10.765254020690917969 10.025956153869628906 9.2617311477661132812 9.3006038665771484375 8.7192945480346679688 7.8733468055725097656 7.7015166282653808594 7.0470671653747558594 7.353839874267578125 9.636264801025390625 11.045842170715332031 11.663693428039550781 11.119614601135253906 10.763608932495117188 11.296792030334472656 11.256463050842285156 10.0479278564453125 10.148845672607421875
4.0553569793701171875 5.4666271209716796875 9.7798376083374023438 12.267352104187011719 11.80825042724609375 11.71092987060546875 9.5796108245849609375 4.028759002685546875 10.94165802001953125 18.268297195434570312 15.222380638122558594 14.326086997985839844 15.303116798400878906 14.764348030090332031 14.245183944702148438 14.762961387634277344 14.631129264831542969 11.607881546020507812 9.4878139495849609375 11.422097206115722656 12.418686866760253906 12.6528472900390625 12.715006828308105469 11.891082763671875 11.074558258056640625 11.137255668640136719 10.962332725524902344 9.6319341659545898438 8.0417718887329101562 7.765682220458984375 8.7573423385620117188 9.1145172119140625 8.9827184677124023438 9.575305938720703125 9.2792806625366210938 9.3918437957763671875 10.229551315307617188 10.342176437377929688 9.4388256072998046875 9.66522979736328125
10.446089744567871094 8.4847116470336914062 4.4968352317810058594 6.5807857513427734375 9.5551633834838867188 11.30765533447265625 11.312375068664550781 5.1877837181091308594 7.0748720169067382812 14.476781845092773438 13.457746505737304688 12.722193717956542969 13.616609573364257812 13.296422004699707031 12.409258842468261719 11.422129631042480469 11.897192955017089844 13.122172355651855469 14.931371688842773438 16.11962127685546875 15.047557830810546875 14.288811683654785156 13.400738716125488281 12.669782638549804688 11.839550971984863281 10.946458816528320312 10.394399642944335938 9.5844182968139648438 8.012054443359375 7.75112152099609375 7.7563405036926269531 7.5415492057800292969 7.4799089431762695312 8.245220184326171875 8.7395305633544921875 9.37540435791015625 9.8771600723266601562 9.85172271728515625 9.8597431182861328125 10.548506736755371094
4.3281645774841308594 8.1025848388671875 11.37702178955078125 14.254974365234375 14.107022285461425781 11.801349639892578125 9.1902856826782226562 5.7983593940734863281 3.9366021156311035156 10.729857444763183594 12.888419151306152344 14.377187728881835938 16.296648025512695312 17.107282638549804688 16.734556198120117188 16.920442581176757812 17.180936813354492188 17.126453399658203125 17.273143768310546875 15.58591461181640625 13.7889251708984375 12.779825210571289062 11.488857269287109375 11.259765625 11.091588973999023438 9.77507781982421875 8.665988922119140625 9.123569488525390625 9.1762647628784179688 8.8765850067138671875 8.1180210113525390625 7.6616611480712890625 7.8528704643249511719 9.185886383056640625 9.8871107101440429688 9.6132841110229492188 9.9254550933837890625 9.7824850082397460938 9.6876611709594726562 10.210619926452636719
13.459856986999511719 15.046422958374023438 13.566603660583496094 12.917397499084472656 11.942452430725097656 9.629852294921875 7.0939230918884277344 5.5646367073059082031 4.5939264297485351562 9.485443115234375 13.946685791015625 16.668077468872070312 18.983673095703125 20.77301025390625 20.3373260498046875 18.953090667724609375 16.266693115234375 13.019100189208984375 11.431410789489746094 10.533102989196777344 9.7565851211547851562 10.008230209350585938 10.55234527587890625 10.672375679016113281 10.259661674499511719 9.5581264495849609375 8.36138916015625 8.1935825347900390625 8.5824804306030273438 8.5668230056762695312 8.4779138565063476562 8.905124664306640625 9.7409048080444335938 10.442671775817871094 10.549365997314453125 9.8085803985595703125 10.554968833923339844 10.974240303039550781 10.864454269409179688 11.503263473510742188
14.397491455078125 12.096475601196289062 9.0401706695556640625 8.74730682373046875 7.8275246620178222656 7.5673356056213378906 7.5394434928894042969 6.4987778663635253906 5.6176891326904296875 6.4551362991333007812 8.722179412841796875 11.131940841674804688 12.374032020568847656 13.12485504150390625 13.86566925048828125 13.184762954711914062 11.98990631103515625 11.369908332824707031 11.333592414855957031 11.178201675415039062 10.841795921325683594 10.905676841735839844 10.964686393737792969 11.194604873657226562 11.212718009948730469 11.466035842895507812 11.524281501770019531 10.908901214599609375 10.649235725402832031 10.114546775817871094 9.50054168701171875 9.6904201507568359375 10.058835029602050781 10.1175994873046875 10.814205169677734375 11.210780143737792969 12.584185600280761719 13.087030410766601562 13.635915756225585938 14.323111534118652344
8.3790616989135742188 5.0575470924377441406 3.6441557407379150391 7.32004547119140625 7.9779591560363769531 8.5749406814575195312 6.7457957267761230469 4.5931868553161621094 3.8714139461517333984 3.4619734287261962891 3.4619495868682861328 3.4514296054840087891 4.1096582412719726562 6.1760954856872558594 9.0914783477783203125 10.682105064392089844 11.413519859313964844 12.194761276245117188 12.896298408508300781 12.501031875610351562 11.524144172668457031 11.380159378051757812 11.597414016723632812 12.347972869873046875 13.097393035888671875 13.369858741760253906 13.728136062622070312 13.612830162048339844 14.069561958312988281 14.28009033203125 13.689955711364746094 13.061832427978515625 13.493773460388183594 14.481053352355957031 15.475533485412597656 16.127336502075195312 16.145351409912109375 14.8652801513671875 13.566408157348632812 12.382674217224121094
6.6695828437805175781 3.9666106700897216797 3.9042861461639404297 7.72287750244140625 8.2010622024536132812 8.7842912673950195312 7.0076923370361328125 2.60929107666015625 2.153018951416015625 2.3861136436462402344 2.3848607540130615234 1.998003840446472168 2.8672337532043457031 4.2236609458923339844 4.5930652618408203125 6.3007602691650390625 7.8144931793212890625 8.9058399200439453125 10.030848503112792969 10.770951271057128906 11.391466140747070312 12.320969581604003906 12.620138168334960938 12.770735740661621094 14.055428504943847656 14.913579940795898438 15.316453933715820312 16.080623626708984375 16.898782730102539062 17.2244415283203125 18.150028228759765625 19.130704879760742188 19.479461669921875 19.172887802124023438 17.93787384033203125 16.123025894165039062 13.881661415100097656 11.246942520141601562 8.7806186676025390625 7.8952155113220214844
6.9464735984802246094 6.0170683860778808594 5.82048797607421875 6.9471507072448730469 8.6396627426147460938 9.1747531890869140625 6.5774283409118652344 1.8232537508010864258 1.0576727390289306641 2.2622838020324707031 2.3575811386108398438 2.7356624603271484375 3.4179103374481201172 3.9423794746398925781 2.7225337028503417969 2.8310146331787109375 2.6557343006134033203 2.9982175827026367188 3.7537488937377929688 4.0553669929504394531 5.8002643585205078125 6.9935388565063476562 8.0367155075073242188 9.6417188644409179688 11.350127220153808594 12.874969482421875 14.344684600830078125 15.421418190002441406 15.66021728515625 15.505035400390625 15.476923942565917969 15.642932891845703125 15.003854751586914062 12.903726577758789062 10.866483688354492188 9.3985223770141601562 7.0549173355102539062 4.2812123298645019531 3.6144821643829345703 4.68408966064453125
6.0733447074890136719 7.1331768035888671875 8.144084930419921875 9.2643213272094726562 10.598631858825683594 8.465545654296875 4.1275529861450195312 1.219516754150390625 1.7221671342849731445 2.6456406116485595703 2.5769128799438476562 2.8454539775848388672 2.4845817089080810547 2.6557624340057373047 2.3258275985717773438 2.6888668537139892578 2.7352845668792724609 2.8629736900329589844 3.5734124183654785156 3.1863734722137451172 2.7936208248138427734 2.1530160903930664062 1.7103984355926513672 2.9187726974487304688 3.9886021614074707031 5.367511749267578125 6.8305730819702148438 7.7140164375305175781 8.0014944076538085938 8.16762542724609375 7.5319895744323730469 6.8973407745361328125 6.7135162353515625 6.4430708885192871094 6.0969066619873046875 5.5693268775939941406 4.3419580459594726562 3.5565421581268310547 4.1982474327087402344 4.2947549819946289062
7.6910481452941894531 9.4164562225341796875 9.9819250106811523438 8.6721563339233398438 7.4300441741943359375 5.6390709877014160156 4.3303399085998535156 3.6879351139068603516 2.7934639453887939453 3.2555549144744873047 2.462688446044921875 2.097320556640625 1.9819881916046142578 1.6862626075744628906 1.9344503879547119141 2.1447572708129882812 1.770846247673034668 2.1353163719177246094 3.1987197399139404297 2.9747109413146972656 2.4445447921752929688 2.9487612247467041016 2.8644094467163085938 2.1485512256622314453 1.5091967582702636719 0.85969173908233642578 1.7533385753631591797 2.6410534381866455078 3.7584879398345947266 4.9152679443359375 5.4774327278137207031 5.4920415878295898438 6.2488121986389160156 6.8134312629699707031 6.4365553855895996094 5.4419789314270019531 4.0958728790283203125 3.155307769775390625 3.5615739822387695312 2.9627954959869384766
8.8501691818237304688 9.9531469345092773438 8.5343952178955078125 5.841754913330078125 6.7971038818359375 7.7537593841552734375 6.3486390113830566406 3.6923134326934814453 2.9408380985260009766 3.2773523330688476562 2.2587289810180664062 2.0689070224761962891 1.88381195068359375 1.5390994548797607422 1.9756091833114624023 2.0972855091094970703 1.2778325080871582031 0.83280420303344726562 2.7999923229217529297 3.3999664783477783203 2.7174704074859619141 3.0879387855529785156 3.1067094802856445312 2.0045793056488037109 1.707409977912902832 2.3646190166473388672 3.1177535057067871094 3.3750591278076171875 3.2946012020111083984 3.5564277172088623047 3.9184682369232177734 4.2421417236328125 4.8320560455322265625 3.626026153564453125 2.4569301605224609375 2.7703557014465332031 1.6050729751586914062 0.51797902584075927734 1.9229108095169067383 0.99911111593246459961
9.0774860382080078125 9.9531469345092773438 9.6482152938842773438 8.6412248611450195312 9.0986890792846679688 7.9463219642639160156 4.4180350303649902344 2.6063714027404785156 2.228061676025390625 2.65402984619140625 1.9531977176666259766 2.8354868888854980469 2.6961765289306640625 2.5058608055114746094 2.0519559383392333984 1.1581577062606811523 1.1581650972366333008 0.31339031457901000977 1.8619775772094726562 3.746219635009765625 3.3636450767517089844 3.1806557178497314453 3.6345436573028564453 2.7090859413146972656 2.7690553665161132812 3.3229923248291015625 3.1908113956451416016 2.4626643657684326172 1.9027736186981201172 2.4447693824768066406 1.4128985404968261719 1.3498953580856323242 1.9028105735778808594 3.0242292881011962891 3.3255684375762939453 3.1682279109954833984 2.4051144123077392578 2.1485295295715332031 2.7178628444671630859 2.8593068122863769531
10.727306365966796875 10.144787788391113281 8.2538175582885742188 5.0763115882873535156 4.7547259330749511719 3.7820651531219482422 1.366273045539855957 2.2325942516326904297 3.0277795791625976562 4.1668829917907714844 3.6222743988037109375 3.3152258396148681641 2.7085480690002441406 2.2425789833068847656 1.5515366792678833008 1.0422707796096801758 1.4804452657699584961 1.8137892484664916992 4.0162043571472167969 5.5300107002258300781 4.4829816818237304688 3.7908666133880615234 4.1581449508666992188 3.2499723434448242188 2.5962431430816650391 2.4352376461029052734 2.1007008552551269531 1.5357784032821655273 1.3321534395217895508 2.1570165157318115234 1.4014110565185546875 1.9059875011444091797 3.0799181461334228516 4.3308186531066894531 5.3085675239562988281 5.6154966354370117188 6.1797566413879394531 5.79766845703125 5.749095916748046875 6.8721957206726074219
