wildfire/work/fuelmodels/1683/slope.asc
ncols        98
nrows        94
xllcorner    148650.000000000000
yllcorner    452930.000000000000
cellsize     5.000000000000
NODATA_value   -999
[rows 18 to 35 of 94, columns 41 to 81 of 98]
36.22409820556640625 36.93003082275390625 42.700962066650390625 65.95236968994140625 65.8067169189453125 40.689605712890625 24.0398406982421875 17.37537384033203125 36.798297882080078125 62.1038665771484375 69.13604736328125 60.604503631591796875 45.085803985595703125 32.538547515869140625 26.816167831420898438 11.076388359069824219 15.137836456298828125 18.080371856689453125 18.208065032958984375 19.168964385986328125 16.316308975219726562 10.904863357543945312 10.469576835632324219 10.931547164916992188 7.7909345626831054688 17.20537567138671875 22.281707763671875 4.8896121978759765625 3.8708989620208740234 13.233523368835449219 8.3214445114135742188 9.4242448806762695312 25.169208526611328125 36.792858123779296875 33.044475555419921875 22.003643035888671875 13.034070014953613281 23.75307464599609375 24.7971343994140625 21.0635986328125 26.051639556884765625
17.9175567626953125 24.135099411010742188 39.764240264892578125 66.1365509033203125 64.09226226806640625 39.92919921875 22.684892654418945312 12.98744964599609375 11.882496833801269531 13.165513038635253906 47.084560394287109375 57.883716583251953125 42.172977447509765625 34.38861846923828125 35.72443389892578125 21.841503143310546875 16.967159271240234375 13.055130958557128906 3.7969632148742675781 1.3104168176651000977 3.1920650005340576172 2.5614032745361328125 4.2154145240783691406 2.4014699459075927734 6.1418638229370117188 21.567043304443359375 17.122570037841796875 6.0995297431945800781 18.470830917358398438 27.145116806030273438 20.473407745361328125 10.180415153503417969 18.66385650634765625 35.70652008056640625 42.132411956787109375 37.2210235595703125 29.544719696044921875 35.631435394287109375 36.0418548583984375 20.156972885131835938 9.2333955764770507812
7.3910174369812011719 12.804978370666503906 36.455638885498046875 61.44412994384765625 62.428920745849609375 44.872768402099609375 21.117889404296875 13.387810707092285156 9.5741815567016601562 7.1674761772155761719 36.787212371826171875 61.71013641357421875 48.967929840087890625 27.637506484985351562 33.30159759521484375 31.171962738037109375 9.4439783096313476562 10.6534423828125 11.720058441162109375 12.041395187377929688 5.042881011962890625 6.173419952392578125 6.8722424507141113281 6.7197599411010742188 8.4027624130249023438 16.458776473999023438 14.111008644104003906 19.761293411254882812 51.507049560546875 70.48738861083984375 83.118438720703125 71.23406982421875 27.25948333740234375 19.912183761596679688 41.5598297119140625 47.22808074951171875 37.340320587158203125 22.586297988891601562 7.7503113746643066406 42.781299591064453125 59.903903961181640625
4.4454417228698730469 4.61175537109375 26.0898895263671875 53.60888671875 57.47461700439453125 42.36731719970703125 24.551809310913085938 24.965335845947265625 19.148332595825195312 8.3815355300903320312 42.52521514892578125 71.85935211181640625 54.241802215576171875 21.61743927001953125 22.002162933349609375 28.046476364135742188 13.493680000305175781 13.113840103149414062 2.6115007400512695312 11.998331069946289062 5.0940084457397460938 6.0902304649353027344 7.4128956794738769531 1.4843060970306396484 4.9896116256713867188 13.975748062133789062 23.709627151489257812 54.74990081787109375 87.68254852294921875 92.72727203369140625 89.83080291748046875 97.568603515625 77.60936737060546875 15.593234062194824219 15.5340576171875 30.767698287963867188 31.1212310791015625 21.33742523193359375 44.154644012451171875 64.21338653564453125 55.802150726318359375
4.8896155357360839844 8.7869710922241210938 19.367879867553710938 57.467121124267578125 63.211700439453125 27.213733673095703125 12.55368804931640625 25.049001693725585938 32.051967620849609375 3.7259099483489990234 52.16664886474609375 77.3140106201171875 53.19535064697265625 19.585378646850585938 17.70679473876953125 18.897192001342773438 6.6189980506896972656 5.0219697952270507812 8.5498199462890625 11.590282440185546875 3.7454152107238769531 3.8288252353668212891 6.8828339576721191406 4.7841205596923828125 14.669322967529296875 40.054332733154296875 66.5691375732421875 93.47234344482421875 97.22751617431640625 73.9127960205078125 34.625125885009765625 81.2352447509765625 95.29784393310546875 30.378023147583007812 0.85381394624710083008 7.4857153892517089844 18.340581893920898438 39.628719329833984375 57.30123138427734375 41.211978912353515625 2.0562338829040527344
6.4354186058044433594 3.8288264274597167969 22.867078781127929688 68.25481414794921875 64.1526641845703125 13.557633399963378906 3.2198641300201416016 20.295360565185546875 29.539556503295898438 24.045526504516601562 53.74951171875 77.84564971923828125 53.844631195068359375 23.151720046997070312 14.379961967468261719 15.343029022216796875 12.48458099365234375 9.620555877685546875 5.2413091659545898438 6.1194000244140625 2.8714885711669921875 5.8598580360412597656 10.180415153503417969 17.859340667724609375 45.456485748291015625 77.237945556640625 93.3758392333984375 95.33294677734375 76.5364532470703125 48.614795684814453125 18.871982574462890625 89.36612701416015625 87.767669677734375 31.958810806274414062 4.0667920112609863281 2.2945346832275390625 16.009441375732421875 39.24874114990234375 52.56285858154296875 48.51210784912109375 28.62511444091796875
3.9207901954650878906 4.0747513771057128906 36.756595611572265625 78.26898193359375 55.86898040771484375 12.999889373779296875 8.5071020126342773438 6.9262194633483886719 24.120100021362304688 47.4210968017578125 71.917022705078125 77.242095947265625 55.703216552734375 31.27954864501953125 22.828989028930664062 13.397462844848632812 5.4473662376403808594 8.69903564453125 14.482466697692871094 16.517553329467773438 13.787052154541015625 17.386051177978515625 23.2551727294921875 42.669666290283203125 74.29444122314453125 85.7382965087890625 79.28617095947265625 74.936309814453125 62.6114501953125 34.999919891357421875 51.350727081298828125 93.5808258056640625 65.6834869384765625 29.1053009033203125 21.276508331298828125 17.087158203125 24.278789520263671875 33.7280426025390625 26.261035919189453125 34.8875274658203125 32.621433258056640625
0.28461143374443054199 12.596152305603027344 60.87932586669921875 83.43357086181640625 40.911106109619140625 8.193050384521484375 13.177794456481933594 32.752788543701171875 53.3822021484375 72.44615936279296875 77.94104766845703125 65.341705322265625 44.01849365234375 19.718793869018554688 5.2690439224243164062 4.8730173110961914062 5.5882539749145507812 11.71660614013671875 12.237924575805664062 11.208508491516113281 8.4075708389282226562 15.277585029602050781 25.307256698608398438 53.788532257080078125 74.60784149169921875 71.46968841552734375 66.28806304931640625 69.38355255126953125 48.580814361572265625 25.359350204467773438 74.357940673828125 90.55169677734375 46.160381317138671875 26.408544540405273438 36.7661590576171875 37.141361236572265625 28.023265838623046875 19.790676116943359375 10.356914520263671875 24.041507720947265625 50.0272369384765625
14.1259002685546875 48.110446929931640625 89.63166046142578125 69.94336700439453125 16.43175506591796875 16.53319549560546875 44.362682342529296875 57.387786865234375 62.16473388671875 61.141452789306640625 49.428623199462890625 32.5284576416015625 14.932517051696777344 7.8292784690856933594 10.236691474914550781 9.1630086898803710938 5.0669112205505371094 7.595211029052734375 6.6434125900268554688 6.0675854682922363281 2.1674680709838867188 22.718624114990234375 43.14385986328125 65.10948944091796875 69.84717559814453125 59.02402496337890625 55.0107269287109375 58.2964324951171875 26.990375518798828125 32.7222137451171875 86.229766845703125 83.85454559326171875 30.079931259155273438 9.823657989501953125 12.53113555908203125 14.695200920104980469 0.85381931066513061523 9.0385160446166992188 12.328139305114746094 39.479610443115234375 65.8630828857421875
52.38552093505859375 83.7944488525390625 80.80492401123046875 27.387739181518554688 15.887376785278320312 36.0584869384765625 51.980304718017578125 47.80251312255859375 36.33489990234375 26.799961090087890625 13.155694961547851562 8.9855318069458007812 16.384496688842773438 16.057804107666015625 10.545812606811523438 10.278506278991699219 11.222944259643554688 11.751085281372070312 12.07895660400390625 25.294534683227539062 39.34470367431640625 45.535434722900390625 59.881481170654296875 63.468334197998046875 53.523593902587890625 34.64940643310546875 44.559238433837890625 70.0098114013671875 55.2246246337890625 58.98429107666015625 87.98883056640625 65.3986053466796875 22.006200790405273438 1.0948950052261352539 4.0985288619995117188 18.502696990966796875 37.540767669677734375 48.280605316162109375 48.563884735107421875 56.659820556640625 56.95441436767578125
91.636016845703125 76.47956085205078125 32.314182281494140625 18.7208404541015625 43.4535980224609375 47.898876190185546875 45.963756561279296875 34.366977691650390625 19.837087631225585938 12.725165367126464844 23.109233856201171875 32.155826568603515625 31.002471923828125 25.835842132568359375 15.826215744018554688 11.794359207153320312 11.221489906311035156 18.080377578735351562 38.9075927734375 60.0927734375 57.719234466552734375 45.658374786376953125 46.962146759033203125 42.356044769287109375 42.152233123779296875 22.732814788818359375 9.1762456893920898438 55.85846710205078125 81.29583740234375 82.88158416748046875 75.77933502197265625 42.342357635498046875 16.408140182495117188 9.1973886489868164062 38.53331756591796875 60.280467987060546875 66.40576171875 61.08740234375 54.10092926025390625 37.415302276611328125 27.67472076416015625
59.537883758544921875 18.985792160034179688 22.17150115966796875 44.483470916748046875 52.44724273681640625 45.072437286376953125 32.937900543212890625 19.738006591796875 11.468912124633789062 11.27829742431640625 25.19635009765625 34.758655548095703125 46.63727569580078125 59.499195098876953125 63.7350921630859375 51.277591705322265625 30.407064437866210938 36.09967803955078125 58.606769561767578125 49.024524688720703125 29.368104934692382812 26.808958053588867188 30.374067306518554688 30.11832427978515625 53.46082305908203125 33.977519989013671875 35.28484344482421875 13.607632637023925781 27.408857345581054688 48.85417938232421875 41.078876495361328125 16.854448318481445312 8.594203948974609375 30.083143234252929688 48.967288970947265625 32.7630767822265625 8.2236013412475585938 15.333004951477050781 29.667263031005859375 28.628185272216796875 5.1304349899291992188
29.839916229248046875 49.197811126708984375 53.349201202392578125 51.26575469970703125 43.134830474853515625 16.391897201538085938 12.738501548767089844 24.325160980224609375 24.589799880981445312 21.322294235229492188 30.347904205322265625 53.5753021240234375 73.9673614501953125 87.80446624755859375 92.93950653076171875 87.15082550048828125 62.588703155517578125 50.722076416015625 48.71486663818359375 14.41588592529296875 6.5686402320861816406 17.56072235107421875 25.35933685302734375 29.532489776611328125 48.82959747314453125 34.699222564697265625 20.172990798950195312 44.09508514404296875 38.250919342041015625 32.26157379150390625 32.2446746826171875 34.722965240478515625 47.077983856201171875 55.4824981689453125 46.547512054443359375 26.143796920776367188 26.631414413452148438 28.757228851318359375 10.633666038513183594 28.407358169555664062 34.64707183837890625
62.59876251220703125 59.35488128662109375 43.3332977294921875 23.492242813110351562 10.334246635437011719 45.91458892822265625 60.59395599365234375 62.26567840576171875 64.37163543701171875 59.4046173095703125 54.484874725341796875 77.0077972412109375 71.4124603271484375 55.415134429931640625 48.06191253662109375 63.3291168212890625 68.822174072265625 52.526454925537109375 29.4786224365234375 10.568048477172851562 11.208515167236328125 25.294858932495117188 29.205560684204101562 23.663724899291992188 22.432741165161132812 38.95204925537109375 27.181516647338867188 17.580493927001953125 26.555814743041992188 21.320409774780273438 24.7005157470703125 51.16924285888671875 63.331073760986328125 50.199527740478515625 25.970922470092773438 5.7889580726623535156 7.0765352249145507812 33.023624420166015625 70.24591827392578125 85.13861846923828125 63.120151519775390625
30.490865707397460938 21.797899246215820312 8.0424623489379882812 13.62188720703125 44.237445831298828125 55.0321197509765625 45.471324920654296875 44.39917755126953125 52.039516448974609375 56.9670562744140625 55.57971954345703125 69.5028228759765625 39.744384765625 17.98370361328125 14.532052993774414062 29.507738113403320312 50.686603546142578125 30.56024932861328125 11.105551719665527344 9.5445528030395507812 22.638675689697265625 29.541469573974609375 20.977687835693359375 7.6154284477233886719 3.9516680240631103516 21.285594940185546875 32.29532623291015625 24.847698211669921875 27.496402740478515625 19.331600189208984375 21.896406173706054688 46.843631744384765625 23.238544464111328125 22.550586700439453125 46.9054718017578125 71.525665283203125 94.99814605712890625 105.50382232666015625 96.1315765380859375 74.92333984375 54.294208526611328125
5.8279924392700195312 18.580183029174804688 5.6128339767456054688 21.039087295532226562 44.203521728515625 36.95856475830078125 17.156007766723632812 15.4170989990234375 7.8292727470397949219 8.0333929061889648438 18.235088348388671875 36.5938873291015625 22.487985610961914062 12.994924545288085938 9.07427215576171875 19.04903411865234375 37.711551666259765625 36.792217254638671875 18.083953857421875 16.042707443237304688 31.126642227172851562 23.023324966430664062 9.2901859283447265625 9.18505096435546875 22.586299896240234375 36.781574249267578125 38.2225494384765625 24.920148849487304688 24.245595932006835938 26.255540847778320312 52.62526702880859375 38.34613037109375 29.2332916259765625 64.0098419189453125 63.702426910400390625 66.3203887939453125 62.869510650634765625 55.96227264404296875 41.2893524169921875 24.4844970703125 35.450336456298828125
24.661710739135742188 20.471437454223632812 19.116701126098632812 28.451158523559570312 53.2915191650390625 47.82831573486328125 11.911721229553222656 13.536757469177246094 24.474302291870117188 35.7183837890625 45.509490966796875 56.43935394287109375 54.28814697265625 23.474428176879882812 4.7159218788146972656 1.1455110311508178711 15.333008766174316406 40.817779541015625 41.262165069580078125 27.100955963134765625 19.965984344482421875 2.6115136146545410156 6.7641806602478027344 12.598063468933105469 22.367267608642578125 28.578775405883789062 29.1571197509765625 33.719974517822265625 37.5146026611328125 52.97525787353515625 57.575992584228515625 23.248956680297851562 52.521511077880859375 56.696475982666015625 37.861949920654296875 32.020442962646484375 27.392148971557617188 18.346303939819335938 6.5241298675537109375 5.8279867172241210938 26.705585479736328125
38.39748382568359375 35.92746734619140625 29.341588973999023438 30.459527969360351562 60.3134613037109375 63.702423095703125 39.06711578369140625 43.3245086669921875 54.836589813232421875 60.286285400390625 68.17594146728515625 73.63397216796875 79.64703369140625 69.76091766357421875 43.28910064697265625 37.61045074462890625 25.875972747802734375 5.5211987495422363281 34.6556243896484375 25.921316146850585938 9.6037206649780273438 21.711935043334960938 26.32955169677734375 29.17859649658203125 38.605510711669921875 41.2112274169921875 28.185932159423828125 5.0155205726623535156 22.088445663452148438 43.229778289794921875 17.777324676513671875 33.086391448974609375 59.405941009521484375 52.35065460205078125 33.642948150634765625 24.738616943359375 23.082731246948242188 21.60587310791015625 15.97458648681640625 11.0953521728515625 18.164569854736328125
