wildfire/work/fuelmodels/1683/slope.asc
ncols        98
nrows        94
xllcorner    148650.000000000000
yllcorner    452930.000000000000
cellsize     5.000000000000
NODATA_value   -999
[rows 54 to 71 of 94, columns 0 to 40 of 98]
0 3.2722470760345458984 3.6909623146057128906 4.9782414436340332031 6.1418638229370117188 2.4482204914093017578 1.3288294076919555664 2.3365023136138916016 1.7123543024063110352 2.5487253665924072266 2.4482285976409912109 1.0874687433242797852 0.80498433113098144531 1.5536315441131591797 1.3529870510101318359 2.4581317901611328125 3.9475491046905517578 4.2783417701721191406 4.6606645584106445312 1.0261604785919189453 1.0948970317840576172 3.6021239757537841797 2.1971540451049804688 0.80498808622360229492 1.7311719655990600586 2.5771706104278564453 3.0253229141235351562 9.6650342941284179688 14.756666183471679688 11.578408241271972656 6.6725916862487792969 3.6445953845977783203 6.0835814476013183594 1.3529911041259765625 4.6693358421325683594 2.2228028774261474609 3.4458544254302978516 6.1734223365783691406 5.4145674705505371094 9.145320892333984375 4.3272891044616699219
0 4.3440918922424316406 2.9794614315032958984 2.8260021209716796875 1.3104168176651000977 4.6797404289245605469 3.7691380977630615234 3.7841422557830810547 1.297991633415222168 2.9821829795837402344 3.2523910999298095703 1.4897580146789550781 1.7999900579452514648 1.1734613180160522461 1.4230257272720336914 2.8000957965850830078 2.4316298961639404297 1.3767247200012207031 4.1044507026672363281 3.4575817584991455078 1.6099567413330078125 2.0404171943664550781 2.55823516845703125 2.6849081516265869141 1.9260789155960083008 0.7421614527702331543 2.6758363246917724609 12.328133583068847656 10.695878982543945312 4.4690585136413574219 11.507633209228515625 11.678582191467285156 6.6434144973754882812 1.8792351484298706055 2.5455334186553955078 3.6733694076538085938 11.380415916442871094 8.489009857177734375 9.124065399169921875 10.92562103271484375 4.8178696632385253906
0 3.4739394187927246094 2.0719332695007324219 3.0757634639739990234 4.6831960678100585938 4.3886098861694335938 2.9794685840606689453 3.0038406848907470703 5.0685186386108398438 5.3513936996459960938 2.3399665355682373047 2.7797710895538330078 4.3066582679748535156 4.802722930908203125 4.9570550918579101562 5.6487903594970703125 8.8530435562133789062 10.802753448486328125 7.813755035400390625 4.9700946807861328125 4.569408416748046875 5.5882539749145507812 5.1931996345520019531 3.4762749671936035156 1.9386498928070068359 1.7999892234802246094 4.5105452537536621094 9.661685943603515625 9.2333927154541015625 10.647352218627929688 8.9521341323852539062 3.8708932399749755859 6.2787618637084960938 7.0685286521911621094 5.7889580726623535156 17.92432403564453125 42.232158660888671875 38.656707763671875 31.991151809692382812 10.58257293701171875 4.7245059013366699219
0 4.3941378593444824219 3.0572752952575683594 2.9384036064147949219 4.8027148246765136719 4.1748824119567871094 0.45890852808952331543 1.5273460149765014648 1.5326318740844726562 1.4230142831802368164 1.4058398008346557617 3.8478195667266845703 3.1434912681579589844 1.548413395881652832 2.1637215614318847656 2.6238787174224853516 6.4955167770385742188 2.9383978843688964844 5.62291717529296875 7.2226190567016601562 7.7753357887268066406 5.829387664794921875 3.8855197429656982422 2.1637237071990966797 0.74215626716613769531 0.99408560991287231445 3.8203463554382324219 6.003185272216796875 10.691338539123535156 7.9207677841186523438 2.0991168022155761719 0.52478992938995361328 9.0376110076904296875 3.5998835563659667969 5.5446043014526367188 41.9945831298828125 54.38442230224609375 36.910335540771484375 45.93753814697265625 13.56479644775390625 3.3042669296264648438
0 4.7365016937255859375 2.4581441879272460938 2.1749291419982910156 2.9023520946502685547 2.4149205684661865234 4.0985369682312011719 4.2365107536315917969 4.0985403060913085938 4.5033717155456542969 3.8959219455718994141 2.3777377605438232422 2.7416341304779052734 1.3529956340789794922 2.0124390125274658203 1.7311719655990600586 4.965198516845703125 6.9262142181396484375 3.1434798240661621094 6.9437408447265625 4.0187196731567382812 2.6238775253295898438 2.4316358566284179688 2.0404293537139892578 1.9758876562118530273 2.4712860584259033203 3.97821044921875 3.9290509223937988281 3.5110495090484619141 5.2474932670593261719 2.1786444187164306641 3.7454292774200439453 8.0333986282348632812 7.6398458480834960938 17.541879653930664062 58.380619049072265625 34.630680084228515625 41.174297332763671875 46.30863189697265625 14.166473388671875 2.8173851966857910156
0 2.8855593204498291016 1.0948970317840576172 1.7999892234802246094 2.5102949142456054688 0.85381114482879638672 1.6299566030502319336 3.2449092864990234375 4.0247578620910644531 4.2764582633972167969 5.0860590934753417969 5.2320299148559570312 6.2864823341369628906 6.9762907028198242188 6.4617719650268554688 5.1540551185607910156 3.8708913326263427734 3.0572752952575683594 3.6468265056610107422 6.2671437263488769531 4.7976593971252441406 5.635868072509765625 2.4482257366180419922 0.63639426231384277344 2.3051037788391113281 1.5326364040374755859 1.4897543191909790039 1.0495688915252685547 1.1384150981903076172 4.6327877044677734375 2.0875201225280761719 4.6327877044677734375 3.6909627914428710938 12.067574501037597656 30.889461517333984375 46.127422332763671875 20.929586410522460938 55.74320220947265625 39.5538330078125 11.6125946044921875 2.8173758983612060547
0 4.1612834930419921875 2.9079270362854003906 3.699733734130859375 1.7999789714813232422 1.594800114631652832 2.9384076595306396484 1.7864385843276977539 0.50911605358123779297 0.81498110294342041016 0.40249359607696533203 1.2535539865493774414 3.5454742908477783203 2.8029808998107910156 3.1434862613677978516 3.0038273334503173828 2.5740163326263427734 1.2791334390640258789 1.8921291828155517578 3.7691333293914794922 4.9127435684204101562 3.318939208984375 0.81498485803604125977 1.9428148269653320312 1.3529956340789794922 1.0874786376953125 1.7123543024063110352 1.5379114151000976562 0.99408173561096191406 4.0985379219055175781 0.85381931066513061523 4.0985379219055175781 4.9700937271118164062 13.406522750854492188 24.043851852416992188 44.776653289794921875 57.304779052734375 49.486438751220703125 20.5971221923828125 1.8921288251876831055 4.77734375
0 6.1786704063415527344 4.632781982421875 2.4482271671295166016 1.8089649677276611328 2.4449203014373779297 1.7818928956985473633 2.8601825237274169922 2.7534177303314208984 2.1335682868957519531 2.4712810516357421875 4.4326825141906738281 7.2461199760437011719 8.6505079269409179688 6.6079730987548828125 2.7416226863861083984 0.85381394624710083008 2.4712758064270019531 1.4511976242065429688 2.2945263385772705078 2.7534177303314208984 1.2599893808364868164 1.5273400545120239258 0.74215519428253173828 1.6740912199020385742 0.96933037042617797852 0.90000581741333007812 1.1455110311508178711 3.4622669219970703125 4.6257882118225097656 1.8532010316848754883 3.1614720821380615234 4.8111348152160644531 9.7583560943603515625 16.088972091674804688 26.2830810546875 26.540973663330078125 15.307691574096679688 3.4762644767761230469 1.7727822065353393555 4.5141324996948242188
0 8.9086332321166992188 4.4763011932373046875 0.64899551868438720703 1.8921234607696533203 1.60996246337890625 2.4014616012573242188 1.3708289861679077148 2.4482212066650390625 1.4843113422393798828 2.4149167537689208984 2.9384036064147949219 2.2768101692199707031 3.4739384651184082031 5.9326353073120117188 3.3601713180541992188 3.2846016883850097656 1.6546196937561035156 3.4762699604034423828 3.90422821044921875 3.2722485065460205078 0.80497658252716064453 1.4511966705322265625 2.5070614814758300781 3.3189389705657958984 2.1674637794494628906 2.7943050861358642578 2.2264611721038818359 6.2412500381469726562 5.0971889495849609375 4.9782352447509765625 5.3995985984802246094 6.7737584114074707031 0.4589169621467590332 5.7777543067932128906 3.3961279392242431641 1.7311719655990600586 3.1818914413452148438 0.90000075101852416992 2.3365023136138916016 5.3995890617370605469
0 5.8099045753479003906 0.90000158548355102539 2.0562314987182617188 3.6468131542205810547 3.710659027099609375 3.5840981006622314453 3.92078399658203125 3.0546309947967529297 3.3042743206024169922 2.6758434772491455078 1.0261597633361816406 2.9957404136657714844 2.8260040283203125 4.3235325813293457031 3.904224395751953125 4.4997639656066894531 4.0747480392456054688 1.0261536836624145508 4.3496866226196289062 2.4482271671295166016 1.5379139184951782227 4.2000288963317871094 5.6816630363464355469 6.8887219429016113281 6.1299886703491210938 5.2966356277465820312 4.9160413742065429688 5.5314507484436035156 2.5103011131286621094 4.3830671310424804688 4.7347869873046875 3.52944183349609375 7.2851190567016601562 2.8601846694946289062 1.6546121835708618164 0.50911605358123779297 2.1674544811248779297 0.81498014926910400391 1.2791340351104736328 6.1982846260070800781
0 4.2688803672790527344 2.5740180015563964844 3.1434810161590576172 2.8601877689361572266 3.6043775081634521484 6.204822540283203125 4.4399785995483398438 1.4230201244354248047 1.1734534502029418945 2.0719301700592041016 5.0090432167053222656 3.5998766422271728516 0.45891359448432922363 2.5582292079925537109 4.4563555717468261719 3.1920571327209472656 1.0874687433242797852 2.1183235645294189453 2.9301245212554931641 2.3468787670135498047 1.9758903980255126953 5.0428867340087890625 8.2873363494873046875 12.811932563781738281 18.344110488891601562 19.43442535400390625 16.042705535888671875 3.6200742721557617188 4.3959813117980957031 4.7107806205749511719 6.6287751197814941406 5.8043246269226074219 3.9536943435668945312 8.60549163818359375 10.085392951965332031 6.0153102874755859375 1.1734534502029418945 1.0261536836624145508 3.3311176300048828125 6.9890570640563964844
0 4.19809722900390625 5.4740686416625976562 4.2384104728698730469 8.7648401260375976562 1.207474827766418457 4.9127335548400878906 5.7552895545959472656 7.7576189041137695312 6.0354814529418945312 5.74261474609375 3.9944620132446289062 3.4739317893981933594 2.1183202266693115234 2.7059352397918701172 4.4708704948425292969 4.2077226638793945312 1.6546179056167602539 1.2979928255081176758 2.9051346778869628906 4.3571276664733886719 4.8780045509338378906 4.8463521003723144531 9.014301300048828125 9.31977081298828125 4.8296179771423339844 3.5931253433227539062 15.203351974487304688 10.432421684265136719 3.8182299137115478516 1.6546179056167602539 4.2134957313537597656 6.4892888069152832031 5.6530861854553222656 5.2797875404357910156 5.8390946388244628906 10.199465751647949219 4.456356048583984375 2.5487132072448730469 5.544605255126953125 3.9843060970306396484
0 4.1456809043884277344 4.306652069091796875 1.5536315441131591797 8.5185098648071289062 6.5698914527893066406 2.1749310493469238281 6.110141754150390625 7.5781350135803222656 7.5695848464965820312 3.4246270656585693359 1.1525540351867675781 3.6733679771423339844 1.7999875545501708984 1.7076154947280883789 3.9310982227325439453 3.2845969200134277344 2.8029749393463134766 4.9570412635803222656 4.2173404693603515625 3.7969601154327392578 3.3601732254028320312 5.0971832275390625 10.185976982116699219 18.323415756225585938 22.511974334716796875 20.325544357299804688 16.161609649658203125 9.0742540359497070312 3.1844420433044433594 3.7969601154327392578 6.1207280158996582031 8.5270633697509765625 8.2127695083618164062 9.759185791015625 7.7408947944641113281 6.3836178779602050781 5.7847576141357421875 4.9160299301147460938 3.8938398361206054688 1.6546179056167602539
0 3.9290399551391601562 6.3186044692993164062 6.6434125900268554688 8.9656858444213867188 9.1417827606201171875 6.8828434944152832031 5.9910426139831542969 6.2619729042053222656 8.93494415283203125 8.66547393798828125 7.9879355430603027344 8.8621845245361328125 10.179627418518066406 11.623040199279785156 12.633319854736328125 12.351725578308105469 10.48040008544921875 9.9626989364624023438 11.140467643737792969 10.225621223449707031 9.9975557327270507812 12.319604873657226562 13.552271842956542969 16.111551284790039062 20.228885650634765625 19.843597412109375 12.855403900146484375 8.303924560546875 5.1304478645324707031 6.0341420173645019531 10.258803367614746094 15.49239349365234375 14.821704864501953125 10.826699256896972656 9.5986623764038085938 7.008716583251953125 4.7107806205749511719 4.8513612747192382812 5.3422951698303222656 4.0608081817626953125
0 1.1455110311508178711 3.5454761981964111328 2.2228100299835205078 2.5359752178192138672 7.7669968605041503906 5.4026012420654296875 4.8896112442016601562 9.7417669296264648438 7.5180878639221191406 1.5947947502136230469 3.6468131542205810547 3.2198491096496582031 2.0124421119689941406 1.0182240009307861328 3.25238800048828125 5.6056094169616699219 2.0719373226165771484 5.6916279792785644531 6.2567944526672363281 4.3959836959838867188 1.0495615005493164062 0.25455209612846374512 1.4843081235885620117 2.8173816204071044922 5.7510657310485839844 9.3449106216430664062 14.681441307067871094 18.708761215209960938 12.999892234802246094 12.520801544189453125 19.6071929931640625 15.748430252075195312 14.482463836669921875 15.758687019348144531 15.303476333618164062 15.300306320190429688 15.543933868408203125 14.782930374145507812 15.25005340576171875 15.537179946899414062
0 50.95972442626953125 57.03644561767578125 63.7766265869140625 62.63094329833984375 55.94979095458984375 54.0253448486328125 58.446475982666015625 62.041416168212890625 62.68257904052734375 69.9055938720703125 78.417510986328125 77.23488616943359375 72.368499755859375 74.95668792724609375 78.8113861083984375 81.853302001953125 84.06757354736328125 84.6275787353515625 83.1798095703125 83.1072845458984375 84.12154388427734375 79.72125244140625 75.142791748046875 79.36278533935546875 83.60675048828125 82.46260833740234375 85.2460174560546875 90.625823974609375 95.6880645751953125 93.492919921875 91.3537445068359375 90.281494140625 93.1425323486328125 94.549530029296875 92.499786376953125 93.8119049072265625 93.16191864013671875 89.97824859619140625 89.44391632080078125 90.09061431884765625
0 114.84381866455078125 116.325531005859375 119.1287994384765625 119.907867431640625 120.8053741455078125 123.43651580810546875 123.3281097412109375 123.177886962890625 121.60507965087890625 120.674774169921875 125.171539306640625 130.2237548828125 129.09771728515625 128.5103759765625 128.021636962890625 125.8195953369140625 123.96187591552734375 123.52754974365234375 123.2048492431640625 123.21790313720703125 123.60308074951171875 124.47794342041015625 124.33763885498046875 125.12888336181640625 121.44823455810546875 117.35202789306640625 112.82222747802734375 109.2570343017578125 117.40988922119140625 117.01988983154296875 110.4578857421875 114.82593536376953125 117.582122802734375 114.75023651123046875 113.14151763916015625 111.416107177734375 112.10913848876953125 112.6360015869140625 111.60149383544921875 110.55431365966796875
0 82.32985687255859375 77.9288330078125 72.163360595703125 73.58351898193359375 77.864593505859375 75.5861968994140625 70.197479248046875 69.9459991455078125 72.033050537109375 66.859466552734375 57.7703094482421875 60.09626007080078125 66.59063720703125 65.103424072265625 61.255550384521484375 57.493686676025390625 54.009490966796875 54.043964385986328125 56.1536102294921875 56.6544342041015625 55.71208953857421875 59.52410888671875 61.685764312744140625 57.24846649169921875 54.6975250244140625 55.373355865478515625 53.23879241943359375 46.26207733154296875 39.08936309814453125 40.842132568359375 46.2742156982421875 49.1928253173828125 44.008586883544921875 38.3806610107421875 39.005039215087890625 36.7218017578125 37.348018646240234375 40.873325347900390625 40.8776092529296875 38.388957977294921875
