wildfire/work/fuelmodels/1683/slope.asc
ncols        98
nrows        94
xllcorner    148650.000000000000
yllcorner    452930.000000000000
cellsize     5.000000000000
NODATA_value   -999
[rows 72 to 89 of 94, columns 41 to 81 of 98]
48.87293243408203125 57.9196319580078125 65.9015045166015625 65.1551971435546875 60.58712005615234375 62.742481231689453125 64.2142333984375 64.23260498046875 68.204925537109375 71.3672637939453125 73.05690765380859375 77.01372528076171875 79.1598358154296875 79.3722686767578125 80.45738983154296875 82.4162750244140625 82.92461395263671875 77.34521484375 70.80931854248046875 72.04018402099609375 74.10100555419921875 75.9825592041015625 81.21429443359375 85.3927459716796875 84.6901092529296875 81.24047088623046875 80.2764434814453125 82.2506866455078125 83.4350128173828125 84.390228271484375 86.09078216552734375 85.41912078857421875 85.8862457275390625 86.075103759765625 86.58843231201171875 92.07474517822265625 93.934539794921875 88.622833251953125 82.75762939453125 83.10700225830078125 81.5629730224609375
102.573638916015625 99.14945220947265625 97.3751068115234375 98.7919769287109375 102.44583892822265625 103.486907958984375 100.547393798828125 97.38437652587890625 99.86455535888671875 107.7551422119140625 113.0849609375 114.12729644775390625 116.29579925537109375 116.563018798828125 111.9019012451171875 109.36655426025390625 107.415618896484375 102.75879669189453125 97.0132293701171875 96.44379425048828125 98.36663818359375 100.13419342041015625 98.5665435791015625 96.2784423828125 96.16829681396484375 96.09024810791015625 97.370819091796875 100.0341644287109375 102.875335693359375 104.12944793701171875 104.183685302734375 107.63762664794921875 110.896942138671875 110.92211151123046875 112.9094085693359375 113.0952606201171875 108.42995452880859375 103.08509063720703125 97.2100067138671875 93.76146697998046875 88.1110382080078125
61.802928924560546875 52.250370025634765625 43.224826812744140625 47.6036376953125 54.437404632568359375 51.939666748046875 50.496673583984375 51.93299102783203125 50.983997344970703125 51.369136810302734375 53.978183746337890625 53.258880615234375 52.364765167236328125 52.90985107421875 52.827545166015625 52.1038055419921875 50.1855316162109375 52.39513397216796875 50.2523193359375 44.6542205810546875 42.369014739990234375 41.57572174072265625 35.805103302001953125 30.63181304931640625 31.057252883911132812 34.398860931396484375 37.7511138916015625 39.65605926513671875 41.8642425537109375 45.019618988037109375 47.42910003662109375 51.340435028076171875 54.418216705322265625 54.48746490478515625 53.3900146484375 47.91753387451171875 45.887645721435546875 51.125316619873046875 55.789340972900390625 44.937957763671875 42.734832763671875
7.6873764991760253906 10.113439559936523438 15.473085403442382812 21.207035064697265625 19.942937850952148438 20.342987060546875 23.768991470336914062 25.435380935668945312 21.463621139526367188 16.109037399291992188 13.099033355712890625 12.333384513854980469 11.478087425231933594 9.39415740966796875 12.056843757629394531 17.016592025756835938 21.4485931396484375 28.188489913940429688 29.64237213134765625 19.651163101196289062 13.839141845703125 14.396822929382324219 17.425031661987304688 19.557342529296875 21.705629348754882812 21.157941818237304688 18.94069671630859375 21.294681549072265625 21.435062408447265625 19.277690887451171875 19.89556121826171875 21.509769439697265625 19.171068191528320312 14.034030914306640625 12.145712852478027344 12.435899734497070312 13.71179962158203125 13.444459915161132812 15.42916107177734375 42.553813934326171875 71.41127777099609375
6.2399444580078125 4.8962335586547851562 17.424091339111328125 14.504207611083984375 11.813553810119628906 13.493680953979492188 14.302754402160644531 12.461885452270507812 10.37564849853515625 7.2315783500671386719 5.0669178962707519531 2.2264559268951416016 1.297997593879699707 1.8921246528625488281 3.0572817325592041016 4.3066558837890625 2.0522985458374023438 6.4051461219787597656 17.490245819091796875 19.130199432373046875 13.357579231262207031 11.326971054077148438 12.086985588073730469 12.067566871643066406 13.373310089111328125 15.620164871215820312 17.43105316162109375 19.405351638793945312 13.196812629699707031 6.3096251487731933594 3.5863511562347412109 3.9311058521270751953 3.3481066226959228516 4.3496885299682617188 5.3301630020141601562 6.5993976593017578125 7.6567826271057128906 11.463268280029296875 25.549015045166015625 54.074920654296875 55.8350067138671875
7.936077117919921875 7.6451487541198730469 11.551126480102539062 5.0009474754333496094 5.154056549072265625 4.0428156852722167969 5.3528928756713867188 6.7844967842102050781 5.5211877822875976562 4.155429840087890625 5.7707390785217285156 8.8319950103759765625 10.023432731628417969 9.3032512664794921875 10.2588043212890625 14.383906364440917969 18.259866714477539062 20.011186599731445312 16.991888046264648438 10.384998321533203125 5.51386260986328125 7.1369295120239257812 9.3622198104858398438 9.8277673721313476562 10.551942825317382812 10.86994171142578125 12.119723320007324219 15.990759849548339844 17.2901153564453125 17.920267105102539062 18.890356063842773438 21.485767364501953125 22.75405120849609375 23.109233856201171875 24.076648712158203125 24.086679458618164062 22.809576034545898438 22.68454742431640625 19.729846954345703125 33.762905120849609375 54.02606964111328125
4.3571224212646484375 3.8520236015319824219 5.3695135116577148438 8.5270624160766601562 9.7790660858154296875 11.97403717041015625 13.445055007934570312 11.962543487548828125 10.916727066040039062 11.169465065002441406 11.807378768920898438 13.275607109069824219 15.85528564453125 17.726850509643554688 18.028959274291992188 18.212053298950195312 18.497028350830078125 19.871622085571289062 20.771787643432617188 22.347074508666992188 21.455738067626953125 18.531475067138671875 17.504543304443359375 17.095659255981445312 18.523630142211914062 20.7550811767578125 23.212871551513671875 25.768177032470703125 25.07083892822265625 22.817693710327148438 21.314352035522460938 22.294345855712890625 23.816707611083984375 24.180089950561523438 23.66611480712890625 23.09842681884765625 22.590578079223632812 19.605133056640625 12.692714691162109375 6.2606782913208007812 14.189839363098144531
6.1220541000366210938 6.6434168815612792969 6.8769564628601074219 7.3877391815185546875 8.8255758285522460938 9.8112859725952148438 9.0385160446166992188 8.1930418014526367188 9.0706892013549804688 10.637476921081542969 11.197682380676269531 11.154248237609863281 11.862742424011230469 13.231696128845214844 13.7987823486328125 12.636518478393554688 10.179622650146484375 9.0920772552490234375 9.8236474990844726562 11.412351608276367188 10.356920242309570312 10.132616043090820312 9.9293355941772460938 10.055665016174316406 10.81548309326171875 10.132624626159667969 8.2804918289184570312 8.555484771728515625 9.544551849365234375 9.5394678115844726562 9.6784276962280273438 10.078174591064453125 10.083787918090820312 10.029069900512695312 8.8237428665161132812 8.2961263656616210938 9.6205596923828125 9.2219982147216796875 8.278545379638671875 10.561913490295410156 10.725338935852050781
6.8213968276977539062 7.4857153892517089844 6.9344000816345214844 5.7847528457641601562 4.4106955528259277344 4.3066463470458984375 4.1690578460693359375 4.9423241615295410156 6.2412524223327636719 4.9570469856262207031 3.2523910999298095703 2.6728150844573974609 1.5379139184951782227 0.90000671148300170898 1.5273460149765014648 1.6595135927200317383 1.4230201244354248047 1.152554631233215332 2.0522916316986083984 3.6997399330139160156 3.8792557716369628906 1.2727868556976318359 1.3708312511444091797 2.3225927352905273438 2.8029749393463134766 1.8792376518249511719 3.7691309452056884766 3.36016082763671875 1.8223419189453125 0.68542093038558959961 1.6740862131118774414 1.2979904413223266602 0.63639181852340698242 1.2007509469985961914 0.63640511035919189453 1.0495673418045043945 2.0562314987182617188 0.63639301061630249023 0.63639664649963378906 3.2449049949645996094 1.7727822065353393555
2.9301233291625976562 2.3913273811340332031 0.68541753292083740234 1.9469743967056274414 2.2228085994720458984 3.148632049560546875 2.9384100437164306641 2.1674680709838867188 3.1920571327209472656 6.5698847770690917969 8.2804965972900390625 7.8787527084350585938 7.136920928955078125 6.9344000816345214844 7.0765423774719238281 7.6915917396545410156 7.5930843353271484375 7.2360539436340332031 7.5180797576904296875 7.5781431198120117188 7.3415770530700683594 7.3084154129028320312 8.0132246017456054688 8.8475618362426757812 9.1630144119262695312 8.3728466033935546875 8.4804229736328125 7.83341217041015625 7.9727115631103515625 7.1198863983154296875 6.4240899085998535156 6.5191664695739746094 6.8415422439575195312 7.3338475227355957031 7.5674538612365722656 7.9268970489501953125 8.6841335296630859375 8.3272886276245117188 8.1305589675903320312 10.558084487915039062 11.763463020324707031
8.579113006591796875 9.5606555938720703125 9.2219982147216796875 8.6841297149658203125 7.5342164039611816406 7.7471723556518554688 8.93494415283203125 8.5071096420288085938 9.141788482666015625 9.5063228607177734375 8.3728418350219726562 8.8393192291259765625 8.5866479873657226562 7.7377533912658691406 7.4694604873657226562 8.458438873291015625 9.553028106689453125 10.103826522827148438 8.9494199752807617188 7.3338460922241210938 8.728755950927734375 11.336253166198730469 11.426514625549316406 9.7989044189453125 10.26983642578125 11.075647354125976562 10.309945106506347656 9.0143098831176757812 9.3206377029418945312 10.869944572448730469 11.962543487548828125 11.538518905639648438 11.517468452453613281 11.708322525024414062 11.614690780639648438 11.162232398986816406 10.41379547119140625 9.320629119873046875 8.130550384521484375 7.0398392677307128906 5.5079836845397949219
11.909697532653808594 15.11112213134765625 19.561059951782226562 21.442962646484375 19.846040725708007812 16.736639022827148438 17.828121185302734375 19.52141571044921875 17.088106155395507812 13.406518936157226562 11.609112739562988281 14.222847938537597656 17.538190841674804688 18.431901931762695312 20.057088851928710938 21.672924041748046875 19.482942581176757812 17.47962188720703125 20.441476821899414062 23.458288192749023438 22.7398834228515625 20.408311843872070312 19.033784866333007812 19.28270721435546875 22.242601394653320312 25.069553375244140625 25.343790054321289062 25.965036392211914062 26.500047683715820312 23.823141098022460938 20.986902236938476562 20.94652557373046875 22.969730377197265625 24.354272842407226562 24.279783248901367188 22.175846099853515625 16.38055419921875 10.982494354248046875 21.276123046875 35.9239044189453125 43.13188934326171875
15.30029296875 14.426533699035644531 13.617725372314453125 12.69844818115234375 14.171603202819824219 16.823757171630859375 17.648792266845703125 17.449106216430664062 16.916154861450195312 16.513641357421875 16.377588272094726562 14.860902786254882812 15.366181373596191406 18.524509429931640625 18.827024459838867188 17.5639495849609375 19.18579864501953125 20.318399429321289062 22.254566192626953125 23.279064178466796875 22.721099853515625 21.455732345581054688 20.531240463256835938 20.498609542846679688 22.21178436279296875 23.316400527954101562 23.369886398315429688 22.76113128662109375 21.2658843994140625 17.736410140991210938 13.919531822204589844 14.527604103088378906 17.906297683715820312 19.793115615844726562 19.482940673828125 16.534666061401367188 26.84313201904296875 49.826892852783203125 77.956939697265625 90.5635986328125 89.04038238525390625
8.9077234268188476562 6.287769317626953125 2.1335587501525878906 10.937471389770507812 11.330548286437988281 5.7623238563537597656 3.2598502635955810547 4.0747480392456054688 5.5780992507934570312 8.3921537399291992188 10.199471473693847656 8.8640031814575195312 7.8879976272583007812 7.9125919342041015625 7.4738078117370605469 6.6006269454956054688 9.1797780990600585938 12.756268501281738281 11.65570068359375 8.0485010147094726562 7.3415670394897460938 9.1125202178955078125 10.623009681701660156 10.79676055908203125 9.7591886520385742188 6.3633055686950683594 4.3738222122192382812 6.9016308784484863281 12.559494972229003906 8.2078332901000976562 2.2264506816864013672 4.8296141624450683594 6.5600132942199707031 0.89094889163970947266 7.2884449958801269531 24.132770538330078125 65.03253936767578125 96.4406585693359375 102.25742340087890625 84.67952728271484375 75.12693023681640625
1.6299661397933959961 3.0810260772705078125 10.432414054870605469 11.508342742919921875 12.217424392700195312 11.884547233581542969 5.7707476615905761719 3.3189389705657958984 2.6999492645263671875 4.1456828117370605469 3.3189406394958496094 1.207463383674621582 5.51386260986328125 4.7518529891967773438 4.6797318458557128906 6.1786670684814453125 4.8027176856994628906 3.5202581882476806641 3.6711666584014892578 5.52559661865234375 4.1865062713623046875 2.9712951183319091797 1.7727822065353393555 1.2535513639450073242 10.182805061340332031 25.177190780639648438 32.10918426513671875 30.617944717407226562 22.326868057250976562 12.582659721374511719 4.3291583061218261719 5.9653038978576660156 3.5386133193969726562 8.6542530059814453125 22.25455474853515625 50.790599822998046875 90.385284423828125 101.74097442626953125 76.5648345947265625 45.611118316650390625 43.246692657470703125
0.92660832405090332031 3.0652170181274414062 11.086591720581054688 10.905611991882324219 14.648923873901367188 9.4379777908325195312 1.7864328622817993164 2.5005993843078613281 4.8780012130737304688 4.7908945083618164062 13.103960037231445312 13.318779945373535156 14.569260597229003906 5.1051211357116699219 9.1762456893920898438 12.598069190979003906 7.6525506973266601562 1.8921201229095458984 4.379364013671875 5.3179931640625 7.4510226249694824219 15.834385871887207031 23.04116058349609375 30.979696273803710938 40.202045440673828125 41.282413482666015625 34.229095458984375 23.285985946655273438 16.900869369506835938 17.983678817749023438 14.123041152954101562 9.4139394760131835938 4.7909026145935058594 13.812830924987792969 38.0150909423828125 70.6197509765625 92.98635101318359375 90.4674530029296875 58.91748809814453125 25.9352874755859375 27.900552749633789062
3.3189439773559570312 4.1690607070922851562 9.3863887786865234375 13.333950042724609375 11.648059844970703125 5.1822633743286132812 4.1456770896911621094 4.3291640281677246094 10.80275726318359375 12.319604873657226562 9.4585294723510742188 1.9469851255416870117 13.772389411926269531 11.084407806396484375 18.58062744140625 14.872325897216796875 14.034043312072753906 15.100958824157714844 14.404116630554199219 16.893224716186523438 27.891054153442382812 46.4770050048828125 62.672534942626953125 67.1806640625 49.9844512939453125 21.814905166625976562 8.271694183349609375 8.5800571441650390625 10.444044113159179688 20.886381149291992188 18.270477294921875 4.2783527374267578125 3.0253195762634277344 21.586833953857421875 54.371997833251953125 76.6865692138671875 83.7398834228515625 78.21399688720703125 40.270923614501953125 8.2961225509643554688 54.011821746826171875
2.802974700927734375 2.2768073081970214844 3.9761645793914794922 5.0685067176818847656 3.5659728050231933594 1.7311724424362182617 4.5141401290893554688 9.0376138687133789062 6.8734140396118164062 6.6373195648193359375 1.6595013141632080078 5.6759476661682128906 6.318607330322265625 6.7462124824523925781 9.4585294723510742188 8.96569061279296875 22.326154708862304688 41.058147430419921875 52.259113311767578125 66.700103759765625 76.4400787353515625 73.66287994384765625 58.542713165283203125 38.753143310546875 29.628286361694335938 14.248959541320800781 8.4114217758178710938 17.10132598876953125 29.92264556884765625 20.384981155395507812 4.6117534637451171875 11.714536666870117188 7.1855320930480957031 23.899078369140625 55.718006134033203125 75.62648773193359375 74.71402740478515625 70.0017852783203125 43.44919586181640625 37.463916778564453125 82.4076690673828125
