wildfire/work/fuelmodels/1683/slope.asc
ncols        98
nrows        94
xllcorner    148650.000000000000
yllcorner    452930.000000000000
cellsize     5.000000000000
NODATA_value   -999
[rows 0 to 17 of 94, columns 41 to 81 of 98]
0 0 0 0 0 0 0 0 0 0 0 0 0 0 0 0 0 0 0 0 0 0 0 0 0 0 0 0 0 0 0 0 0 0 0 0 0 0 0 0 0
3.2123034000396728516 2.2945342063903808594 3.0967638492584228516 7.9676303863525390625 15.871585845947265625 20.978834152221679688 15.5813140869140625 20.622167587280273438 35.406345367431640625 42.040203094482421875 34.517528533935546875 10.40135955810546875 8.189075469970703125 6.2671351432800292969 8.6477022171020507812 2.5771620273590087891 7.4738035202026367188 5.4903087615966796875 2.0124382972717285156 14.684190750122070312 40.200443267822265625 55.134006500244140625 50.2873382568359375 42.500545501708984375 38.661037445068359375 29.25746917724609375 10.982494354248046875 3.0599277019500732422 3.2846016883850097656 1.5379139184951782227 8.7139034271240234375 10.345193862915039062 4.1554379463195800781 6.37473297119140625 5.5562806129455566406 6.6177701950073242188 7.7283387184143066406 18.691495895385742188 7.0283336639404296875 18.763902664184570312 13.731240272521972656
8.4229602813720703125 5.2613496780395507812 10.208983421325683594 22.245862960815429688 38.91477203369140625 46.6520538330078125 52.15457916259765625 47.0870819091796875 33.919742584228515625 24.559667587280273438 20.432003021240234375 10.246967315673828125 4.07474517822265625 9.3318996429443359375 8.2245807647705078125 3.4151568412780761719 6.957706451416015625 5.2613472938537597656 7.7534365653991699219 28.00748443603515625 55.61992645263671875 60.381320953369140625 59.66678619384765625 56.796977996826171875 50.37747955322265625 45.715801239013671875 14.642856597900390625 3.9207913875579833984 4.3347668647766113281 1.7076209783554077148 7.4737992286682128906 8.9376659393310546875 4.9127421379089355469 5.6186041831970214844 6.1154379844665527344 4.18650054931640625 5.2320346832275390625 15.529896736145019531 5.4145731925964355469 11.096083641052246094 14.3771514892578125
32.551116943359375 40.70897674560546875 43.656383514404296875 38.0291595458984375 42.962615966796875 40.89884185791015625 51.87835693359375 61.072086334228515625 53.43138885498046875 41.013332366943359375 36.696559906005859375 32.33104705810546875 14.655543327331542969 8.934932708740234375 3.5454709529876708984 4.1554355621337890625 6.0995297431945800781 6.8828368186950683594 10.887042999267578125 29.7709808349609375 58.29804229736328125 49.890869140625 20.129756927490234375 28.311899185180664062 60.683197021484375 55.218090057373046875 10.356916427612304688 4.3291583061218261719 4.9700951576232910156 4.0247564315795898438 6.2864885330200195312 9.8079919815063476562 12.217431068420410156 7.0398449897766113281 12.435909271240234375 6.0153155326843261719 4.2307677268981933594 10.384229660034179688 7.5770673751831054688 11.7510833740234375 21.442958831787109375
80.7338714599609375 83.442779541015625 66.59935760498046875 41.185115814208984375 22.387416839599609375 30.707414627075195312 24.778928756713867188 18.387178421020507812 34.328998565673828125 29.65210723876953125 30.044702529907226562 47.161167144775390625 24.732112884521484375 2.1335566043853759766 1.5273339748382568359 4.2783441543579101562 5.7665348052978515625 6.6190018653869628906 8.7435665130615234375 26.009603500366210938 56.6780853271484375 61.78993988037109375 42.394145965576171875 45.91458892822265625 65.24520111083984375 45.725681304931640625 8.3301982879638671875 0.25455814599990844727 2.9301292896270751953 1.2727819681167602539 4.4106955528259277344 8.9945268630981445312 12.531134605407714844 16.750631332397460938 14.014441490173339844 2.5582292079925537109 2.8601841926574707031 5.7398018836975097656 15.533018112182617188 14.123033523559570312 9.902408599853515625
81.93154144287109375 71.23148345947265625 60.564487457275390625 47.9591217041015625 12.781581878662109375 24.543603897094726562 33.79586029052734375 10.0524444580078125 17.103700637817382812 15.811903953552246094 32.65161895751953125 49.98193359375 23.187181472778320312 1.9758801460266113281 0.63639181852340698242 6.6141023635864257812 9.880321502685546875 4.8463521003723144531 3.2198507785797119141 18.2602996826171875 43.86382293701171875 58.84223175048828125 57.546489715576171875 57.432643890380859375 50.951206207275390625 16.893222808837890625 17.046939849853515625 18.458597183227539062 8.7463560104370117188 2.3913216590881347656 7.0133409500122070312 5.9815702438354492188 3.0253171920776367188 5.7496571540832519531 2.8259968757629394531 2.3913328647613525391 3.1818971633911132812 3.4458487033843994141 14.932517051696777344 15.369859695434570312 6.23606109619140625
38.6855926513671875 44.98876953125 62.335765838623046875 67.8755340576171875 34.9358673095703125 9.4960956573486328125 39.391277313232421875 41.633098602294921875 38.579036712646484375 43.97391510009765625 48.4546966552734375 40.639286041259765625 16.282609939575195312 2.0991110801696777344 1.4843051433563232422 8.16234588623046875 10.016158103942871094 6.6774530410766601562 7.8044281005859375 11.8436279296875 23.915578842163085938 36.768100738525390625 42.836811065673828125 38.385837554931640625 18.745397567749023438 15.192717552185058594 27.948909759521484375 35.1536102294921875 28.249996185302734375 13.163694381713867188 20.533985137939453125 23.901432037353515625 25.134639739990234375 18.801286697387695312 11.437837600708007812 6.9343953132629394531 6.6030731201171875 5.5489935874938964844 8.6402196884155273438 10.623014450073242188 12.850373268127441406
18.755750656127929688 30.20558929443359375 54.91143798828125 81.9141998291015625 62.938098907470703125 30.678140640258789062 36.113616943359375 50.21131134033203125 50.36698150634765625 40.414073944091796875 28.246280670166015625 22.568101882934570312 11.833380699157714844 4.4708757400512695312 5.5256018638610839844 10.225623130798339844 15.285511016845703125 11.605625152587890625 4.1398181915283203125 8.6682682037353515625 9.1098623275756835938 17.06587982177734375 24.651275634765625 19.749462127685546875 13.449859619140625 25.608135223388671875 15.852752685546875 13.923004150390625 25.590860366821289062 23.54636383056640625 35.603603363037109375 35.187946319580078125 34.444194793701171875 25.4590911865234375 10.925624847412109375 2.3050971031188964844 3.5931196212768554688 2.1068212985992431641 2.6238861083984375 5.4858837127685546875 11.082218170166015625
21.036809921264648438 35.205196380615234375 21.327972412109375 83.73798370361328125 87.33995819091796875 48.213565826416015625 12.121056556701660156 12.589716911315917969 9.987842559814453125 9.6213932037353515625 11.496387481689453125 14.248401641845703125 11.584699630737304688 5.6358723640441894531 4.8380007743835449219 6.3899626731872558594 9.4302520751953125 10.925629615783691406 13.204157829284667969 5.6258006095886230469 7.0271759033203125 11.070527076721191406 11.675118446350097656 14.268248558044433594 19.813076019287109375 29.467172622680664062 32.67050933837890625 25.787218093872070312 3.0993807315826416016 15.118066787719726562 21.416997909545898438 7.6462049484252929688 24.055912017822265625 27.97389984130859375 12.182952880859375 2.8116359710693359375 4.0247488021850585938 2.8601846694946289062 3.8959162235260009766 6.3950204849243164062 12.362193107604980469
12.867369651794433594 45.03369903564453125 1.376743316650390625 90.19439697265625 102.39862823486328125 42.98424530029296875 11.105550765991210938 21.107574462890625 19.263032913208007812 14.474084854125976562 11.76209259033203125 11.110654830932617188 11.716612815856933594 14.815700531005859375 15.80220794677734375 10.580277442932128906 5.7623238563537597656 22.17111968994140625 9.5394639968872070312 11.15787506103515625 9.864742279052734375 6.7641782760620117188 7.4857020378112792969 13.239023208618164062 21.750150680541992188 28.843952178955078125 31.072748184204101562 29.327905654907226562 25.945201873779296875 21.665485382080078125 26.084964752197265625 27.2712860107421875 31.779989242553710938 22.889614105224609375 7.5930795669555664062 2.0364439487457275391 1.5743461847305297852 3.8771650791168212891 4.3496828079223632812 5.8846812248229980469 8.8173198699951171875
55.93704986572265625 48.233425140380859375 22.317495346069335938 99.60597991943359375 93.83640289306640625 26.664606094360351562 19.905698776245117188 16.669424057006835938 12.461889266967773438 17.66799163818359375 19.329519271850585938 16.338582992553710938 17.37537384033203125 20.933818817138671875 20.444238662719726562 20.191762924194335938 9.82776641845703125 25.504878997802734375 29.848527908325195312 17.349798202514648438 6.8875379562377929688 1.2727893590927124023 5.130443572998046875 10.334241867065429688 15.476739883422851562 16.874086380004882812 13.768281936645507812 17.67942047119140625 23.726276397705078125 27.1071929931640625 26.604227066040039062 17.291046142578125 14.348451614379882812 12.7207183837890625 4.5105524063110351562 1.4897580146789550781 1.6299613714218139648 6.6141076087951660156 12.060854911804199219 19.187475204467773438 30.163057327270507812
45.711826324462890625 27.114299774169921875 56.895656585693359375 90.89662933349609375 70.58739471435546875 30.85724639892578125 8.097637176513671875 8.0535326004028320312 1.0182300806045532227 9.035823822021484375 17.2077178955078125 17.3432769775390625 5.7721471786499023438 7.9269003868103027344 22.698394775390625 22.549161911010742188 8.6458301544189453125 3.3625805377960205078 15.928495407104492188 20.674112319946289062 11.284046173095703125 2.8459880352020263672 5.6487884521484375 7.405246734619140625 7.8137602806091308594 15.830304145812988281 13.209667205810546875 8.6533174514770507812 7.09938812255859375 10.334239959716796875 15.846111297607421875 15.900058746337890625 11.086592674255371094 13.490682601928710938 4.0608096122741699219 7.8002743721008300781 17.484701156616210938 23.492605209350585938 30.867645263671875 39.72031402587890625 43.96146392822265625
30.884534835815429688 13.564787864685058594 63.018596649169921875 78.8156280517578125 66.3222503662109375 39.1877593994140625 10.459531784057617188 12.073598861694335938 14.1750335693359375 15.832354545593261719 17.82088470458984375 23.279069900512695312 22.37554168701171875 30.405750274658203125 29.052835464477539062 9.03760528564453125 10.978808403015136719 18.649997711181640625 15.206009864807128906 0.64899551868438720703 15.912261009216308594 14.198957443237304688 9.38552093505859375 11.851141929626464844 8.8612623214721679688 18.554979324340820312 18.603631973266601562 10.857289314270019531 6.2412548065185546875 18.314161300659179688 17.218505859375 2.1786437034606933594 9.4585313796997070312 10.282434463500976562 3.5659711360931396484 13.854902267456054688 11.099734306335449219 9.506328582763671875 13.993649482727050781 10.527373313903808594 16.869787216186523438
69.90009307861328125 38.6608428955078125 55.276760101318359375 69.58202362060546875 59.019245147705078125 34.79132843017578125 17.935577392578125 27.6854400634765625 28.907360076904296875 21.430538177490234375 27.04632568359375 37.983806610107421875 25.947374343872070312 20.068346023559570312 7.6451425552368164062 11.437840461730957031 16.293033599853515625 13.153862953186035156 17.820882797241210938 13.330923080444335938 3.4246265888214111328 9.0492486953735351562 10.378767967224121094 11.634863853454589844 5.6916260719299316406 15.206003189086914062 19.180742263793945312 14.522595405578613281 20.069158554077148438 25.099065780639648438 8.536540985107421875 11.478072166442871094 5.6229233741760253906 3.5863566398620605469 1.2727941274642944336 10.6883087158203125 18.944103240966796875 24.948883056640625 31.984388351440429688 38.649272918701171875 44.32241058349609375
83.4891815185546875 74.38263702392578125 75.8285675048828125 66.19458770751953125 28.525590896606445312 37.893558502197265625 43.447551727294921875 26.18251800537109375 7.271762847900390625 30.018255233764648438 46.844318389892578125 34.04034423828125 15.137304306030273438 13.619517326354980469 2.1183202266693115234 13.135405540466308594 13.300567626953125 8.1890840530395507812 12.515642166137695312 3.7841572761535644531 8.426799774169921875 9.0563945770263671875 1.5536315441131591797 5.3710274696350097656 5.0924210548400878906 9.4199466705322265625 16.356855392456054688 15.358296394348144531 27.20044708251953125 20.273481369018554688 23.73915863037109375 16.291046142578125 4.5623273849487304688 5.9937348365783691406 16.207525253295898438 19.24459075927734375 9.9821691513061523438 3.1434803009033203125 10.558075904846191406 14.782937049865722656 19.33161163330078125
61.945842742919921875 59.641780853271484375 51.34458160400390625 21.23099517822265625 35.158832550048828125 61.21889495849609375 61.1277008056640625 33.8932952880859375 31.652339935302734375 48.30565643310546875 38.6985626220703125 13.485279083251953125 11.728344917297363281 15.115404129028320312 2.5199565887451171875 9.5088748931884765625 12.472270965576171875 15.018861770629882812 11.957822799682617188 5.7623162269592285156 3.4246265888214111328 9.9821624755859375 10.334241867065429688 9.442264556884765625 6.5042428970336914062 9.1231679916381835938 14.04727935791015625 13.282316207885742188 24.053569793701171875 20.996126174926757812 10.362387657165527344 4.1437244415283203125 11.157869338989257812 22.781301498413085938 36.33621978759765625 39.890285491943359375 39.619266510009765625 32.116420745849609375 25.968753814697265625 18.201414108276367188 14.763231277465820312
48.2202911376953125 43.525188446044921875 34.79132080078125 24.610734939575195312 54.639049530029296875 37.449432373046875 50.7166290283203125 62.39786529541015625 52.858516693115234375 32.15906524658203125 24.427215576171875 26.77054595947265625 24.382358551025390625 18.722568511962890625 4.4997715950012207031 4.3440923690795898438 3.4948537349700927734 5.6012797355651855469 4.6831960678100585938 4.8463492393493652344 7.9064421653747558594 13.754181861877441406 8.1692934036254882812 4.0985364913940429688 5.8293862342834472656 13.055126190185546875 15.629464149475097656 9.1417894363403320312 12.195569992065429688 12.151720046997070312 8.1959896087646484375 7.5159211158752441406 12.880542755126953125 30.322265625 37.377742767333984375 35.976161956787109375 53.714824676513671875 54.45977020263671875 44.316684722900390625 37.538867950439453125 37.546520233154296875
50.660614013671875 47.6697540283203125 42.59993743896484375 54.046276092529296875 61.832637786865234375 29.66323089599609375 24.840246200561523438 59.75870513916015625 77.9133148193359375 85.23746490478515625 71.23394012451171875 49.23952484130859375 38.41762542724609375 25.593372344970703125 15.04305267333984375 0.80498433113098144531 2.0991184711456298828 7.4694657325744628906 9.289318084716796875 11.701412200927734375 14.350142478942871094 14.22568511962890625 5.6373033523559570312 0.89095491170883178711 2.6849093437194824219 12.172328948974609375 20.6908721923828125 8.9738140106201171875 5.6258101463317871094 13.633755683898925781 9.3197536468505859375 8.6054782867431640625 19.309484481811523438 35.750598907470703125 36.385433197021484375 27.32309722900390625 26.95014190673828125 36.438762664794921875 35.1954345703125 24.170101165771484375 25.298358917236328125
