wildfire/work/fuelmodels/1692/ahn1.asc
ncols        53
nrows        39
xllcorner    197840.000000000000
yllcorner    448415.000000000000
cellsize     5.000000000000
NODATA_value   -999
[rows 19 to 37 of 39, columns 0 to 41 of 53]
82.910003662109375 83.1999969482421875 83.4199981689453125 83.84999847412109375 84.1399993896484375 84.1399993896484375 83.90000152587890625 83.589996337890625 83.0800018310546875 82.54000091552734375 81.98000335693359375 81.339996337890625 80.660003662109375 79.8300018310546875 79.0800018310546875 78.43000030517578125 77.970001220703125 77.54000091552734375 77.3300018310546875 76.9199981689453125 76.68000030517578125 76.220001220703125 75.93000030517578125 75.76999664306640625 75.37999725341796875 75.51000213623046875 75.9499969482421875 76.65000152587890625 77.4199981689453125 77.18000030517578125 76.93000030517578125 76.6100006103515625 75.6699981689453125 74.8899993896484375 73.910003662109375 72.970001220703125 72.15000152587890625 71.30999755859375 70.5500030517578125 69.8300018310546875 69.23999786376953125 68.43000030517578125
82.26999664306640625 82.34999847412109375 82.59999847412109375 82.94000244140625 83.1100006103515625 83.470001220703125 83.470001220703125 83.20999908447265625 82.79000091552734375 82.37000274658203125 81.970001220703125 81.220001220703125 80.720001220703125 79.839996337890625 79.09999847412109375 78.3899993896484375 77.910003662109375 77.4499969482421875 77.15000152587890625 76.76999664306640625 76.5800018310546875 76.12999725341796875 75.6999969482421875 75.3600006103515625 75.1699981689453125 75.279998779296875 75.589996337890625 76.34999847412109375 76.76999664306640625 76.95999908447265625 76.4199981689453125 76.1699981689453125 75.31999969482421875 74.5500030517578125 73.45999908447265625 72.68000030517578125 71.8899993896484375 71.25 70.470001220703125 69.720001220703125 69.12000274658203125 68.44000244140625
81.59999847412109375 81.529998779296875 81.779998779296875 82.1699981689453125 82.37000274658203125 82.69000244140625 82.9199981689453125 82.80999755859375 82.55999755859375 82.1999969482421875 81.839996337890625 81.04000091552734375 80.529998779296875 79.8300018310546875 79.01000213623046875 78.339996337890625 77.79000091552734375 77.37999725341796875 77.0800018310546875 76.76000213623046875 76.3600006103515625 76.01000213623046875 75.5500030517578125 75.1699981689453125 74.93000030517578125 74.81999969482421875 75.089996337890625 75.45999908447265625 75.87999725341796875 76.05999755859375 75.910003662109375 75.4199981689453125 74.98999786376953125 74.23000335693359375 73.25 72.25 71.660003662109375 70.87000274658203125 70.34999847412109375 69.6699981689453125 69 68.5
81.01000213623046875 80.779998779296875 80.970001220703125 81.26000213623046875 81.51999664306640625 81.87999725341796875 82.220001220703125 82.1399993896484375 82.01000213623046875 81.84999847412109375 81.31999969482421875 80.9199981689453125 80.19000244140625 79.62999725341796875 78.839996337890625 78.20999908447265625 77.76999664306640625 77.40000152587890625 76.9199981689453125 76.69000244140625 76.279998779296875 75.84999847412109375 75.4199981689453125 74.94000244140625 74.48999786376953125 74.3600006103515625 74.45999908447265625 74.779998779296875 75.12999725341796875 75.37000274658203125 75.3300018310546875 74.8600006103515625 74.51000213623046875 74.160003662109375 73.01000213623046875 72.25 71.43000030517578125 70.8000030517578125 70.20999908447265625 69.62000274658203125 68.93000030517578125 68.40000152587890625
80.15000152587890625 80.089996337890625 80.31999969482421875 80.48000335693359375 80.95999908447265625 80.98000335693359375 81.43000030517578125 81.65000152587890625 81.43000030517578125 81.37000274658203125 81.06999969482421875 80.73000335693359375 80.12000274658203125 79.43000030517578125 78.720001220703125 77.970001220703125 77.48999786376953125 77.29000091552734375 76.76000213623046875 76.220001220703125 75.9199981689453125 75.660003662109375 75.04000091552734375 74.65000152587890625 74.23999786376953125 73.93000030517578125 73.87000274658203125 74.089996337890625 74.3899993896484375 74.70999908447265625 74.8000030517578125 74.23000335693359375 74.0500030517578125 73.6699981689453125 72.87000274658203125 71.910003662109375 71.23000335693359375 70.5500030517578125 69.910003662109375 69.37000274658203125 68.81999969482421875 68.25
79.62999725341796875 79.6699981689453125 79.529998779296875 79.70999908447265625 79.87999725341796875 80.37000274658203125 80.73999786376953125 81 80.9499969482421875 81.0800018310546875 80.54000091552734375 80.12000274658203125 79.65000152587890625 79.1399993896484375 78.529998779296875 78 77.160003662109375 76.70999908447265625 76.40000152587890625 75.9499969482421875 75.529998779296875 75.220001220703125 74.8300018310546875 74.26999664306640625 73.98000335693359375 73.470001220703125 73.45999908447265625 73.51999664306640625 73.65000152587890625 74.029998779296875 74.12000274658203125 73.9199981689453125 73.660003662109375 73.160003662109375 72.45999908447265625 71.70999908447265625 70.93000030517578125 70.26000213623046875 69.660003662109375 69.18000030517578125 68.5500030517578125 68.0500030517578125
78.69000244140625 78.76000213623046875 78.8899993896484375 79.09999847412109375 79.1399993896484375 79.51000213623046875 79.76999664306640625 80.339996337890625 80.470001220703125 80.48999786376953125 80.15000152587890625 79.8899993896484375 79.44000244140625 78.8600006103515625 78.220001220703125 77.6399993896484375 76.8899993896484375 76.37000274658203125 75.9199981689453125 75.6399993896484375 75.15000152587890625 74.6699981689453125 74.18000030517578125 73.4499969482421875 73.4199981689453125 73.12000274658203125 72.65000152587890625 72.65000152587890625 72.98999786376953125 73.15000152587890625 73.37999725341796875 73.43000030517578125 73.089996337890625 72.410003662109375 72.12999725341796875 71.62000274658203125 70.48999786376953125 69.80999755859375 69.26999664306640625 68.70999908447265625 68.1999969482421875 67.80999755859375
78.25 78.31999969482421875 78.31999969482421875 78.30999755859375 78.26000213623046875 78.6699981689453125 78.93000030517578125 79.29000091552734375 79.54000091552734375 79.5 79.48999786376953125 79.3000030517578125 78.94000244140625 78.4199981689453125 77.779998779296875 77.160003662109375 76.5800018310546875 76.01000213623046875 75.70999908447265625 75 74.529998779296875 74.06999969482421875 73.65000152587890625 73.1699981689453125 72.6399993896484375 72.44000244140625 72.09999847412109375 72.12000274658203125 72.029998779296875 72.44000244140625 72.6100006103515625 72.68000030517578125 72.76000213623046875 72.0500030517578125 71.6100006103515625 71.06999969482421875 70.1399993896484375 69.51000213623046875 69.0500030517578125 68.4499969482421875 68.01000213623046875 67.65000152587890625
77.25 77.5500030517578125 77.55999755859375 77.62999725341796875 77.589996337890625 77.660003662109375 78.0800018310546875 78.29000091552734375 78.6100006103515625 78.76999664306640625 78.779998779296875 78.59999847412109375 78.3300018310546875 77.9499969482421875 77.4499969482421875 76.9199981689453125 76.30999755859375 75.8000030517578125 75.23999786376953125 74.660003662109375 74.0500030517578125 73.55999755859375 72.8899993896484375 72.37000274658203125 71.8000030517578125 71.779998779296875 71.48000335693359375 71.40000152587890625 71.3000030517578125 71.5500030517578125 71.62000274658203125 71.62000274658203125 71.56999969482421875 71.62999725341796875 71.160003662109375 70.81999969482421875 69.87000274658203125 69.25 68.59999847412109375 68.160003662109375 67.84999847412109375 67.3300018310546875
76.45999908447265625 76.73000335693359375 76.79000091552734375 76.720001220703125 76.62999725341796875 76.720001220703125 77 77.3000030517578125 77.40000152587890625 77.56999969482421875 77.779998779296875 77.87000274658203125 77.51999664306640625 77.26999664306640625 76.84999847412109375 76.44000244140625 76.029998779296875 75.589996337890625 75.01000213623046875 74.29000091552734375 73.5 72.79000091552734375 72.15000152587890625 71.6399993896484375 71.1999969482421875 70.87000274658203125 70.76999664306640625 70.62999725341796875 70.5500030517578125 70.5500030517578125 70.529998779296875 70.6699981689453125 70.70999908447265625 70.589996337890625 70.51999664306640625 70.12000274658203125 69.51000213623046875 69.05999755859375 68.26000213623046875 67.73999786376953125 67.470001220703125 67.1100006103515625
75.87999725341796875 75.76000213623046875 75.8000030517578125 75.6100006103515625 75.6699981689453125 75.70999908447265625 75.87999725341796875 76.0500030517578125 76.25 76.45999908447265625 76.660003662109375 76.8600006103515625 76.8300018310546875 76.6699981689453125 76.279998779296875 76.05999755859375 75.6699981689453125 75.25 74.6999969482421875 73.84999847412109375 73 72.12000274658203125 71.410003662109375 70.84999847412109375 70.3899993896484375 70.05999755859375 69.95999908447265625 69.79000091552734375 69.55999755859375 69.54000091552734375 69.56999969482421875 69.529998779296875 69.48000335693359375 69.45999908447265625 69.4499969482421875 69.3600006103515625 68.84999847412109375 68.48000335693359375 67.8899993896484375 67.410003662109375 66.98000335693359375 66.6999969482421875
75.06999969482421875 74.95999908447265625 74.81999969482421875 74.95999908447265625 74.76999664306640625 74.93000030517578125 75.05999755859375 75.20999908447265625 75.43000030517578125 75.6100006103515625 75.56999969482421875 75.54000091552734375 75.6699981689453125 75.6699981689453125 75.3300018310546875 75.1999969482421875 75 74.31999969482421875 74.0500030517578125 73.3300018310546875 72.410003662109375 71.62999725341796875 70.8300018310546875 70.23999786376953125 69.75 69.3600006103515625 69.05999755859375 68.8000030517578125 68.55999755859375 68.43000030517578125 68.3000030517578125 68.29000091552734375 68.3600006103515625 68.43000030517578125 68.4499969482421875 68.51000213623046875 68.3600006103515625 67.93000030517578125 67.529998779296875 67.06999969482421875 66.62000274658203125 66.160003662109375
74.51999664306640625 74.23999786376953125 74.19000244140625 73.970001220703125 73.76999664306640625 73.90000152587890625 73.8000030517578125 73.87999725341796875 74.04000091552734375 74.19000244140625 74.40000152587890625 74.3899993896484375 74.54000091552734375 74.4499969482421875 74.5500030517578125 74.18000030517578125 73.62999725341796875 72.73999786376953125 73.1399993896484375 72.3899993896484375 71.76999664306640625 70.9199981689453125 70.19000244140625 69.54000091552734375 68.839996337890625 68.339996337890625 67.970001220703125 67.73000335693359375 67.55999755859375 67.3899993896484375 67.3000030517578125 67.25 67.26999664306640625 67.3300018310546875 67.31999969482421875 67.62000274658203125 67.5800018310546875 67.12000274658203125 66.75 66.45999908447265625 66.1699981689453125 65.8000030517578125
74.0500030517578125 73.8600006103515625 73.70999908447265625 73.529998779296875 73.220001220703125 73.06999969482421875 72.93000030517578125 72.84999847412109375 73 73.0800018310546875 73.339996337890625 73.34999847412109375 73.12999725341796875 73.04000091552734375 73.01000213623046875 72.529998779296875 72.23999786376953125 71.25 71.54000091552734375 71.26000213623046875 70.970001220703125 70.19000244140625 69.589996337890625 68.87000274658203125 68.12999725341796875 67.6399993896484375 67.1399993896484375 66.75 66.6100006103515625 66.470001220703125 66.4199981689453125 66.220001220703125 66.20999908447265625 66.3300018310546875 66.37000274658203125 66.470001220703125 66.54000091552734375 66.54000091552734375 66.279998779296875 65.87000274658203125 65.6699981689453125 65.29000091552734375
73.8300018310546875 72.9199981689453125 72.839996337890625 72.95999908447265625 72.5 72.30999755859375 72.1100006103515625 71.779998779296875 71.910003662109375 71.8600006103515625 71.87999725341796875 71.8000030517578125 71.68000030517578125 71.84999847412109375 71.73999786376953125 71.05999755859375 71.26999664306640625 70.410003662109375 70.279998779296875 69.94000244140625 70.0500030517578125 69.45999908447265625 68.6999969482421875 67.9499969482421875 67.23000335693359375 66.779998779296875 66.279998779296875 65.6399993896484375 65.70999908447265625 65.589996337890625 65.3000030517578125 65.19000244140625 65.23000335693359375 65.30999755859375 65.40000152587890625 65.51000213623046875 65.6399993896484375 65.5 65.37000274658203125 65.220001220703125 65.0500030517578125 64.81999969482421875
73.12000274658203125 72.8600006103515625 72.5500030517578125 72.089996337890625 71.839996337890625 71.470001220703125 71.1999969482421875 71.04000091552734375 70.9199981689453125 70.70999908447265625 70.660003662109375 70.720001220703125 70.779998779296875 70.3000030517578125 70.089996337890625 70.220001220703125 70.05999755859375 69.19000244140625 68.76999664306640625 69.18000030517578125 68.87999725341796875 68.12000274658203125 67.6100006103515625 67.06999969482421875 66.4499969482421875 65.6999969482421875 65 64.80999755859375 64.65000152587890625 64.4499969482421875 64.26000213623046875 64.37999725341796875 64.410003662109375 64.43000030517578125 64.3300018310546875 64.470001220703125 64.589996337890625 64.660003662109375 64.6100006103515625 64.45999908447265625 64.4499969482421875 64.4499969482421875
72.87000274658203125 72.40000152587890625 71.87999725341796875 71.51999664306640625 71.19000244140625 70.720001220703125 70.48999786376953125 70.18000030517578125 69.839996337890625 69.68000030517578125 69.6100006103515625 69.6999969482421875 69.34999847412109375 69.01000213623046875 69.12000274658203125 68.8300018310546875 68.51000213623046875 68.37999725341796875 67.87000274658203125 67.8000030517578125 67.3899993896484375 66.970001220703125 66.44000244140625 65.779998779296875 65.06999969482421875 64.5800018310546875 63.8899993896484375 63.869998931884765625 63.529998779296875 63.439998626708984375 63.310001373291015625 63.159999847412109375 63.189998626708984375 63.159999847412109375 63.130001068115234375 63.25 63.479999542236328125 63.75 63.779998779296875 63.70999908447265625 63.759998321533203125 63.70999908447265625
72.3899993896484375 71.94000244140625 71.43000030517578125 70.98000335693359375 70.48000335693359375 69.81999969482421875 69.51000213623046875 69.25 69.01999664306640625 68.779998779296875 68.4499969482421875 68.20999908447265625 68.0500030517578125 67.90000152587890625 67.779998779296875 67.43000030517578125 67.44000244140625 67.26999664306640625 66.8600006103515625 66.3300018310546875 66 65.65000152587890625 65 64.5 64.01999664306640625 63.450000762939453125 63.049999237060546875 62.700000762939453125 62.380001068115234375 62.240001678466796875 61.9199981689453125 62.130001068115234375 62.29000091552734375 62.279998779296875 62.340000152587890625 62.509998321533203125 62.619998931884765625 62.8600006103515625 62.8600006103515625 62.95999908447265625 62.979999542236328125 62.95999908447265625
72.6999969482421875 71.98000335693359375 71.31999969482421875 70.529998779296875 69.8600006103515625 69.26000213623046875 68.81999969482421875 68.45999908447265625 68.23000335693359375 67.90000152587890625 67.6999969482421875 67.31999969482421875 66.93000030517578125 66.720001220703125 66.5800018310546875 66.339996337890625 66.1999969482421875 66.18000030517578125 65.95999908447265625 65.44000244140625 64.5 64.09999847412109375 63.619998931884765625 63.0800018310546875 62.560001373291015625 62.189998626708984375 61.880001068115234375 61.54000091552734375 61.060001373291015625 60.8600006103515625 60.759998321533203125 61.04000091552734375 61.340000152587890625 61.270000457763671875 61.3600006103515625 61.4199981689453125 61.6699981689453125 61.6100006103515625 62.049999237060546875 62.18000030517578125 62.29000091552734375 62.450000762939453125
