wildfire/work/fuelmodels/1692/ahn1.asc
ncols        53
nrows        39
xllcorner    197840.000000000000
yllcorner    448415.000000000000
cellsize     5.000000000000
NODATA_value   -999
[rows 0 to 18 of 39, columns 0 to 41 of 53]
81.160003662109375 80.779998779296875 80.45999908447265625 80.05999755859375 79.3300018310546875 78.6999969482421875 77.76000213623046875 76.839996337890625 75.81999969482421875 74.75 73.55999755859375 71.970001220703125 70.45999908447265625 68.98999786376953125 67.6699981689453125 66.29000091552734375 65.29000091552734375 64.29000091552734375 63.09999847412109375 61.520000457763671875 60.29000091552734375 59.029998779296875 58.310001373291015625 57.799999237060546875 57.6100006103515625 57.6399993896484375 58.310001373291015625 59.40000152587890625 60.93000030517578125 62.770000457763671875 64.3600006103515625 65.1699981689453125 65.4199981689453125 65.4199981689453125 64.9499969482421875 64.3300018310546875 63.990001678466796875 63.4199981689453125 63.380001068115234375 63.40000152587890625 63.560001373291015625 63.5
81.970001220703125 81.48999786376953125 81.0800018310546875 80.43000030517578125 79.79000091552734375 79.05999755859375 78.1100006103515625 77.160003662109375 76.160003662109375 74.8899993896484375 73.37999725341796875 71.44000244140625 70.37999725341796875 68.5 66.98000335693359375 65.73000335693359375 64.68000030517578125 63.759998321533203125 62.560001373291015625 61.240001678466796875 59.95999908447265625 58.95999908447265625 58.439998626708984375 58.09999847412109375 58.049999237060546875 58.5 59.54000091552734375 60.630001068115234375 62.04000091552734375 63.979999542236328125 65.29000091552734375 66.09999847412109375 66.3000030517578125 65.9199981689453125 65.62999725341796875 65.23000335693359375 64.81999969482421875 64.37999725341796875 64.339996337890625 64.30999755859375 64.34999847412109375 64.279998779296875
82.779998779296875 82.1699981689453125 81.55999755859375 80.9499969482421875 80.43000030517578125 79.44000244140625 78.3899993896484375 77.56999969482421875 76.3300018310546875 74.80999755859375 72.8300018310546875 71.4199981689453125 69.589996337890625 68.01999664306640625 66.48000335693359375 65.51000213623046875 64.62999725341796875 63.79000091552734375 62.810001373291015625 61.56999969482421875 60.479999542236328125 59.45999908447265625 58.90000152587890625 58.59999847412109375 58.840000152587890625 59.6100006103515625 60.740001678466796875 62.029998779296875 63.950000762939453125 65.54000091552734375 66.779998779296875 67.3300018310546875 67.04000091552734375 66.8600006103515625 66.23999786376953125 65.80999755859375 65.5500030517578125 65.470001220703125 65.160003662109375 65.01999664306640625 65.06999969482421875 64.75
83.1999969482421875 82.68000030517578125 82.089996337890625 81.43000030517578125 80.6699981689453125 79.910003662109375 78.910003662109375 78.06999969482421875 76.59999847412109375 74.93000030517578125 72.9199981689453125 71.1100006103515625 69.5 68.01999664306640625 66.90000152587890625 66.0500030517578125 65.37000274658203125 64.62000274658203125 63.990001678466796875 62.340000152587890625 61.31999969482421875 59.990001678466796875 59.560001373291015625 59.40000152587890625 59.799999237060546875 60.689998626708984375 62.15000152587890625 63.8600006103515625 64.95999908447265625 67.19000244140625 68.0800018310546875 68.19000244140625 67.93000030517578125 67.37999725341796875 66.98999786376953125 66.6100006103515625 66.25 65.970001220703125 65.73999786376953125 65.81999969482421875 65.6399993896484375 65.40000152587890625
83.62000274658203125 83.30999755859375 82.48999786376953125 82.0500030517578125 81.37000274658203125 80.31999969482421875 79.18000030517578125 78.089996337890625 76.59999847412109375 75.04000091552734375 73.1399993896484375 71.589996337890625 70.0800018310546875 68.95999908447265625 68.1399993896484375 67.62000274658203125 67.1999969482421875 66.45999908447265625 65.37999725341796875 63.79000091552734375 62.5 60.93000030517578125 60.200000762939453125 60.1399993896484375 60.65000152587890625 61.970001220703125 63.3300018310546875 64.95999908447265625 66.73000335693359375 68.6999969482421875 69.15000152587890625 69.3000030517578125 68.6100006103515625 68.23999786376953125 67.62999725341796875 67.23000335693359375 66.98000335693359375 66.56999969482421875 66.37999725341796875 66.3600006103515625 66.23000335693359375 65.94000244140625
84.30999755859375 83.839996337890625 83.15000152587890625 82.31999969482421875 81.4199981689453125 80.470001220703125 79.55999755859375 78.37000274658203125 77.12999725341796875 75.70999908447265625 74.18000030517578125 72.68000030517578125 71.4199981689453125 70.6399993896484375 70.05999755859375 69.51000213623046875 68.70999908447265625 67.9499969482421875 66.8899993896484375 65.05999755859375 63.439998626708984375 62.15000152587890625 61.299999237060546875 61.049999237060546875 61.520000457763671875 62.939998626708984375 64.9199981689453125 66.37000274658203125 68.40000152587890625 70.01000213623046875 70.51999664306640625 70.1100006103515625 69.51000213623046875 68.98999786376953125 68.339996337890625 67.84999847412109375 67.44000244140625 67.089996337890625 66.8899993896484375 66.8600006103515625 66.55999755859375 66.34999847412109375
84.6699981689453125 84.09999847412109375 83.34999847412109375 82.6699981689453125 81.62000274658203125 80.73999786376953125 79.95999908447265625 78.79000091552734375 77.70999908447265625 76.44000244140625 74.95999908447265625 74.1999969482421875 73.19000244140625 72.4199981689453125 71.779998779296875 71.1999969482421875 70.3600006103515625 69.45999908447265625 67.98000335693359375 66.01000213623046875 64.48999786376953125 62.880001068115234375 61.979999542236328125 61.990001678466796875 62.810001373291015625 64.40000152587890625 66.339996337890625 68.31999969482421875 70.089996337890625 71.3300018310546875 71.410003662109375 70.98999786376953125 70.43000030517578125 69.6399993896484375 69.0500030517578125 68.44000244140625 67.98000335693359375 67.6399993896484375 67.34999847412109375 67.1699981689453125 67.0500030517578125 66.9499969482421875
84.90000152587890625 84.26000213623046875 83.6699981689453125 82.93000030517578125 81.93000030517578125 81.0800018310546875 80.04000091552734375 79.30999755859375 78.339996337890625 77.220001220703125 76.18000030517578125 75.30999755859375 74.5800018310546875 73.76000213623046875 73.12999725341796875 72.43000030517578125 71.589996337890625 70.37000274658203125 68.8300018310546875 67.3000030517578125 65.23000335693359375 64.06999969482421875 63.060001373291015625 63.04000091552734375 63.90000152587890625 65.5500030517578125 67.54000091552734375 69.3899993896484375 71.26999664306640625 72.34999847412109375 72.3600006103515625 71.79000091552734375 71.01999664306640625 70.44000244140625 69.8600006103515625 69.09999847412109375 68.62999725341796875 68.09999847412109375 67.8300018310546875 67.5800018310546875 67.410003662109375 67.1699981689453125
85.220001220703125 84.48999786376953125 84.029998779296875 83.160003662109375 82.470001220703125 81.6100006103515625 80.75 79.8600006103515625 79.15000152587890625 78.09999847412109375 77.220001220703125 76.3600006103515625 75.70999908447265625 75.01000213623046875 74.26999664306640625 73.55999755859375 72.4199981689453125 71.3300018310546875 70.0500030517578125 67.970001220703125 66.04000091552734375 65.0800018310546875 64.01999664306640625 64.339996337890625 65.26000213623046875 66.76000213623046875 68.5 70.62000274658203125 72.6699981689453125 73.339996337890625 73.34999847412109375 72.79000091552734375 71.98000335693359375 71.1999969482421875 70.43000030517578125 69.9499969482421875 69.089996337890625 68.55999755859375 68.20999908447265625 67.98999786376953125 67.69000244140625 67.59999847412109375
85.37999725341796875 84.910003662109375 84.26000213623046875 83.660003662109375 83.04000091552734375 82.25 81.5 80.6699981689453125 79.720001220703125 78.87000274658203125 78.23999786376953125 77.30999755859375 76.48999786376953125 75.9499969482421875 75.15000152587890625 74.470001220703125 73.6100006103515625 72.1399993896484375 70.6999969482421875 69.01999664306640625 67.29000091552734375 66.0500030517578125 65.40000152587890625 65.76000213623046875 66.910003662109375 68.279998779296875 69.94000244140625 71.95999908447265625 73.59999847412109375 74.26999664306640625 74.29000091552734375 73.779998779296875 72.84999847412109375 72.089996337890625 71.3300018310546875 70.4199981689453125 69.8899993896484375 69.30999755859375 68.90000152587890625 68.4199981689453125 68.089996337890625 68.01000213623046875
85.6999969482421875 85.1999969482421875 84.6699981689453125 84.0500030517578125 83.40000152587890625 82.79000091552734375 82.15000152587890625 81.54000091552734375 80.779998779296875 79.970001220703125 78.98999786376953125 78.20999908447265625 77.37999725341796875 76.6699981689453125 75.839996337890625 75.220001220703125 74.4499969482421875 72.9199981689453125 71.43000030517578125 69.81999969482421875 68.29000091552734375 67.3000030517578125 66.8000030517578125 67.1100006103515625 67.8899993896484375 69.37999725341796875 71 73 74.5500030517578125 75.34999847412109375 75.34999847412109375 74.68000030517578125 73.779998779296875 72.76999664306640625 72.01000213623046875 71.20999908447265625 70.62000274658203125 69.98000335693359375 69.410003662109375 69.01000213623046875 68.54000091552734375 68.0500030517578125
86.12000274658203125 85.55999755859375 84.94000244140625 84.470001220703125 83.839996337890625 83.37000274658203125 82.73000335693359375 82.23000335693359375 81.410003662109375 80.6399993896484375 79.68000030517578125 79 78.0800018310546875 76.98000335693359375 76.6100006103515625 75.73999786376953125 74.87000274658203125 73.69000244140625 72.40000152587890625 70.8600006103515625 69.51000213623046875 68.90000152587890625 68.589996337890625 68.75 69.37999725341796875 70.34999847412109375 72.06999969482421875 74 75.54000091552734375 76.26999664306640625 76.1399993896484375 75.339996337890625 74.26999664306640625 73.529998779296875 72.79000091552734375 72.029998779296875 71.3000030517578125 70.54000091552734375 69.95999908447265625 69.06999969482421875 68.5500030517578125 68.220001220703125
86.09999847412109375 85.76000213623046875 85.37999725341796875 84.8899993896484375 84.1699981689453125 83.910003662109375 83.279998779296875 82.68000030517578125 81.910003662109375 81.26999664306640625 80.44000244140625 79.5500030517578125 78.73999786376953125 77.81999969482421875 76.910003662109375 76.3600006103515625 75.3899993896484375 74.1100006103515625 72.93000030517578125 71.720001220703125 70.73999786376953125 70.25 70.15000152587890625 70.40000152587890625 70.75 71.6699981689453125 73.3000030517578125 74.69000244140625 76.3000030517578125 76.76000213623046875 76.470001220703125 75.87999725341796875 75.20999908447265625 74.25 73.40000152587890625 72.48999786376953125 71.56999969482421875 70.93000030517578125 70.37999725341796875 69.1699981689453125 68.73999786376953125 68.26000213623046875
86.23000335693359375 85.73999786376953125 85.3300018310546875 84.93000030517578125 84.48999786376953125 84.1699981689453125 83.65000152587890625 83.05999755859375 82.339996337890625 81.59999847412109375 80.839996337890625 80.1699981689453125 79.339996337890625 78.48999786376953125 77.79000091552734375 76.80999755859375 75.98999786376953125 74.81999969482421875 73.87999725341796875 72.970001220703125 72.09999847412109375 71.80999755859375 71.94000244140625 72.23999786376953125 72.37000274658203125 73.0500030517578125 74.160003662109375 75.5500030517578125 76.56999969482421875 77.0800018310546875 76.70999908447265625 76.5 75.6999969482421875 74.48000335693359375 73.839996337890625 72.8600006103515625 71.94000244140625 71.44000244140625 70.59999847412109375 69.62999725341796875 68.970001220703125 68.6699981689453125
86 85.90000152587890625 85.6399993896484375 85.31999969482421875 84.90000152587890625 84.339996337890625 83.9199981689453125 83.279998779296875 82.5500030517578125 81.94000244140625 81.26999664306640625 80.5500030517578125 79.8300018310546875 78.98999786376953125 78.29000091552734375 77.43000030517578125 76.5500030517578125 75.75 74.8899993896484375 74.15000152587890625 73.779998779296875 73.54000091552734375 73.4199981689453125 73.54000091552734375 73.76999664306640625 74.23999786376953125 74.87000274658203125 76.05999755859375 77.160003662109375 77.589996337890625 77.48999786376953125 76.95999908447265625 75.910003662109375 75.04000091552734375 74.37999725341796875 73.18000030517578125 72.31999969482421875 71.51000213623046875 70.76999664306640625 69.76999664306640625 69.06999969482421875 68.3600006103515625
85.529998779296875 85.51000213623046875 85.6399993896484375 85.34999847412109375 85.3000030517578125 84.69000244140625 84.1699981689453125 83.44000244140625 82.8300018310546875 81.910003662109375 81.470001220703125 80.73999786376953125 80.089996337890625 79.3000030517578125 78.6100006103515625 77.90000152587890625 77.0800018310546875 76.44000244140625 75.81999969482421875 75.1399993896484375 74.910003662109375 74.6399993896484375 74.19000244140625 74.76000213623046875 74.970001220703125 75.18000030517578125 75.87999725341796875 76.62000274658203125 77.6100006103515625 77.62000274658203125 77.51000213623046875 76.79000091552734375 76.37000274658203125 75.20999908447265625 74.26999664306640625 73.3899993896484375 72.51000213623046875 71.51999664306640625 70.80999755859375 70.04000091552734375 69.05999755859375 68.1699981689453125
85.089996337890625 85.26000213623046875 85.37000274658203125 85.26000213623046875 85.01000213623046875 84.87999725341796875 84.30999755859375 83.6399993896484375 82.98999786376953125 82.4199981689453125 81.5800018310546875 80.80999755859375 80.089996337890625 79.55999755859375 78.73999786376953125 78.1699981689453125 77.55999755859375 76.98000335693359375 76.75 76.25 75.8600006103515625 75.5800018310546875 74.94000244140625 75.04000091552734375 75.25 75.5800018310546875 76.1999969482421875 76.98000335693359375 77.8300018310546875 77.529998779296875 77.79000091552734375 77.05999755859375 76.29000091552734375 75.26000213623046875 74.220001220703125 73.3600006103515625 72.660003662109375 71.6699981689453125 70.779998779296875 69.98000335693359375 69.0800018310546875 68.15000152587890625
84.44000244140625 84.73000335693359375 84.9499969482421875 84.970001220703125 85.0500030517578125 84.76999664306640625 84.410003662109375 83.76999664306640625 83.1399993896484375 82.5500030517578125 81.90000152587890625 81.12999725341796875 80.20999908447265625 79.6100006103515625 79 78.470001220703125 77.8600006103515625 77.4199981689453125 76.98999786376953125 76.6399993896484375 76.29000091552734375 76.04000091552734375 75.48000335693359375 75.5500030517578125 75.529998779296875 75.94000244140625 76.339996337890625 77.089996337890625 77.84999847412109375 77.65000152587890625 77.529998779296875 77.029998779296875 76.18000030517578125 75.339996337890625 74.29000091552734375 73.34999847412109375 72.529998779296875 71.589996337890625 70.779998779296875 69.80999755859375 69.220001220703125 68.44000244140625
83.79000091552734375 83.8899993896484375 84.1999969482421875 84.5 84.5800018310546875 84.470001220703125 84.23999786376953125 83.779998779296875 83.19000244140625 82.59999847412109375 81.910003662109375 81.29000091552734375 80.5800018310546875 79.79000091552734375 78.95999908447265625 78.4499969482421875 78.05999755859375 77.62000274658203125 77.1699981689453125 76.84999847412109375 76.76000213623046875 76.18000030517578125 75.75 75.6699981689453125 75.73000335693359375 75.76000213623046875 76.23000335693359375 77.0500030517578125 77.779998779296875 77.65000152587890625 77.69000244140625 77.029998779296875 76.1100006103515625 75.1100006103515625 74.19000244140625 73.1999969482421875 72.410003662109375 71.62000274658203125 70.73999786376953125 70.04000091552734375 69.25 68.3300018310546875
