wildfire/work/fuelmodels/1692/slope.asc
ncols        53
nrows        39
xllcorner    197840.000000000000
yllcorner    448415.000000000000
cellsize     5.000000000000
NODATA_value   -999
[rows 19 to 37 of 39, columns 0 to 42 of 53]
0 57.510433197021484375 60.427158355712890625 58.99222564697265625 50.118968963623046875 38.239429473876953125 33.42736053466796875 36.64422607421875 39.617145538330078125 39.208255767822265625 43.556278228759765625 46.719058990478515625 52.7702484130859375 57.214878082275390625 50.0438232421875 38.65833282470703125 32.21776580810546875 26.717336654663085938 24.3133392333984375 20.751192092895507812 24.746366500854492188 30.580518722534179688 20.031415939331054688 18.50579071044921875 17.777853012084960938 26.81386566162109375 46.99729156494140625 57.45178985595703125 36.740139007568359375 35.219577789306640625 43.170291900634765625 57.3679351806640625 67.57163238525390625 69.0064697265625 71.34090423583984375 64.47620391845703125 59.024585723876953125 57.7599029541015625 55.301097869873046875 49.70526123046875 51.918437957763671875 57.623504638671875 53.85471343994140625
0 57.40756988525390625 63.0245208740234375 63.762378692626953125 61.7322540283203125 51.337158203125 38.519496917724609375 35.674304962158203125 35.680957794189453125 33.298526763916015625 42.550323486328125 46.5677337646484375 49.26699066162109375 56.616973876953125 51.790828704833984375 42.369503021240234375 33.9152984619140625 26.648664474487304688 24.498285293579101562 23.9327392578125 26.151424407958984375 31.45420074462890625 29.0635986328125 27.089061737060546875 20.869335174560546875 27.97531890869140625 47.620609283447265625 59.28806304931640625 52.54388427734375 44.21985626220703125 46.254360198974609375 53.476161956787109375 61.820949554443359375 68.41399383544921875 71.9539031982421875 62.261173248291015625 56.0282135009765625 53.2525177001953125 52.07189178466796875 48.42827606201171875 46.1988067626953125 48.50556182861328125 49.5064544677734375
0 54.171695709228515625 61.679798126220703125 61.938976287841796875 60.72248077392578125 57.078948974609375 46.23435211181640625 40.063861846923828125 35.256961822509765625 34.52154541015625 43.740345001220703125 47.489086151123046875 47.659320831298828125 54.74933624267578125 52.899200439453125 42.6487884521484375 33.25250244140625 27.542247772216796875 24.221584320068359375 24.606824874877929688 28.120027542114257812 31.849781036376953125 32.210094451904296875 29.141160964965820312 27.156942367553710938 33.3697509765625 49.17974090576171875 60.91103363037109375 61.255893707275390625 52.813877105712890625 50.93578338623046875 52.538867950439453125 51.435977935791015625 63.570430755615234375 70.44620513916015625 58.631256103515625 52.8983154296875 49.225322723388671875 46.723358154296875 48.03816986083984375 43.596279144287109375 41.513065338134765625 45.89862060546875
0 51.8060302734375 56.842746734619140625 59.484272003173828125 59.0260009765625 60.335987091064453125 53.55524444580078125 44.778316497802734375 40.304027557373046875 38.79439544677734375 40.652889251708984375 43.572849273681640625 47.556247711181640625 51.986301422119140625 53.11882781982421875 42.806396484375 30.776767730712890625 29.099153518676757812 30.162988662719726562 30.38336181640625 31.193361282348632812 33.9925537109375 37.0215911865234375 35.63034820556640625 32.06024932861328125 33.204257965087890625 44.571929931640625 54.1293487548828125 55.224636077880859375 48.008724212646484375 46.70645904541015625 49.456501007080078125 43.049167633056640625 57.14330291748046875 68.810546875 58.531463623046875 52.202030181884765625 47.33611297607421875 44.51682281494140625 46.067058563232421875 43.142963409423828125 38.826168060302734375 41.807979583740234375
0 45.157436370849609375 50.8730926513671875 58.459758758544921875 60.073642730712890625 59.127532958984375 53.925731658935546875 43.17191314697265625 36.797473907470703125 34.444171905517578125 39.92913818359375 43.775081634521484375 48.4500274658203125 49.886516571044921875 50.39871978759765625 45.475833892822265625 36.39591217041015625 35.572963714599609375 39.21136474609375 37.766448974609375 35.288684844970703125 37.812488555908203125 41.262176513671875 37.383331298828125 34.295154571533203125 31.72234344482421875 37.880275726318359375 47.8555755615234375 53.885074615478515625 49.8351898193359375 44.399730682373046875 43.189891815185546875 39.989238739013671875 54.44683837890625 65.5867156982421875 60.057445526123046875 53.53487396240234375 49.6738739013671875 45.35817718505859375 44.01782989501953125 43.39049530029296875 38.220951080322265625 36.8009185791015625
0 49.655986785888671875 50.326862335205078125 55.506900787353515625 61.166515350341796875 62.4736785888671875 59.70465850830078125 47.939937591552734375 36.861690521240234375 35.31885528564453125 42.64098358154296875 42.5782928466796875 45.711894989013671875 48.1785125732421875 47.52510833740234375 49.93843841552734375 46.097164154052734375 41.186862945556640625 41.1946868896484375 38.969097137451171875 38.678104400634765625 43.50384521484375 50.844757080078125 46.73777008056640625 40.42406463623046875 38.196414947509765625 42.0598297119140625 50.410282135009765625 55.202999114990234375 55.26812744140625 46.68897247314453125 39.7655792236328125 45.165111541748046875 55.345355987548828125 55.67285919189453125 59.450084686279296875 58.5934906005859375 52.100986480712890625 46.416408538818359375 45.5066375732421875 43.68552398681640625 35.98329925537109375 32.53093719482421875
0 47.449554443359375 46.70291900634765625 50.82596588134765625 58.8836517333984375 65.66284942626953125 67.66793060302734375 62.379619598388671875 54.818065643310546875 51.19191741943359375 45.4880828857421875 39.823078155517578125 43.988040924072265625 49.542331695556640625 51.1878509521484375 53.9023590087890625 50.646697998046875 39.957187652587890625 39.69710540771484375 45.450164794921875 48.80448150634765625 50.934337615966796875 56.214508056640625 51.886444091796875 47.291866302490234375 48.5182952880859375 47.33736419677734375 52.147991180419921875 57.93353271484375 58.606754302978515625 52.63661956787109375 44.504863739013671875 48.16638946533203125 52.106861114501953125 47.334102630615234375 61.71906280517578125 64.67852783203125 50.145389556884765625 45.753978729248046875 44.959003448486328125 38.86821746826171875 31.216932296752929688 26.67633819580078125
0 46.809326171875 47.9098052978515625 52.034435272216796875 58.203189849853515625 65.53420257568359375 69.02251434326171875 71.3456268310546875 67.27490997314453125 59.523777008056640625 52.436492919921875 49.5604248046875 50.08251190185546875 51.523571014404296875 51.19757843017578125 50.185535430908203125 47.347412109375 40.130893707275390625 43.508975982666015625 51.08046722412109375 51.99727630615234375 53.881412506103515625 56.7837066650390625 56.924732208251953125 54.832172393798828125 52.585174560546875 46.0985565185546875 47.954608917236328125 56.78363037109375 61.5639495849609375 62.189510345458984375 61.495708465576171875 54.219879150390625 48.88653564453125 44.82448577880859375 59.577220916748046875 62.3746490478515625 47.02729034423828125 44.392730712890625 39.78783416748046875 33.674495697021484375 31.9903717041015625 27.892522811889648438
0 58.690273284912109375 55.72467803955078125 56.60694122314453125 60.73383331298828125 68.71114349365234375 72.6077117919921875 73.75726318359375 73.874542236328125 68.801422119140625 60.482631683349609375 55.616992950439453125 54.40451812744140625 52.49599456787109375 49.897125244140625 46.518909454345703125 42.95302581787109375 40.683380126953125 46.90256500244140625 53.326251983642578125 54.932079315185546875 60.858306884765625 65.03903961181640625 64.8950347900390625 58.458408355712890625 54.703433990478515625 52.458583831787109375 52.071208953857421875 56.790744781494140625 66.18120574951171875 71.71551513671875 72.38765716552734375 67.60643768310546875 57.409496307373046875 49.3863067626953125 55.549030303955078125 56.629119873046875 48.338115692138671875 47.599651336669921875 38.718570709228515625 34.7220306396484375 34.935932159423828125 29.985715866088867188
0 60.3472137451171875 65.25079345703125 68.7350311279296875 69.42603302001953125 72.34454345703125 78.38854217529296875 81.3714447021484375 82.9186553955078125 81.36855316162109375 73.9259490966796875 63.6331787109375 56.731983184814453125 52.880680084228515625 49.758464813232421875 43.8297576904296875 40.491107940673828125 41.8746795654296875 50.86644744873046875 59.968524932861328125 64.75858306884765625 68.28220367431640625 67.5622406005859375 63.75225067138671875 59.98017120361328125 58.609527587890625 57.725284576416015625 58.517276763916015625 63.282962799072265625 69.46344757080078125 72.83898162841796875 73.85247039794921875 74.88657379150390625 72.62908935546875 64.8863677978515625 61.241306304931640625 55.837749481201171875 51.4004364013671875 50.32883453369140625 40.06681060791015625 37.592395782470703125 36.687938690185546875 30.095172882080078125
0 61.498943328857421875 66.5203857421875 65.5509796142578125 64.74085235595703125 66.36534881591796875 70.29486846923828125 73.04821014404296875 72.16721343994140625 72.8786468505859375 77.706451416015625 77.2870330810546875 68.26464080810546875 61.49918365478515625 57.091724395751953125 49.7248077392578125 50.659969329833984375 53.460010528564453125 58.583766937255859375 68.108367919921875 70.43491363525390625 68.69594573974609375 64.71968841552734375 61.48209381103515625 59.285465240478515625 57.90047454833984375 61.420742034912109375 66.85836029052734375 70.9473724365234375 75.06868743896484375 79.3311614990234375 82.581939697265625 81.72933197021484375 77.45537567138671875 70.47347259521484375 60.956211090087890625 54.300872802734375 51.45697784423828125 48.41422271728515625 40.983341217041015625 39.86749267578125 40.51166534423828125 31.060222625732421875
0 54.291229248046875 57.061611175537109375 60.804515838623046875 64.54978179931640625 67.97730255126953125 72.6828460693359375 77.39957427978515625 79.582733154296875 80.28092193603515625 81.994873046875 83.9762420654296875 81.99056243896484375 75.78778076171875 69.1216888427734375 69.69403076171875 82.84735107421875 81.82643890380859375 71.16017913818359375 75.7205810546875 74.11298370361328125 70.84105682373046875 65.39946746826171875 62.724826812744140625 63.9919281005859375 66.523712158203125 71.179901123046875 73.73690032958984375 73.80171966552734375 76.2783050537109375 79.5043792724609375 80.01578521728515625 78.2565460205078125 76.2593994140625 72.25168609619140625 61.491424560546875 55.23252105712890625 55.202877044677734375 51.3274383544921875 45.45233917236328125 42.226718902587890625 39.158443450927734375 31.84957122802734375
0 40.390941619873046875 43.25182342529296875 50.86771392822265625 57.299922943115234375 65.8574981689453125 75.2066650390625 82.45655059814453125 86.74921417236328125 86.4435272216796875 81.3811492919921875 80.97069549560546875 87.34632110595703125 89.28888702392578125 88.66262054443359375 95.16121673583984375 107.69641876220703125 102.5184478759765625 90.71178436279296875 83.8104095458984375 75.9769744873046875 73.38283538818359375 67.67707061767578125 68.195831298828125 69.0900421142578125 69.09432220458984375 71.622955322265625 72.63512420654296875 71.24439239501953125 69.42071533203125 69.4926910400390625 72.5557098388671875 75.20580291748046875 74.83826446533203125 73.9864959716796875 71.0842132568359375 64.37018585205078125 57.67855072021484375 52.1346282958984375 47.6338653564453125 43.5607757568359375 38.109771728515625 31.85796356201171875
0 45.560184478759765625 45.72580718994140625 44.373653411865234375 48.2663421630859375 55.4609222412109375 63.5814208984375 71.25290679931640625 77.3695831298828125 82.79056549072265625 88.04993438720703125 93.01171112060546875 95.95810699462890625 95.53435516357421875 101.0245513916015625 103.10693359375 98.13818359375 90.6545867919921875 92.671112060546875 87.07347869873046875 74.61479949951171875 74.20505523681640625 72.63434600830078125 75.44762420654296875 71.01139068603515625 66.38013458251953125 69.90637969970703125 70.9325408935546875 68.0218048095703125 66.93071746826171875 70.4434814453125 72.5888519287109375 72.53917694091796875 71.21993255615234375 71.12393951416015625 72.13092803955078125 67.759307861328125 60.24492645263671875 54.171295166015625 48.4180450439453125 44.607929229736328125 38.45233917236328125 30.154571533203125
0 44.83885955810546875 43.59809112548828125 51.281482696533203125 55.968647003173828125 58.32276153564453125 63.063503265380859375 66.33392333984375 74.001739501953125 83.94490814208984375 91.245513916015625 90.74286651611328125 88.95156097412109375 94.702362060546875 97.482330322265625 87.12860107421875 83.49261474609375 87.35150909423828125 85.86376190185546875 80.2452850341796875 78.68454742431640625 86.49047088623046875 83.994476318359375 80.9097137451171875 76.6650543212890625 78.2917633056640625 80.651153564453125 73.06522369384765625 70.3237152099609375 73.4755401611328125 73.27777099609375 67.96441650390625 65.42795562744140625 68.04184722900390625 71.07152557373046875 71.4228363037109375 69.1887054443359375 66.0390472412109375 60.467021942138671875 52.557079315185546875 43.807399749755859375 34.40265655517578125 28.359857559204101562
0 38.558170318603515625 40.79068756103515625 50.984035491943359375 55.866230010986328125 58.462474822998046875 59.862720489501953125 62.654834747314453125 71.00450897216796875 77.3990631103515625 78.129974365234375 77.98180389404296875 85.76074981689453125 94.45291900634765625 91.3340911865234375 87.39392852783203125 90.541839599609375 89.4178466796875 80.13094329833984375 82.77521514892578125 92.62221527099609375 96.77727508544921875 91.22814178466796875 89.60353851318359375 88.878814697265625 90.447113037109375 83.71539306640625 73.4147186279296875 74.2284088134765625 76.123748779296875 72.80100250244140625 71.84747314453125 73.334930419921875 76.326690673828125 79.31029510498046875 79.83228302001953125 74.30434417724609375 64.55222320556640625 57.818881988525390625 53.044094085693359375 46.688976287841796875 39.981899261474609375 35.78365325927734375
0 45.589630126953125 49.322292327880859375 50.051982879638671875 57.453857421875 62.606563568115234375 63.50414276123046875 66.4020233154296875 68.7439422607421875 71.70021820068359375 78.60395050048828125 88.1252593994140625 93.109100341796875 87.7002410888671875 86.9385528564453125 93.50521087646484375 89.60663604736328125 79.18582916259765625 78.34725189208984375 93.49570465087890625 101.52899169921875 98.5560455322265625 98.58219146728515625 99.0274658203125 95.05062103271484375 88.9100341796875 78.03179168701171875 76.3898468017578125 79.8262176513671875 80.7147979736328125 81.12734222412109375 79.367950439453125 76.60337066650390625 74.6149749755859375 71.9490966796875 70.8630828857421875 69.7849884033203125 65.597381591796875 60.64131927490234375 55.539730072021484375 52.98409271240234375 50.674083709716796875 45.56722259521484375
0 40.936977386474609375 44.289646148681640625 50.089717864990234375 60.067310333251953125 62.1114044189453125 62.15645599365234375 63.04236602783203125 62.467037200927734375 65.2505035400390625 72.43793487548828125 82.00299835205078125 85.64583587646484375 84.843170166015625 87.9674224853515625 87.94547271728515625 82.71990966796875 78.4567718505859375 79.41782379150390625 89.8786773681640625 101.29756927490234375 105.53176116943359375 105.6112518310546875 101.5571746826171875 96.14194488525390625 88.58519744873046875 81.35077667236328125 83.783050537109375 88.67496490478515625 90.5714569091796875 86.54058837890625 77.2962799072265625 68.7071533203125 65.85753631591796875 64.92969512939453125 65.35123443603515625 68.603424072265625 70.24483489990234375 63.82808685302734375 56.034893035888671875 51.27752685546875 47.403682708740234375 43.381664276123046875
0 48.1663970947265625 48.212314605712890625 49.148090362548828125 49.885166168212890625 46.086231231689453125 44.48278045654296875 48.328369140625 53.88482666015625 56.045528411865234375 55.677394866943359375 59.4192657470703125 63.26923370361328125 64.987701416015625 63.956882476806640625 64.02228546142578125 70.07965850830078125 71.91535186767578125 70.94306182861328125 86.73712158203125 95.31795501708984375 98.32408905029296875 99.53212738037109375 96.7368316650390625 88.0785064697265625 79.4118804931640625 79.81865692138671875 82.75806427001953125 82.4840240478515625 80.795379638671875 81.2203216552734375 87.58721160888671875 87.05706787109375 81.035614013671875 79.867828369140625 79.46971893310546875 74.21435546875 68.56243133544921875 63.149692535400390625 57.197521209716796875 52.54634857177734375 49.808513641357421875 47.52281951904296875
