wildfire/work/fuelmodels/1692/slope.asc
ncols        53
nrows        39
xllcorner    197840.000000000000
yllcorner    448415.000000000000
cellsize     5.000000000000
NODATA_value   -999
[rows 0 to 18 of 39, columns 0 to 42 of 53]
0 0 0 0 0 0 0 0 0 0 0 0 0 0 0 0 0 0 0 0 0 0 0 0 0 0 0 0 0 0 0 0 0 0 0 0 0 0 0 0 0 0 0
0 59.121196746826171875 54.005077362060546875 55.94161224365234375 60.556758880615234375 68.23392486572265625 71.14546966552734375 73.80011749267578125 84.4801025390625 99.2876434326171875 114.868072509765625 110.119293212890625 110.5618896484375 115.6817779541015625 100.91519927978515625 83.65140533447265625 71.8343353271484375 75.18341064453125 88.892852783203125 91.0665435791015625 81.38709259033203125 60.626613616943359375 40.4036407470703125 33.658172607421875 49.0511322021484375 83.33528900146484375 110.49407958984375 130.9791107177734375 150.4001007080078125 143.40484619140625 112.3429107666015625 79.69478607177734375 61.1850128173828125 56.68663787841796875 58.255718231201171875 59.4564056396484375 64.76674652099609375 68.40920257568359375 64.59882354736328125 58.26415252685546875 52.671245574951171875 51.954204559326171875 57.39824676513671875
0 57.18302154541015625 56.652172088623046875 56.337505340576171875 61.716091156005859375 73.1773529052734375 72.7915496826171875 78.9979248046875 97.298797607421875 116.85636138916015625 122.020111083984375 113.56391143798828125 113.8139801025390625 107.97080230712890625 86.200897216796875 67.88143157958984375 65.0142669677734375 71.98880767822265625 91.75469970703125 97.55904388427734375 88.96976470947265625 70.0182952880859375 49.737537384033203125 48.98543548583984375 70.3139495849609375 101.6832275390625 126.768096923828125 142.943878173828125 155.1955108642578125 145.3121337890625 111.30936431884765625 77.18534088134765625 63.0511474609375 59.968524932861328125 58.887603759765625 56.02658843994140625 55.541881561279296875 55.93264007568359375 53.647693634033203125 51.101474761962890625 47.452327728271484375 48.882213592529296875 51.399868011474609375
0 54.536090850830078125 57.5599517822265625 58.1432952880859375 65.6067657470703125 75.37493133544921875 73.9239959716796875 83.903350830078125 106.2327423095703125 124.06299591064453125 125.32244873046875 114.662750244140625 108.11614227294921875 96.72711181640625 88.7243499755859375 90.5382232666015625 100.4574737548828125 107.22914886474609375 119.4403533935546875 120.294586181640625 108.05294036865234375 85.5842437744140625 56.09215545654296875 55.806224822998046875 81.979949951171875 113.2151641845703125 134.9446563720703125 141.642333984375 153.3049468994140625 138.8032379150390625 94.95532989501953125 70.20804595947265625 64.23603057861328125 60.53936004638671875 59.2244415283203125 56.445346832275390625 52.219341278076171875 46.9814910888671875 44.53313446044921875 45.46856689453125 45.526302337646484375 49.09114837646484375 52.4346771240234375
0 56.9243011474609375 60.059970855712890625 57.783679962158203125 66.202178955078125 74.4095306396484375 76.8695220947265625 88.689849853515625 105.6743927001953125 120.86582183837890625 125.88744354248046875 119.82746124267578125 114.1918487548828125 112.7998046875 118.63842010498046875 123.116912841796875 125.02774810791015625 126.00051116943359375 135.7334747314453125 135.6508026123046875 123.39162445068359375 103.24353790283203125 70.97414398193359375 61.454982757568359375 88.47183990478515625 123.53624725341796875 138.985198974609375 146.5526123046875 159.037994384765625 131.57684326171875 87.26943206787109375 72.5578155517578125 69.50690460205078125 65.63603973388671875 60.6251068115234375 51.993366241455078125 48.8821868896484375 45.71790313720703125 40.60750579833984375 37.784084320068359375 37.833003997802734375 42.225742340087890625 52.37818145751953125
0 52.811565399169921875 58.2485504150390625 60.037631988525390625 66.89380645751953125 69.3087921142578125 77.94189453125 90.1657257080078125 101.26157379150390625 116.3472442626953125 121.37035369873046875 125.1673126220703125 128.66278076171875 128.8185577392578125 130.02001953125 127.9624176025390625 123.0879669189453125 122.2743377685546875 135.5624542236328125 137.3776702880859375 123.99478912353515625 104.04499053955078125 73.82817840576171875 69.60065460205078125 102.93349456787109375 140.286346435546875 153.279876708984375 161.44952392578125 159.134765625 117.120086669921875 78.40407562255859375 73.2862701416015625 72.62033843994140625 68.0565032958984375 62.90402984619140625 53.465167999267578125 46.673984527587890625 42.324581146240234375 35.76018524169921875 32.18889617919921875 34.432987213134765625 37.594272613525390625 45.82753753662109375
0 48.261623382568359375 54.24829864501953125 64.8637847900390625 70.06554412841796875 65.9195709228515625 72.49217987060546875 82.5740966796875 93.51755523681640625 107.4280853271484375 108.6263885498046875 113.743194580078125 121.433868408203125 118.64727783203125 114.1700286865234375 114.00724029541015625 114.55829620361328125 116.66870880126953125 132.5957183837890625 138.961273193359375 126.12896728515625 104.11590576171875 74.4828338623046875 75.92507171630859375 114.2491302490234375 147.8199615478515625 156.7939605712890625 157.359893798828125 143.1993560791015625 97.14051055908203125 69.190704345703125 70.84581756591796875 71.359893798828125 69.45937347412109375 67.0213775634765625 60.062610626220703125 51.210971832275390625 43.903675079345703125 35.756011962890625 31.4269256591796875 31.543886184692382812 34.39539337158203125 42.8485565185546875
0 47.9638214111328125 52.40836334228515625 64.2905120849609375 69.372222900390625 70.34996795654296875 71.4980010986328125 75.07898712158203125 88.27532196044921875 100.06691741943359375 100.10906219482421875 98.04450225830078125 101.64733123779296875 102.44542694091796875 98.86743927001953125 98.58634185791015625 101.83080291748046875 112.624114990234375 130.78033447265625 141.0059051513671875 124.70334625244140625 104.412750244140625 82.97100067138671875 87.5622100830078125 119.28592681884765625 143.648284912109375 151.319366455078125 152.181640625 129.263458251953125 84.01369476318359375 70.61516571044921875 77.03948211669921875 76.0296783447265625 71.15151214599609375 69.03231048583984375 65.452423095703125 55.880237579345703125 44.0421905517578125 36.21105194091796875 31.88242340087890625 27.840623855590820312 30.6698455810546875 39.678638458251953125
0 47.340114593505859375 52.119945526123046875 61.076549530029296875 67.4020538330078125 74.89835357666015625 77.5594635009765625 77.02313995361328125 83.020172119140625 88.89955902099609375 91.7811126708984375 89.9083404541015625 86.3192291259765625 88.70092010498046875 88.61347198486328125 93.07495880126953125 103.51775360107421875 111.4077606201171875 127.55023956298828125 142.684478759765625 123.65355682373046875 101.94831085205078125 86.40283203125 103.4506683349609375 130.197998046875 145.1385040283203125 154.3397674560546875 156.4716033935546875 121.89510345458984375 76.9902801513671875 71.598480224609375 84.00206756591796875 84.71567535400390625 77.727630615234375 71.75539398193359375 67.4223785400390625 62.626483917236328125 52.98409271240234375 43.925262451171875 36.8883514404296875 30.84230804443359375 32.02703094482421875 38.1431732177734375
0 45.941928863525390625 51.42255401611328125 55.751613616943359375 61.19760894775390625 68.07172393798828125 74.21959686279296875 80.84040069580078125 85.78277587890625 86.3062896728515625 86.7090606689453125 85.95883941650390625 78.4221038818359375 76.79183197021484375 77.28717041015625 82.85094451904296875 102.79663848876953125 113.15229034423828125 122.26488494873046875 135.2428436279296875 122.98029327392578125 104.5193023681640625 93.7401123046875 106.46728515625 124.603179931640625 138.31744384765625 151.43963623046875 149.2183990478515625 110.3628082275390625 74.5324554443359375 72.7967529296875 84.42681884765625 86.98757171630859375 80.59980010986328125 76.11055755615234375 70.61148834228515625 66.79674530029296875 61.482135772705078125 52.44904327392578125 45.46080780029296875 34.46857452392578125 28.751386642456054688 37.781696319580078125
0 45.997798919677734375 48.570568084716796875 51.525821685791015625 54.876537322998046875 59.65735626220703125 65.2100067138671875 74.5312652587890625 82.7763519287109375 84.0984039306640625 81.7156219482421875 81.20467376708984375 77.5186004638671875 69.3101654052734375 68.20433807373046875 71.27359771728515625 91.97518157958984375 112.53926849365234375 120.54970550537109375 126.7646636962890625 117.33028411865234375 109.26981353759765625 106.964263916015625 108.81182098388671875 114.98095703125 127.55298614501953125 143.169281005859375 140.0645599365234375 106.57514190673828125 73.73070526123046875 69.04314422607421875 80.35262298583984375 82.78682708740234375 77.22702789306640625 76.859222412109375 74.07045745849609375 67.52524566650390625 61.0225982666015625 52.480438232421875 43.539875030517578125 32.708255767822265625 29.702943801879882812 37.15502166748046875
0 41.89392852783203125 45.2895050048828125 50.48886871337890625 50.547817230224609375 53.709606170654296875 58.555389404296875 62.714199066162109375 68.88140869140625 75.24737548828125 77.44367218017578125 75.51555633544921875 79.47314453125 70.0753631591796875 62.166748046875 68.43225860595703125 84.96732330322265625 100.6223297119140625 110.71490478515625 117.55019378662109375 109.4901123046875 107.718719482421875 112.67120361328125 114.760498046875 114.40338134765625 126.9622039794921875 139.8352203369140625 132.3096160888671875 97.685394287109375 54.390106201171875 52.973529815673828125 73.01622772216796875 80.12725067138671875 77.340728759765625 74.555145263671875 70.218475341796875 63.204189300537109375 56.729740142822265625 57.451694488525390625 49.49480438232421875 32.777889251708984375 32.49744415283203125 40.441616058349609375
0 32.52307891845703125 35.053340911865234375 42.819622039794921875 41.2053375244140625 43.837604522705078125 52.28122711181640625 57.250644683837890625 61.601978302001953125 65.49507904052734375 70.07166290283203125 71.55141448974609375 78.37896728515625 76.47588348388671875 68.02097320556640625 70.52474212646484375 85.01082611083984375 93.85295867919921875 99.20615386962890625 107.17432403564453125 103.80358123779296875 104.719512939453125 114.041259765625 117.48590087890625 114.24712371826171875 122.7948150634765625 127.7428436279296875 116.449249267578125 80.42113494873046875 30.493549346923828125 40.443950653076171875 61.629276275634765625 76.742156982421875 72.99442291259765625 68.3802490234375 69.37715911865234375 60.09114837646484375 52.928546905517578125 65.2572784423828125 59.61761474609375 36.54198455810546875 39.367160797119140625 48.34761810302734375
0 26.174581527709960938 29.255277633666992188 36.54216766357421875 37.5056915283203125 37.5933837890625 45.3628692626953125 52.772083282470703125 55.509082794189453125 57.11501312255859375 60.934535980224609375 64.85103607177734375 70.59838104248046875 71.5992889404296875 71.97766876220703125 73.6922454833984375 82.8692169189453125 92.52144622802734375 97.35992431640625 105.02045440673828125 109.80594635009765625 112.73596954345703125 113.1988525390625 110.67310333251953125 107.282806396484375 105.93195343017578125 105.9340362548828125 99.5771484375 68.7054443359375 32.53520965576171875 42.708171844482421875 55.525089263916015625 73.3478546142578125 69.12471771240234375 68.2385711669921875 73.6121368408203125 59.5016326904296875 52.6126708984375 65.72373199462890625 61.263988494873046875 39.910572052001953125 46.567096710205078125 54.07888031005859375
0 15.585475921630859375 20.4872283935546875 29.669675827026367188 38.0185546875 41.124114990234375 43.7218017578125 50.7203216552734375 52.81514739990234375 50.89051055908203125 51.75057220458984375 56.1249542236328125 61.254974365234375 61.43029022216796875 63.58539581298828125 70.57608795166015625 74.37764739990234375 81.11899566650390625 87.83208465576171875 90.99330902099609375 96.6418914794921875 95.26126861572265625 87.05084991455078125 88.8083038330078125 89.8427276611328125 87.18022918701171875 88.844207763671875 88.212799072265625 59.728504180908203125 26.974023818969726562 32.404354095458984375 50.886112213134765625 69.37618255615234375 66.4838104248046875 66.44060516357421875 71.47845458984375 61.119495391845703125 55.46097564697265625 60.890682220458984375 61.248989105224609375 50.522083282470703125 54.6476898193359375 54.757968902587890625
0 22.14783477783203125 13.782930374145507812 16.205944061279296875 24.889467239379882812 38.06266021728515625 45.525299072265625 49.979278564453125 52.519927978515625 50.725963592529296875 49.28404998779296875 51.7811431884765625 52.261287689208984375 54.79280853271484375 55.008548736572265625 59.42687225341796875 62.64475250244140625 64.99620819091796875 76.26317596435546875 79.60269927978515625 76.30362701416015625 72.337493896484375 58.754314422607421875 57.094268798828125 55.022769927978515625 59.893497467041015625 69.64955902099609375 73.82100677490234375 41.532802581787109375 7.6916432380676269531 25.456598281860351562 48.588558197021484375 62.056182861328125 69.57177734375 65.85921478271484375 63.767974853515625 63.8771820068359375 61.169643402099609375 57.132415771484375 61.61724853515625 62.19405364990234375 57.92006683349609375 53.718837738037109375
0 31.797880172729492188 22.840646743774414062 17.556993484497070312 16.249937057495117188 28.502336502075195312 43.109737396240234375 48.198619842529296875 48.556163787841796875 51.699214935302734375 54.565502166748046875 55.310985565185546875 49.547611236572265625 49.254856109619140625 49.83591461181640625 49.501255035400390625 51.79619598388671875 48.463596343994140625 53.426971435546875 58.023090362548828125 55.038913726806640625 57.33331298828125 44.639495849609375 33.418701171875 29.375753402709960938 39.63889312744140625 51.8649749755859375 59.777866363525390625 25.470401763916015625 5.3422651290893554688 21.6640472412109375 49.180431365966796875 61.23260498046875 72.19104766845703125 67.6908111572265625 59.22097015380859375 62.45890045166015625 64.210968017578125 59.2517547607421875 59.903835296630859375 61.57685089111328125 61.37418365478515625 55.063877105712890625
0 49.04535675048828125 41.227752685546875 28.092662811279296875 19.651205062866210938 23.987546920776367188 35.44696044921875 44.121578216552734375 43.821529388427734375 46.946399688720703125 52.80200958251953125 57.55872344970703125 53.878475189208984375 49.328670501708984375 45.64727783203125 40.721492767333984375 40.73395538330078125 36.623126983642578125 33.2055206298828125 33.1455535888671875 35.264404296875 41.132465362548828125 31.411481857299804688 23.18470001220703125 20.345027923583984375 28.65731048583984375 44.76435089111328125 55.369716644287109375 20.424146652221679688 6.9762783050537109375 20.969690322875976562 51.750469207763671875 63.4202117919921875 69.2147979736328125 69.319427490234375 61.37410736083984375 60.856784820556640625 62.89914703369140625 60.88592529296875 56.3692169189453125 56.297008514404296875 64.90451812744140625 57.06458282470703125
0 57.033603668212890625 54.3693084716796875 44.231815338134765625 32.046283721923828125 27.853023529052734375 31.013914108276367188 38.4804534912109375 41.577350616455078125 43.881320953369140625 47.002307891845703125 51.389446258544921875 55.1390838623046875 54.546459197998046875 46.81395721435546875 36.339534759521484375 32.42426300048828125 30.183294296264648438 28.131542205810546875 22.690158843994140625 26.203943252563476562 33.881496429443359375 21.143064498901367188 8.243144989013671875 5.3711609840393066406 24.811710357666015625 46.024868011474609375 56.35379791259765625 26.003412246704101562 19.822820663452148438 28.784900665283203125 54.39759063720703125 66.65833282470703125 68.47045135498046875 70.12584686279296875 64.4736480712890625 60.020847320556640625 60.546512603759765625 57.64443206787109375 52.301113128662109375 55.273303985595703125 64.06410980224609375 57.00518035888671875
